T F 2    2    2    0    2    2    2    2    2    2    1    0    0   0.0000.00000
    1    1    1    0    0    0  50.00000   0.00000   0.00000   0.00000   0.00000
 -99.000 -99.000 -99.000
 -99.00000 -99.00000 -99.00000  2.922360  0.000710 ! H2O & O3 COLUMNS [GM/CM2]
   36MID-LATITUDE SUMMER 
  10.00000   3.00000 110.56362  20.00053   0.16832   0.00000    0        0.00000
    0    0  172    0
   0.00000   0.00000   0.00000  20.00194   0.00000 180.00000   0.00000   0.00000
    9091.0   14286.0      10.0      10.0NW              
    0   0    0.000  0    0.000  0    1.000
    FREQ  TOT_TRANS  PTH_THRML  THRML_SCT  SURF_EMIS   SOL_SCAT  SING_SCAT  GRND_RFLT  DRCT_RFLT  TOTAL_RAD  REF_SOL  SOL@OBS   DEPTH DIR_EM    TOA_SUN BBODY_T[K]
 9091.00 0.82892549 1.8140E-22 0.0000E+00 0.0000E+00 2.2097E-08 2.2097E-08 0.0000E+00 0.0000E+00 2.2097E-08 5.40E-06 6.89E-06   0.188 1.0000 6.9214E-06    746.717
 9101.00 0.85587370 1.4990E-22 0.0000E+00 0.0000E+00 2.1993E-08 2.1993E-08 0.0000E+00 0.0000E+00 2.1993E-08 5.47E-06 6.72E-06   0.156 1.0000 6.7529E-06    747.195
 9111.00 0.88479662 1.1233E-22 0.0000E+00 0.0000E+00 2.2486E-08 2.2486E-08 0.0000E+00 0.0000E+00 2.2486E-08 5.73E-06 6.74E-06   0.122 1.0000 6.7702E-06    748.823
 9121.00 0.88310301 1.0606E-22 0.0000E+00 0.0000E+00 2.2478E-08 2.2478E-08 0.0000E+00 0.0000E+00 2.2478E-08 5.71E-06 6.73E-06   0.124 1.0000 6.7570E-06    749.489
 9131.00 0.87733662 1.0716E-22 0.0000E+00 0.0000E+00 2.2335E-08 2.2335E-08 0.0000E+00 0.0000E+00 2.2335E-08 5.63E-06 6.69E-06   0.131 1.0000 6.7175E-06    749.897
 9141.00 0.90911901 7.4361E-23 0.0000E+00 0.0000E+00 2.1880E-08 2.1880E-08 0.0000E+00 0.0000E+00 2.1880E-08 5.64E-06 6.42E-06   0.095 1.0000 6.4440E-06    749.697
 9151.00 0.87638497 9.3727E-23 0.0000E+00 0.0000E+00 2.2902E-08 2.2902E-08 0.0000E+00 0.0000E+00 2.2902E-08 5.75E-06 6.83E-06   0.132 1.0000 6.8615E-06    752.334
 9161.00 0.93384373 4.4084E-23 0.0000E+00 0.0000E+00 2.3990E-08 2.3990E-08 0.0000E+00 0.0000E+00 2.3990E-08 6.29E-06 6.90E-06   0.068 1.0000 6.9345E-06    755.018
 9171.00 0.89749300 6.9729E-23 0.0000E+00 0.0000E+00 2.3756E-08 2.3756E-08 0.0000E+00 0.0000E+00 2.3756E-08 6.03E-06 6.96E-06   0.108 1.0000 6.9883E-06    755.275
 9181.00 0.91477573 5.5589E-23 0.0000E+00 0.0000E+00 2.3676E-08 2.3676E-08 0.0000E+00 0.0000E+00 2.3676E-08 6.07E-06 6.84E-06   0.089 1.0000 6.8738E-06    755.813
 9191.00 0.93221426 4.0082E-23 0.0000E+00 0.0000E+00 2.3905E-08 2.3905E-08 0.0000E+00 0.0000E+00 2.3905E-08 6.20E-06 6.82E-06   0.070 1.0000 6.8531E-06    756.910
 9201.00 0.90886992 5.2653E-23 0.0000E+00 0.0000E+00 2.3398E-08 2.3398E-08 0.0000E+00 0.0000E+00 2.3398E-08 5.94E-06 6.75E-06   0.096 1.0000 6.7792E-06    756.665
 9211.00 0.91072696 4.8911E-23 0.0000E+00 0.0000E+00 2.4350E-08 2.4350E-08 0.0000E+00 0.0000E+00 2.4350E-08 6.18E-06 7.00E-06   0.094 1.0000 7.0277E-06    759.075
 9221.00 0.92434174 3.9387E-23 0.0000E+00 0.0000E+00 2.4415E-08 2.4415E-08 0.0000E+00 0.0000E+00 2.4415E-08 6.24E-06 6.94E-06   0.079 1.0000 6.9689E-06    759.873
 9231.00 0.92154938 3.8566E-23 0.0000E+00 0.0000E+00 2.3824E-08 2.3824E-08 0.0000E+00 0.0000E+00 2.3824E-08 6.06E-06 6.76E-06   0.082 1.0000 6.7955E-06    759.491
 9241.00 0.93557066 2.8633E-23 0.0000E+00 0.0000E+00 2.4042E-08 2.4042E-08 0.0000E+00 0.0000E+00 2.4042E-08 6.17E-06 6.75E-06   0.067 1.0000 6.7842E-06    760.569
 9251.00 0.92370450 3.3795E-23 0.0000E+00 0.0000E+00 2.4372E-08 2.4372E-08 0.0000E+00 0.0000E+00 2.4372E-08 6.17E-06 6.87E-06   0.079 1.0000 6.9007E-06    761.844
 9261.00 0.92959708 2.8955E-23 0.0000E+00 0.0000E+00 2.4844E-08 2.4844E-08 0.0000E+00 0.0000E+00 2.4844E-08 6.31E-06 6.96E-06   0.073 1.0000 6.9947E-06    763.364
 9271.00 0.93961269 2.2514E-23 0.0000E+00 0.0000E+00 2.4623E-08 2.4623E-08 0.0000E+00 0.0000E+00 2.4623E-08 6.28E-06 6.84E-06   0.062 1.0000 6.8762E-06    763.656
 9281.00 0.92208844 3.0016E-23 0.0000E+00 0.0000E+00 2.5023E-08 2.5023E-08 0.0000E+00 0.0000E+00 2.5023E-08 6.27E-06 7.00E-06   0.081 1.0000 7.0330E-06    765.044
 9291.00 0.94034189 1.9693E-23 0.0000E+00 0.0000E+00 2.5257E-08 2.5257E-08 0.0000E+00 0.0000E+00 2.5257E-08 6.42E-06 6.98E-06   0.062 1.0000 7.0135E-06    766.134
 9301.00 0.93171614 2.2388E-23 0.0000E+00 0.0000E+00 2.4671E-08 2.4671E-08 0.0000E+00 0.0000E+00 2.4671E-08 6.20E-06 6.83E-06   0.071 1.0000 6.8637E-06    765.788
 9311.00 0.93521380 1.9642E-23 0.0000E+00 0.0000E+00 2.5214E-08 2.5214E-08 0.0000E+00 0.0000E+00 2.5214E-08 6.34E-06 6.95E-06   0.067 1.0000 6.9849E-06    767.425
 9321.00 0.93326384 1.9265E-23 0.0000E+00 0.0000E+00 2.4890E-08 2.4890E-08 0.0000E+00 0.0000E+00 2.4890E-08 6.23E-06 6.85E-06   0.069 1.0000 6.8861E-06    767.539
 9331.00 0.93311697 1.8086E-23 0.0000E+00 0.0000E+00 2.5391E-08 2.5391E-08 0.0000E+00 0.0000E+00 2.5391E-08 6.34E-06 6.97E-06   0.069 1.0000 7.0103E-06    769.099
 9341.00 0.93168199 1.7336E-23 0.0000E+00 0.0000E+00 2.5313E-08 2.5313E-08 0.0000E+00 0.0000E+00 2.5313E-08 6.30E-06 6.94E-06   0.071 1.0000 6.9794E-06    769.645
 9351.00 0.92713946 1.7810E-23 0.0000E+00 0.0000E+00 2.4312E-08 2.4312E-08 0.0000E+00 0.0000E+00 2.4312E-08 6.01E-06 6.67E-06   0.076 1.0000 6.7060E-06    768.552
 9361.00 0.92683178 1.6400E-23 0.0000E+00 0.0000E+00 2.5094E-08 2.5094E-08 0.0000E+00 0.0000E+00 2.5094E-08 6.19E-06 6.87E-06   0.076 1.0000 6.9146E-06    770.626
 9371.00 0.92521697 1.6007E-23 0.0000E+00 0.0000E+00 2.5469E-08 2.5469E-08 0.0000E+00 0.0000E+00 2.5469E-08 6.26E-06 6.96E-06   0.078 1.0000 7.0062E-06    771.964
 9381.00 0.92572349 1.4938E-23 0.0000E+00 0.0000E+00 2.5420E-08 2.5420E-08 0.0000E+00 0.0000E+00 2.5420E-08 6.23E-06 6.93E-06   0.077 1.0000 6.9727E-06    772.560
 9391.00 0.92496526 1.4485E-23 0.0000E+00 0.0000E+00 2.5922E-08 2.5922E-08 0.0000E+00 0.0000E+00 2.5922E-08 6.33E-06 7.05E-06   0.078 1.0000 7.0927E-06    774.109
 9401.00 0.92709339 1.3291E-23 0.0000E+00 0.0000E+00 2.5838E-08 2.5838E-08 0.0000E+00 0.0000E+00 2.5838E-08 6.30E-06 6.99E-06   0.076 1.0000 7.0394E-06    774.648
 9411.00 0.92770195 1.2660E-23 0.0000E+00 0.0000E+00 2.5871E-08 2.5871E-08 0.0000E+00 0.0000E+00 2.5871E-08 6.30E-06 6.98E-06   0.075 1.0000 7.0221E-06    775.387
 9421.00 0.92957872 1.1662E-23 0.0000E+00 0.0000E+00 2.5916E-08 2.5916E-08 0.0000E+00 0.0000E+00 2.5916E-08 6.30E-06 6.96E-06   0.073 1.0000 7.0055E-06    776.146
 9431.00 0.93046695 1.0956E-23 0.0000E+00 0.0000E+00 2.5868E-08 2.5868E-08 0.0000E+00 0.0000E+00 2.5868E-08 6.27E-06 6.93E-06   0.072 1.0000 6.9676E-06    776.745
 9441.00 0.93138689 1.0304E-23 0.0000E+00 0.0000E+00 2.5886E-08 2.5886E-08 0.0000E+00 0.0000E+00 2.5886E-08 6.27E-06 6.91E-06   0.071 1.0000 6.9484E-06    777.459
 9451.00 0.93292433 9.6022E-24 0.0000E+00 0.0000E+00 2.6088E-08 2.6088E-08 0.0000E+00 0.0000E+00 2.6088E-08 6.31E-06 6.94E-06   0.069 1.0000 6.9764E-06    778.488
 9461.00 0.93474460 8.8947E-24 0.0000E+00 0.0000E+00 2.6609E-08 2.6609E-08 0.0000E+00 0.0000E+00 2.6609E-08 6.43E-06 7.05E-06   0.067 1.0000 7.0891E-06    780.052
 9471.00 0.93633437 8.2758E-24 0.0000E+00 0.0000E+00 2.6709E-08 2.6709E-08 0.0000E+00 0.0000E+00 2.6709E-08 6.44E-06 7.05E-06   0.066 1.0000 7.0904E-06    780.904
 9481.00 0.93773210 7.7073E-24 0.0000E+00 0.0000E+00 2.6778E-08 2.6778E-08 0.0000E+00 0.0000E+00 2.6778E-08 6.45E-06 7.05E-06   0.064 1.0000 7.0848E-06    781.702
 9491.00 0.93880838 7.2077E-24 0.0000E+00 0.0000E+00 2.6642E-08 2.6642E-08 0.0000E+00 0.0000E+00 2.6642E-08 6.41E-06 6.99E-06   0.063 1.0000 7.0271E-06    782.156
 9501.00 0.93948144 6.7931E-24 0.0000E+00 0.0000E+00 2.6865E-08 2.6865E-08 0.0000E+00 0.0000E+00 2.6865E-08 6.45E-06 7.03E-06   0.062 1.0000 7.0663E-06    783.213
 9511.00 0.94024587 6.3947E-24 0.0000E+00 0.0000E+00 2.6968E-08 2.6968E-08 0.0000E+00 0.0000E+00 2.6968E-08 6.47E-06 7.04E-06   0.062 1.0000 7.0729E-06    784.066
 9521.00 0.94071400 6.0270E-24 0.0000E+00 0.0000E+00 2.7020E-08 2.7020E-08 0.0000E+00 0.0000E+00 2.7020E-08 6.47E-06 7.03E-06   0.061 1.0000 7.0689E-06    784.835
 9531.00 0.94094855 5.7097E-24 0.0000E+00 0.0000E+00 2.7141E-08 2.7141E-08 0.0000E+00 0.0000E+00 2.7141E-08 6.48E-06 7.05E-06   0.061 1.0000 7.0837E-06    785.720
 9541.00 0.94194353 5.3651E-24 0.0000E+00 0.0000E+00 2.7233E-08 2.7233E-08 0.0000E+00 0.0000E+00 2.7233E-08 6.49E-06 7.05E-06   0.060 1.0000 7.0847E-06    786.555
 9551.00 0.94218433 5.0888E-24 0.0000E+00 0.0000E+00 2.7044E-08 2.7044E-08 0.0000E+00 0.0000E+00 2.7044E-08 6.44E-06 6.98E-06   0.060 1.0000 7.0183E-06    786.923
 9561.00 0.94237965 4.8264E-24 0.0000E+00 0.0000E+00 2.6821E-08 2.6821E-08 0.0000E+00 0.0000E+00 2.6821E-08 6.37E-06 6.91E-06   0.059 1.0000 6.9440E-06    787.233
 9571.00 0.94247550 4.5906E-24 0.0000E+00 0.0000E+00 2.7385E-08 2.7385E-08 0.0000E+00 0.0000E+00 2.7385E-08 6.49E-06 7.04E-06   0.059 1.0000 7.0733E-06    788.853
 9581.00 0.94265532 4.3522E-24 0.0000E+00 0.0000E+00 2.7487E-08 2.7487E-08 0.0000E+00 0.0000E+00 2.7487E-08 6.50E-06 7.05E-06   0.059 1.0000 7.0833E-06    789.705
 9591.00 0.94259763 4.1516E-24 0.0000E+00 0.0000E+00 2.7365E-08 2.7365E-08 0.0000E+00 0.0000E+00 2.7365E-08 6.46E-06 7.00E-06   0.059 1.0000 7.0362E-06    790.185
 9601.00 0.94244754 3.9679E-24 0.0000E+00 0.0000E+00 2.7674E-08 2.7674E-08 0.0000E+00 0.0000E+00 2.7674E-08 6.51E-06 7.07E-06   0.059 1.0000 7.1006E-06    791.376
 9611.00 0.94254458 3.7644E-24 0.0000E+00 0.0000E+00 2.7572E-08 2.7572E-08 0.0000E+00 0.0000E+00 2.7572E-08 6.48E-06 7.02E-06   0.059 1.0000 7.0589E-06    791.892
 9621.00 0.94249684 3.5862E-24 0.0000E+00 0.0000E+00 2.7614E-08 2.7614E-08 0.0000E+00 0.0000E+00 2.7614E-08 6.47E-06 7.02E-06   0.059 1.0000 7.0542E-06    792.643
 9631.00 0.94249469 3.4156E-24 0.0000E+00 0.0000E+00 2.7657E-08 2.7657E-08 0.0000E+00 0.0000E+00 2.7657E-08 6.47E-06 7.01E-06   0.059 1.0000 7.0494E-06    793.396
 9641.00 0.94227117 3.2597E-24 0.0000E+00 0.0000E+00 2.7532E-08 2.7532E-08 0.0000E+00 0.0000E+00 2.7532E-08 6.42E-06 6.97E-06   0.059 1.0000 7.0036E-06    793.872
 9651.00 0.94229031 3.1119E-24 0.0000E+00 0.0000E+00 2.8015E-08 2.8015E-08 0.0000E+00 0.0000E+00 2.8015E-08 6.52E-06 7.07E-06   0.059 1.0000 7.1097E-06    795.345
 9661.00 0.94259602 2.9394E-24 0.0000E+00 0.0000E+00 2.7750E-08 2.7750E-08 0.0000E+00 0.0000E+00 2.7750E-08 6.45E-06 6.99E-06   0.059 1.0000 7.0258E-06    795.596
 9671.00 0.94224536 2.8234E-24 0.0000E+00 0.0000E+00 2.7813E-08 2.7813E-08 0.0000E+00 0.0000E+00 2.7813E-08 6.44E-06 6.99E-06   0.059 1.0000 7.0276E-06    796.381
 9681.00 0.94221735 2.6893E-24 0.0000E+00 0.0000E+00 2.7796E-08 2.7796E-08 0.0000E+00 0.0000E+00 2.7796E-08 6.43E-06 6.97E-06   0.060 1.0000 7.0080E-06    797.035
 9691.00 0.94175255 2.5873E-24 0.0000E+00 0.0000E+00 2.8246E-08 2.8246E-08 0.0000E+00 0.0000E+00 2.8246E-08 6.51E-06 7.07E-06   0.060 1.0000 7.1079E-06    798.451
 9701.00 0.94141567 2.4869E-24 0.0000E+00 0.0000E+00 2.8263E-08 2.8263E-08 0.0000E+00 0.0000E+00 2.8263E-08 6.50E-06 7.06E-06   0.060 1.0000 7.0980E-06    799.161
 9711.00 0.94147182 2.3606E-24 0.0000E+00 0.0000E+00 2.8264E-08 2.8264E-08 0.0000E+00 0.0000E+00 2.8264E-08 6.49E-06 7.05E-06   0.060 1.0000 7.0827E-06    799.844
 9721.00 0.93980855 2.3449E-24 0.0000E+00 0.0000E+00 2.8324E-08 2.8324E-08 0.0000E+00 0.0000E+00 2.8324E-08 6.48E-06 7.05E-06   0.062 1.0000 7.0883E-06    800.624
 9731.00 0.93800926 2.3273E-24 0.0000E+00 0.0000E+00 2.8518E-08 2.8518E-08 0.0000E+00 0.0000E+00 2.8518E-08 6.50E-06 7.09E-06   0.064 1.0000 7.1280E-06    801.618
 9741.00 0.94004464 2.1059E-24 0.0000E+00 0.0000E+00 2.8556E-08 2.8556E-08 0.0000E+00 0.0000E+00 2.8556E-08 6.50E-06 7.08E-06   0.062 1.0000 7.1148E-06    802.363
 9751.00 0.93971229 2.0192E-24 0.0000E+00 0.0000E+00 2.8656E-08 2.8656E-08 0.0000E+00 0.0000E+00 2.8656E-08 6.51E-06 7.09E-06   0.062 1.0000 7.1256E-06    803.205
 9761.00 0.93783855 2.0015E-24 0.0000E+00 0.0000E+00 2.8635E-08 2.8635E-08 0.0000E+00 0.0000E+00 2.8635E-08 6.48E-06 7.08E-06   0.064 1.0000 7.1121E-06    803.854
 9771.00 0.93389374 2.0902E-24 0.0000E+00 0.0000E+00 2.8686E-08 2.8686E-08 0.0000E+00 0.0000E+00 2.8686E-08 6.45E-06 7.09E-06   0.068 1.0000 7.1242E-06    804.617
 9781.00 0.93890107 1.7686E-24 0.0000E+00 0.0000E+00 2.8502E-08 2.8502E-08 0.0000E+00 0.0000E+00 2.8502E-08 6.43E-06 7.01E-06   0.063 1.0000 7.0450E-06    805.003
 9791.00 0.93893242 1.6840E-24 0.0000E+00 0.0000E+00 2.8539E-08 2.8539E-08 0.0000E+00 0.0000E+00 2.8539E-08 6.42E-06 7.00E-06   0.063 1.0000 7.0386E-06    805.745
 9801.00 0.93904424 1.5926E-24 0.0000E+00 0.0000E+00 2.8669E-08 2.8669E-08 0.0000E+00 0.0000E+00 2.8669E-08 6.44E-06 7.02E-06   0.063 1.0000 7.0554E-06    806.637
 9811.00 0.93450350 1.6828E-24 0.0000E+00 0.0000E+00 2.8350E-08 2.8350E-08 0.0000E+00 0.0000E+00 2.8350E-08 6.33E-06 6.94E-06   0.068 1.0000 6.9787E-06    806.802
 9821.00 0.94021714 1.3998E-24 0.0000E+00 0.0000E+00 2.8840E-08 2.8840E-08 0.0000E+00 0.0000E+00 2.8840E-08 6.46E-06 7.03E-06   0.062 1.0000 7.0623E-06    808.275
 9831.00 0.93818468 1.4012E-24 0.0000E+00 0.0000E+00 2.8930E-08 2.8930E-08 0.0000E+00 0.0000E+00 2.8930E-08 6.45E-06 7.04E-06   0.064 1.0000 7.0767E-06    809.101
 9841.00 0.93918854 1.2970E-24 0.0000E+00 0.0000E+00 2.8920E-08 2.8920E-08 0.0000E+00 0.0000E+00 2.8920E-08 6.44E-06 7.02E-06   0.063 1.0000 7.0554E-06    809.766
 9851.00 0.93699789 1.3000E-24 0.0000E+00 0.0000E+00 2.8932E-08 2.8932E-08 0.0000E+00 0.0000E+00 2.8932E-08 6.42E-06 7.01E-06   0.065 1.0000 7.0514E-06    810.467
 9861.00 0.93833548 1.2004E-24 0.0000E+00 0.0000E+00 2.9229E-08 2.9229E-08 0.0000E+00 0.0000E+00 2.9229E-08 6.48E-06 7.07E-06   0.064 1.0000 7.1034E-06    811.623
 9871.00 0.93855244 1.1327E-24 0.0000E+00 0.0000E+00 2.9324E-08 2.9324E-08 0.0000E+00 0.0000E+00 2.9324E-08 6.48E-06 7.07E-06   0.063 1.0000 7.1106E-06    812.454
 9881.00 0.93505496 1.1678E-24 0.0000E+00 0.0000E+00 2.9339E-08 2.9339E-08 0.0000E+00 0.0000E+00 2.9339E-08 6.45E-06 7.07E-06   0.067 1.0000 7.1125E-06    813.160
 9891.00 0.93767351 1.0469E-24 0.0000E+00 0.0000E+00 2.9452E-08 2.9452E-08 0.0000E+00 0.0000E+00 2.9452E-08 6.48E-06 7.08E-06   0.064 1.0000 7.1147E-06    814.021
 9901.00 0.92984962 1.1747E-24 0.0000E+00 0.0000E+00 2.9452E-08 2.9452E-08 0.0000E+00 0.0000E+00 2.9452E-08 6.42E-06 7.09E-06   0.073 1.0000 7.1297E-06    814.702
 9911.00 0.92908132 1.1378E-24 0.0000E+00 0.0000E+00 2.9420E-08 2.9420E-08 0.0000E+00 0.0000E+00 2.9420E-08 6.39E-06 7.07E-06   0.074 1.0000 7.1100E-06    815.333
 9921.00 0.93415588 9.7577E-25 0.0000E+00 0.0000E+00 2.9593E-08 2.9593E-08 0.0000E+00 0.0000E+00 2.9593E-08 6.45E-06 7.08E-06   0.068 1.0000 7.1166E-06    816.289
 9931.00 0.93710178 8.6763E-25 0.0000E+00 0.0000E+00 2.9529E-08 2.9529E-08 0.0000E+00 0.0000E+00 2.9529E-08 6.44E-06 7.04E-06   0.065 1.0000 7.0750E-06    816.869
 9941.00 0.93561947 8.5337E-25 0.0000E+00 0.0000E+00 2.8588E-08 2.8588E-08 0.0000E+00 0.0000E+00 2.8588E-08 6.21E-06 6.80E-06   0.067 1.0000 6.8405E-06    816.040
 9951.00 0.93561196 8.1359E-25 0.0000E+00 0.0000E+00 2.8047E-08 2.8047E-08 0.0000E+00 0.0000E+00 2.8047E-08 6.08E-06 6.66E-06   0.067 1.0000 6.6965E-06    815.831
 9961.00 0.93386662 8.0369E-25 0.0000E+00 0.0000E+00 2.9440E-08 2.9440E-08 0.0000E+00 0.0000E+00 2.9440E-08 6.36E-06 6.98E-06   0.068 1.0000 7.0208E-06    818.772
 9971.00 0.93417245 7.5747E-25 0.0000E+00 0.0000E+00 2.9795E-08 2.9795E-08 0.0000E+00 0.0000E+00 2.9795E-08 6.42E-06 7.05E-06   0.068 1.0000 7.0893E-06    820.015
 9981.00 0.92413276 8.7914E-25 0.0000E+00 0.0000E+00 2.9933E-08 2.9933E-08 0.0000E+00 0.0000E+00 2.9933E-08 6.38E-06 7.11E-06   0.079 1.0000 7.1451E-06    820.913
 9991.00 0.93657392 6.5072E-25 0.0000E+00 0.0000E+00 3.0168E-08 3.0168E-08 0.0000E+00 0.0000E+00 3.0168E-08 6.49E-06 7.10E-06   0.066 1.0000 7.1388E-06    821.961
10001.00 0.93353975 6.6321E-25 0.0000E+00 0.0000E+00 3.0033E-08 3.0033E-08 0.0000E+00 0.0000E+00 3.0033E-08 6.43E-06 7.06E-06   0.069 1.0000 7.1031E-06    822.432
10011.00 0.93517017 6.0864E-25 0.0000E+00 0.0000E+00 3.0173E-08 3.0173E-08 0.0000E+00 0.0000E+00 3.0173E-08 6.45E-06 7.08E-06   0.067 1.0000 7.1150E-06    823.332
10021.00 0.93560046 5.7140E-25 0.0000E+00 0.0000E+00 3.0310E-08 3.0310E-08 0.0000E+00 0.0000E+00 3.0310E-08 6.47E-06 7.09E-06   0.067 1.0000 7.1310E-06    824.226
10031.00 0.93604380 5.3919E-25 0.0000E+00 0.0000E+00 3.0385E-08 3.0385E-08 0.0000E+00 0.0000E+00 3.0385E-08 6.48E-06 7.09E-06   0.066 1.0000 7.1318E-06    825.025
10041.00 0.93548179 5.1992E-25 0.0000E+00 0.0000E+00 3.0374E-08 3.0374E-08 0.0000E+00 0.0000E+00 3.0374E-08 6.46E-06 7.08E-06   0.067 1.0000 7.1164E-06    825.690
10051.00 0.93632507 4.8346E-25 0.0000E+00 0.0000E+00 3.0461E-08 3.0461E-08 0.0000E+00 0.0000E+00 3.0461E-08 6.47E-06 7.08E-06   0.066 1.0000 7.1191E-06    826.505
10061.00 0.93419796 4.8400E-25 0.0000E+00 0.0000E+00 3.0537E-08 3.0537E-08 0.0000E+00 0.0000E+00 3.0537E-08 6.46E-06 7.09E-06   0.068 1.0000 7.1296E-06    827.305
10071.00 0.92288071 5.8142E-25 0.0000E+00 0.0000E+00 3.0396E-08 3.0396E-08 0.0000E+00 0.0000E+00 3.0396E-08 6.35E-06 7.08E-06   0.080 1.0000 7.1221E-06    827.767
10081.00 0.93267387 4.5339E-25 0.0000E+00 0.0000E+00 3.0527E-08 3.0527E-08 0.0000E+00 0.0000E+00 3.0527E-08 6.42E-06 7.06E-06   0.070 1.0000 7.1031E-06    828.651
10091.00 0.92786402 4.7700E-25 0.0000E+00 0.0000E+00 3.0438E-08 3.0438E-08 0.0000E+00 0.0000E+00 3.0438E-08 6.36E-06 7.04E-06   0.075 1.0000 7.0846E-06    829.194
10101.00 0.91852206 5.4534E-25 0.0000E+00 0.0000E+00 3.0162E-08 3.0162E-08 0.0000E+00 0.0000E+00 3.0162E-08 6.23E-06 7.00E-06   0.085 1.0000 7.0367E-06    829.444
10111.00 0.93112719 4.0585E-25 0.0000E+00 0.0000E+00 3.0342E-08 3.0342E-08 0.0000E+00 0.0000E+00 3.0342E-08 6.33E-06 6.98E-06   0.071 1.0000 7.0192E-06    830.406
10121.00 0.91739094 4.9338E-25 0.0000E+00 0.0000E+00 3.0584E-08 3.0584E-08 0.0000E+00 0.0000E+00 3.0584E-08 6.29E-06 7.07E-06   0.086 1.0000 7.1091E-06    831.464
10131.00 0.91194504 5.1742E-25 0.0000E+00 0.0000E+00 3.0419E-08 3.0419E-08 0.0000E+00 0.0000E+00 3.0419E-08 6.21E-06 7.03E-06   0.092 1.0000 7.0756E-06    831.887
10141.00 0.92254460 4.1252E-25 0.0000E+00 0.0000E+00 3.0672E-08 3.0672E-08 0.0000E+00 0.0000E+00 3.0672E-08 6.31E-06 7.04E-06   0.081 1.0000 7.0813E-06    832.962
10151.00 0.88332742 6.3911E-25 0.0000E+00 0.0000E+00 3.0232E-08 3.0232E-08 0.0000E+00 0.0000E+00 3.0232E-08 6.00E-06 7.07E-06   0.124 1.0000 7.1130E-06    832.956
10161.00 0.89525944 5.4702E-25 0.0000E+00 0.0000E+00 3.0397E-08 3.0397E-08 0.0000E+00 0.0000E+00 3.0397E-08 6.08E-06 7.05E-06   0.111 1.0000 7.0884E-06    833.894
10171.00 0.86772096 6.5428E-25 0.0000E+00 0.0000E+00 2.9983E-08 2.9983E-08 0.0000E+00 0.0000E+00 2.9983E-08 5.86E-06 7.05E-06   0.142 1.0000 7.0885E-06    833.923
10181.00 0.86401784 6.5846E-25 0.0000E+00 0.0000E+00 3.0146E-08 3.0146E-08 0.0000E+00 0.0000E+00 3.0146E-08 5.84E-06 7.08E-06   0.146 1.0000 7.1238E-06    834.860
10191.00 0.88141125 5.3768E-25 0.0000E+00 0.0000E+00 3.0537E-08 3.0537E-08 0.0000E+00 0.0000E+00 3.0537E-08 5.99E-06 7.09E-06   0.126 1.0000 7.1342E-06    836.153
10201.00 0.82194507 7.4134E-25 0.0000E+00 0.0000E+00 2.9246E-08 2.9246E-08 0.0000E+00 0.0000E+00 2.9246E-08 5.47E-06 7.03E-06   0.196 1.0000 7.0727E-06    834.778
10211.00 0.80579209 7.7734E-25 0.0000E+00 0.0000E+00 2.8860E-08 2.8860E-08 0.0000E+00 0.0000E+00 2.8860E-08 5.30E-06 6.99E-06   0.216 1.0000 7.0352E-06    834.826
10221.00 0.81124705 7.0431E-25 0.0000E+00 0.0000E+00 2.9059E-08 2.9059E-08 0.0000E+00 0.0000E+00 2.9059E-08 5.37E-06 7.00E-06   0.209 1.0000 7.0526E-06    835.830
10231.00 0.85071939 5.4074E-25 0.0000E+00 0.0000E+00 3.0003E-08 3.0003E-08 0.0000E+00 0.0000E+00 3.0003E-08 5.71E-06 7.04E-06   0.162 1.0000 7.0865E-06    838.032
10241.00 0.75864708 8.3102E-25 0.0000E+00 0.0000E+00 2.8198E-08 2.8198E-08 0.0000E+00 0.0000E+00 2.8198E-08 4.93E-06 6.98E-06   0.276 1.0000 7.0343E-06    835.758
10251.00 0.77666402 7.0428E-25 0.0000E+00 0.0000E+00 2.8800E-08 2.8800E-08 0.0000E+00 0.0000E+00 2.8800E-08 5.14E-06 7.06E-06   0.253 1.0000 7.1175E-06    837.439
10261.00 0.77400470 6.8754E-25 0.0000E+00 0.0000E+00 2.8359E-08 2.8359E-08 0.0000E+00 0.0000E+00 2.8359E-08 5.02E-06 6.95E-06   0.256 1.0000 7.0004E-06    837.383
10271.00 0.77118802 6.8134E-25 0.0000E+00 0.0000E+00 2.8557E-08 2.8557E-08 0.0000E+00 0.0000E+00 2.8557E-08 5.02E-06 6.97E-06   0.260 1.0000 7.0253E-06    838.391
10281.00 0.81679928 5.1362E-25 0.0000E+00 0.0000E+00 2.9752E-08 2.9752E-08 0.0000E+00 0.0000E+00 2.9752E-08 5.44E-06 7.06E-06   0.202 1.0000 7.1074E-06    841.024
10291.00 0.83362025 4.2144E-25 0.0000E+00 0.0000E+00 3.0110E-08 3.0110E-08 0.0000E+00 0.0000E+00 3.0110E-08 5.61E-06 7.07E-06   0.182 1.0000 7.1198E-06    842.275
10301.00 0.84030861 3.9298E-25 0.0000E+00 0.0000E+00 3.0073E-08 3.0073E-08 0.0000E+00 0.0000E+00 3.0073E-08 5.60E-06 7.01E-06   0.174 1.0000 7.0598E-06    842.894
10311.00 0.83220744 4.2001E-25 0.0000E+00 0.0000E+00 3.0286E-08 3.0286E-08 0.0000E+00 0.0000E+00 3.0286E-08 5.56E-06 7.06E-06   0.184 1.0000 7.1065E-06    843.912
10321.00 0.82370937 4.2189E-25 0.0000E+00 0.0000E+00 3.0095E-08 3.0095E-08 0.0000E+00 0.0000E+00 3.0095E-08 5.46E-06 7.03E-06   0.194 1.0000 7.0834E-06    844.288
10331.00 0.82124978 3.7305E-25 0.0000E+00 0.0000E+00 2.9778E-08 2.9778E-08 0.0000E+00 0.0000E+00 2.9778E-08 5.44E-06 6.99E-06   0.197 1.0000 7.0410E-06    844.458
10341.00 0.69610417 6.0774E-25 0.0000E+00 0.0000E+00 2.7689E-08 2.7689E-08 0.0000E+00 0.0000E+00 2.7689E-08 4.47E-06 7.02E-06   0.362 1.0000 7.0807E-06    841.659
10351.00 0.68031871 6.2412E-25 0.0000E+00 0.0000E+00 2.6949E-08 2.6949E-08 0.0000E+00 0.0000E+00 2.6949E-08 4.24E-06 6.89E-06   0.385 1.0000 6.9482E-06    841.046
10361.00 0.68099153 5.8476E-25 0.0000E+00 0.0000E+00 2.7411E-08 2.7411E-08 0.0000E+00 0.0000E+00 2.7411E-08 4.33E-06 6.98E-06   0.384 1.0000 7.0420E-06    842.529
10371.00 0.63303888 6.0403E-25 0.0000E+00 0.0000E+00 2.6397E-08 2.6397E-08 0.0000E+00 0.0000E+00 2.6397E-08 4.00E-06 6.96E-06   0.457 1.0000 7.0259E-06    841.412
10381.00 0.69824058 5.1084E-25 0.0000E+00 0.0000E+00 2.7890E-08 2.7890E-08 0.0000E+00 0.0000E+00 2.7890E-08 4.46E-06 6.97E-06   0.359 1.0000 7.0297E-06    844.706
10391.00 0.58105528 6.1719E-25 0.0000E+00 0.0000E+00 2.5376E-08 2.5376E-08 0.0000E+00 0.0000E+00 2.5376E-08 3.58E-06 6.94E-06   0.543 1.0000 7.0152E-06    840.889
10401.00 0.66810352 4.9658E-25 0.0000E+00 0.0000E+00 2.7752E-08 2.7752E-08 0.0000E+00 0.0000E+00 2.7752E-08 4.29E-06 7.06E-06   0.403 1.0000 7.1156E-06    845.819
10411.00 0.61925352 5.2509E-25 0.0000E+00 0.0000E+00 2.6277E-08 2.6277E-08 0.0000E+00 0.0000E+00 2.6277E-08 3.84E-06 6.94E-06   0.479 1.0000 7.0090E-06    843.891
10421.00 0.51033747 5.9817E-25 0.0000E+00 0.0000E+00 2.4364E-08 2.4364E-08 0.0000E+00 0.0000E+00 2.4364E-08 3.09E-06 7.03E-06   0.673 1.0000 7.1097E-06    840.983
10431.00 0.57675523 5.0280E-25 0.0000E+00 0.0000E+00 2.5859E-08 2.5859E-08 0.0000E+00 0.0000E+00 2.5859E-08 3.61E-06 7.05E-06   0.550 1.0000 7.1282E-06    844.474
10441.00 0.66105485 4.0350E-25 0.0000E+00 0.0000E+00 2.7332E-08 2.7332E-08 0.0000E+00 0.0000E+00 2.7332E-08 4.17E-06 6.97E-06   0.414 1.0000 7.0319E-06    847.791
10451.00 0.51963907 5.0871E-25 0.0000E+00 0.0000E+00 2.4435E-08 2.4435E-08 0.0000E+00 0.0000E+00 2.4435E-08 3.12E-06 6.95E-06   0.655 1.0000 7.0411E-06    843.135
10461.00 0.51526880 4.8725E-25 0.0000E+00 0.0000E+00 2.4340E-08 2.4340E-08 0.0000E+00 0.0000E+00 2.4340E-08 3.09E-06 6.93E-06   0.663 1.0000 7.0152E-06    843.621
10471.00 0.54853338 4.3902E-25 0.0000E+00 0.0000E+00 2.3767E-08 2.3767E-08 0.0000E+00 0.0000E+00 2.3767E-08 3.16E-06 6.56E-06   0.601 1.0000 6.6482E-06    843.165
10481.00 0.58052349 3.9530E-25 0.0000E+00 0.0000E+00 2.5534E-08 2.5534E-08 0.0000E+00 0.0000E+00 2.5534E-08 3.53E-06 6.85E-06   0.544 1.0000 6.9292E-06    847.236
10491.00 0.52930230 4.0866E-25 0.0000E+00 0.0000E+00 2.4898E-08 2.4898E-08 0.0000E+00 0.0000E+00 2.4898E-08 3.20E-06 6.97E-06   0.636 1.0000 7.0576E-06    846.707
10501.00 0.41153431 4.4353E-25 0.0000E+00 0.0000E+00 2.2209E-08 2.2209E-08 0.0000E+00 0.0000E+00 2.2209E-08 2.37E-06 6.97E-06   0.888 1.0000 7.1082E-06    841.983
10511.00 0.64768100 3.1480E-25 0.0000E+00 0.0000E+00 2.7845E-08 2.7845E-08 0.0000E+00 0.0000E+00 2.7845E-08 4.05E-06 7.02E-06   0.434 1.0000 7.0870E-06    853.404
10521.00 0.45076749 3.6693E-25 0.0000E+00 0.0000E+00 2.3028E-08 2.3028E-08 0.0000E+00 0.0000E+00 2.3028E-08 2.68E-06 6.95E-06   0.797 1.0000 7.0837E-06    845.023
10531.00 0.47272193 3.4264E-25 0.0000E+00 0.0000E+00 2.3794E-08 2.3794E-08 0.0000E+00 0.0000E+00 2.3794E-08 2.86E-06 7.01E-06   0.749 1.0000 7.1337E-06    847.239
10541.00 0.51472437 3.0597E-25 0.0000E+00 0.0000E+00 2.4713E-08 2.4713E-08 0.0000E+00 0.0000E+00 2.4713E-08 3.15E-06 7.00E-06   0.664 1.0000 7.1238E-06    849.709
10551.00 0.46939662 3.1979E-25 0.0000E+00 0.0000E+00 2.3896E-08 2.3896E-08 0.0000E+00 0.0000E+00 2.3896E-08 2.81E-06 7.00E-06   0.756 1.0000 7.1123E-06    848.781
10561.00 0.48058879 3.0536E-25 0.0000E+00 0.0000E+00 2.4142E-08 2.4142E-08 0.0000E+00 0.0000E+00 2.4142E-08 2.86E-06 6.97E-06   0.733 1.0000 7.0759E-06    849.936
10571.00 0.41115803 2.9327E-25 0.0000E+00 0.0000E+00 2.2081E-08 2.2081E-08 0.0000E+00 0.0000E+00 2.2081E-08 2.39E-06 6.91E-06   0.889 1.0000 7.0632E-06    846.383
10581.00 0.51879084 2.6236E-25 0.0000E+00 0.0000E+00 2.4834E-08 2.4834E-08 0.0000E+00 0.0000E+00 2.4834E-08 3.09E-06 6.91E-06   0.656 1.0000 7.0083E-06    852.624
10591.00 0.38599539 2.6721E-25 0.0000E+00 0.0000E+00 2.0903E-08 2.0903E-08 0.0000E+00 0.0000E+00 2.0903E-08 2.17E-06 6.73E-06   0.952 1.0000 6.9242E-06    845.138
10601.00 0.45430401 2.3681E-25 0.0000E+00 0.0000E+00 2.2881E-08 2.2881E-08 0.0000E+00 0.0000E+00 2.2881E-08 2.66E-06 6.83E-06   0.789 1.0000 7.0103E-06    850.065
10611.00 0.52384359 2.2328E-25 0.0000E+00 0.0000E+00 2.4901E-08 2.4901E-08 0.0000E+00 0.0000E+00 2.4901E-08 3.10E-06 6.87E-06   0.647 1.0000 7.0013E-06    854.763
10621.00 0.55696070 2.1450E-25 0.0000E+00 0.0000E+00 2.4813E-08 2.4813E-08 0.0000E+00 0.0000E+00 2.4813E-08 3.15E-06 6.60E-06   0.585 1.0000 6.6904E-06    855.263
10631.00 0.55527925 2.0746E-25 0.0000E+00 0.0000E+00 2.5852E-08 2.5852E-08 0.0000E+00 0.0000E+00 2.5852E-08 3.27E-06 6.84E-06   0.588 1.0000 6.9249E-06    857.904
10641.00 0.66314811 1.5687E-25 0.0000E+00 0.0000E+00 2.8782E-08 2.8782E-08 0.0000E+00 0.0000E+00 2.8782E-08 4.17E-06 7.00E-06   0.411 1.0000 7.0679E-06    863.775
10651.00 0.47136828 1.8290E-25 0.0000E+00 0.0000E+00 2.3984E-08 2.3984E-08 0.0000E+00 0.0000E+00 2.3984E-08 2.82E-06 6.95E-06   0.752 1.0000 7.0860E-06    855.648
10661.00 0.34107271 2.0385E-25 0.0000E+00 0.0000E+00 2.0847E-08 2.0847E-08 0.0000E+00 0.0000E+00 2.0847E-08 1.88E-06 6.90E-06   1.076 1.0000 7.1135E-06    849.667
10671.00 0.33066559 2.0080E-25 0.0000E+00 0.0000E+00 2.0753E-08 2.0753E-08 0.0000E+00 0.0000E+00 2.0753E-08 1.80E-06 6.90E-06   1.107 1.0000 7.1053E-06    850.119
10681.00 0.35812989 1.7783E-25 0.0000E+00 0.0000E+00 2.0980E-08 2.0980E-08 0.0000E+00 0.0000E+00 2.0980E-08 1.99E-06 6.84E-06   1.027 1.0000 7.0271E-06    851.295
10691.00 0.40202543 1.5586E-25 0.0000E+00 0.0000E+00 2.2062E-08 2.2062E-08 0.0000E+00 0.0000E+00 2.2062E-08 2.32E-06 6.88E-06   0.911 1.0000 7.0496E-06    854.339
10701.00 0.25702628 1.6294E-25 0.0000E+00 0.0000E+00 1.8469E-08 1.8469E-08 0.0000E+00 0.0000E+00 1.8469E-08 1.38E-06 6.87E-06   1.359 1.0000 7.1224E-06    846.649
10711.00 0.34258816 1.7075E-25 0.0000E+00 0.0000E+00 2.1732E-08 2.1732E-08 0.0000E+00 0.0000E+00 2.1732E-08 1.89E-06 6.98E-06   1.071 1.0000 7.1299E-06    854.955
10721.00 0.38295972 1.5529E-25 0.0000E+00 0.0000E+00 2.2707E-08 2.2707E-08 0.0000E+00 0.0000E+00 2.2707E-08 2.17E-06 6.98E-06   0.960 1.0000 7.1129E-06    857.710
10731.00 0.42442685 1.2954E-25 0.0000E+00 0.0000E+00 2.3267E-08 2.3267E-08 0.0000E+00 0.0000E+00 2.3267E-08 2.51E-06 6.96E-06   0.857 1.0000 7.0795E-06    859.539
10741.00 0.54962611 1.1433E-25 0.0000E+00 0.0000E+00 2.6931E-08 2.6931E-08 0.0000E+00 0.0000E+00 2.6931E-08 3.39E-06 7.03E-06   0.599 1.0000 7.1186E-06    867.267
10751.00 0.59603232 1.0568E-25 0.0000E+00 0.0000E+00 2.8232E-08 2.8232E-08 0.0000E+00 0.0000E+00 2.8232E-08 3.70E-06 7.02E-06   0.517 1.0000 7.0904E-06    870.243
10761.00 0.67621142 8.8129E-26 0.0000E+00 0.0000E+00 2.9947E-08 2.9947E-08 0.0000E+00 0.0000E+00 2.9947E-08 4.25E-06 6.98E-06   0.391 1.0000 7.0349E-06    873.813
10771.00 0.68985331 7.9757E-26 0.0000E+00 0.0000E+00 3.0606E-08 3.0606E-08 0.0000E+00 0.0000E+00 3.0606E-08 4.41E-06 7.07E-06   0.371 1.0000 7.1304E-06    875.563
10781.00 0.78082454 5.5911E-26 0.0000E+00 0.0000E+00 3.2559E-08 3.2559E-08 0.0000E+00 0.0000E+00 3.2559E-08 5.13E-06 7.09E-06   0.247 1.0000 7.1406E-06    879.311
10791.00 0.83758783 3.8958E-26 0.0000E+00 0.0000E+00 3.3079E-08 3.3079E-08 0.0000E+00 0.0000E+00 3.3079E-08 5.49E-06 6.95E-06   0.177 1.0000 6.9990E-06    880.779
10801.00 0.83198595 3.7833E-26 0.0000E+00 0.0000E+00 3.2146E-08 3.2146E-08 0.0000E+00 0.0000E+00 3.2146E-08 5.30E-06 6.77E-06   0.184 1.0000 6.8221E-06    880.027
10811.00 0.80666423 4.0057E-26 0.0000E+00 0.0000E+00 3.2430E-08 3.2430E-08 0.0000E+00 0.0000E+00 3.2430E-08 5.24E-06 6.93E-06   0.215 1.0000 6.9842E-06    881.142
10821.00 0.80060917 4.1271E-26 0.0000E+00 0.0000E+00 3.2198E-08 3.2198E-08 0.0000E+00 0.0000E+00 3.2198E-08 5.13E-06 6.87E-06   0.222 1.0000 6.9254E-06    881.461
10831.00 0.83436185 3.1930E-26 0.0000E+00 0.0000E+00 3.1602E-08 3.1602E-08 0.0000E+00 0.0000E+00 3.1602E-08 5.20E-06 6.61E-06   0.181 1.0000 6.6572E-06    881.205
10841.00 0.84543669 2.6615E-26 0.0000E+00 0.0000E+00 3.2921E-08 3.2921E-08 0.0000E+00 0.0000E+00 3.2921E-08 5.50E-06 6.84E-06   0.168 1.0000 6.8867E-06    883.924
10851.00 0.81705415 3.0957E-26 0.0000E+00 0.0000E+00 3.2245E-08 3.2245E-08 0.0000E+00 0.0000E+00 3.2245E-08 5.23E-06 6.79E-06   0.202 1.0000 6.8426E-06    883.562
10861.00 0.86523902 2.1942E-26 0.0000E+00 0.0000E+00 3.3989E-08 3.3989E-08 0.0000E+00 0.0000E+00 3.3989E-08 5.72E-06 6.94E-06   0.145 1.0000 6.9906E-06    886.882
10871.00 0.80245018 2.8898E-26 0.0000E+00 0.0000E+00 3.3204E-08 3.3204E-08 0.0000E+00 0.0000E+00 3.3204E-08 5.32E-06 7.04E-06   0.220 1.0000 7.0910E-06    886.383
10881.00 0.81330585 2.6500E-26 0.0000E+00 0.0000E+00 3.3695E-08 3.3695E-08 0.0000E+00 0.0000E+00 3.3695E-08 5.42E-06 7.08E-06   0.207 1.0000 7.1322E-06    887.798
10891.00 0.73120040 3.5351E-26 0.0000E+00 0.0000E+00 3.1783E-08 3.1783E-08 0.0000E+00 0.0000E+00 3.1783E-08 4.74E-06 7.03E-06   0.313 1.0000 7.0869E-06    885.543
10901.00 0.72072840 3.6206E-26 0.0000E+00 0.0000E+00 3.1437E-08 3.1437E-08 0.0000E+00 0.0000E+00 3.1437E-08 4.60E-06 6.97E-06   0.327 1.0000 7.0299E-06    885.670
10911.00 0.78774655 2.6578E-26 0.0000E+00 0.0000E+00 3.3314E-08 3.3314E-08 0.0000E+00 0.0000E+00 3.3314E-08 5.19E-06 7.06E-06   0.239 1.0000 7.1167E-06    889.256
10921.00 0.65806609 3.7086E-26 0.0000E+00 0.0000E+00 3.0505E-08 3.0505E-08 0.0000E+00 0.0000E+00 3.0505E-08 4.21E-06 7.07E-06   0.418 1.0000 7.1418E-06    885.515
10931.00 0.80089796 2.3679E-26 0.0000E+00 0.0000E+00 3.3509E-08 3.3509E-08 0.0000E+00 0.0000E+00 3.3509E-08 5.22E-06 7.00E-06   0.222 1.0000 7.0585E-06    890.905
10941.00 0.69594836 2.9610E-26 0.0000E+00 0.0000E+00 3.1578E-08 3.1578E-08 0.0000E+00 0.0000E+00 3.1578E-08 4.53E-06 7.11E-06   0.362 1.0000 7.1797E-06    888.594
10951.00 0.69662273 2.9844E-26 0.0000E+00 0.0000E+00 3.1982E-08 3.1982E-08 0.0000E+00 0.0000E+00 3.1982E-08 4.54E-06 7.15E-06   0.362 1.0000 7.2169E-06    889.906
10961.00 0.76760542 2.1168E-26 0.0000E+00 0.0000E+00 3.2826E-08 3.2826E-08 0.0000E+00 0.0000E+00 3.2826E-08 5.02E-06 6.99E-06   0.264 1.0000 7.0517E-06    891.893
10971.00 0.79066479 1.9003E-26 0.0000E+00 0.0000E+00 3.3038E-08 3.3038E-08 0.0000E+00 0.0000E+00 3.3038E-08 5.12E-06 6.91E-06   0.235 1.0000 6.9688E-06    892.894
10981.00 0.73214525 2.2355E-26 0.0000E+00 0.0000E+00 3.2334E-08 3.2334E-08 0.0000E+00 0.0000E+00 3.2334E-08 4.75E-06 7.02E-06   0.312 1.0000 7.0849E-06    892.483
10991.00 0.74538410 2.0489E-26 0.0000E+00 0.0000E+00 3.2099E-08 3.2099E-08 0.0000E+00 0.0000E+00 3.2099E-08 4.75E-06 6.89E-06   0.294 1.0000 6.9574E-06    892.790
11001.00 0.73687440 1.9011E-26 0.0000E+00 0.0000E+00 3.1499E-08 3.1499E-08 0.0000E+00 0.0000E+00 3.1499E-08 4.67E-06 6.81E-06   0.305 1.0000 6.8715E-06    892.514
11011.00 0.72956997 1.8527E-26 0.0000E+00 0.0000E+00 3.2051E-08 3.2051E-08 0.0000E+00 0.0000E+00 3.2051E-08 4.71E-06 6.94E-06   0.315 1.0000 7.0129E-06    894.064
11021.00 0.74129111 1.6540E-26 0.0000E+00 0.0000E+00 3.2912E-08 3.2912E-08 0.0000E+00 0.0000E+00 3.2912E-08 4.89E-06 7.08E-06   0.299 1.0000 7.1591E-06    896.079
11031.00 0.79285228 1.3781E-26 0.0000E+00 0.0000E+00 3.3611E-08 3.3611E-08 0.0000E+00 0.0000E+00 3.3611E-08 5.17E-06 6.93E-06   0.232 1.0000 6.9952E-06    897.820
11041.00 0.84623563 9.3835E-27 0.0000E+00 0.0000E+00 3.5587E-08 3.5587E-08 0.0000E+00 0.0000E+00 3.5587E-08 5.73E-06 7.11E-06   0.167 1.0000 7.1647E-06    901.408
11051.00 0.85378790 8.7841E-27 0.0000E+00 0.0000E+00 3.6092E-08 3.6092E-08 0.0000E+00 0.0000E+00 3.6092E-08 5.81E-06 7.15E-06   0.158 1.0000 7.2125E-06    902.807
11061.00 0.86653727 7.6689E-27 0.0000E+00 0.0000E+00 3.6384E-08 3.6384E-08 0.0000E+00 0.0000E+00 3.6384E-08 5.91E-06 7.14E-06   0.143 1.0000 7.1991E-06    903.898
11071.00 0.80544537 1.0079E-26 0.0000E+00 0.0000E+00 3.4670E-08 3.4670E-08 0.0000E+00 0.0000E+00 3.4670E-08 5.37E-06 7.06E-06   0.216 1.0000 7.1309E-06    902.104
11081.00 0.74470156 1.2060E-26 0.0000E+00 0.0000E+00 3.2289E-08 3.2289E-08 0.0000E+00 0.0000E+00 3.2289E-08 4.75E-06 6.85E-06   0.295 1.0000 6.9276E-06    899.158
11091.00 0.75535131 1.1394E-26 0.0000E+00 0.0000E+00 3.1317E-08 3.1317E-08 0.0000E+00 0.0000E+00 3.1317E-08 4.62E-06 6.57E-06   0.281 1.0000 6.6409E-06    898.284
11101.00 0.71808732 1.2569E-26 0.0000E+00 0.0000E+00 3.2016E-08 3.2016E-08 0.0000E+00 0.0000E+00 3.2016E-08 4.55E-06 6.86E-06   0.331 1.0000 6.9341E-06    900.075
11111.00 0.77081472 9.1484E-27 0.0000E+00 0.0000E+00 3.3353E-08 3.3353E-08 0.0000E+00 0.0000E+00 3.3353E-08 5.02E-06 6.91E-06   0.260 1.0000 6.9855E-06    902.829
11121.00 0.63396174 1.4126E-26 0.0000E+00 0.0000E+00 3.1083E-08 3.1083E-08 0.0000E+00 0.0000E+00 3.1083E-08 4.04E-06 7.07E-06   0.456 1.0000 7.1540E-06    899.923
11131.00 0.77516311 8.4230E-27 0.0000E+00 0.0000E+00 3.4445E-08 3.4445E-08 0.0000E+00 0.0000E+00 3.4445E-08 5.15E-06 7.08E-06   0.255 1.0000 7.1521E-06    905.828
11141.00 0.76867241 8.8938E-27 0.0000E+00 0.0000E+00 3.4344E-08 3.4344E-08 0.0000E+00 0.0000E+00 3.4344E-08 5.05E-06 7.04E-06   0.263 1.0000 7.1081E-06    906.353
11151.00 0.75818110 8.6787E-27 0.0000E+00 0.0000E+00 3.4155E-08 3.4155E-08 0.0000E+00 0.0000E+00 3.4155E-08 4.98E-06 7.04E-06   0.277 1.0000 7.1052E-06    906.745
11161.00 0.81249154 6.5739E-27 0.0000E+00 0.0000E+00 3.6117E-08 3.6117E-08 0.0000E+00 0.0000E+00 3.6117E-08 5.50E-06 7.17E-06   0.208 1.0000 7.2334E-06    910.294
11171.00 0.83557653 5.7356E-27 0.0000E+00 0.0000E+00 3.5817E-08 3.5817E-08 0.0000E+00 0.0000E+00 3.5817E-08 5.52E-06 6.99E-06   0.180 1.0000 7.0471E-06    910.540
11181.00 0.87593412 4.0617E-27 0.0000E+00 0.0000E+00 3.6813E-08 3.6813E-08 0.0000E+00 0.0000E+00 3.6813E-08 5.87E-06 7.00E-06   0.132 1.0000 7.0589E-06    912.634
11191.00 0.88071716 3.6420E-27 0.0000E+00 0.0000E+00 3.7371E-08 3.7371E-08 0.0000E+00 0.0000E+00 3.7371E-08 5.97E-06 7.08E-06   0.127 1.0000 7.1368E-06    914.092
11201.00 0.90231901 2.6964E-27 0.0000E+00 0.0000E+00 3.7028E-08 3.7028E-08 0.0000E+00 0.0000E+00 3.7028E-08 6.02E-06 6.92E-06   0.103 1.0000 6.9786E-06    914.291
11211.00 0.90904880 2.2949E-27 0.0000E+00 0.0000E+00 3.7994E-08 3.7994E-08 0.0000E+00 0.0000E+00 3.7994E-08 6.20E-06 7.07E-06   0.095 1.0000 7.1244E-06    916.306
11221.00 0.91870129 1.8620E-27 0.0000E+00 0.0000E+00 3.8468E-08 3.8468E-08 0.0000E+00 0.0000E+00 3.8468E-08 6.32E-06 7.10E-06   0.085 1.0000 7.1611E-06    917.631
11231.00 0.91619784 1.8383E-27 0.0000E+00 0.0000E+00 3.8757E-08 3.8757E-08 0.0000E+00 0.0000E+00 3.8757E-08 6.35E-06 7.15E-06   0.088 1.0000 7.2119E-06    918.700
11241.00 0.91828591 1.6826E-27 0.0000E+00 0.0000E+00 3.8494E-08 3.8494E-08 0.0000E+00 0.0000E+00 3.8494E-08 6.30E-06 7.08E-06   0.085 1.0000 7.1417E-06    919.023
11251.00 0.91958821 1.5536E-27 0.0000E+00 0.0000E+00 3.8694E-08 3.8694E-08 0.0000E+00 0.0000E+00 3.8694E-08 6.33E-06 7.10E-06   0.084 1.0000 7.1598E-06    919.972
11261.00 0.91392481 1.6410E-27 0.0000E+00 0.0000E+00 3.8335E-08 3.8335E-08 0.0000E+00 0.0000E+00 3.8335E-08 6.23E-06 7.04E-06   0.090 1.0000 7.1006E-06    920.162
11271.00 0.91948807 1.4080E-27 0.0000E+00 0.0000E+00 3.7821E-08 3.7821E-08 0.0000E+00 0.0000E+00 3.7821E-08 6.16E-06 6.91E-06   0.084 1.0000 6.9712E-06    920.134
11281.00 0.91592371 1.4287E-27 0.0000E+00 0.0000E+00 3.6566E-08 3.6566E-08 0.0000E+00 0.0000E+00 3.6566E-08 5.93E-06 6.68E-06   0.088 1.0000 6.7401E-06    919.053
11291.00 0.91598225 1.3629E-27 0.0000E+00 0.0000E+00 3.8754E-08 3.8754E-08 0.0000E+00 0.0000E+00 3.8754E-08 6.27E-06 7.07E-06   0.088 1.0000 7.1282E-06    922.765
11301.00 0.92089880 1.1782E-27 0.0000E+00 0.0000E+00 3.8955E-08 3.8955E-08 0.0000E+00 0.0000E+00 3.8955E-08 6.32E-06 7.07E-06   0.082 1.0000 7.1331E-06    923.715
11311.00 0.92026281 1.1327E-27 0.0000E+00 0.0000E+00 3.8490E-08 3.8490E-08 0.0000E+00 0.0000E+00 3.8490E-08 6.23E-06 6.98E-06   0.083 1.0000 7.0365E-06    923.762
11321.00 0.91974151 1.0905E-27 0.0000E+00 0.0000E+00 3.9028E-08 3.9028E-08 0.0000E+00 0.0000E+00 3.9028E-08 6.30E-06 7.06E-06   0.084 1.0000 7.1226E-06    925.168
11331.00 0.91954827 1.0380E-27 0.0000E+00 0.0000E+00 3.8286E-08 3.8286E-08 0.0000E+00 0.0000E+00 3.8286E-08 6.16E-06 6.92E-06   0.084 1.0000 6.9746E-06    924.839
11341.00 0.91955239 9.8732E-28 0.0000E+00 0.0000E+00 3.9007E-08 3.9007E-08 0.0000E+00 0.0000E+00 3.9007E-08 6.27E-06 7.03E-06   0.084 1.0000 7.0920E-06    926.496
11351.00 0.92007059 9.2814E-28 0.0000E+00 0.0000E+00 3.6958E-08 3.6958E-08 0.0000E+00 0.0000E+00 3.6958E-08 5.93E-06 6.65E-06   0.083 1.0000 6.7048E-06    924.342
11361.00 0.92005539 8.8270E-28 0.0000E+00 0.0000E+00 3.9150E-08 3.9150E-08 0.0000E+00 0.0000E+00 3.9150E-08 6.27E-06 7.03E-06   0.083 1.0000 7.0885E-06    928.044
11371.00 0.92099160 8.2228E-28 0.0000E+00 0.0000E+00 3.8723E-08 3.8723E-08 0.0000E+00 0.0000E+00 3.8723E-08 6.20E-06 6.94E-06   0.082 1.0000 6.9944E-06    928.144
11381.00 0.92022699 7.9421E-28 0.0000E+00 0.0000E+00 3.9714E-08 3.9714E-08 0.0000E+00 0.0000E+00 3.9714E-08 6.34E-06 7.10E-06   0.083 1.0000 7.1623E-06    930.155
11391.00 0.92062473 7.4831E-28 0.0000E+00 0.0000E+00 3.9459E-08 3.9459E-08 0.0000E+00 0.0000E+00 3.9459E-08 6.29E-06 7.04E-06   0.083 1.0000 7.1013E-06    930.493
11401.00 0.92061830 7.1091E-28 0.0000E+00 0.0000E+00 3.9637E-08 3.9637E-08 0.0000E+00 0.0000E+00 3.9637E-08 6.30E-06 7.06E-06   0.083 1.0000 7.1195E-06    931.408
11411.00 0.92033011 6.7945E-28 0.0000E+00 0.0000E+00 3.9545E-08 3.9545E-08 0.0000E+00 0.0000E+00 3.9545E-08 6.27E-06 7.03E-06   0.083 1.0000 7.0904E-06    931.963
11421.00 0.92049897 6.4331E-28 0.0000E+00 0.0000E+00 3.8441E-08 3.8441E-08 0.0000E+00 0.0000E+00 3.8441E-08 6.09E-06 6.82E-06   0.083 1.0000 6.8786E-06    931.143
11431.00 0.92035234 6.1298E-28 0.0000E+00 0.0000E+00 3.9131E-08 3.9131E-08 0.0000E+00 0.0000E+00 3.9131E-08 6.18E-06 6.93E-06   0.083 1.0000 6.9893E-06    932.761
11441.00 0.92015874 5.8473E-28 0.0000E+00 0.0000E+00 3.9421E-08 3.9421E-08 0.0000E+00 0.0000E+00 3.9421E-08 6.22E-06 6.97E-06   0.083 1.0000 7.0284E-06    933.830
11451.00 0.92019475 5.5514E-28 0.0000E+00 0.0000E+00 3.9821E-08 3.9821E-08 0.0000E+00 0.0000E+00 3.9821E-08 6.27E-06 7.03E-06   0.083 1.0000 7.0859E-06    935.042
11461.00 0.92010200 5.2837E-28 0.0000E+00 0.0000E+00 4.0346E-08 4.0346E-08 0.0000E+00 0.0000E+00 4.0346E-08 6.34E-06 7.11E-06   0.083 1.0000 7.1660E-06    936.415
11471.00 0.91994649 5.0356E-28 0.0000E+00 0.0000E+00 3.9744E-08 3.9744E-08 0.0000E+00 0.0000E+00 3.9744E-08 6.23E-06 6.99E-06   0.083 1.0000 7.0465E-06    936.294
11481.00 0.91968656 4.8091E-28 0.0000E+00 0.0000E+00 4.0051E-08 4.0051E-08 0.0000E+00 0.0000E+00 4.0051E-08 6.26E-06 7.03E-06   0.084 1.0000 7.0883E-06    937.380
11491.00 0.91963363 4.5742E-28 0.0000E+00 0.0000E+00 4.0085E-08 4.0085E-08 0.0000E+00 0.0000E+00 4.0085E-08 6.26E-06 7.02E-06   0.084 1.0000 7.0811E-06    938.103
11501.00 0.91943407 4.3608E-28 0.0000E+00 0.0000E+00 3.9187E-08 3.9187E-08 0.0000E+00 0.0000E+00 3.9187E-08 6.10E-06 6.85E-06   0.084 1.0000 6.9103E-06    937.575
11511.00 0.91929853 4.1558E-28 0.0000E+00 0.0000E+00 3.9014E-08 3.9014E-08 0.0000E+00 0.0000E+00 3.9014E-08 6.06E-06 6.81E-06   0.084 1.0000 6.8667E-06    938.016
11521.00 0.91911441 3.9642E-28 0.0000E+00 0.0000E+00 3.9228E-08 3.9228E-08 0.0000E+00 0.0000E+00 3.9228E-08 6.09E-06 6.83E-06   0.084 1.0000 6.8922E-06    938.984
11531.00 0.91890913 3.7805E-28 0.0000E+00 0.0000E+00 3.7831E-08 3.7831E-08 0.0000E+00 0.0000E+00 3.7831E-08 5.86E-06 6.58E-06   0.085 1.0000 6.6351E-06    937.734
11541.00 0.91874838 3.6025E-28 0.0000E+00 0.0000E+00 3.0144E-08 3.0144E-08 0.0000E+00 0.0000E+00 3.0144E-08 4.66E-06 5.23E-06   0.085 1.0000 5.2774E-06    926.516
11551.00 0.91852486 3.4389E-28 0.0000E+00 0.0000E+00 3.8397E-08 3.8397E-08 0.0000E+00 0.0000E+00 3.8397E-08 5.92E-06 6.65E-06   0.085 1.0000 6.7102E-06    939.874
11561.00 0.91839296 3.2779E-28 0.0000E+00 0.0000E+00 4.0405E-08 4.0405E-08 0.0000E+00 0.0000E+00 4.0405E-08 6.22E-06 6.99E-06   0.085 1.0000 7.0485E-06    943.268
11571.00 0.91827428 3.1212E-28 0.0000E+00 0.0000E+00 4.1220E-08 4.1220E-08 0.0000E+00 0.0000E+00 4.1220E-08 6.33E-06 7.11E-06   0.085 1.0000 7.1778E-06    945.015
11581.00 0.91792345 2.9834E-28 0.0000E+00 0.0000E+00 4.1022E-08 4.1022E-08 0.0000E+00 0.0000E+00 4.1022E-08 6.28E-06 7.07E-06   0.086 1.0000 7.1315E-06    945.434
11591.00 0.91730827 2.8697E-28 0.0000E+00 0.0000E+00 4.1099E-08 4.1099E-08 0.0000E+00 0.0000E+00 4.1099E-08 6.28E-06 7.07E-06   0.086 1.0000 7.1338E-06    946.212
11601.00 0.91754627 2.7147E-28 0.0000E+00 0.0000E+00 4.0508E-08 4.0508E-08 0.0000E+00 0.0000E+00 4.0508E-08 6.18E-06 6.95E-06   0.086 1.0000 7.0173E-06    946.112
11611.00 0.91694212 2.6125E-28 0.0000E+00 0.0000E+00 4.0515E-08 4.0515E-08 0.0000E+00 0.0000E+00 4.0515E-08 6.16E-06 6.94E-06   0.087 1.0000 7.0074E-06    946.798
11621.00 0.91707271 2.4761E-28 0.0000E+00 0.0000E+00 4.0991E-08 4.0991E-08 0.0000E+00 0.0000E+00 4.0991E-08 6.22E-06 7.01E-06   0.087 1.0000 7.0763E-06    948.102
11631.00 0.91634506 2.3858E-28 0.0000E+00 0.0000E+00 4.0761E-08 4.0761E-08 0.0000E+00 0.0000E+00 4.0761E-08 6.17E-06 6.96E-06   0.087 1.0000 7.0263E-06    948.477
11641.00 0.91563022 2.3000E-28 0.0000E+00 0.0000E+00 4.0757E-08 4.0757E-08 0.0000E+00 0.0000E+00 4.0757E-08 6.16E-06 6.95E-06   0.088 1.0000 7.0154E-06    949.148
11651.00 0.91598469 2.1678E-28 0.0000E+00 0.0000E+00 4.0840E-08 4.0840E-08 0.0000E+00 0.0000E+00 4.0840E-08 6.16E-06 6.95E-06   0.088 1.0000 7.0154E-06    949.935
11661.00 0.91341478 2.1647E-28 0.0000E+00 0.0000E+00 4.1592E-08 4.1592E-08 0.0000E+00 0.0000E+00 4.1592E-08 6.25E-06 7.07E-06   0.091 1.0000 7.1406E-06    951.595
11671.00 0.91517353 1.9881E-28 0.0000E+00 0.0000E+00 4.1772E-08 4.1772E-08 0.0000E+00 0.0000E+00 4.1772E-08 6.27E-06 7.08E-06   0.089 1.0000 7.1519E-06    952.505
11681.00 0.91376632 1.9386E-28 0.0000E+00 0.0000E+00 4.1131E-08 4.1131E-08 0.0000E+00 0.0000E+00 4.1131E-08 6.16E-06 6.97E-06   0.090 1.0000 7.0342E-06    952.347
11691.00 0.91289854 1.8730E-28 0.0000E+00 0.0000E+00 3.9906E-08 3.9906E-08 0.0000E+00 0.0000E+00 3.9906E-08 5.96E-06 6.75E-06   0.091 1.0000 6.8153E-06    951.394
11701.00 0.91191691 1.8095E-28 0.0000E+00 0.0000E+00 2.9937E-08 2.9937E-08 0.0000E+00 0.0000E+00 2.9937E-08 4.46E-06 5.05E-06   0.092 1.0000 5.1054E-06    936.841
11711.00 0.91008008 1.7781E-28 0.0000E+00 0.0000E+00 3.5796E-08 3.5796E-08 0.0000E+00 0.0000E+00 3.5796E-08 5.31E-06 6.04E-06   0.094 1.0000 6.0975E-06    946.926
11721.00 0.91262132 1.6134E-28 0.0000E+00 0.0000E+00 4.0857E-08 4.0857E-08 0.0000E+00 0.0000E+00 4.0857E-08 6.06E-06 6.87E-06   0.091 1.0000 6.9393E-06    954.692
11731.00 0.91004843 1.6029E-28 0.0000E+00 0.0000E+00 4.1525E-08 4.1525E-08 0.0000E+00 0.0000E+00 4.1525E-08 6.13E-06 6.98E-06   0.094 1.0000 7.0489E-06    956.246
11741.00 0.90673727 1.6066E-28 0.0000E+00 0.0000E+00 4.0314E-08 4.0314E-08 0.0000E+00 0.0000E+00 4.0314E-08 5.92E-06 6.77E-06   0.098 1.0000 6.8430E-06    955.322
11751.00 0.90917826 1.4696E-28 0.0000E+00 0.0000E+00 4.1849E-08 4.1849E-08 0.0000E+00 0.0000E+00 4.1849E-08 6.15E-06 7.01E-06   0.095 1.0000 7.0799E-06    958.021
11761.00 0.91130024 1.3484E-28 0.0000E+00 0.0000E+00 3.7182E-08 3.7182E-08 0.0000E+00 0.0000E+00 3.7182E-08 5.47E-06 6.21E-06   0.093 1.0000 6.2711E-06    952.319
11771.00 0.91056448 1.2960E-28 0.0000E+00 0.0000E+00 3.9937E-08 3.9937E-08 0.0000E+00 0.0000E+00 3.9937E-08 5.86E-06 6.66E-06   0.094 1.0000 6.7248E-06    956.839
11781.00 0.91005057 1.2414E-28 0.0000E+00 0.0000E+00 4.2471E-08 4.2471E-08 0.0000E+00 0.0000E+00 4.2471E-08 6.21E-06 7.07E-06   0.094 1.0000 7.1404E-06    960.854
11791.00 0.90923589 1.1991E-28 0.0000E+00 0.0000E+00 4.2514E-08 4.2514E-08 0.0000E+00 0.0000E+00 4.2514E-08 6.20E-06 7.07E-06   0.095 1.0000 7.1364E-06    961.586
11801.00 0.91288376 1.0690E-28 0.0000E+00 0.0000E+00 4.1721E-08 4.1721E-08 0.0000E+00 0.0000E+00 4.1721E-08 6.10E-06 6.91E-06   0.091 1.0000 6.9763E-06    961.237
11811.00 0.91098678 1.0490E-28 0.0000E+00 0.0000E+00 4.1901E-08 4.1901E-08 0.0000E+00 0.0000E+00 4.1901E-08 6.10E-06 6.93E-06   0.093 1.0000 7.0000E-06    962.148
11821.00 0.90985584 1.0180E-28 0.0000E+00 0.0000E+00 4.2640E-08 4.2640E-08 0.0000E+00 0.0000E+00 4.2640E-08 6.19E-06 7.04E-06   0.094 1.0000 7.1140E-06    963.778
11831.00 0.90998238 9.6555E-29 0.0000E+00 0.0000E+00 4.2645E-08 4.2645E-08 0.0000E+00 0.0000E+00 4.2645E-08 6.18E-06 7.03E-06   0.094 1.0000 7.1007E-06    964.460
11841.00 0.90603042 9.7898E-29 0.0000E+00 0.0000E+00 4.2171E-08 4.2171E-08 0.0000E+00 0.0000E+00 4.2171E-08 6.08E-06 6.95E-06   0.099 1.0000 7.0230E-06    964.526
11851.00 0.90079403 1.0083E-28 0.0000E+00 0.0000E+00 4.1638E-08 4.1638E-08 0.0000E+00 0.0000E+00 4.1638E-08 5.96E-06 6.87E-06   0.104 1.0000 6.9407E-06    964.509
11861.00 0.90494466 9.0155E-29 0.0000E+00 0.0000E+00 4.2628E-08 4.2628E-08 0.0000E+00 0.0000E+00 4.2628E-08 6.11E-06 7.01E-06   0.100 1.0000 7.0767E-06    966.468
11871.00 0.90619463 8.3736E-29 0.0000E+00 0.0000E+00 4.2407E-08 4.2407E-08 0.0000E+00 0.0000E+00 4.2407E-08 6.08E-06 6.95E-06   0.099 1.0000 7.0212E-06    966.860
11881.00 0.89776427 9.0555E-29 0.0000E+00 0.0000E+00 4.2682E-08 4.2682E-08 0.0000E+00 0.0000E+00 4.2682E-08 6.05E-06 7.02E-06   0.108 1.0000 7.0855E-06    967.890
11891.00 0.89347577 9.1767E-29 0.0000E+00 0.0000E+00 4.3031E-08 4.3031E-08 0.0000E+00 0.0000E+00 4.3031E-08 6.07E-06 7.07E-06   0.113 1.0000 7.1453E-06    969.014
11901.00 0.90024662 7.9575E-29 0.0000E+00 0.0000E+00 4.2956E-08 4.2956E-08 0.0000E+00 0.0000E+00 4.2956E-08 6.08E-06 7.02E-06   0.105 1.0000 7.0928E-06    969.593
11911.00 0.89959788 7.6361E-29 0.0000E+00 0.0000E+00 4.2820E-08 4.2820E-08 0.0000E+00 0.0000E+00 4.2820E-08 6.05E-06 6.99E-06   0.106 1.0000 7.0600E-06    970.096
11921.00 0.89142150 8.1485E-29 0.0000E+00 0.0000E+00 4.1460E-08 4.1460E-08 0.0000E+00 0.0000E+00 4.1460E-08 5.80E-06 6.78E-06   0.115 1.0000 6.8519E-06    969.001
11931.00 0.89083022 7.7973E-29 0.0000E+00 0.0000E+00 4.2994E-08 4.2994E-08 0.0000E+00 0.0000E+00 4.2994E-08 6.00E-06 7.02E-06   0.116 1.0000 7.0928E-06    971.671
11941.00 0.88430268 8.0637E-29 0.0000E+00 0.0000E+00 4.3217E-08 4.3217E-08 0.0000E+00 0.0000E+00 4.3217E-08 5.98E-06 7.07E-06   0.123 1.0000 7.1401E-06    972.632
11951.00 0.88459051 7.5546E-29 0.0000E+00 0.0000E+00 4.2716E-08 4.2716E-08 0.0000E+00 0.0000E+00 4.2716E-08 5.91E-06 6.97E-06   0.123 1.0000 7.0443E-06    972.666
11961.00 0.87236917 8.1829E-29 0.0000E+00 0.0000E+00 4.2905E-08 4.2905E-08 0.0000E+00 0.0000E+00 4.2905E-08 5.86E-06 7.04E-06   0.137 1.0000 7.1078E-06    973.585
11971.00 0.87680447 7.4919E-29 0.0000E+00 0.0000E+00 4.2983E-08 4.2983E-08 0.0000E+00 0.0000E+00 4.2983E-08 5.88E-06 7.02E-06   0.131 1.0000 7.0906E-06    974.361
11981.00 0.88043714 6.7458E-29 0.0000E+00 0.0000E+00 4.2373E-08 4.2373E-08 0.0000E+00 0.0000E+00 4.2373E-08 5.80E-06 6.90E-06   0.127 1.0000 6.9668E-06    974.248
11991.00 0.85200024 8.3572E-29 0.0000E+00 0.0000E+00 4.1884E-08 4.1884E-08 0.0000E+00 0.0000E+00 4.1884E-08 5.58E-06 6.91E-06   0.160 1.0000 6.9804E-06    974.285
12001.00 0.85124153 8.0119E-29 0.0000E+00 0.0000E+00 4.1369E-08 4.1369E-08 0.0000E+00 0.0000E+00 4.1369E-08 5.49E-06 6.82E-06   0.161 1.0000 6.8879E-06    974.279
12011.00 0.83853972 7.4585E-29 0.0000E+00 0.0000E+00 4.1613E-08 4.1613E-08 0.0000E+00 0.0000E+00 4.1613E-08 5.51E-06 6.92E-06   0.176 1.0000 6.9934E-06    975.277
12021.00 0.81884933 8.4142E-29 0.0000E+00 0.0000E+00 4.1728E-08 4.1728E-08 0.0000E+00 0.0000E+00 4.1728E-08 5.41E-06 6.99E-06   0.200 1.0000 7.0695E-06    976.103
12031.00 0.85680246 6.3248E-29 0.0000E+00 0.0000E+00 4.2043E-08 4.2043E-08 0.0000E+00 0.0000E+00 4.2043E-08 5.60E-06 6.87E-06   0.155 1.0000 6.9475E-06    977.192
12041.00 0.82879794 7.0205E-29 0.0000E+00 0.0000E+00 4.1845E-08 4.1845E-08 0.0000E+00 0.0000E+00 4.1845E-08 5.46E-06 6.95E-06   0.188 1.0000 7.0298E-06    977.607
12051.00 0.82434458 6.9375E-29 0.0000E+00 0.0000E+00 4.1924E-08 4.1924E-08 0.0000E+00 0.0000E+00 4.1924E-08 5.43E-06 6.96E-06   0.193 1.0000 7.0419E-06    978.385
12061.00 0.80159342 7.3737E-29 0.0000E+00 0.0000E+00 4.1760E-08 4.1760E-08 0.0000E+00 0.0000E+00 4.1760E-08 5.30E-06 7.03E-06   0.221 1.0000 7.1140E-06    978.843
12071.00 0.80667067 6.6046E-29 0.0000E+00 0.0000E+00 4.2177E-08 4.2177E-08 0.0000E+00 0.0000E+00 4.2177E-08 5.38E-06 7.08E-06   0.215 1.0000 7.1599E-06    980.067
12081.00 0.77654546 7.4650E-29 0.0000E+00 0.0000E+00 4.1256E-08 4.1256E-08 0.0000E+00 0.0000E+00 4.1256E-08 5.10E-06 7.04E-06   0.253 1.0000 7.1226E-06    979.521
12091.00 0.86423123 4.3192E-29 0.0000E+00 0.0000E+00 4.3806E-08 4.3806E-08 0.0000E+00 0.0000E+00 4.3806E-08 5.81E-06 7.06E-06   0.146 1.0000 7.1353E-06    983.518
12101.00 0.83267128 5.1101E-29 0.0000E+00 0.0000E+00 4.2999E-08 4.2999E-08 0.0000E+00 0.0000E+00 4.2999E-08 5.55E-06 7.05E-06   0.183 1.0000 7.1283E-06    983.160
12111.00 0.82886177 4.9437E-29 0.0000E+00 0.0000E+00 4.2682E-08 4.2682E-08 0.0000E+00 0.0000E+00 4.2682E-08 5.49E-06 7.00E-06   0.188 1.0000 7.0848E-06    983.424
12121.00 0.87053460 3.5009E-29 0.0000E+00 0.0000E+00 4.3501E-08 4.3501E-08 0.0000E+00 0.0000E+00 4.3501E-08 5.77E-06 6.95E-06   0.139 1.0000 7.0243E-06    985.155
12131.00 0.83568650 4.4812E-29 0.0000E+00 0.0000E+00 4.2989E-08 4.2989E-08 0.0000E+00 0.0000E+00 4.2989E-08 5.51E-06 6.99E-06   0.180 1.0000 7.0679E-06    985.171
12141.00 0.75497103 6.0913E-29 0.0000E+00 0.0000E+00 4.0329E-08 4.0329E-08 0.0000E+00 0.0000E+00 4.0329E-08 4.83E-06 6.88E-06   0.281 1.0000 6.9714E-06    982.306
12151.00 0.61908937 8.3225E-29 0.0000E+00 0.0000E+00 3.6708E-08 3.6708E-08 0.0000E+00 0.0000E+00 3.6708E-08 3.85E-06 6.93E-06   0.480 1.0000 7.0361E-06    977.806
12161.00 0.81432730 4.2627E-29 0.0000E+00 0.0000E+00 4.1606E-08 4.1606E-08 0.0000E+00 0.0000E+00 4.1606E-08 5.22E-06 6.82E-06   0.205 1.0000 6.9045E-06    985.378
12171.00 0.84941548 3.2797E-29 0.0000E+00 0.0000E+00 4.2811E-08 4.2811E-08 0.0000E+00 0.0000E+00 4.2811E-08 5.52E-06 6.85E-06   0.163 1.0000 6.9343E-06    987.638
12181.00 0.87675482 2.5176E-29 0.0000E+00 0.0000E+00 4.3776E-08 4.3776E-08 0.0000E+00 0.0000E+00 4.3776E-08 5.76E-06 6.88E-06   0.132 1.0000 6.9604E-06    989.556
12191.00 0.78942746 4.0619E-29 0.0000E+00 0.0000E+00 4.1104E-08 4.1104E-08 0.0000E+00 0.0000E+00 4.1104E-08 5.03E-06 6.81E-06   0.236 1.0000 6.9001E-06    986.722
12201.00 0.78468299 3.7628E-29 0.0000E+00 0.0000E+00 4.0457E-08 4.0457E-08 0.0000E+00 0.0000E+00 4.0457E-08 4.95E-06 6.74E-06   0.242 1.0000 6.8274E-06    986.514
12211.00 0.78296691 3.6858E-29 0.0000E+00 0.0000E+00 4.1335E-08 4.1335E-08 0.0000E+00 0.0000E+00 4.1335E-08 5.03E-06 6.87E-06   0.245 1.0000 6.9594E-06    988.380
12221.00 0.73412400 4.3482E-29 0.0000E+00 0.0000E+00 4.0015E-08 4.0015E-08 0.0000E+00 0.0000E+00 4.0015E-08 4.63E-06 6.85E-06   0.309 1.0000 6.9415E-06    987.250
12231.00 0.77706426 3.4876E-29 0.0000E+00 0.0000E+00 4.2371E-08 4.2371E-08 0.0000E+00 0.0000E+00 4.2371E-08 5.10E-06 7.03E-06   0.252 1.0000 7.1216E-06    991.105
12241.00 0.73541969 3.9053E-29 0.0000E+00 0.0000E+00 4.1112E-08 4.1112E-08 0.0000E+00 0.0000E+00 4.1112E-08 4.76E-06 6.99E-06   0.307 1.0000 7.0928E-06    990.096
12251.00 0.74185908 3.5785E-29 0.0000E+00 0.0000E+00 4.1262E-08 4.1262E-08 0.0000E+00 0.0000E+00 4.1262E-08 4.81E-06 6.98E-06   0.299 1.0000 7.0794E-06    990.972
12261.00 0.76224887 3.3512E-29 0.0000E+00 0.0000E+00 4.2160E-08 4.2160E-08 0.0000E+00 0.0000E+00 4.2160E-08 4.95E-06 7.00E-06   0.271 1.0000 7.0894E-06    992.846
12271.00 0.76613426 3.3075E-29 0.0000E+00 0.0000E+00 4.2535E-08 4.2535E-08 0.0000E+00 0.0000E+00 4.2535E-08 4.97E-06 7.01E-06   0.266 1.0000 7.0956E-06    994.014
12281.00 0.80280328 2.6164E-29 0.0000E+00 0.0000E+00 4.3724E-08 4.3724E-08 0.0000E+00 0.0000E+00 4.3724E-08 5.29E-06 7.03E-06   0.220 1.0000 7.1191E-06    996.233
12291.00 0.78988498 2.6981E-29 0.0000E+00 0.0000E+00 4.3585E-08 4.3585E-08 0.0000E+00 0.0000E+00 4.3585E-08 5.18E-06 7.05E-06   0.236 1.0000 7.1358E-06    996.728
12301.00 0.85393989 1.7575E-29 0.0000E+00 0.0000E+00 4.5152E-08 4.5152E-08 0.0000E+00 0.0000E+00 4.5152E-08 5.68E-06 7.02E-06   0.158 1.0000 7.1019E-06    999.392
12311.00 0.86030757 1.6006E-29 0.0000E+00 0.0000E+00 4.5404E-08 4.5404E-08 0.0000E+00 0.0000E+00 4.5404E-08 5.72E-06 7.02E-06   0.150 1.0000 7.1036E-06   1000.381
12321.00 0.86452270 1.4468E-29 0.0000E+00 0.0000E+00 4.5459E-08 4.5459E-08 0.0000E+00 0.0000E+00 4.5459E-08 5.75E-06 7.00E-06   0.146 1.0000 7.0841E-06   1001.124
12331.00 0.87727976 1.2148E-29 0.0000E+00 0.0000E+00 4.5982E-08 4.5982E-08 0.0000E+00 0.0000E+00 4.5982E-08 5.87E-06 7.02E-06   0.131 1.0000 7.1024E-06   1002.447
12341.00 0.88600743 1.0348E-29 0.0000E+00 0.0000E+00 4.5679E-08 4.5679E-08 0.0000E+00 0.0000E+00 4.5679E-08 5.87E-06 6.93E-06   0.121 1.0000 7.0116E-06   1002.747
12351.00 0.88277078 1.0146E-29 0.0000E+00 0.0000E+00 4.5100E-08 4.5100E-08 0.0000E+00 0.0000E+00 4.5100E-08 5.77E-06 6.84E-06   0.125 1.0000 6.9247E-06   1002.700
12361.00 0.88999563 8.7998E-30 0.0000E+00 0.0000E+00 4.5725E-08 4.5725E-08 0.0000E+00 0.0000E+00 4.5725E-08 5.88E-06 6.90E-06   0.117 1.0000 6.9793E-06   1004.153
12371.00 0.89146560 8.2207E-30 0.0000E+00 0.0000E+00 4.6148E-08 4.6148E-08 0.0000E+00 0.0000E+00 4.6148E-08 5.93E-06 6.94E-06   0.115 1.0000 7.0253E-06   1005.351
12381.00 0.89563823 7.3445E-30 0.0000E+00 0.0000E+00 4.6409E-08 4.6409E-08 0.0000E+00 0.0000E+00 4.6409E-08 5.98E-06 6.95E-06   0.110 1.0000 7.0369E-06   1006.346
12391.00 0.89438212 7.1026E-30 0.0000E+00 0.0000E+00 4.6776E-08 4.6776E-08 0.0000E+00 0.0000E+00 4.6776E-08 6.01E-06 7.00E-06   0.112 1.0000 7.0840E-06   1007.470
12401.00 0.89442861 6.7762E-30 0.0000E+00 0.0000E+00 4.7277E-08 4.7277E-08 0.0000E+00 0.0000E+00 4.7277E-08 6.06E-06 7.06E-06   0.112 1.0000 7.1455E-06   1008.752
12411.00 0.89621747 6.2676E-30 0.0000E+00 0.0000E+00 4.7058E-08 4.7058E-08 0.0000E+00 0.0000E+00 4.7058E-08 6.03E-06 7.01E-06   0.110 1.0000 7.0929E-06   1009.162
12421.00 0.89285368 6.2055E-30 0.0000E+00 0.0000E+00 4.5672E-08 4.5672E-08 0.0000E+00 0.0000E+00 4.5672E-08 5.83E-06 6.80E-06   0.113 1.0000 6.8849E-06   1008.135
12431.00 0.88061357 6.9266E-30 0.0000E+00 0.0000E+00 4.6531E-08 4.6531E-08 0.0000E+00 0.0000E+00 4.6531E-08 5.85E-06 6.96E-06   0.127 1.0000 7.0471E-06   1009.870
12441.00 0.88148296 6.4915E-30 0.0000E+00 0.0000E+00 4.6859E-08 4.6859E-08 0.0000E+00 0.0000E+00 4.6859E-08 5.89E-06 7.00E-06   0.126 1.0000 7.0810E-06   1010.947
12451.00 0.88029009 6.2759E-30 0.0000E+00 0.0000E+00 4.6344E-08 4.6344E-08 0.0000E+00 0.0000E+00 4.6344E-08 5.81E-06 6.91E-06   0.128 1.0000 6.9937E-06   1010.991
12461.00 0.87609953 6.2676E-30 0.0000E+00 0.0000E+00 4.6857E-08 4.6857E-08 0.0000E+00 0.0000E+00 4.6857E-08 5.84E-06 6.99E-06   0.132 1.0000 7.0759E-06   1012.293
12471.00 0.88304251 5.4722E-30 0.0000E+00 0.0000E+00 4.7361E-08 4.7361E-08 0.0000E+00 0.0000E+00 4.7361E-08 5.93E-06 7.03E-06   0.124 1.0000 7.1120E-06   1013.581
12481.00 0.87499672 5.6621E-30 0.0000E+00 0.0000E+00 4.7170E-08 4.7170E-08 0.0000E+00 0.0000E+00 4.7170E-08 5.85E-06 7.02E-06   0.134 1.0000 7.1032E-06   1014.023
12491.00 0.87877828 5.1650E-30 0.0000E+00 0.0000E+00 4.6945E-08 4.6945E-08 0.0000E+00 0.0000E+00 4.6945E-08 5.84E-06 6.96E-06   0.129 1.0000 7.0410E-06   1014.425
12501.00 0.88090885 4.8202E-30 0.0000E+00 0.0000E+00 4.6540E-08 4.6540E-08 0.0000E+00 0.0000E+00 4.6540E-08 5.79E-06 6.87E-06   0.127 1.0000 6.9583E-06   1014.603
12511.00 0.89119619 4.0280E-30 0.0000E+00 0.0000E+00 4.7943E-08 4.7943E-08 0.0000E+00 0.0000E+00 4.7943E-08 6.00E-06 7.03E-06   0.115 1.0000 7.1163E-06   1016.981
12521.00 0.88457459 4.1539E-30 0.0000E+00 0.0000E+00 4.7818E-08 4.7818E-08 0.0000E+00 0.0000E+00 4.7818E-08 5.94E-06 7.03E-06   0.123 1.0000 7.1113E-06   1017.506
12531.00 0.89283985 3.5643E-30 0.0000E+00 0.0000E+00 4.8035E-08 4.8035E-08 0.0000E+00 0.0000E+00 4.8035E-08 6.00E-06 7.01E-06   0.113 1.0000 7.0974E-06   1018.441
12541.00 0.88478637 3.7380E-30 0.0000E+00 0.0000E+00 4.7841E-08 4.7841E-08 0.0000E+00 0.0000E+00 4.7841E-08 5.92E-06 7.00E-06   0.122 1.0000 7.0882E-06   1018.884
12551.00 0.87236696 4.0686E-30 0.0000E+00 0.0000E+00 4.7677E-08 4.7677E-08 0.0000E+00 0.0000E+00 4.7677E-08 5.83E-06 7.01E-06   0.137 1.0000 7.0994E-06   1019.361
12561.00 0.86533737 4.1590E-30 0.0000E+00 0.0000E+00 4.7180E-08 4.7180E-08 0.0000E+00 0.0000E+00 4.7180E-08 5.72E-06 6.96E-06   0.145 1.0000 7.0428E-06   1019.433
12571.00 0.89073539 2.9711E-30 0.0000E+00 0.0000E+00 4.8047E-08 4.8047E-08 0.0000E+00 0.0000E+00 4.8047E-08 5.95E-06 6.97E-06   0.116 1.0000 7.0580E-06   1021.156
12581.00 0.89403969 2.6973E-30 0.0000E+00 0.0000E+00 4.6531E-08 4.6531E-08 0.0000E+00 0.0000E+00 4.6531E-08 5.77E-06 6.73E-06   0.112 1.0000 6.8119E-06   1019.984
12591.00 0.89769006 2.4294E-30 0.0000E+00 0.0000E+00 4.6866E-08 4.6866E-08 0.0000E+00 0.0000E+00 4.6866E-08 5.82E-06 6.75E-06   0.108 1.0000 6.8345E-06   1021.070
12601.00 0.89311206 2.4523E-30 0.0000E+00 0.0000E+00 4.6813E-08 4.6813E-08 0.0000E+00 0.0000E+00 4.6813E-08 5.78E-06 6.75E-06   0.113 1.0000 6.8321E-06   1021.679
12611.00 0.87814212 2.8052E-30 0.0000E+00 0.0000E+00 4.7735E-08 4.7735E-08 0.0000E+00 0.0000E+00 4.7735E-08 5.80E-06 6.92E-06   0.130 1.0000 7.0130E-06   1023.477
12621.00 0.87780756 2.6628E-30 0.0000E+00 0.0000E+00 4.7797E-08 4.7797E-08 0.0000E+00 0.0000E+00 4.7797E-08 5.80E-06 6.92E-06   0.130 1.0000 7.0117E-06   1024.227
12631.00 0.88327307 2.4018E-30 0.0000E+00 0.0000E+00 4.7338E-08 4.7338E-08 0.0000E+00 0.0000E+00 4.7338E-08 5.76E-06 6.82E-06   0.124 1.0000 6.9099E-06   1024.343
12641.00 0.87559479 2.4808E-30 0.0000E+00 0.0000E+00 4.8134E-08 4.8134E-08 0.0000E+00 0.0000E+00 4.8134E-08 5.81E-06 6.95E-06   0.133 1.0000 7.0438E-06   1025.981
12651.00 0.87639779 2.3428E-30 0.0000E+00 0.0000E+00 4.8607E-08 4.8607E-08 0.0000E+00 0.0000E+00 4.8607E-08 5.86E-06 7.00E-06   0.132 1.0000 7.0958E-06   1027.222
12661.00 0.86775142 2.4427E-30 0.0000E+00 0.0000E+00 4.8381E-08 4.8381E-08 0.0000E+00 0.0000E+00 4.8381E-08 5.77E-06 6.99E-06   0.142 1.0000 7.0839E-06   1027.626
12671.00 0.87656921 2.1407E-30 0.0000E+00 0.0000E+00 4.8966E-08 4.8966E-08 0.0000E+00 0.0000E+00 4.8966E-08 5.87E-06 7.03E-06   0.132 1.0000 7.1204E-06   1028.999
12681.00 0.88824165 1.7621E-30 0.0000E+00 0.0000E+00 4.9110E-08 4.9110E-08 0.0000E+00 0.0000E+00 4.9110E-08 5.95E-06 6.99E-06   0.119 1.0000 7.0842E-06   1029.844
12691.00 0.88605469 1.7229E-30 0.0000E+00 0.0000E+00 4.8899E-08 4.8899E-08 0.0000E+00 0.0000E+00 4.8899E-08 5.90E-06 6.96E-06   0.121 1.0000 7.0488E-06   1030.267
12701.00 0.89042193 1.5477E-30 0.0000E+00 0.0000E+00 4.9433E-08 4.9433E-08 0.0000E+00 0.0000E+00 4.9433E-08 5.97E-06 7.00E-06   0.116 1.0000 7.0968E-06   1031.574
12711.00 0.89005792 1.4826E-30 0.0000E+00 0.0000E+00 4.9816E-08 4.9816E-08 0.0000E+00 0.0000E+00 4.9816E-08 6.01E-06 7.05E-06   0.116 1.0000 7.1406E-06   1032.698
12721.00 0.89708620 1.2637E-30 0.0000E+00 0.0000E+00 4.9089E-08 4.9089E-08 0.0000E+00 0.0000E+00 4.9089E-08 5.95E-06 6.91E-06   0.109 1.0000 6.9992E-06   1032.516
12731.00 0.89724076 1.1967E-30 0.0000E+00 0.0000E+00 4.9086E-08 4.9086E-08 0.0000E+00 0.0000E+00 4.9086E-08 5.94E-06 6.89E-06   0.108 1.0000 6.9861E-06   1033.187
12741.00 0.89719337 1.1374E-30 0.0000E+00 0.0000E+00 4.9990E-08 4.9990E-08 0.0000E+00 0.0000E+00 4.9990E-08 6.04E-06 7.01E-06   0.108 1.0000 7.1028E-06   1034.926
12751.00 0.89775664 1.0698E-30 0.0000E+00 0.0000E+00 4.9970E-08 4.9970E-08 0.0000E+00 0.0000E+00 4.9970E-08 6.03E-06 6.99E-06   0.108 1.0000 7.0859E-06   1035.577
12761.00 0.89839184 1.0048E-30 0.0000E+00 0.0000E+00 4.8797E-08 4.8797E-08 0.0000E+00 0.0000E+00 4.8797E-08 5.88E-06 6.81E-06   0.107 1.0000 6.9058E-06   1034.865
12771.00 0.89842188 9.5407E-31 0.0000E+00 0.0000E+00 4.9805E-08 4.9805E-08 0.0000E+00 0.0000E+00 4.9805E-08 5.99E-06 6.94E-06   0.107 1.0000 7.0362E-06   1036.733
12781.00 0.89830923 9.0706E-31 0.0000E+00 0.0000E+00 5.0448E-08 5.0448E-08 0.0000E+00 0.0000E+00 5.0448E-08 6.06E-06 7.02E-06   0.107 1.0000 7.1156E-06   1038.158
12791.00 0.89821041 8.6347E-31 0.0000E+00 0.0000E+00 5.0556E-08 5.0556E-08 0.0000E+00 0.0000E+00 5.0556E-08 6.06E-06 7.02E-06   0.107 1.0000 7.1190E-06   1038.959
12801.00 0.89818686 8.2033E-31 0.0000E+00 0.0000E+00 4.9808E-08 4.9808E-08 0.0000E+00 0.0000E+00 4.9808E-08 5.96E-06 6.90E-06   0.107 1.0000 7.0016E-06   1038.759
12811.00 0.89787924 7.8305E-31 0.0000E+00 0.0000E+00 5.0481E-08 5.0481E-08 0.0000E+00 0.0000E+00 5.0481E-08 6.03E-06 6.99E-06   0.108 1.0000 7.0852E-06   1040.221
12821.00 0.89788479 7.4371E-31 0.0000E+00 0.0000E+00 4.9966E-08 4.9966E-08 0.0000E+00 0.0000E+00 4.9966E-08 5.95E-06 6.90E-06   0.108 1.0000 7.0007E-06   1040.293
12831.00 0.89752805 7.1036E-31 0.0000E+00 0.0000E+00 5.0657E-08 5.0657E-08 0.0000E+00 0.0000E+00 5.0657E-08 6.02E-06 6.99E-06   0.108 1.0000 7.0866E-06   1041.774
12841.00 0.89753580 6.7496E-31 0.0000E+00 0.0000E+00 5.0903E-08 5.0903E-08 0.0000E+00 0.0000E+00 5.0903E-08 6.04E-06 7.01E-06   0.108 1.0000 7.1081E-06   1042.734
12851.00 0.89731824 6.4350E-31 0.0000E+00 0.0000E+00 5.0939E-08 5.0939E-08 0.0000E+00 0.0000E+00 5.0939E-08 6.03E-06 7.00E-06   0.108 1.0000 7.1013E-06   1043.450
12861.00 0.89717281 6.1273E-31 0.0000E+00 0.0000E+00 4.9995E-08 4.9995E-08 0.0000E+00 0.0000E+00 4.9995E-08 5.91E-06 6.86E-06   0.109 1.0000 6.9577E-06   1043.024
12871.00 0.89705241 5.8314E-31 0.0000E+00 0.0000E+00 5.1207E-08 5.1207E-08 0.0000E+00 0.0000E+00 5.1207E-08 6.04E-06 7.01E-06   0.109 1.0000 7.1139E-06   1045.108
12881.00 0.89682227 5.5595E-31 0.0000E+00 0.0000E+00 5.1188E-08 5.1188E-08 0.0000E+00 0.0000E+00 5.1188E-08 6.03E-06 7.00E-06   0.109 1.0000 7.0994E-06   1045.760
12891.00 0.89646578 5.3102E-31 0.0000E+00 0.0000E+00 5.1234E-08 5.1234E-08 0.0000E+00 0.0000E+00 5.1234E-08 6.02E-06 6.99E-06   0.109 1.0000 7.0944E-06   1046.489
12901.00 0.89623141 5.0601E-31 0.0000E+00 0.0000E+00 4.8854E-08 4.8854E-08 0.0000E+00 0.0000E+00 4.8854E-08 5.73E-06 6.66E-06   0.110 1.0000 6.7536E-06   1044.361
12911.00 0.89570504 4.8410E-31 0.0000E+00 0.0000E+00 5.0054E-08 5.0054E-08 0.0000E+00 0.0000E+00 5.0054E-08 5.86E-06 6.81E-06   0.110 1.0000 6.9089E-06   1046.462
12921.00 0.89533818 4.6199E-31 0.0000E+00 0.0000E+00 5.1556E-08 5.1556E-08 0.0000E+00 0.0000E+00 5.1556E-08 6.02E-06 7.00E-06   0.111 1.0000 7.1049E-06   1048.882
12931.00 0.89465785 4.4249E-31 0.0000E+00 0.0000E+00 5.1334E-08 5.1334E-08 0.0000E+00 0.0000E+00 5.1334E-08 5.98E-06 6.96E-06   0.111 1.0000 7.0646E-06   1049.301
12941.00 0.89367771 4.2512E-31 0.0000E+00 0.0000E+00 5.0157E-08 5.0157E-08 0.0000E+00 0.0000E+00 5.0157E-08 5.83E-06 6.80E-06   0.112 1.0000 6.8949E-06   1048.604
12951.00 0.89316887 4.0629E-31 0.0000E+00 0.0000E+00 5.0907E-08 5.0907E-08 0.0000E+00 0.0000E+00 5.0907E-08 5.90E-06 6.89E-06   0.113 1.0000 6.9877E-06   1050.155
12961.00 0.89246601 3.8893E-31 0.0000E+00 0.0000E+00 5.0296E-08 5.0296E-08 0.0000E+00 0.0000E+00 5.0296E-08 5.82E-06 6.80E-06   0.114 1.0000 6.8945E-06   1050.113
12971.00 0.89113021 3.7408E-31 0.0000E+00 0.0000E+00 5.1306E-08 5.1306E-08 0.0000E+00 0.0000E+00 5.1306E-08 5.92E-06 6.93E-06   0.115 1.0000 7.0270E-06   1051.964
12981.00 0.88576341 3.7208E-31 0.0000E+00 0.0000E+00 5.0955E-08 5.0955E-08 0.0000E+00 0.0000E+00 5.0955E-08 5.84E-06 6.89E-06   0.121 1.0000 6.9958E-06   1052.231
12991.00 0.87869543 3.6930E-31 0.0000E+00 0.0000E+00 5.0555E-08 5.0555E-08 0.0000E+00 0.0000E+00 5.0555E-08 5.77E-06 6.86E-06   0.129 1.0000 6.9674E-06   1052.437
13001.00 0.86674261 3.7294E-31 0.0000E+00 0.0000E+00 5.0371E-08 5.0371E-08 0.0000E+00 0.0000E+00 5.0371E-08 5.70E-06 6.87E-06   0.143 1.0000 6.9977E-06   1052.894
13011.00 0.85703772 3.6513E-31 0.0000E+00 0.0000E+00 5.0477E-08 5.0477E-08 0.0000E+00 0.0000E+00 5.0477E-08 5.68E-06 6.91E-06   0.154 1.0000 7.0635E-06   1053.692
13021.00 0.83252794 3.8093E-31 0.0000E+00 0.0000E+00 4.9342E-08 4.9342E-08 0.0000E+00 0.0000E+00 4.9342E-08 5.48E-06 6.85E-06   0.183 1.0000 7.0503E-06   1053.018
13031.00 0.80713671 3.9950E-31 0.0000E+00 0.0000E+00 4.8473E-08 4.8473E-08 0.0000E+00 0.0000E+00 4.8473E-08 5.30E-06 6.83E-06   0.214 1.0000 7.0771E-06   1052.639
13041.00 0.76500207 4.2445E-31 0.0000E+00 0.0000E+00 4.4232E-08 4.4232E-08 0.0000E+00 0.0000E+00 4.4232E-08 4.74E-06 6.39E-06   0.268 1.0000 6.7057E-06   1047.925
13051.00 0.71974683 4.6846E-31 0.0000E+00 0.0000E+00 4.1610E-08 4.1610E-08 0.0000E+00 0.0000E+00 4.1610E-08 4.30E-06 6.25E-06   0.329 1.0000 6.6213E-06   1045.028
13061.00 0.64856780 5.0342E-31 0.0000E+00 0.0000E+00 3.9779E-08 3.9779E-08 0.0000E+00 0.0000E+00 3.9779E-08 3.92E-06 6.33E-06   0.433 1.0000 6.8845E-06   1043.083
13071.00 0.56986803 5.1854E-31 0.0000E+00 0.0000E+00 3.6888E-08 3.6888E-08 0.0000E+00 0.0000E+00 3.6888E-08 3.45E-06 6.28E-06   0.562 1.0000 7.1115E-06   1039.395
13081.00 0.50116807 5.2617E-31 0.0000E+00 0.0000E+00 3.3257E-08 3.3257E-08 0.0000E+00 0.0000E+00 3.3257E-08 2.93E-06 6.09E-06   0.691 1.0000 7.1104E-06   1034.136
13091.00 0.41913193 5.2407E-31 0.0000E+00 0.0000E+00 2.8728E-08 2.8728E-08 0.0000E+00 0.0000E+00 2.8728E-08 2.32E-06 5.81E-06   0.870 1.0000 7.1062E-06   1026.541
13101.00 0.37806046 5.0360E-31 0.0000E+00 0.0000E+00 2.6285E-08 2.6285E-08 0.0000E+00 0.0000E+00 2.6285E-08 2.01E-06 5.62E-06   0.973 1.0000 7.1028E-06   1022.247
13111.00 0.40824184 4.7821E-31 0.0000E+00 0.0000E+00 2.7528E-08 2.7528E-08 0.0000E+00 0.0000E+00 2.7528E-08 2.17E-06 5.63E-06   0.896 1.0000 7.0290E-06   1025.469
13121.00 0.62838036 3.6034E-31 0.0000E+00 0.0000E+00 3.7538E-08 3.7538E-08 0.0000E+00 0.0000E+00 3.7538E-08 3.63E-06 6.05E-06   0.465 1.0000 6.7816E-06   1043.717
13131.00 0.37286767 4.4215E-31 0.0000E+00 0.0000E+00 2.5538E-08 2.5538E-08 0.0000E+00 0.0000E+00 2.5538E-08 1.90E-06 5.55E-06   0.987 1.0000 6.9749E-06   1022.607
13141.00 0.17841592 4.2252E-31 0.0000E+00 0.0000E+00 1.5410E-08 1.5410E-08 0.0000E+00 0.0000E+00 1.5410E-08 6.94E-07 4.91E-06   1.724 1.0000 7.0062E-06    996.030
13151.00 0.16896892 3.8818E-31 0.0000E+00 0.0000E+00 1.5256E-08 1.5256E-08 0.0000E+00 0.0000E+00 1.5256E-08 6.97E-07 4.80E-06   1.778 1.0000 6.9759E-06    996.139
13161.00 0.36764944 4.0065E-31 0.0000E+00 0.0000E+00 2.7456E-08 2.7456E-08 0.0000E+00 0.0000E+00 2.7456E-08 2.05E-06 5.77E-06   1.001 1.0000 7.0394E-06   1028.594
13171.00 0.82738370 1.7962E-31 0.0000E+00 0.0000E+00 5.0216E-08 5.0216E-08 0.0000E+00 0.0000E+00 5.0216E-08 5.42E-06 6.81E-06   0.189 1.0000 7.0248E-06   1064.143
13181.00 0.88995677 1.3167E-31 0.0000E+00 0.0000E+00 5.1912E-08 5.1912E-08 0.0000E+00 0.0000E+00 5.1912E-08 5.75E-06 6.75E-06   0.117 1.0000 6.8540E-06   1066.804
13191.00 0.89124101 1.2367E-31 0.0000E+00 0.0000E+00 5.3294E-08 5.3294E-08 0.0000E+00 0.0000E+00 5.3294E-08 5.90E-06 6.91E-06   0.115 1.0000 7.0170E-06   1069.057
13201.00 0.89118463 1.1763E-31 0.0000E+00 0.0000E+00 5.3092E-08 5.3092E-08 0.0000E+00 0.0000E+00 5.3092E-08 5.87E-06 6.87E-06   0.115 1.0000 6.9786E-06   1069.501
13211.00 0.89107627 1.1191E-31 0.0000E+00 0.0000E+00 5.3171E-08 5.3171E-08 0.0000E+00 0.0000E+00 5.3171E-08 5.87E-06 6.87E-06   0.115 1.0000 6.9776E-06   1070.265
13221.00 0.89085609 1.0665E-31 0.0000E+00 0.0000E+00 5.3087E-08 5.3087E-08 0.0000E+00 0.0000E+00 5.3087E-08 5.85E-06 6.85E-06   0.116 1.0000 6.9558E-06   1070.843
13231.00 0.89061654 1.0167E-31 0.0000E+00 0.0000E+00 5.2884E-08 5.2884E-08 0.0000E+00 0.0000E+00 5.2884E-08 5.81E-06 6.81E-06   0.116 1.0000 6.9184E-06   1071.284
13241.00 0.89042473 9.6852E-32 0.0000E+00 0.0000E+00 5.3850E-08 5.3850E-08 0.0000E+00 0.0000E+00 5.3850E-08 5.91E-06 6.93E-06   0.116 1.0000 7.0339E-06   1073.051
13251.00 0.89026117 9.2216E-32 0.0000E+00 0.0000E+00 5.4090E-08 5.4090E-08 0.0000E+00 0.0000E+00 5.4090E-08 5.92E-06 6.95E-06   0.116 1.0000 7.0541E-06   1073.993
13261.00 0.88994908 8.8005E-32 0.0000E+00 0.0000E+00 5.4336E-08 5.4336E-08 0.0000E+00 0.0000E+00 5.4336E-08 5.94E-06 6.97E-06   0.117 1.0000 7.0756E-06   1074.941
13271.00 0.88983327 8.3727E-32 0.0000E+00 0.0000E+00 5.3860E-08 5.3860E-08 0.0000E+00 0.0000E+00 5.3860E-08 5.87E-06 6.89E-06   0.117 1.0000 7.0026E-06   1075.082
13281.00 0.88961518 7.9782E-32 0.0000E+00 0.0000E+00 5.3469E-08 5.3469E-08 0.0000E+00 0.0000E+00 5.3469E-08 5.82E-06 6.83E-06   0.117 1.0000 6.9412E-06   1075.314
13291.00 0.88938320 7.6040E-32 0.0000E+00 0.0000E+00 5.3360E-08 5.3360E-08 0.0000E+00 0.0000E+00 5.3360E-08 5.80E-06 6.81E-06   0.117 1.0000 6.9165E-06   1075.864
13301.00 0.88907236 7.2548E-32 0.0000E+00 0.0000E+00 5.4156E-08 5.4156E-08 0.0000E+00 0.0000E+00 5.4156E-08 5.87E-06 6.90E-06   0.118 1.0000 7.0096E-06   1077.433
13311.00 0.88894343 6.9046E-32 0.0000E+00 0.0000E+00 5.2588E-08 5.2588E-08 0.0000E+00 0.0000E+00 5.2588E-08 5.69E-06 6.69E-06   0.118 1.0000 6.7959E-06   1076.327
13321.00 0.88848388 6.6024E-32 0.0000E+00 0.0000E+00 5.4281E-08 5.4281E-08 0.0000E+00 0.0000E+00 5.4281E-08 5.86E-06 6.89E-06   0.118 1.0000 7.0050E-06   1078.920
13331.00 0.88836920 6.2836E-32 0.0000E+00 0.0000E+00 5.3866E-08 5.3866E-08 0.0000E+00 0.0000E+00 5.3866E-08 5.80E-06 6.83E-06   0.118 1.0000 6.9407E-06   1079.127
13341.00 0.88820887 5.9822E-32 0.0000E+00 0.0000E+00 5.2721E-08 5.2721E-08 0.0000E+00 0.0000E+00 5.2721E-08 5.67E-06 6.67E-06   0.119 1.0000 6.7825E-06   1078.496
13351.00 0.88808632 5.6917E-32 0.0000E+00 0.0000E+00 5.4423E-08 5.4423E-08 0.0000E+00 0.0000E+00 5.4423E-08 5.84E-06 6.87E-06   0.119 1.0000 6.9903E-06   1081.098
13361.00 0.88787615 5.4236E-32 0.0000E+00 0.0000E+00 5.4186E-08 5.4186E-08 0.0000E+00 0.0000E+00 5.4186E-08 5.80E-06 6.83E-06   0.119 1.0000 6.9490E-06   1081.506
13371.00 0.88746166 5.1853E-32 0.0000E+00 0.0000E+00 5.4217E-08 5.4217E-08 0.0000E+00 0.0000E+00 5.4217E-08 5.79E-06 6.83E-06   0.119 1.0000 6.9428E-06   1082.214
13381.00 0.88718414 4.9449E-32 0.0000E+00 0.0000E+00 5.4616E-08 5.4616E-08 0.0000E+00 0.0000E+00 5.4616E-08 5.83E-06 6.87E-06   0.120 1.0000 6.9829E-06   1083.332
13391.00 0.88695532 4.7132E-32 0.0000E+00 0.0000E+00 5.4723E-08 5.4723E-08 0.0000E+00 0.0000E+00 5.4723E-08 5.83E-06 6.87E-06   0.120 1.0000 6.9856E-06   1084.125
13401.00 0.88666421 4.4980E-32 0.0000E+00 0.0000E+00 5.4384E-08 5.4384E-08 0.0000E+00 0.0000E+00 5.4384E-08 5.78E-06 6.81E-06   0.120 1.0000 6.9311E-06   1084.418
13411.00 0.88597274 4.3184E-32 0.0000E+00 0.0000E+00 5.4978E-08 5.4978E-08 0.0000E+00 0.0000E+00 5.4978E-08 5.83E-06 6.88E-06   0.121 1.0000 6.9973E-06   1085.755
13421.00 0.88619131 4.0880E-32 0.0000E+00 0.0000E+00 5.3890E-08 5.3890E-08 0.0000E+00 0.0000E+00 5.3890E-08 5.70E-06 6.73E-06   0.121 1.0000 6.8463E-06   1085.207
13431.00 0.88522929 3.9422E-32 0.0000E+00 0.0000E+00 5.3270E-08 5.3270E-08 0.0000E+00 0.0000E+00 5.3270E-08 5.62E-06 6.64E-06   0.122 1.0000 6.7587E-06   1085.173
13441.00 0.88481295 3.7703E-32 0.0000E+00 0.0000E+00 5.5085E-08 5.5085E-08 0.0000E+00 0.0000E+00 5.5085E-08 5.80E-06 6.86E-06   0.122 1.0000 6.9782E-06   1087.892
13451.00 0.88533711 3.5508E-32 0.0000E+00 0.0000E+00 5.5213E-08 5.5213E-08 0.0000E+00 0.0000E+00 5.5213E-08 5.81E-06 6.86E-06   0.122 1.0000 6.9805E-06   1088.707
13461.00 0.88208020 3.5410E-32 0.0000E+00 0.0000E+00 5.4699E-08 5.4699E-08 0.0000E+00 0.0000E+00 5.4699E-08 5.72E-06 6.80E-06   0.125 1.0000 6.9145E-06   1088.807
13471.00 0.88142538 3.3991E-32 0.0000E+00 0.0000E+00 5.2844E-08 5.2844E-08 0.0000E+00 0.0000E+00 5.2844E-08 5.51E-06 6.56E-06   0.126 1.0000 6.6706E-06   1087.370
13481.00 0.88103151 3.2437E-32 0.0000E+00 0.0000E+00 5.2967E-08 5.2967E-08 0.0000E+00 0.0000E+00 5.2967E-08 5.52E-06 6.56E-06   0.127 1.0000 6.6756E-06   1088.183
13491.00 0.87714016 3.2513E-32 0.0000E+00 0.0000E+00 5.2820E-08 5.2820E-08 0.0000E+00 0.0000E+00 5.2820E-08 5.47E-06 6.55E-06   0.131 1.0000 6.6588E-06   1088.685
13501.00 0.88037115 2.9583E-32 0.0000E+00 0.0000E+00 5.4529E-08 5.4529E-08 0.0000E+00 0.0000E+00 5.4529E-08 5.65E-06 6.73E-06   0.127 1.0000 6.8511E-06   1091.306
13511.00 0.87482494 3.0169E-32 0.0000E+00 0.0000E+00 5.4437E-08 5.4437E-08 0.0000E+00 0.0000E+00 5.4437E-08 5.60E-06 6.73E-06   0.134 1.0000 6.8479E-06   1091.874
13521.00 0.86799842 3.1131E-32 0.0000E+00 0.0000E+00 5.4386E-08 5.4386E-08 0.0000E+00 0.0000E+00 5.4386E-08 5.55E-06 6.74E-06   0.142 1.0000 6.8549E-06   1092.488
13531.00 0.87028003 2.8859E-32 0.0000E+00 0.0000E+00 5.2796E-08 5.2796E-08 0.0000E+00 0.0000E+00 5.2796E-08 5.39E-06 6.52E-06   0.139 1.0000 6.6352E-06   1091.341
13541.00 0.86186159 3.0000E-32 0.0000E+00 0.0000E+00 5.4188E-08 5.4188E-08 0.0000E+00 0.0000E+00 5.4188E-08 5.48E-06 6.71E-06   0.149 1.0000 6.8288E-06   1093.608
13551.00 0.86996323 2.6137E-32 0.0000E+00 0.0000E+00 5.5632E-08 5.5632E-08 0.0000E+00 0.0000E+00 5.5632E-08 5.66E-06 6.85E-06   0.139 1.0000 6.9678E-06   1095.897
13561.00 0.86110932 2.7172E-32 0.0000E+00 0.0000E+00 5.5555E-08 5.5555E-08 0.0000E+00 0.0000E+00 5.5555E-08 5.59E-06 6.86E-06   0.150 1.0000 6.9805E-06   1096.484
13571.00 0.85150939 2.8510E-32 0.0000E+00 0.0000E+00 5.4961E-08 5.4961E-08 0.0000E+00 0.0000E+00 5.4961E-08 5.47E-06 6.81E-06   0.161 1.0000 6.9293E-06   1096.494
13581.00 0.84801972 2.7832E-32 0.0000E+00 0.0000E+00 5.4441E-08 5.4441E-08 0.0000E+00 0.0000E+00 5.4441E-08 5.39E-06 6.75E-06   0.165 1.0000 6.8674E-06   1096.580
13591.00 0.85823321 2.4047E-32 0.0000E+00 0.0000E+00 5.4528E-08 5.4528E-08 0.0000E+00 0.0000E+00 5.4528E-08 5.45E-06 6.71E-06   0.153 1.0000 6.8280E-06   1097.351
13601.00 0.85222238 2.4484E-32 0.0000E+00 0.0000E+00 5.5191E-08 5.5191E-08 0.0000E+00 0.0000E+00 5.5191E-08 5.47E-06 6.80E-06   0.160 1.0000 6.9178E-06   1098.766
13611.00 0.85133171 2.3320E-32 0.0000E+00 0.0000E+00 5.5769E-08 5.5769E-08 0.0000E+00 0.0000E+00 5.5769E-08 5.51E-06 6.86E-06   0.161 1.0000 6.9838E-06   1100.082
13621.00 0.86729926 1.8767E-32 0.0000E+00 0.0000E+00 5.6501E-08 5.6501E-08 0.0000E+00 0.0000E+00 5.6501E-08 5.66E-06 6.88E-06   0.142 1.0000 7.0039E-06   1101.561
13631.00 0.83583421 2.3842E-32 0.0000E+00 0.0000E+00 5.5056E-08 5.5056E-08 0.0000E+00 0.0000E+00 5.5056E-08 5.35E-06 6.81E-06   0.179 1.0000 6.9291E-06   1100.630
13641.00 0.84406161 2.1464E-32 0.0000E+00 0.0000E+00 5.4499E-08 5.4499E-08 0.0000E+00 0.0000E+00 5.4499E-08 5.32E-06 6.69E-06   0.170 1.0000 6.8141E-06   1100.674
13651.00 0.84657294 1.9659E-32 0.0000E+00 0.0000E+00 5.4733E-08 5.4733E-08 0.0000E+00 0.0000E+00 5.4733E-08 5.35E-06 6.71E-06   0.167 1.0000 6.8293E-06   1101.610
13661.00 0.79280335 2.6822E-32 0.0000E+00 0.0000E+00 5.3818E-08 5.3818E-08 0.0000E+00 0.0000E+00 5.3818E-08 4.99E-06 6.79E-06   0.232 1.0000 6.9146E-06   1101.240
13671.00 0.78961390 2.6356E-32 0.0000E+00 0.0000E+00 5.3404E-08 5.3404E-08 0.0000E+00 0.0000E+00 5.3404E-08 4.91E-06 6.73E-06   0.236 1.0000 6.8594E-06   1101.434
13681.00 0.79612708 2.3445E-32 0.0000E+00 0.0000E+00 5.2738E-08 5.2738E-08 0.0000E+00 0.0000E+00 5.2738E-08 4.89E-06 6.62E-06   0.228 1.0000 6.7477E-06   1101.330
13691.00 0.76764375 2.5987E-32 0.0000E+00 0.0000E+00 5.3360E-08 5.3360E-08 0.0000E+00 0.0000E+00 5.3360E-08 4.80E-06 6.80E-06   0.264 1.0000 6.9298E-06   1102.724
13701.00 0.80977625 2.0126E-32 0.0000E+00 0.0000E+00 5.4559E-08 5.4559E-08 0.0000E+00 0.0000E+00 5.4559E-08 5.10E-06 6.76E-06   0.211 1.0000 6.8895E-06   1104.768
13711.00 0.74248934 2.5736E-32 0.0000E+00 0.0000E+00 5.0013E-08 5.0013E-08 0.0000E+00 0.0000E+00 5.0013E-08 4.38E-06 6.46E-06   0.298 1.0000 6.5819E-06   1100.075
13721.00 0.80992365 1.7134E-32 0.0000E+00 0.0000E+00 5.2735E-08 5.2735E-08 0.0000E+00 0.0000E+00 5.2735E-08 4.95E-06 6.53E-06   0.211 1.0000 6.6556E-06   1104.006
13731.00 0.78948206 1.8892E-32 0.0000E+00 0.0000E+00 5.3761E-08 5.3761E-08 0.0000E+00 0.0000E+00 5.3761E-08 4.90E-06 6.72E-06   0.236 1.0000 6.8519E-06   1105.867
13741.00 0.71647906 2.4220E-32 0.0000E+00 0.0000E+00 5.1624E-08 5.1624E-08 0.0000E+00 0.0000E+00 5.1624E-08 4.38E-06 6.75E-06   0.333 1.0000 6.8890E-06   1104.030
13751.00 0.79942745 1.5821E-32 0.0000E+00 0.0000E+00 5.5167E-08 5.5167E-08 0.0000E+00 0.0000E+00 5.5167E-08 5.09E-06 6.84E-06   0.224 1.0000 6.9714E-06   1108.809
13761.00 0.75014460 1.8625E-32 0.0000E+00 0.0000E+00 5.2947E-08 5.2947E-08 0.0000E+00 0.0000E+00 5.2947E-08 4.66E-06 6.76E-06   0.287 1.0000 6.9003E-06   1106.932
13771.00 0.78419560 1.6408E-32 0.0000E+00 0.0000E+00 5.3922E-08 5.3922E-08 0.0000E+00 0.0000E+00 5.3922E-08 4.85E-06 6.70E-06   0.243 1.0000 6.8340E-06   1108.732
13781.00 0.74260539 1.7439E-32 0.0000E+00 0.0000E+00 5.3040E-08 5.3040E-08 0.0000E+00 0.0000E+00 5.3040E-08 4.62E-06 6.78E-06   0.298 1.0000 6.9166E-06   1108.380
13791.00 0.77105236 1.5208E-32 0.0000E+00 0.0000E+00 5.3879E-08 5.3879E-08 0.0000E+00 0.0000E+00 5.3879E-08 4.79E-06 6.74E-06   0.260 1.0000 6.8767E-06   1110.023
13801.00 0.73968816 1.5279E-32 0.0000E+00 0.0000E+00 5.2715E-08 5.2715E-08 0.0000E+00 0.0000E+00 5.2715E-08 4.59E-06 6.74E-06   0.302 1.0000 6.8804E-06   1109.337
13811.00 0.75679654 1.3646E-32 0.0000E+00 0.0000E+00 5.3513E-08 5.3513E-08 0.0000E+00 0.0000E+00 5.3513E-08 4.72E-06 6.76E-06   0.279 1.0000 6.8949E-06   1110.938
13821.00 0.72175026 1.5129E-32 0.0000E+00 0.0000E+00 5.2755E-08 5.2755E-08 0.0000E+00 0.0000E+00 5.2755E-08 4.48E-06 6.80E-06   0.326 1.0000 6.9471E-06   1110.722
13831.00 0.81622416 9.5519E-33 0.0000E+00 0.0000E+00 5.5740E-08 5.5740E-08 0.0000E+00 0.0000E+00 5.5740E-08 5.15E-06 6.74E-06   0.203 1.0000 6.8800E-06   1114.818
13841.00 0.82938552 8.2261E-33 0.0000E+00 0.0000E+00 5.4468E-08 5.4468E-08 0.0000E+00 0.0000E+00 5.4468E-08 5.09E-06 6.53E-06   0.187 1.0000 6.6572E-06   1114.049
13851.00 0.83212221 7.8753E-33 0.0000E+00 0.0000E+00 5.6383E-08 5.6383E-08 0.0000E+00 0.0000E+00 5.6383E-08 5.25E-06 6.73E-06   0.184 1.0000 6.8689E-06   1116.877
13861.00 0.83450574 7.3355E-33 0.0000E+00 0.0000E+00 5.6365E-08 5.6365E-08 0.0000E+00 0.0000E+00 5.6365E-08 5.26E-06 6.71E-06   0.181 1.0000 6.8448E-06   1117.528
13871.00 0.76137823 9.8590E-33 0.0000E+00 0.0000E+00 5.1871E-08 5.1871E-08 0.0000E+00 0.0000E+00 5.1871E-08 4.55E-06 6.47E-06   0.273 1.0000 6.6067E-06   1113.017
13881.00 0.69564909 1.1906E-32 0.0000E+00 0.0000E+00 5.1438E-08 5.1438E-08 0.0000E+00 0.0000E+00 5.1438E-08 4.22E-06 6.69E-06   0.363 1.0000 6.8443E-06   1113.164
13891.00 0.72189033 1.0998E-32 0.0000E+00 0.0000E+00 5.2151E-08 5.2151E-08 0.0000E+00 0.0000E+00 5.2151E-08 4.35E-06 6.63E-06   0.326 1.0000 6.7708E-06   1114.687
13901.00 0.71077371 1.0776E-32 0.0000E+00 0.0000E+00 5.0660E-08 5.0660E-08 0.0000E+00 0.0000E+00 5.0660E-08 4.17E-06 6.48E-06   0.341 1.0000 6.6271E-06   1113.554
13911.00 0.67766470 1.0950E-32 0.0000E+00 0.0000E+00 4.9245E-08 4.9245E-08 0.0000E+00 0.0000E+00 4.9245E-08 3.95E-06 6.44E-06   0.389 1.0000 6.5880E-06   1112.468
13921.00 0.74230862 8.3578E-33 0.0000E+00 0.0000E+00 5.2216E-08 5.2216E-08 0.0000E+00 0.0000E+00 5.2216E-08 4.46E-06 6.53E-06   0.298 1.0000 6.6696E-06   1116.769
13931.00 0.72277331 9.1805E-33 0.0000E+00 0.0000E+00 5.2890E-08 5.2890E-08 0.0000E+00 0.0000E+00 5.2890E-08 4.37E-06 6.65E-06   0.325 1.0000 6.7975E-06   1118.236
13941.00 0.73799920 8.6198E-33 0.0000E+00 0.0000E+00 5.4630E-08 5.4630E-08 0.0000E+00 0.0000E+00 5.4630E-08 4.54E-06 6.78E-06   0.304 1.0000 6.9216E-06   1120.929
13951.00 0.80241501 6.0659E-33 0.0000E+00 0.0000E+00 5.4535E-08 5.4535E-08 0.0000E+00 0.0000E+00 5.4535E-08 4.83E-06 6.50E-06   0.220 1.0000 6.6387E-06   1121.489
13961.00 0.85027653 3.9951E-33 0.0000E+00 0.0000E+00 5.7605E-08 5.7605E-08 0.0000E+00 0.0000E+00 5.7605E-08 5.35E-06 6.67E-06   0.162 1.0000 6.8145E-06   1125.603
13971.00 0.85845637 3.4782E-33 0.0000E+00 0.0000E+00 5.8171E-08 5.8171E-08 0.0000E+00 0.0000E+00 5.8171E-08 5.44E-06 6.70E-06   0.153 1.0000 6.8419E-06   1126.890
13981.00 0.85386950 3.4478E-33 0.0000E+00 0.0000E+00 5.6502E-08 5.6502E-08 0.0000E+00 0.0000E+00 5.6502E-08 5.25E-06 6.51E-06   0.158 1.0000 6.6525E-06   1125.724
13991.00 0.86037576 3.0443E-33 0.0000E+00 0.0000E+00 5.7186E-08 5.7186E-08 0.0000E+00 0.0000E+00 5.7186E-08 5.34E-06 6.56E-06   0.150 1.0000 6.6990E-06   1127.153
14001.00 0.86360157 2.7905E-33 0.0000E+00 0.0000E+00 5.9066E-08 5.9066E-08 0.0000E+00 0.0000E+00 5.9066E-08 5.52E-06 6.75E-06   0.147 1.0000 6.8966E-06   1129.869
14011.00 0.86617237 2.5704E-33 0.0000E+00 0.0000E+00 5.8932E-08 5.8932E-08 0.0000E+00 0.0000E+00 5.8932E-08 5.52E-06 6.72E-06   0.144 1.0000 6.8603E-06   1130.396
14021.00 0.86349553 2.5290E-33 0.0000E+00 0.0000E+00 5.7616E-08 5.7616E-08 0.0000E+00 0.0000E+00 5.7616E-08 5.37E-06 6.56E-06   0.147 1.0000 6.7046E-06   1129.637
14031.00 0.86793363 2.2771E-33 0.0000E+00 0.0000E+00 5.8718E-08 5.8718E-08 0.0000E+00 0.0000E+00 5.8718E-08 5.49E-06 6.66E-06   0.142 1.0000 6.8054E-06   1131.507
14041.00 0.86639690 2.1986E-33 0.0000E+00 0.0000E+00 5.8668E-08 5.8668E-08 0.0000E+00 0.0000E+00 5.8668E-08 5.46E-06 6.65E-06   0.143 1.0000 6.7943E-06   1132.125
14051.00 0.86765242 2.0586E-33 0.0000E+00 0.0000E+00 5.8732E-08 5.8732E-08 0.0000E+00 0.0000E+00 5.8732E-08 5.47E-06 6.64E-06   0.142 1.0000 6.7860E-06   1132.865
14061.00 0.86499876 2.0210E-33 0.0000E+00 0.0000E+00 5.8878E-08 5.8878E-08 0.0000E+00 0.0000E+00 5.8878E-08 5.46E-06 6.66E-06   0.145 1.0000 6.8011E-06   1133.693
14071.00 0.86353105 1.9527E-33 0.0000E+00 0.0000E+00 5.9896E-08 5.9896E-08 0.0000E+00 0.0000E+00 5.9896E-08 5.53E-06 6.77E-06   0.147 1.0000 6.9130E-06   1135.454
14081.00 0.86223453 1.8845E-33 0.0000E+00 0.0000E+00 6.0031E-08 6.0031E-08 0.0000E+00 0.0000E+00 6.0031E-08 5.53E-06 6.77E-06   0.148 1.0000 6.9222E-06   1136.269
14091.00 0.86433047 1.7505E-33 0.0000E+00 0.0000E+00 5.9558E-08 5.9558E-08 0.0000E+00 0.0000E+00 5.9558E-08 5.49E-06 6.70E-06   0.146 1.0000 6.8480E-06   1136.436
14101.00 0.86201346 1.7052E-33 0.0000E+00 0.0000E+00 5.8886E-08 5.8886E-08 0.0000E+00 0.0000E+00 5.8886E-08 5.40E-06 6.62E-06   0.148 1.0000 6.7686E-06   1136.384
14111.00 0.86527848 1.5569E-33 0.0000E+00 0.0000E+00 5.8834E-08 5.8834E-08 0.0000E+00 0.0000E+00 5.8834E-08 5.41E-06 6.59E-06   0.145 1.0000 6.7405E-06   1136.998
14121.00 0.85641819 1.6366E-33 0.0000E+00 0.0000E+00 6.0337E-08 6.0337E-08 0.0000E+00 0.0000E+00 6.0337E-08 5.48E-06 6.78E-06   0.155 1.0000 6.9338E-06   1139.278
14131.00 0.85895520 1.5143E-33 0.0000E+00 0.0000E+00 6.0319E-08 6.0319E-08 0.0000E+00 0.0000E+00 6.0319E-08 5.49E-06 6.76E-06   0.152 1.0000 6.9114E-06   1139.930
14141.00 0.86206323 1.3855E-33 0.0000E+00 0.0000E+00 5.8394E-08 5.8394E-08 0.0000E+00 0.0000E+00 5.8394E-08 5.32E-06 6.52E-06   0.148 1.0000 6.6690E-06   1138.530
14151.00 0.85404474 1.4390E-33 0.0000E+00 0.0000E+00 5.9702E-08 5.9702E-08 0.0000E+00 0.0000E+00 5.9702E-08 5.39E-06 6.69E-06   0.158 1.0000 6.8364E-06   1140.614
14161.00 0.85422122 1.3590E-33 0.0000E+00 0.0000E+00 5.9708E-08 5.9708E-08 0.0000E+00 0.0000E+00 5.9708E-08 5.38E-06 6.68E-06   0.158 1.0000 6.8263E-06   1141.291
14171.00 0.84968436 1.3494E-33 0.0000E+00 0.0000E+00 5.9618E-08 5.9618E-08 0.0000E+00 0.0000E+00 5.9618E-08 5.34E-06 6.67E-06   0.163 1.0000 6.8218E-06   1141.865
14181.00 0.84735537 1.3189E-33 0.0000E+00 0.0000E+00 6.0469E-08 6.0469E-08 0.0000E+00 0.0000E+00 6.0469E-08 5.39E-06 6.76E-06   0.166 1.0000 6.9162E-06   1143.443
14191.00 0.86014897 1.0953E-33 0.0000E+00 0.0000E+00 6.0846E-08 6.0846E-08 0.0000E+00 0.0000E+00 6.0846E-08 5.49E-06 6.75E-06   0.151 1.0000 6.9005E-06   1144.513
14201.00 0.83803964 1.2776E-33 0.0000E+00 0.0000E+00 5.9394E-08 5.9394E-08 0.0000E+00 0.0000E+00 5.9394E-08 5.24E-06 6.65E-06   0.177 1.0000 6.8083E-06   1143.635
14211.00 0.86023760 9.8414E-34 0.0000E+00 0.0000E+00 6.0149E-08 6.0149E-08 0.0000E+00 0.0000E+00 6.0149E-08 5.41E-06 6.65E-06   0.151 1.0000 6.7993E-06   1145.114
14221.00 0.84674102 1.0638E-33 0.0000E+00 0.0000E+00 5.9795E-08 5.9795E-08 0.0000E+00 0.0000E+00 5.9795E-08 5.30E-06 6.65E-06   0.166 1.0000 6.7995E-06   1145.406
14231.00 0.82887739 1.1825E-33 0.0000E+00 0.0000E+00 5.8338E-08 5.8338E-08 0.0000E+00 0.0000E+00 5.8338E-08 5.07E-06 6.54E-06   0.188 1.0000 6.6909E-06   1144.496
14241.00 0.83997470 1.0236E-33 0.0000E+00 0.0000E+00 5.9204E-08 5.9204E-08 0.0000E+00 0.0000E+00 5.9204E-08 5.20E-06 6.58E-06   0.174 1.0000 6.7352E-06   1146.109
14251.00 0.83243698 1.0382E-33 0.0000E+00 0.0000E+00 5.7742E-08 5.7742E-08 0.0000E+00 0.0000E+00 5.7742E-08 5.02E-06 6.43E-06   0.183 1.0000 6.5845E-06   1145.177
14261.00 0.84254688 9.1347E-34 0.0000E+00 0.0000E+00 5.9682E-08 5.9682E-08 0.0000E+00 0.0000E+00 5.9682E-08 5.22E-06 6.60E-06   0.171 1.0000 6.7582E-06   1147.965
14271.00 0.82479787 9.9824E-34 0.0000E+00 0.0000E+00 5.8815E-08 5.8815E-08 0.0000E+00 0.0000E+00 5.8815E-08 5.05E-06 6.56E-06   0.193 1.0000 6.7184E-06   1147.695
14281.00 0.83912784 8.3972E-34 0.0000E+00 0.0000E+00 5.9419E-08 5.9419E-08 0.0000E+00 0.0000E+00 5.9419E-08 5.17E-06 6.57E-06   0.175 1.0000 6.7221E-06   1149.021
 -9999.
