T F 2    2    2    0    2    2    2    2    2    2    1    0    0   0.0000.00000
    1    1    1    0    0    0  50.00000   0.00000   0.00000   0.00000   0.00000
 -99.000 -99.000 -99.000
 -99.00000 -99.00000 -99.00000  2.922360  0.000710 ! H2O & O3 COLUMNS [GM/CM2]
   36MID-LATITUDE SUMMER 
  10.00000   5.00000 104.55691  20.00071   0.17395   0.00000    0        0.00000
    0    0  172    0
   0.00000   0.00000   0.00000  70.01456   0.00000 180.00000   0.00000   0.00000
    9091.0   14286.0      10.0      10.0NW              
    0   0    0.000  0    0.000  0    1.000
    FREQ  TOT_TRANS  PTH_THRML  THRML_SCT  SURF_EMIS   SOL_SCAT  SING_SCAT  GRND_RFLT  DRCT_RFLT  TOTAL_RAD  REF_SOL  SOL@OBS   DEPTH DIR_EM    TOA_SUN BBODY_T[K]
 9091.00 0.90026188 1.2970E-23 0.0000E+00 0.0000E+00 1.6627E-08 1.6627E-08 0.0000E+00 0.0000E+00 1.6627E-08 5.78E-06 6.83E-06   0.105 1.0000 6.9214E-06    734.786
 9101.00 0.91689289 1.0565E-23 0.0000E+00 0.0000E+00 1.6486E-08 1.6486E-08 0.0000E+00 0.0000E+00 1.6486E-08 5.78E-06 6.67E-06   0.087 1.0000 6.7529E-06    735.107
 9111.00 0.93132752 8.2859E-24 0.0000E+00 0.0000E+00 1.6776E-08 1.6776E-08 0.0000E+00 0.0000E+00 1.6776E-08 5.94E-06 6.69E-06   0.071 1.0000 6.7702E-06    736.498
 9121.00 0.92972028 7.9216E-24 0.0000E+00 0.0000E+00 1.6769E-08 1.6769E-08 0.0000E+00 0.0000E+00 1.6769E-08 5.91E-06 6.68E-06   0.073 1.0000 6.7570E-06    737.154
 9131.00 0.92666483 7.8971E-24 0.0000E+00 0.0000E+00 1.6676E-08 1.6676E-08 0.0000E+00 0.0000E+00 1.6676E-08 5.85E-06 6.64E-06   0.076 1.0000 6.7175E-06    737.596
 9141.00 0.94348711 5.7535E-24 0.0000E+00 0.0000E+00 1.6261E-08 1.6261E-08 0.0000E+00 0.0000E+00 1.6261E-08 5.77E-06 6.37E-06   0.058 1.0000 6.4440E-06    737.224
 9151.00 0.92393845 7.1243E-24 0.0000E+00 0.0000E+00 1.7095E-08 1.7095E-08 0.0000E+00 0.0000E+00 1.7095E-08 5.96E-06 6.77E-06   0.079 1.0000 6.8615E-06    739.969
 9161.00 0.95421165 3.9982E-24 0.0000E+00 0.0000E+00 1.7751E-08 1.7751E-08 0.0000E+00 0.0000E+00 1.7751E-08 6.33E-06 6.85E-06   0.047 1.0000 6.9345E-06    742.211
 9171.00 0.93523866 5.5342E-24 0.0000E+00 0.0000E+00 1.7671E-08 1.7671E-08 0.0000E+00 0.0000E+00 1.7671E-08 6.18E-06 6.90E-06   0.067 1.0000 6.9883E-06    742.695
 9181.00 0.94534695 4.4656E-24 0.0000E+00 0.0000E+00 1.7572E-08 1.7572E-08 0.0000E+00 0.0000E+00 1.7572E-08 6.17E-06 6.79E-06   0.056 1.0000 6.8738E-06    743.133
 9191.00 0.95397097 3.5028E-24 0.0000E+00 0.0000E+00 1.7692E-08 1.7692E-08 0.0000E+00 0.0000E+00 1.7692E-08 6.25E-06 6.77E-06   0.047 1.0000 6.8531E-06    744.091
 9201.00 0.94139564 4.2256E-24 0.0000E+00 0.0000E+00 1.7378E-08 1.7378E-08 0.0000E+00 0.0000E+00 1.7378E-08 6.06E-06 6.70E-06   0.060 1.0000 6.7792E-06    744.014
 9211.00 0.94185382 3.9927E-24 0.0000E+00 0.0000E+00 1.8074E-08 1.8074E-08 0.0000E+00 0.0000E+00 1.8074E-08 6.29E-06 6.94E-06   0.060 1.0000 7.0277E-06    746.335
 9221.00 0.94992989 3.2815E-24 0.0000E+00 0.0000E+00 1.8088E-08 1.8088E-08 0.0000E+00 0.0000E+00 1.8088E-08 6.31E-06 6.88E-06   0.051 1.0000 6.9689E-06    747.041
 9231.00 0.94775945 3.2526E-24 0.0000E+00 0.0000E+00 1.7655E-08 1.7655E-08 0.0000E+00 0.0000E+00 1.7655E-08 6.13E-06 6.71E-06   0.054 1.0000 6.7955E-06    746.696
 9241.00 0.95476949 2.6184E-24 0.0000E+00 0.0000E+00 1.7775E-08 1.7775E-08 0.0000E+00 0.0000E+00 1.7775E-08 6.19E-06 6.70E-06   0.046 1.0000 6.7842E-06    747.653
 9251.00 0.94895673 2.8542E-24 0.0000E+00 0.0000E+00 1.8051E-08 1.8051E-08 0.0000E+00 0.0000E+00 1.8051E-08 6.24E-06 6.82E-06   0.052 1.0000 6.9007E-06    748.974
 9261.00 0.95147300 2.5569E-24 0.0000E+00 0.0000E+00 1.8381E-08 1.8381E-08 0.0000E+00 0.0000E+00 1.8381E-08 6.35E-06 6.91E-06   0.050 1.0000 6.9947E-06    750.410
 9271.00 0.95631927 2.1442E-24 0.0000E+00 0.0000E+00 1.8185E-08 1.8185E-08 0.0000E+00 0.0000E+00 1.8185E-08 6.29E-06 6.79E-06   0.045 1.0000 6.8762E-06    750.632
 9281.00 0.94803071 2.4934E-24 0.0000E+00 0.0000E+00 1.8531E-08 1.8531E-08 0.0000E+00 0.0000E+00 1.8531E-08 6.34E-06 6.94E-06   0.053 1.0000 7.0330E-06    752.102
 9291.00 0.95593995 1.9330E-24 0.0000E+00 0.0000E+00 1.8640E-08 1.8640E-08 0.0000E+00 0.0000E+00 1.8640E-08 6.41E-06 6.92E-06   0.045 1.0000 7.0135E-06    753.023
 9301.00 0.95171720 2.0346E-24 0.0000E+00 0.0000E+00 1.8228E-08 1.8228E-08 0.0000E+00 0.0000E+00 1.8228E-08 6.22E-06 6.77E-06   0.049 1.0000 6.8637E-06    752.751
 9311.00 0.95269835 1.8742E-24 0.0000E+00 0.0000E+00 1.8608E-08 1.8608E-08 0.0000E+00 0.0000E+00 1.8608E-08 6.34E-06 6.89E-06   0.048 1.0000 6.9849E-06    754.297
 9321.00 0.95138508 1.8200E-24 0.0000E+00 0.0000E+00 1.8365E-08 1.8365E-08 0.0000E+00 0.0000E+00 1.8365E-08 6.23E-06 6.79E-06   0.050 1.0000 6.8861E-06    754.412
 9331.00 0.95053160 1.7446E-24 0.0000E+00 0.0000E+00 1.8720E-08 1.8720E-08 0.0000E+00 0.0000E+00 1.8720E-08 6.33E-06 6.91E-06   0.051 1.0000 7.0103E-06    755.900
 9341.00 0.94901645 1.6943E-24 0.0000E+00 0.0000E+00 1.8651E-08 1.8651E-08 0.0000E+00 0.0000E+00 1.8651E-08 6.28E-06 6.87E-06   0.052 1.0000 6.9794E-06    756.416
 9351.00 0.94609195 1.7007E-24 0.0000E+00 0.0000E+00 1.7910E-08 1.7910E-08 0.0000E+00 0.0000E+00 1.7910E-08 6.00E-06 6.60E-06   0.055 1.0000 6.7060E-06    755.366
 9361.00 0.94434482 1.6379E-24 0.0000E+00 0.0000E+00 1.8454E-08 1.8454E-08 0.0000E+00 0.0000E+00 1.8454E-08 6.16E-06 6.79E-06   0.057 1.0000 6.9146E-06    757.308
 9371.00 0.94323057 1.5874E-24 0.0000E+00 0.0000E+00 1.8731E-08 1.8731E-08 0.0000E+00 0.0000E+00 1.8731E-08 6.22E-06 6.88E-06   0.058 1.0000 7.0062E-06    758.616
 9381.00 0.94310057 1.5045E-24 0.0000E+00 0.0000E+00 1.8688E-08 1.8688E-08 0.0000E+00 0.0000E+00 1.8688E-08 6.19E-06 6.85E-06   0.059 1.0000 6.9727E-06    759.191
 9391.00 0.94286674 1.4384E-24 0.0000E+00 0.0000E+00 1.9062E-08 1.9062E-08 0.0000E+00 0.0000E+00 1.9062E-08 6.30E-06 6.97E-06   0.059 1.0000 7.0927E-06    760.711
 9401.00 0.94414556 1.3353E-24 0.0000E+00 0.0000E+00 1.9001E-08 1.9001E-08 0.0000E+00 0.0000E+00 1.9001E-08 6.26E-06 6.92E-06   0.057 1.0000 7.0394E-06    761.248
 9411.00 0.94496810 1.2560E-24 0.0000E+00 0.0000E+00 1.9037E-08 1.9037E-08 0.0000E+00 0.0000E+00 1.9037E-08 6.26E-06 6.90E-06   0.057 1.0000 7.0221E-06    762.001
 9421.00 0.94612837 1.1678E-24 0.0000E+00 0.0000E+00 1.9071E-08 1.9071E-08 0.0000E+00 0.0000E+00 1.9071E-08 6.26E-06 6.89E-06   0.055 1.0000 7.0055E-06    762.752
 9431.00 0.94678444 1.0968E-24 0.0000E+00 0.0000E+00 1.9038E-08 1.9038E-08 0.0000E+00 0.0000E+00 1.9038E-08 6.24E-06 6.85E-06   0.055 1.0000 6.9676E-06    763.350
 9441.00 0.94753289 1.0290E-24 0.0000E+00 0.0000E+00 1.9056E-08 1.9056E-08 0.0000E+00 0.0000E+00 1.9056E-08 6.23E-06 6.84E-06   0.054 1.0000 6.9484E-06    764.063
 9451.00 0.94874316 9.5736E-25 0.0000E+00 0.0000E+00 1.9210E-08 1.9210E-08 0.0000E+00 0.0000E+00 1.9210E-08 6.27E-06 6.87E-06   0.053 1.0000 6.9764E-06    765.083
 9461.00 0.95013171 8.8710E-25 0.0000E+00 0.0000E+00 1.9599E-08 1.9599E-08 0.0000E+00 0.0000E+00 1.9599E-08 6.39E-06 6.98E-06   0.051 1.0000 7.0891E-06    766.620
 9471.00 0.95140201 8.2365E-25 0.0000E+00 0.0000E+00 1.9680E-08 1.9680E-08 0.0000E+00 0.0000E+00 1.9680E-08 6.41E-06 6.98E-06   0.050 1.0000 7.0904E-06    767.470
 9481.00 0.95247263 7.6678E-25 0.0000E+00 0.0000E+00 1.9735E-08 1.9735E-08 0.0000E+00 0.0000E+00 1.9735E-08 6.42E-06 6.98E-06   0.049 1.0000 7.0848E-06    768.265
 9491.00 0.95327753 7.1696E-25 0.0000E+00 0.0000E+00 1.9637E-08 1.9637E-08 0.0000E+00 0.0000E+00 1.9637E-08 6.38E-06 6.93E-06   0.048 1.0000 7.0271E-06    768.724
 9501.00 0.95382696 6.7378E-25 0.0000E+00 0.0000E+00 1.9804E-08 1.9804E-08 0.0000E+00 0.0000E+00 1.9804E-08 6.42E-06 6.96E-06   0.047 1.0000 7.0663E-06    769.763
 9511.00 0.95445395 6.3257E-25 0.0000E+00 0.0000E+00 1.9883E-08 1.9883E-08 0.0000E+00 0.0000E+00 1.9883E-08 6.43E-06 6.97E-06   0.047 1.0000 7.0729E-06    770.609
 9521.00 0.95474577 5.9667E-25 0.0000E+00 0.0000E+00 1.9921E-08 1.9921E-08 0.0000E+00 0.0000E+00 1.9921E-08 6.43E-06 6.97E-06   0.046 1.0000 7.0689E-06    771.365
 9531.00 0.95490116 5.6473E-25 0.0000E+00 0.0000E+00 2.0010E-08 2.0010E-08 0.0000E+00 0.0000E+00 2.0010E-08 6.45E-06 6.98E-06   0.046 1.0000 7.0837E-06    772.233
 9541.00 0.95578682 5.2823E-25 0.0000E+00 0.0000E+00 2.0088E-08 2.0088E-08 0.0000E+00 0.0000E+00 2.0088E-08 6.46E-06 6.99E-06   0.045 1.0000 7.0847E-06    773.075
 9551.00 0.95598632 4.9980E-25 0.0000E+00 0.0000E+00 1.9950E-08 1.9950E-08 0.0000E+00 0.0000E+00 1.9950E-08 6.40E-06 6.92E-06   0.045 1.0000 7.0183E-06    773.447
 9561.00 0.95613265 4.7329E-25 0.0000E+00 0.0000E+00 1.9786E-08 1.9786E-08 0.0000E+00 0.0000E+00 1.9786E-08 6.34E-06 6.85E-06   0.045 1.0000 6.9440E-06    773.762
 9571.00 0.95623058 4.4874E-25 0.0000E+00 0.0000E+00 2.0203E-08 2.0203E-08 0.0000E+00 0.0000E+00 2.0203E-08 6.46E-06 6.98E-06   0.045 1.0000 7.0733E-06    775.345
 9581.00 0.95634115 4.2512E-25 0.0000E+00 0.0000E+00 2.0280E-08 2.0280E-08 0.0000E+00 0.0000E+00 2.0280E-08 6.47E-06 6.99E-06   0.045 1.0000 7.0833E-06    776.184
 9591.00 0.95633280 4.0401E-25 0.0000E+00 0.0000E+00 2.0191E-08 2.0191E-08 0.0000E+00 0.0000E+00 2.0191E-08 6.43E-06 6.94E-06   0.045 1.0000 7.0362E-06    776.665
 9601.00 0.95626497 3.8444E-25 0.0000E+00 0.0000E+00 2.0420E-08 2.0420E-08 0.0000E+00 0.0000E+00 2.0420E-08 6.48E-06 7.00E-06   0.045 1.0000 7.1006E-06    777.831
 9611.00 0.95628792 3.6470E-25 0.0000E+00 0.0000E+00 2.0345E-08 2.0345E-08 0.0000E+00 0.0000E+00 2.0345E-08 6.45E-06 6.96E-06   0.045 1.0000 7.0589E-06    778.342
 9621.00 0.95625699 3.4657E-25 0.0000E+00 0.0000E+00 2.0375E-08 2.0375E-08 0.0000E+00 0.0000E+00 2.0375E-08 6.44E-06 6.96E-06   0.045 1.0000 7.0542E-06    779.082
 9631.00 0.95627666 3.2915E-25 0.0000E+00 0.0000E+00 2.0409E-08 2.0409E-08 0.0000E+00 0.0000E+00 2.0409E-08 6.44E-06 6.95E-06   0.045 1.0000 7.0494E-06    779.826
 9641.00 0.95606679 3.1368E-25 0.0000E+00 0.0000E+00 2.0314E-08 2.0314E-08 0.0000E+00 0.0000E+00 2.0314E-08 6.39E-06 6.91E-06   0.045 1.0000 7.0036E-06    780.296
 9651.00 0.95618784 2.9763E-25 0.0000E+00 0.0000E+00 2.0675E-08 2.0675E-08 0.0000E+00 0.0000E+00 2.0675E-08 6.49E-06 7.01E-06   0.045 1.0000 7.1097E-06    781.741
 9661.00 0.95634162 2.8162E-25 0.0000E+00 0.0000E+00 2.0480E-08 2.0480E-08 0.0000E+00 0.0000E+00 2.0480E-08 6.42E-06 6.93E-06   0.045 1.0000 7.0258E-06    781.998
 9671.00 0.95618170 2.6862E-25 0.0000E+00 0.0000E+00 2.0528E-08 2.0528E-08 0.0000E+00 0.0000E+00 2.0528E-08 6.42E-06 6.93E-06   0.045 1.0000 7.0276E-06    782.774
 9681.00 0.95615232 2.5530E-25 0.0000E+00 0.0000E+00 2.0516E-08 2.0516E-08 0.0000E+00 0.0000E+00 2.0516E-08 6.40E-06 6.91E-06   0.045 1.0000 7.0080E-06    783.420
 9691.00 0.95591968 2.4387E-25 0.0000E+00 0.0000E+00 2.0850E-08 2.0850E-08 0.0000E+00 0.0000E+00 2.0850E-08 6.49E-06 7.01E-06   0.045 1.0000 7.1079E-06    784.806
 9701.00 0.95577210 2.3256E-25 0.0000E+00 0.0000E+00 2.0864E-08 2.0864E-08 0.0000E+00 0.0000E+00 2.0864E-08 6.48E-06 7.00E-06   0.045 1.0000 7.0980E-06    785.509
 9711.00 0.95576710 2.2076E-25 0.0000E+00 0.0000E+00 2.0864E-08 2.0864E-08 0.0000E+00 0.0000E+00 2.0864E-08 6.46E-06 6.99E-06   0.045 1.0000 7.0827E-06    786.182
 9721.00 0.95501757 2.1392E-25 0.0000E+00 0.0000E+00 2.0915E-08 2.0915E-08 0.0000E+00 0.0000E+00 2.0915E-08 6.46E-06 6.99E-06   0.046 1.0000 7.0883E-06    786.962
 9731.00 0.95415568 2.0775E-25 0.0000E+00 0.0000E+00 2.1063E-08 2.1063E-08 0.0000E+00 0.0000E+00 2.1063E-08 6.48E-06 7.03E-06   0.047 1.0000 7.1280E-06    787.949
 9741.00 0.95503098 1.9266E-25 0.0000E+00 0.0000E+00 2.1085E-08 2.1085E-08 0.0000E+00 0.0000E+00 2.1085E-08 6.48E-06 7.02E-06   0.046 1.0000 7.1148E-06    788.667
 9751.00 0.95483637 1.8384E-25 0.0000E+00 0.0000E+00 2.1159E-08 2.1159E-08 0.0000E+00 0.0000E+00 2.1159E-08 6.49E-06 7.03E-06   0.046 1.0000 7.1256E-06    789.497
 9761.00 0.95391560 1.7849E-25 0.0000E+00 0.0000E+00 2.1150E-08 2.1150E-08 0.0000E+00 0.0000E+00 2.1150E-08 6.47E-06 7.01E-06   0.047 1.0000 7.1121E-06    790.150
 9771.00 0.95208490 1.7790E-25 0.0000E+00 0.0000E+00 2.1201E-08 2.1201E-08 0.0000E+00 0.0000E+00 2.1201E-08 6.45E-06 7.02E-06   0.049 1.0000 7.1242E-06    790.930
 9781.00 0.95433068 1.5925E-25 0.0000E+00 0.0000E+00 2.1048E-08 2.1048E-08 0.0000E+00 0.0000E+00 2.1048E-08 6.41E-06 6.95E-06   0.047 1.0000 7.0450E-06    791.280
 9791.00 0.95436561 1.5112E-25 0.0000E+00 0.0000E+00 2.1075E-08 2.1075E-08 0.0000E+00 0.0000E+00 2.1075E-08 6.40E-06 6.94E-06   0.047 1.0000 7.0386E-06    792.011
 9801.00 0.95433670 1.4339E-25 0.0000E+00 0.0000E+00 2.1170E-08 2.1170E-08 0.0000E+00 0.0000E+00 2.1170E-08 6.42E-06 6.96E-06   0.047 1.0000 7.0554E-06    792.884
 9811.00 0.95215589 1.4399E-25 0.0000E+00 0.0000E+00 2.0949E-08 2.0949E-08 0.0000E+00 0.0000E+00 2.0949E-08 6.32E-06 6.88E-06   0.049 1.0000 6.9787E-06    793.088
 9821.00 0.95482612 1.2758E-25 0.0000E+00 0.0000E+00 2.1293E-08 2.1293E-08 0.0000E+00 0.0000E+00 2.1293E-08 6.43E-06 6.96E-06   0.046 1.0000 7.0623E-06    794.486
 9831.00 0.95388204 1.2420E-25 0.0000E+00 0.0000E+00 2.1366E-08 2.1366E-08 0.0000E+00 0.0000E+00 2.1366E-08 6.43E-06 6.98E-06   0.047 1.0000 7.0767E-06    795.312
 9841.00 0.95425916 1.1660E-25 0.0000E+00 0.0000E+00 2.1354E-08 2.1354E-08 0.0000E+00 0.0000E+00 2.1354E-08 6.42E-06 6.96E-06   0.047 1.0000 7.0554E-06    795.960
 9851.00 0.95320874 1.1374E-25 0.0000E+00 0.0000E+00 2.1370E-08 2.1370E-08 0.0000E+00 0.0000E+00 2.1370E-08 6.40E-06 6.95E-06   0.048 1.0000 7.0514E-06    796.666
 9861.00 0.95382571 1.0636E-25 0.0000E+00 0.0000E+00 2.1585E-08 2.1585E-08 0.0000E+00 0.0000E+00 2.1585E-08 6.45E-06 7.00E-06   0.047 1.0000 7.1034E-06    797.787
 9871.00 0.95386380 1.0072E-25 0.0000E+00 0.0000E+00 2.1654E-08 2.1654E-08 0.0000E+00 0.0000E+00 2.1654E-08 6.46E-06 7.01E-06   0.047 1.0000 7.1106E-06    798.602
 9881.00 0.95217472 9.9779E-26 0.0000E+00 0.0000E+00 2.1676E-08 2.1676E-08 0.0000E+00 0.0000E+00 2.1676E-08 6.44E-06 7.01E-06   0.049 1.0000 7.1125E-06    799.321
 9891.00 0.95342147 9.1804E-26 0.0000E+00 0.0000E+00 2.1752E-08 2.1752E-08 0.0000E+00 0.0000E+00 2.1752E-08 6.46E-06 7.01E-06   0.048 1.0000 7.1147E-06    800.150
 9901.00 0.94963002 9.5430E-26 0.0000E+00 0.0000E+00 2.1777E-08 2.1777E-08 0.0000E+00 0.0000E+00 2.1777E-08 6.43E-06 7.03E-06   0.052 1.0000 7.1297E-06    800.875
 9911.00 0.94920826 9.1646E-26 0.0000E+00 0.0000E+00 2.1755E-08 2.1755E-08 0.0000E+00 0.0000E+00 2.1755E-08 6.40E-06 7.01E-06   0.052 1.0000 7.1100E-06    801.502
 9921.00 0.95167816 8.2081E-26 0.0000E+00 0.0000E+00 2.1867E-08 2.1867E-08 0.0000E+00 0.0000E+00 2.1867E-08 6.44E-06 7.01E-06   0.050 1.0000 7.1166E-06    802.405
 9931.00 0.95301187 7.5335E-26 0.0000E+00 0.0000E+00 2.1809E-08 2.1809E-08 0.0000E+00 0.0000E+00 2.1809E-08 6.42E-06 6.97E-06   0.048 1.0000 7.0750E-06    802.958
 9941.00 0.95228946 7.2789E-26 0.0000E+00 0.0000E+00 2.1119E-08 2.1119E-08 0.0000E+00 0.0000E+00 2.1119E-08 6.20E-06 6.74E-06   0.049 1.0000 6.8405E-06    802.180
 9951.00 0.95232368 6.9094E-26 0.0000E+00 0.0000E+00 2.0720E-08 2.0720E-08 0.0000E+00 0.0000E+00 2.0720E-08 6.06E-06 6.60E-06   0.049 1.0000 6.6965E-06    801.994
 9961.00 0.95140707 6.7093E-26 0.0000E+00 0.0000E+00 2.1753E-08 2.1753E-08 0.0000E+00 0.0000E+00 2.1753E-08 6.35E-06 6.92E-06   0.050 1.0000 7.0208E-06    804.859
 9971.00 0.95157152 6.3326E-26 0.0000E+00 0.0000E+00 2.2016E-08 2.2016E-08 0.0000E+00 0.0000E+00 2.2016E-08 6.41E-06 6.98E-06   0.050 1.0000 7.0893E-06    806.073
 9981.00 0.94677800 6.7261E-26 0.0000E+00 0.0000E+00 2.2152E-08 2.2152E-08 0.0000E+00 0.0000E+00 2.2152E-08 6.41E-06 7.04E-06   0.055 1.0000 7.1451E-06    807.026
 9991.00 0.95261759 5.5654E-26 0.0000E+00 0.0000E+00 2.2281E-08 2.2281E-08 0.0000E+00 0.0000E+00 2.2281E-08 6.47E-06 7.03E-06   0.049 1.0000 7.1388E-06    807.961
10001.00 0.95123333 5.4686E-26 0.0000E+00 0.0000E+00 2.2193E-08 2.2193E-08 0.0000E+00 0.0000E+00 2.2193E-08 6.42E-06 7.00E-06   0.050 1.0000 7.1031E-06    808.452
10011.00 0.95194799 5.1010E-26 0.0000E+00 0.0000E+00 2.2289E-08 2.2289E-08 0.0000E+00 0.0000E+00 2.2289E-08 6.44E-06 7.01E-06   0.049 1.0000 7.1150E-06    809.322
10021.00 0.95202351 4.8273E-26 0.0000E+00 0.0000E+00 2.2387E-08 2.2387E-08 0.0000E+00 0.0000E+00 2.2387E-08 6.45E-06 7.02E-06   0.049 1.0000 7.1310E-06    810.193
10031.00 0.95228660 4.5536E-26 0.0000E+00 0.0000E+00 2.2441E-08 2.2441E-08 0.0000E+00 0.0000E+00 2.2441E-08 6.46E-06 7.02E-06   0.049 1.0000 7.1318E-06    810.975
10041.00 0.95204729 4.3495E-26 0.0000E+00 0.0000E+00 2.2434E-08 2.2434E-08 0.0000E+00 0.0000E+00 2.2434E-08 6.44E-06 7.01E-06   0.049 1.0000 7.1164E-06    811.633
10051.00 0.95229232 4.0988E-26 0.0000E+00 0.0000E+00 2.2492E-08 2.2492E-08 0.0000E+00 0.0000E+00 2.2492E-08 6.44E-06 7.01E-06   0.049 1.0000 7.1191E-06    812.424
10061.00 0.95138615 3.9821E-26 0.0000E+00 0.0000E+00 2.2557E-08 2.2557E-08 0.0000E+00 0.0000E+00 2.2557E-08 6.44E-06 7.02E-06   0.050 1.0000 7.1296E-06    813.227
10071.00 0.94655061 4.2541E-26 0.0000E+00 0.0000E+00 2.2498E-08 2.2498E-08 0.0000E+00 0.0000E+00 2.2498E-08 6.38E-06 7.01E-06   0.055 1.0000 7.1221E-06    813.780
10081.00 0.95064914 3.6547E-26 0.0000E+00 0.0000E+00 2.2553E-08 2.2553E-08 0.0000E+00 0.0000E+00 2.2553E-08 6.41E-06 6.99E-06   0.051 1.0000 7.1031E-06    814.563
10091.00 0.94857568 3.6496E-26 0.0000E+00 0.0000E+00 2.2506E-08 2.2506E-08 0.0000E+00 0.0000E+00 2.2506E-08 6.37E-06 6.97E-06   0.053 1.0000 7.0846E-06    815.139
10101.00 0.94488406 3.7909E-26 0.0000E+00 0.0000E+00 2.2345E-08 2.2345E-08 0.0000E+00 0.0000E+00 2.2345E-08 6.28E-06 6.93E-06   0.057 1.0000 7.0367E-06    815.482
10111.00 0.95008302 3.1765E-26 0.0000E+00 0.0000E+00 2.2428E-08 2.2428E-08 0.0000E+00 0.0000E+00 2.2428E-08 6.33E-06 6.91E-06   0.051 1.0000 7.0192E-06    816.324
10121.00 0.94394284 3.4650E-26 0.0000E+00 0.0000E+00 2.2662E-08 2.2662E-08 0.0000E+00 0.0000E+00 2.2662E-08 6.34E-06 7.00E-06   0.058 1.0000 7.1091E-06    817.471
10131.00 0.94167894 3.4686E-26 0.0000E+00 0.0000E+00 2.2563E-08 2.2563E-08 0.0000E+00 0.0000E+00 2.2563E-08 6.28E-06 6.96E-06   0.060 1.0000 7.0756E-06    817.942
10141.00 0.94631910 2.9668E-26 0.0000E+00 0.0000E+00 2.2709E-08 2.2709E-08 0.0000E+00 0.0000E+00 2.2709E-08 6.34E-06 6.97E-06   0.055 1.0000 7.0813E-06    818.909
10151.00 0.92707646 3.9494E-26 0.0000E+00 0.0000E+00 2.2531E-08 2.2531E-08 0.0000E+00 0.0000E+00 2.2531E-08 6.17E-06 7.00E-06   0.076 1.0000 7.1130E-06    819.220
10161.00 0.93353671 3.4330E-26 0.0000E+00 0.0000E+00 2.2611E-08 2.2611E-08 0.0000E+00 0.0000E+00 2.2611E-08 6.21E-06 6.98E-06   0.069 1.0000 7.0884E-06    820.052
10171.00 0.91830045 3.9972E-26 0.0000E+00 0.0000E+00 2.2399E-08 2.2399E-08 0.0000E+00 0.0000E+00 2.2399E-08 6.07E-06 6.97E-06   0.085 1.0000 7.0885E-06    820.291
10181.00 0.91738296 3.8939E-26 0.0000E+00 0.0000E+00 2.2537E-08 2.2537E-08 0.0000E+00 0.0000E+00 2.2537E-08 6.08E-06 7.01E-06   0.086 1.0000 7.1238E-06    821.245
10191.00 0.92589533 3.2690E-26 0.0000E+00 0.0000E+00 2.2758E-08 2.2758E-08 0.0000E+00 0.0000E+00 2.2758E-08 6.17E-06 7.02E-06   0.077 1.0000 7.1342E-06    822.366
10201.00 0.89065832 4.4030E-26 0.0000E+00 0.0000E+00 2.1995E-08 2.1995E-08 0.0000E+00 0.0000E+00 2.1995E-08 5.80E-06 6.95E-06   0.116 1.0000 7.0727E-06    821.465
10211.00 0.88215083 4.5333E-26 0.0000E+00 0.0000E+00 2.1770E-08 2.1770E-08 0.0000E+00 0.0000E+00 2.1770E-08 5.69E-06 6.91E-06   0.125 1.0000 7.0352E-06    821.662
10221.00 0.88342112 4.1679E-26 0.0000E+00 0.0000E+00 2.1882E-08 2.1882E-08 0.0000E+00 0.0000E+00 2.1882E-08 5.72E-06 6.92E-06   0.124 1.0000 7.0526E-06    822.568
10231.00 0.90694112 3.2667E-26 0.0000E+00 0.0000E+00 2.2453E-08 2.2453E-08 0.0000E+00 0.0000E+00 2.2453E-08 5.95E-06 6.96E-06   0.098 1.0000 7.0865E-06    824.425
10241.00 0.85525197 4.7603E-26 0.0000E+00 0.0000E+00 2.1420E-08 2.1420E-08 0.0000E+00 0.0000E+00 2.1420E-08 5.42E-06 6.90E-06   0.156 1.0000 7.0343E-06    822.926
10251.00 0.86154759 4.0565E-26 0.0000E+00 0.0000E+00 2.1799E-08 2.1799E-08 0.0000E+00 0.0000E+00 2.1799E-08 5.58E-06 6.97E-06   0.149 1.0000 7.1175E-06    824.401
10261.00 0.86136949 3.9204E-26 0.0000E+00 0.0000E+00 2.1474E-08 2.1474E-08 0.0000E+00 0.0000E+00 2.1474E-08 5.46E-06 6.85E-06   0.149 1.0000 7.0004E-06    824.378
10271.00 0.86169344 3.8845E-26 0.0000E+00 0.0000E+00 2.1638E-08 2.1638E-08 0.0000E+00 0.0000E+00 2.1638E-08 5.48E-06 6.89E-06   0.149 1.0000 7.0253E-06    825.398
10281.00 0.88677865 2.9801E-26 0.0000E+00 0.0000E+00 2.2376E-08 2.2376E-08 0.0000E+00 0.0000E+00 2.2376E-08 5.79E-06 6.97E-06   0.120 1.0000 7.1074E-06    827.618
10291.00 0.89308441 2.5652E-26 0.0000E+00 0.0000E+00 2.2567E-08 2.2567E-08 0.0000E+00 0.0000E+00 2.2567E-08 5.87E-06 6.98E-06   0.113 1.0000 7.1198E-06    828.681
10301.00 0.89843172 2.3785E-26 0.0000E+00 0.0000E+00 2.2522E-08 2.2522E-08 0.0000E+00 0.0000E+00 2.2522E-08 5.86E-06 6.93E-06   0.107 1.0000 7.0598E-06    829.258
10311.00 0.89833933 2.3741E-26 0.0000E+00 0.0000E+00 2.2739E-08 2.2739E-08 0.0000E+00 0.0000E+00 2.2739E-08 5.88E-06 6.98E-06   0.107 1.0000 7.1065E-06    830.374
10321.00 0.89445561 2.3229E-26 0.0000E+00 0.0000E+00 2.2636E-08 2.2636E-08 0.0000E+00 0.0000E+00 2.2636E-08 5.81E-06 6.95E-06   0.112 1.0000 7.0834E-06    830.832
10331.00 0.88603354 2.2334E-26 0.0000E+00 0.0000E+00 2.2366E-08 2.2366E-08 0.0000E+00 0.0000E+00 2.2366E-08 5.73E-06 6.90E-06   0.121 1.0000 7.0410E-06    830.945
10341.00 0.81439203 3.4730E-26 0.0000E+00 0.0000E+00 2.1239E-08 2.1239E-08 0.0000E+00 0.0000E+00 2.1239E-08 5.10E-06 6.92E-06   0.205 1.0000 7.0807E-06    829.219
10351.00 0.80686694 3.5092E-26 0.0000E+00 0.0000E+00 2.0732E-08 2.0732E-08 0.0000E+00 0.0000E+00 2.0732E-08 4.91E-06 6.79E-06   0.215 1.0000 6.9482E-06    828.770
10361.00 0.80629718 3.3226E-26 0.0000E+00 0.0000E+00 2.1083E-08 2.1083E-08 0.0000E+00 0.0000E+00 2.1083E-08 4.99E-06 6.89E-06   0.215 1.0000 7.0420E-06    830.213
10371.00 0.77165252 3.6228E-26 0.0000E+00 0.0000E+00 2.0466E-08 2.0466E-08 0.0000E+00 0.0000E+00 2.0466E-08 4.71E-06 6.85E-06   0.259 1.0000 7.0259E-06    829.508
10381.00 0.81952941 2.8547E-26 0.0000E+00 0.0000E+00 2.1404E-08 2.1404E-08 0.0000E+00 0.0000E+00 2.1404E-08 5.09E-06 6.87E-06   0.199 1.0000 7.0297E-06    832.248
10391.00 0.73738503 3.6202E-26 0.0000E+00 0.0000E+00 1.9857E-08 1.9857E-08 0.0000E+00 0.0000E+00 1.9857E-08 4.42E-06 6.82E-06   0.305 1.0000 7.0152E-06    829.447
10401.00 0.80004334 2.7877E-26 0.0000E+00 0.0000E+00 2.1437E-08 2.1437E-08 0.0000E+00 0.0000E+00 2.1437E-08 5.02E-06 6.96E-06   0.223 1.0000 7.1156E-06    833.654
10411.00 0.76466405 3.0162E-26 0.0000E+00 0.0000E+00 2.0415E-08 2.0415E-08 0.0000E+00 0.0000E+00 2.0415E-08 4.61E-06 6.83E-06   0.268 1.0000 7.0090E-06    832.058
10421.00 0.68836367 3.6294E-26 0.0000E+00 0.0000E+00 1.9332E-08 1.9332E-08 0.0000E+00 0.0000E+00 1.9332E-08 4.05E-06 6.90E-06   0.373 1.0000 7.1097E-06    830.209
10431.00 0.73292959 2.9628E-26 0.0000E+00 0.0000E+00 2.0264E-08 2.0264E-08 0.0000E+00 0.0000E+00 2.0264E-08 4.46E-06 6.93E-06   0.311 1.0000 7.1282E-06    833.046
10441.00 0.79059428 2.2771E-26 0.0000E+00 0.0000E+00 2.1092E-08 2.1092E-08 0.0000E+00 0.0000E+00 2.1092E-08 4.87E-06 6.86E-06   0.235 1.0000 7.0319E-06    835.569
10451.00 0.69670379 2.9452E-26 0.0000E+00 0.0000E+00 1.9400E-08 1.9400E-08 0.0000E+00 0.0000E+00 1.9400E-08 4.10E-06 6.81E-06   0.361 1.0000 7.0411E-06    832.366
10461.00 0.69247466 2.9289E-26 0.0000E+00 0.0000E+00 1.9295E-08 1.9295E-08 0.0000E+00 0.0000E+00 1.9295E-08 4.02E-06 6.80E-06   0.367 1.0000 7.0152E-06    832.779
10471.00 0.71549577 2.5181E-26 0.0000E+00 0.0000E+00 1.8719E-08 1.8719E-08 0.0000E+00 0.0000E+00 1.8719E-08 4.01E-06 6.43E-06   0.335 1.0000 6.6482E-06    832.047
10481.00 0.73763788 2.2093E-26 0.0000E+00 0.0000E+00 1.9992E-08 1.9992E-08 0.0000E+00 0.0000E+00 1.9992E-08 4.38E-06 6.72E-06   0.304 1.0000 6.9292E-06    835.748
10491.00 0.70105237 2.3864E-26 0.0000E+00 0.0000E+00 1.9668E-08 1.9668E-08 0.0000E+00 0.0000E+00 1.9668E-08 4.13E-06 6.83E-06   0.355 1.0000 7.0576E-06    835.655
10501.00 0.60994416 2.6937E-26 0.0000E+00 0.0000E+00 1.7960E-08 1.7960E-08 0.0000E+00 0.0000E+00 1.7960E-08 3.44E-06 6.78E-06   0.494 1.0000 7.1082E-06    832.135
10511.00 0.79079324 1.6521E-26 0.0000E+00 0.0000E+00 2.1583E-08 2.1583E-08 0.0000E+00 0.0000E+00 2.1583E-08 4.86E-06 6.91E-06   0.235 1.0000 7.0870E-06    841.309
10521.00 0.63198429 2.3375E-26 0.0000E+00 0.0000E+00 1.8424E-08 1.8424E-08 0.0000E+00 0.0000E+00 1.8424E-08 3.61E-06 6.77E-06   0.459 1.0000 7.0837E-06    834.631
10531.00 0.64928532 2.1178E-26 0.0000E+00 0.0000E+00 1.8963E-08 1.8963E-08 0.0000E+00 0.0000E+00 1.8963E-08 3.80E-06 6.83E-06   0.432 1.0000 7.1337E-06    836.622
10541.00 0.67871410 1.8448E-26 0.0000E+00 0.0000E+00 1.9491E-08 1.9491E-08 0.0000E+00 0.0000E+00 1.9491E-08 4.02E-06 6.83E-06   0.388 1.0000 7.1238E-06    838.555
10551.00 0.65096527 1.9877E-26 0.0000E+00 0.0000E+00 1.9046E-08 1.9046E-08 0.0000E+00 0.0000E+00 1.9046E-08 3.76E-06 6.84E-06   0.429 1.0000 7.1123E-06    838.150
10561.00 0.66246712 1.8593E-26 0.0000E+00 0.0000E+00 1.9209E-08 1.9209E-08 0.0000E+00 0.0000E+00 1.9209E-08 3.80E-06 6.81E-06   0.412 1.0000 7.0759E-06    839.208
10571.00 0.59671158 1.8587E-26 0.0000E+00 0.0000E+00 1.7782E-08 1.7782E-08 0.0000E+00 0.0000E+00 1.7782E-08 3.36E-06 6.70E-06   0.516 1.0000 7.0632E-06    836.305
10581.00 0.69099885 1.5016E-26 0.0000E+00 0.0000E+00 1.9635E-08 1.9635E-08 0.0000E+00 0.0000E+00 1.9635E-08 4.02E-06 6.75E-06   0.370 1.0000 7.0083E-06    841.552
10591.00 0.57296002 1.6782E-26 0.0000E+00 0.0000E+00 1.6895E-08 1.6895E-08 0.0000E+00 0.0000E+00 1.6895E-08 3.12E-06 6.49E-06   0.557 1.0000 6.9242E-06    835.276
10601.00 0.62743354 1.4285E-26 0.0000E+00 0.0000E+00 1.8238E-08 1.8238E-08 0.0000E+00 0.0000E+00 1.8238E-08 3.56E-06 6.62E-06   0.466 1.0000 7.0103E-06    839.454
10611.00 0.69320810 1.2395E-26 0.0000E+00 0.0000E+00 1.9657E-08 1.9657E-08 0.0000E+00 0.0000E+00 1.9657E-08 4.02E-06 6.70E-06   0.366 1.0000 7.0013E-06    843.594
10621.00 0.72673500 1.1559E-26 0.0000E+00 0.0000E+00 1.9511E-08 1.9511E-08 0.0000E+00 0.0000E+00 1.9511E-08 4.02E-06 6.47E-06   0.319 1.0000 6.6904E-06    843.911
10631.00 0.72694010 1.1085E-26 0.0000E+00 0.0000E+00 2.0319E-08 2.0319E-08 0.0000E+00 0.0000E+00 2.0319E-08 4.19E-06 6.71E-06   0.319 1.0000 6.9249E-06    846.470
10641.00 0.79765797 7.9906E-27 0.0000E+00 0.0000E+00 2.2205E-08 2.2205E-08 0.0000E+00 0.0000E+00 2.2205E-08 4.91E-06 6.88E-06   0.226 1.0000 7.0679E-06    851.314
10651.00 0.64057422 1.1340E-26 0.0000E+00 0.0000E+00 1.9015E-08 1.9015E-08 0.0000E+00 0.0000E+00 1.9015E-08 3.69E-06 6.76E-06   0.445 1.0000 7.0860E-06    844.697
10661.00 0.54270709 1.2823E-26 0.0000E+00 0.0000E+00 1.7033E-08 1.7033E-08 0.0000E+00 0.0000E+00 1.7033E-08 2.93E-06 6.66E-06   0.611 1.0000 7.1135E-06    840.261
10671.00 0.54028708 1.2496E-26 0.0000E+00 0.0000E+00 1.7029E-08 1.7029E-08 0.0000E+00 0.0000E+00 1.7029E-08 2.87E-06 6.66E-06   0.616 1.0000 7.1053E-06    840.910
10681.00 0.55166101 1.1015E-26 0.0000E+00 0.0000E+00 1.7055E-08 1.7055E-08 0.0000E+00 0.0000E+00 1.7055E-08 2.99E-06 6.60E-06   0.595 1.0000 7.0271E-06    841.640
10691.00 0.58027124 9.7174E-27 0.0000E+00 0.0000E+00 1.7746E-08 1.7746E-08 0.0000E+00 0.0000E+00 1.7746E-08 3.26E-06 6.66E-06   0.544 1.0000 7.0496E-06    844.133
10701.00 0.45746607 1.1359E-26 0.0000E+00 0.0000E+00 1.5399E-08 1.5399E-08 0.0000E+00 0.0000E+00 1.5399E-08 2.36E-06 6.57E-06   0.782 1.0000 7.1224E-06    838.266
10711.00 0.56181622 1.0250E-26 0.0000E+00 0.0000E+00 1.7899E-08 1.7899E-08 0.0000E+00 0.0000E+00 1.7899E-08 3.04E-06 6.77E-06   0.577 1.0000 7.1299E-06    845.850
10721.00 0.59199870 9.0939E-27 0.0000E+00 0.0000E+00 1.8534E-08 1.8534E-08 0.0000E+00 0.0000E+00 1.8534E-08 3.29E-06 6.79E-06   0.524 1.0000 7.1129E-06    848.132
10731.00 0.60557520 7.8366E-27 0.0000E+00 0.0000E+00 1.8708E-08 1.8708E-08 0.0000E+00 0.0000E+00 1.8708E-08 3.48E-06 6.77E-06   0.502 1.0000 7.0795E-06    849.229
10741.00 0.71684504 6.1138E-27 0.0000E+00 0.0000E+00 2.1253E-08 2.1253E-08 0.0000E+00 0.0000E+00 2.1253E-08 4.32E-06 6.89E-06   0.333 1.0000 7.1186E-06    855.894
10751.00 0.75716460 5.5059E-27 0.0000E+00 0.0000E+00 2.2126E-08 2.2126E-08 0.0000E+00 0.0000E+00 2.2126E-08 4.59E-06 6.91E-06   0.278 1.0000 7.0904E-06    858.471
10761.00 0.81509918 4.3199E-27 0.0000E+00 0.0000E+00 2.3153E-08 2.3153E-08 0.0000E+00 0.0000E+00 2.3153E-08 5.01E-06 6.88E-06   0.204 1.0000 7.0349E-06    861.305
10771.00 0.82044899 3.8838E-27 0.0000E+00 0.0000E+00 2.3559E-08 2.3559E-08 0.0000E+00 0.0000E+00 2.3559E-08 5.13E-06 6.97E-06   0.198 1.0000 7.1304E-06    862.807
10781.00 0.87315506 2.6734E-27 0.0000E+00 0.0000E+00 2.4659E-08 2.4659E-08 0.0000E+00 0.0000E+00 2.4659E-08 5.61E-06 6.99E-06   0.136 1.0000 7.1406E-06    865.674
10791.00 0.90314144 1.9169E-27 0.0000E+00 0.0000E+00 2.4812E-08 2.4812E-08 0.0000E+00 0.0000E+00 2.4812E-08 5.79E-06 6.86E-06   0.102 1.0000 6.9990E-06    866.641
10801.00 0.89841765 1.8919E-27 0.0000E+00 0.0000E+00 2.4122E-08 2.4122E-08 0.0000E+00 0.0000E+00 2.4122E-08 5.60E-06 6.68E-06   0.107 1.0000 6.8221E-06    865.946
10811.00 0.88160264 2.0511E-27 0.0000E+00 0.0000E+00 2.4402E-08 2.4402E-08 0.0000E+00 0.0000E+00 2.4402E-08 5.58E-06 6.84E-06   0.126 1.0000 6.9842E-06    867.172
10821.00 0.88249958 2.0102E-27 0.0000E+00 0.0000E+00 2.4284E-08 2.4284E-08 0.0000E+00 0.0000E+00 2.4284E-08 5.52E-06 6.78E-06   0.125 1.0000 6.9254E-06    867.605
10831.00 0.89900601 1.6164E-27 0.0000E+00 0.0000E+00 2.3694E-08 2.3694E-08 0.0000E+00 0.0000E+00 2.3694E-08 5.47E-06 6.52E-06   0.106 1.0000 6.6572E-06    867.083
10841.00 0.90158135 1.4511E-27 0.0000E+00 0.0000E+00 2.4620E-08 2.4620E-08 0.0000E+00 0.0000E+00 2.4620E-08 5.71E-06 6.75E-06   0.104 1.0000 6.8867E-06    869.605
10851.00 0.88742197 1.5980E-27 0.0000E+00 0.0000E+00 2.4237E-08 2.4237E-08 0.0000E+00 0.0000E+00 2.4237E-08 5.53E-06 6.70E-06   0.119 1.0000 6.8426E-06    869.514
10861.00 0.91495997 1.1547E-27 0.0000E+00 0.0000E+00 2.5357E-08 2.5357E-08 0.0000E+00 0.0000E+00 2.5357E-08 5.90E-06 6.85E-06   0.089 1.0000 6.9906E-06    872.377
10871.00 0.87666160 1.5671E-27 0.0000E+00 0.0000E+00 2.5002E-08 2.5002E-08 0.0000E+00 0.0000E+00 2.5002E-08 5.63E-06 6.94E-06   0.132 1.0000 7.0910E-06    872.358
10881.00 0.88340908 1.3848E-27 0.0000E+00 0.0000E+00 2.5324E-08 2.5324E-08 0.0000E+00 0.0000E+00 2.5324E-08 5.73E-06 6.98E-06   0.124 1.0000 7.1322E-06    873.649
10891.00 0.83324289 1.8315E-27 0.0000E+00 0.0000E+00 2.4181E-08 2.4181E-08 0.0000E+00 0.0000E+00 2.4181E-08 5.24E-06 6.92E-06   0.182 1.0000 7.0869E-06    872.070
10901.00 0.83036298 1.8114E-27 0.0000E+00 0.0000E+00 2.3981E-08 2.3981E-08 0.0000E+00 0.0000E+00 2.3981E-08 5.15E-06 6.86E-06   0.186 1.0000 7.0299E-06    872.335
10911.00 0.87041134 1.3323E-27 0.0000E+00 0.0000E+00 2.5139E-08 2.5139E-08 0.0000E+00 0.0000E+00 2.5139E-08 5.58E-06 6.96E-06   0.139 1.0000 7.1167E-06    875.298
10921.00 0.78448701 1.9663E-27 0.0000E+00 0.0000E+00 2.3470E-08 2.3470E-08 0.0000E+00 0.0000E+00 2.3470E-08 4.85E-06 6.95E-06   0.243 1.0000 7.1418E-06    872.622
10931.00 0.88141143 1.1360E-27 0.0000E+00 0.0000E+00 2.5262E-08 2.5262E-08 0.0000E+00 0.0000E+00 2.5262E-08 5.61E-06 6.91E-06   0.126 1.0000 7.0585E-06    876.871
10941.00 0.80655879 1.5552E-27 0.0000E+00 0.0000E+00 2.4133E-08 2.4133E-08 0.0000E+00 0.0000E+00 2.4133E-08 5.08E-06 6.99E-06   0.215 1.0000 7.1797E-06    875.309
10951.00 0.81288171 1.5069E-27 0.0000E+00 0.0000E+00 2.4468E-08 2.4468E-08 0.0000E+00 0.0000E+00 2.4468E-08 5.13E-06 7.04E-06   0.207 1.0000 7.2169E-06    876.646
10961.00 0.85243243 1.0916E-27 0.0000E+00 0.0000E+00 2.4796E-08 2.4796E-08 0.0000E+00 0.0000E+00 2.4796E-08 5.41E-06 6.88E-06   0.160 1.0000 7.0517E-06    877.964
10971.00 0.86993510 9.6377E-28 0.0000E+00 0.0000E+00 2.4904E-08 2.4904E-08 0.0000E+00 0.0000E+00 2.4904E-08 5.47E-06 6.81E-06   0.139 1.0000 6.9688E-06    878.844
10981.00 0.83264607 1.1384E-27 0.0000E+00 0.0000E+00 2.4587E-08 2.4587E-08 0.0000E+00 0.0000E+00 2.4587E-08 5.24E-06 6.91E-06   0.183 1.0000 7.0849E-06    878.884
10991.00 0.84131038 1.0344E-27 0.0000E+00 0.0000E+00 2.4353E-08 2.4353E-08 0.0000E+00 0.0000E+00 2.4353E-08 5.21E-06 6.79E-06   0.173 1.0000 6.9574E-06    879.082
11001.00 0.83099556 9.8461E-28 0.0000E+00 0.0000E+00 2.3905E-08 2.3905E-08 0.0000E+00 0.0000E+00 2.3905E-08 5.10E-06 6.69E-06   0.185 1.0000 6.8715E-06    878.842
11011.00 0.82579964 9.7483E-28 0.0000E+00 0.0000E+00 2.4329E-08 2.4329E-08 0.0000E+00 0.0000E+00 2.4329E-08 5.15E-06 6.83E-06   0.191 1.0000 7.0129E-06    880.367
11021.00 0.83129430 8.5413E-28 0.0000E+00 0.0000E+00 2.4948E-08 2.4948E-08 0.0000E+00 0.0000E+00 2.4948E-08 5.32E-06 6.96E-06   0.185 1.0000 7.1591E-06    882.265
11031.00 0.86954528 6.9699E-28 0.0000E+00 0.0000E+00 2.5300E-08 2.5300E-08 0.0000E+00 0.0000E+00 2.5300E-08 5.50E-06 6.83E-06   0.140 1.0000 6.9952E-06    883.621
11041.00 0.89854246 5.0631E-28 0.0000E+00 0.0000E+00 2.6563E-08 2.6563E-08 0.0000E+00 0.0000E+00 2.6563E-08 5.91E-06 7.00E-06   0.107 1.0000 7.1647E-06    886.693
11051.00 0.90501434 4.6008E-28 0.0000E+00 0.0000E+00 2.6926E-08 2.6926E-08 0.0000E+00 0.0000E+00 2.6926E-08 5.99E-06 7.05E-06   0.100 1.0000 7.2125E-06    888.034
11061.00 0.91264558 4.0426E-28 0.0000E+00 0.0000E+00 2.7098E-08 2.7098E-08 0.0000E+00 0.0000E+00 2.7098E-08 6.06E-06 7.04E-06   0.091 1.0000 7.1991E-06    889.019
11071.00 0.87352246 5.1537E-28 0.0000E+00 0.0000E+00 2.6028E-08 2.6028E-08 0.0000E+00 0.0000E+00 2.6028E-08 5.66E-06 6.95E-06   0.135 1.0000 7.1309E-06    887.690
11081.00 0.83280021 6.1450E-28 0.0000E+00 0.0000E+00 2.4445E-08 2.4445E-08 0.0000E+00 0.0000E+00 2.4445E-08 5.16E-06 6.73E-06   0.183 1.0000 6.9276E-06    885.263
11091.00 0.84283477 5.7177E-28 0.0000E+00 0.0000E+00 2.3698E-08 2.3698E-08 0.0000E+00 0.0000E+00 2.3698E-08 5.00E-06 6.46E-06   0.171 1.0000 6.6409E-06    884.406
11101.00 0.82109737 6.3280E-28 0.0000E+00 0.0000E+00 2.4372E-08 2.4372E-08 0.0000E+00 0.0000E+00 2.4372E-08 5.03E-06 6.75E-06   0.197 1.0000 6.9341E-06    886.447
11111.00 0.84752089 4.8281E-28 0.0000E+00 0.0000E+00 2.5145E-08 2.5145E-08 0.0000E+00 0.0000E+00 2.5145E-08 5.34E-06 6.79E-06   0.165 1.0000 6.9855E-06    888.653
11121.00 0.76548016 7.0991E-28 0.0000E+00 0.0000E+00 2.4002E-08 2.4002E-08 0.0000E+00 0.0000E+00 2.4002E-08 4.71E-06 6.93E-06   0.267 1.0000 7.1540E-06    887.026
11131.00 0.85322958 4.3579E-28 0.0000E+00 0.0000E+00 2.5978E-08 2.5978E-08 0.0000E+00 0.0000E+00 2.5978E-08 5.50E-06 6.96E-06   0.159 1.0000 7.1521E-06    891.600
11141.00 0.85635090 4.3182E-28 0.0000E+00 0.0000E+00 2.5977E-08 2.5977E-08 0.0000E+00 0.0000E+00 2.5977E-08 5.46E-06 6.93E-06   0.155 1.0000 7.1081E-06    892.266
11151.00 0.84866554 4.2791E-28 0.0000E+00 0.0000E+00 2.5876E-08 2.5876E-08 0.0000E+00 0.0000E+00 2.5876E-08 5.40E-06 6.93E-06   0.164 1.0000 7.1052E-06    892.739
11161.00 0.88226557 3.2404E-28 0.0000E+00 0.0000E+00 2.7133E-08 2.7133E-08 0.0000E+00 0.0000E+00 2.7133E-08 5.80E-06 7.06E-06   0.125 1.0000 7.2334E-06    895.770
11171.00 0.89842588 2.7500E-28 0.0000E+00 0.0000E+00 2.6834E-08 2.6834E-08 0.0000E+00 0.0000E+00 2.6834E-08 5.78E-06 6.89E-06   0.107 1.0000 7.0471E-06    895.884
11181.00 0.92021966 2.0422E-28 0.0000E+00 0.0000E+00 2.7398E-08 2.7398E-08 0.0000E+00 0.0000E+00 2.7398E-08 6.00E-06 6.90E-06   0.083 1.0000 7.0589E-06    897.593
11191.00 0.92196018 1.8716E-28 0.0000E+00 0.0000E+00 2.7783E-08 2.7783E-08 0.0000E+00 0.0000E+00 2.7783E-08 6.08E-06 6.98E-06   0.081 1.0000 7.1368E-06    898.961
11201.00 0.93193281 1.5172E-28 0.0000E+00 0.0000E+00 2.7425E-08 2.7425E-08 0.0000E+00 0.0000E+00 2.7425E-08 6.05E-06 6.83E-06   0.070 1.0000 6.9786E-06    898.979
11211.00 0.93454105 1.3630E-28 0.0000E+00 0.0000E+00 2.8102E-08 2.8102E-08 0.0000E+00 0.0000E+00 2.8102E-08 6.20E-06 6.97E-06   0.068 1.0000 7.1244E-06    900.873
11221.00 0.93919021 1.1852E-28 0.0000E+00 0.0000E+00 2.8410E-08 2.8410E-08 0.0000E+00 0.0000E+00 2.8410E-08 6.29E-06 7.00E-06   0.063 1.0000 7.1611E-06    902.091
11231.00 0.93772393 1.1543E-28 0.0000E+00 0.0000E+00 2.8631E-08 2.8631E-08 0.0000E+00 0.0000E+00 2.8631E-08 6.31E-06 7.05E-06   0.064 1.0000 7.2119E-06    903.151
11241.00 0.93855578 1.0775E-28 0.0000E+00 0.0000E+00 2.8425E-08 2.8425E-08 0.0000E+00 0.0000E+00 2.8425E-08 6.26E-06 6.98E-06   0.063 1.0000 7.1417E-06    903.456
11251.00 0.93908155 1.0097E-28 0.0000E+00 0.0000E+00 2.8566E-08 2.8566E-08 0.0000E+00 0.0000E+00 2.8566E-08 6.28E-06 7.00E-06   0.063 1.0000 7.1598E-06    904.375
11261.00 0.93644035 1.0111E-28 0.0000E+00 0.0000E+00 2.8327E-08 2.8327E-08 0.0000E+00 0.0000E+00 2.8327E-08 6.20E-06 6.94E-06   0.066 1.0000 7.1006E-06    904.619
11271.00 0.93894857 9.1165E-29 0.0000E+00 0.0000E+00 2.7920E-08 2.7920E-08 0.0000E+00 0.0000E+00 2.7920E-08 6.12E-06 6.82E-06   0.063 1.0000 6.9712E-06    904.557
11281.00 0.93725693 8.9447E-29 0.0000E+00 0.0000E+00 2.7011E-08 2.7011E-08 0.0000E+00 0.0000E+00 2.7011E-08 5.89E-06 6.59E-06   0.065 1.0000 6.7401E-06    903.556
11291.00 0.93730026 8.4976E-29 0.0000E+00 0.0000E+00 2.8626E-08 2.8626E-08 0.0000E+00 0.0000E+00 2.8626E-08 6.23E-06 6.97E-06   0.065 1.0000 7.1282E-06    907.156
11301.00 0.93947351 7.7078E-29 0.0000E+00 0.0000E+00 2.8751E-08 2.8751E-08 0.0000E+00 0.0000E+00 2.8751E-08 6.26E-06 6.98E-06   0.062 1.0000 7.1331E-06    908.046
11311.00 0.93912703 7.3579E-29 0.0000E+00 0.0000E+00 2.8410E-08 2.8410E-08 0.0000E+00 0.0000E+00 2.8410E-08 6.17E-06 6.88E-06   0.063 1.0000 7.0365E-06    908.110
11321.00 0.93889940 7.0231E-29 0.0000E+00 0.0000E+00 2.8810E-08 2.8810E-08 0.0000E+00 0.0000E+00 2.8810E-08 6.25E-06 6.96E-06   0.063 1.0000 7.1226E-06    909.488
11331.00 0.93873960 6.6767E-29 0.0000E+00 0.0000E+00 2.8264E-08 2.8264E-08 0.0000E+00 0.0000E+00 2.8264E-08 6.11E-06 6.82E-06   0.063 1.0000 6.9746E-06    909.185
11341.00 0.93868428 6.3438E-29 0.0000E+00 0.0000E+00 2.8795E-08 2.8795E-08 0.0000E+00 0.0000E+00 2.8795E-08 6.22E-06 6.93E-06   0.063 1.0000 7.0920E-06    910.799
11351.00 0.93884176 5.9985E-29 0.0000E+00 0.0000E+00 2.7279E-08 2.7279E-08 0.0000E+00 0.0000E+00 2.7279E-08 5.88E-06 6.56E-06   0.063 1.0000 6.7048E-06    908.725
11361.00 0.93879521 5.6956E-29 0.0000E+00 0.0000E+00 2.8897E-08 2.8897E-08 0.0000E+00 0.0000E+00 2.8897E-08 6.21E-06 6.93E-06   0.063 1.0000 7.0885E-06    912.315
11371.00 0.93914366 5.3620E-29 0.0000E+00 0.0000E+00 2.8576E-08 2.8576E-08 0.0000E+00 0.0000E+00 2.8576E-08 6.14E-06 6.84E-06   0.063 1.0000 6.9944E-06    912.416
11381.00 0.93877566 5.1278E-29 0.0000E+00 0.0000E+00 2.9311E-08 2.9311E-08 0.0000E+00 0.0000E+00 2.9311E-08 6.28E-06 7.00E-06   0.063 1.0000 7.1623E-06    914.379
11391.00 0.93887675 4.8538E-29 0.0000E+00 0.0000E+00 2.9120E-08 2.9120E-08 0.0000E+00 0.0000E+00 2.9120E-08 6.23E-06 6.94E-06   0.063 1.0000 7.1013E-06    914.714
11401.00 0.93881160 4.6101E-29 0.0000E+00 0.0000E+00 2.9250E-08 2.9250E-08 0.0000E+00 0.0000E+00 2.9250E-08 6.24E-06 6.96E-06   0.063 1.0000 7.1195E-06    915.610
11411.00 0.93864000 4.3884E-29 0.0000E+00 0.0000E+00 2.9183E-08 2.9183E-08 0.0000E+00 0.0000E+00 2.9183E-08 6.21E-06 6.93E-06   0.063 1.0000 7.0904E-06    916.161
11421.00 0.93864918 4.1615E-29 0.0000E+00 0.0000E+00 2.8366E-08 2.8366E-08 0.0000E+00 0.0000E+00 2.8366E-08 6.03E-06 6.72E-06   0.063 1.0000 6.8786E-06    915.379
11431.00 0.93852592 3.9577E-29 0.0000E+00 0.0000E+00 2.8875E-08 2.8875E-08 0.0000E+00 0.0000E+00 2.8875E-08 6.12E-06 6.83E-06   0.063 1.0000 6.9893E-06    916.955
11441.00 0.93838394 3.7647E-29 0.0000E+00 0.0000E+00 2.9089E-08 2.9089E-08 0.0000E+00 0.0000E+00 2.9089E-08 6.15E-06 6.87E-06   0.064 1.0000 7.0284E-06    918.000
11451.00 0.93833792 3.5743E-29 0.0000E+00 0.0000E+00 2.9382E-08 2.9382E-08 0.0000E+00 0.0000E+00 2.9382E-08 6.20E-06 6.92E-06   0.064 1.0000 7.0859E-06    919.183
11461.00 0.93823558 3.3973E-29 0.0000E+00 0.0000E+00 2.9768E-08 2.9768E-08 0.0000E+00 0.0000E+00 2.9768E-08 6.27E-06 7.00E-06   0.064 1.0000 7.1660E-06    920.521
11471.00 0.93810636 3.2308E-29 0.0000E+00 0.0000E+00 2.9323E-08 2.9323E-08 0.0000E+00 0.0000E+00 2.9323E-08 6.16E-06 6.88E-06   0.064 1.0000 7.0465E-06    920.416
11481.00 0.93792957 3.0755E-29 0.0000E+00 0.0000E+00 2.9549E-08 2.9549E-08 0.0000E+00 0.0000E+00 2.9549E-08 6.20E-06 6.92E-06   0.064 1.0000 7.0883E-06    921.478
11491.00 0.93784988 2.9220E-29 0.0000E+00 0.0000E+00 2.9572E-08 2.9572E-08 0.0000E+00 0.0000E+00 2.9572E-08 6.19E-06 6.92E-06   0.064 1.0000 7.0811E-06    922.187
11501.00 0.93767709 2.7802E-29 0.0000E+00 0.0000E+00 2.8908E-08 2.8908E-08 0.0000E+00 0.0000E+00 2.8908E-08 6.04E-06 6.75E-06   0.064 1.0000 6.9103E-06    921.687
11511.00 0.93757182 2.6435E-29 0.0000E+00 0.0000E+00 2.8780E-08 2.8780E-08 0.0000E+00 0.0000E+00 2.8780E-08 6.00E-06 6.70E-06   0.064 1.0000 6.8667E-06    922.126
11521.00 0.93744475 2.5143E-29 0.0000E+00 0.0000E+00 2.8937E-08 2.8937E-08 0.0000E+00 0.0000E+00 2.8937E-08 6.02E-06 6.73E-06   0.065 1.0000 6.8922E-06    923.074
11531.00 0.93727887 2.3924E-29 0.0000E+00 0.0000E+00 2.7905E-08 2.7905E-08 0.0000E+00 0.0000E+00 2.7905E-08 5.79E-06 6.48E-06   0.065 1.0000 6.6351E-06    921.877
11541.00 0.93713939 2.2754E-29 0.0000E+00 0.0000E+00 2.2233E-08 2.2233E-08 0.0000E+00 0.0000E+00 2.2233E-08 4.61E-06 5.15E-06   0.065 1.0000 5.2774E-06    911.043
11551.00 0.93698978 2.1649E-29 0.0000E+00 0.0000E+00 2.8320E-08 2.8320E-08 0.0000E+00 0.0000E+00 2.8320E-08 5.85E-06 6.55E-06   0.065 1.0000 6.7102E-06    923.966
11561.00 0.93689781 2.0578E-29 0.0000E+00 0.0000E+00 2.9798E-08 2.9798E-08 0.0000E+00 0.0000E+00 2.9798E-08 6.15E-06 6.88E-06   0.065 1.0000 7.0485E-06    927.257
11571.00 0.93678111 1.9561E-29 0.0000E+00 0.0000E+00 3.0397E-08 3.0397E-08 0.0000E+00 0.0000E+00 3.0397E-08 6.26E-06 7.00E-06   0.065 1.0000 7.1778E-06    928.954
11581.00 0.93652964 1.8640E-29 0.0000E+00 0.0000E+00 3.0248E-08 3.0248E-08 0.0000E+00 0.0000E+00 3.0248E-08 6.21E-06 6.96E-06   0.066 1.0000 7.1315E-06    929.368
11591.00 0.93620139 1.7799E-29 0.0000E+00 0.0000E+00 3.0304E-08 3.0304E-08 0.0000E+00 0.0000E+00 3.0304E-08 6.21E-06 6.96E-06   0.066 1.0000 7.1338E-06    930.133
11601.00 0.93626052 1.6864E-29 0.0000E+00 0.0000E+00 2.9865E-08 2.9865E-08 0.0000E+00 0.0000E+00 2.9865E-08 6.11E-06 6.84E-06   0.066 1.0000 7.0173E-06    930.043
11611.00 0.93598253 1.6088E-29 0.0000E+00 0.0000E+00 2.9870E-08 2.9870E-08 0.0000E+00 0.0000E+00 2.9870E-08 6.09E-06 6.83E-06   0.066 1.0000 7.0074E-06    930.719
11621.00 0.93597150 1.5263E-29 0.0000E+00 0.0000E+00 3.0216E-08 3.0216E-08 0.0000E+00 0.0000E+00 3.0216E-08 6.15E-06 6.90E-06   0.066 1.0000 7.0763E-06    931.986
11631.00 0.93560737 1.4582E-29 0.0000E+00 0.0000E+00 3.0047E-08 3.0047E-08 0.0000E+00 0.0000E+00 3.0047E-08 6.10E-06 6.85E-06   0.067 1.0000 7.0263E-06    932.361
11641.00 0.93523109 1.3936E-29 0.0000E+00 0.0000E+00 3.0044E-08 3.0044E-08 0.0000E+00 0.0000E+00 3.0044E-08 6.09E-06 6.83E-06   0.067 1.0000 7.0154E-06    933.024
11651.00 0.93530267 1.3194E-29 0.0000E+00 0.0000E+00 3.0100E-08 3.0100E-08 0.0000E+00 0.0000E+00 3.0100E-08 6.09E-06 6.83E-06   0.067 1.0000 7.0154E-06    933.788
11661.00 0.93416739 1.2797E-29 0.0000E+00 0.0000E+00 3.0665E-08 3.0665E-08 0.0000E+00 0.0000E+00 3.0665E-08 6.18E-06 6.95E-06   0.068 1.0000 7.1406E-06    935.425
11671.00 0.93481910 1.1986E-29 0.0000E+00 0.0000E+00 3.0785E-08 3.0785E-08 0.0000E+00 0.0000E+00 3.0785E-08 6.20E-06 6.96E-06   0.067 1.0000 7.1519E-06    936.296
11681.00 0.93414712 1.1513E-29 0.0000E+00 0.0000E+00 3.0317E-08 3.0317E-08 0.0000E+00 0.0000E+00 3.0317E-08 6.09E-06 6.85E-06   0.068 1.0000 7.0342E-06    936.165
11691.00 0.93369961 1.1016E-29 0.0000E+00 0.0000E+00 2.9416E-08 2.9416E-08 0.0000E+00 0.0000E+00 2.9416E-08 5.89E-06 6.63E-06   0.069 1.0000 6.8153E-06    935.261
11701.00 0.93319821 1.0545E-29 0.0000E+00 0.0000E+00 2.2068E-08 2.2068E-08 0.0000E+00 0.0000E+00 2.2068E-08 4.41E-06 4.97E-06   0.069 1.0000 5.1054E-06    921.209
11711.00 0.93230623 1.0179E-29 0.0000E+00 0.0000E+00 2.6394E-08 2.6394E-08 0.0000E+00 0.0000E+00 2.6394E-08 5.26E-06 5.93E-06   0.070 1.0000 6.0975E-06    930.984
11721.00 0.93336397 9.4600E-30 0.0000E+00 0.0000E+00 3.0113E-08 3.0113E-08 0.0000E+00 0.0000E+00 3.0113E-08 6.00E-06 6.75E-06   0.069 1.0000 6.9393E-06    938.481
11731.00 0.93213969 9.1766E-30 0.0000E+00 0.0000E+00 3.0619E-08 3.0619E-08 0.0000E+00 0.0000E+00 3.0619E-08 6.08E-06 6.86E-06   0.070 1.0000 7.0489E-06    940.020
11741.00 0.93049377 8.9602E-30 0.0000E+00 0.0000E+00 2.9742E-08 2.9742E-08 0.0000E+00 0.0000E+00 2.9742E-08 5.88E-06 6.66E-06   0.072 1.0000 6.8430E-06    939.169
11751.00 0.93157637 8.3471E-30 0.0000E+00 0.0000E+00 3.0864E-08 3.0864E-08 0.0000E+00 0.0000E+00 3.0864E-08 6.10E-06 6.89E-06   0.071 1.0000 7.0799E-06    941.772
11761.00 0.93259466 7.7749E-30 0.0000E+00 0.0000E+00 2.7415E-08 2.7415E-08 0.0000E+00 0.0000E+00 2.7415E-08 5.41E-06 6.10E-06   0.070 1.0000 6.2711E-06    936.262
11771.00 0.93214333 7.4328E-30 0.0000E+00 0.0000E+00 2.9451E-08 2.9451E-08 0.0000E+00 0.0000E+00 2.9451E-08 5.80E-06 6.55E-06   0.070 1.0000 6.7248E-06    940.653
11781.00 0.93180954 7.0912E-30 0.0000E+00 0.0000E+00 3.1324E-08 3.1324E-08 0.0000E+00 0.0000E+00 3.1324E-08 6.15E-06 6.95E-06   0.071 1.0000 7.1404E-06    944.553
11791.00 0.93145454 6.7771E-30 0.0000E+00 0.0000E+00 3.1363E-08 3.1363E-08 0.0000E+00 0.0000E+00 3.1363E-08 6.15E-06 6.95E-06   0.071 1.0000 7.1364E-06    945.286
11801.00 0.93309784 6.2351E-30 0.0000E+00 0.0000E+00 3.0761E-08 3.0761E-08 0.0000E+00 0.0000E+00 3.0761E-08 6.03E-06 6.79E-06   0.069 1.0000 6.9763E-06    944.933
11811.00 0.93216646 6.0136E-30 0.0000E+00 0.0000E+00 3.0904E-08 3.0904E-08 0.0000E+00 0.0000E+00 3.0904E-08 6.04E-06 6.82E-06   0.070 1.0000 7.0000E-06    945.845
11821.00 0.93157780 5.7720E-30 0.0000E+00 0.0000E+00 3.1455E-08 3.1455E-08 0.0000E+00 0.0000E+00 3.1455E-08 6.13E-06 6.93E-06   0.071 1.0000 7.1140E-06    947.444
11831.00 0.93162775 5.4694E-30 0.0000E+00 0.0000E+00 3.1459E-08 3.1459E-08 0.0000E+00 0.0000E+00 3.1459E-08 6.12E-06 6.91E-06   0.071 1.0000 7.1007E-06    948.118
11841.00 0.92974013 5.3649E-30 0.0000E+00 0.0000E+00 3.1130E-08 3.1130E-08 0.0000E+00 0.0000E+00 3.1130E-08 6.03E-06 6.84E-06   0.073 1.0000 7.0230E-06    948.230
11851.00 0.92718077 5.3170E-30 0.0000E+00 0.0000E+00 3.0762E-08 3.0762E-08 0.0000E+00 0.0000E+00 3.0762E-08 5.93E-06 6.76E-06   0.076 1.0000 6.9407E-06    948.270
11861.00 0.92910904 4.8845E-30 0.0000E+00 0.0000E+00 3.1472E-08 3.1472E-08 0.0000E+00 0.0000E+00 3.1472E-08 6.07E-06 6.89E-06   0.074 1.0000 7.0767E-06    950.143
11871.00 0.92968780 4.5827E-30 0.0000E+00 0.0000E+00 3.1303E-08 3.1303E-08 0.0000E+00 0.0000E+00 3.1303E-08 6.03E-06 6.84E-06   0.073 1.0000 7.0212E-06    950.525
11881.00 0.92571634 4.6560E-30 0.0000E+00 0.0000E+00 3.1550E-08 3.1550E-08 0.0000E+00 0.0000E+00 3.1550E-08 6.04E-06 6.90E-06   0.077 1.0000 7.0855E-06    951.607
11891.00 0.92391133 4.5604E-30 0.0000E+00 0.0000E+00 3.1833E-08 3.1833E-08 0.0000E+00 0.0000E+00 3.1833E-08 6.07E-06 6.96E-06   0.079 1.0000 7.1453E-06    952.748
11901.00 0.92715329 4.1063E-30 0.0000E+00 0.0000E+00 3.1743E-08 3.1743E-08 0.0000E+00 0.0000E+00 3.1743E-08 6.06E-06 6.90E-06   0.076 1.0000 7.0928E-06    953.265
11911.00 0.92673576 3.9225E-30 0.0000E+00 0.0000E+00 3.1644E-08 3.1644E-08 0.0000E+00 0.0000E+00 3.1644E-08 6.03E-06 6.87E-06   0.076 1.0000 7.0600E-06    953.767
11921.00 0.92316037 3.9481E-30 0.0000E+00 0.0000E+00 3.0683E-08 3.0683E-08 0.0000E+00 0.0000E+00 3.0683E-08 5.81E-06 6.67E-06   0.080 1.0000 6.8519E-06    952.798
11931.00 0.92298847 3.7602E-30 0.0000E+00 0.0000E+00 3.1824E-08 3.1824E-08 0.0000E+00 0.0000E+00 3.1824E-08 6.01E-06 6.90E-06   0.080 1.0000 7.0928E-06    955.401
11941.00 0.92000020 3.7463E-30 0.0000E+00 0.0000E+00 3.2024E-08 3.2024E-08 0.0000E+00 0.0000E+00 3.2024E-08 6.02E-06 6.95E-06   0.083 1.0000 7.1401E-06    956.402
11951.00 0.91974449 3.5529E-30 0.0000E+00 0.0000E+00 3.1648E-08 3.1648E-08 0.0000E+00 0.0000E+00 3.1648E-08 5.94E-06 6.85E-06   0.084 1.0000 7.0443E-06    956.440
11961.00 0.91390783 3.6639E-30 0.0000E+00 0.0000E+00 3.1854E-08 3.1854E-08 0.0000E+00 0.0000E+00 3.1854E-08 5.93E-06 6.91E-06   0.090 1.0000 7.1078E-06    957.453
11971.00 0.91618949 3.3790E-30 0.0000E+00 0.0000E+00 3.1888E-08 3.1888E-08 0.0000E+00 0.0000E+00 3.1888E-08 5.94E-06 6.90E-06   0.088 1.0000 7.0906E-06    958.177
11981.00 0.91725236 3.1187E-30 0.0000E+00 0.0000E+00 3.1409E-08 3.1409E-08 0.0000E+00 0.0000E+00 3.1409E-08 5.85E-06 6.78E-06   0.086 1.0000 6.9668E-06    958.037
11991.00 0.90323198 3.5333E-30 0.0000E+00 0.0000E+00 3.1195E-08 3.1195E-08 0.0000E+00 0.0000E+00 3.1195E-08 5.72E-06 6.79E-06   0.102 1.0000 6.9804E-06    958.338
12001.00 0.90264988 3.4007E-30 0.0000E+00 0.0000E+00 3.0813E-08 3.0813E-08 0.0000E+00 0.0000E+00 3.0813E-08 5.64E-06 6.70E-06   0.102 1.0000 6.8879E-06    958.349
12011.00 0.88954425 3.4611E-30 0.0000E+00 0.0000E+00 3.1006E-08 3.1006E-08 0.0000E+00 0.0000E+00 3.1006E-08 5.63E-06 6.79E-06   0.117 1.0000 6.9934E-06    959.347
12021.00 0.88061112 3.6394E-30 0.0000E+00 0.0000E+00 3.1199E-08 3.1199E-08 0.0000E+00 0.0000E+00 3.1199E-08 5.61E-06 6.86E-06   0.127 1.0000 7.0695E-06    960.344
12031.00 0.90321183 2.7902E-30 0.0000E+00 0.0000E+00 3.1260E-08 3.1260E-08 0.0000E+00 0.0000E+00 3.1260E-08 5.70E-06 6.75E-06   0.102 1.0000 6.9475E-06    961.113
12041.00 0.88482457 3.0817E-30 0.0000E+00 0.0000E+00 3.1222E-08 3.1222E-08 0.0000E+00 0.0000E+00 3.1222E-08 5.62E-06 6.82E-06   0.122 1.0000 7.0298E-06    961.714
12051.00 0.88304716 3.0233E-30 0.0000E+00 0.0000E+00 3.1297E-08 3.1297E-08 0.0000E+00 0.0000E+00 3.1297E-08 5.60E-06 6.83E-06   0.124 1.0000 7.0419E-06    962.509
12061.00 0.86840105 3.1510E-30 0.0000E+00 0.0000E+00 3.1272E-08 3.1272E-08 0.0000E+00 0.0000E+00 3.1272E-08 5.53E-06 6.89E-06   0.141 1.0000 7.1140E-06    963.132
12071.00 0.86917448 2.8961E-30 0.0000E+00 0.0000E+00 3.1538E-08 3.1538E-08 0.0000E+00 0.0000E+00 3.1538E-08 5.59E-06 6.94E-06   0.140 1.0000 7.1599E-06    964.251
12081.00 0.85226738 3.1552E-30 0.0000E+00 0.0000E+00 3.0986E-08 3.0986E-08 0.0000E+00 0.0000E+00 3.0986E-08 5.39E-06 6.90E-06   0.160 1.0000 7.1226E-06    963.970
12091.00 0.90551078 1.9699E-30 0.0000E+00 0.0000E+00 3.2490E-08 3.2490E-08 0.0000E+00 0.0000E+00 3.2490E-08 5.88E-06 6.92E-06   0.099 1.0000 7.1353E-06    967.179
12101.00 0.88707781 2.2177E-30 0.0000E+00 0.0000E+00 3.2028E-08 3.2028E-08 0.0000E+00 0.0000E+00 3.2028E-08 5.70E-06 6.91E-06   0.120 1.0000 7.1283E-06    967.074
12111.00 0.88402200 2.1445E-30 0.0000E+00 0.0000E+00 3.1802E-08 3.1802E-08 0.0000E+00 0.0000E+00 3.1802E-08 5.64E-06 6.86E-06   0.123 1.0000 7.0848E-06    967.359
12121.00 0.90904754 1.5999E-30 0.0000E+00 0.0000E+00 3.2227E-08 3.2227E-08 0.0000E+00 0.0000E+00 3.2227E-08 5.81E-06 6.81E-06   0.095 1.0000 7.0243E-06    968.739
12131.00 0.89107949 1.8555E-30 0.0000E+00 0.0000E+00 3.2022E-08 3.2022E-08 0.0000E+00 0.0000E+00 3.2022E-08 5.67E-06 6.85E-06   0.115 1.0000 7.0679E-06    969.061
12141.00 0.84090692 2.4645E-30 0.0000E+00 0.0000E+00 3.0396E-08 3.0396E-08 0.0000E+00 0.0000E+00 3.0396E-08 5.18E-06 6.74E-06   0.173 1.0000 6.9714E-06    966.931
12151.00 0.74720514 3.5317E-30 0.0000E+00 0.0000E+00 2.8220E-08 2.8220E-08 0.0000E+00 0.0000E+00 2.8220E-08 4.44E-06 6.76E-06   0.291 1.0000 7.0361E-06    963.633
12161.00 0.87638319 1.7993E-30 0.0000E+00 0.0000E+00 3.1052E-08 3.1052E-08 0.0000E+00 0.0000E+00 3.1052E-08 5.40E-06 6.68E-06   0.132 1.0000 6.9045E-06    969.404
12171.00 0.89732116 1.4231E-30 0.0000E+00 0.0000E+00 3.1780E-08 3.1780E-08 0.0000E+00 0.0000E+00 3.1780E-08 5.61E-06 6.71E-06   0.108 1.0000 6.9343E-06    971.315
12181.00 0.91310650 1.1446E-30 0.0000E+00 0.0000E+00 3.2371E-08 3.2371E-08 0.0000E+00 0.0000E+00 3.2371E-08 5.78E-06 6.74E-06   0.091 1.0000 6.9604E-06    972.975
12191.00 0.85975486 1.6851E-30 0.0000E+00 0.0000E+00 3.0749E-08 3.0749E-08 0.0000E+00 0.0000E+00 3.0749E-08 5.26E-06 6.66E-06   0.151 1.0000 6.9001E-06    970.870
12201.00 0.85325301 1.5927E-30 0.0000E+00 0.0000E+00 3.0277E-08 3.0277E-08 0.0000E+00 0.0000E+00 3.0277E-08 5.17E-06 6.58E-06   0.159 1.0000 6.8274E-06    970.703
12211.00 0.85358918 1.5390E-30 0.0000E+00 0.0000E+00 3.0943E-08 3.0943E-08 0.0000E+00 0.0000E+00 3.0943E-08 5.27E-06 6.71E-06   0.158 1.0000 6.9594E-06    972.538
12221.00 0.82491583 1.7716E-30 0.0000E+00 0.0000E+00 3.0179E-08 3.0179E-08 0.0000E+00 0.0000E+00 3.0179E-08 4.99E-06 6.69E-06   0.192 1.0000 6.9415E-06    971.856
12231.00 0.85145313 1.4329E-30 0.0000E+00 0.0000E+00 3.1753E-08 3.1753E-08 0.0000E+00 0.0000E+00 3.1753E-08 5.36E-06 6.87E-06   0.161 1.0000 7.1216E-06    975.260
12241.00 0.82609546 1.5752E-30 0.0000E+00 0.0000E+00 3.1015E-08 3.1015E-08 0.0000E+00 0.0000E+00 3.1015E-08 5.12E-06 6.83E-06   0.191 1.0000 7.0928E-06    974.655
12251.00 0.82841051 1.4653E-30 0.0000E+00 0.0000E+00 3.1093E-08 3.1093E-08 0.0000E+00 0.0000E+00 3.1093E-08 5.15E-06 6.82E-06   0.188 1.0000 7.0794E-06    975.454
12261.00 0.84710395 1.3155E-30 0.0000E+00 0.0000E+00 3.1715E-08 3.1715E-08 0.0000E+00 0.0000E+00 3.1715E-08 5.28E-06 6.84E-06   0.166 1.0000 7.0894E-06    977.190
12271.00 0.85389549 1.2539E-30 0.0000E+00 0.0000E+00 3.2005E-08 3.2005E-08 0.0000E+00 0.0000E+00 3.2005E-08 5.31E-06 6.85E-06   0.158 1.0000 7.0956E-06    978.347
12281.00 0.87406588 1.0127E-30 0.0000E+00 0.0000E+00 3.2718E-08 3.2718E-08 0.0000E+00 0.0000E+00 3.2718E-08 5.53E-06 6.88E-06   0.135 1.0000 7.1191E-06    980.208
12291.00 0.86800826 1.0206E-30 0.0000E+00 0.0000E+00 3.2685E-08 3.2685E-08 0.0000E+00 0.0000E+00 3.2685E-08 5.47E-06 6.90E-06   0.142 1.0000 7.1358E-06    980.819
12301.00 0.90345705 7.0053E-31 0.0000E+00 0.0000E+00 3.3523E-08 3.3523E-08 0.0000E+00 0.0000E+00 3.3523E-08 5.78E-06 6.87E-06   0.102 1.0000 7.1019E-06    982.863
12311.00 0.90687370 6.3916E-31 0.0000E+00 0.0000E+00 3.3675E-08 3.3675E-08 0.0000E+00 0.0000E+00 3.3675E-08 5.81E-06 6.87E-06   0.098 1.0000 7.1036E-06    983.777
12321.00 0.90839791 5.9156E-31 0.0000E+00 0.0000E+00 3.3688E-08 3.3688E-08 0.0000E+00 0.0000E+00 3.3688E-08 5.82E-06 6.86E-06   0.096 1.0000 7.0841E-06    984.464
12331.00 0.91456521 5.1762E-31 0.0000E+00 0.0000E+00 3.4006E-08 3.4006E-08 0.0000E+00 0.0000E+00 3.4006E-08 5.90E-06 6.87E-06   0.089 1.0000 7.1024E-06    985.644
12341.00 0.91820884 4.6335E-31 0.0000E+00 0.0000E+00 3.3727E-08 3.3727E-08 0.0000E+00 0.0000E+00 3.3727E-08 5.86E-06 6.79E-06   0.085 1.0000 7.0116E-06    985.859
12351.00 0.91605181 4.5220E-31 0.0000E+00 0.0000E+00 3.3310E-08 3.3310E-08 0.0000E+00 0.0000E+00 3.3310E-08 5.76E-06 6.70E-06   0.088 1.0000 6.9247E-06    985.843
12361.00 0.91947925 4.0759E-31 0.0000E+00 0.0000E+00 3.3733E-08 3.3733E-08 0.0000E+00 0.0000E+00 3.3733E-08 5.85E-06 6.76E-06   0.084 1.0000 6.9793E-06    987.201
12371.00 0.92011571 3.8330E-31 0.0000E+00 0.0000E+00 3.4039E-08 3.4039E-08 0.0000E+00 0.0000E+00 3.4039E-08 5.89E-06 6.80E-06   0.083 1.0000 7.0253E-06    988.361
12381.00 0.92192292 3.5297E-31 0.0000E+00 0.0000E+00 3.4209E-08 3.4209E-08 0.0000E+00 0.0000E+00 3.4209E-08 5.92E-06 6.81E-06   0.081 1.0000 7.0369E-06    989.300
12391.00 0.92126209 3.3821E-31 0.0000E+00 0.0000E+00 3.4487E-08 3.4487E-08 0.0000E+00 0.0000E+00 3.4487E-08 5.96E-06 6.86E-06   0.082 1.0000 7.0840E-06    990.411
12401.00 0.92142963 3.2076E-31 0.0000E+00 0.0000E+00 3.4860E-08 3.4860E-08 0.0000E+00 0.0000E+00 3.4860E-08 6.01E-06 6.92E-06   0.082 1.0000 7.1455E-06    991.670
12411.00 0.92215222 3.0051E-31 0.0000E+00 0.0000E+00 3.4687E-08 3.4687E-08 0.0000E+00 0.0000E+00 3.4687E-08 5.97E-06 6.87E-06   0.081 1.0000 7.0929E-06    992.061
12421.00 0.92029929 2.9248E-31 0.0000E+00 0.0000E+00 3.3680E-08 3.3680E-08 0.0000E+00 0.0000E+00 3.3680E-08 5.78E-06 6.67E-06   0.083 1.0000 6.8849E-06    991.105
12431.00 0.91456509 3.0287E-31 0.0000E+00 0.0000E+00 3.4382E-08 3.4382E-08 0.0000E+00 0.0000E+00 3.4382E-08 5.85E-06 6.82E-06   0.089 1.0000 7.0471E-06    992.908
12441.00 0.91474682 2.8592E-31 0.0000E+00 0.0000E+00 3.4615E-08 3.4615E-08 0.0000E+00 0.0000E+00 3.4615E-08 5.88E-06 6.85E-06   0.089 1.0000 7.0810E-06    993.946
12451.00 0.91434300 2.7313E-31 0.0000E+00 0.0000E+00 3.4243E-08 3.4243E-08 0.0000E+00 0.0000E+00 3.4243E-08 5.80E-06 6.77E-06   0.090 1.0000 6.9937E-06    994.015
12461.00 0.91219026 2.6710E-31 0.0000E+00 0.0000E+00 3.4643E-08 3.4643E-08 0.0000E+00 0.0000E+00 3.4643E-08 5.85E-06 6.85E-06   0.092 1.0000 7.0759E-06    995.321
12471.00 0.91542637 2.4166E-31 0.0000E+00 0.0000E+00 3.4976E-08 3.4976E-08 0.0000E+00 0.0000E+00 3.4976E-08 5.91E-06 6.88E-06   0.088 1.0000 7.1120E-06    996.516
12481.00 0.91107917 2.4289E-31 0.0000E+00 0.0000E+00 3.4872E-08 3.4872E-08 0.0000E+00 0.0000E+00 3.4872E-08 5.86E-06 6.87E-06   0.093 1.0000 7.1032E-06    997.017
12491.00 0.91288358 2.2495E-31 0.0000E+00 0.0000E+00 3.4683E-08 3.4683E-08 0.0000E+00 0.0000E+00 3.4683E-08 5.83E-06 6.81E-06   0.091 1.0000 7.0410E-06    997.381
12501.00 0.91402811 2.1055E-31 0.0000E+00 0.0000E+00 3.4370E-08 3.4370E-08 0.0000E+00 0.0000E+00 3.4370E-08 5.77E-06 6.73E-06   0.090 1.0000 6.9583E-06    997.546
12511.00 0.91902292 1.8563E-31 0.0000E+00 0.0000E+00 3.5350E-08 3.5350E-08 0.0000E+00 0.0000E+00 3.5350E-08 5.95E-06 6.89E-06   0.084 1.0000 7.1163E-06    999.769
12521.00 0.91562754 1.8487E-31 0.0000E+00 0.0000E+00 3.5290E-08 3.5290E-08 0.0000E+00 0.0000E+00 3.5290E-08 5.91E-06 6.88E-06   0.088 1.0000 7.1113E-06   1000.341
12531.00 0.91981184 1.6520E-31 0.0000E+00 0.0000E+00 3.5406E-08 3.5406E-08 0.0000E+00 0.0000E+00 3.5406E-08 5.94E-06 6.87E-06   0.084 1.0000 7.0974E-06   1001.189
12541.00 0.91560626 1.6629E-31 0.0000E+00 0.0000E+00 3.5301E-08 3.5301E-08 0.0000E+00 0.0000E+00 3.5301E-08 5.89E-06 6.86E-06   0.088 1.0000 7.0882E-06   1001.691
12551.00 0.90942675 1.7115E-31 0.0000E+00 0.0000E+00 3.5248E-08 3.5248E-08 0.0000E+00 0.0000E+00 3.5248E-08 5.84E-06 6.86E-06   0.095 1.0000 7.0994E-06   1002.273
12561.00 0.90550315 1.7088E-31 0.0000E+00 0.0000E+00 3.4910E-08 3.4910E-08 0.0000E+00 0.0000E+00 3.4910E-08 5.75E-06 6.81E-06   0.099 1.0000 7.0428E-06   1002.401
12571.00 0.91823739 1.3655E-31 0.0000E+00 0.0000E+00 3.5412E-08 3.5412E-08 0.0000E+00 0.0000E+00 3.5412E-08 5.89E-06 6.82E-06   0.085 1.0000 7.0580E-06   1003.861
12581.00 0.91973794 1.2661E-31 0.0000E+00 0.0000E+00 3.4274E-08 3.4274E-08 0.0000E+00 0.0000E+00 3.4274E-08 5.70E-06 6.59E-06   0.084 1.0000 6.8119E-06   1002.710
12591.00 0.92143625 1.1693E-31 0.0000E+00 0.0000E+00 3.4497E-08 3.4497E-08 0.0000E+00 0.0000E+00 3.4497E-08 5.74E-06 6.61E-06   0.082 1.0000 6.8345E-06   1003.735
12601.00 0.91907865 1.1468E-31 0.0000E+00 0.0000E+00 3.4478E-08 3.4478E-08 0.0000E+00 0.0000E+00 3.4478E-08 5.71E-06 6.60E-06   0.084 1.0000 6.8321E-06   1004.369
12611.00 0.91139448 1.2128E-31 0.0000E+00 0.0000E+00 3.5230E-08 3.5230E-08 0.0000E+00 0.0000E+00 3.5230E-08 5.78E-06 6.77E-06   0.093 1.0000 7.0130E-06   1006.236
12621.00 0.91105282 1.1529E-31 0.0000E+00 0.0000E+00 3.5274E-08 3.5274E-08 0.0000E+00 0.0000E+00 3.5274E-08 5.77E-06 6.77E-06   0.093 1.0000 7.0117E-06   1006.970
12631.00 0.91411591 1.0543E-31 0.0000E+00 0.0000E+00 3.4907E-08 3.4907E-08 0.0000E+00 0.0000E+00 3.4907E-08 5.72E-06 6.67E-06   0.090 1.0000 6.9099E-06   1007.052
12641.00 0.91005337 1.0545E-31 0.0000E+00 0.0000E+00 3.5528E-08 3.5528E-08 0.0000E+00 0.0000E+00 3.5528E-08 5.79E-06 6.80E-06   0.094 1.0000 7.0438E-06   1008.703
12651.00 0.91063988 9.9381E-32 0.0000E+00 0.0000E+00 3.5873E-08 3.5873E-08 0.0000E+00 0.0000E+00 3.5873E-08 5.84E-06 6.85E-06   0.094 1.0000 7.0958E-06   1009.908
12661.00 0.90638644 9.9634E-32 0.0000E+00 0.0000E+00 3.5751E-08 3.5751E-08 0.0000E+00 0.0000E+00 3.5751E-08 5.78E-06 6.84E-06   0.098 1.0000 7.0839E-06   1010.383
12671.00 0.91114020 8.9349E-32 0.0000E+00 0.0000E+00 3.6137E-08 3.6137E-08 0.0000E+00 0.0000E+00 3.6137E-08 5.86E-06 6.87E-06   0.093 1.0000 7.1204E-06   1011.651
12681.00 0.91661131 7.8353E-32 0.0000E+00 0.0000E+00 3.6170E-08 3.6170E-08 0.0000E+00 0.0000E+00 3.6170E-08 5.88E-06 6.84E-06   0.087 1.0000 7.0842E-06   1012.367
12691.00 0.91559619 7.5454E-32 0.0000E+00 0.0000E+00 3.6023E-08 3.6023E-08 0.0000E+00 0.0000E+00 3.6023E-08 5.84E-06 6.80E-06   0.088 1.0000 7.0488E-06   1012.805
12701.00 0.91764569 6.9435E-32 0.0000E+00 0.0000E+00 3.6387E-08 3.6387E-08 0.0000E+00 0.0000E+00 3.6387E-08 5.90E-06 6.85E-06   0.086 1.0000 7.0968E-06   1014.035
12711.00 0.91750699 6.6050E-32 0.0000E+00 0.0000E+00 3.6667E-08 3.6667E-08 0.0000E+00 0.0000E+00 3.6667E-08 5.94E-06 6.89E-06   0.086 1.0000 7.1406E-06   1015.132
12721.00 0.92045426 5.9677E-32 0.0000E+00 0.0000E+00 3.6082E-08 3.6082E-08 0.0000E+00 0.0000E+00 3.6082E-08 5.85E-06 6.75E-06   0.083 1.0000 6.9992E-06   1014.891
12731.00 0.92042673 5.6594E-32 0.0000E+00 0.0000E+00 3.6073E-08 3.6073E-08 0.0000E+00 0.0000E+00 3.6073E-08 5.84E-06 6.74E-06   0.083 1.0000 6.9861E-06   1015.543
12741.00 0.92033178 5.3754E-32 0.0000E+00 0.0000E+00 3.6731E-08 3.6731E-08 0.0000E+00 0.0000E+00 3.6731E-08 5.93E-06 6.85E-06   0.083 1.0000 7.1028E-06   1017.227
12751.00 0.92048651 5.0835E-32 0.0000E+00 0.0000E+00 3.6705E-08 3.6705E-08 0.0000E+00 0.0000E+00 3.6705E-08 5.92E-06 6.83E-06   0.083 1.0000 7.0859E-06   1017.852
12761.00 0.92064661 4.8049E-32 0.0000E+00 0.0000E+00 3.5832E-08 3.5832E-08 0.0000E+00 0.0000E+00 3.5832E-08 5.77E-06 6.65E-06   0.083 1.0000 6.9058E-06   1017.159
12771.00 0.92059422 4.5599E-32 0.0000E+00 0.0000E+00 3.6565E-08 3.6565E-08 0.0000E+00 0.0000E+00 3.6565E-08 5.87E-06 6.78E-06   0.083 1.0000 7.0362E-06   1018.967
12781.00 0.92043751 4.3339E-32 0.0000E+00 0.0000E+00 3.7030E-08 3.7030E-08 0.0000E+00 0.0000E+00 3.7030E-08 5.94E-06 6.85E-06   0.083 1.0000 7.1156E-06   1020.346
12791.00 0.92033982 4.1169E-32 0.0000E+00 0.0000E+00 3.7105E-08 3.7105E-08 0.0000E+00 0.0000E+00 3.7105E-08 5.94E-06 6.85E-06   0.083 1.0000 7.1190E-06   1021.127
12801.00 0.92025000 3.9092E-32 0.0000E+00 0.0000E+00 3.6551E-08 3.6551E-08 0.0000E+00 0.0000E+00 3.6551E-08 5.84E-06 6.74E-06   0.083 1.0000 7.0016E-06   1020.940
12811.00 0.92003918 3.7189E-32 0.0000E+00 0.0000E+00 3.7041E-08 3.7041E-08 0.0000E+00 0.0000E+00 3.7041E-08 5.90E-06 6.82E-06   0.083 1.0000 7.0852E-06   1022.360
12821.00 0.91996801 3.5310E-32 0.0000E+00 0.0000E+00 3.6659E-08 3.6659E-08 0.0000E+00 0.0000E+00 3.6659E-08 5.83E-06 6.73E-06   0.083 1.0000 7.0007E-06   1022.437
12831.00 0.91973114 3.3614E-32 0.0000E+00 0.0000E+00 3.7165E-08 3.7165E-08 0.0000E+00 0.0000E+00 3.7165E-08 5.90E-06 6.82E-06   0.084 1.0000 7.0866E-06   1023.879
12841.00 0.91967762 3.1905E-32 0.0000E+00 0.0000E+00 3.7343E-08 3.7343E-08 0.0000E+00 0.0000E+00 3.7343E-08 5.92E-06 6.84E-06   0.084 1.0000 7.1081E-06   1024.817
12851.00 0.91951561 3.0336E-32 0.0000E+00 0.0000E+00 3.7370E-08 3.7370E-08 0.0000E+00 0.0000E+00 3.7370E-08 5.91E-06 6.83E-06   0.084 1.0000 7.1013E-06   1025.522
12861.00 0.91938305 2.8831E-32 0.0000E+00 0.0000E+00 3.6678E-08 3.6678E-08 0.0000E+00 0.0000E+00 3.6678E-08 5.79E-06 6.69E-06   0.084 1.0000 6.9577E-06   1025.125
12871.00 0.91925913 2.7396E-32 0.0000E+00 0.0000E+00 3.7567E-08 3.7567E-08 0.0000E+00 0.0000E+00 3.7567E-08 5.92E-06 6.84E-06   0.084 1.0000 7.1139E-06   1027.153
12881.00 0.91908425 2.6053E-32 0.0000E+00 0.0000E+00 3.7555E-08 3.7555E-08 0.0000E+00 0.0000E+00 3.7555E-08 5.90E-06 6.83E-06   0.084 1.0000 7.0994E-06   1027.799
12891.00 0.91884607 2.4800E-32 0.0000E+00 0.0000E+00 3.7592E-08 3.7592E-08 0.0000E+00 0.0000E+00 3.7592E-08 5.89E-06 6.82E-06   0.085 1.0000 7.0944E-06   1028.521
12901.00 0.91864431 2.3587E-32 0.0000E+00 0.0000E+00 3.5848E-08 3.5848E-08 0.0000E+00 0.0000E+00 3.5848E-08 5.61E-06 6.49E-06   0.085 1.0000 6.7536E-06   1026.482
12911.00 0.91827744 2.2490E-32 0.0000E+00 0.0000E+00 3.6732E-08 3.6732E-08 0.0000E+00 0.0000E+00 3.6732E-08 5.74E-06 6.64E-06   0.085 1.0000 6.9089E-06   1028.531
12921.00 0.91798508 2.1417E-32 0.0000E+00 0.0000E+00 3.7836E-08 3.7836E-08 0.0000E+00 0.0000E+00 3.7836E-08 5.90E-06 6.83E-06   0.086 1.0000 7.1049E-06   1030.886
12931.00 0.91748953 2.0447E-32 0.0000E+00 0.0000E+00 3.7675E-08 3.7675E-08 0.0000E+00 0.0000E+00 3.7675E-08 5.86E-06 6.79E-06   0.086 1.0000 7.0646E-06   1031.308
12941.00 0.91678131 1.9569E-32 0.0000E+00 0.0000E+00 3.6813E-08 3.6813E-08 0.0000E+00 0.0000E+00 3.6813E-08 5.71E-06 6.63E-06   0.087 1.0000 6.8949E-06   1030.650
12951.00 0.91639423 1.8656E-32 0.0000E+00 0.0000E+00 3.7364E-08 3.7364E-08 0.0000E+00 0.0000E+00 3.7364E-08 5.78E-06 6.72E-06   0.087 1.0000 6.9877E-06   1032.163
12961.00 0.91586423 1.7810E-32 0.0000E+00 0.0000E+00 3.6916E-08 3.6916E-08 0.0000E+00 0.0000E+00 3.6916E-08 5.70E-06 6.63E-06   0.088 1.0000 6.8945E-06   1032.137
12971.00 0.91484010 1.7079E-32 0.0000E+00 0.0000E+00 3.7657E-08 3.7657E-08 0.0000E+00 0.0000E+00 3.7657E-08 5.80E-06 6.75E-06   0.089 1.0000 7.0270E-06   1033.939
12981.00 0.91075259 1.6890E-32 0.0000E+00 0.0000E+00 3.7392E-08 3.7392E-08 0.0000E+00 0.0000E+00 3.7392E-08 5.73E-06 6.71E-06   0.093 1.0000 6.9958E-06   1034.199
12991.00 0.90500993 1.6730E-32 0.0000E+00 0.0000E+00 3.7097E-08 3.7097E-08 0.0000E+00 0.0000E+00 3.7097E-08 5.66E-06 6.67E-06   0.100 1.0000 6.9674E-06   1034.409
13001.00 0.89501196 1.6874E-32 0.0000E+00 0.0000E+00 3.6959E-08 3.6959E-08 0.0000E+00 0.0000E+00 3.6959E-08 5.61E-06 6.67E-06   0.111 1.0000 6.9977E-06   1034.859
13011.00 0.88640791 1.6477E-32 0.0000E+00 0.0000E+00 3.7042E-08 3.7042E-08 0.0000E+00 0.0000E+00 3.7042E-08 5.59E-06 6.70E-06   0.121 1.0000 7.0635E-06   1035.652
13021.00 0.86510319 1.7228E-32 0.0000E+00 0.0000E+00 3.6175E-08 3.6175E-08 0.0000E+00 0.0000E+00 3.6175E-08 5.40E-06 6.62E-06   0.145 1.0000 7.0503E-06   1034.960
13031.00 0.84321469 1.8083E-32 0.0000E+00 0.0000E+00 3.5473E-08 3.5473E-08 0.0000E+00 0.0000E+00 3.5473E-08 5.22E-06 6.58E-06   0.171 1.0000 7.0771E-06   1034.503
13041.00 0.80518854 1.9421E-32 0.0000E+00 0.0000E+00 3.2247E-08 3.2247E-08 0.0000E+00 0.0000E+00 3.2247E-08 4.66E-06 6.10E-06   0.217 1.0000 6.7057E-06   1029.750
13051.00 0.76600772 2.1591E-32 0.0000E+00 0.0000E+00 3.0129E-08 3.0129E-08 0.0000E+00 0.0000E+00 3.0129E-08 4.22E-06 5.90E-06   0.267 1.0000 6.6213E-06   1026.582
13061.00 0.69982219 2.3801E-32 0.0000E+00 0.0000E+00 2.8458E-08 2.8458E-08 0.0000E+00 0.0000E+00 2.8458E-08 3.83E-06 5.86E-06   0.357 1.0000 6.8845E-06   1024.046
13071.00 0.62393111 2.5047E-32 0.0000E+00 0.0000E+00 2.5948E-08 2.5948E-08 0.0000E+00 0.0000E+00 2.5948E-08 3.33E-06 5.67E-06   0.472 1.0000 7.1115E-06   1019.572
13081.00 0.55692893 2.6257E-32 0.0000E+00 0.0000E+00 2.2899E-08 2.2899E-08 0.0000E+00 0.0000E+00 2.2899E-08 2.79E-06 5.35E-06   0.585 1.0000 7.1104E-06   1013.358
13091.00 0.47576568 2.6850E-32 0.0000E+00 0.0000E+00 1.9239E-08 1.9239E-08 0.0000E+00 0.0000E+00 1.9239E-08 2.17E-06 4.91E-06   0.743 1.0000 7.1062E-06   1004.589
13101.00 0.43358415 2.6208E-32 0.0000E+00 0.0000E+00 1.7147E-08 1.7147E-08 0.0000E+00 0.0000E+00 1.7147E-08 1.84E-06 4.63E-06   0.836 1.0000 7.1028E-06    999.100
13111.00 0.46333733 2.4374E-32 0.0000E+00 0.0000E+00 1.8065E-08 1.8065E-08 0.0000E+00 0.0000E+00 1.8065E-08 1.97E-06 4.70E-06   0.769 1.0000 7.0290E-06   1002.512
13121.00 0.67273355 1.7379E-32 0.0000E+00 0.0000E+00 2.6154E-08 2.6154E-08 0.0000E+00 0.0000E+00 2.6154E-08 3.42E-06 5.48E-06   0.396 1.0000 6.7816E-06   1023.275
13131.00 0.42876923 2.2936E-32 0.0000E+00 0.0000E+00 1.6490E-08 1.6490E-08 0.0000E+00 0.0000E+00 1.6490E-08 1.72E-06 4.53E-06   0.847 1.0000 6.9749E-06    998.956
13141.00 0.23356856 2.3809E-32 0.0000E+00 0.0000E+00 8.7655E-09 8.7655E-09 0.0000E+00 0.0000E+00 8.7655E-09 5.69E-07 3.52E-06   1.454 1.0000 7.0062E-06    967.280
13151.00 0.22614922 2.1732E-32 0.0000E+00 0.0000E+00 9.1841E-09 9.1841E-09 0.0000E+00 0.0000E+00 9.1841E-09 6.33E-07 3.52E-06   1.487 1.0000 6.9759E-06    970.218
13161.00 0.43678394 2.0292E-32 0.0000E+00 0.0000E+00 1.8962E-08 1.8962E-08 0.0000E+00 0.0000E+00 1.8962E-08 2.04E-06 4.91E-06   0.828 1.0000 7.0394E-06   1008.321
13171.00 0.85910457 8.0351E-33 0.0000E+00 0.0000E+00 3.6737E-08 3.6737E-08 0.0000E+00 0.0000E+00 3.6737E-08 5.32E-06 6.56E-06   0.152 1.0000 7.0248E-06   1045.789
13181.00 0.91357344 5.7542E-33 0.0000E+00 0.0000E+00 3.8084E-08 3.8084E-08 0.0000E+00 0.0000E+00 3.8084E-08 5.63E-06 6.58E-06   0.090 1.0000 6.8540E-06   1048.534
13191.00 0.91451782 5.4017E-33 0.0000E+00 0.0000E+00 3.9099E-08 3.9099E-08 0.0000E+00 0.0000E+00 3.9099E-08 5.77E-06 6.74E-06   0.089 1.0000 7.0170E-06   1050.726
13201.00 0.91444784 5.1285E-33 0.0000E+00 0.0000E+00 3.8947E-08 3.8947E-08 0.0000E+00 0.0000E+00 3.8947E-08 5.74E-06 6.70E-06   0.089 1.0000 6.9786E-06   1051.163
13211.00 0.91432309 4.8720E-33 0.0000E+00 0.0000E+00 3.9001E-08 3.9001E-08 0.0000E+00 0.0000E+00 3.9001E-08 5.74E-06 6.70E-06   0.090 1.0000 6.9776E-06   1051.907
13221.00 0.91414851 4.6318E-33 0.0000E+00 0.0000E+00 3.8934E-08 3.8934E-08 0.0000E+00 0.0000E+00 3.8934E-08 5.72E-06 6.67E-06   0.090 1.0000 6.9558E-06   1052.473
13231.00 0.91396397 4.4041E-33 0.0000E+00 0.0000E+00 3.8780E-08 3.8780E-08 0.0000E+00 0.0000E+00 3.8780E-08 5.68E-06 6.64E-06   0.090 1.0000 6.9184E-06   1052.905
13241.00 0.91380078 4.1860E-33 0.0000E+00 0.0000E+00 3.9483E-08 3.9483E-08 0.0000E+00 0.0000E+00 3.9483E-08 5.77E-06 6.74E-06   0.090 1.0000 7.0339E-06   1054.616
13251.00 0.91364777 3.9781E-33 0.0000E+00 0.0000E+00 3.9652E-08 3.9652E-08 0.0000E+00 0.0000E+00 3.9652E-08 5.79E-06 6.76E-06   0.090 1.0000 7.0541E-06   1055.530
13261.00 0.91343105 3.7842E-33 0.0000E+00 0.0000E+00 3.9827E-08 3.9827E-08 0.0000E+00 0.0000E+00 3.9827E-08 5.80E-06 6.78E-06   0.091 1.0000 7.0756E-06   1056.451
13271.00 0.91329676 3.5951E-33 0.0000E+00 0.0000E+00 3.9470E-08 3.9470E-08 0.0000E+00 0.0000E+00 3.9470E-08 5.74E-06 6.71E-06   0.091 1.0000 7.0026E-06   1056.589
13281.00 0.91311723 3.4176E-33 0.0000E+00 0.0000E+00 3.9176E-08 3.9176E-08 0.0000E+00 0.0000E+00 3.9176E-08 5.68E-06 6.65E-06   0.091 1.0000 6.9412E-06   1056.816
13291.00 0.91293347 3.2493E-33 0.0000E+00 0.0000E+00 3.9089E-08 3.9089E-08 0.0000E+00 0.0000E+00 3.9089E-08 5.66E-06 6.62E-06   0.091 1.0000 6.9165E-06   1057.349
13301.00 0.91270673 3.0911E-33 0.0000E+00 0.0000E+00 3.9664E-08 3.9664E-08 0.0000E+00 0.0000E+00 3.9664E-08 5.73E-06 6.71E-06   0.091 1.0000 7.0096E-06   1058.869
13311.00 0.91257477 2.9365E-33 0.0000E+00 0.0000E+00 3.8508E-08 3.8508E-08 0.0000E+00 0.0000E+00 3.8508E-08 5.55E-06 6.50E-06   0.091 1.0000 6.7959E-06   1057.802
13321.00 0.91228479 2.7963E-33 0.0000E+00 0.0000E+00 3.9742E-08 3.9742E-08 0.0000E+00 0.0000E+00 3.9742E-08 5.72E-06 6.70E-06   0.092 1.0000 7.0050E-06   1060.311
13331.00 0.91216266 2.6561E-33 0.0000E+00 0.0000E+00 3.9430E-08 3.9430E-08 0.0000E+00 0.0000E+00 3.9430E-08 5.66E-06 6.63E-06   0.092 1.0000 6.9407E-06   1060.513
13341.00 0.91201407 2.5240E-33 0.0000E+00 0.0000E+00 3.8585E-08 3.8585E-08 0.0000E+00 0.0000E+00 3.8585E-08 5.53E-06 6.48E-06   0.092 1.0000 6.7825E-06   1059.907
13351.00 0.91187298 2.3979E-33 0.0000E+00 0.0000E+00 3.9823E-08 3.9823E-08 0.0000E+00 0.0000E+00 3.9823E-08 5.70E-06 6.68E-06   0.092 1.0000 6.9903E-06   1062.423
13361.00 0.91170925 2.2791E-33 0.0000E+00 0.0000E+00 3.9646E-08 3.9646E-08 0.0000E+00 0.0000E+00 3.9646E-08 5.66E-06 6.64E-06   0.092 1.0000 6.9490E-06   1062.824
13371.00 0.91146135 2.1692E-33 0.0000E+00 0.0000E+00 3.9667E-08 3.9667E-08 0.0000E+00 0.0000E+00 3.9667E-08 5.65E-06 6.63E-06   0.093 1.0000 6.9428E-06   1063.518
13381.00 0.91125476 2.0630E-33 0.0000E+00 0.0000E+00 3.9956E-08 3.9956E-08 0.0000E+00 0.0000E+00 3.9956E-08 5.68E-06 6.67E-06   0.093 1.0000 6.9829E-06   1064.609
13391.00 0.91107225 1.9613E-33 0.0000E+00 0.0000E+00 4.0033E-08 4.0033E-08 0.0000E+00 0.0000E+00 4.0033E-08 5.68E-06 6.67E-06   0.093 1.0000 6.9856E-06   1065.386
13401.00 0.91090220 1.8648E-33 0.0000E+00 0.0000E+00 3.9784E-08 3.9784E-08 0.0000E+00 0.0000E+00 3.9784E-08 5.63E-06 6.62E-06   0.093 1.0000 6.9311E-06   1065.683
13411.00 0.91053796 1.7782E-33 0.0000E+00 0.0000E+00 4.0223E-08 4.0223E-08 0.0000E+00 0.0000E+00 4.0223E-08 5.68E-06 6.68E-06   0.094 1.0000 6.9973E-06   1066.993
13421.00 0.91054338 1.6860E-33 0.0000E+00 0.0000E+00 3.9424E-08 3.9424E-08 0.0000E+00 0.0000E+00 3.9424E-08 5.56E-06 6.53E-06   0.094 1.0000 6.8463E-06   1066.474
13431.00 0.91011238 1.6092E-33 0.0000E+00 0.0000E+00 3.8977E-08 3.8977E-08 0.0000E+00 0.0000E+00 3.8977E-08 5.48E-06 6.45E-06   0.094 1.0000 6.7587E-06   1066.465
13441.00 0.90985662 1.5324E-33 0.0000E+00 0.0000E+00 4.0308E-08 4.0308E-08 0.0000E+00 0.0000E+00 4.0308E-08 5.66E-06 6.66E-06   0.094 1.0000 6.9782E-06   1069.108
13451.00 0.90998036 1.4497E-33 0.0000E+00 0.0000E+00 4.0397E-08 4.0397E-08 0.0000E+00 0.0000E+00 4.0397E-08 5.66E-06 6.66E-06   0.094 1.0000 6.9805E-06   1069.902
13461.00 0.90859187 1.4037E-33 0.0000E+00 0.0000E+00 4.0045E-08 4.0045E-08 0.0000E+00 0.0000E+00 4.0045E-08 5.59E-06 6.60E-06   0.096 1.0000 6.9145E-06   1070.048
13471.00 0.90824252 1.3387E-33 0.0000E+00 0.0000E+00 3.8691E-08 3.8691E-08 0.0000E+00 0.0000E+00 3.8691E-08 5.39E-06 6.37E-06   0.096 1.0000 6.6706E-06   1068.680
13481.00 0.90798640 1.2738E-33 0.0000E+00 0.0000E+00 3.8782E-08 3.8782E-08 0.0000E+00 0.0000E+00 3.8782E-08 5.39E-06 6.37E-06   0.097 1.0000 6.6756E-06   1069.481
13491.00 0.90622854 1.2389E-33 0.0000E+00 0.0000E+00 3.8701E-08 3.8701E-08 0.0000E+00 0.0000E+00 3.8701E-08 5.36E-06 6.35E-06   0.098 1.0000 6.6588E-06   1070.020
13501.00 0.90757877 1.1525E-33 0.0000E+00 0.0000E+00 3.9930E-08 3.9930E-08 0.0000E+00 0.0000E+00 3.9930E-08 5.53E-06 6.54E-06   0.097 1.0000 6.8511E-06   1072.530
13511.00 0.90503621 1.1312E-33 0.0000E+00 0.0000E+00 3.9901E-08 3.9901E-08 0.0000E+00 0.0000E+00 3.9901E-08 5.50E-06 6.53E-06   0.100 1.0000 6.8479E-06   1073.149
13521.00 0.90180945 1.1201E-33 0.0000E+00 0.0000E+00 3.9908E-08 3.9908E-08 0.0000E+00 0.0000E+00 3.9908E-08 5.47E-06 6.54E-06   0.103 1.0000 6.8549E-06   1073.823
13531.00 0.90279531 1.0497E-33 0.0000E+00 0.0000E+00 3.8725E-08 3.8725E-08 0.0000E+00 0.0000E+00 3.8725E-08 5.31E-06 6.33E-06   0.102 1.0000 6.6352E-06   1072.704
13541.00 0.89877301 1.0458E-33 0.0000E+00 0.0000E+00 3.9800E-08 3.9800E-08 0.0000E+00 0.0000E+00 3.9800E-08 5.42E-06 6.51E-06   0.107 1.0000 6.8288E-06   1074.987
13551.00 0.90249026 9.4741E-34 0.0000E+00 0.0000E+00 4.0800E-08 4.0800E-08 0.0000E+00 0.0000E+00 4.0800E-08 5.57E-06 6.65E-06   0.103 1.0000 6.9678E-06   1077.124
13561.00 0.89804488 9.4668E-34 0.0000E+00 0.0000E+00 4.0798E-08 4.0798E-08 0.0000E+00 0.0000E+00 4.0798E-08 5.53E-06 6.66E-06   0.108 1.0000 6.9805E-06   1077.784
13571.00 0.89356804 9.4906E-34 0.0000E+00 0.0000E+00 4.0427E-08 4.0427E-08 0.0000E+00 0.0000E+00 4.0427E-08 5.45E-06 6.61E-06   0.113 1.0000 6.9293E-06   1077.903
13581.00 0.89141256 9.1933E-34 0.0000E+00 0.0000E+00 4.0057E-08 4.0057E-08 0.0000E+00 0.0000E+00 4.0057E-08 5.38E-06 6.55E-06   0.115 1.0000 6.8674E-06   1078.019
13591.00 0.89630729 8.2526E-34 0.0000E+00 0.0000E+00 4.0050E-08 4.0050E-08 0.0000E+00 0.0000E+00 4.0050E-08 5.39E-06 6.51E-06   0.109 1.0000 6.8280E-06   1078.671
13601.00 0.89433599 8.0596E-34 0.0000E+00 0.0000E+00 4.0595E-08 4.0595E-08 0.0000E+00 0.0000E+00 4.0595E-08 5.44E-06 6.59E-06   0.112 1.0000 6.9178E-06   1080.138
13611.00 0.89321858 7.7174E-34 0.0000E+00 0.0000E+00 4.1009E-08 4.1009E-08 0.0000E+00 0.0000E+00 4.1009E-08 5.48E-06 6.66E-06   0.113 1.0000 6.9838E-06   1081.406
13621.00 0.90058303 6.6833E-34 0.0000E+00 0.0000E+00 4.1431E-08 4.1431E-08 0.0000E+00 0.0000E+00 4.1431E-08 5.57E-06 6.67E-06   0.105 1.0000 7.0039E-06   1082.681
13631.00 0.88542885 7.5397E-34 0.0000E+00 0.0000E+00 4.0586E-08 4.0586E-08 0.0000E+00 0.0000E+00 4.0586E-08 5.37E-06 6.60E-06   0.122 1.0000 6.9291E-06   1082.113
13641.00 0.88999951 6.8476E-34 0.0000E+00 0.0000E+00 4.0122E-08 4.0122E-08 0.0000E+00 0.0000E+00 4.0122E-08 5.32E-06 6.49E-06   0.117 1.0000 6.8141E-06   1082.089
13651.00 0.89003664 6.4346E-34 0.0000E+00 0.0000E+00 4.0255E-08 4.0255E-08 0.0000E+00 0.0000E+00 4.0255E-08 5.33E-06 6.50E-06   0.116 1.0000 6.8293E-06   1082.948
13661.00 0.86208701 7.8953E-34 0.0000E+00 0.0000E+00 3.9933E-08 3.9933E-08 0.0000E+00 0.0000E+00 3.9933E-08 5.13E-06 6.58E-06   0.148 1.0000 6.9146E-06   1083.132
13671.00 0.86122471 7.5702E-34 0.0000E+00 0.0000E+00 3.9643E-08 3.9643E-08 0.0000E+00 0.0000E+00 3.9643E-08 5.08E-06 6.52E-06   0.149 1.0000 6.8594E-06   1083.358
13681.00 0.86245191 7.0034E-34 0.0000E+00 0.0000E+00 3.9094E-08 3.9094E-08 0.0000E+00 0.0000E+00 3.9094E-08 5.02E-06 6.42E-06   0.148 1.0000 6.7477E-06   1083.188
13691.00 0.84726948 7.4642E-34 0.0000E+00 0.0000E+00 3.9735E-08 3.9735E-08 0.0000E+00 0.0000E+00 3.9735E-08 5.01E-06 6.59E-06   0.166 1.0000 6.9298E-06   1084.819
13701.00 0.87164241 5.9211E-34 0.0000E+00 0.0000E+00 4.0351E-08 4.0351E-08 0.0000E+00 0.0000E+00 4.0351E-08 5.19E-06 6.55E-06   0.137 1.0000 6.8895E-06   1086.401
13711.00 0.83121568 7.3056E-34 0.0000E+00 0.0000E+00 3.7357E-08 3.7357E-08 0.0000E+00 0.0000E+00 3.7357E-08 4.64E-06 6.25E-06   0.185 1.0000 6.5819E-06   1082.464
13721.00 0.86721146 5.3288E-34 0.0000E+00 0.0000E+00 3.8949E-08 3.8949E-08 0.0000E+00 0.0000E+00 3.8949E-08 5.00E-06 6.32E-06   0.142 1.0000 6.6556E-06   1085.609
13731.00 0.85843122 5.4879E-34 0.0000E+00 0.0000E+00 3.9842E-08 3.9842E-08 0.0000E+00 0.0000E+00 3.9842E-08 5.04E-06 6.51E-06   0.153 1.0000 6.8519E-06   1087.626
13741.00 0.81458354 6.7787E-34 0.0000E+00 0.0000E+00 3.8684E-08 3.8684E-08 0.0000E+00 0.0000E+00 3.8684E-08 4.70E-06 6.53E-06   0.205 1.0000 6.8890E-06   1086.522
13751.00 0.86199850 4.7231E-34 0.0000E+00 0.0000E+00 4.0799E-08 4.0799E-08 0.0000E+00 0.0000E+00 4.0799E-08 5.18E-06 6.62E-06   0.149 1.0000 6.9714E-06   1090.372
13761.00 0.83188623 5.3995E-34 0.0000E+00 0.0000E+00 3.9436E-08 3.9436E-08 0.0000E+00 0.0000E+00 3.9436E-08 4.88E-06 6.54E-06   0.184 1.0000 6.9003E-06   1088.996
13771.00 0.85763109 4.5865E-34 0.0000E+00 0.0000E+00 3.9998E-08 3.9998E-08 0.0000E+00 0.0000E+00 3.9998E-08 5.01E-06 6.48E-06   0.154 1.0000 6.8340E-06   1090.504
13781.00 0.82788831 5.0511E-34 0.0000E+00 0.0000E+00 3.9542E-08 3.9542E-08 0.0000E+00 0.0000E+00 3.9542E-08 4.84E-06 6.55E-06   0.189 1.0000 6.9166E-06   1090.478
13791.00 0.84690297 4.3447E-34 0.0000E+00 0.0000E+00 4.0006E-08 4.0006E-08 0.0000E+00 0.0000E+00 4.0006E-08 4.96E-06 6.52E-06   0.166 1.0000 6.8767E-06   1091.838
13801.00 0.82234007 4.5228E-34 0.0000E+00 0.0000E+00 3.9281E-08 3.9281E-08 0.0000E+00 0.0000E+00 3.9281E-08 4.80E-06 6.51E-06   0.196 1.0000 6.8804E-06   1091.401
13811.00 0.83279461 4.0799E-34 0.0000E+00 0.0000E+00 3.9742E-08 3.9742E-08 0.0000E+00 0.0000E+00 3.9742E-08 4.89E-06 6.52E-06   0.183 1.0000 6.8949E-06   1092.762
13821.00 0.81259644 4.3262E-34 0.0000E+00 0.0000E+00 3.9400E-08 3.9400E-08 0.0000E+00 0.0000E+00 3.9400E-08 4.74E-06 6.56E-06   0.208 1.0000 6.9471E-06   1092.904
13831.00 0.87081128 2.9126E-34 0.0000E+00 0.0000E+00 4.1052E-08 4.1052E-08 0.0000E+00 0.0000E+00 4.1052E-08 5.18E-06 6.52E-06   0.138 1.0000 6.8800E-06   1096.038
13841.00 0.87741065 2.5955E-34 0.0000E+00 0.0000E+00 4.0020E-08 4.0020E-08 0.0000E+00 0.0000E+00 4.0020E-08 5.08E-06 6.31E-06   0.131 1.0000 6.6572E-06   1095.164
13851.00 0.88037103 2.4314E-34 0.0000E+00 0.0000E+00 4.1420E-08 4.1420E-08 0.0000E+00 0.0000E+00 4.1420E-08 5.24E-06 6.51E-06   0.127 1.0000 6.8689E-06   1097.900
13861.00 0.88155514 2.2772E-34 0.0000E+00 0.0000E+00 4.1385E-08 4.1385E-08 0.0000E+00 0.0000E+00 4.1385E-08 5.24E-06 6.48E-06   0.126 1.0000 6.8448E-06   1098.510
13871.00 0.83512431 2.8779E-34 0.0000E+00 0.0000E+00 3.8461E-08 3.8461E-08 0.0000E+00 0.0000E+00 3.8461E-08 4.69E-06 6.24E-06   0.180 1.0000 6.6067E-06   1094.754
13881.00 0.79353845 3.4096E-34 0.0000E+00 0.0000E+00 3.8493E-08 3.8493E-08 0.0000E+00 0.0000E+00 3.8493E-08 4.52E-06 6.45E-06   0.231 1.0000 6.8443E-06   1095.463
13891.00 0.81541371 3.0521E-34 0.0000E+00 0.0000E+00 3.8910E-08 3.8910E-08 0.0000E+00 0.0000E+00 3.8910E-08 4.61E-06 6.39E-06   0.204 1.0000 6.7708E-06   1096.771
13901.00 0.80831885 2.9573E-34 0.0000E+00 0.0000E+00 3.7879E-08 3.7879E-08 0.0000E+00 0.0000E+00 3.7879E-08 4.46E-06 6.24E-06   0.213 1.0000 6.6271E-06   1095.816
13911.00 0.78459918 3.0524E-34 0.0000E+00 0.0000E+00 3.6987E-08 3.6987E-08 0.0000E+00 0.0000E+00 3.6987E-08 4.28E-06 6.20E-06   0.243 1.0000 6.5880E-06   1095.044
13921.00 0.82440156 2.3951E-34 0.0000E+00 0.0000E+00 3.8821E-08 3.8821E-08 0.0000E+00 0.0000E+00 3.8821E-08 4.65E-06 6.29E-06   0.193 1.0000 6.6696E-06   1098.611
13931.00 0.81950915 2.4919E-34 0.0000E+00 0.0000E+00 3.9494E-08 3.9494E-08 0.0000E+00 0.0000E+00 3.9494E-08 4.64E-06 6.41E-06   0.199 1.0000 6.7975E-06   1100.308
13941.00 0.83256221 2.2417E-34 0.0000E+00 0.0000E+00 4.0737E-08 4.0737E-08 0.0000E+00 0.0000E+00 4.0737E-08 4.82E-06 6.53E-06   0.183 1.0000 6.9216E-06   1102.844
13951.00 0.86778772 1.6485E-34 0.0000E+00 0.0000E+00 4.0240E-08 4.0240E-08 0.0000E+00 0.0000E+00 4.0240E-08 4.93E-06 6.27E-06   0.142 1.0000 6.6387E-06   1102.760
13961.00 0.89068979 1.2413E-34 0.0000E+00 0.0000E+00 4.2126E-08 4.2126E-08 0.0000E+00 0.0000E+00 4.2126E-08 5.27E-06 6.44E-06   0.116 1.0000 6.8145E-06   1106.203
13971.00 0.89418906 1.1276E-34 0.0000E+00 0.0000E+00 4.2472E-08 4.2472E-08 0.0000E+00 0.0000E+00 4.2472E-08 5.33E-06 6.46E-06   0.112 1.0000 6.8419E-06   1107.364
13981.00 0.89171904 1.0983E-34 0.0000E+00 0.0000E+00 4.1276E-08 4.1276E-08 0.0000E+00 0.0000E+00 4.1276E-08 5.16E-06 6.28E-06   0.115 1.0000 6.6525E-06   1106.284
13991.00 0.89433128 1.0077E-34 0.0000E+00 0.0000E+00 4.1717E-08 4.1717E-08 0.0000E+00 0.0000E+00 4.1717E-08 5.22E-06 6.32E-06   0.112 1.0000 6.6990E-06   1107.592
14001.00 0.89580935 9.3831E-35 0.0000E+00 0.0000E+00 4.3062E-08 4.3062E-08 0.0000E+00 0.0000E+00 4.3062E-08 5.39E-06 6.51E-06   0.110 1.0000 6.8966E-06   1110.192
14011.00 0.89688307 8.7767E-35 0.0000E+00 0.0000E+00 4.2941E-08 4.2941E-08 0.0000E+00 0.0000E+00 4.2941E-08 5.37E-06 6.47E-06   0.109 1.0000 6.8603E-06   1110.682
14021.00 0.89577377 8.4497E-35 0.0000E+00 0.0000E+00 4.2002E-08 4.2002E-08 0.0000E+00 0.0000E+00 4.2002E-08 5.23E-06 6.33E-06   0.110 1.0000 6.7046E-06   1109.990
14031.00 0.89769274 7.8189E-35 0.0000E+00 0.0000E+00 4.2768E-08 4.2768E-08 0.0000E+00 0.0000E+00 4.2768E-08 5.33E-06 6.42E-06   0.108 1.0000 6.8054E-06   1111.757
14041.00 0.89682341 7.4906E-35 0.0000E+00 0.0000E+00 4.2737E-08 4.2737E-08 0.0000E+00 0.0000E+00 4.2737E-08 5.31E-06 6.41E-06   0.109 1.0000 6.7943E-06   1112.375
14051.00 0.89733422 7.0597E-35 0.0000E+00 0.0000E+00 4.2770E-08 4.2770E-08 0.0000E+00 0.0000E+00 4.2770E-08 5.31E-06 6.40E-06   0.108 1.0000 6.7860E-06   1113.083
14061.00 0.89611042 6.7968E-35 0.0000E+00 0.0000E+00 4.2891E-08 4.2891E-08 0.0000E+00 0.0000E+00 4.2891E-08 5.31E-06 6.41E-06   0.110 1.0000 6.8011E-06   1113.918
14071.00 0.89530188 6.5093E-35 0.0000E+00 0.0000E+00 4.3638E-08 4.3638E-08 0.0000E+00 0.0000E+00 4.3638E-08 5.39E-06 6.52E-06   0.111 1.0000 6.9130E-06   1115.638
14081.00 0.89465886 6.2144E-35 0.0000E+00 0.0000E+00 4.3741E-08 4.3741E-08 0.0000E+00 0.0000E+00 4.3741E-08 5.39E-06 6.53E-06   0.111 1.0000 6.9222E-06   1116.445
14091.00 0.89568776 5.7751E-35 0.0000E+00 0.0000E+00 4.3377E-08 4.3377E-08 0.0000E+00 0.0000E+00 4.3377E-08 5.34E-06 6.45E-06   0.110 1.0000 6.8480E-06   1116.594
14101.00 0.89449680 5.5444E-35 0.0000E+00 0.0000E+00 4.2897E-08 4.2897E-08 0.0000E+00 0.0000E+00 4.2897E-08 5.26E-06 6.38E-06   0.111 1.0000 6.7686E-06   1116.571
14111.00 0.89576179 5.1722E-35 0.0000E+00 0.0000E+00 4.2828E-08 4.2828E-08 0.0000E+00 0.0000E+00 4.2828E-08 5.25E-06 6.35E-06   0.110 1.0000 6.7405E-06   1117.132
14121.00 0.89172977 5.1526E-35 0.0000E+00 0.0000E+00 4.3983E-08 4.3983E-08 0.0000E+00 0.0000E+00 4.3983E-08 5.36E-06 6.53E-06   0.115 1.0000 6.9338E-06   1119.433
14131.00 0.89276075 4.8275E-35 0.0000E+00 0.0000E+00 4.3942E-08 4.3942E-08 0.0000E+00 0.0000E+00 4.3942E-08 5.35E-06 6.51E-06   0.113 1.0000 6.9114E-06   1120.036
14141.00 0.89407229 4.5008E-35 0.0000E+00 0.0000E+00 4.2511E-08 4.2511E-08 0.0000E+00 0.0000E+00 4.2511E-08 5.18E-06 6.28E-06   0.112 1.0000 6.6690E-06   1118.658
14151.00 0.89034665 4.4670E-35 0.0000E+00 0.0000E+00 4.3518E-08 4.3518E-08 0.0000E+00 0.0000E+00 4.3518E-08 5.27E-06 6.43E-06   0.116 1.0000 6.8364E-06   1120.761
14161.00 0.89010423 4.2402E-35 0.0000E+00 0.0000E+00 4.3509E-08 4.3509E-08 0.0000E+00 0.0000E+00 4.3509E-08 5.26E-06 6.42E-06   0.116 1.0000 6.8263E-06   1121.410
14171.00 0.88786453 4.1227E-35 0.0000E+00 0.0000E+00 4.3470E-08 4.3470E-08 0.0000E+00 0.0000E+00 4.3470E-08 5.23E-06 6.42E-06   0.119 1.0000 6.8218E-06   1122.016
14181.00 0.88681662 3.9666E-35 0.0000E+00 0.0000E+00 4.4103E-08 4.4103E-08 0.0000E+00 0.0000E+00 4.4103E-08 5.29E-06 6.50E-06   0.120 1.0000 6.9162E-06   1123.570
14191.00 0.89272720 3.5069E-35 0.0000E+00 0.0000E+00 4.4276E-08 4.4276E-08 0.0000E+00 0.0000E+00 4.4276E-08 5.34E-06 6.49E-06   0.113 1.0000 6.9005E-06   1124.474
14201.00 0.88154173 3.7511E-35 0.0000E+00 0.0000E+00 4.3361E-08 4.3361E-08 0.0000E+00 0.0000E+00 4.3361E-08 5.16E-06 6.40E-06   0.126 1.0000 6.8083E-06   1123.843
14211.00 0.89239591 3.1636E-35 0.0000E+00 0.0000E+00 4.3748E-08 4.3748E-08 0.0000E+00 0.0000E+00 4.3748E-08 5.25E-06 6.39E-06   0.114 1.0000 6.7993E-06   1125.054
14221.00 0.88571239 3.2203E-35 0.0000E+00 0.0000E+00 4.3579E-08 4.3579E-08 0.0000E+00 0.0000E+00 4.3579E-08 5.19E-06 6.39E-06   0.121 1.0000 6.7995E-06   1125.475
14231.00 0.87651664 3.3634E-35 0.0000E+00 0.0000E+00 4.2626E-08 4.2626E-08 0.0000E+00 0.0000E+00 4.2626E-08 5.02E-06 6.28E-06   0.132 1.0000 6.6909E-06   1124.768
14241.00 0.88202035 3.0133E-35 0.0000E+00 0.0000E+00 4.3170E-08 4.3170E-08 0.0000E+00 0.0000E+00 4.3170E-08 5.10E-06 6.32E-06   0.126 1.0000 6.7352E-06   1126.213
14251.00 0.87820584 2.9740E-35 0.0000E+00 0.0000E+00 4.2147E-08 4.2147E-08 0.0000E+00 0.0000E+00 4.2147E-08 4.95E-06 6.18E-06   0.130 1.0000 6.5845E-06   1125.389
14261.00 0.88376206 2.6755E-35 0.0000E+00 0.0000E+00 4.3500E-08 4.3500E-08 0.0000E+00 0.0000E+00 4.3500E-08 5.13E-06 6.34E-06   0.124 1.0000 6.7582E-06   1128.005
14271.00 0.87424105 2.7784E-35 0.0000E+00 0.0000E+00 4.2964E-08 4.2964E-08 0.0000E+00 0.0000E+00 4.2964E-08 5.01E-06 6.30E-06   0.134 1.0000 6.7184E-06   1127.897
14281.00 0.88134515 2.4545E-35 0.0000E+00 0.0000E+00 4.3306E-08 4.3306E-08 0.0000E+00 0.0000E+00 4.3306E-08 5.08E-06 6.30E-06   0.126 1.0000 6.7221E-06   1129.049
 -9999.
