T F 2    2    2    0    2    2    2    2    2    2    1    0    0   0.0000.00000
    1    1    1    0    0    0  50.00000   0.00000   0.00000   0.00000   0.00000
 -99.000 -99.000 -99.000
 -99.00000 -99.00000 -99.00000  2.922360  0.000710 ! H2O & O3 COLUMNS [GM/CM2]
   36MID-LATITUDE SUMMER 
   5.00000   3.00000 101.57516  10.00072   0.08806   0.00000    0        0.00000
    0    0  172    0
   0.00000   0.00000   0.00000  20.00337   0.00000 180.00000   0.00000   0.00000
    9091.0   14286.0      10.0      10.0NW              
    0   0    0.000  0    0.000  0    1.000
    FREQ  TOT_TRANS  PTH_THRML  THRML_SCT  SURF_EMIS   SOL_SCAT  SING_SCAT  GRND_RFLT  DRCT_RFLT  TOTAL_RAD  REF_SOL  SOL@OBS   DEPTH DIR_EM    TOA_SUN BBODY_T[K]
 9091.00 0.81584108 3.1321E-22 0.0000E+00 0.0000E+00 1.7112E-08 1.7112E-08 0.0000E+00 0.0000E+00 1.7112E-08 5.32E-06 6.67E-06   0.204 1.0000 6.9214E-06    735.976
 9101.00 0.84651470 2.5535E-22 0.0000E+00 0.0000E+00 1.7162E-08 1.7162E-08 0.0000E+00 0.0000E+00 1.7162E-08 5.42E-06 6.56E-06   0.167 1.0000 6.7529E-06    736.768
 9111.00 0.88080376 1.9013E-22 0.0000E+00 0.0000E+00 1.7707E-08 1.7707E-08 0.0000E+00 0.0000E+00 1.7707E-08 5.71E-06 6.61E-06   0.127 1.0000 6.7702E-06    738.740
 9121.00 0.87940562 1.7996E-22 0.0000E+00 0.0000E+00 1.7699E-08 1.7699E-08 0.0000E+00 0.0000E+00 1.7699E-08 5.69E-06 6.59E-06   0.129 1.0000 6.7570E-06    739.395
 9131.00 0.87263066 1.8243E-22 0.0000E+00 0.0000E+00 1.7556E-08 1.7556E-08 0.0000E+00 0.0000E+00 1.7556E-08 5.60E-06 6.55E-06   0.136 1.0000 6.7175E-06    739.731
 9141.00 0.90961665 1.2507E-22 0.0000E+00 0.0000E+00 1.7353E-08 1.7353E-08 0.0000E+00 0.0000E+00 1.7353E-08 5.65E-06 6.31E-06   0.095 1.0000 6.4440E-06    739.919
 9151.00 0.87256569 1.6086E-22 0.0000E+00 0.0000E+00 1.8006E-08 1.8006E-08 0.0000E+00 0.0000E+00 1.8006E-08 5.73E-06 6.67E-06   0.136 1.0000 6.8615E-06    742.134
 9161.00 0.93987966 7.3881E-23 0.0000E+00 0.0000E+00 1.9179E-08 1.9179E-08 0.0000E+00 0.0000E+00 1.9179E-08 6.34E-06 6.82E-06   0.062 1.0000 6.9345E-06    745.461
 9171.00 0.89759696 1.1872E-22 0.0000E+00 0.0000E+00 1.8799E-08 1.8799E-08 0.0000E+00 0.0000E+00 1.8799E-08 6.04E-06 6.83E-06   0.108 1.0000 6.9883E-06    745.292
 9181.00 0.91728103 9.3457E-23 0.0000E+00 0.0000E+00 1.8821E-08 1.8821E-08 0.0000E+00 0.0000E+00 1.8821E-08 6.09E-06 6.74E-06   0.086 1.0000 6.8738E-06    746.015
 9191.00 0.93795198 6.6744E-23 0.0000E+00 0.0000E+00 1.9099E-08 1.9099E-08 0.0000E+00 0.0000E+00 1.9099E-08 6.24E-06 6.74E-06   0.064 1.0000 6.8531E-06    747.311
 9201.00 0.91056651 8.9356E-23 0.0000E+00 0.0000E+00 1.8569E-08 1.8569E-08 0.0000E+00 0.0000E+00 1.8569E-08 5.96E-06 6.63E-06   0.094 1.0000 6.7792E-06    746.797
 9211.00 0.91314191 8.3142E-23 0.0000E+00 0.0000E+00 1.9340E-08 1.9340E-08 0.0000E+00 0.0000E+00 1.9340E-08 6.20E-06 6.88E-06   0.091 1.0000 7.0277E-06    749.191
 9221.00 0.92883921 6.5927E-23 0.0000E+00 0.0000E+00 1.9462E-08 1.9462E-08 0.0000E+00 0.0000E+00 1.9462E-08 6.27E-06 6.84E-06   0.074 1.0000 6.9689E-06    750.133
 9231.00 0.92607152 6.4822E-23 0.0000E+00 0.0000E+00 1.8979E-08 1.8979E-08 0.0000E+00 0.0000E+00 1.8979E-08 6.09E-06 6.67E-06   0.077 1.0000 6.7955E-06    749.743
 9241.00 0.94283932 4.7595E-23 0.0000E+00 0.0000E+00 1.9235E-08 1.9235E-08 0.0000E+00 0.0000E+00 1.9235E-08 6.22E-06 6.67E-06   0.059 1.0000 6.7842E-06    750.985
 9251.00 0.92868865 5.6628E-23 0.0000E+00 0.0000E+00 1.9430E-08 1.9430E-08 0.0000E+00 0.0000E+00 1.9430E-08 6.21E-06 6.77E-06   0.074 1.0000 6.9007E-06    752.089
 9261.00 0.93608660 4.8368E-23 0.0000E+00 0.0000E+00 1.9844E-08 1.9844E-08 0.0000E+00 0.0000E+00 1.9844E-08 6.35E-06 6.87E-06   0.066 1.0000 6.9947E-06    753.662
 9271.00 0.94821483 3.7268E-23 0.0000E+00 0.0000E+00 1.9727E-08 1.9727E-08 0.0000E+00 0.0000E+00 1.9727E-08 6.34E-06 6.76E-06   0.053 1.0000 6.8762E-06    754.085
 9281.00 0.92730033 5.0167E-23 0.0000E+00 0.0000E+00 1.9944E-08 1.9944E-08 0.0000E+00 0.0000E+00 1.9944E-08 6.31E-06 6.90E-06   0.075 1.0000 7.0330E-06    755.227
 9291.00 0.94997644 3.2563E-23 0.0000E+00 0.0000E+00 2.0251E-08 2.0251E-08 0.0000E+00 0.0000E+00 2.0251E-08 6.48E-06 6.90E-06   0.051 1.0000 7.0135E-06    756.557
 9301.00 0.93984687 3.7231E-23 0.0000E+00 0.0000E+00 1.9733E-08 1.9733E-08 0.0000E+00 0.0000E+00 1.9733E-08 6.26E-06 6.74E-06   0.062 1.0000 6.8637E-06    756.124
 9311.00 0.94486201 3.2567E-23 0.0000E+00 0.0000E+00 2.0201E-08 2.0201E-08 0.0000E+00 0.0000E+00 2.0201E-08 6.41E-06 6.86E-06   0.057 1.0000 6.9849E-06    757.802
 9321.00 0.94311529 3.1977E-23 0.0000E+00 0.0000E+00 1.9938E-08 1.9938E-08 0.0000E+00 0.0000E+00 1.9938E-08 6.30E-06 6.76E-06   0.059 1.0000 6.8861E-06    757.916
 9331.00 0.94392228 3.0001E-23 0.0000E+00 0.0000E+00 2.0353E-08 2.0353E-08 0.0000E+00 0.0000E+00 2.0353E-08 6.41E-06 6.88E-06   0.058 1.0000 7.0103E-06    759.477
 9341.00 0.94324207 2.8763E-23 0.0000E+00 0.0000E+00 2.0297E-08 2.0297E-08 0.0000E+00 0.0000E+00 2.0297E-08 6.38E-06 6.84E-06   0.058 1.0000 6.9794E-06    760.034
 9351.00 0.93885005 2.9601E-23 0.0000E+00 0.0000E+00 1.9485E-08 1.9485E-08 0.0000E+00 0.0000E+00 1.9485E-08 6.09E-06 6.57E-06   0.063 1.0000 6.7060E-06    758.956
 9361.00 0.94047326 2.7224E-23 0.0000E+00 0.0000E+00 2.0140E-08 2.0140E-08 0.0000E+00 0.0000E+00 2.0140E-08 6.28E-06 6.77E-06   0.061 1.0000 6.9146E-06    761.050
 9371.00 0.93899673 2.6595E-23 0.0000E+00 0.0000E+00 2.0438E-08 2.0438E-08 0.0000E+00 0.0000E+00 2.0438E-08 6.35E-06 6.85E-06   0.063 1.0000 7.0062E-06    762.358
 9381.00 0.94003153 2.4814E-23 0.0000E+00 0.0000E+00 2.0407E-08 2.0407E-08 0.0000E+00 0.0000E+00 2.0407E-08 6.33E-06 6.82E-06   0.062 1.0000 6.9727E-06    762.968
 9391.00 0.93897104 2.4092E-23 0.0000E+00 0.0000E+00 2.0802E-08 2.0802E-08 0.0000E+00 0.0000E+00 2.0802E-08 6.43E-06 6.94E-06   0.063 1.0000 7.0927E-06    764.472
 9401.00 0.94117302 2.2070E-23 0.0000E+00 0.0000E+00 2.0740E-08 2.0740E-08 0.0000E+00 0.0000E+00 2.0740E-08 6.40E-06 6.89E-06   0.061 1.0000 7.0394E-06    765.018
 9411.00 0.94123960 2.1027E-23 0.0000E+00 0.0000E+00 2.0758E-08 2.0758E-08 0.0000E+00 0.0000E+00 2.0758E-08 6.39E-06 6.87E-06   0.061 1.0000 7.0221E-06    765.731
 9421.00 0.94312042 1.9351E-23 0.0000E+00 0.0000E+00 2.0797E-08 2.0797E-08 0.0000E+00 0.0000E+00 2.0797E-08 6.39E-06 6.86E-06   0.059 1.0000 7.0055E-06    766.489
 9431.00 0.94388705 1.8172E-23 0.0000E+00 0.0000E+00 2.0757E-08 2.0757E-08 0.0000E+00 0.0000E+00 2.0757E-08 6.36E-06 6.83E-06   0.058 1.0000 6.9676E-06    767.081
 9441.00 0.94458878 1.7086E-23 0.0000E+00 0.0000E+00 2.0770E-08 2.0770E-08 0.0000E+00 0.0000E+00 2.0770E-08 6.35E-06 6.81E-06   0.057 1.0000 6.9484E-06    767.783
 9451.00 0.94581234 1.5914E-23 0.0000E+00 0.0000E+00 2.0929E-08 2.0929E-08 0.0000E+00 0.0000E+00 2.0929E-08 6.39E-06 6.84E-06   0.056 1.0000 6.9764E-06    768.790
 9461.00 0.94730651 1.4734E-23 0.0000E+00 0.0000E+00 2.1344E-08 2.1344E-08 0.0000E+00 0.0000E+00 2.1344E-08 6.51E-06 6.95E-06   0.054 1.0000 7.0891E-06    770.321
 9471.00 0.94854158 1.3703E-23 0.0000E+00 0.0000E+00 2.1422E-08 2.1422E-08 0.0000E+00 0.0000E+00 2.1422E-08 6.53E-06 6.96E-06   0.053 1.0000 7.0904E-06    771.155
 9481.00 0.94968450 1.2757E-23 0.0000E+00 0.0000E+00 2.1475E-08 2.1475E-08 0.0000E+00 0.0000E+00 2.1475E-08 6.53E-06 6.96E-06   0.052 1.0000 7.0848E-06    771.939
 9491.00 0.95058811 1.1926E-23 0.0000E+00 0.0000E+00 2.1364E-08 2.1364E-08 0.0000E+00 0.0000E+00 2.1364E-08 6.49E-06 6.90E-06   0.051 1.0000 7.0271E-06    772.388
 9501.00 0.95109385 1.1240E-23 0.0000E+00 0.0000E+00 2.1540E-08 2.1540E-08 0.0000E+00 0.0000E+00 2.1540E-08 6.53E-06 6.94E-06   0.050 1.0000 7.0663E-06    773.423
 9511.00 0.95166618 1.0580E-23 0.0000E+00 0.0000E+00 2.1619E-08 2.1619E-08 0.0000E+00 0.0000E+00 2.1619E-08 6.54E-06 6.95E-06   0.050 1.0000 7.0729E-06    774.260
 9521.00 0.95212525 9.9716E-24 0.0000E+00 0.0000E+00 2.1660E-08 2.1660E-08 0.0000E+00 0.0000E+00 2.1660E-08 6.54E-06 6.95E-06   0.049 1.0000 7.0689E-06    775.019
 9531.00 0.95233279 9.4516E-24 0.0000E+00 0.0000E+00 2.1756E-08 2.1756E-08 0.0000E+00 0.0000E+00 2.1756E-08 6.56E-06 6.96E-06   0.049 1.0000 7.0837E-06    775.888
 9541.00 0.95301127 8.8744E-24 0.0000E+00 0.0000E+00 2.1825E-08 2.1825E-08 0.0000E+00 0.0000E+00 2.1825E-08 6.57E-06 6.96E-06   0.048 1.0000 7.0847E-06    776.703
 9551.00 0.95318979 8.4178E-24 0.0000E+00 0.0000E+00 2.1671E-08 2.1671E-08 0.0000E+00 0.0000E+00 2.1671E-08 6.51E-06 6.90E-06   0.048 1.0000 7.0183E-06    777.068
 9561.00 0.95335096 7.9847E-24 0.0000E+00 0.0000E+00 2.1491E-08 2.1491E-08 0.0000E+00 0.0000E+00 2.1491E-08 6.44E-06 6.83E-06   0.048 1.0000 6.9440E-06    777.376
 9571.00 0.95339984 7.5956E-24 0.0000E+00 0.0000E+00 2.1940E-08 2.1940E-08 0.0000E+00 0.0000E+00 2.1940E-08 6.56E-06 6.95E-06   0.048 1.0000 7.0733E-06    778.961
 9581.00 0.95358115 7.2011E-24 0.0000E+00 0.0000E+00 2.2021E-08 2.2021E-08 0.0000E+00 0.0000E+00 2.2021E-08 6.57E-06 6.96E-06   0.048 1.0000 7.0833E-06    779.799
 9591.00 0.95348537 6.8707E-24 0.0000E+00 0.0000E+00 2.1920E-08 2.1920E-08 0.0000E+00 0.0000E+00 2.1920E-08 6.53E-06 6.92E-06   0.048 1.0000 7.0362E-06    780.272
 9601.00 0.95330137 6.5682E-24 0.0000E+00 0.0000E+00 2.2164E-08 2.2164E-08 0.0000E+00 0.0000E+00 2.2164E-08 6.59E-06 6.98E-06   0.048 1.0000 7.1006E-06    781.438
 9611.00 0.95346475 6.2295E-24 0.0000E+00 0.0000E+00 2.2082E-08 2.2082E-08 0.0000E+00 0.0000E+00 2.2082E-08 6.55E-06 6.94E-06   0.048 1.0000 7.0589E-06    781.949
 9621.00 0.95341086 5.9376E-24 0.0000E+00 0.0000E+00 2.2113E-08 2.2113E-08 0.0000E+00 0.0000E+00 2.2113E-08 6.55E-06 6.94E-06   0.048 1.0000 7.0542E-06    782.687
 9631.00 0.95337152 5.6581E-24 0.0000E+00 0.0000E+00 2.2145E-08 2.2145E-08 0.0000E+00 0.0000E+00 2.2145E-08 6.54E-06 6.93E-06   0.048 1.0000 7.0494E-06    783.427
 9641.00 0.95324033 5.4008E-24 0.0000E+00 0.0000E+00 2.2044E-08 2.2044E-08 0.0000E+00 0.0000E+00 2.2044E-08 6.50E-06 6.89E-06   0.048 1.0000 7.0036E-06    783.899
 9651.00 0.95313048 5.1563E-24 0.0000E+00 0.0000E+00 2.2427E-08 2.2427E-08 0.0000E+00 0.0000E+00 2.2427E-08 6.60E-06 6.99E-06   0.048 1.0000 7.1097E-06    785.338
 9661.00 0.95347673 4.8701E-24 0.0000E+00 0.0000E+00 2.2214E-08 2.2214E-08 0.0000E+00 0.0000E+00 2.2214E-08 6.52E-06 6.91E-06   0.048 1.0000 7.0258E-06    785.591
 9671.00 0.95305121 4.6805E-24 0.0000E+00 0.0000E+00 2.2261E-08 2.2261E-08 0.0000E+00 0.0000E+00 2.2261E-08 6.52E-06 6.91E-06   0.048 1.0000 7.0276E-06    786.359
 9681.00 0.95303977 4.4589E-24 0.0000E+00 0.0000E+00 2.2245E-08 2.2245E-08 0.0000E+00 0.0000E+00 2.2245E-08 6.50E-06 6.89E-06   0.048 1.0000 7.0080E-06    787.002
 9691.00 0.95250243 4.2929E-24 0.0000E+00 0.0000E+00 2.2601E-08 2.2601E-08 0.0000E+00 0.0000E+00 2.2601E-08 6.59E-06 6.99E-06   0.049 1.0000 7.1079E-06    788.384
 9701.00 0.95210409 4.1270E-24 0.0000E+00 0.0000E+00 2.2610E-08 2.2610E-08 0.0000E+00 0.0000E+00 2.2610E-08 6.57E-06 6.98E-06   0.049 1.0000 7.0980E-06    789.078
 9711.00 0.95220160 3.9184E-24 0.0000E+00 0.0000E+00 2.2609E-08 2.2609E-08 0.0000E+00 0.0000E+00 2.2609E-08 6.56E-06 6.96E-06   0.049 1.0000 7.0827E-06    789.752
 9721.00 0.95018810 3.8993E-24 0.0000E+00 0.0000E+00 2.2644E-08 2.2644E-08 0.0000E+00 0.0000E+00 2.2644E-08 6.55E-06 6.97E-06   0.051 1.0000 7.0883E-06    790.497
 9731.00 0.94806379 3.8767E-24 0.0000E+00 0.0000E+00 2.2786E-08 2.2786E-08 0.0000E+00 0.0000E+00 2.2786E-08 6.57E-06 7.00E-06   0.053 1.0000 7.1280E-06    791.450
 9741.00 0.95058846 3.5020E-24 0.0000E+00 0.0000E+00 2.2830E-08 2.2830E-08 0.0000E+00 0.0000E+00 2.2830E-08 6.58E-06 6.99E-06   0.051 1.0000 7.1148E-06    792.211
 9751.00 0.95024091 3.3593E-24 0.0000E+00 0.0000E+00 2.2906E-08 2.2906E-08 0.0000E+00 0.0000E+00 2.2906E-08 6.58E-06 7.00E-06   0.051 1.0000 7.1256E-06    793.037
 9761.00 0.94804388 3.3357E-24 0.0000E+00 0.0000E+00 2.2875E-08 2.2875E-08 0.0000E+00 0.0000E+00 2.2875E-08 6.55E-06 6.99E-06   0.053 1.0000 7.1121E-06    793.652
 9771.00 0.94332284 3.4952E-24 0.0000E+00 0.0000E+00 2.2888E-08 2.2888E-08 0.0000E+00 0.0000E+00 2.2888E-08 6.52E-06 7.00E-06   0.058 1.0000 7.1242E-06    794.352
 9781.00 0.94943190 2.9446E-24 0.0000E+00 0.0000E+00 2.2774E-08 2.2774E-08 0.0000E+00 0.0000E+00 2.2774E-08 6.50E-06 6.92E-06   0.052 1.0000 7.0450E-06    794.803
 9791.00 0.94945550 2.8040E-24 0.0000E+00 0.0000E+00 2.2802E-08 2.2802E-08 0.0000E+00 0.0000E+00 2.2802E-08 6.49E-06 6.92E-06   0.052 1.0000 7.0386E-06    795.533
 9801.00 0.94967455 2.6521E-24 0.0000E+00 0.0000E+00 2.2906E-08 2.2906E-08 0.0000E+00 0.0000E+00 2.2906E-08 6.51E-06 6.93E-06   0.052 1.0000 7.0554E-06    796.413
 9811.00 0.94432199 2.8130E-24 0.0000E+00 0.0000E+00 2.2621E-08 2.2621E-08 0.0000E+00 0.0000E+00 2.2621E-08 6.39E-06 6.85E-06   0.057 1.0000 6.9787E-06    796.524
 9821.00 0.95114487 2.3286E-24 0.0000E+00 0.0000E+00 2.3048E-08 2.3048E-08 0.0000E+00 0.0000E+00 2.3048E-08 6.53E-06 6.94E-06   0.050 1.0000 7.0623E-06    798.040
 9831.00 0.94872218 2.3356E-24 0.0000E+00 0.0000E+00 2.3104E-08 2.3104E-08 0.0000E+00 0.0000E+00 2.3104E-08 6.52E-06 6.95E-06   0.053 1.0000 7.0767E-06    798.825
 9841.00 0.95001745 2.1606E-24 0.0000E+00 0.0000E+00 2.3102E-08 2.3102E-08 0.0000E+00 0.0000E+00 2.3102E-08 6.51E-06 6.93E-06   0.051 1.0000 7.0554E-06    799.496
 9851.00 0.94743562 2.1701E-24 0.0000E+00 0.0000E+00 2.3096E-08 2.3096E-08 0.0000E+00 0.0000E+00 2.3096E-08 6.49E-06 6.93E-06   0.054 1.0000 7.0514E-06    800.158
 9861.00 0.94906235 2.0014E-24 0.0000E+00 0.0000E+00 2.3341E-08 2.3341E-08 0.0000E+00 0.0000E+00 2.3341E-08 6.55E-06 6.98E-06   0.052 1.0000 7.1034E-06    801.310
 9871.00 0.94939071 1.8883E-24 0.0000E+00 0.0000E+00 2.3416E-08 2.3416E-08 0.0000E+00 0.0000E+00 2.3416E-08 6.56E-06 6.98E-06   0.052 1.0000 7.1106E-06    802.132
 9881.00 0.94527292 1.9531E-24 0.0000E+00 0.0000E+00 2.3404E-08 2.3404E-08 0.0000E+00 0.0000E+00 2.3404E-08 6.52E-06 6.98E-06   0.056 1.0000 7.1125E-06    802.782
 9891.00 0.94838381 1.7472E-24 0.0000E+00 0.0000E+00 2.3510E-08 2.3510E-08 0.0000E+00 0.0000E+00 2.3510E-08 6.55E-06 6.99E-06   0.053 1.0000 7.1147E-06    803.662
 9901.00 0.93915880 1.9727E-24 0.0000E+00 0.0000E+00 2.3456E-08 2.3456E-08 0.0000E+00 0.0000E+00 2.3456E-08 6.48E-06 6.99E-06   0.063 1.0000 7.1297E-06    804.233
 9911.00 0.93832326 1.9118E-24 0.0000E+00 0.0000E+00 2.3424E-08 2.3424E-08 0.0000E+00 0.0000E+00 2.3424E-08 6.46E-06 6.97E-06   0.064 1.0000 7.1100E-06    804.846
 9921.00 0.94428819 1.6340E-24 0.0000E+00 0.0000E+00 2.3594E-08 2.3594E-08 0.0000E+00 0.0000E+00 2.3594E-08 6.52E-06 6.99E-06   0.057 1.0000 7.1166E-06    805.848
 9931.00 0.94787091 1.4496E-24 0.0000E+00 0.0000E+00 2.3562E-08 2.3562E-08 0.0000E+00 0.0000E+00 2.3562E-08 6.51E-06 6.95E-06   0.054 1.0000 7.0750E-06    806.461
 9941.00 0.94614208 1.4272E-24 0.0000E+00 0.0000E+00 2.2800E-08 2.2800E-08 0.0000E+00 0.0000E+00 2.2800E-08 6.28E-06 6.72E-06   0.055 1.0000 6.8405E-06    805.641
 9951.00 0.94609797 1.3608E-24 0.0000E+00 0.0000E+00 2.2365E-08 2.2365E-08 0.0000E+00 0.0000E+00 2.2365E-08 6.15E-06 6.57E-06   0.055 1.0000 6.6965E-06    805.442
 9961.00 0.94412059 1.3465E-24 0.0000E+00 0.0000E+00 2.3464E-08 2.3464E-08 0.0000E+00 0.0000E+00 2.3464E-08 6.43E-06 6.89E-06   0.058 1.0000 7.0208E-06    808.295
 9971.00 0.94445819 1.2688E-24 0.0000E+00 0.0000E+00 2.3747E-08 2.3747E-08 0.0000E+00 0.0000E+00 2.3747E-08 6.49E-06 6.96E-06   0.057 1.0000 7.0893E-06    809.516
 9981.00 0.93242079 1.4838E-24 0.0000E+00 0.0000E+00 2.3785E-08 2.3785E-08 0.0000E+00 0.0000E+00 2.3785E-08 6.44E-06 7.00E-06   0.070 1.0000 7.1451E-06    810.263
 9991.00 0.94743711 1.0878E-24 0.0000E+00 0.0000E+00 2.4059E-08 2.4059E-08 0.0000E+00 0.0000E+00 2.4059E-08 6.56E-06 7.01E-06   0.054 1.0000 7.1388E-06    811.462
10001.00 0.94377536 1.1116E-24 0.0000E+00 0.0000E+00 2.3927E-08 2.3927E-08 0.0000E+00 0.0000E+00 2.3927E-08 6.50E-06 6.97E-06   0.058 1.0000 7.1031E-06    811.886
10011.00 0.94578964 1.0189E-24 0.0000E+00 0.0000E+00 2.4049E-08 2.4049E-08 0.0000E+00 0.0000E+00 2.4049E-08 6.53E-06 6.98E-06   0.056 1.0000 7.1150E-06    812.793
10021.00 0.94644332 9.5639E-25 0.0000E+00 0.0000E+00 2.4161E-08 2.4161E-08 0.0000E+00 0.0000E+00 2.4161E-08 6.55E-06 7.00E-06   0.055 1.0000 7.1310E-06    813.681
10031.00 0.94692969 9.0207E-25 0.0000E+00 0.0000E+00 2.4222E-08 2.4222E-08 0.0000E+00 0.0000E+00 2.4222E-08 6.55E-06 7.00E-06   0.055 1.0000 7.1318E-06    814.470
10041.00 0.94622922 8.7054E-25 0.0000E+00 0.0000E+00 2.4207E-08 2.4207E-08 0.0000E+00 0.0000E+00 2.4207E-08 6.53E-06 6.98E-06   0.055 1.0000 7.1164E-06    815.116
10051.00 0.94741029 8.0885E-25 0.0000E+00 0.0000E+00 2.4282E-08 2.4282E-08 0.0000E+00 0.0000E+00 2.4282E-08 6.54E-06 6.99E-06   0.054 1.0000 7.1191E-06    815.934
10061.00 0.94477922 8.1108E-25 0.0000E+00 0.0000E+00 2.4325E-08 2.4325E-08 0.0000E+00 0.0000E+00 2.4325E-08 6.53E-06 7.00E-06   0.057 1.0000 7.1296E-06    816.689
10071.00 0.93070334 9.8010E-25 0.0000E+00 0.0000E+00 2.4119E-08 2.4119E-08 0.0000E+00 0.0000E+00 2.4119E-08 6.40E-06 6.98E-06   0.072 1.0000 7.1221E-06    816.972
10081.00 0.94298011 7.6096E-25 0.0000E+00 0.0000E+00 2.4302E-08 2.4302E-08 0.0000E+00 0.0000E+00 2.4302E-08 6.49E-06 6.97E-06   0.059 1.0000 7.1031E-06    817.994
10091.00 0.93704838 8.0261E-25 0.0000E+00 0.0000E+00 2.4192E-08 2.4192E-08 0.0000E+00 0.0000E+00 2.4192E-08 6.42E-06 6.95E-06   0.065 1.0000 7.0846E-06    818.458
10101.00 0.92515981 9.2080E-25 0.0000E+00 0.0000E+00 2.3892E-08 2.3892E-08 0.0000E+00 0.0000E+00 2.3892E-08 6.27E-06 6.89E-06   0.078 1.0000 7.0367E-06    818.556
10111.00 0.94097650 6.8195E-25 0.0000E+00 0.0000E+00 2.4134E-08 2.4134E-08 0.0000E+00 0.0000E+00 2.4134E-08 6.40E-06 6.88E-06   0.061 1.0000 7.0192E-06    819.696
10121.00 0.92413634 8.3259E-25 0.0000E+00 0.0000E+00 2.4218E-08 2.4218E-08 0.0000E+00 0.0000E+00 2.4218E-08 6.34E-06 6.96E-06   0.079 1.0000 7.1091E-06    820.530
10131.00 0.91733301 8.7512E-25 0.0000E+00 0.0000E+00 2.4040E-08 2.4040E-08 0.0000E+00 0.0000E+00 2.4040E-08 6.25E-06 6.92E-06   0.086 1.0000 7.0756E-06    820.862
10141.00 0.93038476 6.9643E-25 0.0000E+00 0.0000E+00 2.4323E-08 2.4323E-08 0.0000E+00 0.0000E+00 2.4323E-08 6.36E-06 6.94E-06   0.072 1.0000 7.0813E-06    822.077
10151.00 0.88321996 1.0918E-24 0.0000E+00 0.0000E+00 2.3676E-08 2.3676E-08 0.0000E+00 0.0000E+00 2.3676E-08 6.00E-06 6.92E-06   0.124 1.0000 7.1130E-06    821.503
10161.00 0.89737010 9.2937E-25 0.0000E+00 0.0000E+00 2.3892E-08 2.3892E-08 0.0000E+00 0.0000E+00 2.3892E-08 6.10E-06 6.92E-06   0.108 1.0000 7.0884E-06    822.595
10171.00 0.86530471 1.1211E-24 0.0000E+00 0.0000E+00 2.3366E-08 2.3366E-08 0.0000E+00 0.0000E+00 2.3366E-08 5.85E-06 6.88E-06   0.145 1.0000 7.0885E-06    822.239
10181.00 0.86041296 1.1282E-24 0.0000E+00 0.0000E+00 2.3458E-08 2.3458E-08 0.0000E+00 0.0000E+00 2.3458E-08 5.83E-06 6.91E-06   0.150 1.0000 7.1238E-06    823.094
10191.00 0.88146645 9.2028E-25 0.0000E+00 0.0000E+00 2.3904E-08 2.3904E-08 0.0000E+00 0.0000E+00 2.3904E-08 6.00E-06 6.94E-06   0.126 1.0000 7.1342E-06    824.638
10201.00 0.81276965 1.2966E-24 0.0000E+00 0.0000E+00 2.2474E-08 2.2474E-08 0.0000E+00 0.0000E+00 2.2474E-08 5.42E-06 6.77E-06   0.207 1.0000 7.0727E-06    822.457
10211.00 0.79337633 1.3614E-24 0.0000E+00 0.0000E+00 2.2038E-08 2.2038E-08 0.0000E+00 0.0000E+00 2.2038E-08 5.23E-06 6.71E-06   0.231 1.0000 7.0352E-06    822.224
10221.00 0.80099356 1.2401E-24 0.0000E+00 0.0000E+00 2.2262E-08 2.2262E-08 0.0000E+00 0.0000E+00 2.2262E-08 5.31E-06 6.73E-06   0.222 1.0000 7.0526E-06    823.360
10231.00 0.84695691 9.3998E-25 0.0000E+00 0.0000E+00 2.3279E-08 2.3279E-08 0.0000E+00 0.0000E+00 2.3279E-08 5.69E-06 6.84E-06   0.166 1.0000 7.0865E-06    826.098
10241.00 0.74006540 1.4571E-24 0.0000E+00 0.0000E+00 2.1200E-08 2.1200E-08 0.0000E+00 0.0000E+00 2.1200E-08 4.82E-06 6.64E-06   0.301 1.0000 7.0343E-06    822.451
10251.00 0.76143265 1.2557E-24 0.0000E+00 0.0000E+00 2.1815E-08 2.1815E-08 0.0000E+00 0.0000E+00 2.1815E-08 5.05E-06 6.70E-06   0.273 1.0000 7.1175E-06    824.436
10261.00 0.75864422 1.2186E-24 0.0000E+00 0.0000E+00 2.1461E-08 2.1461E-08 0.0000E+00 0.0000E+00 2.1461E-08 4.93E-06 6.60E-06   0.276 1.0000 7.0004E-06    824.352
10271.00 0.75476182 1.1998E-24 0.0000E+00 0.0000E+00 2.1578E-08 2.1578E-08 0.0000E+00 0.0000E+00 2.1578E-08 4.93E-06 6.65E-06   0.281 1.0000 7.0253E-06    825.271
10281.00 0.80713499 9.0795E-25 0.0000E+00 0.0000E+00 2.2826E-08 2.2826E-08 0.0000E+00 0.0000E+00 2.2826E-08 5.39E-06 6.79E-06   0.214 1.0000 7.1074E-06    828.541
10291.00 0.82837743 7.5006E-25 0.0000E+00 0.0000E+00 2.3253E-08 2.3253E-08 0.0000E+00 0.0000E+00 2.3253E-08 5.58E-06 6.81E-06   0.188 1.0000 7.1198E-06    830.072
10301.00 0.83604306 6.9243E-25 0.0000E+00 0.0000E+00 2.3264E-08 2.3264E-08 0.0000E+00 0.0000E+00 2.3264E-08 5.59E-06 6.78E-06   0.179 1.0000 7.0598E-06    830.766
10311.00 0.82438195 7.2944E-25 0.0000E+00 0.0000E+00 2.3326E-08 2.3326E-08 0.0000E+00 0.0000E+00 2.3326E-08 5.52E-06 6.84E-06   0.193 1.0000 7.1065E-06    831.561
10321.00 0.81444824 7.2938E-25 0.0000E+00 0.0000E+00 2.3107E-08 2.3107E-08 0.0000E+00 0.0000E+00 2.3107E-08 5.42E-06 6.80E-06   0.205 1.0000 7.0834E-06    831.792
10331.00 0.81573081 6.5498E-25 0.0000E+00 0.0000E+00 2.2906E-08 2.2906E-08 0.0000E+00 0.0000E+00 2.2906E-08 5.42E-06 6.71E-06   0.204 1.0000 7.0410E-06    832.055
10341.00 0.67071551 1.0778E-24 0.0000E+00 0.0000E+00 2.0341E-08 2.0341E-08 0.0000E+00 0.0000E+00 2.0341E-08 4.33E-06 6.55E-06   0.399 1.0000 7.0807E-06    827.228
10351.00 0.65177202 1.1096E-24 0.0000E+00 0.0000E+00 1.9670E-08 1.9670E-08 0.0000E+00 0.0000E+00 1.9670E-08 4.08E-06 6.41E-06   0.428 1.0000 6.9482E-06    826.351
10361.00 0.65294713 1.0354E-24 0.0000E+00 0.0000E+00 2.0003E-08 2.0003E-08 0.0000E+00 0.0000E+00 2.0003E-08 4.17E-06 6.50E-06   0.426 1.0000 7.0420E-06    827.790
10371.00 0.60261971 1.0702E-24 0.0000E+00 0.0000E+00 1.8892E-08 1.8892E-08 0.0000E+00 0.0000E+00 1.8892E-08 3.84E-06 6.35E-06   0.506 1.0000 7.0259E-06    825.835
10381.00 0.67215806 8.9379E-25 0.0000E+00 0.0000E+00 2.0472E-08 2.0472E-08 0.0000E+00 0.0000E+00 2.0472E-08 4.32E-06 6.53E-06   0.397 1.0000 7.0297E-06    830.188
10391.00 0.54257423 1.1139E-24 0.0000E+00 0.0000E+00 1.7757E-08 1.7757E-08 0.0000E+00 0.0000E+00 1.7757E-08 3.37E-06 6.21E-06   0.611 1.0000 7.0152E-06    824.337
10401.00 0.63671201 8.7424E-25 0.0000E+00 0.0000E+00 2.0087E-08 2.0087E-08 0.0000E+00 0.0000E+00 2.0087E-08 4.12E-06 6.53E-06   0.451 1.0000 7.1156E-06    830.643
10411.00 0.58484024 9.4146E-25 0.0000E+00 0.0000E+00 1.8708E-08 1.8708E-08 0.0000E+00 0.0000E+00 1.8708E-08 3.65E-06 6.32E-06   0.536 1.0000 7.0090E-06    828.042
10421.00 0.46652821 1.0812E-24 0.0000E+00 0.0000E+00 1.6432E-08 1.6432E-08 0.0000E+00 0.0000E+00 1.6432E-08 2.86E-06 6.13E-06   0.762 1.0000 7.1097E-06    822.805
10431.00 0.53912175 9.0282E-25 0.0000E+00 0.0000E+00 1.8017E-08 1.8017E-08 0.0000E+00 0.0000E+00 1.8017E-08 3.40E-06 6.27E-06   0.618 1.0000 7.1282E-06    827.648
10441.00 0.63180113 7.1964E-25 0.0000E+00 0.0000E+00 1.9779E-08 1.9779E-08 0.0000E+00 0.0000E+00 1.9779E-08 4.01E-06 6.40E-06   0.459 1.0000 7.0319E-06    832.592
10451.00 0.47442231 9.1575E-25 0.0000E+00 0.0000E+00 1.6499E-08 1.6499E-08 0.0000E+00 0.0000E+00 1.6499E-08 2.88E-06 6.03E-06   0.746 1.0000 7.0411E-06    824.968
10461.00 0.47267494 8.7678E-25 0.0000E+00 0.0000E+00 1.6443E-08 1.6443E-08 0.0000E+00 0.0000E+00 1.6443E-08 2.87E-06 6.05E-06   0.749 1.0000 7.0152E-06    825.472
10471.00 0.50639790 7.9100E-25 0.0000E+00 0.0000E+00 1.6337E-08 1.6337E-08 0.0000E+00 0.0000E+00 1.6337E-08 2.94E-06 5.78E-06   0.680 1.0000 6.6482E-06    825.840
10481.00 0.54061353 7.1207E-25 0.0000E+00 0.0000E+00 1.7830E-08 1.7830E-08 0.0000E+00 0.0000E+00 1.7830E-08 3.31E-06 6.10E-06   0.615 1.0000 6.9292E-06    830.478
10491.00 0.48689047 7.3915E-25 0.0000E+00 0.0000E+00 1.6961E-08 1.6961E-08 0.0000E+00 0.0000E+00 1.6961E-08 2.98E-06 6.10E-06   0.720 1.0000 7.0576E-06    828.861
10501.00 0.36130098 8.2055E-25 0.0000E+00 0.0000E+00 1.4131E-08 1.4131E-08 0.0000E+00 0.0000E+00 1.4131E-08 2.11E-06 5.70E-06   1.018 1.0000 7.1082E-06    821.290
10511.00 0.61158192 5.5655E-25 0.0000E+00 0.0000E+00 1.9947E-08 1.9947E-08 0.0000E+00 0.0000E+00 1.9947E-08 3.85E-06 6.48E-06   0.492 1.0000 7.0870E-06    837.636
10521.00 0.40835273 6.7633E-25 0.0000E+00 0.0000E+00 1.5023E-08 1.5023E-08 0.0000E+00 0.0000E+00 1.5023E-08 2.46E-06 5.81E-06   0.896 1.0000 7.0837E-06    825.344
10531.00 0.43016300 6.3189E-25 0.0000E+00 0.0000E+00 1.5741E-08 1.5741E-08 0.0000E+00 0.0000E+00 1.5741E-08 2.64E-06 5.89E-06   0.844 1.0000 7.1337E-06    828.107
10541.00 0.47528854 5.6549E-25 0.0000E+00 0.0000E+00 1.6772E-08 1.6772E-08 0.0000E+00 0.0000E+00 1.6772E-08 2.93E-06 6.02E-06   0.744 1.0000 7.1238E-06    831.647
10551.00 0.42677221 5.8621E-25 0.0000E+00 0.0000E+00 1.5779E-08 1.5779E-08 0.0000E+00 0.0000E+00 1.5779E-08 2.59E-06 5.96E-06   0.852 1.0000 7.1123E-06    829.531
10561.00 0.43752617 5.5576E-25 0.0000E+00 0.0000E+00 1.6017E-08 1.6017E-08 0.0000E+00 0.0000E+00 1.6017E-08 2.64E-06 5.99E-06   0.827 1.0000 7.0759E-06    830.869
10571.00 0.36669981 5.5238E-25 0.0000E+00 0.0000E+00 1.4084E-08 1.4084E-08 0.0000E+00 0.0000E+00 1.4084E-08 2.16E-06 5.58E-06   1.003 1.0000 7.0632E-06    825.721
10581.00 0.47608837 4.7744E-25 0.0000E+00 0.0000E+00 1.6819E-08 1.6819E-08 0.0000E+00 0.0000E+00 1.6819E-08 2.87E-06 5.99E-06   0.742 1.0000 7.0083E-06    834.411
10591.00 0.34138927 5.0854E-25 0.0000E+00 0.0000E+00 1.3153E-08 1.3153E-08 0.0000E+00 0.0000E+00 1.3153E-08 1.96E-06 5.29E-06   1.075 1.0000 6.9242E-06    823.969
10601.00 0.41264102 4.4541E-25 0.0000E+00 0.0000E+00 1.5021E-08 1.5021E-08 0.0000E+00 0.0000E+00 1.5021E-08 2.44E-06 5.61E-06   0.885 1.0000 7.0103E-06    830.584
10611.00 0.48125663 4.0903E-25 0.0000E+00 0.0000E+00 1.6916E-08 1.6916E-08 0.0000E+00 0.0000E+00 1.6916E-08 2.87E-06 5.94E-06   0.731 1.0000 7.0013E-06    836.652
10621.00 0.51497656 3.8465E-25 0.0000E+00 0.0000E+00 1.7077E-08 1.7077E-08 0.0000E+00 0.0000E+00 1.7077E-08 2.93E-06 5.89E-06   0.664 1.0000 6.6904E-06    837.746
10631.00 0.51270527 3.7283E-25 0.0000E+00 0.0000E+00 1.7840E-08 1.7840E-08 0.0000E+00 0.0000E+00 1.7840E-08 3.04E-06 6.12E-06   0.668 1.0000 6.9249E-06    840.417
10641.00 0.63081729 2.7946E-25 0.0000E+00 0.0000E+00 2.0796E-08 2.0796E-08 0.0000E+00 0.0000E+00 2.0796E-08 3.98E-06 6.48E-06   0.461 1.0000 7.0679E-06    848.223
10651.00 0.43499798 3.4268E-25 0.0000E+00 0.0000E+00 1.6001E-08 1.6001E-08 0.0000E+00 0.0000E+00 1.6001E-08 2.63E-06 5.84E-06   0.832 1.0000 7.0860E-06    836.738
10661.00 0.29317701 3.8760E-25 0.0000E+00 0.0000E+00 1.2670E-08 1.2670E-08 0.0000E+00 0.0000E+00 1.2670E-08 1.64E-06 5.39E-06   1.227 1.0000 7.1135E-06    826.858
10671.00 0.28141320 3.7739E-25 0.0000E+00 0.0000E+00 1.2473E-08 1.2473E-08 0.0000E+00 0.0000E+00 1.2473E-08 1.56E-06 5.40E-06   1.268 1.0000 7.1053E-06    826.810
10681.00 0.31091109 3.4032E-25 0.0000E+00 0.0000E+00 1.2905E-08 1.2905E-08 0.0000E+00 0.0000E+00 1.2905E-08 1.75E-06 5.32E-06   1.168 1.0000 7.0271E-06    828.979
10691.00 0.35832050 2.9878E-25 0.0000E+00 0.0000E+00 1.3978E-08 1.3978E-08 0.0000E+00 0.0000E+00 1.3978E-08 2.10E-06 5.45E-06   1.026 1.0000 7.0496E-06    833.218
10701.00 0.21255496 3.2065E-25 0.0000E+00 0.0000E+00 1.0355E-08 1.0355E-08 0.0000E+00 0.0000E+00 1.0355E-08 1.16E-06 4.93E-06   1.549 1.0000 7.1224E-06    820.540
10711.00 0.28949779 3.1352E-25 0.0000E+00 0.0000E+00 1.3070E-08 1.3070E-08 0.0000E+00 0.0000E+00 1.3070E-08 1.62E-06 5.55E-06   1.240 1.0000 7.1299E-06    831.502
10721.00 0.33097759 2.8511E-25 0.0000E+00 0.0000E+00 1.4079E-08 1.4079E-08 0.0000E+00 0.0000E+00 1.4079E-08 1.91E-06 5.64E-06   1.106 1.0000 7.1129E-06    835.503
10731.00 0.37906203 2.4408E-25 0.0000E+00 0.0000E+00 1.4914E-08 1.4914E-08 0.0000E+00 0.0000E+00 1.4914E-08 2.27E-06 5.61E-06   0.970 1.0000 7.0795E-06    838.772
10741.00 0.50711071 2.0503E-25 0.0000E+00 0.0000E+00 1.8414E-08 1.8414E-08 0.0000E+00 0.0000E+00 1.8414E-08 3.16E-06 6.16E-06   0.679 1.0000 7.1186E-06    849.150
10751.00 0.55566585 1.8541E-25 0.0000E+00 0.0000E+00 1.9687E-08 1.9687E-08 0.0000E+00 0.0000E+00 1.9687E-08 3.48E-06 6.37E-06   0.588 1.0000 7.0904E-06    852.943
10761.00 0.64217609 1.5218E-25 0.0000E+00 0.0000E+00 2.1595E-08 2.1595E-08 0.0000E+00 0.0000E+00 2.1595E-08 4.06E-06 6.55E-06   0.443 1.0000 7.0349E-06    857.980
10771.00 0.65903068 1.3894E-25 0.0000E+00 0.0000E+00 2.2248E-08 2.2248E-08 0.0000E+00 0.0000E+00 2.2248E-08 4.24E-06 6.65E-06   0.417 1.0000 7.1304E-06    860.066
10781.00 0.76438046 9.6830E-26 0.0000E+00 0.0000E+00 2.4528E-08 2.4528E-08 0.0000E+00 0.0000E+00 2.4528E-08 5.03E-06 6.81E-06   0.269 1.0000 7.1406E-06    865.416
10791.00 0.83091152 6.7351E-26 0.0000E+00 0.0000E+00 2.5423E-08 2.5423E-08 0.0000E+00 0.0000E+00 2.5423E-08 5.46E-06 6.75E-06   0.185 1.0000 6.9990E-06    867.818
10801.00 0.82552481 6.5815E-26 0.0000E+00 0.0000E+00 2.4676E-08 2.4676E-08 0.0000E+00 0.0000E+00 2.4676E-08 5.27E-06 6.57E-06   0.192 1.0000 6.8221E-06    867.044
10811.00 0.79816073 7.0372E-26 0.0000E+00 0.0000E+00 2.4732E-08 2.4732E-08 0.0000E+00 0.0000E+00 2.4732E-08 5.20E-06 6.68E-06   0.225 1.0000 6.9842E-06    867.822
10821.00 0.78914726 7.1578E-26 0.0000E+00 0.0000E+00 2.4459E-08 2.4459E-08 0.0000E+00 0.0000E+00 2.4459E-08 5.07E-06 6.64E-06   0.237 1.0000 6.9254E-06    867.953
10831.00 0.82953030 5.5407E-26 0.0000E+00 0.0000E+00 2.4294E-08 2.4294E-08 0.0000E+00 0.0000E+00 2.4294E-08 5.18E-06 6.41E-06   0.187 1.0000 6.6572E-06    868.292
10841.00 0.84437114 4.6376E-26 0.0000E+00 0.0000E+00 2.5425E-08 2.5425E-08 0.0000E+00 0.0000E+00 2.5425E-08 5.50E-06 6.63E-06   0.169 1.0000 6.8867E-06    871.168
10851.00 0.81015700 5.4060E-26 0.0000E+00 0.0000E+00 2.4649E-08 2.4649E-08 0.0000E+00 0.0000E+00 2.4649E-08 5.19E-06 6.56E-06   0.211 1.0000 6.8426E-06    870.331
10861.00 0.86593211 3.7910E-26 0.0000E+00 0.0000E+00 2.6384E-08 2.6384E-08 0.0000E+00 0.0000E+00 2.6384E-08 5.73E-06 6.77E-06   0.144 1.0000 6.9906E-06    874.314
10871.00 0.79609895 4.9962E-26 0.0000E+00 0.0000E+00 2.5255E-08 2.5255E-08 0.0000E+00 0.0000E+00 2.5255E-08 5.30E-06 6.76E-06   0.228 1.0000 7.0910E-06    872.848
10881.00 0.80677003 4.6548E-26 0.0000E+00 0.0000E+00 2.5737E-08 2.5737E-08 0.0000E+00 0.0000E+00 2.5737E-08 5.39E-06 6.82E-06   0.215 1.0000 7.1322E-06    874.440
10891.00 0.71390533 6.2931E-26 0.0000E+00 0.0000E+00 2.3626E-08 2.3626E-08 0.0000E+00 0.0000E+00 2.3626E-08 4.65E-06 6.63E-06   0.337 1.0000 7.0869E-06    870.946
10901.00 0.70044827 6.3999E-26 0.0000E+00 0.0000E+00 2.3244E-08 2.3244E-08 0.0000E+00 0.0000E+00 2.3244E-08 4.49E-06 6.57E-06   0.356 1.0000 7.0299E-06    870.823
10911.00 0.77709138 4.6625E-26 0.0000E+00 0.0000E+00 2.5222E-08 2.5222E-08 0.0000E+00 0.0000E+00 2.5222E-08 5.13E-06 6.77E-06   0.252 1.0000 7.1167E-06    875.458
10921.00 0.63320506 6.6710E-26 0.0000E+00 0.0000E+00 2.2056E-08 2.2056E-08 0.0000E+00 0.0000E+00 2.2056E-08 4.07E-06 6.52E-06   0.457 1.0000 7.1418E-06    869.622
10931.00 0.79048228 4.1182E-26 0.0000E+00 0.0000E+00 2.5443E-08 2.5443E-08 0.0000E+00 0.0000E+00 2.5443E-08 5.17E-06 6.76E-06   0.235 1.0000 7.0585E-06    877.220
10941.00 0.67614168 5.3447E-26 0.0000E+00 0.0000E+00 2.3192E-08 2.3192E-08 0.0000E+00 0.0000E+00 2.3192E-08 4.42E-06 6.60E-06   0.391 1.0000 7.1797E-06    873.378
10951.00 0.67452437 5.3286E-26 0.0000E+00 0.0000E+00 2.3457E-08 2.3457E-08 0.0000E+00 0.0000E+00 2.3457E-08 4.41E-06 6.68E-06   0.394 1.0000 7.2169E-06    874.594
10961.00 0.75663620 3.7856E-26 0.0000E+00 0.0000E+00 2.4755E-08 2.4755E-08 0.0000E+00 0.0000E+00 2.4755E-08 4.97E-06 6.63E-06   0.279 1.0000 7.0517E-06    877.882
10971.00 0.78159010 3.3479E-26 0.0000E+00 0.0000E+00 2.5045E-08 2.5045E-08 0.0000E+00 0.0000E+00 2.5045E-08 5.07E-06 6.62E-06   0.246 1.0000 6.9688E-06    879.121
10981.00 0.71536386 3.9910E-26 0.0000E+00 0.0000E+00 2.4032E-08 2.4032E-08 0.0000E+00 0.0000E+00 2.4032E-08 4.66E-06 6.61E-06   0.335 1.0000 7.0849E-06    877.769
10991.00 0.73012882 3.6627E-26 0.0000E+00 0.0000E+00 2.3974E-08 2.3974E-08 0.0000E+00 0.0000E+00 2.3974E-08 4.67E-06 6.52E-06   0.315 1.0000 6.9574E-06    878.317
11001.00 0.72205776 3.4291E-26 0.0000E+00 0.0000E+00 2.3484E-08 2.3484E-08 0.0000E+00 0.0000E+00 2.3484E-08 4.60E-06 6.38E-06   0.326 1.0000 6.8715E-06    877.976
11011.00 0.71548897 3.3443E-26 0.0000E+00 0.0000E+00 2.3869E-08 2.3869E-08 0.0000E+00 0.0000E+00 2.3869E-08 4.65E-06 6.51E-06   0.335 1.0000 7.0129E-06    879.434
11021.00 0.72753471 3.0219E-26 0.0000E+00 0.0000E+00 2.4586E-08 2.4586E-08 0.0000E+00 0.0000E+00 2.4586E-08 4.81E-06 6.62E-06   0.318 1.0000 7.1591E-06    881.549
11031.00 0.78470796 2.4494E-26 0.0000E+00 0.0000E+00 2.5529E-08 2.5529E-08 0.0000E+00 0.0000E+00 2.5529E-08 5.13E-06 6.64E-06   0.242 1.0000 6.9952E-06    884.064
11041.00 0.84721583 1.6629E-26 0.0000E+00 0.0000E+00 2.7496E-08 2.7496E-08 0.0000E+00 0.0000E+00 2.7496E-08 5.75E-06 6.88E-06   0.166 1.0000 7.1647E-06    888.404
11051.00 0.85509205 1.5415E-26 0.0000E+00 0.0000E+00 2.7926E-08 2.7926E-08 0.0000E+00 0.0000E+00 2.7926E-08 5.83E-06 6.95E-06   0.157 1.0000 7.2125E-06    889.846
11061.00 0.86960089 1.3380E-26 0.0000E+00 0.0000E+00 2.8249E-08 2.8249E-08 0.0000E+00 0.0000E+00 2.8249E-08 5.93E-06 6.96E-06   0.140 1.0000 7.1991E-06    891.090
11071.00 0.80014145 1.8106E-26 0.0000E+00 0.0000E+00 2.6445E-08 2.6445E-08 0.0000E+00 0.0000E+00 2.6445E-08 5.34E-06 6.75E-06   0.223 1.0000 7.1309E-06    888.478
11081.00 0.73199314 2.2049E-26 0.0000E+00 0.0000E+00 2.4152E-08 2.4152E-08 0.0000E+00 0.0000E+00 2.4152E-08 4.69E-06 6.40E-06   0.312 1.0000 6.9276E-06    884.671
11091.00 0.74308765 2.0566E-26 0.0000E+00 0.0000E+00 2.3474E-08 2.3474E-08 0.0000E+00 0.0000E+00 2.3474E-08 4.56E-06 6.18E-06   0.297 1.0000 6.6409E-06    883.939
11101.00 0.70074904 2.2629E-26 0.0000E+00 0.0000E+00 2.3673E-08 2.3673E-08 0.0000E+00 0.0000E+00 2.3673E-08 4.46E-06 6.42E-06   0.356 1.0000 6.9341E-06    885.018
11111.00 0.76278549 1.6653E-26 0.0000E+00 0.0000E+00 2.5168E-08 2.5168E-08 0.0000E+00 0.0000E+00 2.5168E-08 4.98E-06 6.51E-06   0.271 1.0000 6.9855E-06    888.699
11121.00 0.60675955 2.5627E-26 0.0000E+00 0.0000E+00 2.2215E-08 2.2215E-08 0.0000E+00 0.0000E+00 2.2215E-08 3.89E-06 6.40E-06   0.500 1.0000 7.1540E-06    883.238
11131.00 0.76674569 1.5140E-26 0.0000E+00 0.0000E+00 2.5983E-08 2.5983E-08 0.0000E+00 0.0000E+00 2.5983E-08 5.11E-06 6.70E-06   0.266 1.0000 7.1521E-06    891.609
11141.00 0.75589824 1.5756E-26 0.0000E+00 0.0000E+00 2.5784E-08 2.5784E-08 0.0000E+00 0.0000E+00 2.5784E-08 4.98E-06 6.70E-06   0.280 1.0000 7.1081E-06    891.895
11151.00 0.74441344 1.5410E-26 0.0000E+00 0.0000E+00 2.5551E-08 2.5551E-08 0.0000E+00 0.0000E+00 2.5551E-08 4.90E-06 6.67E-06   0.295 1.0000 7.1052E-06    892.111
11161.00 0.80630189 1.1549E-26 0.0000E+00 0.0000E+00 2.7516E-08 2.7516E-08 0.0000E+00 0.0000E+00 2.7516E-08 5.47E-06 6.90E-06   0.215 1.0000 7.2334E-06    896.470
11171.00 0.83167183 9.9469E-27 0.0000E+00 0.0000E+00 2.7459E-08 2.7459E-08 0.0000E+00 0.0000E+00 2.7459E-08 5.51E-06 6.77E-06   0.184 1.0000 7.0471E-06    897.036
11181.00 0.87939996 6.9701E-27 0.0000E+00 0.0000E+00 2.8601E-08 2.8601E-08 0.0000E+00 0.0000E+00 2.8601E-08 5.90E-06 6.85E-06   0.129 1.0000 7.0589E-06    899.750
11191.00 0.88568330 6.2654E-27 0.0000E+00 0.0000E+00 2.9092E-08 2.9092E-08 0.0000E+00 0.0000E+00 2.9092E-08 6.01E-06 6.92E-06   0.121 1.0000 7.1368E-06    901.277
11201.00 0.91211659 4.6279E-27 0.0000E+00 0.0000E+00 2.9032E-08 2.9032E-08 0.0000E+00 0.0000E+00 2.9032E-08 6.09E-06 6.79E-06   0.092 1.0000 6.9786E-06    901.843
11211.00 0.92092466 3.9373E-27 0.0000E+00 0.0000E+00 2.9863E-08 2.9863E-08 0.0000E+00 0.0000E+00 2.9863E-08 6.28E-06 6.94E-06   0.082 1.0000 7.1244E-06    903.941
11221.00 0.93245769 3.1793E-27 0.0000E+00 0.0000E+00 3.0321E-08 3.0321E-08 0.0000E+00 0.0000E+00 3.0321E-08 6.42E-06 6.99E-06   0.070 1.0000 7.1611E-06    905.384
11231.00 0.92978674 3.1441E-27 0.0000E+00 0.0000E+00 3.0531E-08 3.0531E-08 0.0000E+00 0.0000E+00 3.0531E-08 6.44E-06 7.03E-06   0.073 1.0000 7.2119E-06    906.405
11241.00 0.93246919 2.8758E-27 0.0000E+00 0.0000E+00 3.0343E-08 3.0343E-08 0.0000E+00 0.0000E+00 3.0343E-08 6.40E-06 6.97E-06   0.070 1.0000 7.1417E-06    906.763
11251.00 0.93410373 2.6534E-27 0.0000E+00 0.0000E+00 3.0512E-08 3.0512E-08 0.0000E+00 0.0000E+00 3.0512E-08 6.43E-06 6.98E-06   0.068 1.0000 7.1598E-06    907.716
11261.00 0.92728084 2.8098E-27 0.0000E+00 0.0000E+00 3.0173E-08 3.0173E-08 0.0000E+00 0.0000E+00 3.0173E-08 6.32E-06 6.92E-06   0.075 1.0000 7.1006E-06    907.819
11271.00 0.93411148 2.4059E-27 0.0000E+00 0.0000E+00 2.9820E-08 2.9820E-08 0.0000E+00 0.0000E+00 2.9820E-08 6.26E-06 6.80E-06   0.068 1.0000 6.9712E-06    907.890
11281.00 0.92985463 2.4452E-27 0.0000E+00 0.0000E+00 2.8795E-08 2.8795E-08 0.0000E+00 0.0000E+00 2.8795E-08 6.02E-06 6.57E-06   0.073 1.0000 6.7401E-06    906.786
11291.00 0.92993230 2.3318E-27 0.0000E+00 0.0000E+00 3.0518E-08 3.0518E-08 0.0000E+00 0.0000E+00 3.0518E-08 6.37E-06 6.95E-06   0.073 1.0000 7.1282E-06    910.410
11301.00 0.93598741 2.0117E-27 0.0000E+00 0.0000E+00 3.0722E-08 3.0722E-08 0.0000E+00 0.0000E+00 3.0722E-08 6.42E-06 6.96E-06   0.066 1.0000 7.1331E-06    911.421
11311.00 0.93529427 1.9349E-27 0.0000E+00 0.0000E+00 3.0348E-08 3.0348E-08 0.0000E+00 0.0000E+00 3.0348E-08 6.33E-06 6.86E-06   0.067 1.0000 7.0365E-06    911.466
11321.00 0.93464470 1.8634E-27 0.0000E+00 0.0000E+00 3.0764E-08 3.0764E-08 0.0000E+00 0.0000E+00 3.0764E-08 6.40E-06 6.95E-06   0.068 1.0000 7.1226E-06    912.832
11331.00 0.93450338 1.7742E-27 0.0000E+00 0.0000E+00 3.0176E-08 3.0176E-08 0.0000E+00 0.0000E+00 3.0176E-08 6.27E-06 6.80E-06   0.068 1.0000 6.9746E-06    912.517
11341.00 0.93457574 1.6876E-27 0.0000E+00 0.0000E+00 3.0744E-08 3.0744E-08 0.0000E+00 0.0000E+00 3.0744E-08 6.37E-06 6.92E-06   0.068 1.0000 7.0920E-06    914.140
11351.00 0.93530071 1.5856E-27 0.0000E+00 0.0000E+00 2.9132E-08 2.9132E-08 0.0000E+00 0.0000E+00 2.9132E-08 6.03E-06 6.54E-06   0.067 1.0000 6.7048E-06    912.059
11361.00 0.93533903 1.5084E-27 0.0000E+00 0.0000E+00 3.0859E-08 3.0859E-08 0.0000E+00 0.0000E+00 3.0859E-08 6.37E-06 6.91E-06   0.067 1.0000 7.0885E-06    915.673
11371.00 0.93657017 1.4048E-27 0.0000E+00 0.0000E+00 3.0531E-08 3.0531E-08 0.0000E+00 0.0000E+00 3.0531E-08 6.30E-06 6.82E-06   0.066 1.0000 6.9944E-06    915.794
11381.00 0.93565369 1.3575E-27 0.0000E+00 0.0000E+00 3.1302E-08 3.1302E-08 0.0000E+00 0.0000E+00 3.1302E-08 6.44E-06 6.98E-06   0.067 1.0000 7.1623E-06    917.746
11391.00 0.93624580 1.2789E-27 0.0000E+00 0.0000E+00 3.1104E-08 3.1104E-08 0.0000E+00 0.0000E+00 3.1104E-08 6.39E-06 6.93E-06   0.066 1.0000 7.1013E-06    918.091
11401.00 0.93631172 1.2150E-27 0.0000E+00 0.0000E+00 3.1243E-08 3.1243E-08 0.0000E+00 0.0000E+00 3.1243E-08 6.41E-06 6.94E-06   0.066 1.0000 7.1195E-06    918.991
11411.00 0.93601573 1.1617E-27 0.0000E+00 0.0000E+00 3.1166E-08 3.1166E-08 0.0000E+00 0.0000E+00 3.1166E-08 6.38E-06 6.91E-06   0.066 1.0000 7.0904E-06    919.535
11421.00 0.93630797 1.0998E-27 0.0000E+00 0.0000E+00 3.0296E-08 3.0296E-08 0.0000E+00 0.0000E+00 3.0296E-08 6.19E-06 6.71E-06   0.066 1.0000 6.8786E-06    918.749
11431.00 0.93619770 1.0482E-27 0.0000E+00 0.0000E+00 3.0838E-08 3.0838E-08 0.0000E+00 0.0000E+00 3.0838E-08 6.29E-06 6.81E-06   0.066 1.0000 6.9893E-06    920.330
11441.00 0.93603402 1.0000E-27 0.0000E+00 0.0000E+00 3.1064E-08 3.1064E-08 0.0000E+00 0.0000E+00 3.1064E-08 6.32E-06 6.85E-06   0.066 1.0000 7.0284E-06    921.375
11451.00 0.93615675 9.4939E-28 0.0000E+00 0.0000E+00 3.1378E-08 3.1378E-08 0.0000E+00 0.0000E+00 3.1378E-08 6.38E-06 6.91E-06   0.066 1.0000 7.0859E-06    922.565
11461.00 0.93611914 9.0372E-28 0.0000E+00 0.0000E+00 3.1789E-08 3.1789E-08 0.0000E+00 0.0000E+00 3.1789E-08 6.45E-06 6.99E-06   0.066 1.0000 7.1660E-06    923.909
11471.00 0.93600351 8.6142E-28 0.0000E+00 0.0000E+00 3.1312E-08 3.1312E-08 0.0000E+00 0.0000E+00 3.1312E-08 6.34E-06 6.87E-06   0.066 1.0000 7.0465E-06    923.798
11481.00 0.93575794 8.2292E-28 0.0000E+00 0.0000E+00 3.1550E-08 3.1550E-08 0.0000E+00 0.0000E+00 3.1550E-08 6.37E-06 6.91E-06   0.066 1.0000 7.0883E-06    924.859
11491.00 0.93576616 7.8277E-28 0.0000E+00 0.0000E+00 3.1575E-08 3.1575E-08 0.0000E+00 0.0000E+00 3.1575E-08 6.37E-06 6.90E-06   0.066 1.0000 7.0811E-06    925.571
11501.00 0.93562651 7.4637E-28 0.0000E+00 0.0000E+00 3.0865E-08 3.0865E-08 0.0000E+00 0.0000E+00 3.0865E-08 6.21E-06 6.73E-06   0.067 1.0000 6.9103E-06    925.063
11511.00 0.93551642 7.1139E-28 0.0000E+00 0.0000E+00 3.0726E-08 3.0726E-08 0.0000E+00 0.0000E+00 3.0726E-08 6.17E-06 6.69E-06   0.067 1.0000 6.8667E-06    925.499
11521.00 0.93534720 6.7871E-28 0.0000E+00 0.0000E+00 3.0891E-08 3.0891E-08 0.0000E+00 0.0000E+00 3.0891E-08 6.19E-06 6.72E-06   0.067 1.0000 6.8922E-06    926.446
11531.00 0.93518847 6.4738E-28 0.0000E+00 0.0000E+00 2.9788E-08 2.9788E-08 0.0000E+00 0.0000E+00 2.9788E-08 5.96E-06 6.46E-06   0.067 1.0000 6.6351E-06    925.235
11541.00 0.93507636 6.1700E-28 0.0000E+00 0.0000E+00 2.3734E-08 2.3734E-08 0.0000E+00 0.0000E+00 2.3734E-08 4.74E-06 5.14E-06   0.067 1.0000 5.2774E-06    914.318
11551.00 0.93486446 5.8908E-28 0.0000E+00 0.0000E+00 3.0228E-08 3.0228E-08 0.0000E+00 0.0000E+00 3.0228E-08 6.02E-06 6.54E-06   0.067 1.0000 6.7102E-06    927.329
11561.00 0.93474329 5.6162E-28 0.0000E+00 0.0000E+00 3.1805E-08 3.1805E-08 0.0000E+00 0.0000E+00 3.1805E-08 6.33E-06 6.87E-06   0.067 1.0000 7.0485E-06    930.638
11571.00 0.93468195 5.3480E-28 0.0000E+00 0.0000E+00 3.2445E-08 3.2445E-08 0.0000E+00 0.0000E+00 3.2445E-08 6.44E-06 6.99E-06   0.068 1.0000 7.1778E-06    932.346
11581.00 0.93436700 5.1132E-28 0.0000E+00 0.0000E+00 3.2285E-08 3.2285E-08 0.0000E+00 0.0000E+00 3.2285E-08 6.40E-06 6.94E-06   0.068 1.0000 7.1315E-06    932.758
11591.00 0.93368524 4.9191E-28 0.0000E+00 0.0000E+00 3.2338E-08 3.2338E-08 0.0000E+00 0.0000E+00 3.2338E-08 6.39E-06 6.95E-06   0.069 1.0000 7.1338E-06    933.514
11601.00 0.93403786 4.6540E-28 0.0000E+00 0.0000E+00 3.1874E-08 3.1874E-08 0.0000E+00 0.0000E+00 3.1874E-08 6.29E-06 6.83E-06   0.068 1.0000 7.0173E-06    933.429
11611.00 0.93329775 4.4817E-28 0.0000E+00 0.0000E+00 3.1870E-08 3.1870E-08 0.0000E+00 0.0000E+00 3.1870E-08 6.27E-06 6.82E-06   0.069 1.0000 7.0074E-06    934.092
11621.00 0.93354052 4.2472E-28 0.0000E+00 0.0000E+00 3.2245E-08 3.2245E-08 0.0000E+00 0.0000E+00 3.2245E-08 6.34E-06 6.89E-06   0.069 1.0000 7.0763E-06    935.373
11631.00 0.93270421 4.0942E-28 0.0000E+00 0.0000E+00 3.2055E-08 3.2055E-08 0.0000E+00 0.0000E+00 3.2055E-08 6.28E-06 6.84E-06   0.070 1.0000 7.0263E-06    935.733
11641.00 0.93190056 3.9476E-28 0.0000E+00 0.0000E+00 3.2043E-08 3.2043E-08 0.0000E+00 0.0000E+00 3.2043E-08 6.27E-06 6.83E-06   0.071 1.0000 7.0154E-06    936.384
11651.00 0.93243986 3.7216E-28 0.0000E+00 0.0000E+00 3.2112E-08 3.2112E-08 0.0000E+00 0.0000E+00 3.2112E-08 6.27E-06 6.83E-06   0.070 1.0000 7.0154E-06    937.166
11661.00 0.92927122 3.7217E-28 0.0000E+00 0.0000E+00 3.2672E-08 3.2672E-08 0.0000E+00 0.0000E+00 3.2672E-08 6.35E-06 6.94E-06   0.073 1.0000 7.1406E-06    938.744
11671.00 0.93158960 3.4157E-28 0.0000E+00 0.0000E+00 3.2833E-08 3.2833E-08 0.0000E+00 0.0000E+00 3.2833E-08 6.38E-06 6.96E-06   0.071 1.0000 7.1519E-06    939.671
11681.00 0.92992139 3.3325E-28 0.0000E+00 0.0000E+00 3.2313E-08 3.2313E-08 0.0000E+00 0.0000E+00 3.2313E-08 6.26E-06 6.84E-06   0.073 1.0000 7.0342E-06    939.502
11691.00 0.92893022 3.2214E-28 0.0000E+00 0.0000E+00 3.1340E-08 3.1340E-08 0.0000E+00 0.0000E+00 3.1340E-08 6.06E-06 6.63E-06   0.074 1.0000 6.8153E-06    938.568
11701.00 0.92780942 3.1126E-28 0.0000E+00 0.0000E+00 2.3505E-08 2.3505E-08 0.0000E+00 0.0000E+00 2.3505E-08 4.53E-06 4.96E-06   0.075 1.0000 5.1054E-06    924.399
11711.00 0.92566133 3.0603E-28 0.0000E+00 0.0000E+00 2.8089E-08 2.8089E-08 0.0000E+00 0.0000E+00 2.8089E-08 5.40E-06 5.93E-06   0.077 1.0000 6.0975E-06    934.197
11721.00 0.92885667 2.7758E-28 0.0000E+00 0.0000E+00 3.2082E-08 3.2082E-08 0.0000E+00 0.0000E+00 3.2082E-08 6.17E-06 6.75E-06   0.074 1.0000 6.9393E-06    941.801
11731.00 0.92577511 2.7611E-28 0.0000E+00 0.0000E+00 3.2578E-08 3.2578E-08 0.0000E+00 0.0000E+00 3.2578E-08 6.24E-06 6.85E-06   0.077 1.0000 7.0489E-06    943.279
11741.00 0.92189407 2.7713E-28 0.0000E+00 0.0000E+00 3.1595E-08 3.1595E-08 0.0000E+00 0.0000E+00 3.1595E-08 6.02E-06 6.65E-06   0.081 1.0000 6.8430E-06    942.334
11751.00 0.92492253 2.5326E-28 0.0000E+00 0.0000E+00 3.2823E-08 3.2823E-08 0.0000E+00 0.0000E+00 3.2823E-08 6.26E-06 6.88E-06   0.078 1.0000 7.0799E-06    945.012
11761.00 0.92745572 2.3222E-28 0.0000E+00 0.0000E+00 2.9178E-08 2.9178E-08 0.0000E+00 0.0000E+00 2.9178E-08 5.56E-06 6.10E-06   0.075 1.0000 6.2711E-06    939.502
11771.00 0.92670280 2.2326E-28 0.0000E+00 0.0000E+00 3.1332E-08 3.1332E-08 0.0000E+00 0.0000E+00 3.1332E-08 5.96E-06 6.54E-06   0.076 1.0000 6.7248E-06    943.899
11781.00 0.92618805 2.1391E-28 0.0000E+00 0.0000E+00 3.3315E-08 3.3315E-08 0.0000E+00 0.0000E+00 3.3315E-08 6.32E-06 6.94E-06   0.077 1.0000 7.1404E-06    947.808
11791.00 0.92518401 2.0662E-28 0.0000E+00 0.0000E+00 3.3337E-08 3.3337E-08 0.0000E+00 0.0000E+00 3.3337E-08 6.31E-06 6.93E-06   0.078 1.0000 7.1364E-06    948.512
11801.00 0.92966330 1.8398E-28 0.0000E+00 0.0000E+00 3.2750E-08 3.2750E-08 0.0000E+00 0.0000E+00 3.2750E-08 6.21E-06 6.78E-06   0.073 1.0000 6.9763E-06    948.240
11811.00 0.92742133 1.8074E-28 0.0000E+00 0.0000E+00 3.2870E-08 3.2870E-08 0.0000E+00 0.0000E+00 3.2870E-08 6.21E-06 6.80E-06   0.075 1.0000 7.0000E-06    949.102
11821.00 0.92613512 1.7549E-28 0.0000E+00 0.0000E+00 3.3437E-08 3.3437E-08 0.0000E+00 0.0000E+00 3.3437E-08 6.30E-06 6.91E-06   0.077 1.0000 7.1140E-06    950.680
11831.00 0.92631948 1.6645E-28 0.0000E+00 0.0000E+00 3.3440E-08 3.3440E-08 0.0000E+00 0.0000E+00 3.3440E-08 6.29E-06 6.90E-06   0.077 1.0000 7.1007E-06    951.353
11841.00 0.92158031 1.6906E-28 0.0000E+00 0.0000E+00 3.3025E-08 3.3025E-08 0.0000E+00 0.0000E+00 3.3025E-08 6.18E-06 6.82E-06   0.082 1.0000 7.0230E-06    951.360
11851.00 0.91537178 1.7443E-28 0.0000E+00 0.0000E+00 3.2555E-08 3.2555E-08 0.0000E+00 0.0000E+00 3.2555E-08 6.05E-06 6.74E-06   0.088 1.0000 6.9407E-06    951.267
11861.00 0.92041939 1.5577E-28 0.0000E+00 0.0000E+00 3.3369E-08 3.3369E-08 0.0000E+00 0.0000E+00 3.3369E-08 6.22E-06 6.87E-06   0.083 1.0000 7.0767E-06    953.248
11871.00 0.92190254 1.4465E-28 0.0000E+00 0.0000E+00 3.3205E-08 3.3205E-08 0.0000E+00 0.0000E+00 3.3205E-08 6.18E-06 6.82E-06   0.081 1.0000 7.0212E-06    953.655
11881.00 0.91173637 1.5687E-28 0.0000E+00 0.0000E+00 3.3330E-08 3.3330E-08 0.0000E+00 0.0000E+00 3.3330E-08 6.15E-06 6.87E-06   0.092 1.0000 7.0855E-06    954.523
11891.00 0.90636104 1.5900E-28 0.0000E+00 0.0000E+00 3.3549E-08 3.3549E-08 0.0000E+00 0.0000E+00 3.3549E-08 6.15E-06 6.93E-06   0.098 1.0000 7.1453E-06    955.541
11901.00 0.91449273 1.3762E-28 0.0000E+00 0.0000E+00 3.3557E-08 3.3557E-08 0.0000E+00 0.0000E+00 3.3557E-08 6.18E-06 6.88E-06   0.089 1.0000 7.0928E-06    956.224
11911.00 0.91386813 1.3208E-28 0.0000E+00 0.0000E+00 3.3445E-08 3.3445E-08 0.0000E+00 0.0000E+00 3.3445E-08 6.14E-06 6.85E-06   0.090 1.0000 7.0600E-06    956.714
11921.00 0.90372384 1.4121E-28 0.0000E+00 0.0000E+00 3.2289E-08 3.2289E-08 0.0000E+00 0.0000E+00 3.2289E-08 5.88E-06 6.64E-06   0.101 1.0000 6.8519E-06    955.506
11931.00 0.90286505 1.3497E-28 0.0000E+00 0.0000E+00 3.3470E-08 3.3470E-08 0.0000E+00 0.0000E+00 3.3470E-08 6.08E-06 6.87E-06   0.102 1.0000 7.0928E-06    958.091
11941.00 0.89485031 1.3976E-28 0.0000E+00 0.0000E+00 3.3567E-08 3.3567E-08 0.0000E+00 0.0000E+00 3.3567E-08 6.06E-06 6.91E-06   0.111 1.0000 7.1401E-06    958.915
11951.00 0.89556253 1.3085E-28 0.0000E+00 0.0000E+00 3.3184E-08 3.3184E-08 0.0000E+00 0.0000E+00 3.3184E-08 5.98E-06 6.82E-06   0.110 1.0000 7.0443E-06    958.969
11961.00 0.88067496 1.4195E-28 0.0000E+00 0.0000E+00 3.3192E-08 3.3192E-08 0.0000E+00 0.0000E+00 3.3192E-08 5.92E-06 6.87E-06   0.127 1.0000 7.1078E-06    959.650
11971.00 0.88600469 1.2988E-28 0.0000E+00 0.0000E+00 3.3297E-08 3.3297E-08 0.0000E+00 0.0000E+00 3.3297E-08 5.94E-06 6.86E-06   0.121 1.0000 7.0906E-06    960.486
11981.00 0.89084810 1.1722E-28 0.0000E+00 0.0000E+00 3.2870E-08 3.2870E-08 0.0000E+00 0.0000E+00 3.2870E-08 5.88E-06 6.74E-06   0.116 1.0000 6.9668E-06    960.464
11991.00 0.85642070 1.4577E-28 0.0000E+00 0.0000E+00 3.2179E-08 3.2179E-08 0.0000E+00 0.0000E+00 3.2179E-08 5.62E-06 6.71E-06   0.155 1.0000 6.9804E-06    959.996
12001.00 0.85584003 1.3979E-28 0.0000E+00 0.0000E+00 3.1772E-08 3.1772E-08 0.0000E+00 0.0000E+00 3.1772E-08 5.53E-06 6.63E-06   0.156 1.0000 6.8879E-06    959.982
12011.00 0.84420937 1.3204E-28 0.0000E+00 0.0000E+00 3.1883E-08 3.1883E-08 0.0000E+00 0.0000E+00 3.1883E-08 5.56E-06 6.68E-06   0.169 1.0000 6.9934E-06    960.835
12021.00 0.81976354 1.4929E-28 0.0000E+00 0.0000E+00 3.1754E-08 3.1754E-08 0.0000E+00 0.0000E+00 3.1754E-08 5.42E-06 6.73E-06   0.199 1.0000 7.0695E-06    961.285
12031.00 0.86363083 1.1116E-28 0.0000E+00 0.0000E+00 3.2377E-08 3.2377E-08 0.0000E+00 0.0000E+00 3.2377E-08 5.65E-06 6.68E-06   0.147 1.0000 6.9475E-06    962.990
12041.00 0.83206916 1.2520E-28 0.0000E+00 0.0000E+00 3.1969E-08 3.1969E-08 0.0000E+00 0.0000E+00 3.1969E-08 5.49E-06 6.69E-06   0.184 1.0000 7.0298E-06    962.978
12051.00 0.82699937 1.2313E-28 0.0000E+00 0.0000E+00 3.1975E-08 3.1975E-08 0.0000E+00 0.0000E+00 3.1975E-08 5.46E-06 6.71E-06   0.190 1.0000 7.0419E-06    963.655
12061.00 0.80114031 1.3208E-28 0.0000E+00 0.0000E+00 3.1628E-08 3.1628E-08 0.0000E+00 0.0000E+00 3.1628E-08 5.31E-06 6.72E-06   0.222 1.0000 7.1140E-06    963.736
12071.00 0.80773377 1.1928E-28 0.0000E+00 0.0000E+00 3.2016E-08 3.2016E-08 0.0000E+00 0.0000E+00 3.2016E-08 5.40E-06 6.76E-06   0.214 1.0000 7.1599E-06    965.055
12081.00 0.77289802 1.3512E-28 0.0000E+00 0.0000E+00 3.1008E-08 3.1008E-08 0.0000E+00 0.0000E+00 3.1008E-08 5.09E-06 6.69E-06   0.258 1.0000 7.1226E-06    964.009
12091.00 0.87392896 7.6334E-29 0.0000E+00 0.0000E+00 3.3840E-08 3.3840E-08 0.0000E+00 0.0000E+00 3.3840E-08 5.88E-06 6.86E-06   0.135 1.0000 7.1353E-06    969.373
12101.00 0.83745378 9.1230E-29 0.0000E+00 0.0000E+00 3.2904E-08 3.2904E-08 0.0000E+00 0.0000E+00 3.2904E-08 5.59E-06 6.80E-06   0.177 1.0000 7.1283E-06    968.525
12111.00 0.83337778 8.8458E-29 0.0000E+00 0.0000E+00 3.2625E-08 3.2625E-08 0.0000E+00 0.0000E+00 3.2625E-08 5.53E-06 6.74E-06   0.182 1.0000 7.0848E-06    968.734
12121.00 0.88138926 6.1627E-29 0.0000E+00 0.0000E+00 3.3656E-08 3.3656E-08 0.0000E+00 0.0000E+00 3.3656E-08 5.84E-06 6.76E-06   0.126 1.0000 7.0243E-06    971.080
12131.00 0.83976245 7.9253E-29 0.0000E+00 0.0000E+00 3.2881E-08 3.2881E-08 0.0000E+00 0.0000E+00 3.2881E-08 5.54E-06 6.75E-06   0.175 1.0000 7.0679E-06    970.488
12141.00 0.74710029 1.0936E-28 0.0000E+00 0.0000E+00 3.0032E-08 3.0032E-08 0.0000E+00 0.0000E+00 3.0032E-08 4.80E-06 6.50E-06   0.292 1.0000 6.9714E-06    966.285
12151.00 0.59705788 1.5329E-28 0.0000E+00 0.0000E+00 2.5973E-08 2.5973E-08 0.0000E+00 0.0000E+00 2.5973E-08 3.74E-06 6.25E-06   0.516 1.0000 7.0361E-06    959.246
12161.00 0.81655103 7.6261E-29 0.0000E+00 0.0000E+00 3.1629E-08 3.1629E-08 0.0000E+00 0.0000E+00 3.1629E-08 5.25E-06 6.56E-06   0.203 1.0000 6.9045E-06    970.394
12171.00 0.85726118 5.8159E-29 0.0000E+00 0.0000E+00 3.2915E-08 3.2915E-08 0.0000E+00 0.0000E+00 3.2915E-08 5.58E-06 6.65E-06   0.154 1.0000 6.9343E-06    973.210
12181.00 0.88887292 4.4156E-29 0.0000E+00 0.0000E+00 3.3926E-08 3.3926E-08 0.0000E+00 0.0000E+00 3.3926E-08 5.84E-06 6.71E-06   0.118 1.0000 6.9604E-06    975.516
12191.00 0.78894854 7.3420E-29 0.0000E+00 0.0000E+00 3.1036E-08 3.1036E-08 0.0000E+00 0.0000E+00 3.1036E-08 5.04E-06 6.50E-06   0.237 1.0000 6.9001E-06    971.370
12201.00 0.78400952 6.8777E-29 0.0000E+00 0.0000E+00 3.0488E-08 3.0488E-08 0.0000E+00 0.0000E+00 3.0488E-08 4.95E-06 6.38E-06   0.243 1.0000 6.8274E-06    971.076
12211.00 0.78172755 6.7144E-29 0.0000E+00 0.0000E+00 3.1131E-08 3.1131E-08 0.0000E+00 0.0000E+00 3.1131E-08 5.03E-06 6.51E-06   0.246 1.0000 6.9594E-06    972.864
12221.00 0.72593427 7.9204E-29 0.0000E+00 0.0000E+00 2.9625E-08 2.9625E-08 0.0000E+00 0.0000E+00 2.9625E-08 4.60E-06 6.43E-06   0.320 1.0000 6.9415E-06    970.862
12231.00 0.77478313 6.3027E-29 0.0000E+00 0.0000E+00 3.1833E-08 3.1833E-08 0.0000E+00 0.0000E+00 3.1833E-08 5.10E-06 6.67E-06   0.255 1.0000 7.1216E-06    975.396
12241.00 0.72696024 7.0686E-29 0.0000E+00 0.0000E+00 3.0420E-08 3.0420E-08 0.0000E+00 0.0000E+00 3.0420E-08 4.72E-06 6.56E-06   0.319 1.0000 7.0928E-06    973.611
12251.00 0.73445171 6.5022E-29 0.0000E+00 0.0000E+00 3.0602E-08 3.0602E-08 0.0000E+00 0.0000E+00 3.0602E-08 4.78E-06 6.54E-06   0.309 1.0000 7.0794E-06    974.596
12261.00 0.75550413 5.9969E-29 0.0000E+00 0.0000E+00 3.1436E-08 3.1436E-08 0.0000E+00 0.0000E+00 3.1436E-08 4.92E-06 6.64E-06   0.280 1.0000 7.0894E-06    976.712
12271.00 0.75857687 5.8485E-29 0.0000E+00 0.0000E+00 3.1721E-08 3.1721E-08 0.0000E+00 0.0000E+00 3.1721E-08 4.94E-06 6.69E-06   0.276 1.0000 7.0956E-06    977.863
12281.00 0.80075341 4.6182E-29 0.0000E+00 0.0000E+00 3.3011E-08 3.3011E-08 0.0000E+00 0.0000E+00 3.3011E-08 5.29E-06 6.76E-06   0.222 1.0000 7.1191E-06    980.693
12291.00 0.78576010 4.7446E-29 0.0000E+00 0.0000E+00 3.2747E-08 3.2747E-08 0.0000E+00 0.0000E+00 3.2747E-08 5.17E-06 6.77E-06   0.241 1.0000 7.1358E-06    980.922
12301.00 0.86058223 3.0641E-29 0.0000E+00 0.0000E+00 3.4660E-08 3.4660E-08 0.0000E+00 0.0000E+00 3.4660E-08 5.72E-06 6.83E-06   0.150 1.0000 7.1019E-06    984.687
12311.00 0.86815763 2.7928E-29 0.0000E+00 0.0000E+00 3.4925E-08 3.4925E-08 0.0000E+00 0.0000E+00 3.4925E-08 5.78E-06 6.84E-06   0.141 1.0000 7.1036E-06    985.773
12321.00 0.87370253 2.5245E-29 0.0000E+00 0.0000E+00 3.5026E-08 3.5026E-08 0.0000E+00 0.0000E+00 3.5026E-08 5.81E-06 6.82E-06   0.135 1.0000 7.0841E-06    986.597
12331.00 0.88905913 2.1173E-29 0.0000E+00 0.0000E+00 3.5575E-08 3.5575E-08 0.0000E+00 0.0000E+00 3.5575E-08 5.95E-06 6.85E-06   0.118 1.0000 7.1024E-06    988.120
12341.00 0.90015268 1.8032E-29 0.0000E+00 0.0000E+00 3.5452E-08 3.5452E-08 0.0000E+00 0.0000E+00 3.5452E-08 5.97E-06 6.77E-06   0.105 1.0000 7.0116E-06    988.597
12351.00 0.89693373 1.7709E-29 0.0000E+00 0.0000E+00 3.4981E-08 3.4981E-08 0.0000E+00 0.0000E+00 3.4981E-08 5.86E-06 6.68E-06   0.109 1.0000 6.9247E-06    988.527
12361.00 0.90568727 1.5331E-29 0.0000E+00 0.0000E+00 3.5545E-08 3.5545E-08 0.0000E+00 0.0000E+00 3.5545E-08 5.99E-06 6.74E-06   0.099 1.0000 6.9793E-06    990.076
12371.00 0.90758562 1.4312E-29 0.0000E+00 0.0000E+00 3.5890E-08 3.5890E-08 0.0000E+00 0.0000E+00 3.5890E-08 6.04E-06 6.79E-06   0.097 1.0000 7.0253E-06    991.276
12381.00 0.91276449 1.2777E-29 0.0000E+00 0.0000E+00 3.6140E-08 3.6140E-08 0.0000E+00 0.0000E+00 3.6140E-08 6.09E-06 6.81E-06   0.091 1.0000 7.0369E-06    992.326
12391.00 0.91130596 1.2370E-29 0.0000E+00 0.0000E+00 3.6410E-08 3.6410E-08 0.0000E+00 0.0000E+00 3.6410E-08 6.12E-06 6.85E-06   0.093 1.0000 7.0840E-06    993.406
12401.00 0.91118991 1.1799E-29 0.0000E+00 0.0000E+00 3.6792E-08 3.6792E-08 0.0000E+00 0.0000E+00 3.6792E-08 6.17E-06 6.91E-06   0.093 1.0000 7.1455E-06    994.652
12411.00 0.91352743 1.0907E-29 0.0000E+00 0.0000E+00 3.6643E-08 3.6643E-08 0.0000E+00 0.0000E+00 3.6643E-08 6.15E-06 6.86E-06   0.090 1.0000 7.0929E-06    995.095
12421.00 0.90974319 1.0814E-29 0.0000E+00 0.0000E+00 3.5530E-08 3.5530E-08 0.0000E+00 0.0000E+00 3.5530E-08 5.94E-06 6.65E-06   0.095 1.0000 6.8849E-06    994.054
12431.00 0.89488441 1.2104E-29 0.0000E+00 0.0000E+00 3.6052E-08 3.6052E-08 0.0000E+00 0.0000E+00 3.6052E-08 5.95E-06 6.80E-06   0.111 1.0000 7.0471E-06    995.529
12441.00 0.89624572 1.1339E-29 0.0000E+00 0.0000E+00 3.6323E-08 3.6323E-08 0.0000E+00 0.0000E+00 3.6323E-08 5.99E-06 6.83E-06   0.110 1.0000 7.0810E-06    996.611
12451.00 0.89465266 1.0960E-29 0.0000E+00 0.0000E+00 3.5903E-08 3.5903E-08 0.0000E+00 0.0000E+00 3.5903E-08 5.90E-06 6.75E-06   0.111 1.0000 6.9937E-06    996.632
12461.00 0.88988543 1.0953E-29 0.0000E+00 0.0000E+00 3.6253E-08 3.6253E-08 0.0000E+00 0.0000E+00 3.6253E-08 5.93E-06 6.82E-06   0.117 1.0000 7.0759E-06    997.838
12471.00 0.89818901 9.5599E-30 0.0000E+00 0.0000E+00 3.6720E-08 3.6720E-08 0.0000E+00 0.0000E+00 3.6720E-08 6.03E-06 6.86E-06   0.107 1.0000 7.1120E-06    999.216
12481.00 0.88891196 9.9148E-30 0.0000E+00 0.0000E+00 3.6484E-08 3.6484E-08 0.0000E+00 0.0000E+00 3.6484E-08 5.95E-06 6.85E-06   0.118 1.0000 7.1032E-06    999.525
12491.00 0.89348954 9.0391E-30 0.0000E+00 0.0000E+00 3.6355E-08 3.6355E-08 0.0000E+00 0.0000E+00 3.6355E-08 5.94E-06 6.79E-06   0.113 1.0000 7.0410E-06    999.995
12501.00 0.89604127 8.4310E-30 0.0000E+00 0.0000E+00 3.6064E-08 3.6064E-08 0.0000E+00 0.0000E+00 3.6064E-08 5.89E-06 6.71E-06   0.110 1.0000 6.9583E-06   1000.214
12511.00 0.90840149 7.0262E-30 0.0000E+00 0.0000E+00 3.7264E-08 3.7264E-08 0.0000E+00 0.0000E+00 3.7264E-08 6.12E-06 6.87E-06   0.096 1.0000 7.1163E-06   1002.706
12521.00 0.90063035 7.2640E-30 0.0000E+00 0.0000E+00 3.7091E-08 3.7091E-08 0.0000E+00 0.0000E+00 3.7091E-08 6.05E-06 6.86E-06   0.105 1.0000 7.1113E-06   1003.114
12531.00 0.91039795 6.2148E-30 0.0000E+00 0.0000E+00 3.7347E-08 3.7347E-08 0.0000E+00 0.0000E+00 3.7347E-08 6.12E-06 6.86E-06   0.094 1.0000 7.0974E-06   1004.166
12541.00 0.90103596 6.5354E-30 0.0000E+00 0.0000E+00 3.7109E-08 3.7109E-08 0.0000E+00 0.0000E+00 3.7109E-08 6.03E-06 6.84E-06   0.104 1.0000 7.0882E-06   1004.475
12551.00 0.88611859 7.1364E-30 0.0000E+00 0.0000E+00 3.6832E-08 3.6832E-08 0.0000E+00 0.0000E+00 3.6832E-08 5.92E-06 6.84E-06   0.121 1.0000 7.0994E-06   1004.724
12561.00 0.87822419 7.3132E-30 0.0000E+00 0.0000E+00 3.6377E-08 3.6377E-08 0.0000E+00 0.0000E+00 3.6377E-08 5.80E-06 6.77E-06   0.130 1.0000 7.0428E-06   1004.696
12571.00 0.90850818 5.1884E-30 0.0000E+00 0.0000E+00 3.7336E-08 3.7336E-08 0.0000E+00 0.0000E+00 3.7336E-08 6.07E-06 6.81E-06   0.096 1.0000 7.0580E-06   1006.818
12581.00 0.91258895 4.7069E-30 0.0000E+00 0.0000E+00 3.6193E-08 3.6193E-08 0.0000E+00 0.0000E+00 3.6193E-08 5.89E-06 6.58E-06   0.091 1.0000 6.8119E-06   1005.744
12591.00 0.91705197 4.2340E-30 0.0000E+00 0.0000E+00 3.6494E-08 3.6494E-08 0.0000E+00 0.0000E+00 3.6494E-08 5.95E-06 6.60E-06   0.087 1.0000 6.8345E-06   1006.875
12601.00 0.91168720 4.2818E-30 0.0000E+00 0.0000E+00 3.6402E-08 3.6402E-08 0.0000E+00 0.0000E+00 3.6402E-08 5.90E-06 6.60E-06   0.092 1.0000 6.8321E-06   1007.399
12611.00 0.89407939 4.9225E-30 0.0000E+00 0.0000E+00 3.6952E-08 3.6952E-08 0.0000E+00 0.0000E+00 3.6952E-08 5.91E-06 6.75E-06   0.112 1.0000 7.0130E-06   1008.906
12621.00 0.89375806 4.6779E-30 0.0000E+00 0.0000E+00 3.6995E-08 3.6995E-08 0.0000E+00 0.0000E+00 3.6995E-08 5.91E-06 6.75E-06   0.112 1.0000 7.0117E-06   1009.638
12631.00 0.90010166 4.2074E-30 0.0000E+00 0.0000E+00 3.6692E-08 3.6692E-08 0.0000E+00 0.0000E+00 3.6692E-08 5.87E-06 6.66E-06   0.105 1.0000 6.9099E-06   1009.843
12641.00 0.89111203 4.3573E-30 0.0000E+00 0.0000E+00 3.7223E-08 3.7223E-08 0.0000E+00 0.0000E+00 3.7223E-08 5.91E-06 6.78E-06   0.115 1.0000 7.0438E-06   1011.316
12651.00 0.89192319 4.1091E-30 0.0000E+00 0.0000E+00 3.7590E-08 3.7590E-08 0.0000E+00 0.0000E+00 3.7590E-08 5.96E-06 6.83E-06   0.114 1.0000 7.0958E-06   1012.536
12661.00 0.88160551 4.2916E-30 0.0000E+00 0.0000E+00 3.7311E-08 3.7311E-08 0.0000E+00 0.0000E+00 3.7311E-08 5.86E-06 6.81E-06   0.126 1.0000 7.0839E-06   1012.782
12671.00 0.89182252 3.7513E-30 0.0000E+00 0.0000E+00 3.7854E-08 3.7854E-08 0.0000E+00 0.0000E+00 3.7854E-08 5.98E-06 6.86E-06   0.114 1.0000 7.1204E-06   1014.263
12681.00 0.90606719 3.0802E-30 0.0000E+00 0.0000E+00 3.8108E-08 3.8108E-08 0.0000E+00 0.0000E+00 3.8108E-08 6.07E-06 6.83E-06   0.099 1.0000 7.0842E-06   1015.308
12691.00 0.90337658 3.0133E-30 0.0000E+00 0.0000E+00 3.7913E-08 3.7913E-08 0.0000E+00 0.0000E+00 3.7913E-08 6.01E-06 6.80E-06   0.102 1.0000 7.0488E-06   1015.685
12701.00 0.90873200 2.7044E-30 0.0000E+00 0.0000E+00 3.8379E-08 3.8379E-08 0.0000E+00 0.0000E+00 3.8379E-08 6.10E-06 6.85E-06   0.096 1.0000 7.0968E-06   1017.042
12711.00 0.90828723 2.5908E-30 0.0000E+00 0.0000E+00 3.8667E-08 3.8667E-08 0.0000E+00 0.0000E+00 3.8667E-08 6.13E-06 6.89E-06   0.096 1.0000 7.1406E-06   1018.133
12721.00 0.91720331 2.2053E-30 0.0000E+00 0.0000E+00 3.8196E-08 3.8196E-08 0.0000E+00 0.0000E+00 3.8196E-08 6.08E-06 6.76E-06   0.086 1.0000 6.9992E-06   1018.105
12731.00 0.91751015 2.0887E-30 0.0000E+00 0.0000E+00 3.8196E-08 3.8196E-08 0.0000E+00 0.0000E+00 3.8196E-08 6.07E-06 6.74E-06   0.086 1.0000 6.9861E-06   1018.772
12741.00 0.91754657 1.9853E-30 0.0000E+00 0.0000E+00 3.8897E-08 3.8897E-08 0.0000E+00 0.0000E+00 3.8897E-08 6.18E-06 6.85E-06   0.086 1.0000 7.1028E-06   1020.471
12751.00 0.91834664 1.8674E-30 0.0000E+00 0.0000E+00 3.8888E-08 3.8888E-08 0.0000E+00 0.0000E+00 3.8888E-08 6.17E-06 6.84E-06   0.085 1.0000 7.0859E-06   1021.125
12761.00 0.91930038 1.7536E-30 0.0000E+00 0.0000E+00 3.7985E-08 3.7985E-08 0.0000E+00 0.0000E+00 3.7985E-08 6.02E-06 6.66E-06   0.084 1.0000 6.9058E-06   1020.457
12771.00 0.91944844 1.6643E-30 0.0000E+00 0.0000E+00 3.8769E-08 3.8769E-08 0.0000E+00 0.0000E+00 3.8769E-08 6.13E-06 6.79E-06   0.084 1.0000 7.0362E-06   1022.285
12781.00 0.91942084 1.5831E-30 0.0000E+00 0.0000E+00 3.9267E-08 3.9267E-08 0.0000E+00 0.0000E+00 3.9267E-08 6.20E-06 6.86E-06   0.084 1.0000 7.1156E-06   1023.679
12791.00 0.91936690 1.5072E-30 0.0000E+00 0.0000E+00 3.9349E-08 3.9349E-08 0.0000E+00 0.0000E+00 3.9349E-08 6.20E-06 6.87E-06   0.084 1.0000 7.1190E-06   1024.465
12801.00 0.91944116 1.4319E-30 0.0000E+00 0.0000E+00 3.8765E-08 3.8765E-08 0.0000E+00 0.0000E+00 3.8765E-08 6.10E-06 6.75E-06   0.084 1.0000 7.0016E-06   1024.280
12811.00 0.91914421 1.3674E-30 0.0000E+00 0.0000E+00 3.9284E-08 3.9284E-08 0.0000E+00 0.0000E+00 3.9284E-08 6.17E-06 6.83E-06   0.084 1.0000 7.0852E-06   1025.704
12821.00 0.91924232 1.2988E-30 0.0000E+00 0.0000E+00 3.8882E-08 3.8882E-08 0.0000E+00 0.0000E+00 3.8882E-08 6.09E-06 6.75E-06   0.084 1.0000 7.0007E-06   1025.784
12831.00 0.91888869 1.2411E-30 0.0000E+00 0.0000E+00 3.9414E-08 3.9414E-08 0.0000E+00 0.0000E+00 3.9414E-08 6.17E-06 6.83E-06   0.085 1.0000 7.0866E-06   1027.226
12841.00 0.91898006 1.1791E-30 0.0000E+00 0.0000E+00 3.9604E-08 3.9604E-08 0.0000E+00 0.0000E+00 3.9604E-08 6.19E-06 6.85E-06   0.084 1.0000 7.1081E-06   1028.169
12851.00 0.91879296 1.1243E-30 0.0000E+00 0.0000E+00 3.9628E-08 3.9628E-08 0.0000E+00 0.0000E+00 3.9628E-08 6.18E-06 6.85E-06   0.085 1.0000 7.1013E-06   1028.870
12861.00 0.91869813 1.0707E-30 0.0000E+00 0.0000E+00 3.8890E-08 3.8890E-08 0.0000E+00 0.0000E+00 3.8890E-08 6.05E-06 6.71E-06   0.085 1.0000 6.9577E-06   1028.463
12871.00 0.91863680 1.0191E-30 0.0000E+00 0.0000E+00 3.9830E-08 3.9830E-08 0.0000E+00 0.0000E+00 3.9830E-08 6.19E-06 6.86E-06   0.085 1.0000 7.1139E-06   1030.496
12881.00 0.91844296 9.7171E-31 0.0000E+00 0.0000E+00 3.9811E-08 3.9811E-08 0.0000E+00 0.0000E+00 3.9811E-08 6.17E-06 6.84E-06   0.085 1.0000 7.0994E-06   1031.135
12891.00 0.91810161 9.2833E-31 0.0000E+00 0.0000E+00 3.9841E-08 3.9841E-08 0.0000E+00 0.0000E+00 3.9841E-08 6.16E-06 6.84E-06   0.085 1.0000 7.0944E-06   1031.846
12901.00 0.91793340 8.8471E-31 0.0000E+00 0.0000E+00 3.7988E-08 3.7988E-08 0.0000E+00 0.0000E+00 3.7988E-08 5.87E-06 6.51E-06   0.086 1.0000 6.7536E-06   1029.784
12911.00 0.91744697 8.4667E-31 0.0000E+00 0.0000E+00 3.8915E-08 3.8915E-08 0.0000E+00 0.0000E+00 3.8915E-08 6.00E-06 6.66E-06   0.086 1.0000 6.9089E-06   1031.829
12921.00 0.91715276 8.0817E-31 0.0000E+00 0.0000E+00 4.0078E-08 4.0078E-08 0.0000E+00 0.0000E+00 4.0078E-08 6.17E-06 6.85E-06   0.086 1.0000 7.1049E-06   1034.188
12931.00 0.91654694 7.7436E-31 0.0000E+00 0.0000E+00 3.9900E-08 3.9900E-08 0.0000E+00 0.0000E+00 3.9900E-08 6.12E-06 6.81E-06   0.087 1.0000 7.0646E-06   1034.598
12941.00 0.91566908 7.4425E-31 0.0000E+00 0.0000E+00 3.8980E-08 3.8980E-08 0.0000E+00 0.0000E+00 3.8980E-08 5.97E-06 6.64E-06   0.088 1.0000 6.8949E-06   1033.923
12951.00 0.91523659 7.1154E-31 0.0000E+00 0.0000E+00 3.9558E-08 3.9558E-08 0.0000E+00 0.0000E+00 3.9558E-08 6.05E-06 6.73E-06   0.089 1.0000 6.9877E-06   1035.435
12961.00 0.91460806 6.8164E-31 0.0000E+00 0.0000E+00 3.9077E-08 3.9077E-08 0.0000E+00 0.0000E+00 3.9077E-08 5.96E-06 6.64E-06   0.089 1.0000 6.8945E-06   1035.398
12971.00 0.91337472 6.5697E-31 0.0000E+00 0.0000E+00 3.9855E-08 3.9855E-08 0.0000E+00 0.0000E+00 3.9855E-08 6.06E-06 6.76E-06   0.091 1.0000 7.0270E-06   1037.198
12981.00 0.90839630 6.5838E-31 0.0000E+00 0.0000E+00 3.9563E-08 3.9563E-08 0.0000E+00 0.0000E+00 3.9563E-08 5.99E-06 6.72E-06   0.096 1.0000 6.9958E-06   1037.441
12991.00 0.90143502 6.6581E-31 0.0000E+00 0.0000E+00 3.9226E-08 3.9226E-08 0.0000E+00 0.0000E+00 3.9226E-08 5.91E-06 6.68E-06   0.104 1.0000 6.9674E-06   1037.613
13001.00 0.88973421 6.9281E-31 0.0000E+00 0.0000E+00 3.9045E-08 3.9045E-08 0.0000E+00 0.0000E+00 3.9045E-08 5.85E-06 6.67E-06   0.117 1.0000 6.9977E-06   1038.014
13011.00 0.87984419 6.9247E-31 0.0000E+00 0.0000E+00 3.9096E-08 3.9096E-08 0.0000E+00 0.0000E+00 3.9096E-08 5.83E-06 6.69E-06   0.128 1.0000 7.0635E-06   1038.754
13021.00 0.85618210 7.5131E-31 0.0000E+00 0.0000E+00 3.8160E-08 3.8160E-08 0.0000E+00 0.0000E+00 3.8160E-08 5.63E-06 6.58E-06   0.155 1.0000 7.0503E-06   1038.024
13031.00 0.83236748 8.0942E-31 0.0000E+00 0.0000E+00 3.7441E-08 3.7441E-08 0.0000E+00 0.0000E+00 3.7441E-08 5.46E-06 6.52E-06   0.183 1.0000 7.0771E-06   1037.595
13041.00 0.79291672 9.0379E-31 0.0000E+00 0.0000E+00 3.4116E-08 3.4116E-08 0.0000E+00 0.0000E+00 3.4116E-08 4.90E-06 6.03E-06   0.232 1.0000 6.7057E-06   1032.943
13051.00 0.75254548 1.0218E-30 0.0000E+00 0.0000E+00 3.2045E-08 3.2045E-08 0.0000E+00 0.0000E+00 3.2045E-08 4.48E-06 5.80E-06   0.284 1.0000 6.6213E-06   1030.053
13061.00 0.68729770 1.1690E-30 0.0000E+00 0.0000E+00 3.0574E-08 3.0574E-08 0.0000E+00 0.0000E+00 3.0574E-08 4.14E-06 5.72E-06   0.375 1.0000 6.8845E-06   1028.063
13071.00 0.61528772 1.2852E-30 0.0000E+00 0.0000E+00 2.8312E-08 2.8312E-08 0.0000E+00 0.0000E+00 2.8312E-08 3.69E-06 5.49E-06   0.486 1.0000 7.1115E-06   1024.414
13081.00 0.55339307 1.3870E-30 0.0000E+00 0.0000E+00 2.5505E-08 2.5505E-08 0.0000E+00 0.0000E+00 2.5505E-08 3.19E-06 5.15E-06   0.592 1.0000 7.1104E-06   1019.273
13091.00 0.47736982 1.4875E-30 0.0000E+00 0.0000E+00 2.1983E-08 2.1983E-08 0.0000E+00 0.0000E+00 2.1983E-08 2.60E-06 4.68E-06   0.739 1.0000 7.1062E-06   1011.784
13101.00 0.44107103 1.4850E-30 0.0000E+00 0.0000E+00 2.0148E-08 2.0148E-08 0.0000E+00 0.0000E+00 2.0148E-08 2.30E-06 4.41E-06   0.819 1.0000 7.1028E-06   1007.715
13111.00 0.47367775 1.3574E-30 0.0000E+00 0.0000E+00 2.1216E-08 2.1216E-08 0.0000E+00 0.0000E+00 2.1216E-08 2.47E-06 4.52E-06   0.747 1.0000 7.0290E-06   1011.153
13121.00 0.68082279 8.6887E-31 0.0000E+00 0.0000E+00 2.9149E-08 2.9149E-08 0.0000E+00 0.0000E+00 2.9149E-08 3.90E-06 5.40E-06   0.384 1.0000 6.7816E-06   1029.323
13131.00 0.43936819 1.3066E-30 0.0000E+00 0.0000E+00 1.9611E-08 1.9611E-08 0.0000E+00 0.0000E+00 1.9611E-08 2.19E-06 4.32E-06   0.822 1.0000 6.9749E-06   1008.195
13141.00 0.24171776 1.5221E-30 0.0000E+00 0.0000E+00 1.1412E-08 1.1412E-08 0.0000E+00 0.0000E+00 1.1412E-08 9.15E-07 3.22E-06   1.420 1.0000 7.0062E-06    980.515
13151.00 0.21895038 1.4193E-30 0.0000E+00 0.0000E+00 1.1019E-08 1.1019E-08 0.0000E+00 0.0000E+00 1.1019E-08 8.75E-07 3.14E-06   1.519 1.0000 6.9759E-06    979.366
13161.00 0.40701348 1.1549E-30 0.0000E+00 0.0000E+00 2.0342E-08 2.0342E-08 0.0000E+00 0.0000E+00 2.0342E-08 2.24E-06 4.55E-06   0.899 1.0000 7.0394E-06   1012.107
13171.00 0.85237658 3.6054E-31 0.0000E+00 0.0000E+00 3.8798E-08 3.8798E-08 0.0000E+00 0.0000E+00 3.8798E-08 5.58E-06 6.53E-06   0.160 1.0000 7.0248E-06   1048.948
13181.00 0.91301054 2.3126E-31 0.0000E+00 0.0000E+00 4.0256E-08 4.0256E-08 0.0000E+00 0.0000E+00 4.0256E-08 5.90E-06 6.59E-06   0.091 1.0000 6.8540E-06   1051.760
13191.00 0.91413659 2.1711E-31 0.0000E+00 0.0000E+00 4.1326E-08 4.1326E-08 0.0000E+00 0.0000E+00 4.1326E-08 6.05E-06 6.75E-06   0.090 1.0000 7.0170E-06   1053.958
13201.00 0.91412491 2.0653E-31 0.0000E+00 0.0000E+00 4.1166E-08 4.1166E-08 0.0000E+00 0.0000E+00 4.1166E-08 6.02E-06 6.71E-06   0.090 1.0000 6.9786E-06   1054.397
13211.00 0.91408640 1.9651E-31 0.0000E+00 0.0000E+00 4.1226E-08 4.1226E-08 0.0000E+00 0.0000E+00 4.1226E-08 6.02E-06 6.71E-06   0.090 1.0000 6.9776E-06   1055.147
13221.00 0.91390920 1.8731E-31 0.0000E+00 0.0000E+00 4.1156E-08 4.1156E-08 0.0000E+00 0.0000E+00 4.1156E-08 6.00E-06 6.69E-06   0.090 1.0000 6.9558E-06   1055.714
13231.00 0.91371000 1.7859E-31 0.0000E+00 0.0000E+00 4.0994E-08 4.0994E-08 0.0000E+00 0.0000E+00 4.0994E-08 5.96E-06 6.65E-06   0.090 1.0000 6.9184E-06   1056.148
13241.00 0.91356957 1.7015E-31 0.0000E+00 0.0000E+00 4.1740E-08 4.1740E-08 0.0000E+00 0.0000E+00 4.1740E-08 6.06E-06 6.76E-06   0.090 1.0000 7.0339E-06   1057.871
13251.00 0.91346705 1.6203E-31 0.0000E+00 0.0000E+00 4.1922E-08 4.1922E-08 0.0000E+00 0.0000E+00 4.1922E-08 6.08E-06 6.78E-06   0.091 1.0000 7.0541E-06   1058.794
13261.00 0.91317749 1.5466E-31 0.0000E+00 0.0000E+00 4.2108E-08 4.2108E-08 0.0000E+00 0.0000E+00 4.2108E-08 6.09E-06 6.80E-06   0.091 1.0000 7.0756E-06   1059.719
13271.00 0.91313744 1.4716E-31 0.0000E+00 0.0000E+00 4.1736E-08 4.1736E-08 0.0000E+00 0.0000E+00 4.1736E-08 6.03E-06 6.73E-06   0.091 1.0000 7.0026E-06   1059.864
13281.00 0.91296995 1.4025E-31 0.0000E+00 0.0000E+00 4.1429E-08 4.1429E-08 0.0000E+00 0.0000E+00 4.1429E-08 5.97E-06 6.67E-06   0.091 1.0000 6.9412E-06   1060.095
13291.00 0.91278577 1.3368E-31 0.0000E+00 0.0000E+00 4.1341E-08 4.1341E-08 0.0000E+00 0.0000E+00 4.1341E-08 5.95E-06 6.64E-06   0.091 1.0000 6.9165E-06   1060.635
13301.00 0.91251290 1.2756E-31 0.0000E+00 0.0000E+00 4.1953E-08 4.1953E-08 0.0000E+00 0.0000E+00 4.1953E-08 6.02E-06 6.73E-06   0.092 1.0000 7.0096E-06   1062.165
13311.00 0.91244322 1.2143E-31 0.0000E+00 0.0000E+00 4.0735E-08 4.0735E-08 0.0000E+00 0.0000E+00 4.0735E-08 5.84E-06 6.53E-06   0.092 1.0000 6.7959E-06   1061.097
13321.00 0.91198027 1.1614E-31 0.0000E+00 0.0000E+00 4.2039E-08 4.2039E-08 0.0000E+00 0.0000E+00 4.2039E-08 6.01E-06 6.72E-06   0.092 1.0000 7.0050E-06   1063.618
13331.00 0.91193366 1.1053E-31 0.0000E+00 0.0000E+00 4.1716E-08 4.1716E-08 0.0000E+00 0.0000E+00 4.1716E-08 5.96E-06 6.66E-06   0.092 1.0000 6.9407E-06   1063.827
13341.00 0.91182286 1.0526E-31 0.0000E+00 0.0000E+00 4.0825E-08 4.0825E-08 0.0000E+00 0.0000E+00 4.0825E-08 5.82E-06 6.51E-06   0.092 1.0000 6.7825E-06   1063.220
13351.00 0.91177875 1.0016E-31 0.0000E+00 0.0000E+00 4.2141E-08 4.2141E-08 0.0000E+00 0.0000E+00 4.2141E-08 6.00E-06 6.71E-06   0.092 1.0000 6.9903E-06   1065.757
13361.00 0.91160631 9.5458E-32 0.0000E+00 0.0000E+00 4.1953E-08 4.1953E-08 0.0000E+00 0.0000E+00 4.1953E-08 5.96E-06 6.67E-06   0.093 1.0000 6.9490E-06   1066.159
13371.00 0.91117305 9.1279E-32 0.0000E+00 0.0000E+00 4.1970E-08 4.1970E-08 0.0000E+00 0.0000E+00 4.1970E-08 5.95E-06 6.66E-06   0.093 1.0000 6.9428E-06   1066.847
13381.00 0.91092271 8.7055E-32 0.0000E+00 0.0000E+00 4.2273E-08 4.2273E-08 0.0000E+00 0.0000E+00 4.2273E-08 5.98E-06 6.70E-06   0.093 1.0000 6.9829E-06   1067.939
13391.00 0.91074032 8.2995E-32 0.0000E+00 0.0000E+00 4.2352E-08 4.2352E-08 0.0000E+00 0.0000E+00 4.2352E-08 5.98E-06 6.70E-06   0.093 1.0000 6.9856E-06   1068.714
13401.00 0.91043609 7.9222E-32 0.0000E+00 0.0000E+00 4.2083E-08 4.2083E-08 0.0000E+00 0.0000E+00 4.2083E-08 5.93E-06 6.65E-06   0.094 1.0000 6.9311E-06   1069.001
13411.00 0.90964180 7.6080E-32 0.0000E+00 0.0000E+00 4.2531E-08 4.2531E-08 0.0000E+00 0.0000E+00 4.2531E-08 5.98E-06 6.71E-06   0.095 1.0000 6.9973E-06   1070.295
13421.00 0.91002208 7.2021E-32 0.0000E+00 0.0000E+00 4.1692E-08 4.1692E-08 0.0000E+00 0.0000E+00 4.1692E-08 5.86E-06 6.56E-06   0.094 1.0000 6.8463E-06   1069.777
13431.00 0.90886903 6.9446E-32 0.0000E+00 0.0000E+00 4.1195E-08 4.1195E-08 0.0000E+00 0.0000E+00 4.1195E-08 5.77E-06 6.48E-06   0.096 1.0000 6.7587E-06   1069.731
13441.00 0.90840274 6.6449E-32 0.0000E+00 0.0000E+00 4.2591E-08 4.2591E-08 0.0000E+00 0.0000E+00 4.2591E-08 5.95E-06 6.69E-06   0.096 1.0000 6.9782E-06   1072.375
13451.00 0.90919918 6.2582E-32 0.0000E+00 0.0000E+00 4.2698E-08 4.2698E-08 0.0000E+00 0.0000E+00 4.2698E-08 5.96E-06 6.69E-06   0.095 1.0000 6.9805E-06   1073.188
13461.00 0.90508533 6.2452E-32 0.0000E+00 0.0000E+00 4.2247E-08 4.2247E-08 0.0000E+00 0.0000E+00 4.2247E-08 5.87E-06 6.63E-06   0.100 1.0000 6.9145E-06   1073.223
13471.00 0.90433520 5.9971E-32 0.0000E+00 0.0000E+00 4.0802E-08 4.0802E-08 0.0000E+00 0.0000E+00 4.0802E-08 5.66E-06 6.39E-06   0.101 1.0000 6.6706E-06   1071.820
13481.00 0.90394479 5.7236E-32 0.0000E+00 0.0000E+00 4.0892E-08 4.0892E-08 0.0000E+00 0.0000E+00 4.0892E-08 5.66E-06 6.40E-06   0.101 1.0000 6.6756E-06   1072.614
13491.00 0.89913094 5.7403E-32 0.0000E+00 0.0000E+00 4.0720E-08 4.0720E-08 0.0000E+00 0.0000E+00 4.0720E-08 5.61E-06 6.38E-06   0.106 1.0000 6.6588E-06   1073.028
13501.00 0.90326560 5.2209E-32 0.0000E+00 0.0000E+00 4.2084E-08 4.2084E-08 0.0000E+00 0.0000E+00 4.2084E-08 5.80E-06 6.56E-06   0.102 1.0000 6.8511E-06   1075.650
13511.00 0.89645672 5.3287E-32 0.0000E+00 0.0000E+00 4.1928E-08 4.1928E-08 0.0000E+00 0.0000E+00 4.1928E-08 5.74E-06 6.55E-06   0.109 1.0000 6.8479E-06   1076.094
13521.00 0.88812464 5.5044E-32 0.0000E+00 0.0000E+00 4.1790E-08 4.1790E-08 0.0000E+00 0.0000E+00 4.1790E-08 5.68E-06 6.55E-06   0.119 1.0000 6.8549E-06   1076.560
13531.00 0.89099073 5.1028E-32 0.0000E+00 0.0000E+00 4.0596E-08 4.0596E-08 0.0000E+00 0.0000E+00 4.0596E-08 5.52E-06 6.35E-06   0.115 1.0000 6.6352E-06   1075.500
13541.00 0.88071388 5.3125E-32 0.0000E+00 0.0000E+00 4.1546E-08 4.1546E-08 0.0000E+00 0.0000E+00 4.1546E-08 5.60E-06 6.52E-06   0.127 1.0000 6.8288E-06   1077.539
13551.00 0.89084065 4.6229E-32 0.0000E+00 0.0000E+00 4.2776E-08 4.2776E-08 0.0000E+00 0.0000E+00 4.2776E-08 5.80E-06 6.66E-06   0.116 1.0000 6.9678E-06   1079.945
13561.00 0.88024175 4.8141E-32 0.0000E+00 0.0000E+00 4.2592E-08 4.2592E-08 0.0000E+00 0.0000E+00 4.2592E-08 5.72E-06 6.67E-06   0.128 1.0000 6.9805E-06   1080.352
13571.00 0.86837476 5.0562E-32 0.0000E+00 0.0000E+00 4.1990E-08 4.1990E-08 0.0000E+00 0.0000E+00 4.1990E-08 5.58E-06 6.61E-06   0.141 1.0000 6.9293E-06   1080.165
13581.00 0.86457199 4.9471E-32 0.0000E+00 0.0000E+00 4.1554E-08 4.1554E-08 0.0000E+00 0.0000E+00 4.1554E-08 5.50E-06 6.54E-06   0.146 1.0000 6.8674E-06   1080.206
13591.00 0.87716120 4.2664E-32 0.0000E+00 0.0000E+00 4.1767E-08 4.1767E-08 0.0000E+00 0.0000E+00 4.1767E-08 5.57E-06 6.52E-06   0.131 1.0000 6.8280E-06   1081.175
13601.00 0.86899799 4.3291E-32 0.0000E+00 0.0000E+00 4.2148E-08 4.2148E-08 0.0000E+00 0.0000E+00 4.2148E-08 5.58E-06 6.60E-06   0.140 1.0000 6.9178E-06   1082.382
13611.00 0.86859220 4.1327E-32 0.0000E+00 0.0000E+00 4.2602E-08 4.2602E-08 0.0000E+00 0.0000E+00 4.2602E-08 5.63E-06 6.66E-06   0.141 1.0000 6.9838E-06   1083.688
13621.00 0.88834089 3.3245E-32 0.0000E+00 0.0000E+00 4.3400E-08 4.3400E-08 0.0000E+00 0.0000E+00 4.3400E-08 5.80E-06 6.69E-06   0.118 1.0000 7.0039E-06   1085.466
13631.00 0.84982210 4.2254E-32 0.0000E+00 0.0000E+00 4.1822E-08 4.1822E-08 0.0000E+00 0.0000E+00 4.1822E-08 5.44E-06 6.59E-06   0.163 1.0000 6.9291E-06   1083.907
13641.00 0.85949594 3.7996E-32 0.0000E+00 0.0000E+00 4.1506E-08 4.1506E-08 0.0000E+00 0.0000E+00 4.1506E-08 5.42E-06 6.49E-06   0.151 1.0000 6.8141E-06   1084.116
13651.00 0.86367494 3.4915E-32 0.0000E+00 0.0000E+00 4.1750E-08 4.1750E-08 0.0000E+00 0.0000E+00 4.1750E-08 5.46E-06 6.50E-06   0.147 1.0000 6.8293E-06   1085.130
13661.00 0.79930454 4.7742E-32 0.0000E+00 0.0000E+00 4.0272E-08 4.0272E-08 0.0000E+00 0.0000E+00 4.0272E-08 5.04E-06 6.52E-06   0.224 1.0000 6.9146E-06   1083.636
13671.00 0.79506731 4.6998E-32 0.0000E+00 0.0000E+00 3.9919E-08 3.9919E-08 0.0000E+00 0.0000E+00 3.9919E-08 4.95E-06 6.46E-06   0.229 1.0000 6.8594E-06   1083.772
13681.00 0.80372000 4.1915E-32 0.0000E+00 0.0000E+00 3.9512E-08 3.9512E-08 0.0000E+00 0.0000E+00 3.9512E-08 4.95E-06 6.35E-06   0.219 1.0000 6.7477E-06   1083.822
13691.00 0.76978534 4.6530E-32 0.0000E+00 0.0000E+00 3.9568E-08 3.9568E-08 0.0000E+00 0.0000E+00 3.9568E-08 4.83E-06 6.49E-06   0.262 1.0000 6.9298E-06   1084.568
13701.00 0.81924713 3.5856E-32 0.0000E+00 0.0000E+00 4.1073E-08 4.1073E-08 0.0000E+00 0.0000E+00 4.1073E-08 5.16E-06 6.52E-06   0.199 1.0000 6.8895E-06   1087.463
13711.00 0.74123383 4.6395E-32 0.0000E+00 0.0000E+00 3.6786E-08 3.6786E-08 0.0000E+00 0.0000E+00 3.6786E-08 4.39E-06 6.12E-06   0.299 1.0000 6.5819E-06   1081.550
13721.00 0.82153398 3.0842E-32 0.0000E+00 0.0000E+00 3.9754E-08 3.9754E-08 0.0000E+00 0.0000E+00 3.9754E-08 5.02E-06 6.27E-06   0.197 1.0000 6.6556E-06   1086.831
13731.00 0.79701596 3.3858E-32 0.0000E+00 0.0000E+00 4.0223E-08 4.0223E-08 0.0000E+00 0.0000E+00 4.0223E-08 4.96E-06 6.44E-06   0.227 1.0000 6.8519E-06   1088.195
13741.00 0.71215057 4.3807E-32 0.0000E+00 0.0000E+00 3.7617E-08 3.7617E-08 0.0000E+00 0.0000E+00 3.7617E-08 4.37E-06 6.35E-06   0.339 1.0000 6.8890E-06   1084.855
13751.00 0.80886829 2.8483E-32 0.0000E+00 0.0000E+00 4.1419E-08 4.1419E-08 0.0000E+00 0.0000E+00 4.1419E-08 5.15E-06 6.55E-06   0.212 1.0000 6.9714E-06   1091.279
13761.00 0.75180757 3.3838E-32 0.0000E+00 0.0000E+00 3.9085E-08 3.9085E-08 0.0000E+00 0.0000E+00 3.9085E-08 4.68E-06 6.39E-06   0.285 1.0000 6.9003E-06   1088.460
13771.00 0.78937495 2.9338E-32 0.0000E+00 0.0000E+00 4.0223E-08 4.0223E-08 0.0000E+00 0.0000E+00 4.0223E-08 4.89E-06 6.43E-06   0.237 1.0000 6.8340E-06   1090.840
13781.00 0.74357682 3.1582E-32 0.0000E+00 0.0000E+00 3.9041E-08 3.9041E-08 0.0000E+00 0.0000E+00 3.9041E-08 4.64E-06 6.41E-06   0.296 1.0000 6.9166E-06   1089.714
13791.00 0.77552605 2.7397E-32 0.0000E+00 0.0000E+00 4.0037E-08 4.0037E-08 0.0000E+00 0.0000E+00 4.0037E-08 4.83E-06 6.43E-06   0.254 1.0000 6.8767E-06   1091.886
13801.00 0.74097168 2.7892E-32 0.0000E+00 0.0000E+00 3.8781E-08 3.8781E-08 0.0000E+00 0.0000E+00 3.8781E-08 4.62E-06 6.34E-06   0.300 1.0000 6.8804E-06   1090.633
13811.00 0.76155156 2.4900E-32 0.0000E+00 0.0000E+00 3.9635E-08 3.9635E-08 0.0000E+00 0.0000E+00 3.9635E-08 4.77E-06 6.39E-06   0.272 1.0000 6.8949E-06   1092.601
13821.00 0.72052234 2.7633E-32 0.0000E+00 0.0000E+00 3.8572E-08 3.8572E-08 0.0000E+00 0.0000E+00 3.8572E-08 4.49E-06 6.37E-06   0.328 1.0000 6.9471E-06   1091.630
13831.00 0.82978588 1.7195E-32 0.0000E+00 0.0000E+00 4.2096E-08 4.2096E-08 0.0000E+00 0.0000E+00 4.2096E-08 5.24E-06 6.49E-06   0.187 1.0000 6.8800E-06   1097.556
13841.00 0.84557635 1.4816E-32 0.0000E+00 0.0000E+00 4.1333E-08 4.1333E-08 0.0000E+00 0.0000E+00 4.1333E-08 5.20E-06 6.29E-06   0.168 1.0000 6.6572E-06   1097.111
13851.00 0.84843898 1.4119E-32 0.0000E+00 0.0000E+00 4.2793E-08 4.2793E-08 0.0000E+00 0.0000E+00 4.2793E-08 5.36E-06 6.50E-06   0.164 1.0000 6.8689E-06   1099.876
13861.00 0.85124481 1.3147E-32 0.0000E+00 0.0000E+00 4.2810E-08 4.2810E-08 0.0000E+00 0.0000E+00 4.2810E-08 5.37E-06 6.48E-06   0.161 1.0000 6.8448E-06   1100.563
13871.00 0.76697987 1.8033E-32 0.0000E+00 0.0000E+00 3.8478E-08 3.8478E-08 0.0000E+00 0.0000E+00 3.8478E-08 4.59E-06 6.11E-06   0.265 1.0000 6.6067E-06   1094.780
13881.00 0.69209695 2.1964E-32 0.0000E+00 0.0000E+00 3.7273E-08 3.7273E-08 0.0000E+00 0.0000E+00 3.7273E-08 4.22E-06 6.22E-06   0.368 1.0000 6.8443E-06   1093.532
13891.00 0.72029334 2.0044E-32 0.0000E+00 0.0000E+00 3.8106E-08 3.8106E-08 0.0000E+00 0.0000E+00 3.8106E-08 4.35E-06 6.24E-06   0.328 1.0000 6.7708E-06   1095.515
13901.00 0.70748305 1.9551E-32 0.0000E+00 0.0000E+00 3.6818E-08 3.6818E-08 0.0000E+00 0.0000E+00 3.6818E-08 4.17E-06 6.06E-06   0.346 1.0000 6.6271E-06   1094.112
13911.00 0.67034239 1.9959E-32 0.0000E+00 0.0000E+00 3.5355E-08 3.5355E-08 0.0000E+00 0.0000E+00 3.5355E-08 3.92E-06 5.95E-06   0.400 1.0000 6.5880E-06   1092.348
13921.00 0.74434084 1.5203E-32 0.0000E+00 0.0000E+00 3.8403E-08 3.8403E-08 0.0000E+00 0.0000E+00 3.8403E-08 4.48E-06 6.14E-06   0.295 1.0000 6.6696E-06   1097.959
13931.00 0.71982962 1.6492E-32 0.0000E+00 0.0000E+00 3.8538E-08 3.8538E-08 0.0000E+00 0.0000E+00 3.8538E-08 4.37E-06 6.28E-06   0.329 1.0000 6.7975E-06   1098.829
13941.00 0.73502499 1.5376E-32 0.0000E+00 0.0000E+00 3.9968E-08 3.9968E-08 0.0000E+00 0.0000E+00 3.9968E-08 4.54E-06 6.43E-06   0.308 1.0000 6.9216E-06   1101.689
13951.00 0.81076694 1.0795E-32 0.0000E+00 0.0000E+00 4.0832E-08 4.0832E-08 0.0000E+00 0.0000E+00 4.0832E-08 4.88E-06 6.25E-06   0.210 1.0000 6.6387E-06   1103.646
13961.00 0.87008232 7.1036E-33 0.0000E+00 0.0000E+00 4.3938E-08 4.3938E-08 0.0000E+00 0.0000E+00 4.3938E-08 5.47E-06 6.47E-06   0.139 1.0000 6.8145E-06   1108.775
13971.00 0.88048279 6.1843E-33 0.0000E+00 0.0000E+00 4.4499E-08 4.4499E-08 0.0000E+00 0.0000E+00 4.4499E-08 5.58E-06 6.50E-06   0.127 1.0000 6.8419E-06   1110.215
13981.00 0.87521690 6.1382E-33 0.0000E+00 0.0000E+00 4.3161E-08 4.3161E-08 0.0000E+00 0.0000E+00 4.3161E-08 5.38E-06 6.32E-06   0.133 1.0000 6.6525E-06   1109.008
13991.00 0.88366002 5.4207E-33 0.0000E+00 0.0000E+00 4.3796E-08 4.3796E-08 0.0000E+00 0.0000E+00 4.3796E-08 5.49E-06 6.37E-06   0.124 1.0000 6.6990E-06   1110.565
14001.00 0.88771999 4.9641E-33 0.0000E+00 0.0000E+00 4.5281E-08 4.5281E-08 0.0000E+00 0.0000E+00 4.5281E-08 5.68E-06 6.56E-06   0.119 1.0000 6.8966E-06   1113.274
14011.00 0.89100462 4.5726E-33 0.0000E+00 0.0000E+00 4.5217E-08 4.5217E-08 0.0000E+00 0.0000E+00 4.5217E-08 5.67E-06 6.52E-06   0.115 1.0000 6.8603E-06   1113.851
14021.00 0.88758457 4.4999E-33 0.0000E+00 0.0000E+00 4.4160E-08 4.4160E-08 0.0000E+00 0.0000E+00 4.4160E-08 5.52E-06 6.37E-06   0.119 1.0000 6.7046E-06   1113.059
14031.00 0.89322221 4.0496E-33 0.0000E+00 0.0000E+00 4.5074E-08 4.5074E-08 0.0000E+00 0.0000E+00 4.5074E-08 5.65E-06 6.47E-06   0.113 1.0000 6.8054E-06   1114.981
14041.00 0.89148498 3.9116E-33 0.0000E+00 0.0000E+00 4.5012E-08 4.5012E-08 0.0000E+00 0.0000E+00 4.5012E-08 5.62E-06 6.46E-06   0.115 1.0000 6.7943E-06   1115.561
14051.00 0.89312410 3.6621E-33 0.0000E+00 0.0000E+00 4.5080E-08 4.5080E-08 0.0000E+00 0.0000E+00 4.5080E-08 5.63E-06 6.45E-06   0.113 1.0000 6.7860E-06   1116.316
14061.00 0.88989460 3.5968E-33 0.0000E+00 0.0000E+00 4.5147E-08 4.5147E-08 0.0000E+00 0.0000E+00 4.5147E-08 5.61E-06 6.46E-06   0.117 1.0000 6.8011E-06   1117.070
14071.00 0.88823372 3.4765E-33 0.0000E+00 0.0000E+00 4.5906E-08 4.5906E-08 0.0000E+00 0.0000E+00 4.5906E-08 5.69E-06 6.57E-06   0.119 1.0000 6.9130E-06   1118.762
14081.00 0.88671273 3.3560E-33 0.0000E+00 0.0000E+00 4.5987E-08 4.5987E-08 0.0000E+00 0.0000E+00 4.5987E-08 5.68E-06 6.58E-06   0.120 1.0000 6.9222E-06   1119.535
14091.00 0.88921183 3.1175E-33 0.0000E+00 0.0000E+00 4.5651E-08 4.5651E-08 0.0000E+00 0.0000E+00 4.5651E-08 5.64E-06 6.51E-06   0.117 1.0000 6.8480E-06   1119.744
14101.00 0.88651603 3.0371E-33 0.0000E+00 0.0000E+00 4.5098E-08 4.5098E-08 0.0000E+00 0.0000E+00 4.5098E-08 5.56E-06 6.43E-06   0.120 1.0000 6.7686E-06   1119.655
14111.00 0.89082050 2.7730E-33 0.0000E+00 0.0000E+00 4.5115E-08 4.5115E-08 0.0000E+00 0.0000E+00 4.5115E-08 5.57E-06 6.40E-06   0.116 1.0000 6.7405E-06   1120.340
14121.00 0.87984383 2.9181E-33 0.0000E+00 0.0000E+00 4.6120E-08 4.6120E-08 0.0000E+00 0.0000E+00 4.6120E-08 5.64E-06 6.58E-06   0.128 1.0000 6.9338E-06   1122.367
14131.00 0.88313687 2.6997E-33 0.0000E+00 0.0000E+00 4.6150E-08 4.6150E-08 0.0000E+00 0.0000E+00 4.6150E-08 5.64E-06 6.56E-06   0.124 1.0000 6.9114E-06   1123.070
14141.00 0.88710994 2.4698E-33 0.0000E+00 0.0000E+00 4.4724E-08 4.4724E-08 0.0000E+00 0.0000E+00 4.4724E-08 5.48E-06 6.33E-06   0.120 1.0000 6.6690E-06   1121.788
14151.00 0.87722176 2.5670E-33 0.0000E+00 0.0000E+00 4.5594E-08 4.5594E-08 0.0000E+00 0.0000E+00 4.5594E-08 5.53E-06 6.48E-06   0.131 1.0000 6.8364E-06   1123.644
14161.00 0.87777972 2.4259E-33 0.0000E+00 0.0000E+00 4.5611E-08 4.5611E-08 0.0000E+00 0.0000E+00 4.5611E-08 5.53E-06 6.47E-06   0.130 1.0000 6.8263E-06   1124.329
14171.00 0.87233967 2.4094E-33 0.0000E+00 0.0000E+00 4.5469E-08 4.5469E-08 0.0000E+00 0.0000E+00 4.5469E-08 5.48E-06 6.46E-06   0.137 1.0000 6.8218E-06   1124.799
14181.00 0.86945647 2.3555E-33 0.0000E+00 0.0000E+00 4.6077E-08 4.6077E-08 0.0000E+00 0.0000E+00 4.6077E-08 5.53E-06 6.55E-06   0.140 1.0000 6.9162E-06   1126.286
14191.00 0.88529724 1.9538E-33 0.0000E+00 0.0000E+00 4.6569E-08 4.6569E-08 0.0000E+00 0.0000E+00 4.6569E-08 5.65E-06 6.55E-06   0.122 1.0000 6.9005E-06   1127.610
14201.00 0.85876477 2.2862E-33 0.0000E+00 0.0000E+00 4.5127E-08 4.5127E-08 0.0000E+00 0.0000E+00 4.5127E-08 5.37E-06 6.43E-06   0.152 1.0000 6.8083E-06   1126.316
14211.00 0.88580930 1.7559E-33 0.0000E+00 0.0000E+00 4.6042E-08 4.6042E-08 0.0000E+00 0.0000E+00 4.6042E-08 5.57E-06 6.45E-06   0.121 1.0000 6.7993E-06   1128.226
14221.00 0.86943293 1.9027E-33 0.0000E+00 0.0000E+00 4.5560E-08 4.5560E-08 0.0000E+00 0.0000E+00 4.5560E-08 5.44E-06 6.43E-06   0.140 1.0000 6.7995E-06   1128.234
14231.00 0.84816384 2.1206E-33 0.0000E+00 0.0000E+00 4.4189E-08 4.4189E-08 0.0000E+00 0.0000E+00 4.4189E-08 5.19E-06 6.31E-06   0.165 1.0000 6.6909E-06   1126.998
14241.00 0.86164123 1.8343E-33 0.0000E+00 0.0000E+00 4.5021E-08 4.5021E-08 0.0000E+00 0.0000E+00 4.5021E-08 5.33E-06 6.36E-06   0.149 1.0000 6.7352E-06   1128.818
14251.00 0.85254300 1.8617E-33 0.0000E+00 0.0000E+00 4.3798E-08 4.3798E-08 0.0000E+00 0.0000E+00 4.3798E-08 5.15E-06 6.21E-06   0.160 1.0000 6.5845E-06   1127.768
14261.00 0.86453950 1.6331E-33 0.0000E+00 0.0000E+00 4.5398E-08 4.5398E-08 0.0000E+00 0.0000E+00 4.5398E-08 5.36E-06 6.39E-06   0.146 1.0000 6.7582E-06   1130.660
14271.00 0.84386295 1.7910E-33 0.0000E+00 0.0000E+00 4.4497E-08 4.4497E-08 0.0000E+00 0.0000E+00 4.4497E-08 5.17E-06 6.33E-06   0.170 1.0000 6.7184E-06   1130.073
14281.00 0.86096591 1.5039E-33 0.0000E+00 0.0000E+00 4.5155E-08 4.5155E-08 0.0000E+00 0.0000E+00 4.5155E-08 5.31E-06 6.35E-06   0.150 1.0000 6.7221E-06   1131.649
 -9999.
