T F 2    2    2    1    2    2    2    2    2    2    1    0    0 294.200   0.40
    1    1    1    0   18    0  50.00000   0.00000   0.00000   0.00000   0.00000
   1.000  10.000   0.140
 -99.00000 -99.00000 -99.00000  2.922432  0.000710 ! H2O & O3 COLUMNS [GM/CM2]
   40MID-LATITUDE SUMMER 
  20.00000   0.00000 180.00000  20.00000   0.00000   0.00000    0        0.00000
    0    2    1    0
   0.00000   0.00000   0.00000  70.00331   0.00000 270.00000   0.00000   0.00000
    9091.0   14286.0      10.0      10.0RN              
    0   0    0.000  0    0.000  0    1.000
    FREQ  TOT_TRANS  PTH_THRML  THRML_SCT  SURF_EMIS   SOL_SCAT  SING_SCAT  GRND_RFLT  DRCT_RFLT  TOTAL_RAD  REF_SOL  SOL@OBS   DEPTH DIR_EM    TOA_SUN BBODY_T[K]
 9091.00 0.64111340 5.5923E-21            1.6921E-20 3.0179E-08 7.4109E-09 1.1735E-07 7.6009E-08 1.4753E-07 1.74E-06 7.37E-06   0.445 0.6000 7.3883E-06    837.491
 9101.00 0.67497361 4.8196E-21            1.7012E-20 3.3268E-08 7.3883E-09 1.3101E-07 8.3297E-08 1.6428E-07 1.91E-06 7.19E-06   0.393 0.6000 7.2084E-06    844.045
 9111.00 0.71581656 3.9096E-21            1.7221E-20 4.0469E-08 7.6402E-09 1.6090E-07 1.0005E-07 2.0136E-07 2.29E-06 7.21E-06   0.334 0.6000 7.2268E-06    856.022
 9121.00 0.71566683 3.6822E-21            1.6490E-20 4.0571E-08 7.6332E-09 1.6102E-07 9.9969E-08 2.0159E-07 2.29E-06 7.19E-06   0.335 0.6000 7.2128E-06    856.841
 9131.00 0.70739853 3.6585E-21            1.5550E-20 3.8837E-08 7.5492E-09 1.5331E-07 9.5330E-08 1.9215E-07 2.19E-06 7.15E-06   0.346 0.6000 7.1706E-06    854.918
 9141.00 0.74992412 2.9173E-21            1.5745E-20 4.2932E-08 7.4578E-09 1.7187E-07 1.0594E-07 2.1480E-07 2.43E-06 6.86E-06   0.288 0.6000 6.8786E-06    861.921
 9151.00 0.70955276 3.2842E-21            1.4241E-20 4.1614E-08 7.7687E-09 1.6422E-07 1.0223E-07 2.0583E-07 2.34E-06 7.30E-06   0.343 0.6000 7.3243E-06    860.275
 9161.00 0.78819394 2.1027E-21            1.5111E-20 5.3999E-08 8.2660E-09 2.1606E-07 1.3106E-07 2.7006E-07 3.00E-06 7.38E-06   0.238 0.6000 7.4023E-06    876.582
 9171.00 0.73951143 2.6028E-21            1.3550E-20 4.6441E-08 8.0838E-09 1.8507E-07 1.1403E-07 2.3151E-07 2.61E-06 7.44E-06   0.302 0.6000 7.4596E-06    868.453
 9181.00 0.76113915 2.2662E-21            1.3319E-20 4.8120E-08 8.0602E-09 1.9245E-07 1.1803E-07 2.4057E-07 2.71E-06 7.32E-06   0.273 0.6000 7.3374E-06    871.415
 9191.00 0.78584266 1.8628E-21            1.3142E-20 5.2787E-08 8.1853E-09 2.1081E-07 1.2788E-07 2.6360E-07 2.93E-06 7.29E-06   0.241 0.6000 7.3153E-06    877.468
 9201.00 0.75330359 2.1410E-21            1.2042E-20 4.6871E-08 7.9448E-09 1.8677E-07 1.1477E-07 2.3365E-07 2.63E-06 7.21E-06   0.283 0.6000 7.2365E-06    871.259
 9211.00 0.75718492 2.0030E-21            1.1547E-20 4.9567E-08 8.2712E-09 1.9709E-07 1.2065E-07 2.4666E-07 2.77E-06 7.48E-06   0.278 0.6000 7.5017E-06    875.140
 9221.00 0.77494138 1.7394E-21            1.1304E-20 5.1433E-08 8.2974E-09 2.0498E-07 1.2484E-07 2.5641E-07 2.86E-06 7.42E-06   0.255 0.6000 7.4389E-06    878.151
 9231.00 0.77266604 1.6751E-21            1.0758E-20 5.0649E-08 8.1070E-09 2.0193E-07 1.2316E-07 2.5258E-07 2.82E-06 7.23E-06   0.258 0.6000 7.2538E-06    878.040
 9241.00 0.79283279 1.4039E-21            1.0555E-20 5.3979E-08 8.2079E-09 2.1491E-07 1.2994E-07 2.6889E-07 2.98E-06 7.22E-06   0.232 0.6000 7.2418E-06    882.451
 9251.00 0.77531677 1.5101E-21            9.8589E-21 5.1595E-08 8.2713E-09 2.0572E-07 1.2547E-07 2.5732E-07 2.88E-06 7.34E-06   0.254 0.6000 7.3662E-06    880.646
 9261.00 0.78490990 1.3515E-21            9.5310E-21 5.4539E-08 8.4512E-09 2.1704E-07 1.3163E-07 2.7158E-07 3.02E-06 7.44E-06   0.242 0.6000 7.4664E-06    884.564
 9271.00 0.79963350 1.1632E-21            9.2811E-21 5.6252E-08 8.3939E-09 2.2348E-07 1.3465E-07 2.7974E-07 3.09E-06 7.32E-06   0.224 0.6000 7.3400E-06    887.071
 9281.00 0.77395207 1.3188E-21            8.5802E-21 5.2886E-08 8.4525E-09 2.0959E-07 1.2722E-07 2.6248E-07 2.92E-06 7.48E-06   0.256 0.6000 7.5074E-06    884.094
 9291.00 0.80278802 1.0294E-21            8.5029E-21 5.8221E-08 8.5991E-09 2.3096E-07 1.3879E-07 2.8918E-07 3.18E-06 7.46E-06   0.220 0.6000 7.4866E-06    890.569
 9301.00 0.78998214 1.0809E-21            7.9965E-21 5.4300E-08 8.3556E-09 2.1583E-07 1.3061E-07 2.7013E-07 2.99E-06 7.30E-06   0.236 0.6000 7.3267E-06    887.309
 9311.00 0.79707974 9.7720E-22            7.7034E-21 5.6903E-08 8.5513E-09 2.2592E-07 1.3612E-07 2.8283E-07 3.12E-06 7.43E-06   0.227 0.6000 7.4561E-06    890.784
 9321.00 0.79506660 9.4299E-22            7.3440E-21 5.5243E-08 8.4122E-09 2.1892E-07 1.3174E-07 2.7416E-07 3.02E-06 7.33E-06   0.229 0.6000 7.3505E-06    889.710
 9331.00 0.79677677 8.8644E-22            7.0293E-21 5.6615E-08 8.5782E-09 2.2441E-07 1.3487E-07 2.8102E-07 3.09E-06 7.46E-06   0.227 0.6000 7.4831E-06    891.937
 9341.00 0.79675931 8.4027E-22            6.7167E-21 5.6392E-08 8.5429E-09 2.2351E-07 1.3424E-07 2.7991E-07 3.08E-06 7.43E-06   0.227 0.6000 7.4501E-06    892.466
 9351.00 0.79172677 8.3024E-22            6.3750E-21 5.2946E-08 8.1787E-09 2.1000E-07 1.2636E-07 2.6295E-07 2.90E-06 7.13E-06   0.234 0.6000 7.1583E-06    889.540
 9361.00 0.79539764 7.5881E-22            6.1191E-21 5.5314E-08 8.4443E-09 2.1954E-07 1.3173E-07 2.7485E-07 3.02E-06 7.35E-06   0.229 0.6000 7.3810E-06    892.916
 9371.00 0.79390532 7.3166E-22            5.8344E-21 5.5717E-08 8.5572E-09 2.2102E-07 1.3266E-07 2.7674E-07 3.04E-06 7.45E-06   0.231 0.6000 7.4787E-06    894.086
 9381.00 0.79581517 6.8568E-22            5.5874E-21 5.5959E-08 8.5385E-09 2.2183E-07 1.3297E-07 2.7779E-07 3.05E-06 7.42E-06   0.228 0.6000 7.4430E-06    895.076
 9391.00 0.79434049 6.6358E-22            5.3277E-21 5.6622E-08 8.6900E-09 2.2412E-07 1.3433E-07 2.8074E-07 3.08E-06 7.54E-06   0.230 0.6000 7.5710E-06    896.468
 9401.00 0.79694062 6.2289E-22            5.1064E-21 5.6991E-08 8.6631E-09 2.2539E-07 1.3498E-07 2.8238E-07 3.09E-06 7.49E-06   0.227 0.6000 7.5142E-06    897.578
 9411.00 0.79656303 6.0001E-22            4.8758E-21 5.6887E-08 8.6615E-09 2.2453E-07 1.3444E-07 2.8141E-07 3.08E-06 7.47E-06   0.227 0.6000 7.4958E-06    898.138
 9421.00 0.79873902 5.6507E-22            4.6707E-21 5.7440E-08 8.6757E-09 2.2648E-07 1.3551E-07 2.8392E-07 3.11E-06 7.45E-06   0.225 0.6000 7.4780E-06    899.433
 9431.00 0.79947978 5.3800E-22            4.4661E-21 5.7437E-08 8.6522E-09 2.2618E-07 1.3527E-07 2.8362E-07 3.10E-06 7.41E-06   0.224 0.6000 7.4376E-06    900.132
 9441.00 0.80005950 5.1319E-22            4.2696E-21 5.7543E-08 8.6511E-09 2.2628E-07 1.3528E-07 2.8383E-07 3.10E-06 7.39E-06   0.223 0.6000 7.4170E-06    900.941
 9451.00 0.80112302 4.8850E-22            4.0841E-21 5.8197E-08 8.7148E-09 2.2849E-07 1.3654E-07 2.8669E-07 3.13E-06 7.42E-06   0.222 0.6000 7.4469E-06    902.307
 9461.00 0.80251580 4.6387E-22            3.9083E-21 5.9658E-08 8.8871E-09 2.3386E-07 1.3968E-07 2.9352E-07 3.20E-06 7.54E-06   0.220 0.6000 7.5672E-06    904.484
 9471.00 0.80354714 4.4136E-22            3.7384E-21 6.0096E-08 8.9177E-09 2.3519E-07 1.4041E-07 2.9528E-07 3.22E-06 7.54E-06   0.219 0.6000 7.5686E-06    905.609
 9481.00 0.80458319 4.1849E-22            3.5759E-21 6.0469E-08 8.9380E-09 2.3629E-07 1.4100E-07 2.9675E-07 3.23E-06 7.54E-06   0.217 0.6000 7.5627E-06    906.674
 9491.00 0.80538237 3.9828E-22            3.4194E-21 6.0314E-08 8.8890E-09 2.3537E-07 1.4040E-07 2.9568E-07 3.22E-06 7.48E-06   0.216 0.6000 7.5010E-06    907.221
 9501.00 0.80571318 3.8043E-22            3.2679E-21 6.0846E-08 8.9578E-09 2.3714E-07 1.4142E-07 2.9799E-07 3.24E-06 7.52E-06   0.216 0.6000 7.5429E-06    908.456
 9511.00 0.80617124 3.6309E-22            3.1235E-21 6.1144E-08 8.9872E-09 2.3797E-07 1.4186E-07 2.9912E-07 3.25E-06 7.52E-06   0.215 0.6000 7.5499E-06    909.449
 9521.00 0.80660820 3.4588E-22            2.9854E-21 6.1317E-08 8.9999E-09 2.3842E-07 1.4208E-07 2.9974E-07 3.26E-06 7.52E-06   0.215 0.6000 7.5456E-06    910.340
 9531.00 0.80681455 3.3006E-22            2.8526E-21 6.1585E-08 9.0345E-09 2.3922E-07 1.4251E-07 3.0081E-07 3.27E-06 7.53E-06   0.215 0.6000 7.5615E-06    911.322
 9541.00 0.80737048 3.1516E-22            2.7269E-21 6.1892E-08 9.0610E-09 2.4000E-07 1.4292E-07 3.0189E-07 3.28E-06 7.54E-06   0.214 0.6000 7.5625E-06    912.305
 9551.00 0.80748737 3.0109E-22            2.6053E-21 6.1431E-08 8.9917E-09 2.3796E-07 1.4166E-07 2.9939E-07 3.25E-06 7.47E-06   0.214 0.6000 7.4917E-06    912.566
 9561.00 0.80761933 2.8752E-22            2.4892E-21 6.0897E-08 8.9116E-09 2.3565E-07 1.4024E-07 2.9655E-07 3.21E-06 7.39E-06   0.214 0.6000 7.4123E-06    912.753
 9571.00 0.80759943 2.7492E-22            2.3778E-21 6.2108E-08 9.0923E-09 2.4010E-07 1.4285E-07 3.0221E-07 3.27E-06 7.52E-06   0.214 0.6000 7.5504E-06    914.665
 9581.00 0.80780065 2.6230E-22            2.2719E-21 6.2337E-08 9.1211E-09 2.4074E-07 1.4319E-07 3.0308E-07 3.28E-06 7.54E-06   0.213 0.6000 7.5610E-06    915.605
 9591.00 0.80763716 2.5098E-22            2.1699E-21 6.1948E-08 9.0732E-09 2.3902E-07 1.4212E-07 3.0096E-07 3.26E-06 7.49E-06   0.214 0.6000 7.5108E-06    915.945
 9601.00 0.80736357 2.4034E-22            2.0721E-21 6.2505E-08 9.1680E-09 2.4095E-07 1.4324E-07 3.0346E-07 3.28E-06 7.55E-06   0.214 0.6000 7.5795E-06    917.211
 9611.00 0.80757141 2.2921E-22            1.9798E-21 6.2272E-08 9.1292E-09 2.3984E-07 1.4253E-07 3.0212E-07 3.27E-06 7.51E-06   0.214 0.6000 7.5350E-06    917.707
 9621.00 0.80748636 2.1916E-22            1.8910E-21 6.2282E-08 9.1365E-09 2.3965E-07 1.4238E-07 3.0193E-07 3.26E-06 7.50E-06   0.214 0.6000 7.5299E-06    918.434
 9631.00 0.80737001 2.0965E-22            1.8061E-21 6.2288E-08 9.1447E-09 2.3943E-07 1.4220E-07 3.0171E-07 3.26E-06 7.50E-06   0.214 0.6000 7.5249E-06    919.154
 9641.00 0.80726379 2.0028E-22            1.7251E-21 6.1918E-08 9.0973E-09 2.3782E-07 1.4121E-07 2.9974E-07 3.24E-06 7.45E-06   0.214 0.6000 7.4759E-06    919.519
 9651.00 0.80700165 1.9195E-22            1.6473E-21 6.2871E-08 9.2502E-09 2.4120E-07 1.4319E-07 3.0407E-07 3.28E-06 7.56E-06   0.214 0.6000 7.5893E-06    921.159
 9661.00 0.80745989 1.8275E-22            1.5745E-21 6.2351E-08 9.1598E-09 2.3895E-07 1.4179E-07 3.0131E-07 3.25E-06 7.47E-06   0.214 0.6000 7.4997E-06    921.365
 9671.00 0.80684763 1.7548E-22            1.5029E-21 6.2265E-08 9.1721E-09 2.3838E-07 1.4143E-07 3.0065E-07 3.24E-06 7.48E-06   0.215 0.6000 7.5015E-06    921.995
 9681.00 0.80681419 1.6773E-22            1.4355E-21 6.2165E-08 9.1610E-09 2.3776E-07 1.4102E-07 2.9993E-07 3.23E-06 7.45E-06   0.215 0.6000 7.4807E-06    922.613
 9691.00 0.80613220 1.6106E-22            1.3701E-21 6.2928E-08 9.3008E-09 2.4045E-07 1.4259E-07 3.0338E-07 3.27E-06 7.56E-06   0.216 0.6000 7.5873E-06    924.076
 9701.00 0.80557245 1.5467E-22            1.3078E-21 6.2749E-08 9.2982E-09 2.3951E-07 1.4201E-07 3.0226E-07 3.25E-06 7.55E-06   0.216 0.6000 7.5768E-06    924.614
 9711.00 0.80569208 1.4755E-22            1.2494E-21 6.2717E-08 9.2935E-09 2.3918E-07 1.4175E-07 3.0189E-07 3.25E-06 7.53E-06   0.216 0.6000 7.5604E-06    925.303
 9721.00 0.80310982 1.4390E-22            1.1896E-21 6.2097E-08 9.2951E-09 2.3656E-07 1.4026E-07 2.9866E-07 3.22E-06 7.54E-06   0.219 0.6000 7.5664E-06    925.406
 9731.00 0.80052596 1.4015E-22            1.1328E-21 6.1817E-08 9.3422E-09 2.3530E-07 1.3962E-07 2.9712E-07 3.20E-06 7.58E-06   0.222 0.6000 7.6088E-06    925.852
 9741.00 0.80372560 1.3061E-22            1.0863E-21 6.2653E-08 9.3631E-09 2.3827E-07 1.4117E-07 3.0092E-07 3.24E-06 7.57E-06   0.218 0.6000 7.5946E-06    927.395
 9751.00 0.80334139 1.2513E-22            1.0371E-21 6.2685E-08 9.3880E-09 2.3818E-07 1.4108E-07 3.0087E-07 3.23E-06 7.58E-06   0.219 0.6000 7.6062E-06    928.147
 9761.00 0.80067533 1.2183E-22            9.8757E-22 6.1991E-08 9.3658E-09 2.3533E-07 1.3951E-07 2.9732E-07 3.20E-06 7.56E-06   0.222 0.6000 7.5918E-06    928.183
 9771.00 0.79484993 1.2173E-22            9.3620E-22 6.0529E-08 9.3500E-09 2.2949E-07 1.3623E-07 2.9001E-07 3.12E-06 7.58E-06   0.230 0.6000 7.6047E-06    927.419
 9781.00 0.80246258 1.0971E-22            9.0292E-22 6.2007E-08 9.3183E-09 2.3495E-07 1.3909E-07 2.9696E-07 3.19E-06 7.49E-06   0.220 0.6000 7.5202E-06    929.631
 9791.00 0.80232269 1.0498E-22            8.6229E-22 6.1933E-08 9.3227E-09 2.3443E-07 1.3871E-07 2.9636E-07 3.18E-06 7.49E-06   0.220 0.6000 7.5133E-06    930.270
 9801.00 0.80276960 9.9830E-23            8.2418E-22 6.2310E-08 9.3628E-09 2.3565E-07 1.3938E-07 2.9796E-07 3.19E-06 7.50E-06   0.220 0.6000 7.5312E-06    931.362
 9811.00 0.79635596 9.9985E-23            7.8088E-22 6.0114E-08 9.2259E-09 2.2676E-07 1.3423E-07 2.8687E-07 3.08E-06 7.42E-06   0.228 0.6000 7.4494E-06    929.795
 9821.00 0.80453104 8.9889E-23            7.5360E-22 6.3021E-08 9.4162E-09 2.3791E-07 1.4057E-07 3.0093E-07 3.22E-06 7.51E-06   0.217 0.6000 7.5386E-06    933.497
 9831.00 0.80150872 8.7913E-23            7.1710E-22 6.2336E-08 9.4257E-09 2.3507E-07 1.3896E-07 2.9740E-07 3.19E-06 7.53E-06   0.221 0.6000 7.5540E-06    933.533
 9841.00 0.80319607 8.2873E-23            6.8643E-22 6.2745E-08 9.4270E-09 2.3650E-07 1.3974E-07 2.9924E-07 3.20E-06 7.50E-06   0.219 0.6000 7.5312E-06    934.674
 9851.00 0.80004919 8.1074E-23            6.5308E-22 6.1872E-08 9.4113E-09 2.3300E-07 1.3777E-07 2.9487E-07 3.16E-06 7.50E-06   0.223 0.6000 7.5270E-06    934.528
 9861.00 0.80199057 7.6342E-23            6.2527E-22 6.2935E-08 9.5100E-09 2.3667E-07 1.3975E-07 2.9960E-07 3.20E-06 7.55E-06   0.221 0.6000 7.5825E-06    936.272
 9871.00 0.80244803 7.2605E-23            5.9764E-22 6.3227E-08 9.5388E-09 2.3759E-07 1.4026E-07 3.0082E-07 3.21E-06 7.56E-06   0.220 0.6000 7.5902E-06    937.283
 9881.00 0.79748225 7.1956E-23            5.6729E-22 6.1926E-08 9.5163E-09 2.3243E-07 1.3738E-07 2.9436E-07 3.15E-06 7.56E-06   0.226 0.6000 7.5923E-06    936.703
 9891.00 0.80113661 6.6937E-23            5.4436E-22 6.3008E-08 9.5633E-09 2.3628E-07 1.3943E-07 2.9928E-07 3.20E-06 7.57E-06   0.222 0.6000 7.5945E-06    938.490
 9901.00 0.79009151 6.9139E-23            5.1285E-22 6.0141E-08 9.5117E-09 2.2543E-07 1.3357E-07 2.8557E-07 3.06E-06 7.58E-06   0.236 0.6000 7.6106E-06    936.355
 9911.00 0.78916395 6.6516E-23            4.8912E-22 5.9887E-08 9.4925E-09 2.2407E-07 1.3270E-07 2.8395E-07 3.04E-06 7.56E-06   0.237 0.6000 7.5896E-06    936.765
 9921.00 0.79607892 6.0560E-23            4.7135E-22 6.1915E-08 9.5720E-09 2.3139E-07 1.3662E-07 2.9330E-07 3.13E-06 7.57E-06   0.228 0.6000 7.5966E-06    939.522
 9931.00 0.80049247 5.5993E-23            4.5271E-22 6.2774E-08 9.5647E-09 2.3445E-07 1.3818E-07 2.9722E-07 3.17E-06 7.52E-06   0.223 0.6000 7.5522E-06    941.105
 9941.00 0.79841542 5.4303E-23            4.3131E-22 6.0255E-08 9.2475E-09 2.2486E-07 1.3261E-07 2.8511E-07 3.04E-06 7.27E-06   0.225 0.6000 7.3019E-06    939.292
 9951.00 0.79814500 5.2044E-23            4.1181E-22 5.8979E-08 9.0653E-09 2.1977E-07 1.2956E-07 2.7875E-07 2.97E-06 7.12E-06   0.225 0.6000 7.1481E-06    938.659
 9961.00 0.79595059 5.0475E-23            3.9222E-22 6.1397E-08 9.5021E-09 2.2846E-07 1.3469E-07 2.8985E-07 3.09E-06 7.47E-06   0.228 0.6000 7.4944E-06    941.829
 9971.00 0.79616129 4.8115E-23            3.7483E-22 6.2033E-08 9.6122E-09 2.3075E-07 1.3607E-07 2.9278E-07 3.12E-06 7.54E-06   0.228 0.6000 7.5675E-06    943.212
 9981.00 0.78135568 5.1064E-23            3.5124E-22 5.8726E-08 9.5969E-09 2.1860E-07 1.2992E-07 2.7733E-07 2.98E-06 7.60E-06   0.247 0.6000 7.6271E-06    940.618
 9991.00 0.79985100 4.2764E-23            3.4347E-22 6.3656E-08 9.7386E-09 2.3629E-07 1.3902E-07 2.9994E-07 3.19E-06 7.59E-06   0.223 0.6000 7.6202E-06    946.233
10001.00 0.79516661 4.2301E-23            3.2615E-22 6.2110E-08 9.6679E-09 2.3023E-07 1.3561E-07 2.9234E-07 3.11E-06 7.55E-06   0.229 0.6000 7.5822E-06    945.395
10011.00 0.79759902 3.9705E-23            3.1245E-22 6.2939E-08 9.7183E-09 2.3318E-07 1.3722E-07 2.9612E-07 3.15E-06 7.57E-06   0.226 0.6000 7.5949E-06    946.954
10021.00 0.79868507 3.7565E-23            2.9884E-22 6.3506E-08 9.7625E-09 2.3510E-07 1.3825E-07 2.9860E-07 3.17E-06 7.58E-06   0.225 0.6000 7.6120E-06    948.232
10031.00 0.79897469 3.5836E-23            2.8554E-22 6.3654E-08 9.7801E-09 2.3529E-07 1.3827E-07 2.9895E-07 3.17E-06 7.58E-06   0.224 0.6000 7.6128E-06    949.064
10041.00 0.79778659 3.4563E-23            2.7233E-22 6.3209E-08 9.7636E-09 2.3341E-07 1.3717E-07 2.9662E-07 3.14E-06 7.57E-06   0.226 0.6000 7.5964E-06    949.337
10051.00 0.79963601 3.2506E-23            2.6070E-22 6.3873E-08 9.7960E-09 2.3569E-07 1.3838E-07 2.9957E-07 3.17E-06 7.57E-06   0.224 0.6000 7.5992E-06    950.713
10061.00 0.79603684 3.1903E-23            2.4789E-22 6.2996E-08 9.7971E-09 2.3210E-07 1.3635E-07 2.9509E-07 3.13E-06 7.58E-06   0.228 0.6000 7.6105E-06    950.531
10071.00 0.77740681 3.4615E-23            2.3121E-22 5.8607E-08 9.6688E-09 2.1494E-07 1.2692E-07 2.7355E-07 2.91E-06 7.57E-06   0.252 0.6000 7.6024E-06    946.579
10081.00 0.79357702 2.9676E-23            2.2542E-22 6.2198E-08 9.7721E-09 2.2866E-07 1.3436E-07 2.9086E-07 3.08E-06 7.55E-06   0.231 0.6000 7.5822E-06    951.146
10091.00 0.78582186 2.9880E-23            2.1324E-22 6.0195E-08 9.7035E-09 2.2068E-07 1.2988E-07 2.8087E-07 2.98E-06 7.53E-06   0.241 0.6000 7.5624E-06    949.729
10101.00 0.76911414 3.1922E-23            1.9928E-22 5.5709E-08 9.5315E-09 2.0297E-07 1.1994E-07 2.5868E-07 2.75E-06 7.48E-06   0.263 0.6000 7.5113E-06    945.396
10111.00 0.79024899 2.6549E-23            1.9557E-22 6.0770E-08 9.6820E-09 2.2251E-07 1.3073E-07 2.8328E-07 3.00E-06 7.46E-06   0.235 0.6000 7.4926E-06    951.772
10121.00 0.76868570 2.9021E-23            1.8179E-22 5.7222E-08 9.6882E-09 2.0923E-07 1.2414E-07 2.6645E-07 2.85E-06 7.56E-06   0.263 0.6000 7.5886E-06    948.727
10131.00 0.75964117 2.9388E-23            1.7143E-22 5.4619E-08 9.5851E-09 1.9896E-07 1.1838E-07 2.5358E-07 2.71E-06 7.52E-06   0.275 0.6000 7.5528E-06    946.430
10141.00 0.77596700 2.5481E-23            1.6736E-22 5.7945E-08 9.7086E-09 2.1087E-07 1.2438E-07 2.6881E-07 2.85E-06 7.53E-06   0.254 0.6000 7.5589E-06    950.783
10151.00 0.71742350 3.2977E-23            1.4784E-22 4.6892E-08 9.4045E-09 1.6922E-07 1.0316E-07 2.1611E-07 2.36E-06 7.56E-06   0.332 0.6000 7.5928E-06    938.198
10161.00 0.73500824 2.8852E-23            1.4453E-22 5.0622E-08 9.4980E-09 1.8288E-07 1.0966E-07 2.3350E-07 2.51E-06 7.54E-06   0.308 0.6000 7.5665E-06    943.634
10171.00 0.69795871 3.1539E-23            1.3124E-22 4.6320E-08 9.3146E-09 1.6501E-07 9.9937E-08 2.1133E-07 2.29E-06 7.54E-06   0.360 0.6000 7.5666E-06    938.344
10181.00 0.69075501 3.1482E-23            1.2388E-22 4.3821E-08 9.3066E-09 1.5585E-07 9.5296E-08 1.9967E-07 2.18E-06 7.57E-06   0.370 0.6000 7.6043E-06    935.683
10191.00 0.71686226 2.7153E-23            1.2284E-22 4.7382E-08 9.4712E-09 1.6979E-07 1.0259E-07 2.1717E-07 2.35E-06 7.58E-06   0.333 0.6000 7.6154E-06    941.477
10201.00 0.63868606 3.3189E-23            1.0461E-22 3.8217E-08 8.9633E-09 1.3003E-07 7.9863E-08 1.6824E-07 1.83E-06 7.52E-06   0.448 0.6000 7.5497E-06    927.032
10211.00 0.61497337 3.3809E-23            9.6093E-23 3.4670E-08 8.7870E-09 1.1587E-07 7.1844E-08 1.5054E-07 1.65E-06 7.48E-06   0.486 0.6000 7.5097E-06    921.299
10221.00 0.62652308 3.1158E-23            9.3557E-23 3.6365E-08 8.8793E-09 1.2203E-07 7.5172E-08 1.5839E-07 1.72E-06 7.50E-06   0.468 0.6000 7.5283E-06    924.980
10231.00 0.67931157 2.5494E-23            9.6863E-23 4.2936E-08 9.2424E-09 1.4972E-07 9.0929E-08 1.9265E-07 2.08E-06 7.53E-06   0.387 0.6000 7.5645E-06    937.256
10241.00 0.55963349 3.2417E-23            7.6306E-23 3.0372E-08 8.5160E-09 9.5653E-08 5.9076E-08 1.2602E-07 1.35E-06 7.48E-06   0.580 0.6000 7.5088E-06    913.321
10251.00 0.58230859 3.0169E-23            7.5672E-23 3.2026E-08 8.7284E-09 1.0188E-07 6.3212E-08 1.3391E-07 1.45E-06 7.57E-06   0.541 0.6000 7.5975E-06    917.499
10261.00 0.58132136 2.8384E-23            7.2287E-23 3.1759E-08 8.5749E-09 1.0063E-07 6.1546E-08 1.3239E-07 1.41E-06 7.44E-06   0.542 0.6000 7.4726E-06    917.575
10271.00 0.57611150 2.7394E-23            6.8238E-23 3.2203E-08 8.6256E-09 1.0238E-07 6.2504E-08 1.3458E-07 1.43E-06 7.47E-06   0.551 0.6000 7.4992E-06    919.241
10281.00 0.63178170 2.3321E-23            7.1535E-23 3.6964E-08 9.0396E-09 1.2287E-07 7.4926E-08 1.5983E-07 1.72E-06 7.55E-06   0.459 0.6000 7.5867E-06    929.912
10291.00 0.65984792 1.9791E-23            7.1398E-23 4.2249E-08 9.2480E-09 1.4314E-07 8.5587E-08 1.8538E-07 1.96E-06 7.57E-06   0.416 0.6000 7.6000E-06    939.403
10301.00 0.66898876 1.8412E-23            6.9215E-23 4.3083E-08 9.2439E-09 1.4745E-07 8.8296E-08 1.9053E-07 2.02E-06 7.50E-06   0.402 0.6000 7.5360E-06    941.779
10311.00 0.64925826 1.9345E-23            6.4030E-23 3.9567E-08 9.2133E-09 1.3426E-07 8.1576E-08 1.7383E-07 1.87E-06 7.55E-06   0.432 0.6000 7.5858E-06    937.056
10321.00 0.63743657 1.9016E-23            6.0153E-23 3.7567E-08 9.1099E-09 1.2607E-07 7.6750E-08 1.6364E-07 1.76E-06 7.53E-06   0.450 0.6000 7.5612E-06    934.229
10331.00 0.64726800 1.6640E-23            5.8220E-23 4.1861E-08 9.1426E-09 1.4082E-07 8.3777E-08 1.8268E-07 1.92E-06 7.48E-06   0.435 0.6000 7.5159E-06    941.481
10341.00 0.48784921 2.2668E-23            4.2122E-23 2.5444E-08 8.3152E-09 7.2592E-08 4.5457E-08 9.8036E-08 1.04E-06 7.53E-06   0.718 0.6000 7.5583E-06    906.490
10351.00 0.46483424 2.3167E-23            3.8081E-23 2.1447E-08 8.0213E-09 5.6852E-08 3.6656E-08 7.8299E-08 8.40E-07 7.38E-06   0.766 0.6000 7.4168E-06    894.951
10361.00 0.46681565 2.1602E-23            3.6645E-23 2.1176E-08 8.1713E-09 5.7613E-08 3.7882E-08 7.8789E-08 8.68E-07 7.48E-06   0.762 0.6000 7.5170E-06    895.996
10371.00 0.42530680 2.0256E-23            3.1846E-23 2.2705E-08 8.0051E-09 5.9845E-08 3.7372E-08 8.2550E-08 8.57E-07 7.47E-06   0.855 0.6000 7.4998E-06    899.224
10381.00 0.48889467 1.8726E-23            3.5008E-23 2.5688E-08 8.3283E-09 7.2754E-08 4.4877E-08 9.8442E-08 1.03E-06 7.47E-06   0.716 0.6000 7.5039E-06    909.584
10391.00 0.35606825 2.1234E-23            2.4283E-23 1.7508E-08 7.6141E-09 3.4091E-08 2.1595E-08 5.1600E-08 4.95E-07 7.45E-06   1.033 0.6000 7.4884E-06    875.852
10401.00 0.44378039 1.8774E-23            2.9003E-23 2.2489E-08 8.2329E-09 5.6340E-08 3.5371E-08 7.8829E-08 8.11E-07 7.56E-06   0.812 0.6000 7.5955E-06    898.858
10411.00 0.39929825 1.8489E-23            2.4854E-23 1.9168E-08 7.8308E-09 4.2905E-08 2.7015E-08 6.2073E-08 6.19E-07 7.45E-06   0.918 0.6000 7.4817E-06    886.839
10421.00 0.28807077 1.8988E-23            1.7205E-23 1.4285E-08 7.3987E-09 1.9846E-08 1.3241E-08 3.4131E-08 3.04E-07 7.55E-06   1.245 0.6000 7.5892E-06    857.191
10431.00 0.35724393 1.6846E-23            2.0250E-23 1.7878E-08 7.7873E-09 3.6239E-08 2.2952E-08 5.4117E-08 5.26E-07 7.57E-06   1.029 0.6000 7.6090E-06    881.088
10441.00 0.44543815 1.4980E-23            2.4162E-23 2.1760E-08 8.1319E-09 5.4786E-08 3.4240E-08 7.6546E-08 7.85E-07 7.47E-06   0.809 0.6000 7.5062E-06    900.103
10451.00 0.28972268 1.6351E-23            1.5012E-23 1.5416E-08 7.3794E-09 2.3266E-08 1.4358E-08 3.8682E-08 3.29E-07 7.48E-06   1.239 0.6000 7.5160E-06    865.425
10461.00 0.29626748 1.5308E-23            1.4685E-23 1.5576E-08 7.3859E-09 2.4743E-08 1.5376E-08 4.0319E-08 3.52E-07 7.45E-06   1.216 0.6000 7.4884E-06    868.181
10471.00 0.31867862 1.4796E-23            1.5084E-23 1.4104E-08 7.0901E-09 2.1464E-08 1.3740E-08 3.5568E-08 3.15E-07 7.06E-06   1.144 0.6000 7.0966E-06    862.629
10481.00 0.34966564 1.3924E-23            1.5735E-23 1.6010E-08 7.5604E-09 2.7739E-08 1.7473E-08 4.3749E-08 4.01E-07 7.36E-06   1.051 0.6000 7.3966E-06    873.667
10491.00 0.30557513 1.3445E-23            1.3232E-23 1.4713E-08 7.4846E-09 2.1990E-08 1.4376E-08 3.6703E-08 3.30E-07 7.50E-06   1.186 0.6000 7.5336E-06    865.550
10501.00 0.19420347 1.2981E-23            7.9834E-24 1.1597E-08 6.9358E-09 6.9649E-09 4.5440E-09 1.8562E-08 1.04E-07 7.55E-06   1.639 0.6000 7.5876E-06    833.650
10511.00 0.41146070 1.1981E-23            1.6117E-23 1.7729E-08 8.0642E-09 3.5542E-08 2.2491E-08 5.3271E-08 5.16E-07 7.53E-06   0.888 0.6000 7.5650E-06    885.833
10521.00 0.24576454 1.0797E-23            9.3240E-24 1.3343E-08 7.1749E-09 1.6169E-08 1.0014E-08 2.9512E-08 2.30E-07 7.52E-06   1.403 0.6000 7.5614E-06    856.889
10531.00 0.26107857 1.0458E-23            9.2739E-24 1.4270E-08 7.3361E-09 1.9130E-08 1.1736E-08 3.3399E-08 2.69E-07 7.57E-06   1.343 0.6000 7.6148E-06    863.614
10541.00 0.29986578 1.0074E-23            1.0325E-23 1.4479E-08 7.4884E-09 2.0733E-08 1.2940E-08 3.5213E-08 2.97E-07 7.56E-06   1.204 0.6000 7.6042E-06    866.906
10551.00 0.25909281 9.7657E-24            8.4552E-24 1.3812E-08 7.3316E-09 1.6769E-08 1.0296E-08 3.0580E-08 2.36E-07 7.55E-06   1.351 0.6000 7.5920E-06    860.649
10561.00 0.26499760 9.5301E-24            8.2908E-24 1.3347E-08 7.3295E-09 1.5239E-08 9.5136E-09 2.8586E-08 2.18E-07 7.51E-06   1.328 0.6000 7.5532E-06    858.046
10571.00 0.20927429 8.5921E-24            6.2304E-24 1.2164E-08 6.9690E-09 9.7961E-09 5.8571E-09 2.1960E-08 1.34E-07 7.49E-06   1.564 0.6000 7.5396E-06    846.124
10581.00 0.29500842 8.7717E-24            8.4230E-24 1.4594E-08 7.4294E-09 1.9520E-08 1.1768E-08 3.4114E-08 2.70E-07 7.44E-06   1.221 0.6000 7.4809E-06    868.059
10591.00 0.19155766 7.5340E-24            5.1630E-24 1.1979E-08 6.7226E-09 1.0619E-08 6.2035E-09 2.2598E-08 1.42E-07 7.34E-06   1.653 0.6000 7.3912E-06    848.809
10601.00 0.24967554 7.3030E-24            6.5229E-24 1.3376E-08 7.1009E-09 1.5484E-08 8.9667E-09 2.8860E-08 2.06E-07 7.43E-06   1.388 0.6000 7.4831E-06    861.208
10611.00 0.29770124 7.6342E-24            7.3533E-24 1.3933E-08 7.3987E-09 1.6915E-08 1.0119E-08 3.0849E-08 2.32E-07 7.43E-06   1.212 0.6000 7.4735E-06    865.138
10621.00 0.32619542 7.4800E-24            7.7367E-24 1.3987E-08 7.2566E-09 1.9475E-08 1.1866E-08 3.3462E-08 2.72E-07 7.10E-06   1.120 0.6000 7.1416E-06    869.822
10631.00 0.32273060 7.4366E-24            7.2900E-24 1.4014E-08 7.5356E-09 1.8174E-08 1.2021E-08 3.2188E-08 2.76E-07 7.35E-06   1.131 0.6000 7.3919E-06    868.582
10641.00 0.43274751 6.4340E-24            9.3362E-24 1.9435E-08 8.2934E-09 4.0784E-08 2.5249E-08 6.0218E-08 5.79E-07 7.51E-06   0.838 0.6000 7.5446E-06    901.314
10651.00 0.27071640 5.8279E-24            5.6253E-24 1.4214E-08 7.3869E-09 1.9029E-08 1.1387E-08 3.3242E-08 2.61E-07 7.52E-06   1.307 0.6000 7.5639E-06    871.532
10661.00 0.14860855 5.6704E-24            2.9271E-24 1.0782E-08 6.7445E-09 3.5991E-09 2.1329E-09 1.4381E-08 4.89E-08 7.54E-06   1.906 0.6000 7.5933E-06    832.545
10671.00 0.13931315 5.4145E-24            2.6149E-24 1.0631E-08 6.7262E-09 3.2612E-09 1.9744E-09 1.3892E-08 4.53E-08 7.53E-06   1.971 0.6000 7.5846E-06    831.637
10681.00 0.16134445 5.1722E-24            2.9156E-24 1.0807E-08 6.7503E-09 4.2028E-09 2.4959E-09 1.5010E-08 5.72E-08 7.45E-06   1.824 0.6000 7.5010E-06    835.791
10691.00 0.20118375 4.7683E-24            3.4380E-24 1.1684E-08 6.9919E-09 7.9009E-09 4.5717E-09 1.9585E-08 1.05E-07 7.48E-06   1.604 0.6000 7.5250E-06    848.726
10701.00 0.09639201 4.0324E-24            1.5893E-24 1.0349E-08 6.4596E-09 2.1410E-09 1.2298E-09 1.2490E-08 2.82E-08 7.55E-06   2.339 0.6000 7.6028E-06    828.818
10711.00 0.13869216 4.7169E-24            2.1534E-24 1.1219E-08 6.8987E-09 3.4448E-09 2.0693E-09 1.4664E-08 4.74E-08 7.57E-06   1.975 0.6000 7.6107E-06    836.696
10721.00 0.16891031 4.6358E-24            2.5273E-24 1.1951E-08 7.0649E-09 5.4018E-09 3.2192E-09 1.7353E-08 7.38E-08 7.55E-06   1.778 0.6000 7.5927E-06    845.074
10731.00 0.21389131 4.1863E-24            3.0383E-24 1.2739E-08 7.2424E-09 1.0215E-08 6.4710E-09 2.2954E-08 1.48E-07 7.51E-06   1.542 0.6000 7.5570E-06    858.892
10741.00 0.31608117 4.2375E-24            4.2999E-24 1.6056E-08 7.9177E-09 2.3184E-08 1.4675E-08 3.9240E-08 3.36E-07 7.56E-06   1.152 0.6000 7.5987E-06    885.982
10751.00 0.35748079 4.0841E-24            4.6488E-24 1.7189E-08 8.1718E-09 2.9863E-08 1.9431E-08 4.7053E-08 4.45E-07 7.53E-06   1.029 0.6000 7.5686E-06    895.991
10761.00 0.43746161 3.7573E-24            5.4308E-24 2.0545E-08 8.5688E-09 4.6345E-08 3.0074E-08 6.6890E-08 6.89E-07 7.47E-06   0.827 0.6000 7.5094E-06    915.328
10771.00 0.45978454 3.4149E-24            5.4484E-24 2.2356E-08 8.7889E-09 5.4352E-08 3.4492E-08 7.6708E-08 7.91E-07 7.57E-06   0.777 0.6000 7.6113E-06    923.503
10781.00 0.57730204 2.6768E-24            6.5227E-24 3.1409E-08 9.4534E-09 9.3242E-08 5.7028E-08 1.2465E-07 1.31E-06 7.58E-06   0.549 0.6000 7.6222E-06    951.739
10791.00 0.65220821 2.1363E-24            7.0612E-24 3.9316E-08 9.7464E-09 1.2536E-07 7.5003E-08 1.6468E-07 1.72E-06 7.43E-06   0.427 0.6000 7.4710E-06    969.013
10801.00 0.64966464 2.0499E-24            6.7066E-24 3.7540E-08 9.4829E-09 1.2028E-07 7.2789E-08 1.5782E-07 1.67E-06 7.25E-06   0.431 0.6000 7.2822E-06    967.177
10811.00 0.62436181 2.0414E-24            6.1616E-24 3.7053E-08 9.5807E-09 1.1701E-07 7.1027E-08 1.5407E-07 1.63E-06 7.42E-06   0.471 0.6000 7.4552E-06    966.457
10821.00 0.60998863 2.0599E-24            5.7434E-24 3.3920E-08 9.4210E-09 1.0557E-07 6.4744E-08 1.3949E-07 1.48E-06 7.36E-06   0.494 0.6000 7.3925E-06    961.247
10831.00 0.65767670 1.7209E-24            5.9113E-24 3.8770E-08 9.3659E-09 1.2570E-07 7.5736E-08 1.6447E-07 1.74E-06 7.07E-06   0.419 0.6000 7.1062E-06    971.857
10841.00 0.67898065 1.4846E-24            5.8366E-24 4.5897E-08 9.8928E-09 1.5083E-07 8.9389E-08 1.9673E-07 2.05E-06 7.31E-06   0.387 0.6000 7.3512E-06    983.569
10851.00 0.63671428 1.6513E-24            5.2187E-24 3.8218E-08 9.5559E-09 1.2205E-07 7.4313E-08 1.6027E-07 1.70E-06 7.27E-06   0.451 0.6000 7.3041E-06    971.746
10861.00 0.69969040 1.3069E-24            5.4748E-24 4.7596E-08 1.0183E-08 1.5761E-07 9.3381E-08 2.0520E-07 2.14E-06 7.42E-06   0.357 0.6000 7.4621E-06    987.666
10871.00 0.63063687 1.4027E-24            4.7227E-24 4.3355E-08 9.9638E-09 1.3913E-07 8.2913E-08 1.8249E-07 1.90E-06 7.53E-06   0.461 0.6000 7.5693E-06    981.129
10881.00 0.63529038 1.4044E-24            4.5407E-24 4.0888E-08 9.9976E-09 1.2960E-07 7.7771E-08 1.7049E-07 1.78E-06 7.57E-06   0.454 0.6000 7.6132E-06    977.692
10891.00 0.53767061 1.6197E-24            3.6753E-24 3.0763E-08 9.3105E-09 8.7688E-08 5.3255E-08 1.1845E-07 1.22E-06 7.53E-06   0.621 0.6000 7.5649E-06    956.668
10901.00 0.52013850 1.6197E-24            3.3757E-24 2.8822E-08 9.1331E-09 7.9132E-08 4.7784E-08 1.0795E-07 1.10E-06 7.47E-06   0.654 0.6000 7.5041E-06    951.993
10911.00 0.60212606 1.3221E-24            3.7480E-24 3.7002E-08 9.7825E-09 1.1298E-07 6.7603E-08 1.4998E-07 1.55E-06 7.56E-06   0.507 0.6000 7.5967E-06    972.103
10921.00 0.45752144 1.5502E-24            2.7175E-24 2.5529E-08 8.9408E-09 6.4604E-08 3.9614E-08 9.0133E-08 9.08E-07 7.58E-06   0.782 0.6000 7.6235E-06    943.097
10931.00 0.61198676 1.2213E-24            3.4643E-24 3.4923E-08 9.7511E-09 1.0668E-07 6.4770E-08 1.4160E-07 1.48E-06 7.50E-06   0.491 0.6000 7.5345E-06    970.101
10941.00 0.50234443 1.3277E-24            2.7286E-24 2.9541E-08 9.2817E-09 8.0537E-08 4.8992E-08 1.1008E-07 1.12E-06 7.62E-06   0.688 0.6000 7.6639E-06    955.979
10951.00 0.49537244 1.3310E-24            2.5521E-24 2.7995E-08 9.2988E-09 7.4421E-08 4.5646E-08 1.0242E-07 1.05E-06 7.66E-06   0.702 0.6000 7.7036E-06    952.521
10961.00 0.58544803 1.0491E-24            2.8949E-24 3.7281E-08 9.6763E-09 1.1181E-07 6.6149E-08 1.4909E-07 1.52E-06 7.49E-06   0.535 0.6000 7.5273E-06    975.373
10971.00 0.60955554 9.6712E-25            2.8733E-24 3.8901E-08 9.7382E-09 1.1968E-07 7.1025E-08 1.5858E-07 1.63E-06 7.40E-06   0.495 0.6000 7.4388E-06    979.836
10981.00 0.53916562 1.0673E-24            2.4262E-24 3.3224E-08 9.4805E-09 9.4875E-08 5.7143E-08 1.2810E-07 1.31E-06 7.52E-06   0.618 0.6000 7.5628E-06    967.741
10991.00 0.55349112 1.0084E-24            2.3776E-24 3.1666E-08 9.3728E-09 9.1276E-08 5.5793E-08 1.2294E-07 1.28E-06 7.39E-06   0.592 0.6000 7.4267E-06    966.029
11001.00 0.54821330 9.3144E-25            2.2492E-24 3.2472E-08 9.2626E-09 9.3443E-08 5.6197E-08 1.2591E-07 1.29E-06 7.29E-06   0.601 0.6000 7.3350E-06    968.160
11011.00 0.54648554 8.7835E-25            2.1405E-24 3.5539E-08 9.4805E-09 1.0290E-07 6.0803E-08 1.3844E-07 1.39E-06 7.44E-06   0.604 0.6000 7.4859E-06    974.529
11021.00 0.55369782 8.4650E-25            2.0714E-24 3.4379E-08 9.6623E-09 9.6942E-08 5.7368E-08 1.3132E-07 1.31E-06 7.60E-06   0.591 0.6000 7.6420E-06    972.096
11031.00 0.61245400 7.4392E-25            2.1868E-24 3.8423E-08 9.8729E-09 1.1698E-07 6.9873E-08 1.5540E-07 1.60E-06 7.42E-06   0.490 0.6000 7.4670E-06    982.960
11041.00 0.68347329 5.7011E-25            2.3321E-24 4.9781E-08 1.0623E-08 1.5935E-07 9.2737E-08 2.0914E-07 2.13E-06 7.60E-06   0.381 0.6000 7.6479E-06   1002.113
11051.00 0.69076258 5.4858E-25            2.2506E-24 4.9854E-08 1.0754E-08 1.6099E-07 9.4842E-08 2.1084E-07 2.17E-06 7.65E-06   0.370 0.6000 7.6989E-06   1003.364
11061.00 0.70625091 4.9982E-25            2.1956E-24 5.2357E-08 1.0865E-08 1.6977E-07 9.9267E-08 2.2213E-07 2.28E-06 7.64E-06   0.348 0.6000 7.6847E-06   1007.414
11071.00 0.63093609 5.7682E-25            1.8778E-24 4.1878E-08 1.0233E-08 1.2888E-07 7.6302E-08 1.7076E-07 1.75E-06 7.57E-06   0.461 0.6000 7.6118E-06    991.646
11081.00 0.55962116 6.2472E-25            1.5869E-24 3.4554E-08 9.4772E-09 9.8046E-08 5.7511E-08 1.3260E-07 1.32E-06 7.35E-06   0.580 0.6000 7.3949E-06    976.993
11091.00 0.56944984 6.0203E-25            1.5422E-24 3.3332E-08 9.1712E-09 9.5663E-08 5.6943E-08 1.2899E-07 1.31E-06 7.05E-06   0.563 0.6000 7.0888E-06    976.064
11101.00 0.52484596 6.2302E-25            1.3584E-24 3.0619E-08 9.3371E-09 8.3670E-08 5.0709E-08 1.1429E-07 1.16E-06 7.36E-06   0.645 0.6000 7.4018E-06    969.605
11111.00 0.59526110 4.9379E-25            1.4684E-24 4.0905E-08 9.8849E-09 1.2089E-07 6.9846E-08 1.6180E-07 1.60E-06 7.41E-06   0.519 0.6000 7.4567E-06    991.233
11121.00 0.43162462 6.2937E-25            1.0180E-24 2.7001E-08 9.0845E-09 6.4101E-08 3.8216E-08 9.1102E-08 8.76E-07 7.59E-06   0.840 0.6000 7.6365E-06    957.853
11131.00 0.59715068 4.5575E-25            1.3426E-24 4.1640E-08 1.0184E-08 1.2407E-07 7.2518E-08 1.6571E-07 1.66E-06 7.59E-06   0.516 0.6000 7.6345E-06    994.157
11141.00 0.57704705 4.8557E-25            1.2406E-24 3.6298E-08 1.0014E-08 1.0615E-07 6.4298E-08 1.4245E-07 1.47E-06 7.54E-06   0.550 0.6000 7.5875E-06    985.632
11151.00 0.56558549 4.7301E-25            1.1608E-24 3.6273E-08 9.9729E-09 1.0466E-07 6.3290E-08 1.4093E-07 1.45E-06 7.54E-06   0.570 0.6000 7.5845E-06    985.703
11161.00 0.63181013 3.9417E-25            1.2382E-24 4.3138E-08 1.0606E-08 1.3253E-07 7.9385E-08 1.7567E-07 1.82E-06 7.67E-06   0.459 0.6000 7.7213E-06    999.958
11171.00 0.65721798 3.6099E-25            1.2284E-24 4.3808E-08 1.0525E-08 1.3824E-07 8.3540E-08 1.8205E-07 1.91E-06 7.48E-06   0.420 0.6000 7.5224E-06   1002.915
11181.00 0.71318167 2.8382E-25            1.2734E-24 5.3473E-08 1.0966E-08 1.7346E-07 1.0157E-07 2.2694E-07 2.33E-06 7.49E-06   0.338 0.6000 7.5350E-06   1017.638
11191.00 0.72209853 2.5891E-25            1.2324E-24 5.5504E-08 1.1143E-08 1.7942E-07 1.0400E-07 2.3493E-07 2.38E-06 7.57E-06   0.326 0.6000 7.6181E-06   1020.609
11201.00 0.75524944 2.1295E-25            1.2293E-24 6.0990E-08 1.1159E-08 1.9900E-07 1.1375E-07 2.5999E-07 2.61E-06 7.40E-06   0.281 0.6000 7.4492E-06   1027.952
11211.00 0.76793736 1.8891E-25            1.1943E-24 6.4659E-08 1.1492E-08 2.1150E-07 1.2029E-07 2.7616E-07 2.76E-06 7.56E-06   0.264 0.6000 7.6049E-06   1032.667
11221.00 0.78157896 1.6735E-25            1.1606E-24 6.8690E-08 1.1700E-08 2.2535E-07 1.2760E-07 2.9404E-07 2.92E-06 7.60E-06   0.246 0.6000 7.6441E-06   1037.578
11231.00 0.77931988 1.6119E-25            1.1051E-24 6.8595E-08 1.1774E-08 2.2478E-07 1.2729E-07 2.9338E-07 2.92E-06 7.65E-06   0.249 0.6000 7.6983E-06   1038.173
11241.00 0.78288388 1.5060E-25            1.0598E-24 6.9009E-08 1.1709E-08 2.2609E-07 1.2779E-07 2.9509E-07 2.93E-06 7.58E-06   0.245 0.6000 7.6234E-06   1039.309
11251.00 0.78492552 1.4177E-25            1.0148E-24 7.0081E-08 1.1784E-08 2.2959E-07 1.2970E-07 2.9968E-07 2.97E-06 7.60E-06   0.242 0.6000 7.6427E-06   1041.086
11261.00 0.77651566 1.4245E-25            9.5827E-25 6.7398E-08 1.1630E-08 2.2020E-07 1.2472E-07 2.8760E-07 2.86E-06 7.53E-06   0.253 0.6000 7.5795E-06   1039.084
11271.00 0.78498197 1.2930E-25            9.2517E-25 6.8312E-08 1.1510E-08 2.2337E-07 1.2609E-07 2.9169E-07 2.89E-06 7.40E-06   0.242 0.6000 7.4414E-06   1040.771
11281.00 0.77979964 1.2735E-25            8.7756E-25 6.4707E-08 1.1097E-08 2.1111E-07 1.1936E-07 2.7581E-07 2.74E-06 7.15E-06   0.249 0.6000 7.1947E-06   1037.791
11291.00 0.77977461 1.2184E-25            8.3763E-25 6.8597E-08 1.1758E-08 2.2348E-07 1.2624E-07 2.9208E-07 2.89E-06 7.56E-06   0.249 0.6000 7.6089E-06   1042.352
11301.00 0.78731805 1.1097E-25            8.0762E-25 7.0886E-08 1.1858E-08 2.3116E-07 1.3021E-07 3.0204E-07 2.98E-06 7.57E-06   0.239 0.6000 7.6142E-06   1045.347
11311.00 0.78654063 1.0639E-25            7.7042E-25 6.9754E-08 1.1708E-08 2.2716E-07 1.2792E-07 2.9691E-07 2.93E-06 7.47E-06   0.240 0.6000 7.5111E-06   1044.943
11321.00 0.78554183 1.0237E-25            7.3459E-25 7.0405E-08 1.1862E-08 2.2898E-07 1.2895E-07 2.9938E-07 2.96E-06 7.56E-06   0.241 0.6000 7.6030E-06   1046.245
11331.00 0.78548288 9.7685E-26            7.0142E-25 6.8983E-08 1.1634E-08 2.2420E-07 1.2624E-07 2.9318E-07 2.89E-06 7.40E-06   0.241 0.6000 7.4450E-06   1045.585
11341.00 0.78559792 9.3251E-26            6.6974E-25 7.0307E-08 1.1851E-08 2.2828E-07 1.2849E-07 2.9859E-07 2.95E-06 7.52E-06   0.241 0.6000 7.5703E-06   1047.559
11351.00 0.78657842 8.8448E-26            6.4028E-25 6.6826E-08 1.1230E-08 2.1678E-07 1.2191E-07 2.8360E-07 2.79E-06 7.11E-06   0.240 0.6000 7.1571E-06   1044.850
11361.00 0.78664011 8.4421E-26            6.1136E-25 7.0796E-08 1.1894E-08 2.2941E-07 1.2894E-07 3.0020E-07 2.96E-06 7.52E-06   0.240 0.6000 7.5666E-06   1049.413
11371.00 0.78824866 7.9744E-26            5.8494E-25 7.0475E-08 1.1772E-08 2.2822E-07 1.2817E-07 2.9870E-07 2.94E-06 7.42E-06   0.238 0.6000 7.4662E-06   1049.820
11381.00 0.78699023 7.6782E-26            5.5760E-25 7.1831E-08 1.2061E-08 2.3229E-07 1.3044E-07 3.0412E-07 2.99E-06 7.60E-06   0.240 0.6000 7.6453E-06   1051.780
11391.00 0.78786010 7.2883E-26            5.3296E-25 7.1618E-08 1.1987E-08 2.3144E-07 1.2989E-07 3.0306E-07 2.98E-06 7.53E-06   0.238 0.6000 7.5803E-06   1052.290
11401.00 0.78799105 6.9522E-26            5.0896E-25 7.1943E-08 1.2039E-08 2.3226E-07 1.3029E-07 3.0420E-07 2.99E-06 7.55E-06   0.238 0.6000 7.5997E-06   1053.289
11411.00 0.78761458 6.6533E-26            4.8571E-25 7.1620E-08 1.2005E-08 2.3096E-07 1.2952E-07 3.0258E-07 2.97E-06 7.52E-06   0.239 0.6000 7.5687E-06   1053.674
11421.00 0.78803188 6.3342E-26            4.6399E-25 6.9713E-08 1.1670E-08 2.2461E-07 1.2590E-07 2.9432E-07 2.89E-06 7.30E-06   0.238 0.6000 7.3425E-06   1052.551
11431.00 0.78791469 6.0520E-26            4.4294E-25 7.0893E-08 1.1876E-08 2.2817E-07 1.2785E-07 2.9906E-07 2.93E-06 7.41E-06   0.238 0.6000 7.4607E-06   1054.374
11441.00 0.78774267 5.7841E-26            4.2282E-25 7.1329E-08 1.1960E-08 2.2933E-07 1.2845E-07 3.0066E-07 2.94E-06 7.46E-06   0.239 0.6000 7.5024E-06   1055.479
11451.00 0.78794235 5.5150E-26            4.0379E-25 7.2080E-08 1.2080E-08 2.3152E-07 1.2962E-07 3.0360E-07 2.97E-06 7.52E-06   0.238 0.6000 7.5639E-06   1056.883
11461.00 0.78792065 5.2657E-26            3.8552E-25 7.2984E-08 1.2236E-08 2.3419E-07 1.3106E-07 3.0717E-07 3.00E-06 7.60E-06   0.238 0.6000 7.6494E-06   1058.423
11471.00 0.78779250 5.0315E-26            3.6802E-25 7.1820E-08 1.2051E-08 2.3021E-07 1.2879E-07 3.0202E-07 2.95E-06 7.47E-06   0.239 0.6000 7.5218E-06   1058.021
11481.00 0.78749412 4.8128E-26            3.5124E-25 7.2238E-08 1.2139E-08 2.3129E-07 1.2935E-07 3.0353E-07 2.96E-06 7.52E-06   0.239 0.6000 7.5664E-06   1059.103
11491.00 0.78753245 4.5935E-26            3.3537E-25 7.2276E-08 1.2146E-08 2.3119E-07 1.2924E-07 3.0346E-07 2.96E-06 7.51E-06   0.239 0.6000 7.5587E-06   1059.833
11501.00 0.78739911 4.3880E-26            3.2014E-25 7.0578E-08 1.1870E-08 2.2553E-07 1.2604E-07 2.9611E-07 2.89E-06 7.33E-06   0.239 0.6000 7.3764E-06   1058.913
11511.00 0.78728312 4.1925E-26            3.0561E-25 7.0190E-08 1.1813E-08 2.2406E-07 1.2517E-07 2.9425E-07 2.87E-06 7.28E-06   0.239 0.6000 7.3299E-06   1059.229
11521.00 0.78707623 4.0084E-26            2.9171E-25 7.0475E-08 1.1874E-08 2.2473E-07 1.2550E-07 2.9520E-07 2.88E-06 7.31E-06   0.239 0.6000 7.3570E-06   1060.193
11531.00 0.78692323 3.8299E-26            2.7845E-25 6.7882E-08 1.1447E-08 2.1624E-07 1.2072E-07 2.8413E-07 2.77E-06 7.04E-06   0.240 0.6000 7.0826E-06   1058.348
11541.00 0.78681368 3.6581E-26            2.6582E-25 5.4028E-08 9.1177E-09 1.7194E-07 9.5954E-08 2.2597E-07 2.20E-06 5.60E-06   0.240 0.6000 5.6333E-06   1043.842
11551.00 0.78653079 3.4987E-26            2.5370E-25 6.8697E-08 1.1609E-08 2.1838E-07 1.2183E-07 2.8708E-07 2.79E-06 7.11E-06   0.240 0.6000 7.1627E-06   1060.532
11561.00 0.78634655 3.3449E-26            2.4216E-25 7.2193E-08 1.2211E-08 2.2924E-07 1.2784E-07 3.0143E-07 2.93E-06 7.47E-06   0.240 0.6000 7.5239E-06   1064.589
11571.00 0.78629005 3.1941E-26            2.3119E-25 7.3592E-08 1.2452E-08 2.3345E-07 1.3014E-07 3.0704E-07 2.98E-06 7.61E-06   0.240 0.6000 7.6619E-06   1066.590
11581.00 0.78596032 3.0541E-26            2.2063E-25 7.3087E-08 1.2386E-08 2.3162E-07 1.2909E-07 3.0471E-07 2.96E-06 7.56E-06   0.241 0.6000 7.6124E-06   1066.814
11591.00 0.78507668 2.9324E-26            2.1041E-25 7.2894E-08 1.2399E-08 2.3072E-07 1.2856E-07 3.0362E-07 2.95E-06 7.56E-06   0.242 0.6000 7.6150E-06   1067.313
11601.00 0.78555083 2.7912E-26            2.0100E-25 7.1961E-08 1.2220E-08 2.2757E-07 1.2674E-07 2.9953E-07 2.91E-06 7.44E-06   0.241 0.6000 7.4906E-06   1067.132
11611.00 0.78448743 2.6831E-26            1.9165E-25 7.1588E-08 1.2210E-08 2.2607E-07 1.2589E-07 2.9766E-07 2.89E-06 7.42E-06   0.243 0.6000 7.4800E-06   1067.448
11621.00 0.78484923 2.5544E-26            1.8306E-25 7.2507E-08 1.2351E-08 2.2878E-07 1.2732E-07 3.0128E-07 2.92E-06 7.50E-06   0.242 0.6000 7.5536E-06   1069.016
11631.00 0.78373790 2.4547E-26            1.7453E-25 7.1705E-08 1.2270E-08 2.2594E-07 1.2574E-07 2.9764E-07 2.88E-06 7.44E-06   0.244 0.6000 7.5002E-06   1068.930
11641.00 0.78272742 2.3583E-26            1.6640E-25 7.1334E-08 1.2257E-08 2.2449E-07 1.2491E-07 2.9582E-07 2.86E-06 7.43E-06   0.245 0.6000 7.4886E-06   1069.254
11651.00 0.78349990 2.2394E-26            1.5903E-25 7.1691E-08 1.2284E-08 2.2544E-07 1.2536E-07 2.9713E-07 2.87E-06 7.43E-06   0.244 0.6000 7.4886E-06   1070.298
11661.00 0.77931714 2.1930E-26            1.5103E-25 7.1641E-08 1.2477E-08 2.2477E-07 1.2508E-07 2.9641E-07 2.87E-06 7.56E-06   0.249 0.6000 7.6222E-06   1070.874
11671.00 0.78244042 2.0541E-26            1.4476E-25 7.2915E-08 1.2550E-08 2.2875E-07 1.2713E-07 3.0167E-07 2.91E-06 7.57E-06   0.245 0.6000 7.6343E-06   1072.820
11681.00 0.78032190 1.9850E-26            1.3784E-25 7.1108E-08 1.2340E-08 2.2276E-07 1.2384E-07 2.9387E-07 2.84E-06 7.45E-06   0.248 0.6000 7.5086E-06   1071.770
11691.00 0.77907854 1.9102E-26            1.3138E-25 6.8583E-08 1.1962E-08 2.1460E-07 1.1933E-07 2.8318E-07 2.74E-06 7.22E-06   0.250 0.6000 7.2750E-06   1069.984
11701.00 0.77772933 1.8367E-26            1.2522E-25 5.1263E-08 8.9682E-09 1.6019E-07 8.9074E-08 2.1145E-07 2.04E-06 5.41E-06   0.251 0.6000 5.4498E-06   1051.197
11711.00 0.77508867 1.7805E-26            1.1913E-25 6.0581E-08 1.0706E-08 1.8893E-07 1.0506E-07 2.4951E-07 2.41E-06 6.46E-06   0.255 0.6000 6.5087E-06   1062.909
11721.00 0.77918112 1.6594E-26            1.1434E-25 7.0137E-08 1.2239E-08 2.1873E-07 1.2142E-07 2.8886E-07 2.78E-06 7.35E-06   0.250 0.6000 7.4074E-06   1073.562
11731.00 0.77537084 1.6186E-26            1.0864E-25 7.0167E-08 1.2415E-08 2.1838E-07 1.2136E-07 2.8855E-07 2.78E-06 7.46E-06   0.254 0.6000 7.5244E-06   1074.228
11741.00 0.77077264 1.5839E-26            1.0310E-25 6.6850E-08 1.2025E-08 2.0760E-07 1.1554E-07 2.7445E-07 2.65E-06 7.24E-06   0.260 0.6000 7.3045E-06   1071.553
11751.00 0.77454752 1.4824E-26            9.8898E-26 7.0529E-08 1.2507E-08 2.1901E-07 1.2166E-07 2.8954E-07 2.79E-06 7.50E-06   0.255 0.6000 7.5574E-06   1075.944
11761.00 0.77742922 1.3939E-26            9.4778E-26 6.3282E-08 1.1124E-08 1.9640E-07 1.0891E-07 2.5968E-07 2.50E-06 6.64E-06   0.252 0.6000 6.6941E-06   1069.280
11771.00 0.77673352 1.3347E-26            9.0406E-26 6.7746E-08 1.1943E-08 2.0996E-07 1.1640E-07 2.7771E-07 2.67E-06 7.12E-06   0.253 0.6000 7.1784E-06   1074.574
11781.00 0.77621931 1.2778E-26            8.6252E-26 7.1907E-08 1.2700E-08 2.2273E-07 1.2352E-07 2.9463E-07 2.83E-06 7.56E-06   0.253 0.6000 7.6220E-06   1079.364
11791.00 0.77484000 1.2304E-26            8.2197E-26 7.1481E-08 1.2698E-08 2.2091E-07 1.2244E-07 2.9239E-07 2.81E-06 7.56E-06   0.255 0.6000 7.6178E-06   1079.581
11801.00 0.78036827 1.1388E-26            7.9033E-26 7.1762E-08 1.2496E-08 2.2194E-07 1.2275E-07 2.9370E-07 2.81E-06 7.39E-06   0.248 0.6000 7.4468E-06   1080.628
11811.00 0.77757829 1.1042E-26            7.5192E-26 7.1241E-08 1.2531E-08 2.1996E-07 1.2175E-07 2.9120E-07 2.79E-06 7.42E-06   0.252 0.6000 7.4721E-06   1080.781
11821.00 0.77604109 1.0640E-26            7.1631E-26 7.2045E-08 1.2742E-08 2.2215E-07 1.2300E-07 2.9419E-07 2.82E-06 7.54E-06   0.254 0.6000 7.5939E-06   1082.225
11831.00 0.77618825 1.0148E-26            6.8405E-26 7.1927E-08 1.2738E-08 2.2146E-07 1.2248E-07 2.9339E-07 2.81E-06 7.52E-06   0.253 0.6000 7.5796E-06   1082.778
11841.00 0.77035463 1.0006E-26            6.4820E-26 6.9475E-08 1.2562E-08 2.1349E-07 1.1838E-07 2.8296E-07 2.71E-06 7.44E-06   0.261 0.6000 7.4967E-06   1081.030
11851.00 0.76293266 9.9195E-27            6.1279E-26 6.6710E-08 1.2358E-08 2.0409E-07 1.1333E-07 2.7080E-07 2.60E-06 7.35E-06   0.271 0.6000 7.4088E-06   1078.762
11861.00 0.76901299 9.1837E-27            5.8963E-26 6.9767E-08 1.2682E-08 2.1353E-07 1.1820E-07 2.8330E-07 2.71E-06 7.50E-06   0.263 0.6000 7.5539E-06   1082.590
11871.00 0.77056903 8.6208E-27            5.6423E-26 7.0033E-08 1.2632E-08 2.1448E-07 1.1877E-07 2.8451E-07 2.72E-06 7.44E-06   0.261 0.6000 7.4948E-06   1083.621
11881.00 0.75806832 8.7020E-27            5.2980E-26 6.7161E-08 1.2641E-08 2.0465E-07 1.1387E-07 2.7182E-07 2.61E-06 7.51E-06   0.277 0.6000 7.5634E-06   1081.230
11891.00 0.75098693 8.5812E-27            5.0106E-26 6.5942E-08 1.2697E-08 1.9987E-07 1.1134E-07 2.6581E-07 2.55E-06 7.57E-06   0.286 0.6000 7.6272E-06   1080.440
11901.00 0.76038659 7.8914E-27            4.8438E-26 6.7850E-08 1.2721E-08 2.0626E-07 1.1455E-07 2.7411E-07 2.63E-06 7.52E-06   0.274 0.6000 7.5712E-06   1083.281
11911.00 0.76000941 7.5373E-27            4.6209E-26 6.7689E-08 1.2678E-08 2.0539E-07 1.1393E-07 2.7308E-07 2.61E-06 7.48E-06   0.274 0.6000 7.5362E-06   1083.759
11921.00 0.74685079 7.6154E-27            4.3365E-26 6.2078E-08 1.2186E-08 1.8662E-07 1.0372E-07 2.4870E-07 2.38E-06 7.26E-06   0.292 0.6000 7.3140E-06   1078.121
11931.00 0.74544895 7.3077E-27            4.1331E-26 6.4844E-08 1.2652E-08 1.9523E-07 1.0874E-07 2.6008E-07 2.49E-06 7.51E-06   0.294 0.6000 7.5712E-06   1081.897
11941.00 0.73520321 7.2939E-27            3.8889E-26 6.2891E-08 1.2667E-08 1.8850E-07 1.0548E-07 2.5139E-07 2.42E-06 7.56E-06   0.308 0.6000 7.6217E-06   1080.321
11951.00 0.73685414 6.8893E-27            3.7226E-26 6.3278E-08 1.2550E-08 1.8987E-07 1.0622E-07 2.5315E-07 2.43E-06 7.46E-06   0.305 0.6000 7.5194E-06   1081.529
11961.00 0.71807122 7.0999E-27            3.4632E-26 5.9651E-08 1.2529E-08 1.7787E-07 1.0081E-07 2.3752E-07 2.31E-06 7.53E-06   0.331 0.6000 7.5871E-06   1077.943
11971.00 0.72457981 6.5864E-27            3.3347E-26 6.1000E-08 1.2559E-08 1.8140E-07 1.0174E-07 2.4240E-07 2.33E-06 7.51E-06   0.322 0.6000 7.5688E-06   1080.049
11981.00 0.73147291 6.1041E-27            3.2160E-26 6.1573E-08 1.2406E-08 1.8290E-07 1.0197E-07 2.4447E-07 2.34E-06 7.38E-06   0.313 0.6000 7.4366E-06   1081.359
11991.00 0.68935949 6.7729E-27            2.8926E-26 5.3733E-08 1.2110E-08 1.5623E-07 8.8976E-08 2.0996E-07 2.04E-06 7.39E-06   0.372 0.6000 7.4512E-06   1071.860
12001.00 0.68925643 6.4178E-27            2.7593E-26 5.2251E-08 1.1948E-08 1.5194E-07 8.6503E-08 2.0419E-07 1.98E-06 7.30E-06   0.372 0.6000 7.3525E-06   1070.735
12011.00 0.68354899 5.7396E-27            2.6170E-26 5.6812E-08 1.2153E-08 1.6468E-07 9.2043E-08 2.2149E-07 2.11E-06 7.41E-06   0.380 0.6000 7.4651E-06   1076.892
12021.00 0.65192837 6.3281E-27            2.3774E-26 4.9696E-08 1.2035E-08 1.4120E-07 8.1484E-08 1.9090E-07 1.87E-06 7.49E-06   0.428 0.6000 7.5463E-06   1067.731
12031.00 0.70038676 5.3572E-27            2.4415E-26 5.5805E-08 1.2204E-08 1.6237E-07 9.1531E-08 2.1818E-07 2.10E-06 7.36E-06   0.356 0.6000 7.4160E-06   1077.337
12041.00 0.66715807 5.5555E-27            2.2185E-26 5.2903E-08 1.2121E-08 1.5076E-07 8.5696E-08 2.0367E-07 1.96E-06 7.44E-06   0.405 0.6000 7.5039E-06   1073.468
12051.00 0.66217101 5.1106E-27            2.1039E-26 5.3068E-08 1.2118E-08 1.5054E-07 8.4506E-08 2.0361E-07 1.94E-06 7.46E-06   0.412 0.6000 7.5169E-06   1074.176
12061.00 0.63441545 4.2916E-27            1.9225E-26 5.0203E-08 1.2032E-08 1.3903E-07 7.8547E-08 1.8924E-07 1.80E-06 7.53E-06   0.455 0.6000 7.5939E-06   1070.048
12071.00 0.64250928 3.8904E-27            1.8611E-26 5.1267E-08 1.2177E-08 1.4233E-07 8.0288E-08 1.9359E-07 1.84E-06 7.58E-06   0.442 0.6000 7.6428E-06   1072.277
12081.00 0.60427868 3.9013E-27            1.6692E-26 4.4345E-08 1.1796E-08 1.1892E-07 6.8397E-08 1.6327E-07 1.57E-06 7.54E-06   0.504 0.6000 7.6030E-06   1061.833
12091.00 0.71504700 3.2879E-27            1.8847E-26 6.1316E-08 1.2775E-08 1.7885E-07 9.9678E-08 2.4017E-07 2.28E-06 7.55E-06   0.335 0.6000 7.6166E-06   1088.203
12101.00 0.67452103 3.3076E-27            1.7003E-26 5.4273E-08 1.2424E-08 1.5440E-07 8.7048E-08 2.0868E-07 2.00E-06 7.54E-06   0.394 0.6000 7.6091E-06   1079.445
12111.00 0.67081499 3.1704E-27            1.6105E-26 5.4148E-08 1.2346E-08 1.5369E-07 8.6606E-08 2.0784E-07 1.99E-06 7.50E-06   0.399 0.6000 7.5626E-06   1079.902
12121.00 0.72301579 2.8321E-27            1.6602E-26 6.2107E-08 1.2692E-08 1.8071E-07 1.0003E-07 2.4282E-07 2.29E-06 7.43E-06   0.324 0.6000 7.4981E-06   1091.144
12131.00 0.67308670 2.9587E-27            1.4741E-26 5.2440E-08 1.2343E-08 1.4780E-07 8.3631E-08 2.0024E-07 1.92E-06 7.48E-06   0.396 0.6000 7.5446E-06   1078.865
12141.00 0.57280207 3.1314E-27            1.2021E-26 4.0158E-08 1.1437E-08 1.0381E-07 6.0284E-08 1.4397E-07 1.38E-06 7.37E-06   0.557 0.6000 7.4416E-06   1058.017
12151.00 0.42618039 3.2234E-27            8.4834E-27 2.7869E-08 1.0406E-08 5.7034E-08 3.3868E-08 8.4903E-08 7.76E-07 7.44E-06   0.853 0.6000 7.5107E-06   1025.919
12161.00 0.65106642 2.5708E-27            1.2392E-26 4.9916E-08 1.1952E-08 1.3851E-07 7.8026E-08 1.8842E-07 1.79E-06 7.30E-06   0.429 0.6000 7.3702E-06   1076.990
12171.00 0.69615531 2.3360E-27            1.2665E-26 5.5510E-08 1.2375E-08 1.5922E-07 8.9308E-08 2.1473E-07 2.05E-06 7.33E-06   0.362 0.6000 7.4020E-06   1086.449
12181.00 0.73098642 2.1341E-27            1.2687E-26 6.2309E-08 1.2764E-08 1.8210E-07 1.0121E-07 2.4441E-07 2.32E-06 7.36E-06   0.313 0.6000 7.4299E-06   1095.978
12191.00 0.62327582 2.3178E-27            1.0352E-26 4.6513E-08 1.1768E-08 1.2670E-07 7.2079E-08 1.7322E-07 1.65E-06 7.29E-06   0.473 0.6000 7.3655E-06   1073.598
12201.00 0.61811656 2.2391E-27            9.7827E-27 4.6307E-08 1.1597E-08 1.2354E-07 6.9118E-08 1.6985E-07 1.58E-06 7.21E-06   0.481 0.6000 7.2879E-06   1073.027
12211.00 0.61487424 2.1013E-27            9.2849E-27 4.5874E-08 1.1808E-08 1.2168E-07 6.8485E-08 1.6755E-07 1.57E-06 7.35E-06   0.486 0.6000 7.4288E-06   1072.851
12221.00 0.55606008 2.1144E-27            8.0374E-27 3.9398E-08 1.1340E-08 9.8518E-08 5.6168E-08 1.3792E-07 1.29E-06 7.33E-06   0.587 0.6000 7.4096E-06   1060.961
12231.00 0.60759896 1.9354E-27            8.3559E-27 4.7185E-08 1.2107E-08 1.2574E-07 7.1045E-08 1.7293E-07 1.63E-06 7.52E-06   0.498 0.6000 7.6019E-06   1076.363
12241.00 0.55625290 1.8528E-27            7.3220E-27 4.1417E-08 1.1671E-08 1.0429E-07 5.9200E-08 1.4571E-07 1.36E-06 7.49E-06   0.587 0.6000 7.5712E-06   1065.915
12251.00 0.56375080 1.4934E-27            7.0555E-27 4.2342E-08 1.1746E-08 1.0743E-07 6.1408E-08 1.4978E-07 1.41E-06 7.48E-06   0.573 0.6000 7.5568E-06   1068.409
12261.00 0.58066422 1.5348E-27            6.9597E-27 4.1700E-08 1.1908E-08 1.0680E-07 6.2224E-08 1.4850E-07 1.43E-06 7.49E-06   0.544 0.6000 7.5676E-06   1068.569
12271.00 0.58171642 1.4429E-27            6.6468E-27 4.0905E-08 1.1957E-08 1.0576E-07 6.2002E-08 1.4667E-07 1.42E-06 7.50E-06   0.542 0.6000 7.5742E-06   1068.479
12281.00 0.62587619 1.2098E-27            6.8282E-27 4.5891E-08 1.2395E-08 1.2411E-07 7.3007E-08 1.7000E-07 1.67E-06 7.52E-06   0.469 0.6000 7.5993E-06   1078.828
12291.00 0.61050004 1.2173E-27            6.3602E-27 4.5275E-08 1.2289E-08 1.1959E-07 6.8430E-08 1.6487E-07 1.57E-06 7.54E-06   0.493 0.6000 7.6171E-06   1077.530
12301.00 0.69359344 9.8865E-28            6.8961E-27 5.6806E-08 1.2949E-08 1.6017E-07 8.9957E-08 2.1698E-07 2.06E-06 7.50E-06   0.366 0.6000 7.5809E-06   1096.595
12311.00 0.70263219 8.9974E-28            6.6670E-27 5.7307E-08 1.3008E-08 1.6158E-07 9.0094E-08 2.1889E-07 2.07E-06 7.51E-06   0.353 0.6000 7.5827E-06   1097.916
12321.00 0.71021008 8.7518E-28            6.4378E-27 5.9251E-08 1.3084E-08 1.6850E-07 9.3957E-08 2.2775E-07 2.15E-06 7.49E-06   0.342 0.6000 7.5619E-06   1101.351
12331.00 0.72816145 8.6440E-28            6.2978E-27 6.2899E-08 1.3304E-08 1.8012E-07 9.9690E-08 2.4302E-07 2.29E-06 7.51E-06   0.317 0.6000 7.5814E-06   1106.538
12341.00 0.74274075 8.5082E-28            6.1346E-27 6.5775E-08 1.3286E-08 1.8898E-07 1.0351E-07 2.5475E-07 2.37E-06 7.41E-06   0.297 0.6000 7.4845E-06   1110.534
12351.00 0.74050891 8.0944E-28            5.8366E-27 6.4536E-08 1.3114E-08 1.8533E-07 1.0158E-07 2.4986E-07 2.33E-06 7.32E-06   0.300 0.6000 7.3918E-06   1109.920
12361.00 0.75107664 7.9100E-28            5.6527E-27 6.8302E-08 1.3358E-08 1.9677E-07 1.0726E-07 2.6507E-07 2.46E-06 7.38E-06   0.286 0.6000 7.4500E-06   1114.764
12371.00 0.75357682 7.5914E-28            5.4126E-27 6.9325E-08 1.3490E-08 1.9972E-07 1.0868E-07 2.6905E-07 2.49E-06 7.43E-06   0.283 0.6000 7.4992E-06   1116.537
12381.00 0.76012295 7.3559E-28            5.2126E-27 7.1633E-08 1.3613E-08 2.0686E-07 1.1234E-07 2.7849E-07 2.57E-06 7.44E-06   0.274 0.6000 7.5115E-06   1119.692
12391.00 0.75841355 7.0068E-28            4.9645E-27 7.1819E-08 1.3711E-08 2.0697E-07 1.1238E-07 2.7879E-07 2.58E-06 7.49E-06   0.277 0.6000 7.5618E-06   1120.502
12401.00 0.75776452 6.6827E-28            4.7347E-27 7.2162E-08 1.3851E-08 2.0792E-07 1.1307E-07 2.8008E-07 2.59E-06 7.55E-06   0.277 0.6000 7.6275E-06   1121.561
12411.00 0.76089156 6.4285E-28            4.5386E-27 7.2722E-08 1.3803E-08 2.0934E-07 1.1349E-07 2.8206E-07 2.60E-06 7.50E-06   0.273 0.6000 7.5712E-06   1122.792
12421.00 0.75680071 6.0988E-28            4.3102E-27 6.9728E-08 1.3379E-08 2.0034E-07 1.0879E-07 2.7006E-07 2.49E-06 7.28E-06   0.279 0.6000 7.3492E-06   1120.464
12431.00 0.73861855 5.6110E-28            4.0139E-27 6.6114E-08 1.3518E-08 1.8825E-07 1.0306E-07 2.5436E-07 2.36E-06 7.45E-06   0.303 0.6000 7.5224E-06   1117.003
12441.00 0.74082011 5.3902E-28            3.8438E-27 6.7373E-08 1.3627E-08 1.9169E-07 1.0459E-07 2.5906E-07 2.40E-06 7.49E-06   0.300 0.6000 7.5586E-06   1119.013
12451.00 0.73838919 5.1250E-28            3.6575E-27 6.5901E-08 1.3458E-08 1.8697E-07 1.0204E-07 2.5287E-07 2.34E-06 7.39E-06   0.303 0.6000 7.4655E-06   1118.053
12461.00 0.73292154 4.8348E-28            3.4643E-27 6.4667E-08 1.3561E-08 1.8268E-07 9.9901E-08 2.4735E-07 2.29E-06 7.48E-06   0.311 0.6000 7.5531E-06   1117.243
12471.00 0.74286342 4.7258E-28            3.3532E-27 6.8507E-08 1.3776E-08 1.9420E-07 1.0558E-07 2.6271E-07 2.42E-06 7.52E-06   0.297 0.6000 7.5917E-06   1122.184
12481.00 0.73269230 4.4342E-28            3.1562E-27 6.6786E-08 1.3691E-08 1.8852E-07 1.0288E-07 2.5530E-07 2.36E-06 7.51E-06   0.311 0.6000 7.5823E-06   1120.911
12491.00 0.73798734 4.2801E-28            3.0346E-27 6.7507E-08 1.3648E-08 1.9074E-07 1.0377E-07 2.5824E-07 2.38E-06 7.44E-06   0.304 0.6000 7.5158E-06   1122.443
12501.00 0.74073416 4.1051E-28            2.9065E-27 6.7054E-08 1.3528E-08 1.8922E-07 1.0269E-07 2.5627E-07 2.35E-06 7.36E-06   0.300 0.6000 7.4276E-06   1122.636
12511.00 0.75535065 4.0383E-28            2.8302E-27 7.2295E-08 1.4012E-08 2.0519E-07 1.1085E-07 2.7749E-07 2.54E-06 7.52E-06   0.281 0.6000 7.5963E-06   1128.970
12521.00 0.74628025 3.7912E-28            2.6691E-27 6.9965E-08 1.3928E-08 1.9778E-07 1.0725E-07 2.6774E-07 2.46E-06 7.52E-06   0.293 0.6000 7.5909E-06   1127.175
12531.00 0.75734037 3.7020E-28            2.5855E-27 7.2875E-08 1.4048E-08 2.0670E-07 1.1158E-07 2.7958E-07 2.56E-06 7.50E-06   0.278 0.6000 7.5761E-06   1130.967
12541.00 0.74677861 3.4660E-28            2.4338E-27 7.0055E-08 1.3938E-08 1.9785E-07 1.0733E-07 2.6790E-07 2.46E-06 7.49E-06   0.292 0.6000 7.5663E-06   1128.680
12551.00 0.72890174 3.2020E-28            2.2687E-27 6.5698E-08 1.3803E-08 1.8416E-07 1.0100E-07 2.4985E-07 2.32E-06 7.50E-06   0.316 0.6000 7.5782E-06   1124.505
12561.00 0.72067732 3.0055E-28            2.1386E-27 6.3330E-08 1.3622E-08 1.7675E-07 9.7150E-08 2.4008E-07 2.23E-06 7.44E-06   0.328 0.6000 7.5178E-06   1122.446
12571.00 0.75602639 3.0809E-28            2.1428E-27 7.2688E-08 1.4048E-08 2.0553E-07 1.1092E-07 2.7821E-07 2.54E-06 7.46E-06   0.280 0.6000 7.5341E-06   1133.549
12581.00 0.76100516 2.9736E-28            2.0587E-27 7.1657E-08 1.3632E-08 2.0271E-07 1.0911E-07 2.7437E-07 2.50E-06 7.20E-06   0.273 0.6000 7.2713E-06   1133.294
12591.00 0.76630050 2.8726E-28            1.9789E-27 7.3696E-08 1.3762E-08 2.0862E-07 1.1196E-07 2.8232E-07 2.57E-06 7.22E-06   0.266 0.6000 7.2954E-06   1136.056
12601.00 0.76009274 2.7155E-28            1.8744E-27 7.2204E-08 1.3712E-08 2.0371E-07 1.0951E-07 2.7591E-07 2.51E-06 7.22E-06   0.274 0.6000 7.2929E-06   1135.155
12611.00 0.73977560 2.4931E-28            1.7405E-27 6.8942E-08 1.3877E-08 1.9285E-07 1.0448E-07 2.6179E-07 2.39E-06 7.41E-06   0.301 0.6000 7.4861E-06   1132.163
12621.00 0.73938757 2.3823E-28            1.6609E-27 6.8926E-08 1.3899E-08 1.9292E-07 1.0473E-07 2.6184E-07 2.40E-06 7.41E-06   0.302 0.6000 7.4847E-06   1132.907
12631.00 0.74627334 2.3095E-28            1.5998E-27 6.9090E-08 1.3775E-08 1.9348E-07 1.0466E-07 2.6257E-07 2.40E-06 7.30E-06   0.293 0.6000 7.3759E-06   1133.833
12641.00 0.73599815 2.1655E-28            1.5061E-27 6.8245E-08 1.3962E-08 1.9018E-07 1.0327E-07 2.5842E-07 2.37E-06 7.44E-06   0.307 0.6000 7.5189E-06   1133.437
12651.00 0.73651081 2.0733E-28            1.4389E-27 6.9296E-08 1.4098E-08 1.9268E-07 1.0433E-07 2.6197E-07 2.39E-06 7.49E-06   0.306 0.6000 7.5744E-06   1135.130
12661.00 0.72427970 1.9327E-28            1.3510E-27 6.5964E-08 1.3967E-08 1.8253E-07 9.9610E-08 2.4849E-07 2.28E-06 7.48E-06   0.323 0.6000 7.5617E-06   1132.129
12671.00 0.73526633 1.8822E-28            1.3084E-27 6.8234E-08 1.4167E-08 1.8934E-07 1.0291E-07 2.5757E-07 2.36E-06 7.52E-06   0.308 0.6000 7.6006E-06   1135.390
12681.00 0.75249064 1.8634E-28            1.2783E-27 7.2911E-08 1.4306E-08 2.0345E-07 1.0952E-07 2.7636E-07 2.51E-06 7.48E-06   0.284 0.6000 7.5620E-06   1141.121
12691.00 0.74898458 1.7688E-28            1.2146E-27 7.1812E-08 1.4230E-08 2.0016E-07 1.0806E-07 2.7198E-07 2.48E-06 7.44E-06   0.289 0.6000 7.5242E-06   1140.711
12701.00 0.75536793 1.7119E-28            1.1692E-27 7.4208E-08 1.4415E-08 2.0685E-07 1.1110E-07 2.8106E-07 2.55E-06 7.49E-06   0.281 0.6000 7.5755E-06   1143.787
12711.00 0.75464904 1.6329E-28            1.1149E-27 7.4409E-08 1.4510E-08 2.0675E-07 1.1083E-07 2.8116E-07 2.54E-06 7.54E-06   0.282 0.6000 7.6222E-06   1144.546
12721.00 0.76617306 1.5986E-28            1.0805E-27 7.6751E-08 1.4380E-08 2.1420E-07 1.1427E-07 2.9095E-07 2.62E-06 7.39E-06   0.266 0.6000 7.4713E-06   1147.734
12731.00 0.76665521 1.5292E-28            1.0320E-27 7.6892E-08 1.4381E-08 2.1442E-07 1.1431E-07 2.9131E-07 2.62E-06 7.37E-06   0.266 0.6000 7.4573E-06   1148.557
12741.00 0.76671129 1.4617E-28            9.8519E-28 7.8325E-08 1.4644E-08 2.1817E-07 1.1625E-07 2.9650E-07 2.66E-06 7.49E-06   0.266 0.6000 7.5819E-06   1150.562
12751.00 0.76774853 1.3998E-28            9.4167E-28 7.8594E-08 1.4643E-08 2.1880E-07 1.1650E-07 2.9740E-07 2.67E-06 7.47E-06   0.264 0.6000 7.5638E-06   1151.514
12761.00 0.76916760 1.3417E-28            9.0048E-28 7.7207E-08 1.4308E-08 2.1489E-07 1.1431E-07 2.9209E-07 2.62E-06 7.28E-06   0.262 0.6000 7.3715E-06   1150.948
12771.00 0.76934648 1.2827E-28            8.5973E-28 7.8840E-08 1.4602E-08 2.1922E-07 1.1656E-07 2.9806E-07 2.67E-06 7.42E-06   0.262 0.6000 7.5108E-06   1153.141
12781.00 0.76937413 1.2259E-28            8.2065E-28 7.9839E-08 1.4788E-08 2.2178E-07 1.1786E-07 3.0162E-07 2.70E-06 7.50E-06   0.262 0.6000 7.5955E-06   1154.734
12791.00 0.76930028 1.1712E-28            7.8323E-28 7.9962E-08 1.4816E-08 2.2188E-07 1.1787E-07 3.0184E-07 2.70E-06 7.50E-06   0.262 0.6000 7.5991E-06   1155.521
12801.00 0.76946574 1.1196E-28            7.4777E-28 7.8817E-08 1.4596E-08 2.1847E-07 1.1599E-07 2.9729E-07 2.66E-06 7.38E-06   0.262 0.6000 7.4738E-06   1155.153
12811.00 0.76910734 1.0691E-28            7.1342E-28 7.9729E-08 1.4788E-08 2.2074E-07 1.1715E-07 3.0047E-07 2.69E-06 7.47E-06   0.263 0.6000 7.5630E-06   1156.656
12821.00 0.76925462 1.0220E-28            6.8109E-28 7.8946E-08 1.4637E-08 2.1836E-07 1.1583E-07 2.9730E-07 2.65E-06 7.38E-06   0.262 0.6000 7.4729E-06   1156.621
12831.00 0.76884013 9.7572E-29            6.4975E-28 7.9869E-08 1.4834E-08 2.2064E-07 1.1700E-07 3.0050E-07 2.68E-06 7.47E-06   0.263 0.6000 7.5645E-06   1158.130
12841.00 0.76897740 9.3270E-29            6.2030E-28 8.0291E-08 1.4907E-08 2.2157E-07 1.1743E-07 3.0186E-07 2.69E-06 7.49E-06   0.263 0.6000 7.5875E-06   1159.191
12851.00 0.76876557 8.9092E-29            5.9191E-28 8.0258E-08 1.4915E-08 2.2122E-07 1.1720E-07 3.0148E-07 2.69E-06 7.48E-06   0.263 0.6000 7.5802E-06   1159.831
12861.00 0.76868719 8.5123E-29            5.6492E-28 7.8732E-08 1.4638E-08 2.1676E-07 1.1478E-07 2.9549E-07 2.63E-06 7.33E-06   0.263 0.6000 7.4270E-06   1159.105
12871.00 0.76864874 8.1339E-29            5.3918E-28 8.0614E-08 1.4993E-08 2.2169E-07 1.1734E-07 3.0230E-07 2.69E-06 7.50E-06   0.263 0.6000 7.5937E-06   1161.496
12881.00 0.76845497 7.7696E-29            5.1452E-28 8.0503E-08 1.4986E-08 2.2113E-07 1.1700E-07 3.0163E-07 2.68E-06 7.48E-06   0.263 0.6000 7.5782E-06   1162.066
12891.00 0.76808763 7.4187E-29            4.9087E-28 8.0429E-08 1.4998E-08 2.2068E-07 1.1673E-07 3.0110E-07 2.68E-06 7.48E-06   0.264 0.6000 7.5729E-06   1162.671
12901.00 0.76796436 7.0880E-29            4.6845E-28 7.6645E-08 1.4301E-08 2.1006E-07 1.1107E-07 2.8671E-07 2.55E-06 7.12E-06   0.264 0.6000 7.2091E-06   1159.842
12911.00 0.76750129 6.7669E-29            4.4686E-28 7.8356E-08 1.4651E-08 2.1452E-07 1.1340E-07 2.9287E-07 2.60E-06 7.28E-06   0.265 0.6000 7.3749E-06   1162.117
12921.00 0.76727343 6.4633E-29            4.2640E-28 8.0620E-08 1.5090E-08 2.2049E-07 1.1651E-07 3.0111E-07 2.67E-06 7.49E-06   0.265 0.6000 7.5841E-06   1164.868
12931.00 0.76674861 6.1691E-29            4.0671E-28 8.0076E-08 1.5023E-08 2.1879E-07 1.1560E-07 2.9887E-07 2.65E-06 7.45E-06   0.266 0.6000 7.5411E-06   1165.054
12941.00 0.76595360 5.8880E-29            3.8780E-28 7.7951E-08 1.4674E-08 2.1280E-07 1.1243E-07 2.9075E-07 2.58E-06 7.27E-06   0.267 0.6000 7.3599E-06   1163.781
12951.00 0.76557773 5.6220E-29            3.6997E-28 7.8969E-08 1.4891E-08 2.1537E-07 1.1376E-07 2.9434E-07 2.61E-06 7.37E-06   0.267 0.6000 7.4590E-06   1165.404
12961.00 0.76504594 5.3669E-29            3.5288E-28 7.7850E-08 1.4710E-08 2.1212E-07 1.1204E-07 2.8998E-07 2.57E-06 7.27E-06   0.268 0.6000 7.3595E-06   1165.047
12971.00 0.76398993 5.1178E-29            3.3636E-28 7.9112E-08 1.5004E-08 2.1543E-07 1.1385E-07 2.9454E-07 2.61E-06 7.41E-06   0.269 0.6000 7.5010E-06   1166.916
12981.00 0.75974703 4.8476E-29            3.1926E-28 7.7245E-08 1.4889E-08 2.1067E-07 1.1174E-07 2.8791E-07 2.56E-06 7.37E-06   0.275 0.6000 7.4677E-06   1165.987
12991.00 0.75369632 4.5744E-29            3.0229E-28 7.5062E-08 1.4766E-08 2.0532E-07 1.0966E-07 2.8038E-07 2.51E-06 7.34E-06   0.283 0.6000 7.4373E-06   1164.791
13001.00 0.74368715 4.2892E-29            2.8470E-28 7.3005E-08 1.4706E-08 1.9983E-07 1.0754E-07 2.7284E-07 2.46E-06 7.36E-06   0.296 0.6000 7.4697E-06   1163.542
13011.00 0.73522705 4.0354E-29            2.6867E-28 7.2324E-08 1.4738E-08 1.9697E-07 1.0650E-07 2.6930E-07 2.44E-06 7.41E-06   0.308 0.6000 7.5399E-06   1163.326
13021.00 0.71521837 3.7281E-29            2.4948E-28 6.8559E-08 1.4396E-08 1.8553E-07 1.0087E-07 2.5409E-07 2.31E-06 7.36E-06   0.335 0.6000 7.5258E-06   1159.864
13031.00 0.69510114 3.7112E-29            2.3143E-28 6.4854E-08 1.4118E-08 1.7436E-07 9.5192E-08 2.3922E-07 2.18E-06 7.38E-06   0.364 0.6000 7.5545E-06   1156.271
13041.00 0.66178644 3.4486E-29            2.1034E-28 5.7269E-08 1.2858E-08 1.5167E-07 8.2184E-08 2.0894E-07 1.88E-06 6.96E-06   0.413 0.6000 7.1580E-06   1147.419
13051.00 0.62745464 3.0761E-29            1.9037E-28 4.8342E-08 1.2041E-08 1.2680E-07 7.0307E-08 1.7514E-07 1.61E-06 6.86E-06   0.466 0.6000 7.0679E-06   1135.882
13061.00 0.57194847 2.7190E-29            1.6573E-28 4.2307E-08 1.1486E-08 1.0777E-07 5.9733E-08 1.5008E-07 1.37E-06 7.07E-06   0.559 0.6000 7.3488E-06   1126.078
13071.00 0.51034307 2.4309E-29            1.4121E-28 3.6624E-08 1.0634E-08 8.9342E-08 4.8290E-08 1.2597E-07 1.11E-06 7.19E-06   0.673 0.6000 7.5912E-06   1115.083
13081.00 0.45689440 2.1758E-29            1.2059E-28 2.9429E-08 9.6003E-09 6.8769E-08 3.7465E-08 9.8197E-08 8.59E-07 7.12E-06   0.783 0.6000 7.5900E-06   1099.550
13091.00 0.39166975 1.9236E-29            9.8614E-29 2.1885E-08 8.3421E-09 4.6838E-08 2.5780E-08 6.8723E-08 5.91E-07 7.02E-06   0.937 0.6000 7.5855E-06   1077.774
13101.00 0.35932532 1.7166E-29            8.6328E-29 1.8443E-08 7.6149E-09 3.6927E-08 2.0096E-08 5.5369E-08 4.61E-07 6.93E-06   1.024 0.6000 7.5818E-06   1065.288
13111.00 0.38610604 1.6098E-29            8.8426E-29 1.9730E-08 7.8809E-09 4.0687E-08 2.2085E-08 6.0417E-08 5.06E-07 6.88E-06   0.952 0.6000 7.5031E-06   1071.245
13121.00 0.56244379 1.9648E-29            1.2291E-28 3.9852E-08 1.0683E-08 1.0036E-07 5.3497E-08 1.4021E-07 1.23E-06 6.89E-06   0.575 0.6000 7.2390E-06   1125.737
13131.00 0.35744068 1.5554E-29            7.5119E-29 1.7575E-08 7.4192E-09 3.3700E-08 1.8990E-08 5.1276E-08 4.35E-07 6.85E-06   1.029 0.6000 7.4454E-06   1062.702
13141.00 0.19156392 1.4537E-29            3.8313E-29 7.2617E-09 4.9134E-09 4.1199E-09 2.4983E-09 1.1382E-08 5.73E-08 6.61E-06   1.653 0.6000 7.4787E-06    980.379
13151.00 0.17602427 1.3400E-29            3.3382E-29 7.6071E-09 4.9899E-09 4.3267E-09 2.7703E-09 1.1934E-08 6.35E-08 6.47E-06   1.737 0.6000 7.4464E-06    983.425
13161.00 0.33536187 1.6979E-29            6.0434E-29 2.1351E-08 8.2785E-09 4.0679E-08 2.3822E-08 6.2030E-08 5.46E-07 6.84E-06   1.093 0.6000 7.5141E-06   1076.242
13171.00 0.71164978 2.0100E-29            1.2307E-28 7.2021E-08 1.4639E-08 1.8961E-07 9.9877E-08 2.6164E-07 2.29E-06 7.33E-06   0.340 0.6000 7.4986E-06   1172.855
13181.00 0.76301998 1.9724E-29            1.2622E-28 7.9335E-08 1.5146E-08 2.1041E-07 1.0989E-07 2.8974E-07 2.52E-06 7.22E-06   0.270 0.6000 7.3163E-06   1181.037
13191.00 0.76394016 1.8883E-29            1.2062E-28 8.1768E-08 1.5553E-08 2.1654E-07 1.1301E-07 2.9831E-07 2.59E-06 7.39E-06   0.269 0.6000 7.4903E-06   1183.915
13201.00 0.76388747 1.8041E-29            1.1511E-28 8.1421E-08 1.5492E-08 2.1538E-07 1.1235E-07 2.9680E-07 2.58E-06 7.35E-06   0.269 0.6000 7.4493E-06   1184.270
13211.00 0.76386142 1.7239E-29            1.0987E-28 8.1520E-08 1.5513E-08 2.1539E-07 1.1230E-07 2.9692E-07 2.57E-06 7.35E-06   0.269 0.6000 7.4483E-06   1185.027
13221.00 0.76366359 1.6465E-29            1.0483E-28 8.1301E-08 1.5485E-08 2.1457E-07 1.1182E-07 2.9587E-07 2.56E-06 7.33E-06   0.270 0.6000 7.4250E-06   1185.496
13231.00 0.76343948 1.5725E-29            1.0003E-28 8.0892E-08 1.5422E-08 2.1323E-07 1.1108E-07 2.9413E-07 2.55E-06 7.29E-06   0.270 0.6000 7.3850E-06   1185.788
13241.00 0.76326430 1.5021E-29            9.5447E-29 8.2290E-08 1.5700E-08 2.1667E-07 1.1282E-07 2.9896E-07 2.59E-06 7.41E-06   0.270 0.6000 7.5083E-06   1187.722
13251.00 0.76315230 1.4350E-29            9.1084E-29 8.2598E-08 1.5767E-08 2.1723E-07 1.1305E-07 2.9982E-07 2.59E-06 7.43E-06   0.270 0.6000 7.5299E-06   1188.665
13261.00 0.76280993 1.3702E-29            8.6894E-29 8.2823E-08 1.5833E-08 2.1756E-07 1.1318E-07 3.0038E-07 2.59E-06 7.45E-06   0.271 0.6000 7.5529E-06   1189.532
13271.00 0.76276112 1.3093E-29            8.2929E-29 8.2068E-08 1.5692E-08 2.1532E-07 1.1196E-07 2.9739E-07 2.57E-06 7.37E-06   0.271 0.6000 7.4749E-06   1189.519
13281.00 0.76256049 1.2506E-29            7.9128E-29 8.1381E-08 1.5573E-08 2.1327E-07 1.1085E-07 2.9465E-07 2.54E-06 7.30E-06   0.271 0.6000 7.4093E-06   1189.562
13291.00 0.76233751 1.1945E-29            7.5500E-29 8.1116E-08 1.5537E-08 2.1231E-07 1.1030E-07 2.9343E-07 2.53E-06 7.28E-06   0.271 0.6000 7.3830E-06   1189.984
13301.00 0.76200235 1.1406E-29            7.2027E-29 8.2187E-08 1.5763E-08 2.1485E-07 1.1157E-07 2.9703E-07 2.56E-06 7.37E-06   0.272 0.6000 7.4823E-06   1191.616
13311.00 0.76191610 1.0897E-29            6.8737E-29 7.9757E-08 1.5304E-08 2.0826E-07 1.0810E-07 2.8802E-07 2.48E-06 7.15E-06   0.272 0.6000 7.2543E-06   1190.062
13321.00 0.76134747 1.0400E-29            6.5555E-29 8.2102E-08 1.5789E-08 2.1408E-07 1.1108E-07 2.9618E-07 2.55E-06 7.37E-06   0.273 0.6000 7.4775E-06   1192.860
13331.00 0.76127142 9.9361E-30            6.2560E-29 8.1429E-08 1.5666E-08 2.1209E-07 1.1001E-07 2.9352E-07 2.52E-06 7.30E-06   0.273 0.6000 7.4089E-06   1192.919
13341.00 0.76111031 9.4912E-30            5.9696E-29 7.9622E-08 1.5328E-08 2.0714E-07 1.0739E-07 2.8676E-07 2.46E-06 7.13E-06   0.273 0.6000 7.2399E-06   1191.920
13351.00 0.76110798 9.0693E-30            5.6974E-29 8.2176E-08 1.5821E-08 2.1356E-07 1.1066E-07 2.9574E-07 2.54E-06 7.35E-06   0.273 0.6000 7.4618E-06   1194.933
13361.00 0.76089031 8.6614E-30            5.4362E-29 8.1723E-08 1.5748E-08 2.1213E-07 1.0987E-07 2.9385E-07 2.52E-06 7.30E-06   0.273 0.6000 7.4177E-06   1195.185
13371.00 0.76031703 8.2654E-30            5.1844E-29 8.1551E-08 1.5750E-08 2.1137E-07 1.0944E-07 2.9293E-07 2.51E-06 7.29E-06   0.274 0.6000 7.4110E-06   1195.678
13381.00 0.76001012 7.8929E-30            4.9461E-29 8.2025E-08 1.5862E-08 2.1234E-07 1.0989E-07 2.9436E-07 2.52E-06 7.34E-06   0.274 0.6000 7.4538E-06   1196.770
13391.00 0.75983161 7.5383E-30            4.7194E-29 8.2110E-08 1.5891E-08 2.1232E-07 1.0983E-07 2.9443E-07 2.52E-06 7.34E-06   0.275 0.6000 7.4568E-06   1197.514
13401.00 0.75939751 7.1961E-30            4.5018E-29 8.1435E-08 1.5788E-08 2.1027E-07 1.0874E-07 2.9171E-07 2.49E-06 7.28E-06   0.275 0.6000 7.3986E-06   1197.551
13411.00 0.75833243 6.8591E-30            4.2904E-29 8.1928E-08 1.5950E-08 2.1118E-07 1.0918E-07 2.9310E-07 2.50E-06 7.35E-06   0.277 0.6000 7.4693E-06   1198.633
13421.00 0.75891721 6.5626E-30            4.0979E-29 8.0514E-08 1.5640E-08 2.0736E-07 1.0714E-07 2.8788E-07 2.46E-06 7.19E-06   0.276 0.6000 7.3080E-06   1198.021
13431.00 0.75729370 6.2486E-30            3.9029E-29 7.9028E-08 1.5446E-08 2.0310E-07 1.0495E-07 2.8213E-07 2.41E-06 7.10E-06   0.278 0.6000 7.2145E-06   1197.249
13441.00 0.75668347 5.9618E-30            3.7216E-29 8.1502E-08 1.5968E-08 2.0913E-07 1.0802E-07 2.9063E-07 2.48E-06 7.33E-06   0.279 0.6000 7.4488E-06   1200.184
13451.00 0.75791574 5.7126E-30            3.5578E-29 8.2121E-08 1.6016E-08 2.1064E-07 1.0869E-07 2.9276E-07 2.49E-06 7.33E-06   0.277 0.6000 7.4513E-06   1201.453
13461.00 0.75237310 5.3937E-30            3.3711E-29 7.9510E-08 1.5821E-08 2.0301E-07 1.0490E-07 2.8252E-07 2.40E-06 7.26E-06   0.285 0.6000 7.3809E-06   1199.531
13471.00 0.75134319 5.1404E-30            3.2124E-29 7.6427E-08 1.5276E-08 1.9485E-07 1.0071E-07 2.7128E-07 2.31E-06 7.01E-06   0.286 0.6000 7.1206E-06   1197.245
13481.00 0.75094849 4.9088E-30            3.0647E-29 7.6536E-08 1.5310E-08 1.9485E-07 1.0064E-07 2.7139E-07 2.31E-06 7.01E-06   0.286 0.6000 7.1258E-06   1197.999
13491.00 0.74480456 4.6286E-30            2.9008E-29 7.4499E-08 1.5223E-08 1.8883E-07 9.7772E-08 2.6333E-07 2.24E-06 7.00E-06   0.295 0.6000 7.1079E-06   1196.496
13501.00 0.75000858 4.4711E-30            2.7877E-29 7.8382E-08 1.5752E-08 1.9890E-07 1.0265E-07 2.7729E-07 2.35E-06 7.20E-06   0.288 0.6000 7.3132E-06   1201.041
13511.00 0.74146616 4.1985E-30            2.6311E-29 7.5795E-08 1.5664E-08 1.9116E-07 9.8938E-08 2.6695E-07 2.27E-06 7.20E-06   0.299 0.6000 7.3098E-06   1198.950
13521.00 0.73132175 3.9263E-30            2.4762E-29 7.3008E-08 1.5583E-08 1.8292E-07 9.5125E-08 2.5593E-07 2.18E-06 7.20E-06   0.313 0.6000 7.3173E-06   1196.563
13531.00 0.73470694 3.7762E-30            2.3734E-29 7.1705E-08 1.5152E-08 1.7990E-07 9.3446E-08 2.5160E-07 2.14E-06 6.97E-06   0.308 0.6000 7.0827E-06   1196.030
13541.00 0.72203010 3.5169E-30            2.2270E-29 7.0443E-08 1.5469E-08 1.7491E-07 9.1202E-08 2.4535E-07 2.09E-06 7.17E-06   0.326 0.6000 7.2893E-06   1194.904
13551.00 0.73474342 3.4460E-30            2.1623E-29 7.5334E-08 1.5955E-08 1.8829E-07 9.7528E-08 2.6362E-07 2.24E-06 7.32E-06   0.308 0.6000 7.4378E-06   1200.912
13561.00 0.72215635 3.2136E-30            2.0294E-29 7.2344E-08 1.5864E-08 1.7940E-07 9.3422E-08 2.5174E-07 2.14E-06 7.33E-06   0.326 0.6000 7.4514E-06   1198.233
13571.00 0.70710599 2.9787E-30            1.8955E-29 6.8194E-08 1.5613E-08 1.6744E-07 8.7929E-08 2.3564E-07 2.02E-06 7.28E-06   0.347 0.6000 7.3967E-06   1194.106
13581.00 0.70353490 2.8251E-30            1.7998E-29 6.5953E-08 1.5438E-08 1.6146E-07 8.5181E-08 2.2741E-07 1.95E-06 7.21E-06   0.352 0.6000 7.3305E-06   1192.234
13591.00 0.71891379 2.7877E-30            1.7551E-29 6.9615E-08 1.5547E-08 1.7191E-07 8.9826E-08 2.4152E-07 2.06E-06 7.17E-06   0.330 0.6000 7.2885E-06   1197.349
13601.00 0.70688921 2.6080E-30            1.6478E-29 6.8859E-08 1.5671E-08 1.6813E-07 8.7804E-08 2.3699E-07 2.01E-06 7.27E-06   0.347 0.6000 7.3844E-06   1196.680
13611.00 0.70782524 2.4930E-30            1.5739E-29 6.9575E-08 1.5851E-08 1.7021E-07 8.9124E-08 2.3978E-07 2.04E-06 7.34E-06   0.346 0.6000 7.4548E-06   1198.257
13621.00 0.73201680 2.5027E-30            1.5537E-29 7.5991E-08 1.6192E-08 1.8817E-07 9.7157E-08 2.6416E-07 2.23E-06 7.36E-06   0.312 0.6000 7.4763E-06   1206.121
13631.00 0.68516904 2.3379E-30            1.3886E-29 6.5294E-08 1.5565E-08 1.5707E-07 8.2919E-08 2.2236E-07 1.90E-06 7.28E-06   0.378 0.6000 7.3964E-06   1194.184
13641.00 0.69594067 2.2791E-30            1.3454E-29 6.6210E-08 1.5419E-08 1.5943E-07 8.3119E-08 2.2564E-07 1.91E-06 7.16E-06   0.362 0.6000 7.2736E-06   1195.964
13651.00 0.70323300 2.1409E-30            1.2974E-29 6.7850E-08 1.5536E-08 1.6437E-07 8.5545E-08 2.3222E-07 1.96E-06 7.17E-06   0.352 0.6000 7.2899E-06   1198.782
13661.00 0.62911177 2.0185E-30            1.1085E-29 5.5393E-08 1.4984E-08 1.2582E-07 6.7068E-08 1.8121E-07 1.54E-06 7.26E-06   0.463 0.6000 7.3809E-06   1181.615
13671.00 0.62302262 1.8493E-30            1.0477E-29 5.1234E-08 1.4770E-08 1.1443E-07 6.1835E-08 1.6567E-07 1.42E-06 7.20E-06   0.473 0.6000 7.3220E-06   1175.983
13681.00 0.63414019 1.7969E-30            1.0171E-29 5.4494E-08 1.4698E-08 1.2324E-07 6.5510E-08 1.7774E-07 1.50E-06 7.08E-06   0.455 0.6000 7.2028E-06   1181.657
13691.00 0.59546936 1.7321E-30            9.1059E-30 4.9411E-08 1.4720E-08 1.0648E-07 5.7521E-08 1.5589E-07 1.32E-06 7.27E-06   0.518 0.6000 7.3972E-06   1173.131
13701.00 0.64982784 1.6221E-30            9.4986E-30 5.6529E-08 1.5213E-08 1.3035E-07 7.0041E-08 1.8688E-07 1.61E-06 7.23E-06   0.431 0.6000 7.3541E-06   1186.646
13711.00 0.56543964 1.4367E-30            7.8860E-30 4.1855E-08 1.3723E-08 8.6267E-08 4.8110E-08 1.2812E-07 1.10E-06 6.91E-06   0.570 0.6000 7.0258E-06   1160.978
13721.00 0.65650880 1.5745E-30            8.7216E-30 5.9019E-08 1.4841E-08 1.3658E-07 7.2135E-08 1.9559E-07 1.65E-06 6.98E-06   0.421 0.6000 7.1045E-06   1191.333
13731.00 0.62883306 1.4359E-30            8.0020E-30 5.4008E-08 1.4930E-08 1.2079E-07 6.4186E-08 1.7480E-07 1.47E-06 7.19E-06   0.464 0.6000 7.3140E-06   1184.013
13741.00 0.53722197 1.5655E-30            6.5007E-30 4.3120E-08 1.4125E-08 8.4527E-08 4.5525E-08 1.2765E-07 1.04E-06 7.23E-06   0.621 0.6000 7.3536E-06   1162.815
13751.00 0.64119744 1.2481E-30            7.4108E-30 5.8477E-08 1.5406E-08 1.3197E-07 6.9232E-08 1.9044E-07 1.59E-06 7.31E-06   0.444 0.6000 7.4416E-06   1191.548
13761.00 0.57995552 1.2022E-30            6.4065E-30 4.8635E-08 1.4647E-08 1.0233E-07 5.5304E-08 1.5096E-07 1.27E-06 7.24E-06   0.545 0.6000 7.3658E-06   1175.808
13771.00 0.61585891 1.1207E-30            6.4843E-30 4.9593E-08 1.4863E-08 1.0825E-07 5.8979E-08 1.5785E-07 1.35E-06 7.17E-06   0.485 0.6000 7.2949E-06   1179.633
13781.00 0.57266527 1.3315E-30            5.7648E-30 5.0461E-08 1.4707E-08 1.0653E-07 5.6764E-08 1.5699E-07 1.30E-06 7.25E-06   0.557 0.6000 7.3832E-06   1179.955
13791.00 0.60375470 1.0991E-30            5.7844E-30 5.1161E-08 1.4917E-08 1.1088E-07 5.9673E-08 1.6204E-07 1.37E-06 7.21E-06   0.505 0.6000 7.3406E-06   1182.886
13801.00 0.56983626 1.1424E-30            5.2215E-30 4.9258E-08 1.4643E-08 1.0232E-07 5.5012E-08 1.5158E-07 1.26E-06 7.21E-06   0.562 0.6000 7.3445E-06   1178.900
13811.00 0.59381789 9.8088E-31            5.1883E-30 5.2660E-08 1.4909E-08 1.1341E-07 5.9904E-08 1.6607E-07 1.37E-06 7.23E-06   0.521 0.6000 7.3600E-06   1186.032
13821.00 0.54933614 1.0786E-30            4.5738E-30 4.7362E-08 1.4574E-08 9.5181E-08 5.0737E-08 1.4254E-07 1.16E-06 7.28E-06   0.599 0.6000 7.4156E-06   1176.015
13831.00 0.66563767 9.4910E-31            5.2952E-30 6.2984E-08 1.5666E-08 1.4461E-07 7.5103E-08 2.0759E-07 1.72E-06 7.21E-06   0.407 0.6000 7.3440E-06   1203.466
13841.00 0.68381202 9.0465E-31            5.1905E-30 6.4785E-08 1.5405E-08 1.5142E-07 7.8607E-08 2.1621E-07 1.80E-06 6.97E-06   0.380 0.6000 7.1063E-06   1207.148
13851.00 0.68585688 8.4633E-31            4.9723E-30 6.4973E-08 1.5879E-08 1.5132E-07 7.8719E-08 2.1629E-07 1.80E-06 7.19E-06   0.377 0.6000 7.3322E-06   1207.891
13861.00 0.68861616 8.0356E-31            4.7647E-30 6.5656E-08 1.5893E-08 1.5316E-07 7.9649E-08 2.1882E-07 1.83E-06 7.17E-06   0.373 0.6000 7.3065E-06   1209.455
13871.00 0.59880787 7.4959E-31            3.9586E-30 5.0482E-08 1.4429E-08 1.0746E-07 5.7065E-08 1.5795E-07 1.31E-06 6.92E-06   0.513 0.6000 7.0523E-06   1186.710
13881.00 0.52148688 7.8550E-31            3.2870E-30 4.2779E-08 1.4168E-08 8.1376E-08 4.3728E-08 1.2416E-07 1.00E-06 7.16E-06   0.651 0.6000 7.3060E-06   1170.658
13891.00 0.54633421 7.6269E-31            3.2820E-30 4.2690E-08 1.4294E-08 8.3794E-08 4.6104E-08 1.2648E-07 1.06E-06 7.09E-06   0.605 0.6000 7.2275E-06   1172.631
13901.00 0.53371352 7.4238E-31            3.0586E-30 4.2796E-08 1.3905E-08 8.2703E-08 4.4726E-08 1.2550E-07 1.03E-06 6.93E-06   0.628 0.6000 7.0741E-06   1172.788
13911.00 0.49668637 7.3385E-31            2.7226E-30 4.0857E-08 1.3546E-08 7.5301E-08 4.0331E-08 1.1616E-07 9.24E-07 6.89E-06   0.700 0.6000 7.0323E-06   1168.186
13921.00 0.57195652 6.4350E-31            2.9865E-30 4.8352E-08 1.4451E-08 9.8986E-08 5.2645E-08 1.4734E-07 1.21E-06 6.98E-06   0.559 0.6000 7.1195E-06   1185.327
13931.00 0.54325253 6.0070E-31            2.7107E-30 4.3653E-08 1.4480E-08 8.6100E-08 4.7582E-08 1.2975E-07 1.09E-06 7.11E-06   0.610 0.6000 7.2560E-06   1177.174
13941.00 0.55363131 6.1654E-31            2.6326E-30 4.4625E-08 1.4866E-08 8.8021E-08 4.8449E-08 1.3265E-07 1.11E-06 7.24E-06   0.591 0.6000 7.3884E-06   1179.397
13951.00 0.63527101 4.9566E-31            2.8808E-30 5.3290E-08 1.5039E-08 1.1536E-07 6.0854E-08 1.6865E-07 1.39E-06 6.94E-06   0.454 0.6000 7.0864E-06   1196.992
13961.00 0.70833802 5.0648E-31            3.0689E-30 7.0361E-08 1.6278E-08 1.6435E-07 8.4098E-08 2.3471E-07 1.93E-06 7.12E-06   0.345 0.6000 7.2741E-06   1221.776
13971.00 0.72177041 4.9818E-31            2.9844E-30 7.4418E-08 1.6533E-08 1.7565E-07 8.9456E-08 2.5007E-07 2.05E-06 7.15E-06   0.326 0.6000 7.3034E-06   1227.222
13981.00 0.71627200 4.7059E-31            2.8273E-30 7.0781E-08 1.6016E-08 1.6603E-07 8.4570E-08 2.3682E-07 1.94E-06 6.95E-06   0.334 0.6000 7.1012E-06   1223.872
13991.00 0.72741902 4.6064E-31            2.7394E-30 7.4867E-08 1.6300E-08 1.7717E-07 8.9809E-08 2.5204E-07 2.06E-06 7.00E-06   0.318 0.6000 7.1508E-06   1229.246
14001.00 0.73238176 4.4489E-31            2.6324E-30 7.8606E-08 1.6869E-08 1.8644E-07 9.4287E-08 2.6504E-07 2.16E-06 7.21E-06   0.311 0.6000 7.3618E-06   1233.753
14011.00 0.73653907 4.2907E-31            2.5263E-30 7.9819E-08 1.6866E-08 1.8964E-07 9.5664E-08 2.6946E-07 2.19E-06 7.17E-06   0.306 0.6000 7.3230E-06   1235.723
14021.00 0.73180795 4.0541E-31            2.3956E-30 7.6256E-08 1.6441E-08 1.8018E-07 9.0963E-08 2.5643E-07 2.08E-06 7.01E-06   0.312 0.6000 7.1568E-06   1232.699
14031.00 0.73888016 3.9356E-31            2.3080E-30 8.0136E-08 1.6818E-08 1.9010E-07 9.5657E-08 2.7024E-07 2.19E-06 7.11E-06   0.303 0.6000 7.2644E-06   1237.382
14041.00 0.73702788 3.7464E-31            2.1973E-30 7.9565E-08 1.6796E-08 1.8855E-07 9.5036E-08 2.6812E-07 2.18E-06 7.10E-06   0.305 0.6000 7.2526E-06   1237.504
14051.00 0.73904490 3.5948E-31            2.1025E-30 8.0255E-08 1.6828E-08 1.9014E-07 9.5647E-08 2.7039E-07 2.19E-06 7.09E-06   0.302 0.6000 7.2437E-06   1238.864
14061.00 0.73492384 3.4031E-31            1.9954E-30 7.8987E-08 1.6830E-08 1.8622E-07 9.3701E-08 2.6521E-07 2.15E-06 7.10E-06   0.308 0.6000 7.2598E-06   1238.116
14071.00 0.73308575 3.2382E-31            1.8993E-30 7.9808E-08 1.7106E-08 1.8768E-07 9.4420E-08 2.6749E-07 2.16E-06 7.22E-06   0.310 0.6000 7.3793E-06   1239.484
14081.00 0.73125082 3.0801E-31            1.8080E-30 7.9214E-08 1.7124E-08 1.8576E-07 9.3462E-08 2.6498E-07 2.14E-06 7.23E-06   0.313 0.6000 7.3891E-06   1239.487
14091.00 0.73377413 2.9594E-31            1.7313E-30 7.9479E-08 1.7014E-08 1.8666E-07 9.3894E-08 2.6614E-07 2.15E-06 7.15E-06   0.310 0.6000 7.3099E-06   1240.537
14101.00 0.73069155 2.8119E-31            1.6454E-30 7.7958E-08 1.6800E-08 1.8234E-07 9.1634E-08 2.6030E-07 2.10E-06 7.07E-06   0.314 0.6000 7.2252E-06   1239.573
14111.00 0.73640078 2.7195E-31            1.5822E-30 7.9592E-08 1.6833E-08 1.8684E-07 9.3698E-08 2.6643E-07 2.15E-06 7.04E-06   0.306 0.6000 7.1951E-06   1242.058
14121.00 0.72267795 2.5219E-31            1.4822E-30 7.7253E-08 1.7147E-08 1.7922E-07 9.0342E-08 2.5648E-07 2.07E-06 7.24E-06   0.325 0.6000 7.4015E-06   1239.889
14131.00 0.72691166 2.4360E-31            1.4223E-30 7.8295E-08 1.7170E-08 1.8195E-07 9.1440E-08 2.6024E-07 2.10E-06 7.21E-06   0.319 0.6000 7.3775E-06   1241.711
14141.00 0.73181659 2.3562E-31            1.3667E-30 7.7371E-08 1.6665E-08 1.8038E-07 9.0484E-08 2.5775E-07 2.07E-06 6.96E-06   0.312 0.6000 7.1188E-06   1241.699
14151.00 0.71956223 2.1969E-31            1.2823E-30 7.5562E-08 1.6952E-08 1.7464E-07 8.8232E-08 2.5020E-07 2.02E-06 7.13E-06   0.329 0.6000 7.2975E-06   1240.166
14161.00 0.72079408 2.1060E-31            1.2258E-30 7.5818E-08 1.6968E-08 1.7540E-07 8.8650E-08 2.5122E-07 2.03E-06 7.12E-06   0.327 0.6000 7.2867E-06   1241.190
14171.00 0.71438038 1.9935E-31            1.1597E-30 7.4639E-08 1.6905E-08 1.7152E-07 8.6642E-08 2.4616E-07 1.99E-06 7.12E-06   0.336 0.6000 7.2819E-06   1240.368
14181.00 0.71069252 1.8886E-31            1.1002E-30 7.4728E-08 1.7116E-08 1.7093E-07 8.6363E-08 2.4566E-07 1.98E-06 7.21E-06   0.342 0.6000 7.3827E-06   1240.931
14191.00 0.72971827 1.8796E-31            1.0784E-30 8.0037E-08 1.7350E-08 1.8526E-07 9.2760E-08 2.6530E-07 2.13E-06 7.20E-06   0.315 0.6000 7.3659E-06   1247.480
14201.00 0.69911528 1.6897E-31            9.8626E-31 7.1971E-08 1.6776E-08 1.6312E-07 8.2552E-08 2.3509E-07 1.89E-06 7.10E-06   0.358 0.6000 7.2675E-06   1239.048
14211.00 0.73087734 1.7243E-31            9.8323E-31 8.0653E-08 1.7186E-08 1.8665E-07 9.3186E-08 2.6731E-07 2.14E-06 7.09E-06   0.314 0.6000 7.2579E-06   1249.492
14221.00 0.71139073 1.5854E-31            9.1447E-31 7.5122E-08 1.6959E-08 1.7148E-07 8.6347E-08 2.4660E-07 1.98E-06 7.09E-06   0.341 0.6000 7.2581E-06   1244.081
14231.00 0.68706632 1.4378E-31            8.4173E-31 6.7609E-08 1.6404E-08 1.5136E-07 7.7098E-08 2.1897E-07 1.77E-06 6.98E-06   0.375 0.6000 7.1422E-06   1235.869
14241.00 0.70262647 1.4179E-31            8.2189E-31 7.1337E-08 1.6722E-08 1.6150E-07 8.1797E-08 2.3284E-07 1.87E-06 7.02E-06   0.353 0.6000 7.1894E-06   1241.179
14251.00 0.69180727 1.3254E-31            7.7185E-31 6.7958E-08 1.6256E-08 1.5220E-07 7.7127E-08 2.2016E-07 1.77E-06 6.86E-06   0.368 0.6000 7.0286E-06   1237.694
14261.00 0.70514536 1.3005E-31            7.5104E-31 7.2197E-08 1.6842E-08 1.6274E-07 8.1924E-08 2.3494E-07 1.88E-06 7.04E-06   0.349 0.6000 7.2140E-06   1243.282
14271.00 0.68265069 1.1841E-31            6.9386E-31 6.6336E-08 1.6471E-08 1.4665E-07 7.4424E-08 2.1298E-07 1.71E-06 7.00E-06   0.382 0.6000 7.1715E-06   1236.643
14281.00 0.70195681 1.1842E-31            6.8098E-31 7.2567E-08 1.6783E-08 1.6309E-07 8.1857E-08 2.3565E-07 1.88E-06 7.00E-06   0.354 0.6000 7.1755E-06   1244.937
 -9999.
