T F 2    2    2    0    2    2    2    2    2    2    1    0    0   0.0000.00000
    1    1    1    0    0    0  10.00000   0.00000   0.00000   0.00000   0.00000
 -99.000 -99.000 -99.000
 -99.00000 -99.00000 -99.00000  2.922360  0.000710 ! H2O & O3 COLUMNS [GM/CM2]
   36MID-LATITUDE SUMMER 
   5.00000   5.00000  90.00803   2.00016   0.01797   0.00000    1        0.00000
    0    0  172    0
   0.00000   0.00000   0.00000  20.00337   0.00000 180.00000   0.00000   0.00000
    9091.0   14286.0      10.0      10.0NW              
    0   0    0.000  0    0.000  0    1.000
    FREQ  TOT_TRANS  PTH_THRML  THRML_SCT  SURF_EMIS   SOL_SCAT  SING_SCAT  GRND_RFLT  DRCT_RFLT  TOTAL_RAD  REF_SOL  SOL@OBS   DEPTH DIR_EM    TOA_SUN BBODY_T[K]
 9091.00 0.97178876 6.6694E-26 0.0000E+00 0.0000E+00 3.1954E-09 3.1954E-09 0.0000E+00 0.0000E+00 3.1954E-09 6.51E-06 6.67E-06   0.029 1.0000 6.9214E-06    672.479
 9101.00 0.98004854 2.9970E-26 0.0000E+00 0.0000E+00 3.1587E-09 3.1587E-09 0.0000E+00 0.0000E+00 3.1587E-09 6.44E-06 6.56E-06   0.020 1.0000 6.7529E-06    672.706
 9111.00 0.98549658 1.2011E-26 0.0000E+00 0.0000E+00 3.1999E-09 3.1999E-09 0.0000E+00 0.0000E+00 3.1999E-09 6.52E-06 6.61E-06   0.015 1.0000 6.7702E-06    673.779
 9121.00 0.98461115 1.3922E-26 0.0000E+00 0.0000E+00 3.1998E-09 3.1998E-09 0.0000E+00 0.0000E+00 3.1998E-09 6.50E-06 6.59E-06   0.016 1.0000 6.7570E-06    674.404
 9131.00 0.98231351 2.3224E-26 0.0000E+00 0.0000E+00 3.1836E-09 3.1836E-09 0.0000E+00 0.0000E+00 3.1836E-09 6.44E-06 6.55E-06   0.018 1.0000 6.7175E-06    674.853
 9141.00 0.98907596 6.8928E-27 0.0000E+00 0.0000E+00 3.0895E-09 3.0895E-09 0.0000E+00 0.0000E+00 3.0895E-09 6.25E-06 6.31E-06   0.011 1.0000 6.4440E-06    674.438
 9151.00 0.97957909 3.0951E-26 0.0000E+00 0.0000E+00 3.2604E-09 3.2604E-09 0.0000E+00 0.0000E+00 3.2604E-09 6.55E-06 6.67E-06   0.021 1.0000 6.8615E-06    676.931
 9161.00 0.99035078 6.8812E-27 0.0000E+00 0.0000E+00 3.3566E-09 3.3566E-09 0.0000E+00 0.0000E+00 3.3566E-09 6.75E-06 6.82E-06   0.010 1.0000 6.9345E-06    678.572
 9171.00 0.98476762 1.3405E-26 0.0000E+00 0.0000E+00 3.3626E-09 3.3626E-09 0.0000E+00 0.0000E+00 3.3626E-09 6.73E-06 6.83E-06   0.015 1.0000 6.9883E-06    679.260
 9181.00 0.98900050 4.0232E-27 0.0000E+00 0.0000E+00 3.3354E-09 3.3354E-09 0.0000E+00 0.0000E+00 3.3354E-09 6.67E-06 6.74E-06   0.011 1.0000 6.8738E-06    679.602
 9191.00 0.99143791 1.9652E-27 0.0000E+00 0.0000E+00 3.3483E-09 3.3483E-09 0.0000E+00 0.0000E+00 3.3483E-09 6.68E-06 6.74E-06   0.009 1.0000 6.8531E-06    680.363
 9201.00 0.98763418 7.3425E-27 0.0000E+00 0.0000E+00 3.3006E-09 3.3006E-09 0.0000E+00 0.0000E+00 3.3006E-09 6.56E-06 6.63E-06   0.012 1.0000 6.7792E-06    680.487
 9211.00 0.98741692 7.7207E-27 0.0000E+00 0.0000E+00 3.4319E-09 3.4319E-09 0.0000E+00 0.0000E+00 3.4319E-09 6.80E-06 6.88E-06   0.013 1.0000 7.0277E-06    682.481
 9221.00 0.99052650 2.2783E-27 0.0000E+00 0.0000E+00 3.4285E-09 3.4285E-09 0.0000E+00 0.0000E+00 3.4285E-09 6.78E-06 6.84E-06   0.010 1.0000 6.9689E-06    683.073
 9231.00 0.98996931 2.8425E-27 0.0000E+00 0.0000E+00 3.3486E-09 3.3486E-09 0.0000E+00 0.0000E+00 3.3486E-09 6.60E-06 6.67E-06   0.010 1.0000 6.7955E-06    682.870
 9241.00 0.99147409 1.4869E-27 0.0000E+00 0.0000E+00 3.3632E-09 3.3632E-09 0.0000E+00 0.0000E+00 3.3632E-09 6.61E-06 6.67E-06   0.009 1.0000 6.7842E-06    683.648
 9251.00 0.99071902 1.7996E-27 0.0000E+00 0.0000E+00 3.4231E-09 3.4231E-09 0.0000E+00 0.0000E+00 3.4231E-09 6.71E-06 6.77E-06   0.009 1.0000 6.9007E-06    684.895
 9261.00 0.99122179 1.5698E-27 0.0000E+00 0.0000E+00 3.4827E-09 3.4827E-09 0.0000E+00 0.0000E+00 3.4827E-09 6.81E-06 6.87E-06   0.009 1.0000 6.9947E-06    686.131
 9271.00 0.99207348 1.0479E-27 0.0000E+00 0.0000E+00 3.4403E-09 3.4403E-09 0.0000E+00 0.0000E+00 3.4403E-09 6.71E-06 6.76E-06   0.008 1.0000 6.8762E-06    686.325
 9281.00 0.99101287 1.3738E-27 0.0000E+00 0.0000E+00 3.5180E-09 3.5180E-09 0.0000E+00 0.0000E+00 3.5180E-09 6.84E-06 6.90E-06   0.009 1.0000 7.0330E-06    687.740
 9291.00 0.99196023 9.7324E-28 0.0000E+00 0.0000E+00 3.5282E-09 3.5282E-09 0.0000E+00 0.0000E+00 3.5282E-09 6.84E-06 6.90E-06   0.008 1.0000 7.0135E-06    688.470
 9301.00 0.99157119 1.0233E-27 0.0000E+00 0.0000E+00 3.4573E-09 3.4573E-09 0.0000E+00 0.0000E+00 3.4573E-09 6.68E-06 6.74E-06   0.008 1.0000 6.8637E-06    688.377
 9311.00 0.99154568 9.7729E-28 0.0000E+00 0.0000E+00 3.5291E-09 3.5291E-09 0.0000E+00 0.0000E+00 3.5291E-09 6.80E-06 6.86E-06   0.008 1.0000 6.9849E-06    689.732
 9321.00 0.99127376 9.8570E-28 0.0000E+00 0.0000E+00 3.4869E-09 3.4869E-09 0.0000E+00 0.0000E+00 3.4869E-09 6.70E-06 6.76E-06   0.009 1.0000 6.8861E-06    689.931
 9331.00 0.99111748 9.6858E-28 0.0000E+00 0.0000E+00 3.5580E-09 3.5580E-09 0.0000E+00 0.0000E+00 3.5580E-09 6.82E-06 6.88E-06   0.009 1.0000 7.0103E-06    691.275
 9341.00 0.99086404 9.7329E-28 0.0000E+00 0.0000E+00 3.5496E-09 3.5496E-09 0.0000E+00 0.0000E+00 3.5496E-09 6.78E-06 6.84E-06   0.009 1.0000 6.9794E-06    691.817
 9351.00 0.99047023 1.0070E-27 0.0000E+00 0.0000E+00 3.4157E-09 3.4157E-09 0.0000E+00 0.0000E+00 3.4157E-09 6.51E-06 6.57E-06   0.010 1.0000 6.7060E-06    691.076
 9361.00 0.99000978 1.0524E-27 0.0000E+00 0.0000E+00 3.5275E-09 3.5275E-09 0.0000E+00 0.0000E+00 3.5275E-09 6.70E-06 6.77E-06   0.010 1.0000 6.9146E-06    692.847
 9371.00 0.98980880 1.0415E-27 0.0000E+00 0.0000E+00 3.5826E-09 3.5826E-09 0.0000E+00 0.0000E+00 3.5826E-09 6.78E-06 6.85E-06   0.010 1.0000 7.0062E-06    694.026
 9381.00 0.98971081 1.0092E-27 0.0000E+00 0.0000E+00 3.5751E-09 3.5751E-09 0.0000E+00 0.0000E+00 3.5751E-09 6.75E-06 6.82E-06   0.010 1.0000 6.9727E-06    694.576
 9391.00 0.98965698 9.7042E-28 0.0000E+00 0.0000E+00 3.6463E-09 3.6463E-09 0.0000E+00 0.0000E+00 3.6463E-09 6.87E-06 6.94E-06   0.010 1.0000 7.0927E-06    695.909
 9401.00 0.98991740 8.7601E-28 0.0000E+00 0.0000E+00 3.6312E-09 3.6312E-09 0.0000E+00 0.0000E+00 3.6312E-09 6.82E-06 6.89E-06   0.010 1.0000 7.0394E-06    696.387
 9411.00 0.99007040 8.0738E-28 0.0000E+00 0.0000E+00 3.6342E-09 3.6342E-09 0.0000E+00 0.0000E+00 3.6342E-09 6.81E-06 6.87E-06   0.010 1.0000 7.0221E-06    697.042
 9421.00 0.99023193 7.4252E-28 0.0000E+00 0.0000E+00 3.6374E-09 3.6374E-09 0.0000E+00 0.0000E+00 3.6374E-09 6.79E-06 6.86E-06   0.010 1.0000 7.0055E-06    697.700
 9431.00 0.99033952 6.9026E-28 0.0000E+00 0.0000E+00 3.6289E-09 3.6289E-09 0.0000E+00 0.0000E+00 3.6289E-09 6.76E-06 6.83E-06   0.010 1.0000 6.9676E-06    698.242
 9441.00 0.99046999 6.3859E-28 0.0000E+00 0.0000E+00 3.6297E-09 3.6297E-09 0.0000E+00 0.0000E+00 3.6297E-09 6.74E-06 6.81E-06   0.010 1.0000 6.9484E-06    698.876
 9451.00 0.99067748 5.8090E-28 0.0000E+00 0.0000E+00 3.6551E-09 3.6551E-09 0.0000E+00 0.0000E+00 3.6551E-09 6.78E-06 6.84E-06   0.009 1.0000 6.9764E-06    699.753
 9461.00 0.99091023 5.2489E-28 0.0000E+00 0.0000E+00 3.7246E-09 3.7246E-09 0.0000E+00 0.0000E+00 3.7246E-09 6.89E-06 6.95E-06   0.009 1.0000 7.0891E-06    701.059
 9471.00 0.99112999 4.7501E-28 0.0000E+00 0.0000E+00 3.7356E-09 3.7356E-09 0.0000E+00 0.0000E+00 3.7356E-09 6.90E-06 6.96E-06   0.009 1.0000 7.0904E-06    701.792
 9481.00 0.99131268 4.3302E-28 0.0000E+00 0.0000E+00 3.7425E-09 3.7425E-09 0.0000E+00 0.0000E+00 3.7425E-09 6.90E-06 6.96E-06   0.009 1.0000 7.0848E-06    702.485
 9491.00 0.99145448 3.9821E-28 0.0000E+00 0.0000E+00 3.7213E-09 3.7213E-09 0.0000E+00 0.0000E+00 3.7213E-09 6.84E-06 6.90E-06   0.009 1.0000 7.0271E-06    702.906
 9501.00 0.99154305 3.7066E-28 0.0000E+00 0.0000E+00 3.7510E-09 3.7510E-09 0.0000E+00 0.0000E+00 3.7510E-09 6.88E-06 6.94E-06   0.008 1.0000 7.0663E-06    703.820
 9511.00 0.99164063 3.4429E-28 0.0000E+00 0.0000E+00 3.7636E-09 3.7636E-09 0.0000E+00 0.0000E+00 3.7636E-09 6.89E-06 6.95E-06   0.008 1.0000 7.0729E-06    704.568
 9521.00 0.99168664 3.2352E-28 0.0000E+00 0.0000E+00 3.7698E-09 3.7698E-09 0.0000E+00 0.0000E+00 3.7698E-09 6.89E-06 6.95E-06   0.008 1.0000 7.0689E-06    705.254
 9531.00 0.99174219 3.0359E-28 0.0000E+00 0.0000E+00 3.7861E-09 3.7861E-09 0.0000E+00 0.0000E+00 3.7861E-09 6.90E-06 6.96E-06   0.008 1.0000 7.0837E-06    706.037
 9541.00 0.99186552 2.7989E-28 0.0000E+00 0.0000E+00 3.7968E-09 3.7968E-09 0.0000E+00 0.0000E+00 3.7968E-09 6.91E-06 6.96E-06   0.008 1.0000 7.0847E-06    706.766
 9551.00 0.99189901 2.6386E-28 0.0000E+00 0.0000E+00 3.7696E-09 3.7696E-09 0.0000E+00 0.0000E+00 3.7696E-09 6.84E-06 6.90E-06   0.008 1.0000 7.0183E-06    707.131
 9561.00 0.99192256 2.4934E-28 0.0000E+00 0.0000E+00 3.7379E-09 3.7379E-09 0.0000E+00 0.0000E+00 3.7379E-09 6.77E-06 6.83E-06   0.008 1.0000 6.9440E-06    707.450
 9571.00 0.99194098 2.3593E-28 0.0000E+00 0.0000E+00 3.8160E-09 3.8160E-09 0.0000E+00 0.0000E+00 3.8160E-09 6.90E-06 6.95E-06   0.008 1.0000 7.0733E-06    708.828
 9581.00 0.99195629 2.2341E-28 0.0000E+00 0.0000E+00 3.8296E-09 3.8296E-09 0.0000E+00 0.0000E+00 3.8296E-09 6.91E-06 6.96E-06   0.008 1.0000 7.0833E-06    709.585
 9591.00 0.99195826 2.1225E-28 0.0000E+00 0.0000E+00 3.8123E-09 3.8123E-09 0.0000E+00 0.0000E+00 3.8123E-09 6.86E-06 6.92E-06   0.008 1.0000 7.0362E-06    710.046
 9601.00 0.99194914 2.0221E-28 0.0000E+00 0.0000E+00 3.8553E-09 3.8553E-09 0.0000E+00 0.0000E+00 3.8553E-09 6.93E-06 6.98E-06   0.008 1.0000 7.1006E-06    711.082
 9611.00 0.99194872 1.9223E-28 0.0000E+00 0.0000E+00 3.8407E-09 3.8407E-09 0.0000E+00 0.0000E+00 3.8407E-09 6.88E-06 6.94E-06   0.008 1.0000 7.0589E-06    711.569
 9621.00 0.99193913 1.8316E-28 0.0000E+00 0.0000E+00 3.8462E-09 3.8462E-09 0.0000E+00 0.0000E+00 3.8462E-09 6.88E-06 6.94E-06   0.008 1.0000 7.0542E-06    712.248
 9631.00 0.99194044 1.7404E-28 0.0000E+00 0.0000E+00 3.8519E-09 3.8519E-09 0.0000E+00 0.0000E+00 3.8519E-09 6.88E-06 6.93E-06   0.008 1.0000 7.0494E-06    712.928
 9641.00 0.99190235 1.6703E-28 0.0000E+00 0.0000E+00 3.8346E-09 3.8346E-09 0.0000E+00 0.0000E+00 3.8346E-09 6.83E-06 6.89E-06   0.008 1.0000 7.0036E-06    713.389
 9651.00 0.99194133 1.5722E-28 0.0000E+00 0.0000E+00 3.9014E-09 3.9014E-09 0.0000E+00 0.0000E+00 3.9014E-09 6.93E-06 6.99E-06   0.008 1.0000 7.1097E-06    714.649
 9661.00 0.99194640 1.4924E-28 0.0000E+00 0.0000E+00 3.8638E-09 3.8638E-09 0.0000E+00 0.0000E+00 3.8638E-09 6.85E-06 6.91E-06   0.008 1.0000 7.0258E-06    714.919
 9671.00 0.99193209 1.4237E-28 0.0000E+00 0.0000E+00 3.8727E-09 3.8727E-09 0.0000E+00 0.0000E+00 3.8727E-09 6.85E-06 6.91E-06   0.008 1.0000 7.0276E-06    715.630
 9681.00 0.99193108 1.3538E-28 0.0000E+00 0.0000E+00 3.8700E-09 3.8700E-09 0.0000E+00 0.0000E+00 3.8700E-09 6.83E-06 6.89E-06   0.008 1.0000 7.0080E-06    716.230
 9691.00 0.99187964 1.3032E-28 0.0000E+00 0.0000E+00 3.9331E-09 3.9331E-09 0.0000E+00 0.0000E+00 3.9331E-09 6.93E-06 6.99E-06   0.008 1.0000 7.1079E-06    717.452
 9701.00 0.99187475 1.2406E-28 0.0000E+00 0.0000E+00 3.9356E-09 3.9356E-09 0.0000E+00 0.0000E+00 3.9356E-09 6.92E-06 6.98E-06   0.008 1.0000 7.0980E-06    718.102
 9711.00 0.99186307 1.1823E-28 0.0000E+00 0.0000E+00 3.9353E-09 3.9353E-09 0.0000E+00 0.0000E+00 3.9353E-09 6.91E-06 6.96E-06   0.008 1.0000 7.0827E-06    718.725
 9721.00 0.99173623 1.1614E-28 0.0000E+00 0.0000E+00 3.9457E-09 3.9457E-09 0.0000E+00 0.0000E+00 3.9457E-09 6.91E-06 6.97E-06   0.008 1.0000 7.0883E-06    719.448
 9731.00 0.99151057 1.1724E-28 0.0000E+00 0.0000E+00 3.9748E-09 3.9748E-09 0.0000E+00 0.0000E+00 3.9748E-09 6.94E-06 7.00E-06   0.009 1.0000 7.1280E-06    720.346
 9741.00 0.99167949 1.0652E-28 0.0000E+00 0.0000E+00 3.9771E-09 3.9771E-09 0.0000E+00 0.0000E+00 3.9771E-09 6.93E-06 6.99E-06   0.008 1.0000 7.1148E-06    720.993
 9751.00 0.99159658 1.0335E-28 0.0000E+00 0.0000E+00 3.9911E-09 3.9911E-09 0.0000E+00 0.0000E+00 3.9911E-09 6.94E-06 7.00E-06   0.008 1.0000 7.1256E-06    721.750
 9761.00 0.99128395 1.0817E-28 0.0000E+00 0.0000E+00 3.9902E-09 3.9902E-09 0.0000E+00 0.0000E+00 3.9902E-09 6.93E-06 6.99E-06   0.009 1.0000 7.1121E-06    722.367
 9771.00 0.99079466 1.1678E-28 0.0000E+00 0.0000E+00 4.0022E-09 4.0022E-09 0.0000E+00 0.0000E+00 4.0022E-09 6.93E-06 7.00E-06   0.009 1.0000 7.1242E-06    723.105
 9781.00 0.99137115 9.5389E-29 0.0000E+00 0.0000E+00 3.9697E-09 3.9697E-09 0.0000E+00 0.0000E+00 3.9697E-09 6.86E-06 6.92E-06   0.009 1.0000 7.0450E-06    723.427
 9791.00 0.99145323 8.8174E-29 0.0000E+00 0.0000E+00 3.9746E-09 3.9746E-09 0.0000E+00 0.0000E+00 3.9746E-09 6.86E-06 6.92E-06   0.009 1.0000 7.0386E-06    724.098
 9801.00 0.99137837 8.5432E-29 0.0000E+00 0.0000E+00 3.9922E-09 3.9922E-09 0.0000E+00 0.0000E+00 3.9922E-09 6.87E-06 6.93E-06   0.009 1.0000 7.0554E-06    724.889
 9811.00 0.99057186 1.0293E-28 0.0000E+00 0.0000E+00 3.9531E-09 3.9531E-09 0.0000E+00 0.0000E+00 3.9531E-09 6.79E-06 6.85E-06   0.009 1.0000 6.9787E-06    725.147
 9821.00 0.99161261 7.2106E-29 0.0000E+00 0.0000E+00 4.0140E-09 4.0140E-09 0.0000E+00 0.0000E+00 4.0140E-09 6.88E-06 6.94E-06   0.008 1.0000 7.0623E-06    726.343
 9831.00 0.99136323 7.3022E-29 0.0000E+00 0.0000E+00 4.0290E-09 4.0290E-09 0.0000E+00 0.0000E+00 4.0290E-09 6.89E-06 6.95E-06   0.009 1.0000 7.0767E-06    727.108
 9841.00 0.99136162 7.0387E-29 0.0000E+00 0.0000E+00 4.0257E-09 4.0257E-09 0.0000E+00 0.0000E+00 4.0257E-09 6.87E-06 6.93E-06   0.009 1.0000 7.0554E-06    727.703
 9851.00 0.99102074 7.3217E-29 0.0000E+00 0.0000E+00 4.0299E-09 4.0299E-09 0.0000E+00 0.0000E+00 4.0299E-09 6.86E-06 6.93E-06   0.009 1.0000 7.0514E-06    728.367
 9861.00 0.99127895 6.4105E-29 0.0000E+00 0.0000E+00 4.0694E-09 4.0694E-09 0.0000E+00 0.0000E+00 4.0694E-09 6.92E-06 6.98E-06   0.009 1.0000 7.1034E-06    729.358
 9871.00 0.99126345 6.1631E-29 0.0000E+00 0.0000E+00 4.0819E-09 4.0819E-09 0.0000E+00 0.0000E+00 4.0819E-09 6.92E-06 6.98E-06   0.009 1.0000 7.1106E-06    730.099
 9881.00 0.99062586 7.1115E-29 0.0000E+00 0.0000E+00 4.0881E-09 4.0881E-09 0.0000E+00 0.0000E+00 4.0881E-09 6.92E-06 6.98E-06   0.009 1.0000 7.1125E-06    730.781
 9891.00 0.99122071 5.5623E-29 0.0000E+00 0.0000E+00 4.1005E-09 4.1005E-09 0.0000E+00 0.0000E+00 4.1005E-09 6.93E-06 6.99E-06   0.009 1.0000 7.1147E-06    731.520
 9901.00 0.98980021 7.4711E-29 0.0000E+00 0.0000E+00 4.1101E-09 4.1101E-09 0.0000E+00 0.0000E+00 4.1101E-09 6.92E-06 6.99E-06   0.010 1.0000 7.1297E-06    732.234
 9911.00 0.98957980 7.6980E-29 0.0000E+00 0.0000E+00 4.1062E-09 4.1062E-09 0.0000E+00 0.0000E+00 4.1062E-09 6.90E-06 6.97E-06   0.010 1.0000 7.1100E-06    732.824
 9921.00 0.99072582 5.5682E-29 0.0000E+00 0.0000E+00 4.1239E-09 4.1239E-09 0.0000E+00 0.0000E+00 4.1239E-09 6.92E-06 6.99E-06   0.009 1.0000 7.1166E-06    733.612
 9931.00 0.99115765 4.6120E-29 0.0000E+00 0.0000E+00 4.1109E-09 4.1109E-09 0.0000E+00 0.0000E+00 4.1109E-09 6.89E-06 6.95E-06   0.009 1.0000 7.0750E-06    734.117
 9941.00 0.99100292 4.5858E-29 0.0000E+00 0.0000E+00 3.9816E-09 3.9816E-09 0.0000E+00 0.0000E+00 3.9816E-09 6.66E-06 6.72E-06   0.009 1.0000 6.8405E-06    733.539
 9951.00 0.99115092 4.2018E-29 0.0000E+00 0.0000E+00 3.9063E-09 3.9063E-09 0.0000E+00 0.0000E+00 3.9063E-09 6.52E-06 6.57E-06   0.009 1.0000 6.6965E-06    733.445
 9961.00 0.99077892 4.4447E-29 0.0000E+00 0.0000E+00 4.1021E-09 4.1021E-09 0.0000E+00 0.0000E+00 4.1021E-09 6.83E-06 6.89E-06   0.009 1.0000 7.0208E-06    735.912
 9971.00 0.99095255 3.9639E-29 0.0000E+00 0.0000E+00 4.1511E-09 4.1511E-09 0.0000E+00 0.0000E+00 4.1511E-09 6.90E-06 6.96E-06   0.009 1.0000 7.0893E-06    736.986
 9981.00 0.98978919 4.9641E-29 0.0000E+00 0.0000E+00 4.1838E-09 4.1838E-09 0.0000E+00 0.0000E+00 4.1838E-09 6.93E-06 7.00E-06   0.010 1.0000 7.1451E-06    737.909
 9991.00 0.99128526 3.2827E-29 0.0000E+00 0.0000E+00 4.1991E-09 4.1991E-09 0.0000E+00 0.0000E+00 4.1991E-09 6.95E-06 7.01E-06   0.009 1.0000 7.1388E-06    738.673
10001.00 0.99096107 3.4005E-29 0.0000E+00 0.0000E+00 4.1843E-09 4.1843E-09 0.0000E+00 0.0000E+00 4.1843E-09 6.91E-06 6.97E-06   0.009 1.0000 7.1031E-06    739.164
10011.00 0.99116045 3.0707E-29 0.0000E+00 0.0000E+00 4.2012E-09 4.2012E-09 0.0000E+00 0.0000E+00 4.2012E-09 6.92E-06 6.98E-06   0.009 1.0000 7.1150E-06    739.943
10021.00 0.99113035 2.9381E-29 0.0000E+00 0.0000E+00 4.2193E-09 4.2193E-09 0.0000E+00 0.0000E+00 4.2193E-09 6.94E-06 7.00E-06   0.009 1.0000 7.1310E-06    740.731
10031.00 0.99129975 2.6645E-29 0.0000E+00 0.0000E+00 4.2290E-09 4.2290E-09 0.0000E+00 0.0000E+00 4.2290E-09 6.94E-06 7.00E-06   0.009 1.0000 7.1318E-06    741.444
10041.00 0.99126995 2.5470E-29 0.0000E+00 0.0000E+00 4.2280E-09 4.2280E-09 0.0000E+00 0.0000E+00 4.2280E-09 6.92E-06 6.98E-06   0.009 1.0000 7.1164E-06    742.060
10051.00 0.99127471 2.4191E-29 0.0000E+00 0.0000E+00 4.2385E-09 4.2385E-09 0.0000E+00 0.0000E+00 4.2385E-09 6.93E-06 6.99E-06   0.009 1.0000 7.1191E-06    742.780
10061.00 0.99116337 2.3595E-29 0.0000E+00 0.0000E+00 4.2521E-09 4.2521E-09 0.0000E+00 0.0000E+00 4.2521E-09 6.93E-06 7.00E-06   0.009 1.0000 7.1296E-06    743.527
10071.00 0.99060577 2.5925E-29 0.0000E+00 0.0000E+00 4.2490E-09 4.2490E-09 0.0000E+00 0.0000E+00 4.2490E-09 6.91E-06 6.98E-06   0.009 1.0000 7.1221E-06    744.125
10081.00 0.99100208 2.2181E-29 0.0000E+00 0.0000E+00 4.2522E-09 4.2522E-09 0.0000E+00 0.0000E+00 4.2522E-09 6.90E-06 6.97E-06   0.009 1.0000 7.1031E-06    744.778
10091.00 0.99079198 2.2108E-29 0.0000E+00 0.0000E+00 4.2467E-09 4.2467E-09 0.0000E+00 0.0000E+00 4.2467E-09 6.88E-06 6.95E-06   0.009 1.0000 7.0846E-06    745.354
10101.00 0.99049568 2.2453E-29 0.0000E+00 0.0000E+00 4.2219E-09 4.2219E-09 0.0000E+00 0.0000E+00 4.2219E-09 6.83E-06 6.89E-06   0.010 1.0000 7.0367E-06    745.754
10111.00 0.99108285 1.8627E-29 0.0000E+00 0.0000E+00 4.2279E-09 4.2279E-09 0.0000E+00 0.0000E+00 4.2279E-09 6.82E-06 6.88E-06   0.009 1.0000 7.0192E-06    746.433
10121.00 0.99053437 2.0235E-29 0.0000E+00 0.0000E+00 4.2817E-09 4.2817E-09 0.0000E+00 0.0000E+00 4.2817E-09 6.89E-06 6.96E-06   0.010 1.0000 7.1091E-06    747.543
10131.00 0.99024457 2.0557E-29 0.0000E+00 0.0000E+00 4.2669E-09 4.2669E-09 0.0000E+00 0.0000E+00 4.2669E-09 6.86E-06 6.92E-06   0.010 1.0000 7.0756E-06    748.034
10141.00 0.99052697 1.8197E-29 0.0000E+00 0.0000E+00 4.2857E-09 4.2857E-09 0.0000E+00 0.0000E+00 4.2857E-09 6.87E-06 6.94E-06   0.010 1.0000 7.0813E-06    748.828
10151.00 0.98815185 2.8169E-29 0.0000E+00 0.0000E+00 4.2805E-09 4.2805E-09 0.0000E+00 0.0000E+00 4.2805E-09 6.84E-06 6.92E-06   0.012 1.0000 7.1130E-06    749.406
10161.00 0.98918003 2.2573E-29 0.0000E+00 0.0000E+00 4.2872E-09 4.2872E-09 0.0000E+00 0.0000E+00 4.2872E-09 6.84E-06 6.92E-06   0.011 1.0000 7.0884E-06    750.091
10171.00 0.98680109 3.8911E-29 0.0000E+00 0.0000E+00 4.2672E-09 4.2672E-09 0.0000E+00 0.0000E+00 4.2672E-09 6.79E-06 6.88E-06   0.013 1.0000 7.0885E-06    750.535
10181.00 0.98616749 3.8943E-29 0.0000E+00 0.0000E+00 4.2961E-09 4.2961E-09 0.0000E+00 0.0000E+00 4.2961E-09 6.82E-06 6.91E-06   0.014 1.0000 7.1238E-06    751.419
10191.00 0.98602498 3.9552E-29 0.0000E+00 0.0000E+00 4.3235E-09 4.3235E-09 0.0000E+00 0.0000E+00 4.3235E-09 6.85E-06 6.94E-06   0.014 1.0000 7.1342E-06    752.289
10201.00 0.97654277 1.4756E-28 0.0000E+00 0.0000E+00 4.2139E-09 4.2139E-09 0.0000E+00 0.0000E+00 4.2139E-09 6.64E-06 6.77E-06   0.024 1.0000 7.0727E-06    751.924
10211.00 0.97450262 1.9960E-28 0.0000E+00 0.0000E+00 4.1815E-09 4.1815E-09 0.0000E+00 0.0000E+00 4.1815E-09 6.57E-06 6.71E-06   0.026 1.0000 7.0352E-06    752.250
10221.00 0.97003347 2.8944E-28 0.0000E+00 0.0000E+00 4.1938E-09 4.1938E-09 0.0000E+00 0.0000E+00 4.1938E-09 6.57E-06 6.73E-06   0.030 1.0000 7.0526E-06    752.986
10231.00 0.97843516 1.0624E-28 0.0000E+00 0.0000E+00 4.2825E-09 4.2825E-09 0.0000E+00 0.0000E+00 4.2825E-09 6.71E-06 6.84E-06   0.022 1.0000 7.0865E-06    754.418
10241.00 0.96209347 4.4693E-28 0.0000E+00 0.0000E+00 4.1447E-09 4.1447E-09 0.0000E+00 0.0000E+00 4.1447E-09 6.45E-06 6.64E-06   0.039 1.0000 7.0343E-06    753.779
10251.00 0.95330596 7.1662E-28 0.0000E+00 0.0000E+00 4.1828E-09 4.1828E-09 0.0000E+00 0.0000E+00 4.1828E-09 6.49E-06 6.70E-06   0.048 1.0000 7.1175E-06    754.756
10261.00 0.95190030 7.7056E-28 0.0000E+00 0.0000E+00 4.1240E-09 4.1240E-09 0.0000E+00 0.0000E+00 4.1240E-09 6.38E-06 6.60E-06   0.049 1.0000 7.0004E-06    754.832
10271.00 0.96009922 4.1671E-28 0.0000E+00 0.0000E+00 4.1716E-09 4.1716E-09 0.0000E+00 0.0000E+00 4.1716E-09 6.44E-06 6.65E-06   0.041 1.0000 7.0253E-06    755.898
10281.00 0.96337211 3.8963E-28 0.0000E+00 0.0000E+00 4.2741E-09 4.2741E-09 0.0000E+00 0.0000E+00 4.2741E-09 6.60E-06 6.79E-06   0.037 1.0000 7.1074E-06    757.462
10291.00 0.96232629 6.2530E-28 0.0000E+00 0.0000E+00 4.2945E-09 4.2945E-09 0.0000E+00 0.0000E+00 4.2945E-09 6.62E-06 6.81E-06   0.038 1.0000 7.1198E-06    758.270
10301.00 0.96771818 4.5739E-28 0.0000E+00 0.0000E+00 4.2893E-09 4.2893E-09 0.0000E+00 0.0000E+00 4.2893E-09 6.61E-06 6.78E-06   0.033 1.0000 7.0598E-06    758.846
10311.00 0.97226447 3.1517E-28 0.0000E+00 0.0000E+00 4.3404E-09 4.3404E-09 0.0000E+00 0.0000E+00 4.3404E-09 6.68E-06 6.84E-06   0.028 1.0000 7.1065E-06    759.930
10321.00 0.97207534 2.9066E-28 0.0000E+00 0.0000E+00 4.3276E-09 4.3276E-09 0.0000E+00 0.0000E+00 4.3276E-09 6.65E-06 6.80E-06   0.028 1.0000 7.0834E-06    760.440
10331.00 0.96106803 5.8356E-28 0.0000E+00 0.0000E+00 4.2654E-09 4.2654E-09 0.0000E+00 0.0000E+00 4.2654E-09 6.52E-06 6.71E-06   0.040 1.0000 7.0410E-06    760.500
10341.00 0.93667394 9.0491E-28 0.0000E+00 0.0000E+00 4.1307E-09 4.1307E-09 0.0000E+00 0.0000E+00 4.1307E-09 6.25E-06 6.55E-06   0.065 1.0000 7.0807E-06    759.875
10351.00 0.93290734 7.6831E-28 0.0000E+00 0.0000E+00 4.0439E-09 4.0439E-09 0.0000E+00 0.0000E+00 4.0439E-09 6.09E-06 6.41E-06   0.069 1.0000 6.9482E-06    759.673
10361.00 0.94781435 5.4155E-28 0.0000E+00 0.0000E+00 4.1318E-09 4.1318E-09 0.0000E+00 0.0000E+00 4.1318E-09 6.24E-06 6.50E-06   0.054 1.0000 7.0420E-06    761.129
10371.00 0.93298560 1.1484E-27 0.0000E+00 0.0000E+00 4.0359E-09 4.0359E-09 0.0000E+00 0.0000E+00 4.0359E-09 6.07E-06 6.35E-06   0.069 1.0000 7.0259E-06    760.839
10381.00 0.95011157 5.6378E-28 0.0000E+00 0.0000E+00 4.1774E-09 4.1774E-09 0.0000E+00 0.0000E+00 4.1774E-09 6.30E-06 6.53E-06   0.051 1.0000 7.0297E-06    762.801
10391.00 0.90779769 1.3166E-27 0.0000E+00 0.0000E+00 3.9232E-09 3.9232E-09 0.0000E+00 0.0000E+00 3.9232E-09 5.83E-06 6.21E-06   0.097 1.0000 7.0152E-06    760.984
10401.00 0.95510191 3.4359E-28 0.0000E+00 0.0000E+00 4.2024E-09 4.2024E-09 0.0000E+00 0.0000E+00 4.2024E-09 6.32E-06 6.53E-06   0.046 1.0000 7.1156E-06    764.278
10411.00 0.91898680 8.2520E-28 0.0000E+00 0.0000E+00 4.0205E-09 4.0205E-09 0.0000E+00 0.0000E+00 4.0205E-09 5.96E-06 6.32E-06   0.084 1.0000 7.0090E-06    763.176
10421.00 0.90880734 7.4719E-28 0.0000E+00 0.0000E+00 3.8953E-09 3.8953E-09 0.0000E+00 0.0000E+00 3.8953E-09 5.74E-06 6.13E-06   0.096 1.0000 7.1097E-06    762.568
10431.00 0.92628747 6.3588E-28 0.0000E+00 0.0000E+00 4.0272E-09 4.0272E-09 0.0000E+00 0.0000E+00 4.0272E-09 5.97E-06 6.27E-06   0.077 1.0000 7.1282E-06    764.483
10441.00 0.93712884 4.6799E-28 0.0000E+00 0.0000E+00 4.1278E-09 4.1278E-09 0.0000E+00 0.0000E+00 4.1278E-09 6.13E-06 6.40E-06   0.065 1.0000 7.0319E-06    766.066
10451.00 0.91187769 6.3640E-28 0.0000E+00 0.0000E+00 3.8831E-09 3.8831E-09 0.0000E+00 0.0000E+00 3.8831E-09 5.73E-06 6.03E-06   0.092 1.0000 7.0411E-06    764.306
10461.00 0.90539324 5.8873E-28 0.0000E+00 0.0000E+00 3.8811E-09 3.8811E-09 0.0000E+00 0.0000E+00 3.8811E-09 5.68E-06 6.05E-06   0.099 1.0000 7.0152E-06    764.906
10471.00 0.91021198 1.1602E-27 0.0000E+00 0.0000E+00 3.7326E-09 3.7326E-09 0.0000E+00 0.0000E+00 3.7326E-09 5.48E-06 5.78E-06   0.094 1.0000 6.6482E-06    764.010
10481.00 0.91571420 9.3484E-28 0.0000E+00 0.0000E+00 3.9545E-09 3.9545E-09 0.0000E+00 0.0000E+00 3.9545E-09 5.80E-06 6.10E-06   0.088 1.0000 6.9292E-06    766.875
10491.00 0.90132588 9.1858E-28 0.0000E+00 0.0000E+00 3.9355E-09 3.9355E-09 0.0000E+00 0.0000E+00 3.9355E-09 5.73E-06 6.10E-06   0.104 1.0000 7.0576E-06    767.307
10501.00 0.83995014 2.5617E-27 0.0000E+00 0.0000E+00 3.6392E-09 3.6392E-09 0.0000E+00 0.0000E+00 3.6392E-09 5.22E-06 5.70E-06   0.174 1.0000 7.1082E-06    764.884
10511.00 0.93893337 4.2899E-28 0.0000E+00 0.0000E+00 4.2370E-09 4.2370E-09 0.0000E+00 0.0000E+00 4.2370E-09 6.20E-06 6.48E-06   0.063 1.0000 7.0870E-06    771.441
10521.00 0.86158568 2.4544E-27 0.0000E+00 0.0000E+00 3.7288E-09 3.7288E-09 0.0000E+00 0.0000E+00 3.7288E-09 5.34E-06 5.81E-06   0.149 1.0000 7.0837E-06    767.063
10531.00 0.86265266 2.1316E-27 0.0000E+00 0.0000E+00 3.8008E-09 3.8008E-09 0.0000E+00 0.0000E+00 3.8008E-09 5.45E-06 5.89E-06   0.148 1.0000 7.1337E-06    768.426
10541.00 0.85615778 2.4479E-27 0.0000E+00 0.0000E+00 3.8689E-09 3.8689E-09 0.0000E+00 0.0000E+00 3.8689E-09 5.51E-06 6.02E-06   0.155 1.0000 7.1238E-06    769.738
10551.00 0.86986876 1.4114E-27 0.0000E+00 0.0000E+00 3.8451E-09 3.8451E-09 0.0000E+00 0.0000E+00 3.8451E-09 5.47E-06 5.96E-06   0.139 1.0000 7.1123E-06    770.116
10561.00 0.87128305 1.2449E-27 0.0000E+00 0.0000E+00 3.8607E-09 3.8607E-09 0.0000E+00 0.0000E+00 3.8607E-09 5.47E-06 5.99E-06   0.138 1.0000 7.0759E-06    770.893
10571.00 0.81147599 2.4422E-27 0.0000E+00 0.0000E+00 3.5627E-09 3.5627E-09 0.0000E+00 0.0000E+00 3.5627E-09 4.98E-06 5.58E-06   0.209 1.0000 7.0632E-06    768.381
10581.00 0.87800658 1.1528E-27 0.0000E+00 0.0000E+00 3.9030E-09 3.9030E-09 0.0000E+00 0.0000E+00 3.9030E-09 5.54E-06 5.99E-06   0.130 1.0000 7.0083E-06    772.558
10591.00 0.77358991 4.1245E-27 0.0000E+00 0.0000E+00 3.3724E-09 3.3724E-09 0.0000E+00 0.0000E+00 3.3724E-09 4.68E-06 5.29E-06   0.257 1.0000 6.9242E-06    767.486
10601.00 0.79958862 3.2756E-27 0.0000E+00 0.0000E+00 3.6032E-09 3.6032E-09 0.0000E+00 0.0000E+00 3.6032E-09 5.02E-06 5.61E-06   0.224 1.0000 7.0103E-06    770.671
10611.00 0.85426652 1.8229E-27 0.0000E+00 0.0000E+00 3.8737E-09 3.8737E-09 0.0000E+00 0.0000E+00 3.8737E-09 5.44E-06 5.94E-06   0.158 1.0000 7.0013E-06    774.118
10621.00 0.88815236 5.8856E-28 0.0000E+00 0.0000E+00 3.8608E-09 3.8608E-09 0.0000E+00 0.0000E+00 3.8608E-09 5.43E-06 5.89E-06   0.119 1.0000 6.6904E-06    774.606
10631.00 0.88758636 4.1841E-28 0.0000E+00 0.0000E+00 4.0174E-09 4.0174E-09 0.0000E+00 0.0000E+00 4.0174E-09 5.63E-06 6.12E-06   0.119 1.0000 6.9249E-06    776.789
10641.00 0.91982871 3.0520E-28 0.0000E+00 0.0000E+00 4.3123E-09 4.3123E-09 0.0000E+00 0.0000E+00 4.3123E-09 6.10E-06 6.48E-06   0.084 1.0000 7.0679E-06    780.215
10651.00 0.82297242 1.7636E-27 0.0000E+00 0.0000E+00 3.7842E-09 3.7842E-09 0.0000E+00 0.0000E+00 3.7842E-09 5.21E-06 5.84E-06   0.195 1.0000 7.0860E-06    775.673
10661.00 0.75034994 3.0363E-27 0.0000E+00 0.0000E+00 3.4253E-09 3.4253E-09 0.0000E+00 0.0000E+00 3.4253E-09 4.61E-06 5.39E-06   0.287 1.0000 7.1135E-06    772.395
10671.00 0.75826859 2.6349E-27 0.0000E+00 0.0000E+00 3.4491E-09 3.4491E-09 0.0000E+00 0.0000E+00 3.4491E-09 4.64E-06 5.40E-06   0.277 1.0000 7.1053E-06    773.280
10681.00 0.77051806 2.0271E-27 0.0000E+00 0.0000E+00 3.4419E-09 3.4419E-09 0.0000E+00 0.0000E+00 3.4419E-09 4.67E-06 5.32E-06   0.261 1.0000 7.0271E-06    773.814
10691.00 0.79945928 1.8889E-27 0.0000E+00 0.0000E+00 3.5648E-09 3.5648E-09 0.0000E+00 0.0000E+00 3.5648E-09 4.88E-06 5.45E-06   0.224 1.0000 7.0496E-06    775.799
10701.00 0.72660738 2.4406E-27 0.0000E+00 0.0000E+00 3.1716E-09 3.1716E-09 0.0000E+00 0.0000E+00 3.1716E-09 4.25E-06 4.93E-06   0.319 1.0000 7.1224E-06    771.866
10711.00 0.82768577 7.8256E-28 0.0000E+00 0.0000E+00 3.6762E-09 3.6762E-09 0.0000E+00 0.0000E+00 3.6762E-09 5.04E-06 5.55E-06   0.189 1.0000 7.1299E-06    778.238
10721.00 0.85276681 4.4558E-28 0.0000E+00 0.0000E+00 3.7779E-09 3.7779E-09 0.0000E+00 0.0000E+00 3.7779E-09 5.21E-06 5.64E-06   0.159 1.0000 7.1129E-06    779.929
10731.00 0.86764073 4.2837E-28 0.0000E+00 0.0000E+00 3.7612E-09 3.7612E-09 0.0000E+00 0.0000E+00 3.7612E-09 5.19E-06 5.61E-06   0.142 1.0000 7.0795E-06    780.372
10741.00 0.92302394 1.6031E-28 0.0000E+00 0.0000E+00 4.2166E-09 4.2166E-09 0.0000E+00 0.0000E+00 4.2166E-09 5.89E-06 6.16E-06   0.080 1.0000 7.1186E-06    785.525
10751.00 0.95719868 2.6417E-29 0.0000E+00 0.0000E+00 4.3972E-09 4.3972E-09 0.0000E+00 0.0000E+00 4.3972E-09 6.16E-06 6.37E-06   0.044 1.0000 7.0904E-06    787.825
10761.00 0.97164983 9.9255E-30 0.0000E+00 0.0000E+00 4.5465E-09 4.5465E-09 0.0000E+00 0.0000E+00 4.5465E-09 6.39E-06 6.55E-06   0.029 1.0000 7.0349E-06    789.788
10771.00 0.95945168 3.6043E-29 0.0000E+00 0.0000E+00 4.6026E-09 4.6026E-09 0.0000E+00 0.0000E+00 4.6026E-09 6.43E-06 6.65E-06   0.041 1.0000 7.1304E-06    790.905
10781.00 0.97142762 1.7041E-29 0.0000E+00 0.0000E+00 4.7460E-09 4.7460E-09 0.0000E+00 0.0000E+00 4.7460E-09 6.64E-06 6.81E-06   0.029 1.0000 7.1406E-06    792.768
10791.00 0.97921658 5.3215E-30 0.0000E+00 0.0000E+00 4.7296E-09 4.7296E-09 0.0000E+00 0.0000E+00 4.7296E-09 6.62E-06 6.75E-06   0.021 1.0000 6.9990E-06    793.250
10801.00 0.97632813 7.0140E-30 0.0000E+00 0.0000E+00 4.6021E-09 4.6021E-09 0.0000E+00 0.0000E+00 4.6021E-09 6.42E-06 6.57E-06   0.024 1.0000 6.8221E-06    792.765
10811.00 0.96670073 1.4823E-29 0.0000E+00 0.0000E+00 4.6703E-09 4.6703E-09 0.0000E+00 0.0000E+00 4.6703E-09 6.48E-06 6.68E-06   0.034 1.0000 6.9842E-06    793.983
10821.00 0.97409916 6.4550E-30 0.0000E+00 0.0000E+00 4.6621E-09 4.6621E-09 0.0000E+00 0.0000E+00 4.6621E-09 6.47E-06 6.64E-06   0.026 1.0000 6.9254E-06    794.534
10831.00 0.97720939 4.5694E-30 0.0000E+00 0.0000E+00 4.5210E-09 4.5210E-09 0.0000E+00 0.0000E+00 4.5210E-09 6.27E-06 6.41E-06   0.023 1.0000 6.6572E-06    793.911
10841.00 0.97786850 4.9349E-30 0.0000E+00 0.0000E+00 4.6880E-09 4.6880E-09 0.0000E+00 0.0000E+00 4.6880E-09 6.50E-06 6.63E-06   0.022 1.0000 6.8867E-06    796.002
10851.00 0.97436059 7.6952E-30 0.0000E+00 0.0000E+00 4.6354E-09 4.6354E-09 0.0000E+00 0.0000E+00 4.6354E-09 6.40E-06 6.56E-06   0.026 1.0000 6.8426E-06    796.165
10861.00 0.98327267 1.8193E-30 0.0000E+00 0.0000E+00 4.8152E-09 4.8152E-09 0.0000E+00 0.0000E+00 4.8152E-09 6.66E-06 6.77E-06   0.017 1.0000 6.9906E-06    798.336
10871.00 0.97763979 4.2827E-30 0.0000E+00 0.0000E+00 4.8087E-09 4.8087E-09 0.0000E+00 0.0000E+00 4.8087E-09 6.63E-06 6.76E-06   0.023 1.0000 7.0910E-06    798.903
10881.00 0.97047693 9.9879E-30 0.0000E+00 0.0000E+00 4.8420E-09 4.8420E-09 0.0000E+00 0.0000E+00 4.8420E-09 6.64E-06 6.82E-06   0.030 1.0000 7.1322E-06    799.807
10891.00 0.95179933 2.1293E-29 0.0000E+00 0.0000E+00 4.6830E-09 4.6830E-09 0.0000E+00 0.0000E+00 4.6830E-09 6.37E-06 6.63E-06   0.049 1.0000 7.0869E-06    799.067
10901.00 0.95412034 1.9664E-29 0.0000E+00 0.0000E+00 4.6571E-09 4.6571E-09 0.0000E+00 0.0000E+00 4.6571E-09 6.32E-06 6.57E-06   0.047 1.0000 7.0299E-06    799.462
10911.00 0.96648347 1.0071E-29 0.0000E+00 0.0000E+00 4.8298E-09 4.8298E-09 0.0000E+00 0.0000E+00 4.8298E-09 6.57E-06 6.77E-06   0.034 1.0000 7.1167E-06    801.571
10921.00 0.93069261 3.6114E-29 0.0000E+00 0.0000E+00 4.5967E-09 4.5967E-09 0.0000E+00 0.0000E+00 4.5967E-09 6.17E-06 6.52E-06   0.072 1.0000 7.1418E-06    800.172
10931.00 0.97308320 4.6169E-30 0.0000E+00 0.0000E+00 4.8473E-09 4.8473E-09 0.0000E+00 0.0000E+00 4.8473E-09 6.59E-06 6.76E-06   0.027 1.0000 7.0585E-06    802.963
10941.00 0.93270653 3.5069E-29 0.0000E+00 0.0000E+00 4.6835E-09 4.6835E-09 0.0000E+00 0.0000E+00 4.6835E-09 6.27E-06 6.60E-06   0.070 1.0000 7.1797E-06    802.178
10951.00 0.93860787 2.8682E-29 0.0000E+00 0.0000E+00 4.7537E-09 4.7537E-09 0.0000E+00 0.0000E+00 4.7537E-09 6.36E-06 6.68E-06   0.063 1.0000 7.2169E-06    803.408
10961.00 0.94844931 2.7605E-29 0.0000E+00 0.0000E+00 4.7542E-09 4.7542E-09 0.0000E+00 0.0000E+00 4.7542E-09 6.38E-06 6.63E-06   0.053 1.0000 7.0517E-06    804.033
10971.00 0.96370530 1.1448E-29 0.0000E+00 0.0000E+00 4.7753E-09 4.7753E-09 0.0000E+00 0.0000E+00 4.7753E-09 6.42E-06 6.62E-06   0.037 1.0000 6.9688E-06    804.836
10981.00 0.94665140 2.1030E-29 0.0000E+00 0.0000E+00 4.7480E-09 4.7480E-09 0.0000E+00 0.0000E+00 4.7480E-09 6.34E-06 6.61E-06   0.055 1.0000 7.0849E-06    805.222
10991.00 0.94669634 1.9846E-29 0.0000E+00 0.0000E+00 4.6906E-09 4.6906E-09 0.0000E+00 0.0000E+00 4.6906E-09 6.24E-06 6.52E-06   0.055 1.0000 6.9574E-06    805.344
11001.00 0.94441277 2.7602E-29 0.0000E+00 0.0000E+00 4.6048E-09 4.6048E-09 0.0000E+00 0.0000E+00 4.6048E-09 6.13E-06 6.38E-06   0.057 1.0000 6.8715E-06    805.208
11011.00 0.93425053 2.6468E-29 0.0000E+00 0.0000E+00 4.6843E-09 4.6843E-09 0.0000E+00 0.0000E+00 4.6843E-09 6.20E-06 6.51E-06   0.068 1.0000 7.0129E-06    806.530
11021.00 0.92870277 3.8212E-29 0.0000E+00 0.0000E+00 4.7747E-09 4.7747E-09 0.0000E+00 0.0000E+00 4.7747E-09 6.31E-06 6.62E-06   0.074 1.0000 7.1591E-06    807.938
11031.00 0.95963323 9.0926E-30 0.0000E+00 0.0000E+00 4.8394E-09 4.8394E-09 0.0000E+00 0.0000E+00 4.8394E-09 6.42E-06 6.64E-06   0.041 1.0000 6.9952E-06    809.113
11041.00 0.96884859 7.0465E-30 0.0000E+00 0.0000E+00 5.0398E-09 5.0398E-09 0.0000E+00 0.0000E+00 5.0398E-09 6.70E-06 6.88E-06   0.032 1.0000 7.1647E-06    811.412
11051.00 0.97393340 3.4638E-30 0.0000E+00 0.0000E+00 5.1086E-09 5.1086E-09 0.0000E+00 0.0000E+00 5.1086E-09 6.79E-06 6.95E-06   0.026 1.0000 7.2125E-06    812.597
11061.00 0.97795844 2.2169E-30 0.0000E+00 0.0000E+00 5.1330E-09 5.1330E-09 0.0000E+00 0.0000E+00 5.1330E-09 6.82E-06 6.96E-06   0.022 1.0000 7.1991E-06    813.418
11071.00 0.95216721 1.8553E-29 0.0000E+00 0.0000E+00 4.9521E-09 4.9521E-09 0.0000E+00 0.0000E+00 4.9521E-09 6.52E-06 6.75E-06   0.049 1.0000 7.1309E-06    812.551
11081.00 0.92435640 3.6201E-29 0.0000E+00 0.0000E+00 4.6680E-09 4.6680E-09 0.0000E+00 0.0000E+00 4.6680E-09 6.09E-06 6.40E-06   0.079 1.0000 6.9276E-06    810.729
11091.00 0.93867975 1.6972E-29 0.0000E+00 0.0000E+00 4.5360E-09 4.5360E-09 0.0000E+00 0.0000E+00 4.5360E-09 5.93E-06 6.18E-06   0.063 1.0000 6.6409E-06    810.168
11101.00 0.93809557 1.3581E-29 0.0000E+00 0.0000E+00 4.7072E-09 4.7072E-09 0.0000E+00 0.0000E+00 4.7072E-09 6.13E-06 6.42E-06   0.064 1.0000 6.9341E-06    812.314
11111.00 0.94250953 1.8370E-29 0.0000E+00 0.0000E+00 4.8035E-09 4.8035E-09 0.0000E+00 0.0000E+00 4.8035E-09 6.27E-06 6.51E-06   0.059 1.0000 6.9855E-06    813.772
11121.00 0.91514337 2.2811E-29 0.0000E+00 0.0000E+00 4.6881E-09 4.6881E-09 0.0000E+00 0.0000E+00 4.6881E-09 6.05E-06 6.40E-06   0.089 1.0000 7.1540E-06    813.386
11131.00 0.95490539 8.4527E-30 0.0000E+00 0.0000E+00 4.9771E-09 4.9771E-09 0.0000E+00 0.0000E+00 4.9771E-09 6.49E-06 6.70E-06   0.046 1.0000 7.1521E-06    816.489
11141.00 0.96550328 3.0689E-30 0.0000E+00 0.0000E+00 4.9988E-09 4.9988E-09 0.0000E+00 0.0000E+00 4.9988E-09 6.51E-06 6.70E-06   0.035 1.0000 7.1081E-06    817.291
11151.00 0.96671712 2.2701E-30 0.0000E+00 0.0000E+00 4.9891E-09 4.9891E-09 0.0000E+00 0.0000E+00 4.9891E-09 6.49E-06 6.67E-06   0.034 1.0000 7.1052E-06    817.832
11161.00 0.97701061 9.4894E-31 0.0000E+00 0.0000E+00 5.1890E-09 5.1890E-09 0.0000E+00 0.0000E+00 5.1890E-09 6.76E-06 6.90E-06   0.023 1.0000 7.2334E-06    820.095
11171.00 0.98346114 4.2082E-31 0.0000E+00 0.0000E+00 5.1173E-09 5.1173E-09 0.0000E+00 0.0000E+00 5.1173E-09 6.67E-06 6.77E-06   0.017 1.0000 7.0471E-06    820.134
11181.00 0.98736513 1.6833E-31 0.0000E+00 0.0000E+00 5.1888E-09 5.1888E-09 0.0000E+00 0.0000E+00 5.1888E-09 6.76E-06 6.85E-06   0.013 1.0000 7.0589E-06    821.338
11191.00 0.98620284 2.1931E-31 0.0000E+00 0.0000E+00 5.2562E-09 5.2562E-09 0.0000E+00 0.0000E+00 5.2562E-09 6.83E-06 6.92E-06   0.014 1.0000 7.1368E-06    822.502
11201.00 0.98753846 1.6850E-31 0.0000E+00 0.0000E+00 5.1693E-09 5.1693E-09 0.0000E+00 0.0000E+00 5.1693E-09 6.71E-06 6.79E-06   0.013 1.0000 6.9786E-06    822.423
11211.00 0.98741871 1.4990E-31 0.0000E+00 0.0000E+00 5.2912E-09 5.2912E-09 0.0000E+00 0.0000E+00 5.2912E-09 6.85E-06 6.94E-06   0.013 1.0000 7.1244E-06    824.026
11221.00 0.98909819 9.6790E-32 0.0000E+00 0.0000E+00 5.3407E-09 5.3407E-09 0.0000E+00 0.0000E+00 5.3407E-09 6.91E-06 6.99E-06   0.011 1.0000 7.1611E-06    825.040
11231.00 0.98850262 1.0359E-31 0.0000E+00 0.0000E+00 5.3846E-09 5.3846E-09 0.0000E+00 0.0000E+00 5.3846E-09 6.95E-06 7.03E-06   0.012 1.0000 7.2119E-06    826.009
11241.00 0.98860914 9.6374E-32 0.0000E+00 0.0000E+00 5.3439E-09 5.3439E-09 0.0000E+00 0.0000E+00 5.3439E-09 6.89E-06 6.97E-06   0.011 1.0000 7.1417E-06    826.310
11251.00 0.98885715 8.7329E-32 0.0000E+00 0.0000E+00 5.3690E-09 5.3690E-09 0.0000E+00 0.0000E+00 5.3690E-09 6.91E-06 6.98E-06   0.011 1.0000 7.1598E-06    827.131
11261.00 0.98833597 9.3275E-32 0.0000E+00 0.0000E+00 5.3291E-09 5.3291E-09 0.0000E+00 0.0000E+00 5.3291E-09 6.84E-06 6.92E-06   0.012 1.0000 7.1006E-06    827.438
11271.00 0.98879725 7.9448E-32 0.0000E+00 0.0000E+00 5.2471E-09 5.2471E-09 0.0000E+00 0.0000E+00 5.2471E-09 6.72E-06 6.80E-06   0.011 1.0000 6.9712E-06    827.405
11281.00 0.98842227 8.1563E-32 0.0000E+00 0.0000E+00 5.0792E-09 5.0792E-09 0.0000E+00 0.0000E+00 5.0792E-09 6.49E-06 6.57E-06   0.012 1.0000 6.7401E-06    826.655
11291.00 0.98854804 7.5720E-32 0.0000E+00 0.0000E+00 5.3824E-09 5.3824E-09 0.0000E+00 0.0000E+00 5.3824E-09 6.87E-06 6.95E-06   0.012 1.0000 7.1282E-06    829.726
11301.00 0.98901761 6.5097E-32 0.0000E+00 0.0000E+00 5.4011E-09 5.4011E-09 0.0000E+00 0.0000E+00 5.4011E-09 6.88E-06 6.96E-06   0.011 1.0000 7.1331E-06    830.495
11311.00 0.98890716 6.3113E-32 0.0000E+00 0.0000E+00 5.3372E-09 5.3372E-09 0.0000E+00 0.0000E+00 5.3372E-09 6.79E-06 6.86E-06   0.011 1.0000 7.0365E-06    830.613
11321.00 0.98894829 5.9549E-32 0.0000E+00 0.0000E+00 5.4126E-09 5.4126E-09 0.0000E+00 0.0000E+00 5.4126E-09 6.87E-06 6.95E-06   0.011 1.0000 7.1226E-06    831.830
11331.00 0.98888940 5.7125E-32 0.0000E+00 0.0000E+00 5.3098E-09 5.3098E-09 0.0000E+00 0.0000E+00 5.3098E-09 6.73E-06 6.80E-06   0.011 1.0000 6.9746E-06    831.637
11341.00 0.98888266 5.4387E-32 0.0000E+00 0.0000E+00 5.4092E-09 5.4092E-09 0.0000E+00 0.0000E+00 5.4092E-09 6.84E-06 6.92E-06   0.011 1.0000 7.0920E-06    833.048
11351.00 0.98890400 5.1452E-32 0.0000E+00 0.0000E+00 5.1238E-09 5.1238E-09 0.0000E+00 0.0000E+00 5.1238E-09 6.47E-06 6.54E-06   0.011 1.0000 6.7048E-06    831.369
11361.00 0.98890203 4.8908E-32 0.0000E+00 0.0000E+00 5.4273E-09 5.4273E-09 0.0000E+00 0.0000E+00 5.4273E-09 6.84E-06 6.91E-06   0.011 1.0000 7.0885E-06    834.433
11371.00 0.98895520 4.5989E-32 0.0000E+00 0.0000E+00 5.3659E-09 5.3659E-09 0.0000E+00 0.0000E+00 5.3659E-09 6.75E-06 6.82E-06   0.011 1.0000 6.9944E-06    834.571
11381.00 0.98892218 4.3955E-32 0.0000E+00 0.0000E+00 5.5043E-09 5.5043E-09 0.0000E+00 0.0000E+00 5.5043E-09 6.91E-06 6.98E-06   0.011 1.0000 7.1623E-06    836.279
11391.00 0.98891425 4.1822E-32 0.0000E+00 0.0000E+00 5.4679E-09 5.4679E-09 0.0000E+00 0.0000E+00 5.4679E-09 6.85E-06 6.93E-06   0.011 1.0000 7.1013E-06    836.617
11401.00 0.98889512 3.9871E-32 0.0000E+00 0.0000E+00 5.4922E-09 5.4922E-09 0.0000E+00 0.0000E+00 5.4922E-09 6.87E-06 6.94E-06   0.011 1.0000 7.1195E-06    837.428
11411.00 0.98887289 3.8032E-32 0.0000E+00 0.0000E+00 5.4795E-09 5.4795E-09 0.0000E+00 0.0000E+00 5.4795E-09 6.84E-06 6.91E-06   0.011 1.0000 7.0904E-06    837.952
11421.00 0.98886389 3.6194E-32 0.0000E+00 0.0000E+00 5.3258E-09 5.3258E-09 0.0000E+00 0.0000E+00 5.3258E-09 6.63E-06 6.71E-06   0.011 1.0000 6.8786E-06    837.358
11431.00 0.98884016 3.4533E-32 0.0000E+00 0.0000E+00 5.4214E-09 5.4214E-09 0.0000E+00 0.0000E+00 5.4214E-09 6.74E-06 6.81E-06   0.011 1.0000 6.9893E-06    838.739
11441.00 0.98881572 3.2954E-32 0.0000E+00 0.0000E+00 5.4615E-09 5.4615E-09 0.0000E+00 0.0000E+00 5.4615E-09 6.78E-06 6.85E-06   0.011 1.0000 7.0284E-06    839.677
11451.00 0.98880243 3.1382E-32 0.0000E+00 0.0000E+00 5.5164E-09 5.5164E-09 0.0000E+00 0.0000E+00 5.5164E-09 6.83E-06 6.91E-06   0.011 1.0000 7.0859E-06    840.727
11461.00 0.98878169 2.9926E-32 0.0000E+00 0.0000E+00 5.5889E-09 5.5889E-09 0.0000E+00 0.0000E+00 5.5889E-09 6.91E-06 6.99E-06   0.011 1.0000 7.1660E-06    841.909
11471.00 0.98876095 2.8537E-32 0.0000E+00 0.0000E+00 5.5055E-09 5.5055E-09 0.0000E+00 0.0000E+00 5.5055E-09 6.79E-06 6.87E-06   0.011 1.0000 7.0465E-06    841.885
11481.00 0.98873365 2.7245E-32 0.0000E+00 0.0000E+00 5.5481E-09 5.5481E-09 0.0000E+00 0.0000E+00 5.5481E-09 6.83E-06 6.91E-06   0.011 1.0000 7.0883E-06    842.838
11491.00 0.98871738 2.5959E-32 0.0000E+00 0.0000E+00 5.5525E-09 5.5525E-09 0.0000E+00 0.0000E+00 5.5525E-09 6.82E-06 6.90E-06   0.011 1.0000 7.0811E-06    843.494
11501.00 0.98869193 2.4774E-32 0.0000E+00 0.0000E+00 5.4281E-09 5.4281E-09 0.0000E+00 0.0000E+00 5.4281E-09 6.66E-06 6.73E-06   0.011 1.0000 6.9103E-06    843.141
11511.00 0.98867691 2.3600E-32 0.0000E+00 0.0000E+00 5.4040E-09 5.4040E-09 0.0000E+00 0.0000E+00 5.4040E-09 6.62E-06 6.69E-06   0.011 1.0000 6.8667E-06    843.571
11521.00 0.98865968 2.2489E-32 0.0000E+00 0.0000E+00 5.4336E-09 5.4336E-09 0.0000E+00 0.0000E+00 5.4336E-09 6.64E-06 6.72E-06   0.011 1.0000 6.8922E-06    844.427
11531.00 0.98863816 2.1447E-32 0.0000E+00 0.0000E+00 5.2401E-09 5.2401E-09 0.0000E+00 0.0000E+00 5.2401E-09 6.39E-06 6.46E-06   0.011 1.0000 6.6351E-06    843.490
11541.00 0.98861581 2.0457E-32 0.0000E+00 0.0000E+00 4.1753E-09 4.1753E-09 0.0000E+00 0.0000E+00 4.1753E-09 5.08E-06 5.14E-06   0.011 1.0000 5.2774E-06    834.474
11551.00 0.98859215 1.9516E-32 0.0000E+00 0.0000E+00 5.3186E-09 5.3186E-09 0.0000E+00 0.0000E+00 5.3186E-09 6.46E-06 6.54E-06   0.011 1.0000 6.7102E-06    845.368
11561.00 0.98856777 1.8621E-32 0.0000E+00 0.0000E+00 5.5965E-09 5.5965E-09 0.0000E+00 0.0000E+00 5.5965E-09 6.79E-06 6.87E-06   0.011 1.0000 7.0485E-06    848.185
11571.00 0.98854995 1.7746E-32 0.0000E+00 0.0000E+00 5.7092E-09 5.7092E-09 0.0000E+00 0.0000E+00 5.7092E-09 6.91E-06 6.99E-06   0.012 1.0000 7.1778E-06    849.671
11581.00 0.98852289 1.6939E-32 0.0000E+00 0.0000E+00 5.6822E-09 5.6822E-09 0.0000E+00 0.0000E+00 5.6822E-09 6.86E-06 6.94E-06   0.012 1.0000 7.1315E-06    850.086
11591.00 0.98848605 1.6197E-32 0.0000E+00 0.0000E+00 5.6937E-09 5.6937E-09 0.0000E+00 0.0000E+00 5.6937E-09 6.87E-06 6.95E-06   0.012 1.0000 7.1338E-06    850.796
11601.00 0.98847783 1.5410E-32 0.0000E+00 0.0000E+00 5.6109E-09 5.6109E-09 0.0000E+00 0.0000E+00 5.6109E-09 6.75E-06 6.83E-06   0.012 1.0000 7.0173E-06    850.782
11611.00 0.98843855 1.4740E-32 0.0000E+00 0.0000E+00 5.6125E-09 5.6125E-09 0.0000E+00 0.0000E+00 5.6125E-09 6.74E-06 6.82E-06   0.012 1.0000 7.0074E-06    851.416
11621.00 0.98841321 1.4065E-32 0.0000E+00 0.0000E+00 5.6778E-09 5.6778E-09 0.0000E+00 0.0000E+00 5.6778E-09 6.81E-06 6.89E-06   0.012 1.0000 7.0763E-06    852.539
11631.00 0.98835802 1.3489E-32 0.0000E+00 0.0000E+00 5.6470E-09 5.6470E-09 0.0000E+00 0.0000E+00 5.6470E-09 6.76E-06 6.84E-06   0.012 1.0000 7.0263E-06    852.924
11641.00 0.98828703 1.2977E-32 0.0000E+00 0.0000E+00 5.6474E-09 5.6474E-09 0.0000E+00 0.0000E+00 5.6474E-09 6.75E-06 6.83E-06   0.012 1.0000 7.0154E-06    853.549
11651.00 0.98827320 1.2356E-32 0.0000E+00 0.0000E+00 5.6578E-09 5.6578E-09 0.0000E+00 0.0000E+00 5.6578E-09 6.75E-06 6.83E-06   0.012 1.0000 7.0154E-06    854.249
11661.00 0.98812759 1.2035E-32 0.0000E+00 0.0000E+00 5.7668E-09 5.7668E-09 0.0000E+00 0.0000E+00 5.7668E-09 6.86E-06 6.94E-06   0.012 1.0000 7.1406E-06    855.703
11671.00 0.98816800 1.1361E-32 0.0000E+00 0.0000E+00 5.7876E-09 5.7876E-09 0.0000E+00 0.0000E+00 5.7876E-09 6.87E-06 6.96E-06   0.012 1.0000 7.1519E-06    856.482
11681.00 0.98804301 1.1024E-32 0.0000E+00 0.0000E+00 5.7011E-09 5.7011E-09 0.0000E+00 0.0000E+00 5.7011E-09 6.76E-06 6.84E-06   0.012 1.0000 7.0342E-06    856.446
11691.00 0.98795468 1.0639E-32 0.0000E+00 0.0000E+00 5.5326E-09 5.5326E-09 0.0000E+00 0.0000E+00 5.5326E-09 6.55E-06 6.63E-06   0.012 1.0000 6.8153E-06    855.759
11701.00 0.98786682 1.0288E-32 0.0000E+00 0.0000E+00 4.1512E-09 4.1512E-09 0.0000E+00 0.0000E+00 4.1512E-09 4.90E-06 4.96E-06   0.012 1.0000 5.1054E-06    844.045
11711.00 0.98760968 1.0214E-32 0.0000E+00 0.0000E+00 4.9662E-09 4.9662E-09 0.0000E+00 0.0000E+00 4.9662E-09 5.85E-06 5.93E-06   0.012 1.0000 6.0975E-06    852.317
11721.00 0.98779523 9.3711E-33 0.0000E+00 0.0000E+00 5.6636E-09 5.6636E-09 0.0000E+00 0.0000E+00 5.6636E-09 6.66E-06 6.75E-06   0.012 1.0000 6.9393E-06    858.640
11731.00 0.98748153 9.4357E-33 0.0000E+00 0.0000E+00 5.7608E-09 5.7608E-09 0.0000E+00 0.0000E+00 5.7608E-09 6.76E-06 6.85E-06   0.013 1.0000 7.0489E-06    860.006
11741.00 0.98686504 1.0041E-32 0.0000E+00 0.0000E+00 5.5982E-09 5.5982E-09 0.0000E+00 0.0000E+00 5.5982E-09 6.56E-06 6.65E-06   0.013 1.0000 6.8430E-06    859.374
11751.00 0.98720807 9.0148E-33 0.0000E+00 0.0000E+00 5.8060E-09 5.8060E-09 0.0000E+00 0.0000E+00 5.8060E-09 6.79E-06 6.88E-06   0.013 1.0000 7.0799E-06    861.591
11761.00 0.98764843 7.8401E-33 0.0000E+00 0.0000E+00 5.1550E-09 5.1550E-09 0.0000E+00 0.0000E+00 5.1550E-09 6.02E-06 6.10E-06   0.012 1.0000 6.2711E-06    857.019
11771.00 0.98738635 7.7971E-33 0.0000E+00 0.0000E+00 5.5374E-09 5.5374E-09 0.0000E+00 0.0000E+00 5.5374E-09 6.45E-06 6.54E-06   0.013 1.0000 6.7248E-06    860.756
11781.00 0.98718506 7.7382E-33 0.0000E+00 0.0000E+00 5.8892E-09 5.8892E-09 0.0000E+00 0.0000E+00 5.8892E-09 6.85E-06 6.94E-06   0.013 1.0000 7.1404E-06    864.080
11791.00 0.98721707 7.2784E-33 0.0000E+00 0.0000E+00 5.8965E-09 5.8965E-09 0.0000E+00 0.0000E+00 5.8965E-09 6.85E-06 6.93E-06   0.013 1.0000 7.1364E-06    864.757
11801.00 0.98775071 6.2619E-33 0.0000E+00 0.0000E+00 5.7793E-09 5.7793E-09 0.0000E+00 0.0000E+00 5.7793E-09 6.70E-06 6.78E-06   0.012 1.0000 6.9763E-06    864.493
11811.00 0.98744726 6.3259E-33 0.0000E+00 0.0000E+00 5.8073E-09 5.8073E-09 0.0000E+00 0.0000E+00 5.8073E-09 6.72E-06 6.80E-06   0.013 1.0000 7.0000E-06    865.327
11821.00 0.98721796 6.3024E-33 0.0000E+00 0.0000E+00 5.9113E-09 5.9113E-09 0.0000E+00 0.0000E+00 5.9113E-09 6.83E-06 6.91E-06   0.013 1.0000 7.1140E-06    866.730
11831.00 0.98727477 5.8156E-33 0.0000E+00 0.0000E+00 5.9114E-09 5.9114E-09 0.0000E+00 0.0000E+00 5.9114E-09 6.81E-06 6.90E-06   0.013 1.0000 7.1007E-06    867.352
11841.00 0.98676187 6.0459E-33 0.0000E+00 0.0000E+00 5.8528E-09 5.8528E-09 0.0000E+00 0.0000E+00 5.8528E-09 6.73E-06 6.82E-06   0.013 1.0000 7.0230E-06    867.533
11851.00 0.98585075 6.8451E-33 0.0000E+00 0.0000E+00 5.7879E-09 5.7879E-09 0.0000E+00 0.0000E+00 5.7879E-09 6.64E-06 6.74E-06   0.014 1.0000 6.9407E-06    867.661
11861.00 0.98641771 5.9030E-33 0.0000E+00 0.0000E+00 5.9171E-09 5.9171E-09 0.0000E+00 0.0000E+00 5.9171E-09 6.78E-06 6.87E-06   0.014 1.0000 7.0767E-06    869.258
11871.00 0.98679924 5.2136E-33 0.0000E+00 0.0000E+00 5.8838E-09 5.8838E-09 0.0000E+00 0.0000E+00 5.8838E-09 6.73E-06 6.82E-06   0.013 1.0000 7.0212E-06    869.629
11881.00 0.98562443 6.1370E-33 0.0000E+00 0.0000E+00 5.9379E-09 5.9379E-09 0.0000E+00 0.0000E+00 5.9379E-09 6.77E-06 6.87E-06   0.014 1.0000 7.0855E-06    870.655
11891.00 0.98572391 5.6741E-33 0.0000E+00 0.0000E+00 5.9960E-09 5.9960E-09 0.0000E+00 0.0000E+00 5.9960E-09 6.83E-06 6.93E-06   0.014 1.0000 7.1453E-06    871.708
11901.00 0.98660237 4.5903E-33 0.0000E+00 0.0000E+00 5.9714E-09 5.9714E-09 0.0000E+00 0.0000E+00 5.9714E-09 6.79E-06 6.88E-06   0.013 1.0000 7.0928E-06    872.147
11911.00 0.98657447 4.3664E-33 0.0000E+00 0.0000E+00 5.9537E-09 5.9537E-09 0.0000E+00 0.0000E+00 5.9537E-09 6.76E-06 6.85E-06   0.014 1.0000 7.0600E-06    872.635
11921.00 0.98579848 4.6796E-33 0.0000E+00 0.0000E+00 5.7804E-09 5.7804E-09 0.0000E+00 0.0000E+00 5.7804E-09 6.55E-06 6.64E-06   0.014 1.0000 6.8519E-06    871.945
11931.00 0.98653793 3.9549E-33 0.0000E+00 0.0000E+00 5.9963E-09 5.9963E-09 0.0000E+00 0.0000E+00 5.9963E-09 6.78E-06 6.87E-06   0.014 1.0000 7.0928E-06    874.194
11941.00 0.98619479 3.9732E-33 0.0000E+00 0.0000E+00 6.0406E-09 6.0406E-09 0.0000E+00 0.0000E+00 6.0406E-09 6.82E-06 6.91E-06   0.014 1.0000 7.1401E-06    875.143
11951.00 0.98621273 3.8000E-33 0.0000E+00 0.0000E+00 5.9694E-09 5.9694E-09 0.0000E+00 0.0000E+00 5.9694E-09 6.73E-06 6.82E-06   0.014 1.0000 7.0443E-06    875.235
11961.00 0.98570126 3.8440E-33 0.0000E+00 0.0000E+00 6.0209E-09 6.0209E-09 0.0000E+00 0.0000E+00 6.0209E-09 6.77E-06 6.87E-06   0.014 1.0000 7.1078E-06    876.238
11971.00 0.98596388 3.5208E-33 0.0000E+00 0.0000E+00 6.0228E-09 6.0228E-09 0.0000E+00 0.0000E+00 6.0228E-09 6.76E-06 6.86E-06   0.014 1.0000 7.0906E-06    876.874
11981.00 0.98546010 3.7421E-33 0.0000E+00 0.0000E+00 5.9275E-09 5.9275E-09 0.0000E+00 0.0000E+00 5.9275E-09 6.64E-06 6.74E-06   0.015 1.0000 6.9668E-06    876.782
11991.00 0.98332596 4.9134E-33 0.0000E+00 0.0000E+00 5.9148E-09 5.9148E-09 0.0000E+00 0.0000E+00 5.9148E-09 6.61E-06 6.71E-06   0.017 1.0000 6.9804E-06    877.306
12001.00 0.98325497 4.8160E-33 0.0000E+00 0.0000E+00 5.8463E-09 5.8463E-09 0.0000E+00 0.0000E+00 5.8463E-09 6.52E-06 6.63E-06   0.017 1.0000 6.8879E-06    877.407
12011.00 0.97714806 1.8900E-32 0.0000E+00 0.0000E+00 5.8901E-09 5.8901E-09 0.0000E+00 0.0000E+00 5.8901E-09 6.54E-06 6.68E-06   0.023 1.0000 6.9934E-06    878.359
12021.00 0.97543329 1.5833E-32 0.0000E+00 0.0000E+00 5.9440E-09 5.9440E-09 0.0000E+00 0.0000E+00 5.9440E-09 6.59E-06 6.73E-06   0.025 1.0000 7.0695E-06    879.387
12031.00 0.98028028 8.6399E-33 0.0000E+00 0.0000E+00 5.9174E-09 5.9174E-09 0.0000E+00 0.0000E+00 5.9174E-09 6.56E-06 6.68E-06   0.020 1.0000 6.9475E-06    879.806
12041.00 0.97186404 1.9286E-32 0.0000E+00 0.0000E+00 5.9283E-09 5.9283E-09 0.0000E+00 0.0000E+00 5.9283E-09 6.54E-06 6.69E-06   0.029 1.0000 7.0298E-06    880.508
12051.00 0.97315806 2.0603E-32 0.0000E+00 0.0000E+00 5.9550E-09 5.9550E-09 0.0000E+00 0.0000E+00 5.9550E-09 6.56E-06 6.71E-06   0.027 1.0000 7.0419E-06    881.328
12061.00 0.96323991 3.7320E-32 0.0000E+00 0.0000E+00 5.9578E-09 5.9578E-09 0.0000E+00 0.0000E+00 5.9578E-09 6.53E-06 6.72E-06   0.037 1.0000 7.1140E-06    881.970
12071.00 0.95944619 5.1003E-32 0.0000E+00 0.0000E+00 5.9949E-09 5.9949E-09 0.0000E+00 0.0000E+00 5.9949E-09 6.55E-06 6.76E-06   0.041 1.0000 7.1599E-06    882.868
12081.00 0.95135403 5.8726E-32 0.0000E+00 0.0000E+00 5.9161E-09 5.9161E-09 0.0000E+00 0.0000E+00 5.9161E-09 6.43E-06 6.69E-06   0.050 1.0000 7.1226E-06    882.894
12091.00 0.97688901 1.2489E-32 0.0000E+00 0.0000E+00 6.1389E-09 6.1389E-09 0.0000E+00 0.0000E+00 6.1389E-09 6.72E-06 6.86E-06   0.023 1.0000 7.1353E-06    885.175
12101.00 0.96684402 2.5207E-32 0.0000E+00 0.0000E+00 6.0729E-09 6.0729E-09 0.0000E+00 0.0000E+00 6.0729E-09 6.61E-06 6.80E-06   0.034 1.0000 7.1283E-06    885.309
12111.00 0.96473396 3.2641E-32 0.0000E+00 0.0000E+00 6.0301E-09 6.0301E-09 0.0000E+00 0.0000E+00 6.0301E-09 6.55E-06 6.74E-06   0.036 1.0000 7.0848E-06    885.610
12121.00 0.97767013 1.1692E-32 0.0000E+00 0.0000E+00 6.0832E-09 6.0832E-09 0.0000E+00 0.0000E+00 6.0832E-09 6.63E-06 6.76E-06   0.023 1.0000 7.0243E-06    886.625
12131.00 0.97066694 1.7622E-32 0.0000E+00 0.0000E+00 6.0728E-09 6.0728E-09 0.0000E+00 0.0000E+00 6.0728E-09 6.58E-06 6.75E-06   0.030 1.0000 7.0679E-06    887.168
12141.00 0.95332175 4.5404E-32 0.0000E+00 0.0000E+00 5.8302E-09 5.8302E-09 0.0000E+00 0.0000E+00 5.8302E-09 6.28E-06 6.50E-06   0.048 1.0000 6.9714E-06    885.952
12151.00 0.90874636 1.2567E-31 0.0000E+00 0.0000E+00 5.5164E-09 5.5164E-09 0.0000E+00 0.0000E+00 5.5164E-09 5.84E-06 6.25E-06   0.096 1.0000 7.0361E-06    884.090
12161.00 0.96454769 2.1212E-32 0.0000E+00 0.0000E+00 5.9114E-09 5.9114E-09 0.0000E+00 0.0000E+00 5.9114E-09 6.35E-06 6.56E-06   0.036 1.0000 6.9045E-06    887.812
12171.00 0.97229838 1.0950E-32 0.0000E+00 0.0000E+00 6.0202E-09 6.0202E-09 0.0000E+00 0.0000E+00 6.0202E-09 6.48E-06 6.65E-06   0.028 1.0000 6.9343E-06    889.254
12181.00 0.98069906 3.6864E-33 0.0000E+00 0.0000E+00 6.1128E-09 6.1128E-09 0.0000E+00 0.0000E+00 6.1128E-09 6.59E-06 6.71E-06   0.019 1.0000 6.9604E-06    890.563
12191.00 0.94965339 4.5265E-32 0.0000E+00 0.0000E+00 5.8587E-09 5.8587E-09 0.0000E+00 0.0000E+00 5.8587E-09 6.24E-06 6.50E-06   0.052 1.0000 6.9001E-06    889.264
12201.00 0.94210070 6.9003E-32 0.0000E+00 0.0000E+00 5.7564E-09 5.7564E-09 0.0000E+00 0.0000E+00 5.7564E-09 6.11E-06 6.38E-06   0.060 1.0000 6.8274E-06    889.089
12211.00 0.94570732 5.1054E-32 0.0000E+00 0.0000E+00 5.8934E-09 5.8934E-09 0.0000E+00 0.0000E+00 5.8934E-09 6.25E-06 6.51E-06   0.056 1.0000 6.9594E-06    890.768
12221.00 0.93672073 4.5618E-32 0.0000E+00 0.0000E+00 5.7982E-09 5.7982E-09 0.0000E+00 0.0000E+00 5.7982E-09 6.11E-06 6.43E-06   0.065 1.0000 6.9415E-06    890.651
12231.00 0.95121157 3.5736E-32 0.0000E+00 0.0000E+00 6.0670E-09 6.0670E-09 0.0000E+00 0.0000E+00 6.0670E-09 6.42E-06 6.67E-06   0.050 1.0000 7.1216E-06    893.319
12241.00 0.94419199 3.7354E-32 0.0000E+00 0.0000E+00 5.9662E-09 5.9662E-09 0.0000E+00 0.0000E+00 5.9662E-09 6.29E-06 6.56E-06   0.057 1.0000 7.0928E-06    893.179
12251.00 0.94693315 3.1022E-32 0.0000E+00 0.0000E+00 5.9732E-09 5.9732E-09 0.0000E+00 0.0000E+00 5.9732E-09 6.30E-06 6.54E-06   0.055 1.0000 7.0794E-06    893.850
12261.00 0.96282429 8.6115E-33 0.0000E+00 0.0000E+00 6.0986E-09 6.0986E-09 0.0000E+00 0.0000E+00 6.0986E-09 6.44E-06 6.64E-06   0.038 1.0000 7.0894E-06    895.413
12271.00 0.97047424 4.4599E-33 0.0000E+00 0.0000E+00 6.1681E-09 6.1681E-09 0.0000E+00 0.0000E+00 6.1681E-09 6.51E-06 6.69E-06   0.030 1.0000 7.0956E-06    896.547
12281.00 0.97689933 2.5541E-33 0.0000E+00 0.0000E+00 6.2612E-09 6.2612E-09 0.0000E+00 0.0000E+00 6.2612E-09 6.62E-06 6.76E-06   0.023 1.0000 7.1191E-06    897.849
12291.00 0.97566509 2.8738E-33 0.0000E+00 0.0000E+00 6.2737E-09 6.2737E-09 0.0000E+00 0.0000E+00 6.2737E-09 6.61E-06 6.77E-06   0.025 1.0000 7.1358E-06    898.560
12301.00 0.98376966 9.0736E-34 0.0000E+00 0.0000E+00 6.3617E-09 6.3617E-09 0.0000E+00 0.0000E+00 6.3617E-09 6.72E-06 6.83E-06   0.016 1.0000 7.1019E-06    899.816
12311.00 0.98354638 8.6315E-34 0.0000E+00 0.0000E+00 6.3823E-09 6.3823E-09 0.0000E+00 0.0000E+00 6.3823E-09 6.73E-06 6.84E-06   0.017 1.0000 7.1036E-06    900.585
12321.00 0.98338079 8.4942E-34 0.0000E+00 0.0000E+00 6.3787E-09 6.3787E-09 0.0000E+00 0.0000E+00 6.3787E-09 6.71E-06 6.82E-06   0.017 1.0000 7.0841E-06    901.178
12331.00 0.98502403 6.3091E-34 0.0000E+00 0.0000E+00 6.4245E-09 6.4245E-09 0.0000E+00 0.0000E+00 6.4245E-09 6.75E-06 6.85E-06   0.015 1.0000 7.1024E-06    902.126
12341.00 0.98513269 5.8918E-34 0.0000E+00 0.0000E+00 6.3614E-09 6.3614E-09 0.0000E+00 0.0000E+00 6.3614E-09 6.67E-06 6.77E-06   0.015 1.0000 7.0116E-06    902.294
12351.00 0.98352444 7.2109E-34 0.0000E+00 0.0000E+00 6.2846E-09 6.2846E-09 0.0000E+00 0.0000E+00 6.2846E-09 6.57E-06 6.68E-06   0.017 1.0000 6.9247E-06    902.357
12361.00 0.98491424 5.5192E-34 0.0000E+00 0.0000E+00 6.3570E-09 6.3570E-09 0.0000E+00 0.0000E+00 6.3570E-09 6.64E-06 6.74E-06   0.015 1.0000 6.9793E-06    903.501
12371.00 0.98509789 5.0585E-34 0.0000E+00 0.0000E+00 6.4125E-09 6.4125E-09 0.0000E+00 0.0000E+00 6.4125E-09 6.69E-06 6.79E-06   0.015 1.0000 7.0253E-06    904.520
12381.00 0.98558325 4.5012E-34 0.0000E+00 0.0000E+00 6.4396E-09 6.4396E-09 0.0000E+00 0.0000E+00 6.4396E-09 6.71E-06 6.81E-06   0.015 1.0000 7.0369E-06    905.333
12391.00 0.98536354 4.5068E-34 0.0000E+00 0.0000E+00 6.4924E-09 6.4924E-09 0.0000E+00 0.0000E+00 6.4924E-09 6.75E-06 6.85E-06   0.015 1.0000 7.0840E-06    906.329
12401.00 0.98599952 3.7628E-34 0.0000E+00 0.0000E+00 6.5630E-09 6.5630E-09 0.0000E+00 0.0000E+00 6.5630E-09 6.81E-06 6.91E-06   0.014 1.0000 7.1455E-06    907.448
12411.00 0.98607039 3.5321E-34 0.0000E+00 0.0000E+00 6.5279E-09 6.5279E-09 0.0000E+00 0.0000E+00 6.5279E-09 6.76E-06 6.86E-06   0.014 1.0000 7.0929E-06    907.821
12421.00 0.98503631 4.0976E-34 0.0000E+00 0.0000E+00 6.3408E-09 6.3408E-09 0.0000E+00 0.0000E+00 6.3408E-09 6.56E-06 6.65E-06   0.015 1.0000 6.8849E-06    907.100
12431.00 0.98367363 4.6651E-34 0.0000E+00 0.0000E+00 6.4862E-09 6.4862E-09 0.0000E+00 0.0000E+00 6.4862E-09 6.69E-06 6.80E-06   0.016 1.0000 7.0471E-06    908.764
12441.00 0.98330945 4.6195E-34 0.0000E+00 0.0000E+00 6.5284E-09 6.5284E-09 0.0000E+00 0.0000E+00 6.5284E-09 6.72E-06 6.83E-06   0.017 1.0000 7.0810E-06    909.683
12451.00 0.98378325 4.0511E-34 0.0000E+00 0.0000E+00 6.4600E-09 6.4600E-09 0.0000E+00 0.0000E+00 6.4600E-09 6.64E-06 6.75E-06   0.016 1.0000 6.9937E-06    909.817
12461.00 0.98247927 4.5474E-34 0.0000E+00 0.0000E+00 6.5388E-09 6.5388E-09 0.0000E+00 0.0000E+00 6.5388E-09 6.70E-06 6.82E-06   0.018 1.0000 7.0759E-06    910.996
12471.00 0.98383355 3.7052E-34 0.0000E+00 0.0000E+00 6.5946E-09 6.5946E-09 0.0000E+00 0.0000E+00 6.5946E-09 6.75E-06 6.86E-06   0.016 1.0000 7.1120E-06    912.010
12481.00 0.98218161 4.6907E-34 0.0000E+00 0.0000E+00 6.5833E-09 6.5833E-09 0.0000E+00 0.0000E+00 6.5833E-09 6.72E-06 6.85E-06   0.018 1.0000 7.1032E-06    912.550
12491.00 0.98262841 4.3108E-34 0.0000E+00 0.0000E+00 6.5427E-09 6.5427E-09 0.0000E+00 0.0000E+00 6.5427E-09 6.67E-06 6.79E-06   0.018 1.0000 7.0410E-06    912.883
12501.00 0.98283422 3.9388E-34 0.0000E+00 0.0000E+00 6.4808E-09 6.4808E-09 0.0000E+00 0.0000E+00 6.4808E-09 6.60E-06 6.71E-06   0.017 1.0000 6.9583E-06    913.062
12511.00 0.98472190 2.6094E-34 0.0000E+00 0.0000E+00 6.6554E-09 6.6554E-09 0.0000E+00 0.0000E+00 6.6554E-09 6.77E-06 6.87E-06   0.015 1.0000 7.1163E-06    914.915
12521.00 0.98325485 3.2295E-34 0.0000E+00 0.0000E+00 6.6503E-09 6.6503E-09 0.0000E+00 0.0000E+00 6.6503E-09 6.75E-06 6.86E-06   0.017 1.0000 7.1113E-06    915.499
12531.00 0.98531318 2.1471E-34 0.0000E+00 0.0000E+00 6.6646E-09 6.6646E-09 0.0000E+00 0.0000E+00 6.6646E-09 6.76E-06 6.86E-06   0.015 1.0000 7.0974E-06    916.219
12541.00 0.98335367 2.8830E-34 0.0000E+00 0.0000E+00 6.6524E-09 6.6524E-09 0.0000E+00 0.0000E+00 6.6524E-09 6.73E-06 6.84E-06   0.017 1.0000 7.0882E-06    916.753
12551.00 0.98204529 3.1164E-34 0.0000E+00 0.0000E+00 6.6567E-09 6.6567E-09 0.0000E+00 0.0000E+00 6.6567E-09 6.71E-06 6.84E-06   0.018 1.0000 7.0994E-06    917.403
12561.00 0.97944504 4.2253E-34 0.0000E+00 0.0000E+00 6.5982E-09 6.5982E-09 0.0000E+00 0.0000E+00 6.5982E-09 6.64E-06 6.77E-06   0.021 1.0000 7.0428E-06    917.611
12571.00 0.98432505 2.0639E-34 0.0000E+00 0.0000E+00 6.6673E-09 6.6673E-09 0.0000E+00 0.0000E+00 6.6673E-09 6.71E-06 6.81E-06   0.016 1.0000 7.0580E-06    918.716
12581.00 0.98481035 1.8098E-34 0.0000E+00 0.0000E+00 6.4501E-09 6.4501E-09 0.0000E+00 0.0000E+00 6.4501E-09 6.48E-06 6.58E-06   0.015 1.0000 6.8119E-06    917.791
12591.00 0.98543578 1.5569E-34 0.0000E+00 0.0000E+00 6.4883E-09 6.4883E-09 0.0000E+00 0.0000E+00 6.4883E-09 6.51E-06 6.60E-06   0.015 1.0000 6.8345E-06    918.685
12601.00 0.98449093 1.8355E-34 0.0000E+00 0.0000E+00 6.4894E-09 6.4894E-09 0.0000E+00 0.0000E+00 6.4894E-09 6.50E-06 6.60E-06   0.016 1.0000 6.8321E-06    919.311
12611.00 0.98100030 3.0908E-34 0.0000E+00 0.0000E+00 6.6450E-09 6.6450E-09 0.0000E+00 0.0000E+00 6.6450E-09 6.63E-06 6.75E-06   0.019 1.0000 7.0130E-06    921.037
12621.00 0.98097581 2.8245E-34 0.0000E+00 0.0000E+00 6.6539E-09 6.6539E-09 0.0000E+00 0.0000E+00 6.6539E-09 6.63E-06 6.75E-06   0.019 1.0000 7.0117E-06    921.718
12631.00 0.98283523 1.9127E-34 0.0000E+00 0.0000E+00 6.5813E-09 6.5813E-09 0.0000E+00 0.0000E+00 6.5813E-09 6.55E-06 6.66E-06   0.017 1.0000 6.9099E-06    921.824
12641.00 0.98135227 2.3194E-34 0.0000E+00 0.0000E+00 6.7066E-09 6.7066E-09 0.0000E+00 0.0000E+00 6.7066E-09 6.66E-06 6.78E-06   0.019 1.0000 7.0438E-06    923.326
12651.00 0.98249125 1.8604E-34 0.0000E+00 0.0000E+00 6.7729E-09 6.7729E-09 0.0000E+00 0.0000E+00 6.7729E-09 6.71E-06 6.83E-06   0.018 1.0000 7.0958E-06    924.407
12661.00 0.98121876 2.0250E-34 0.0000E+00 0.0000E+00 6.7599E-09 6.7599E-09 0.0000E+00 0.0000E+00 6.7599E-09 6.68E-06 6.81E-06   0.019 1.0000 7.0839E-06    924.936
12671.00 0.98352885 1.3466E-34 0.0000E+00 0.0000E+00 6.8246E-09 6.8246E-09 0.0000E+00 0.0000E+00 6.8246E-09 6.74E-06 6.86E-06   0.017 1.0000 7.1204E-06    926.003
12681.00 0.98491347 1.0412E-34 0.0000E+00 0.0000E+00 6.8178E-09 6.8178E-09 0.0000E+00 0.0000E+00 6.8178E-09 6.73E-06 6.83E-06   0.015 1.0000 7.0842E-06    926.575
12691.00 0.98491848 9.9144E-35 0.0000E+00 0.0000E+00 6.7932E-09 6.7932E-09 0.0000E+00 0.0000E+00 6.7932E-09 6.69E-06 6.80E-06   0.015 1.0000 7.0488E-06    927.025
12701.00 0.98536962 8.7892E-35 0.0000E+00 0.0000E+00 6.8571E-09 6.8571E-09 0.0000E+00 0.0000E+00 6.8571E-09 6.75E-06 6.85E-06   0.015 1.0000 7.0968E-06    928.085
12711.00 0.98539680 8.3132E-35 0.0000E+00 0.0000E+00 6.9108E-09 6.9108E-09 0.0000E+00 0.0000E+00 6.9108E-09 6.79E-06 6.89E-06   0.015 1.0000 7.1406E-06    929.073
12721.00 0.98581147 7.4213E-35 0.0000E+00 0.0000E+00 6.7927E-09 6.7927E-09 0.0000E+00 0.0000E+00 6.7927E-09 6.66E-06 6.76E-06   0.014 1.0000 6.9992E-06    928.878
12731.00 0.98578334 7.0767E-35 0.0000E+00 0.0000E+00 6.7914E-09 6.7914E-09 0.0000E+00 0.0000E+00 6.7914E-09 6.65E-06 6.74E-06   0.014 1.0000 6.9861E-06    929.488
12741.00 0.98576105 6.7445E-35 0.0000E+00 0.0000E+00 6.9161E-09 6.9161E-09 0.0000E+00 0.0000E+00 6.9161E-09 6.76E-06 6.85E-06   0.014 1.0000 7.1028E-06    930.967
12751.00 0.98580533 6.3632E-35 0.0000E+00 0.0000E+00 6.9115E-09 6.9115E-09 0.0000E+00 0.0000E+00 6.9115E-09 6.74E-06 6.84E-06   0.014 1.0000 7.0859E-06    931.555
12761.00 0.98577249 6.0724E-35 0.0000E+00 0.0000E+00 6.7472E-09 6.7472E-09 0.0000E+00 0.0000E+00 6.7472E-09 6.57E-06 6.66E-06   0.014 1.0000 6.9058E-06    931.037
12771.00 0.98578078 5.7611E-35 0.0000E+00 0.0000E+00 6.8861E-09 6.8861E-09 0.0000E+00 0.0000E+00 6.8861E-09 6.69E-06 6.79E-06   0.014 1.0000 7.0362E-06    932.619
12781.00 0.98574269 5.5009E-35 0.0000E+00 0.0000E+00 6.9748E-09 6.9748E-09 0.0000E+00 0.0000E+00 6.9748E-09 6.77E-06 6.86E-06   0.014 1.0000 7.1156E-06    933.844
12791.00 0.98573178 5.2330E-35 0.0000E+00 0.0000E+00 6.9895E-09 6.9895E-09 0.0000E+00 0.0000E+00 6.9895E-09 6.77E-06 6.87E-06   0.014 1.0000 7.1190E-06    934.564
12801.00 0.98571718 4.9805E-35 0.0000E+00 0.0000E+00 6.8857E-09 6.8857E-09 0.0000E+00 0.0000E+00 6.8857E-09 6.66E-06 6.75E-06   0.014 1.0000 7.0016E-06    934.473
12811.00 0.98567522 4.7584E-35 0.0000E+00 0.0000E+00 6.9789E-09 6.9789E-09 0.0000E+00 0.0000E+00 6.9789E-09 6.73E-06 6.83E-06   0.014 1.0000 7.0852E-06    935.730
12821.00 0.98566443 4.5263E-35 0.0000E+00 0.0000E+00 6.9072E-09 6.9072E-09 0.0000E+00 0.0000E+00 6.9072E-09 6.65E-06 6.75E-06   0.014 1.0000 7.0007E-06    935.859
12831.00 0.98561883 4.3267E-35 0.0000E+00 0.0000E+00 7.0032E-09 7.0032E-09 0.0000E+00 0.0000E+00 7.0032E-09 6.73E-06 6.83E-06   0.014 1.0000 7.0866E-06    937.133
12841.00 0.98561817 4.1099E-35 0.0000E+00 0.0000E+00 7.0366E-09 7.0366E-09 0.0000E+00 0.0000E+00 7.0366E-09 6.75E-06 6.85E-06   0.014 1.0000 7.1081E-06    937.979
12851.00 0.98559207 3.9177E-35 0.0000E+00 0.0000E+00 7.0416E-09 7.0416E-09 0.0000E+00 0.0000E+00 7.0416E-09 6.75E-06 6.85E-06   0.015 1.0000 7.1013E-06    938.632
12861.00 0.98556918 3.7330E-35 0.0000E+00 0.0000E+00 6.9110E-09 6.9110E-09 0.0000E+00 0.0000E+00 6.9110E-09 6.61E-06 6.71E-06   0.015 1.0000 6.9577E-06    938.360
12871.00 0.98555112 3.5544E-35 0.0000E+00 0.0000E+00 7.0783E-09 7.0783E-09 0.0000E+00 0.0000E+00 7.0783E-09 6.76E-06 6.86E-06   0.015 1.0000 7.1139E-06    940.119
12881.00 0.98552650 3.3874E-35 0.0000E+00 0.0000E+00 7.0758E-09 7.0758E-09 0.0000E+00 0.0000E+00 7.0758E-09 6.74E-06 6.84E-06   0.015 1.0000 7.0994E-06    940.721
12891.00 0.98549908 3.2297E-35 0.0000E+00 0.0000E+00 7.0826E-09 7.0826E-09 0.0000E+00 0.0000E+00 7.0826E-09 6.74E-06 6.84E-06   0.015 1.0000 7.0944E-06    941.386
12901.00 0.98547816 3.0764E-35 0.0000E+00 0.0000E+00 6.7538E-09 6.7538E-09 0.0000E+00 0.0000E+00 6.7538E-09 6.41E-06 6.51E-06   0.015 1.0000 6.7536E-06    939.738
12911.00 0.98545033 2.9332E-35 0.0000E+00 0.0000E+00 6.9207E-09 6.9207E-09 0.0000E+00 0.0000E+00 6.9207E-09 6.56E-06 6.66E-06   0.015 1.0000 6.9089E-06    941.519
12921.00 0.98543012 2.7937E-35 0.0000E+00 0.0000E+00 7.1290E-09 7.1290E-09 0.0000E+00 0.0000E+00 7.1290E-09 6.75E-06 6.85E-06   0.015 1.0000 7.1049E-06    943.555
12931.00 0.98540390 2.6629E-35 0.0000E+00 0.0000E+00 7.0999E-09 7.0999E-09 0.0000E+00 0.0000E+00 7.0999E-09 6.71E-06 6.81E-06   0.015 1.0000 7.0646E-06    943.979
12941.00 0.98537672 2.5387E-35 0.0000E+00 0.0000E+00 6.9399E-09 6.9399E-09 0.0000E+00 0.0000E+00 6.9399E-09 6.54E-06 6.64E-06   0.015 1.0000 6.8949E-06    943.506
12951.00 0.98535269 2.4192E-35 0.0000E+00 0.0000E+00 7.0448E-09 7.0448E-09 0.0000E+00 0.0000E+00 7.0448E-09 6.63E-06 6.73E-06   0.015 1.0000 6.9877E-06    944.843
12961.00 0.98532659 2.3059E-35 0.0000E+00 0.0000E+00 6.9616E-09 6.9616E-09 0.0000E+00 0.0000E+00 6.9616E-09 6.54E-06 6.64E-06   0.015 1.0000 6.8945E-06    944.892
12971.00 0.98529667 2.1990E-35 0.0000E+00 0.0000E+00 7.1050E-09 7.1050E-09 0.0000E+00 0.0000E+00 7.1050E-09 6.66E-06 6.76E-06   0.015 1.0000 7.0270E-06    946.488
12981.00 0.98524016 2.1048E-35 0.0000E+00 0.0000E+00 7.0734E-09 7.0734E-09 0.0000E+00 0.0000E+00 7.0734E-09 6.62E-06 6.72E-06   0.015 1.0000 6.9958E-06    946.893
12991.00 0.98512584 2.0311E-35 0.0000E+00 0.0000E+00 7.0362E-09 7.0362E-09 0.0000E+00 0.0000E+00 7.0362E-09 6.58E-06 6.68E-06   0.015 1.0000 6.9674E-06    947.258
13001.00 0.98482531 2.0138E-35 0.0000E+00 0.0000E+00 7.0392E-09 7.0392E-09 0.0000E+00 0.0000E+00 7.0392E-09 6.57E-06 6.67E-06   0.015 1.0000 6.9977E-06    947.896
13011.00 0.98386639 2.2205E-35 0.0000E+00 0.0000E+00 7.0717E-09 7.0717E-09 0.0000E+00 0.0000E+00 7.0717E-09 6.59E-06 6.69E-06   0.016 1.0000 7.0635E-06    948.736
13021.00 0.98113734 3.3375E-35 0.0000E+00 0.0000E+00 6.9711E-09 6.9711E-09 0.0000E+00 0.0000E+00 6.9711E-09 6.48E-06 6.58E-06   0.019 1.0000 7.0503E-06    948.665
13031.00 0.97544873 7.3066E-35 0.0000E+00 0.0000E+00 6.9133E-09 6.9133E-09 0.0000E+00 0.0000E+00 6.9133E-09 6.41E-06 6.52E-06   0.025 1.0000 7.0771E-06    948.884
13041.00 0.96366143 2.2717E-34 0.0000E+00 0.0000E+00 6.3936E-09 6.3936E-09 0.0000E+00 0.0000E+00 6.3936E-09 5.91E-06 6.03E-06   0.037 1.0000 6.7057E-06    945.761
13051.00 0.95237464 4.1789E-34 0.0000E+00 0.0000E+00 6.1487E-09 6.1487E-09 0.0000E+00 0.0000E+00 6.1487E-09 5.67E-06 5.80E-06   0.049 1.0000 6.6213E-06    944.517
13061.00 0.92811918 1.1451E-33 0.0000E+00 0.0000E+00 6.0536E-09 6.0536E-09 0.0000E+00 0.0000E+00 6.0536E-09 5.55E-06 5.72E-06   0.075 1.0000 6.8845E-06    944.391
13071.00 0.88858050 2.8338E-33 0.0000E+00 0.0000E+00 5.7899E-09 5.7899E-09 0.0000E+00 0.0000E+00 5.7899E-09 5.27E-06 5.49E-06   0.118 1.0000 7.1115E-06    942.895
13081.00 0.85633272 4.4714E-33 0.0000E+00 0.0000E+00 5.3972E-09 5.3972E-09 0.0000E+00 0.0000E+00 5.3972E-09 4.87E-06 5.15E-06   0.155 1.0000 7.1104E-06    940.197
13091.00 0.80760837 6.6660E-33 0.0000E+00 0.0000E+00 4.8572E-09 4.8572E-09 0.0000E+00 0.0000E+00 4.8572E-09 4.32E-06 4.68E-06   0.214 1.0000 7.1062E-06    935.880
13101.00 0.77133036 8.6521E-33 0.0000E+00 0.0000E+00 4.5452E-09 4.5452E-09 0.0000E+00 0.0000E+00 4.5452E-09 4.00E-06 4.41E-06   0.260 1.0000 7.1028E-06    933.411
13111.00 0.77515513 7.9738E-33 0.0000E+00 0.0000E+00 4.6647E-09 4.6647E-09 0.0000E+00 0.0000E+00 4.6647E-09 4.10E-06 4.52E-06   0.255 1.0000 7.0290E-06    935.219
13121.00 0.87840527 3.3417E-33 0.0000E+00 0.0000E+00 5.7060E-09 5.7060E-09 0.0000E+00 0.0000E+00 5.7060E-09 5.11E-06 5.40E-06   0.130 1.0000 6.7816E-06    945.267
13131.00 0.76470947 5.9368E-33 0.0000E+00 0.0000E+00 4.4381E-09 4.4381E-09 0.0000E+00 0.0000E+00 4.4381E-09 3.86E-06 4.32E-06   0.268 1.0000 6.9749E-06    934.128
13141.00 0.67342019 8.8991E-33 0.0000E+00 0.0000E+00 3.2157E-09 3.2157E-09 0.0000E+00 0.0000E+00 3.2157E-09 2.70E-06 3.22E-06   0.395 1.0000 7.0062E-06    920.077
13151.00 0.68854326 7.6867E-33 0.0000E+00 0.0000E+00 3.2087E-09 3.2087E-09 0.0000E+00 0.0000E+00 3.2087E-09 2.75E-06 3.14E-06   0.373 1.0000 6.9759E-06    920.579
13161.00 0.86512136 1.6020E-33 0.0000E+00 0.0000E+00 4.8628E-09 4.8628E-09 0.0000E+00 0.0000E+00 4.8628E-09 4.34E-06 4.55E-06   0.145 1.0000 7.0394E-06    940.191
13171.00 0.97859520 3.2094E-35 0.0000E+00 0.0000E+00 7.0954E-09 7.0954E-09 0.0000E+00 0.0000E+00 7.0954E-09 6.42E-06 6.53E-06   0.022 1.0000 7.0248E-06    958.784
13181.00 0.98470604 8.0433E-36 0.0000E+00 0.0000E+00 7.1789E-09 7.1789E-09 0.0000E+00 0.0000E+00 7.1789E-09 6.49E-06 6.59E-06   0.015 1.0000 6.8540E-06    959.970
13191.00 0.98474079 7.6038E-36 0.0000E+00 0.0000E+00 7.3646E-09 7.3646E-09 0.0000E+00 0.0000E+00 7.3646E-09 6.65E-06 6.75E-06   0.015 1.0000 7.0170E-06    961.831
13201.00 0.98472840 7.2331E-36 0.0000E+00 0.0000E+00 7.3363E-09 7.3363E-09 0.0000E+00 0.0000E+00 7.3363E-09 6.61E-06 6.71E-06   0.015 1.0000 6.9786E-06    962.261
13211.00 0.98470986 6.8862E-36 0.0000E+00 0.0000E+00 7.3470E-09 7.3470E-09 0.0000E+00 0.0000E+00 7.3470E-09 6.61E-06 6.71E-06   0.015 1.0000 6.9776E-06    962.951
13221.00 0.98467940 6.5661E-36 0.0000E+00 0.0000E+00 7.3355E-09 7.3355E-09 0.0000E+00 0.0000E+00 7.3355E-09 6.59E-06 6.69E-06   0.015 1.0000 6.9558E-06    963.492
13231.00 0.98464328 6.2659E-36 0.0000E+00 0.0000E+00 7.3074E-09 7.3074E-09 0.0000E+00 0.0000E+00 7.3074E-09 6.55E-06 6.65E-06   0.015 1.0000 6.9184E-06    963.923
13241.00 0.98461843 5.9700E-36 0.0000E+00 0.0000E+00 7.4410E-09 7.4410E-09 0.0000E+00 0.0000E+00 7.4410E-09 6.66E-06 6.76E-06   0.016 1.0000 7.0339E-06    965.426
13251.00 0.98459333 5.6887E-36 0.0000E+00 0.0000E+00 7.4740E-09 7.4740E-09 0.0000E+00 0.0000E+00 7.4740E-09 6.68E-06 6.78E-06   0.016 1.0000 7.0541E-06    966.261
13261.00 0.98455447 5.4301E-36 0.0000E+00 0.0000E+00 7.5083E-09 7.5083E-09 0.0000E+00 0.0000E+00 7.5083E-09 6.70E-06 6.80E-06   0.016 1.0000 7.0756E-06    967.104
13271.00 0.98453385 5.1710E-36 0.0000E+00 0.0000E+00 7.4423E-09 7.4423E-09 0.0000E+00 0.0000E+00 7.4423E-09 6.62E-06 6.73E-06   0.016 1.0000 7.0026E-06    967.289
13281.00 0.98450238 4.9311E-36 0.0000E+00 0.0000E+00 7.3884E-09 7.3884E-09 0.0000E+00 0.0000E+00 7.3884E-09 6.57E-06 6.67E-06   0.016 1.0000 6.9412E-06    967.550
13291.00 0.98447698 4.6985E-36 0.0000E+00 0.0000E+00 7.3735E-09 7.3735E-09 0.0000E+00 0.0000E+00 7.3735E-09 6.54E-06 6.64E-06   0.016 1.0000 6.9165E-06    968.070
13301.00 0.98442680 4.4915E-36 0.0000E+00 0.0000E+00 7.4837E-09 7.4837E-09 0.0000E+00 0.0000E+00 7.4837E-09 6.63E-06 6.73E-06   0.016 1.0000 7.0096E-06    969.415
13311.00 0.98441762 4.2705E-36 0.0000E+00 0.0000E+00 7.2669E-09 7.2669E-09 0.0000E+00 0.0000E+00 7.2669E-09 6.42E-06 6.53E-06   0.016 1.0000 6.7959E-06    968.591
13321.00 0.98435897 4.0866E-36 0.0000E+00 0.0000E+00 7.5015E-09 7.5015E-09 0.0000E+00 0.0000E+00 7.5015E-09 6.62E-06 6.72E-06   0.016 1.0000 7.0050E-06    970.768
13331.00 0.98435098 3.8852E-36 0.0000E+00 0.0000E+00 7.4440E-09 7.4440E-09 0.0000E+00 0.0000E+00 7.4440E-09 6.56E-06 6.66E-06   0.016 1.0000 6.9407E-06    971.008
13341.00 0.98433989 3.6950E-36 0.0000E+00 0.0000E+00 7.2857E-09 7.2857E-09 0.0000E+00 0.0000E+00 7.2857E-09 6.41E-06 6.51E-06   0.016 1.0000 6.7825E-06    970.570
13351.00 0.98430699 3.5240E-36 0.0000E+00 0.0000E+00 7.5207E-09 7.5207E-09 0.0000E+00 0.0000E+00 7.5207E-09 6.60E-06 6.71E-06   0.016 1.0000 6.9903E-06    972.748
13361.00 0.98428500 3.3562E-36 0.0000E+00 0.0000E+00 7.4880E-09 7.4880E-09 0.0000E+00 0.0000E+00 7.4880E-09 6.56E-06 6.67E-06   0.016 1.0000 6.9490E-06    973.151
13371.00 0.98424774 3.2027E-36 0.0000E+00 0.0000E+00 7.4929E-09 7.4929E-09 0.0000E+00 0.0000E+00 7.4929E-09 6.56E-06 6.66E-06   0.016 1.0000 6.9428E-06    973.801
13381.00 0.98421127 3.0556E-36 0.0000E+00 0.0000E+00 7.5482E-09 7.5482E-09 0.0000E+00 0.0000E+00 7.5482E-09 6.59E-06 6.70E-06   0.016 1.0000 6.9829E-06    974.781
13391.00 0.98416370 2.9200E-36 0.0000E+00 0.0000E+00 7.5630E-09 7.5630E-09 0.0000E+00 0.0000E+00 7.5630E-09 6.59E-06 6.70E-06   0.016 1.0000 6.9856E-06    975.496
13401.00 0.98416239 2.7732E-36 0.0000E+00 0.0000E+00 7.5164E-09 7.5164E-09 0.0000E+00 0.0000E+00 7.5164E-09 6.54E-06 6.65E-06   0.016 1.0000 6.9311E-06    975.808
13411.00 0.98411453 2.6499E-36 0.0000E+00 0.0000E+00 7.5999E-09 7.5999E-09 0.0000E+00 0.0000E+00 7.5999E-09 6.60E-06 6.71E-06   0.016 1.0000 6.9973E-06    976.972
13421.00 0.98410416 2.5200E-36 0.0000E+00 0.0000E+00 7.4483E-09 7.4483E-09 0.0000E+00 0.0000E+00 7.4483E-09 6.46E-06 6.56E-06   0.016 1.0000 6.8463E-06    976.594
13431.00 0.98407072 2.4032E-36 0.0000E+00 0.0000E+00 7.3645E-09 7.3645E-09 0.0000E+00 0.0000E+00 7.3645E-09 6.38E-06 6.48E-06   0.016 1.0000 6.7587E-06    976.653
13441.00 0.98403573 2.2926E-36 0.0000E+00 0.0000E+00 7.6161E-09 7.6161E-09 0.0000E+00 0.0000E+00 7.6161E-09 6.58E-06 6.69E-06   0.016 1.0000 6.9782E-06    978.931
13451.00 0.98402143 2.1811E-36 0.0000E+00 0.0000E+00 7.6318E-09 7.6318E-09 0.0000E+00 0.0000E+00 7.6318E-09 6.59E-06 6.69E-06   0.016 1.0000 6.9805E-06    979.651
13461.00 0.98388755 2.1063E-36 0.0000E+00 0.0000E+00 7.5688E-09 7.5688E-09 0.0000E+00 0.0000E+00 7.5688E-09 6.52E-06 6.63E-06   0.016 1.0000 6.9145E-06    979.858
13471.00 0.98383504 2.0143E-36 0.0000E+00 0.0000E+00 7.3135E-09 7.3135E-09 0.0000E+00 0.0000E+00 7.3135E-09 6.29E-06 6.39E-06   0.016 1.0000 6.6706E-06    978.776
13481.00 0.98378730 1.9237E-36 0.0000E+00 0.0000E+00 7.3307E-09 7.3307E-09 0.0000E+00 0.0000E+00 7.3307E-09 6.29E-06 6.40E-06   0.016 1.0000 6.6756E-06    979.508
13491.00 0.98354954 1.8838E-36 0.0000E+00 0.0000E+00 7.3198E-09 7.3198E-09 0.0000E+00 0.0000E+00 7.3198E-09 6.27E-06 6.38E-06   0.017 1.0000 6.6588E-06    980.052
13501.00 0.98368156 1.7580E-36 0.0000E+00 0.0000E+00 7.5476E-09 7.5476E-09 0.0000E+00 0.0000E+00 7.5476E-09 6.46E-06 6.56E-06   0.016 1.0000 6.8511E-06    982.188
13511.00 0.98325264 1.7656E-36 0.0000E+00 0.0000E+00 7.5490E-09 7.5490E-09 0.0000E+00 0.0000E+00 7.5490E-09 6.44E-06 6.55E-06   0.017 1.0000 6.8479E-06    982.814
13521.00 0.98264813 1.8157E-36 0.0000E+00 0.0000E+00 7.5593E-09 7.5593E-09 0.0000E+00 0.0000E+00 7.5593E-09 6.44E-06 6.55E-06   0.018 1.0000 6.8549E-06    983.498
13531.00 0.98281181 1.6971E-36 0.0000E+00 0.0000E+00 7.3320E-09 7.3320E-09 0.0000E+00 0.0000E+00 7.3320E-09 6.24E-06 6.35E-06   0.017 1.0000 6.6352E-06    982.599
13541.00 0.98184282 1.8338E-36 0.0000E+00 0.0000E+00 7.5455E-09 7.5455E-09 0.0000E+00 0.0000E+00 7.5455E-09 6.40E-06 6.52E-06   0.018 1.0000 6.8288E-06    984.642
13551.00 0.98262328 1.5549E-36 0.0000E+00 0.0000E+00 7.7247E-09 7.7247E-09 0.0000E+00 0.0000E+00 7.7247E-09 6.55E-06 6.66E-06   0.018 1.0000 6.9678E-06    986.428
13561.00 0.98117018 1.8211E-36 0.0000E+00 0.0000E+00 7.7349E-09 7.7349E-09 0.0000E+00 0.0000E+00 7.7349E-09 6.54E-06 6.67E-06   0.019 1.0000 6.9805E-06    987.112
13571.00 0.98021060 1.9887E-36 0.0000E+00 0.0000E+00 7.6762E-09 7.6762E-09 0.0000E+00 0.0000E+00 7.6762E-09 6.48E-06 6.61E-06   0.020 1.0000 6.9293E-06    987.349
13581.00 0.97878993 2.1719E-36 0.0000E+00 0.0000E+00 7.6092E-09 7.6092E-09 0.0000E+00 0.0000E+00 7.6092E-09 6.41E-06 6.54E-06   0.021 1.0000 6.8674E-06    987.528
13591.00 0.98025966 1.7060E-36 0.0000E+00 0.0000E+00 7.5959E-09 7.5959E-09 0.0000E+00 0.0000E+00 7.5959E-09 6.39E-06 6.52E-06   0.020 1.0000 6.8280E-06    988.058
13601.00 0.98138750 1.3992E-36 0.0000E+00 0.0000E+00 7.7081E-09 7.7081E-09 0.0000E+00 0.0000E+00 7.7081E-09 6.47E-06 6.60E-06   0.019 1.0000 6.9178E-06    989.408
13611.00 0.97999132 1.6632E-36 0.0000E+00 0.0000E+00 7.7864E-09 7.7864E-09 0.0000E+00 0.0000E+00 7.7864E-09 6.53E-06 6.66E-06   0.020 1.0000 6.9838E-06    990.531
13621.00 0.98164296 1.2820E-36 0.0000E+00 0.0000E+00 7.8465E-09 7.8465E-09 0.0000E+00 0.0000E+00 7.8465E-09 6.57E-06 6.69E-06   0.019 1.0000 7.0039E-06    991.534
13631.00 0.97940409 1.6097E-36 0.0000E+00 0.0000E+00 7.7276E-09 7.7276E-09 0.0000E+00 0.0000E+00 7.7276E-09 6.45E-06 6.59E-06   0.021 1.0000 6.9291E-06    991.385
13641.00 0.98089415 1.2342E-36 0.0000E+00 0.0000E+00 7.6304E-09 7.6304E-09 0.0000E+00 0.0000E+00 7.6304E-09 6.36E-06 6.49E-06   0.019 1.0000 6.8141E-06    991.368
13651.00 0.97841060 1.6943E-36 0.0000E+00 0.0000E+00 7.6495E-09 7.6495E-09 0.0000E+00 0.0000E+00 7.6495E-09 6.36E-06 6.50E-06   0.022 1.0000 6.8293E-06    992.109
13661.00 0.97316235 2.5107E-36 0.0000E+00 0.0000E+00 7.6614E-09 7.6614E-09 0.0000E+00 0.0000E+00 7.6614E-09 6.35E-06 6.52E-06   0.027 1.0000 6.9146E-06    992.805
13671.00 0.97208023 2.4737E-36 0.0000E+00 0.0000E+00 7.6091E-09 7.6091E-09 0.0000E+00 0.0000E+00 7.6091E-09 6.29E-06 6.46E-06   0.028 1.0000 6.8594E-06    993.077
13681.00 0.97265244 2.5202E-36 0.0000E+00 0.0000E+00 7.4952E-09 7.4952E-09 0.0000E+00 0.0000E+00 7.4952E-09 6.19E-06 6.35E-06   0.028 1.0000 6.7477E-06    992.938
13691.00 0.96873754 3.2202E-36 0.0000E+00 0.0000E+00 7.6541E-09 7.6541E-09 0.0000E+00 0.0000E+00 7.6541E-09 6.30E-06 6.49E-06   0.032 1.0000 6.9298E-06    994.606
13701.00 0.97400999 1.8502E-36 0.0000E+00 0.0000E+00 7.7156E-09 7.7156E-09 0.0000E+00 0.0000E+00 7.7156E-09 6.35E-06 6.52E-06   0.026 1.0000 6.8895E-06    995.625
13711.00 0.95903301 5.7791E-36 0.0000E+00 0.0000E+00 7.2131E-09 7.2131E-09 0.0000E+00 0.0000E+00 7.2131E-09 5.89E-06 6.12E-06   0.042 1.0000 6.5819E-06    992.865
13721.00 0.96968114 3.1774E-36 0.0000E+00 0.0000E+00 7.4388E-09 7.4388E-09 0.0000E+00 0.0000E+00 7.4388E-09 6.10E-06 6.27E-06   0.031 1.0000 6.6556E-06    995.022
13731.00 0.96593517 3.4659E-36 0.0000E+00 0.0000E+00 7.6394E-09 7.6394E-09 0.0000E+00 0.0000E+00 7.6394E-09 6.24E-06 6.44E-06   0.035 1.0000 6.8519E-06    996.975
13741.00 0.94780397 9.2470E-36 0.0000E+00 0.0000E+00 7.4917E-09 7.4917E-09 0.0000E+00 0.0000E+00 7.4917E-09 6.07E-06 6.35E-06   0.054 1.0000 6.8890E-06    996.609
13751.00 0.96594840 5.1965E-36 0.0000E+00 0.0000E+00 7.8025E-09 7.8025E-09 0.0000E+00 0.0000E+00 7.8025E-09 6.35E-06 6.55E-06   0.035 1.0000 6.9714E-06    999.272
13761.00 0.95157087 9.4430E-36 0.0000E+00 0.0000E+00 7.5871E-09 7.5871E-09 0.0000E+00 0.0000E+00 7.5871E-09 6.14E-06 6.39E-06   0.050 1.0000 6.9003E-06    998.477
13771.00 0.96953607 2.0221E-36 0.0000E+00 0.0000E+00 7.6849E-09 7.6849E-09 0.0000E+00 0.0000E+00 7.6849E-09 6.24E-06 6.43E-06   0.031 1.0000 6.8340E-06    999.738
13781.00 0.95329422 7.0495E-36 0.0000E+00 0.0000E+00 7.6289E-09 7.6289E-09 0.0000E+00 0.0000E+00 7.6289E-09 6.15E-06 6.41E-06   0.048 1.0000 6.9166E-06    999.985
13791.00 0.96252328 4.3340E-36 0.0000E+00 0.0000E+00 7.6936E-09 7.6936E-09 0.0000E+00 0.0000E+00 7.6936E-09 6.21E-06 6.43E-06   0.038 1.0000 6.8767E-06   1001.028
13801.00 0.95002365 8.9709E-36 0.0000E+00 0.0000E+00 7.5714E-09 7.5714E-09 0.0000E+00 0.0000E+00 7.5714E-09 6.08E-06 6.34E-06   0.051 1.0000 6.8804E-06   1000.835
13811.00 0.94930351 1.0865E-35 0.0000E+00 0.0000E+00 7.6389E-09 7.6389E-09 0.0000E+00 0.0000E+00 7.6389E-09 6.12E-06 6.39E-06   0.052 1.0000 6.8949E-06   1001.899
13821.00 0.93749881 1.2005E-35 0.0000E+00 0.0000E+00 7.5987E-09 7.5987E-09 0.0000E+00 0.0000E+00 7.5987E-09 6.06E-06 6.37E-06   0.065 1.0000 6.9471E-06   1002.248
13831.00 0.96831727 2.7017E-36 0.0000E+00 0.0000E+00 7.8379E-09 7.8379E-09 0.0000E+00 0.0000E+00 7.8379E-09 6.30E-06 6.49E-06   0.032 1.0000 6.8800E-06   1004.432
13841.00 0.97099894 1.8963E-36 0.0000E+00 0.0000E+00 7.6257E-09 7.6257E-09 0.0000E+00 0.0000E+00 7.6257E-09 6.13E-06 6.29E-06   0.029 1.0000 6.6572E-06   1003.658
13851.00 0.97268146 1.2901E-36 0.0000E+00 0.0000E+00 7.8952E-09 7.8952E-09 0.0000E+00 0.0000E+00 7.8952E-09 6.33E-06 6.50E-06   0.028 1.0000 6.8689E-06   1006.034
13861.00 0.97379708 1.1007E-36 0.0000E+00 0.0000E+00 7.8874E-09 7.8874E-09 0.0000E+00 0.0000E+00 7.8874E-09 6.32E-06 6.48E-06   0.027 1.0000 6.8448E-06   1006.600
13871.00 0.94378197 8.8539E-36 0.0000E+00 0.0000E+00 7.3708E-09 7.3708E-09 0.0000E+00 0.0000E+00 7.3708E-09 5.84E-06 6.11E-06   0.058 1.0000 6.6067E-06   1003.785
13881.00 0.92353386 1.2579E-35 0.0000E+00 0.0000E+00 7.4432E-09 7.4432E-09 0.0000E+00 0.0000E+00 7.4432E-09 5.84E-06 6.22E-06   0.080 1.0000 6.8443E-06   1004.894
13891.00 0.94405586 5.2937E-36 0.0000E+00 0.0000E+00 7.5320E-09 7.5320E-09 0.0000E+00 0.0000E+00 7.5320E-09 5.93E-06 6.24E-06   0.058 1.0000 6.7708E-06   1006.109
13901.00 0.94149244 5.6138E-36 0.0000E+00 0.0000E+00 7.3415E-09 7.3415E-09 0.0000E+00 0.0000E+00 7.3415E-09 5.78E-06 6.06E-06   0.060 1.0000 6.6271E-06   1005.427
13911.00 0.93352693 7.1475E-36 0.0000E+00 0.0000E+00 7.1991E-09 7.1991E-09 0.0000E+00 0.0000E+00 7.1991E-09 5.65E-06 5.95E-06   0.069 1.0000 6.5880E-06   1005.051
13921.00 0.95461541 3.8529E-36 0.0000E+00 0.0000E+00 7.5005E-09 7.5005E-09 0.0000E+00 0.0000E+00 7.5005E-09 5.92E-06 6.14E-06   0.046 1.0000 6.6696E-06   1007.740
13931.00 0.96224928 1.3324E-36 0.0000E+00 0.0000E+00 7.6921E-09 7.6921E-09 0.0000E+00 0.0000E+00 7.6921E-09 6.06E-06 6.28E-06   0.038 1.0000 6.7975E-06   1009.636
13941.00 0.96988022 6.9516E-37 0.0000E+00 0.0000E+00 7.9205E-09 7.9205E-09 0.0000E+00 0.0000E+00 7.9205E-09 6.25E-06 6.43E-06   0.031 1.0000 6.9216E-06   1011.742
13951.00 0.97721982 3.3793E-37 0.0000E+00 0.0000E+00 7.7328E-09 7.7328E-09 0.0000E+00 0.0000E+00 7.7328E-09 6.11E-06 6.25E-06   0.023 1.0000 6.6387E-06   1011.135
13961.00 0.98061097 1.7991E-37 0.0000E+00 0.0000E+00 8.0301E-09 8.0301E-09 0.0000E+00 0.0000E+00 8.0301E-09 6.35E-06 6.47E-06   0.020 1.0000 6.8145E-06   1013.677
13971.00 0.98132157 1.3951E-37 0.0000E+00 0.0000E+00 8.0866E-09 8.0866E-09 0.0000E+00 0.0000E+00 8.0866E-09 6.38E-06 6.50E-06   0.019 1.0000 6.8419E-06   1014.652
13981.00 0.98042780 1.4566E-37 0.0000E+00 0.0000E+00 7.8657E-09 7.8657E-09 0.0000E+00 0.0000E+00 7.8657E-09 6.19E-06 6.32E-06   0.020 1.0000 6.6525E-06   1013.850
13991.00 0.98054272 1.4032E-37 0.0000E+00 0.0000E+00 7.9407E-09 7.9407E-09 0.0000E+00 0.0000E+00 7.9407E-09 6.24E-06 6.37E-06   0.020 1.0000 6.6990E-06   1014.951
14001.00 0.98114431 1.1488E-37 0.0000E+00 0.0000E+00 8.1938E-09 8.1938E-09 0.0000E+00 0.0000E+00 8.1938E-09 6.43E-06 6.56E-06   0.019 1.0000 6.8966E-06   1017.176
14011.00 0.98138291 8.8419E-38 0.0000E+00 0.0000E+00 8.1674E-09 8.1674E-09 0.0000E+00 0.0000E+00 8.1674E-09 6.40E-06 6.52E-06   0.019 1.0000 6.8603E-06   1017.627
14021.00 0.98136503 8.2028E-38 0.0000E+00 0.0000E+00 7.9926E-09 7.9926E-09 0.0000E+00 0.0000E+00 7.9926E-09 6.26E-06 6.37E-06   0.019 1.0000 6.7046E-06   1017.132
14031.00 0.98183709 3.7960E-38 0.0000E+00 0.0000E+00 8.1325E-09 8.1325E-09 0.0000E+00 0.0000E+00 8.1325E-09 6.36E-06 6.47E-06   0.018 1.0000 6.8054E-06   1018.639
14041.00 0.98164642 4.0034E-38 0.0000E+00 0.0000E+00 8.1295E-09 8.1295E-09 0.0000E+00 0.0000E+00 8.1295E-09 6.34E-06 6.46E-06   0.019 1.0000 6.7943E-06   1019.236
14051.00 0.98179299 2.4017E-38 0.0000E+00 0.0000E+00 8.1344E-09 8.1344E-09 0.0000E+00 0.0000E+00 8.1344E-09 6.34E-06 6.45E-06   0.018 1.0000 6.7860E-06   1019.883
14061.00 0.98146170 1.2604E-38 0.0000E+00 0.0000E+00 8.1612E-09 8.1612E-09 0.0000E+00 0.0000E+00 8.1612E-09 6.35E-06 6.46E-06   0.019 1.0000 6.8011E-06   1020.668
14071.00 0.98125505 1.3040E-38 0.0000E+00 0.0000E+00 8.3058E-09 8.3058E-09 0.0000E+00 0.0000E+00 8.3058E-09 6.45E-06 6.57E-06   0.019 1.0000 6.9130E-06   1022.190
14081.00 0.98115224 0.0000E+00 0.0000E+00 0.0000E+00 8.3278E-09 8.3278E-09 0.0000E+00 0.0000E+00 8.3278E-09 6.45E-06 6.58E-06   0.019 1.0000 6.9222E-06   1022.943
14091.00 0.98161876 0.0000E+00 0.0000E+00 0.0000E+00 8.2562E-09 8.2562E-09 0.0000E+00 0.0000E+00 8.2562E-09 6.39E-06 6.51E-06   0.019 1.0000 6.8480E-06   1023.114
14101.00 0.98135608 0.0000E+00 0.0000E+00 0.0000E+00 8.1693E-09 8.1693E-09 0.0000E+00 0.0000E+00 8.1693E-09 6.31E-06 6.43E-06   0.019 1.0000 6.7686E-06   1023.183
14111.00 0.98140132 0.0000E+00 0.0000E+00 0.0000E+00 8.1517E-09 8.1517E-09 0.0000E+00 0.0000E+00 8.1517E-09 6.29E-06 6.40E-06   0.019 1.0000 6.7405E-06   1023.688
14121.00 0.98052651 0.0000E+00 0.0000E+00 0.0000E+00 8.3846E-09 8.3846E-09 0.0000E+00 0.0000E+00 8.3846E-09 6.45E-06 6.58E-06   0.020 1.0000 6.9338E-06   1025.761
14131.00 0.98077923 0.0000E+00 0.0000E+00 0.0000E+00 8.3744E-09 8.3744E-09 0.0000E+00 0.0000E+00 8.3744E-09 6.43E-06 6.56E-06   0.019 1.0000 6.9114E-06   1026.313
14141.00 0.98108739 0.0000E+00 0.0000E+00 0.0000E+00 8.0981E-09 8.0981E-09 0.0000E+00 0.0000E+00 8.0981E-09 6.21E-06 6.33E-06   0.019 1.0000 6.6690E-06   1025.194
14151.00 0.98047107 0.0000E+00 0.0000E+00 0.0000E+00 8.3021E-09 8.3021E-09 0.0000E+00 0.0000E+00 8.3021E-09 6.36E-06 6.48E-06   0.020 1.0000 6.8364E-06   1027.096
14161.00 0.97990716 0.0000E+00 0.0000E+00 0.0000E+00 8.2998E-09 8.2998E-09 0.0000E+00 0.0000E+00 8.2998E-09 6.34E-06 6.47E-06   0.020 1.0000 6.8263E-06   1027.699
14171.00 0.97949618 0.0000E+00 0.0000E+00 0.0000E+00 8.2999E-09 8.2999E-09 0.0000E+00 0.0000E+00 8.2999E-09 6.33E-06 6.46E-06   0.021 1.0000 6.8218E-06   1028.315
14181.00 0.97950697 1.1957E-38 0.0000E+00 0.0000E+00 8.4253E-09 8.4253E-09 0.0000E+00 0.0000E+00 8.4253E-09 6.42E-06 6.55E-06   0.021 1.0000 6.9162E-06   1029.709
14191.00 0.98072666 0.0000E+00 0.0000E+00 0.0000E+00 8.4403E-09 8.4403E-09 0.0000E+00 0.0000E+00 8.4403E-09 6.42E-06 6.55E-06   0.019 1.0000 6.9005E-06   1030.418
14201.00 0.97747356 4.2777E-38 0.0000E+00 0.0000E+00 8.2968E-09 8.2968E-09 0.0000E+00 0.0000E+00 8.2968E-09 6.29E-06 6.43E-06   0.023 1.0000 6.8083E-06   1030.142
14211.00 0.98059762 1.2015E-38 0.0000E+00 0.0000E+00 8.3413E-09 8.3413E-09 0.0000E+00 0.0000E+00 8.3413E-09 6.32E-06 6.45E-06   0.020 1.0000 6.7993E-06   1031.036
14221.00 0.97863787 1.8325E-38 0.0000E+00 0.0000E+00 8.3279E-09 8.3279E-09 0.0000E+00 0.0000E+00 8.3279E-09 6.30E-06 6.43E-06   0.022 1.0000 6.7995E-06   1031.568
14231.00 0.97516394 4.4019E-38 0.0000E+00 0.0000E+00 8.1691E-09 8.1691E-09 0.0000E+00 0.0000E+00 8.1691E-09 6.16E-06 6.31E-06   0.025 1.0000 6.6909E-06   1031.183
14241.00 0.97666264 1.5819E-38 0.0000E+00 0.0000E+00 8.2583E-09 8.2583E-09 0.0000E+00 0.0000E+00 8.2583E-09 6.22E-06 6.36E-06   0.024 1.0000 6.7352E-06   1032.363
14251.00 0.97553217 5.1293E-38 0.0000E+00 0.0000E+00 8.0722E-09 8.0722E-09 0.0000E+00 0.0000E+00 8.0722E-09 6.06E-06 6.21E-06   0.025 1.0000 6.5845E-06   1031.793
14261.00 0.97826862 0.0000E+00 0.0000E+00 0.0000E+00 8.3228E-09 8.3228E-09 0.0000E+00 0.0000E+00 8.3228E-09 6.25E-06 6.39E-06   0.022 1.0000 6.7582E-06   1033.999
14271.00 0.97320771 5.2019E-38 0.0000E+00 0.0000E+00 8.2406E-09 8.2406E-09 0.0000E+00 0.0000E+00 8.2406E-09 6.16E-06 6.33E-06   0.027 1.0000 6.7184E-06   1034.097
14281.00 0.97737634 1.9660E-38 0.0000E+00 0.0000E+00 8.2928E-09 8.2928E-09 0.0000E+00 0.0000E+00 8.2928E-09 6.20E-06 6.35E-06   0.023 1.0000 6.7221E-06   1035.041
 -9999.
