T F 2    2    2    1    2    2    2    2    2    2    1    0    0 294.200   0.40
    1    1    1    0   18    0  50.00000   0.00000   0.00000   0.00000   0.00000
   1.000  10.000   0.140
 -99.00000 -99.00000 -99.00000  2.922432  0.000710 ! H2O & O3 COLUMNS [GM/CM2]
   40MID-LATITUDE SUMMER 
   5.00000   0.00000 180.00000   5.00000   0.00000   0.00000    0        0.00000
    0    2    1    0
   0.00000   0.00000   0.00000  45.00925   0.00000 270.00000   0.00000   0.00000
    9091.0   14286.0      10.0      10.0RN              
    0   0    0.000  0    0.000  0    1.000
    FREQ  TOT_TRANS  PTH_THRML  THRML_SCT  SURF_EMIS   SOL_SCAT  SING_SCAT  GRND_RFLT  DRCT_RFLT  TOTAL_RAD  REF_SOL  SOL@OBS   DEPTH DIR_EM    TOA_SUN BBODY_T[K]
 9091.00 0.75410664 4.5036E-21            1.9903E-20 1.7291E-08 3.7238E-09 3.7910E-07 2.9999E-07 3.9639E-07 3.33E-06 5.77E-06   0.282 0.6000 7.3883E-06    894.070
 9101.00 0.79302359 3.7528E-21            1.9987E-20 1.8614E-08 3.8110E-09 4.0598E-07 3.1836E-07 4.2460E-07 3.54E-06 5.69E-06   0.232 0.6000 7.2084E-06    899.076
 9111.00 0.83862960 2.8336E-21            2.0177E-20 2.1781E-08 4.0604E-09 4.6512E-07 3.6071E-07 4.8690E-07 4.01E-06 5.74E-06   0.176 0.6000 7.2268E-06    908.398
 9121.00 0.83855093 2.6546E-21            1.9320E-20 2.1783E-08 4.0605E-09 4.6515E-07 3.6060E-07 4.8693E-07 4.00E-06 5.72E-06   0.176 0.6000 7.2128E-06    909.191
 9131.00 0.82942080 2.6943E-21            1.8232E-20 2.1019E-08 3.9987E-09 4.4977E-07 3.4918E-07 4.7078E-07 3.88E-06 5.68E-06   0.187 0.6000 7.1706E-06    907.860
 9141.00 0.87715358 1.9252E-21            1.8417E-20 2.2889E-08 4.0639E-09 4.8252E-07 3.7219E-07 5.0541E-07 4.13E-06 5.49E-06   0.131 0.6000 6.8786E-06    913.126
 9151.00 0.83122194 2.3741E-21            1.6683E-20 2.2710E-08 4.1270E-09 4.7065E-07 3.6507E-07 4.9336E-07 4.05E-06 5.78E-06   0.185 0.6000 7.3243E-06    912.388
 9161.00 0.91992706 1.1458E-21            1.7636E-20 2.8099E-08 4.6185E-09 5.7870E-07 4.4246E-07 6.0680E-07 4.91E-06 5.93E-06   0.083 0.6000 7.4023E-06    926.462
 9171.00 0.86531460 1.7523E-21            1.5855E-20 2.4721E-08 4.3899E-09 5.1755E-07 3.9920E-07 5.4227E-07 4.43E-06 5.93E-06   0.145 0.6000 7.4596E-06    919.991
 9181.00 0.89002496 1.4262E-21            1.5575E-20 2.5551E-08 4.4420E-09 5.3262E-07 4.0961E-07 5.5817E-07 4.55E-06 5.86E-06   0.117 0.6000 7.3374E-06    922.643
 9191.00 0.91772801 1.0359E-21            1.5348E-20 2.7637E-08 4.5818E-09 5.6717E-07 4.3356E-07 5.9481E-07 4.82E-06 5.86E-06   0.086 0.6000 7.3153E-06    927.555
 9201.00 0.88085717 1.3721E-21            1.4081E-20 2.5081E-08 4.3649E-09 5.1789E-07 3.9865E-07 5.4297E-07 4.43E-06 5.76E-06   0.127 0.6000 7.2365E-06    922.453
 9211.00 0.88525283 1.2662E-21            1.3501E-20 2.6384E-08 4.5599E-09 5.4372E-07 4.1790E-07 5.7011E-07 4.64E-06 5.98E-06   0.122 0.6000 7.5017E-06    926.394
 9221.00 0.90572506 1.0257E-21            1.3211E-20 2.7232E-08 4.6278E-09 5.5965E-07 4.2877E-07 5.8689E-07 4.76E-06 5.95E-06   0.099 0.6000 7.4389E-06    929.072
 9231.00 0.90286589 9.9505E-22            1.2571E-20 2.6849E-08 4.5154E-09 5.4703E-07 4.1912E-07 5.7388E-07 4.65E-06 5.80E-06   0.102 0.6000 7.2538E-06    928.411
 9241.00 0.92580682 7.3787E-22            1.2326E-20 2.8322E-08 4.6321E-09 5.7335E-07 4.3736E-07 6.0167E-07 4.86E-06 5.80E-06   0.077 0.6000 7.2418E-06    932.287
 9251.00 0.90606362 8.8482E-22            1.1522E-20 2.7447E-08 4.6264E-09 5.5856E-07 4.2792E-07 5.8601E-07 4.75E-06 5.89E-06   0.099 0.6000 7.3662E-06    931.361
 9261.00 0.91692138 7.4867E-22            1.1134E-20 2.8798E-08 4.7558E-09 5.8156E-07 4.4419E-07 6.1036E-07 4.93E-06 5.98E-06   0.087 0.6000 7.4664E-06    934.819
 9271.00 0.93374348 5.7818E-22            1.0838E-20 2.9498E-08 4.7676E-09 5.9168E-07 4.5036E-07 6.2118E-07 5.00E-06 5.89E-06   0.069 0.6000 7.3400E-06    936.771
 9281.00 0.90507591 7.7791E-22            1.0034E-20 2.8139E-08 4.7371E-09 5.6790E-07 4.3412E-07 5.9604E-07 4.82E-06 6.00E-06   0.100 0.6000 7.5074E-06    934.857
 9291.00 0.93769908 4.9390E-22            9.9318E-21 3.0510E-08 4.9040E-09 6.0937E-07 4.6319E-07 6.3988E-07 5.14E-06 6.00E-06   0.064 0.6000 7.4866E-06    940.323
 9301.00 0.92344868 5.7519E-22            9.3473E-21 2.8812E-08 4.7374E-09 5.7735E-07 4.4034E-07 6.0617E-07 4.89E-06 5.86E-06   0.080 0.6000 7.3267E-06    937.553
 9311.00 0.93179381 4.9117E-22            9.0054E-21 3.0036E-08 4.8741E-09 5.9942E-07 4.5613E-07 6.2946E-07 5.07E-06 5.97E-06   0.071 0.6000 7.4561E-06    940.834
 9321.00 0.93008429 4.7954E-22            8.5910E-21 2.9196E-08 4.7972E-09 5.8535E-07 4.4545E-07 6.1454E-07 4.95E-06 5.88E-06   0.072 0.6000 7.3505E-06    940.048
 9331.00 0.93249708 4.4163E-22            8.2266E-21 2.9902E-08 4.9042E-09 5.9921E-07 4.5570E-07 6.2911E-07 5.06E-06 5.98E-06   0.070 0.6000 7.4831E-06    942.392
 9341.00 0.93302417 4.1452E-22            7.8653E-21 2.9814E-08 4.8914E-09 5.9709E-07 4.5392E-07 6.2691E-07 5.04E-06 5.95E-06   0.069 0.6000 7.4501E-06    942.957
 9351.00 0.92802155 4.2611E-22            7.4725E-21 2.8140E-08 4.6789E-09 5.6583E-07 4.3065E-07 5.9396E-07 4.78E-06 5.71E-06   0.075 0.6000 7.1583E-06    940.194
 9361.00 0.93320322 3.7187E-22            7.1792E-21 2.9319E-08 4.8511E-09 5.8982E-07 4.4828E-07 6.1913E-07 4.98E-06 5.88E-06   0.069 0.6000 7.3810E-06    943.725
 9371.00 0.93177909 3.6268E-22            6.8476E-21 2.9593E-08 4.9169E-09 5.9525E-07 4.5249E-07 6.2484E-07 5.03E-06 5.95E-06   0.071 0.6000 7.4787E-06    945.129
 9381.00 0.93411452 3.3245E-22            6.5584E-21 2.9696E-08 4.9159E-09 5.9593E-07 4.5266E-07 6.2563E-07 5.03E-06 5.92E-06   0.068 0.6000 7.4430E-06    946.009
 9391.00 0.93241978 3.2657E-22            6.2538E-21 3.0121E-08 5.0034E-09 6.0350E-07 4.5847E-07 6.3362E-07 5.09E-06 6.03E-06   0.070 0.6000 7.5710E-06    947.648
 9401.00 0.93507081 2.9962E-22            5.9915E-21 3.0307E-08 4.9967E-09 6.0384E-07 4.5838E-07 6.3415E-07 5.09E-06 5.98E-06   0.067 0.6000 7.5142E-06    948.500
 9411.00 0.93428010 2.9096E-22            5.7188E-21 3.0301E-08 4.9964E-09 6.0154E-07 4.5660E-07 6.3184E-07 5.07E-06 5.97E-06   0.068 0.6000 7.4958E-06    949.054
 9421.00 0.93645853 2.6883E-22            5.4760E-21 3.0600E-08 5.0125E-09 6.0417E-07 4.5829E-07 6.3477E-07 5.09E-06 5.96E-06   0.066 0.6000 7.4780E-06    950.159
 9431.00 0.93710589 2.5456E-22            5.2349E-21 3.0633E-08 5.0038E-09 6.0233E-07 4.5674E-07 6.3297E-07 5.07E-06 5.93E-06   0.065 0.6000 7.4376E-06    950.765
 9441.00 0.93752497 2.4203E-22            5.0032E-21 3.0724E-08 5.0076E-09 6.0173E-07 4.5615E-07 6.3245E-07 5.07E-06 5.92E-06   0.065 0.6000 7.4170E-06    951.508
 9451.00 0.93835706 2.2891E-22            4.7837E-21 3.1109E-08 5.0497E-09 6.0608E-07 4.5927E-07 6.3719E-07 5.10E-06 5.95E-06   0.064 0.6000 7.4469E-06    952.801
 9461.00 0.93951654 2.1525E-22            4.5755E-21 3.1919E-08 5.1553E-09 6.1840E-07 4.6839E-07 6.5032E-07 5.20E-06 6.05E-06   0.062 0.6000 7.5672E-06    954.962
 9471.00 0.94028866 2.0376E-22            4.3746E-21 3.2193E-08 5.1781E-09 6.2038E-07 4.6973E-07 6.5258E-07 5.22E-06 6.05E-06   0.062 0.6000 7.5686E-06    955.991
 9481.00 0.94114017 1.9243E-22            4.1828E-21 3.2431E-08 5.1953E-09 6.2181E-07 4.7063E-07 6.5424E-07 5.23E-06 6.05E-06   0.061 0.6000 7.5627E-06    956.959
 9491.00 0.94181156 1.8212E-22            3.9986E-21 3.2390E-08 5.1722E-09 6.1826E-07 4.6778E-07 6.5065E-07 5.20E-06 6.00E-06   0.060 0.6000 7.5010E-06    957.386
 9501.00 0.94201088 1.7375E-22            3.8207E-21 3.2726E-08 5.2170E-09 6.2236E-07 4.7078E-07 6.5509E-07 5.23E-06 6.04E-06   0.060 0.6000 7.5429E-06    958.639
 9511.00 0.94233227 1.6544E-22            3.6510E-21 3.2929E-08 5.2386E-09 6.2380E-07 4.7175E-07 6.5673E-07 5.24E-06 6.05E-06   0.059 0.6000 7.5499E-06    959.605
 9521.00 0.94277310 1.5691E-22            3.4894E-21 3.3066E-08 5.2517E-09 6.2437E-07 4.7206E-07 6.5744E-07 5.24E-06 6.04E-06   0.059 0.6000 7.5456E-06    960.474
 9531.00 0.94295460 1.4950E-22            3.3340E-21 3.3254E-08 5.2771E-09 6.2616E-07 4.7331E-07 6.5942E-07 5.26E-06 6.06E-06   0.059 0.6000 7.5615E-06    961.473
 9541.00 0.94326764 1.4239E-22            3.1859E-21 3.3451E-08 5.2961E-09 6.2724E-07 4.7399E-07 6.6069E-07 5.26E-06 6.06E-06   0.058 0.6000 7.5625E-06    962.400
 9551.00 0.94333476 1.3599E-22            3.0436E-21 3.3246E-08 5.2604E-09 6.2166E-07 4.6968E-07 6.5490E-07 5.22E-06 6.00E-06   0.058 0.6000 7.4917E-06    962.602
 9561.00 0.94343835 1.2973E-22            2.9078E-21 3.2998E-08 5.2183E-09 6.1539E-07 4.6485E-07 6.4838E-07 5.16E-06 5.94E-06   0.058 0.6000 7.4123E-06    962.724
 9571.00 0.94337595 1.2415E-22            2.7775E-21 3.3697E-08 5.3286E-09 6.2692E-07 4.7349E-07 6.6062E-07 5.26E-06 6.05E-06   0.058 0.6000 7.5504E-06    964.781
 9581.00 0.94357151 1.1822E-22            2.6538E-21 3.3863E-08 5.3505E-09 6.2827E-07 4.7440E-07 6.6214E-07 5.27E-06 6.06E-06   0.058 0.6000 7.5610E-06    965.733
 9591.00 0.94337547 1.1334E-22            2.5345E-21 3.3693E-08 5.3267E-09 6.2387E-07 4.7102E-07 6.5757E-07 5.23E-06 6.02E-06   0.058 0.6000 7.5108E-06    966.060
 9601.00 0.94307196 1.0888E-22            2.4203E-21 3.4038E-08 5.3865E-09 6.2916E-07 4.7496E-07 6.6319E-07 5.27E-06 6.08E-06   0.059 0.6000 7.5795E-06    967.433
 9611.00 0.94331551 1.0357E-22            2.3126E-21 3.3955E-08 5.3691E-09 6.2598E-07 4.7245E-07 6.5993E-07 5.25E-06 6.04E-06   0.058 0.6000 7.5350E-06    967.894
 9621.00 0.94323164 9.9119E-23            2.2089E-21 3.4004E-08 5.3778E-09 6.2551E-07 4.7202E-07 6.5951E-07 5.24E-06 6.04E-06   0.058 0.6000 7.5299E-06    968.647
 9631.00 0.94308895 9.4945E-23            2.1098E-21 3.4048E-08 5.3864E-09 6.2497E-07 4.7154E-07 6.5901E-07 5.24E-06 6.03E-06   0.059 0.6000 7.5249E-06    969.391
 9641.00 0.94305342 9.0694E-23            2.0152E-21 3.3886E-08 5.3631E-09 6.2086E-07 4.6836E-07 6.5475E-07 5.20E-06 5.99E-06   0.059 0.6000 7.4759E-06    969.746
 9651.00 0.94269055 8.7249E-23            1.9243E-21 3.4444E-08 5.4562E-09 6.2984E-07 4.7509E-07 6.6429E-07 5.28E-06 6.08E-06   0.059 0.6000 7.5893E-06    971.523
 9661.00 0.94317663 8.2655E-23            1.8391E-21 3.4196E-08 5.4080E-09 6.2340E-07 4.7008E-07 6.5759E-07 5.22E-06 6.01E-06   0.059 0.6000 7.4997E-06    971.630
 9671.00 0.94251287 7.9878E-23            1.7556E-21 3.4192E-08 5.4180E-09 6.2250E-07 4.6938E-07 6.5669E-07 5.21E-06 6.01E-06   0.059 0.6000 7.5015E-06    972.331
 9681.00 0.94249231 7.6379E-23            1.6769E-21 3.4179E-08 5.4157E-09 6.2083E-07 4.6804E-07 6.5501E-07 5.20E-06 6.00E-06   0.059 0.6000 7.4807E-06    972.951
 9691.00 0.94176006 7.3820E-23            1.6006E-21 3.4642E-08 5.5009E-09 6.2850E-07 4.7381E-07 6.6314E-07 5.26E-06 6.08E-06   0.060 0.6000 7.5873E-06    974.586
 9701.00 0.94115317 7.1354E-23            1.5279E-21 3.4591E-08 5.5023E-09 6.2663E-07 4.7238E-07 6.6122E-07 5.25E-06 6.07E-06   0.061 0.6000 7.5768E-06    975.183
 9711.00 0.94130456 6.7934E-23            1.4597E-21 3.4603E-08 5.5043E-09 6.2562E-07 4.7152E-07 6.6022E-07 5.24E-06 6.06E-06   0.060 0.6000 7.5604E-06    975.874
 9721.00 0.93846339 6.8043E-23            1.3901E-21 3.4334E-08 5.5032E-09 6.2131E-07 4.6849E-07 6.5565E-07 5.20E-06 6.06E-06   0.064 0.6000 7.5664E-06    976.194
 9731.00 0.93563277 6.7889E-23            1.3239E-21 3.4266E-08 5.5287E-09 6.2025E-07 4.6791E-07 6.5452E-07 5.20E-06 6.09E-06   0.067 0.6000 7.6088E-06    976.871
 9741.00 0.93918425 6.1318E-23            1.2694E-21 3.4709E-08 5.5544E-09 6.2505E-07 4.7106E-07 6.5976E-07 5.23E-06 6.08E-06   0.063 0.6000 7.5946E-06    978.209
 9751.00 0.93878847 5.8953E-23            1.2120E-21 3.4758E-08 5.5730E-09 6.2532E-07 4.7123E-07 6.6007E-07 5.23E-06 6.09E-06   0.063 0.6000 7.6062E-06    979.035
 9761.00 0.93585795 5.8749E-23            1.1543E-21 3.4483E-08 5.5569E-09 6.1972E-07 4.6722E-07 6.5421E-07 5.19E-06 6.08E-06   0.066 0.6000 7.5918E-06    979.219
 9771.00 0.92947227 6.1840E-23            1.0948E-21 3.3794E-08 5.5368E-09 6.1002E-07 4.6049E-07 6.4381E-07 5.11E-06 6.08E-06   0.073 0.6000 7.6047E-06    978.919
 9781.00 0.93788564 5.2042E-23            1.0553E-21 3.4535E-08 5.5430E-09 6.1720E-07 4.6494E-07 6.5173E-07 5.16E-06 6.02E-06   0.064 0.6000 7.5202E-06    980.546
 9791.00 0.93774247 4.9902E-23            1.0078E-21 3.4517E-08 5.5504E-09 6.1629E-07 4.6419E-07 6.5080E-07 5.16E-06 6.02E-06   0.064 0.6000 7.5133E-06    981.242
 9801.00 0.93825227 4.7171E-23            9.6327E-22 3.4758E-08 5.5797E-09 6.1881E-07 4.6594E-07 6.5357E-07 5.17E-06 6.03E-06   0.064 0.6000 7.5312E-06    982.325
 9811.00 0.93126202 5.0016E-23            9.1316E-22 3.3692E-08 5.4857E-09 6.0094E-07 4.5295E-07 6.3463E-07 5.03E-06 5.96E-06   0.071 0.6000 7.4494E-06    981.108
 9821.00 0.94021213 4.1720E-23            8.8069E-22 3.5214E-08 5.6250E-09 6.2290E-07 4.6865E-07 6.5812E-07 5.20E-06 6.04E-06   0.062 0.6000 7.5386E-06    984.385
 9831.00 0.93691337 4.2044E-23            8.3825E-22 3.4898E-08 5.6273E-09 6.1855E-07 4.6565E-07 6.5345E-07 5.17E-06 6.05E-06   0.065 0.6000 7.5540E-06    984.690
 9841.00 0.93878716 3.8946E-23            8.0230E-22 3.5157E-08 5.6366E-09 6.2021E-07 4.6663E-07 6.5537E-07 5.18E-06 6.03E-06   0.063 0.6000 7.5312E-06    985.683
 9851.00 0.93535924 3.9244E-23            7.6354E-22 3.4738E-08 5.6233E-09 6.1412E-07 4.6234E-07 6.4886E-07 5.13E-06 6.02E-06   0.067 0.6000 7.5270E-06    985.791
 9861.00 0.93751973 3.6307E-23            7.3093E-22 3.5333E-08 5.6924E-09 6.2217E-07 4.6804E-07 6.5750E-07 5.20E-06 6.07E-06   0.065 0.6000 7.5825E-06    987.491
 9871.00 0.93804461 3.4328E-23            6.9862E-22 3.5537E-08 5.7150E-09 6.2389E-07 4.6920E-07 6.5942E-07 5.21E-06 6.08E-06   0.064 0.6000 7.5902E-06    988.484
 9881.00 0.93262726 3.5573E-23            6.6343E-22 3.4914E-08 5.6925E-09 6.1500E-07 4.6300E-07 6.4992E-07 5.14E-06 6.07E-06   0.070 0.6000 7.5923E-06    988.278
 9891.00 0.93663895 3.2032E-23            6.3644E-22 3.5492E-08 5.7353E-09 6.2187E-07 4.6767E-07 6.5736E-07 5.19E-06 6.08E-06   0.065 0.6000 7.5945E-06    989.853
 9901.00 0.92454135 3.6174E-23            6.0011E-22 3.4092E-08 5.6781E-09 6.0334E-07 4.5500E-07 6.3744E-07 5.05E-06 6.08E-06   0.078 0.6000 7.6106E-06    988.529
 9911.00 0.92356443 3.5065E-23            5.7243E-22 3.4019E-08 5.6685E-09 6.0025E-07 4.5258E-07 6.3426E-07 5.03E-06 6.06E-06   0.080 0.6000 7.5896E-06    988.977
 9921.00 0.93112236 3.0282E-23            5.5131E-22 3.5090E-08 5.7399E-09 6.1330E-07 4.6150E-07 6.4839E-07 5.13E-06 6.08E-06   0.071 0.6000 7.5966E-06    991.281
 9931.00 0.93600601 2.6932E-23            5.2935E-22 3.5521E-08 5.7524E-09 6.1762E-07 4.6418E-07 6.5314E-07 5.16E-06 6.04E-06   0.066 0.6000 7.5522E-06    992.575
 9941.00 0.93372780 2.6587E-23            5.0440E-22 3.4183E-08 5.5601E-09 5.9381E-07 4.4645E-07 6.2799E-07 4.96E-06 5.84E-06   0.069 0.6000 7.3019E-06    990.665
 9951.00 0.93340629 2.5562E-23            4.8160E-22 3.3513E-08 5.4541E-09 5.8072E-07 4.3654E-07 6.1423E-07 4.85E-06 5.72E-06   0.069 0.6000 7.1481E-06    989.935
 9961.00 0.93104482 2.5240E-23            4.5879E-22 3.4965E-08 5.7153E-09 6.0533E-07 4.5513E-07 6.4029E-07 5.05E-06 5.99E-06   0.071 0.6000 7.4944E-06    993.578
 9971.00 0.93124419 2.3992E-23            4.3843E-22 3.5353E-08 5.7865E-09 6.1148E-07 4.5976E-07 6.4684E-07 5.11E-06 6.05E-06   0.071 0.6000 7.5675E-06    995.070
 9981.00 0.91475767 2.8342E-23            4.1122E-22 3.3858E-08 5.7387E-09 5.9118E-07 4.4644E-07 6.2504E-07 4.96E-06 6.09E-06   0.089 0.6000 7.6271E-06    993.498
 9991.00 0.93535507 2.0666E-23            4.0165E-22 3.6279E-08 5.8823E-09 6.2269E-07 4.6753E-07 6.5897E-07 5.19E-06 6.10E-06   0.067 0.6000 7.6202E-06    997.935
10001.00 0.93019217 2.1278E-23            3.8153E-22 3.5522E-08 5.8314E-09 6.1106E-07 4.5925E-07 6.4658E-07 5.10E-06 6.06E-06   0.072 0.6000 7.5822E-06    997.412
10011.00 0.93290520 1.9580E-23            3.6545E-22 3.5982E-08 5.8737E-09 6.1664E-07 4.6310E-07 6.5262E-07 5.14E-06 6.07E-06   0.069 0.6000 7.5949E-06    998.846
10021.00 0.93418217 1.8309E-23            3.4954E-22 3.6326E-08 5.9084E-09 6.2037E-07 4.6565E-07 6.5669E-07 5.17E-06 6.09E-06   0.068 0.6000 7.6120E-06   1000.067
10031.00 0.93450409 1.7443E-23            3.3397E-22 3.6448E-08 5.9254E-09 6.2088E-07 4.6589E-07 6.5733E-07 5.17E-06 6.09E-06   0.068 0.6000 7.6128E-06   1000.924
10041.00 0.93321180 1.7009E-23            3.1855E-22 3.6248E-08 5.9178E-09 6.1729E-07 4.6327E-07 6.5354E-07 5.15E-06 6.07E-06   0.069 0.6000 7.5964E-06   1001.313
10051.00 0.93533969 1.5703E-23            3.0494E-22 3.6629E-08 5.9472E-09 6.2128E-07 4.6592E-07 6.5791E-07 5.17E-06 6.08E-06   0.067 0.6000 7.5992E-06   1002.566
10061.00 0.93135172 1.5911E-23            2.9003E-22 3.6217E-08 5.9425E-09 6.1543E-07 4.6186E-07 6.5164E-07 5.13E-06 6.08E-06   0.071 0.6000 7.6105E-06   1002.691
10071.00 0.91048396 1.9670E-23            2.7079E-22 3.4092E-08 5.8146E-09 5.8343E-07 4.3951E-07 6.1752E-07 4.88E-06 6.07E-06   0.094 0.6000 7.6024E-06    999.757
10081.00 0.92867398 1.5100E-23            2.6380E-22 3.5884E-08 5.9294E-09 6.0872E-07 4.5696E-07 6.4461E-07 5.08E-06 6.06E-06   0.074 0.6000 7.5822E-06   1003.516
10091.00 0.92009038 1.6066E-23            2.4967E-22 3.4934E-08 5.8703E-09 5.9383E-07 4.4643E-07 6.2877E-07 4.96E-06 6.04E-06   0.083 0.6000 7.5624E-06   1002.579
10101.00 0.90142113 1.8971E-23            2.3356E-22 3.2744E-08 5.7240E-09 5.6066E-07 4.2304E-07 5.9340E-07 4.70E-06 5.99E-06   0.104 0.6000 7.5113E-06    999.373
10111.00 0.92493653 1.3885E-23            2.2890E-22 3.5236E-08 5.8782E-09 5.9561E-07 4.4726E-07 6.3084E-07 4.97E-06 5.99E-06   0.078 0.6000 7.4926E-06   1004.383
10121.00 0.90048254 1.7182E-23            2.1295E-22 3.3698E-08 5.8210E-09 5.7171E-07 4.3153E-07 6.0540E-07 4.79E-06 6.05E-06   0.105 0.6000 7.5886E-06   1002.322
10131.00 0.89044225 1.8199E-23            2.0096E-22 3.2442E-08 5.7365E-09 5.5228E-07 4.1775E-07 5.8472E-07 4.64E-06 6.01E-06   0.116 0.6000 7.5528E-06   1000.714
10141.00 0.90896320 1.4580E-23            1.9604E-22 3.4083E-08 5.8667E-09 5.7629E-07 4.3406E-07 6.1037E-07 4.82E-06 6.03E-06   0.095 0.6000 7.5589E-06   1004.458
10151.00 0.84231639 2.3006E-23            1.7357E-22 2.9129E-08 5.5048E-09 4.9529E-07 3.7942E-07 5.2442E-07 4.21E-06 6.01E-06   0.172 0.6000 7.5928E-06    994.852
10161.00 0.86244285 1.9358E-23            1.6960E-22 3.0501E-08 5.6201E-09 5.2000E-07 3.9520E-07 5.5050E-07 4.39E-06 6.00E-06   0.148 0.6000 7.5665E-06    998.933
10171.00 0.81966358 2.2808E-23            1.5412E-22 2.8235E-08 5.3911E-09 4.7874E-07 3.6598E-07 5.0698E-07 4.06E-06 5.96E-06   0.199 0.6000 7.5666E-06    994.121
10181.00 0.81205124 2.3271E-23            1.4563E-22 2.7281E-08 5.3688E-09 4.6406E-07 3.5630E-07 4.9134E-07 3.96E-06 5.99E-06   0.208 0.6000 7.6043E-06    992.787
10191.00 0.84232396 1.9067E-23            1.4434E-22 2.9073E-08 5.5582E-09 4.9573E-07 3.7835E-07 5.2480E-07 4.20E-06 6.02E-06   0.172 0.6000 7.6154E-06    998.019
10201.00 0.75199300 2.5837E-23            1.2317E-22 2.4011E-08 4.9996E-09 4.0407E-07 3.1228E-07 4.2808E-07 3.47E-06 5.85E-06   0.285 0.6000 7.5497E-06    985.142
10211.00 0.72480184 2.7069E-23            1.1326E-22 2.1999E-08 4.8172E-09 3.7192E-07 2.8886E-07 3.9392E-07 3.21E-06 5.79E-06   0.322 0.6000 7.5097E-06    980.441
10221.00 0.73830259 2.4540E-23            1.1025E-22 2.3036E-08 4.9162E-09 3.8729E-07 3.0008E-07 4.1033E-07 3.33E-06 5.81E-06   0.303 0.6000 7.5283E-06    983.888
10231.00 0.79941779 1.9003E-23            1.1399E-22 2.6824E-08 5.3112E-09 4.4990E-07 3.4504E-07 4.7672E-07 3.83E-06 5.92E-06   0.224 0.6000 7.5645E-06    994.636
10241.00 0.66201913 2.7542E-23            9.0262E-23 1.9145E-08 4.4770E-09 3.1873E-07 2.4782E-07 3.3788E-07 2.75E-06 5.72E-06   0.412 0.6000 7.5088E-06    972.788
10251.00 0.68772352 2.4589E-23            8.9374E-23 2.0493E-08 4.6804E-09 3.4047E-07 2.6537E-07 3.6097E-07 2.95E-06 5.77E-06   0.374 0.6000 7.5975E-06    977.816
10261.00 0.68760061 2.3357E-23            8.5498E-23 1.9999E-08 4.5968E-09 3.3448E-07 2.5936E-07 3.5448E-07 2.88E-06 5.69E-06   0.375 0.6000 7.4726E-06    977.405
10271.00 0.68155617 2.2978E-23            8.0732E-23 2.0101E-08 4.6105E-09 3.3480E-07 2.5913E-07 3.5490E-07 2.88E-06 5.73E-06   0.383 0.6000 7.4992E-06    978.245
10281.00 0.74493253 1.8487E-23            8.4349E-23 2.3441E-08 5.0485E-09 3.9113E-07 3.0171E-07 4.1457E-07 3.35E-06 5.87E-06   0.294 0.6000 7.5867E-06    989.183
10291.00 0.77669299 1.4972E-23            8.4040E-23 2.6065E-08 5.2693E-09 4.3366E-07 3.3108E-07 4.5972E-07 3.68E-06 5.88E-06   0.253 0.6000 7.6000E-06    996.841
10301.00 0.78748327 1.3848E-23            8.1472E-23 2.6527E-08 5.3003E-09 4.4094E-07 3.3636E-07 4.6746E-07 3.74E-06 5.86E-06   0.239 0.6000 7.5360E-06    998.737
10311.00 0.76516670 1.5151E-23            7.5462E-23 2.4926E-08 5.2268E-09 4.1515E-07 3.1893E-07 4.4007E-07 3.54E-06 5.91E-06   0.268 0.6000 7.5858E-06    995.461
10321.00 0.75259209 1.5074E-23            7.1017E-23 2.3812E-08 5.1296E-09 3.9739E-07 3.0570E-07 4.2121E-07 3.40E-06 5.88E-06   0.284 0.6000 7.5612E-06    993.312
10331.00 0.76376027 1.2722E-23            6.8703E-23 2.5655E-08 5.1801E-09 4.2299E-07 3.2216E-07 4.4864E-07 3.58E-06 5.79E-06   0.270 0.6000 7.5159E-06    998.294
10341.00 0.57900876 1.9966E-23            4.9986E-23 1.5909E-08 4.1187E-09 2.5690E-07 2.0154E-07 2.7281E-07 2.24E-06 5.61E-06   0.546 0.6000 7.5583E-06    966.772
10351.00 0.55309278 2.0765E-23            4.5315E-23 1.3582E-08 3.8817E-09 2.2020E-07 1.7535E-07 2.3378E-07 1.95E-06 5.49E-06   0.592 0.6000 7.4168E-06    957.918
10361.00 0.55487698 1.9386E-23            4.3558E-23 1.3800E-08 3.9709E-09 2.2671E-07 1.8096E-07 2.4051E-07 2.01E-06 5.56E-06   0.589 0.6000 7.5170E-06    960.416
10371.00 0.50480133 1.8421E-23            3.7798E-23 1.3882E-08 3.7170E-09 2.1745E-07 1.7052E-07 2.3133E-07 1.89E-06 5.42E-06   0.684 0.6000 7.4998E-06    958.761
10381.00 0.58003002 1.6642E-23            4.1533E-23 1.6080E-08 4.1542E-09 2.5785E-07 2.0112E-07 2.7393E-07 2.23E-06 5.60E-06   0.545 0.6000 7.5039E-06    970.041
10391.00 0.42510161 1.9552E-23            2.8993E-23 1.0009E-08 3.2431E-09 1.4625E-07 1.1716E-07 1.5626E-07 1.30E-06 5.27E-06   0.855 0.6000 7.4884E-06    936.652
10401.00 0.52665019 1.6690E-23            3.4416E-23 1.4111E-08 3.9315E-09 2.1686E-07 1.7147E-07 2.3097E-07 1.90E-06 5.59E-06   0.641 0.6000 7.5955E-06    960.903
10411.00 0.47641850 1.6969E-23            2.9654E-23 1.1465E-08 3.5343E-09 1.7548E-07 1.3945E-07 1.8695E-07 1.55E-06 5.38E-06   0.741 0.6000 7.4817E-06    948.769
10421.00 0.34576732 1.7930E-23            2.0650E-23 7.4218E-09 2.8243E-09 1.0133E-07 8.2810E-08 1.0875E-07 9.20E-07 5.17E-06   1.062 0.6000 7.5892E-06    918.011
10431.00 0.42615485 1.5596E-23            2.4158E-23 1.0443E-08 3.3234E-09 1.5435E-07 1.2274E-07 1.6479E-07 1.36E-06 5.32E-06   0.853 0.6000 7.6090E-06    942.716
10441.00 0.52991867 1.3458E-23            2.8743E-23 1.3778E-08 3.8888E-09 2.1397E-07 1.6838E-07 2.2775E-07 1.87E-06 5.47E-06   0.635 0.6000 7.5062E-06    963.019
10451.00 0.34738293 1.5424E-23            1.8000E-23 7.9898E-09 2.8460E-09 1.0630E-07 8.4630E-08 1.1429E-07 9.40E-07 5.10E-06   1.057 0.6000 7.5160E-06    922.975
10461.00 0.35511130 1.4525E-23            1.7601E-23 8.1871E-09 2.8733E-09 1.1166E-07 8.9211E-08 1.1985E-07 9.91E-07 5.11E-06   1.035 0.6000 7.4884E-06    926.396
10471.00 0.38185170 1.3995E-23            1.8073E-23 7.8074E-09 2.8815E-09 1.0842E-07 8.7482E-08 1.1623E-07 9.72E-07 4.90E-06   0.963 0.6000 7.0966E-06    925.370
10481.00 0.41807300 1.2980E-23            1.8814E-23 9.3610E-09 3.2292E-09 1.3286E-07 1.0633E-07 1.4223E-07 1.18E-06 5.18E-06   0.872 0.6000 7.3966E-06    937.715
10491.00 0.36656561 1.2763E-23            1.5872E-23 8.0866E-09 2.9701E-09 1.1010E-07 8.9130E-08 1.1819E-07 9.90E-07 5.16E-06   1.004 0.6000 7.5336E-06    927.763
10501.00 0.23577157 1.2813E-23            9.6927E-24 4.5762E-09 2.1954E-09 4.7283E-08 3.8882E-08 5.1859E-08 4.32E-07 4.77E-06   1.445 0.6000 7.5876E-06    883.748
10511.00 0.49156794 1.1070E-23            1.9255E-23 1.1313E-08 3.7408E-09 1.6681E-07 1.3285E-07 1.7812E-07 1.48E-06 5.53E-06   0.710 0.6000 7.5650E-06    953.231
10521.00 0.29577312 1.0639E-23            1.1219E-23 6.4990E-09 2.5317E-09 8.3101E-08 6.6144E-08 8.9600E-08 7.35E-07 4.87E-06   1.218 0.6000 7.5614E-06    914.372
10531.00 0.31374741 1.0174E-23            1.1146E-23 7.1660E-09 2.6907E-09 9.3139E-08 7.3870E-08 1.0030E-07 8.20E-07 4.95E-06   1.159 0.6000 7.6148E-06    921.364
10541.00 0.36029202 9.7279E-24            1.2405E-23 7.8027E-09 2.9451E-09 1.0628E-07 8.4928E-08 1.1409E-07 9.43E-07 5.08E-06   1.021 0.6000 7.6042E-06    929.353
10551.00 0.31208679 9.5173E-24            1.0185E-23 6.8909E-09 2.6794E-09 8.7907E-08 7.0197E-08 9.4797E-08 7.80E-07 5.01E-06   1.164 0.6000 7.5920E-06    919.637
10561.00 0.31939623 9.3065E-24            9.9925E-24 6.6984E-09 2.7155E-09 8.5201E-08 6.8571E-08 9.1900E-08 7.62E-07 5.04E-06   1.141 0.6000 7.5532E-06    918.623
10571.00 0.25314015 8.5062E-24            7.5365E-24 5.2580E-09 2.2773E-09 5.9487E-08 4.7438E-08 6.4745E-08 5.27E-07 4.66E-06   1.374 0.6000 7.5396E-06    900.276
10581.00 0.35484275 8.3901E-24            1.0131E-23 7.7717E-09 2.9175E-09 1.0061E-07 7.9939E-08 1.0838E-07 8.88E-07 5.06E-06   1.036 0.6000 7.4809E-06    929.310
10591.00 0.23216455 7.5534E-24            6.2588E-24 5.0489E-09 2.1133E-09 5.6948E-08 4.4886E-08 6.1997E-08 4.99E-07 4.41E-06   1.460 0.6000 7.3912E-06    899.368
10601.00 0.30097172 7.2000E-24            7.8622E-24 6.5867E-09 2.5469E-09 8.1753E-08 6.3942E-08 8.8339E-08 7.10E-07 4.71E-06   1.201 0.6000 7.4831E-06    919.276
10611.00 0.35884789 7.3442E-24            8.8640E-24 7.4511E-09 2.9226E-09 9.4636E-08 7.5027E-08 1.0209E-07 8.33E-07 5.02E-06   1.025 0.6000 7.4735E-06    928.076
10621.00 0.39330953 7.1730E-24            9.3282E-24 7.8620E-09 2.9987E-09 1.0359E-07 8.2258E-08 1.1145E-07 9.14E-07 4.99E-06   0.933 0.6000 7.1416E-06    933.772
10631.00 0.38953972 7.0538E-24            8.7996E-24 7.7298E-09 3.1224E-09 1.0277E-07 8.4102E-08 1.1050E-07 9.34E-07 5.19E-06   0.943 0.6000 7.3919E-06    934.002
10641.00 0.51689363 5.8557E-24            1.1152E-23 1.2569E-08 3.9965E-09 1.8335E-07 1.4518E-07 1.9592E-07 1.61E-06 5.54E-06   0.660 0.6000 7.5446E-06    968.584
10651.00 0.32695058 5.7347E-24            6.7925E-24 7.4127E-09 2.7781E-09 9.5315E-08 7.5128E-08 1.0273E-07 8.34E-07 4.90E-06   1.118 0.6000 7.5639E-06    931.289
10661.00 0.18234144 5.7819E-24            3.5915E-24 3.5447E-09 1.8915E-09 2.9483E-08 2.3952E-08 3.3028E-08 2.66E-07 4.46E-06   1.702 0.6000 7.5933E-06    871.890
10671.00 0.17121336 5.5679E-24            3.2138E-24 3.3649E-09 1.8410E-09 2.6892E-08 2.1988E-08 3.0257E-08 2.44E-07 4.47E-06   1.765 0.6000 7.5846E-06    868.245
10681.00 0.19741534 5.2442E-24            3.5671E-24 3.7685E-09 1.9621E-09 3.3095E-08 2.6743E-08 3.6863E-08 2.97E-07 4.42E-06   1.622 0.6000 7.5010E-06    878.732
10691.00 0.24360545 4.7860E-24            4.1633E-24 4.9551E-09 2.2545E-09 5.2691E-08 4.1818E-08 5.7647E-08 4.64E-07 4.53E-06   1.412 0.6000 7.5250E-06    902.483
10701.00 0.11840982 4.1848E-24            1.9518E-24 2.6547E-09 1.4695E-09 1.7155E-08 1.3850E-08 1.9810E-08 1.54E-07 4.02E-06   2.134 0.6000 7.6028E-06    849.922
10711.00 0.16992629 4.7494E-24            2.6388E-24 3.5973E-09 1.9185E-09 2.6644E-08 2.1861E-08 3.0241E-08 2.43E-07 4.61E-06   1.772 0.6000 7.6107E-06    870.920
10721.00 0.20560424 4.5503E-24            3.0765E-24 4.4308E-09 2.1484E-09 3.8128E-08 3.0834E-08 4.2559E-08 3.42E-07 4.71E-06   1.582 0.6000 7.5927E-06    888.755
10731.00 0.25777408 4.0527E-24            3.6621E-24 5.6700E-09 2.4435E-09 6.2017E-08 5.0200E-08 6.7687E-08 5.58E-07 4.69E-06   1.356 0.6000 7.5570E-06    913.869
10741.00 0.37832174 3.9256E-24            5.1469E-24 9.1183E-09 3.2883E-09 1.1672E-07 9.3686E-08 1.2584E-07 1.04E-06 5.22E-06   0.972 0.6000 7.5987E-06    949.410
10751.00 0.42719471 3.7623E-24            5.5553E-24 1.0417E-08 3.6204E-09 1.4109E-07 1.1355E-07 1.5150E-07 1.26E-06 5.42E-06   0.851 0.6000 7.5686E-06    961.088
10761.00 0.52066016 3.3878E-24            6.4637E-24 1.3590E-08 4.2058E-09 1.9459E-07 1.5561E-07 2.0818E-07 1.73E-06 5.61E-06   0.653 0.6000 7.5094E-06    981.186
10771.00 0.54756194 3.0832E-24            6.4886E-24 1.4842E-08 4.4149E-09 2.1730E-07 1.7159E-07 2.3214E-07 1.91E-06 5.70E-06   0.602 0.6000 7.6113E-06    988.749
10781.00 0.68483347 2.2677E-24            7.7382E-24 2.1365E-08 5.2817E-09 3.2499E-07 2.5114E-07 3.4636E-07 2.79E-06 5.88E-06   0.379 0.6000 7.6222E-06   1015.409
10791.00 0.77077293 1.6720E-24            8.3446E-24 2.6284E-08 5.7598E-09 4.0077E-07 3.0587E-07 4.2706E-07 3.40E-06 5.84E-06   0.260 0.6000 7.4710E-06   1030.290
10801.00 0.76806372 1.6038E-24            7.9291E-24 2.5336E-08 5.5894E-09 3.8674E-07 2.9617E-07 4.1208E-07 3.29E-06 5.68E-06   0.264 0.6000 7.2822E-06   1028.617
10811.00 0.73904151 1.6388E-24            7.2931E-24 2.4825E-08 5.5482E-09 3.7662E-07 2.8903E-07 4.0145E-07 3.21E-06 5.76E-06   0.302 0.6000 7.4552E-06   1027.604
10821.00 0.72291231 1.6899E-24            6.8068E-24 2.2999E-08 5.4090E-09 3.5160E-07 2.7117E-07 3.7460E-07 3.01E-06 5.73E-06   0.324 0.6000 7.3925E-06   1023.685
10831.00 0.77737403 1.3304E-24            6.9874E-24 2.5823E-08 5.5592E-09 3.9290E-07 2.9986E-07 4.1872E-07 3.33E-06 5.55E-06   0.252 0.6000 7.1062E-06   1031.998
10841.00 0.80051601 1.0926E-24            6.8812E-24 2.9757E-08 5.9516E-09 4.4645E-07 3.3784E-07 4.7621E-07 3.75E-06 5.74E-06   0.222 0.6000 7.3512E-06   1041.635
10851.00 0.75235718 1.2950E-24            6.1666E-24 2.5836E-08 5.5984E-09 3.8643E-07 2.9658E-07 4.1227E-07 3.29E-06 5.66E-06   0.285 0.6000 7.3041E-06   1032.464
10861.00 0.82489347 9.4149E-25            6.4547E-24 3.1176E-08 6.2189E-09 4.6791E-07 3.5368E-07 4.9909E-07 3.93E-06 5.87E-06   0.193 0.6000 7.4621E-06   1046.449
10871.00 0.74402767 1.1078E-24            5.5717E-24 2.8360E-08 5.8044E-09 4.1838E-07 3.1753E-07 4.4675E-07 3.53E-06 5.83E-06   0.296 0.6000 7.5693E-06   1039.508
10881.00 0.75065970 1.1006E-24            5.3651E-24 2.7169E-08 5.8616E-09 4.0573E-07 3.0960E-07 4.3290E-07 3.44E-06 5.88E-06   0.287 0.6000 7.6132E-06   1038.102
10891.00 0.63869935 1.3827E-24            4.3656E-24 2.0320E-08 5.0600E-09 3.0169E-07 2.3298E-07 3.2201E-07 2.59E-06 5.69E-06   0.448 0.6000 7.5649E-06   1018.877
10901.00 0.61917418 1.4116E-24            4.0188E-24 1.9007E-08 4.8931E-09 2.7814E-07 2.1458E-07 2.9715E-07 2.38E-06 5.64E-06   0.479 0.6000 7.5041E-06   1014.331
10911.00 0.71358925 1.0859E-24            4.4417E-24 2.4524E-08 5.6114E-09 3.6477E-07 2.7875E-07 3.8930E-07 3.10E-06 5.84E-06   0.337 0.6000 7.5967E-06   1033.126
10921.00 0.54561496 1.3897E-24            3.2407E-24 1.6401E-08 4.4988E-09 2.3567E-07 1.8354E-07 2.5207E-07 2.04E-06 5.56E-06   0.606 0.6000 7.6235E-06   1005.139
10931.00 0.72605318 9.9951E-25            4.1102E-24 2.4029E-08 5.6503E-09 3.5808E-07 2.7499E-07 3.8211E-07 3.05E-06 5.83E-06   0.320 0.6000 7.5345E-06   1033.378
10941.00 0.59759521 1.1490E-24            3.2457E-24 1.9311E-08 4.8924E-09 2.7868E-07 2.1557E-07 2.9799E-07 2.39E-06 5.65E-06   0.515 0.6000 7.6639E-06   1017.518
10951.00 0.59014261 1.1721E-24            3.0406E-24 1.8429E-08 4.8851E-09 2.6558E-07 2.0637E-07 2.8401E-07 2.29E-06 5.72E-06   0.527 0.6000 7.7036E-06   1015.114
10961.00 0.69394350 8.5873E-25            3.4312E-24 2.4492E-08 5.5120E-09 3.5668E-07 2.7124E-07 3.8117E-07 3.01E-06 5.71E-06   0.365 0.6000 7.5273E-06   1035.487
10971.00 0.72154409 7.8222E-25            3.4013E-24 2.5580E-08 5.6438E-09 3.7444E-07 2.8460E-07 4.0002E-07 3.16E-06 5.71E-06   0.326 0.6000 7.4388E-06   1039.540
10981.00 0.63967627 9.0596E-25            2.8786E-24 2.1777E-08 5.1993E-09 3.1214E-07 2.4009E-07 3.3392E-07 2.67E-06 5.67E-06   0.447 0.6000 7.5628E-06   1028.074
10991.00 0.65699452 8.5100E-25            2.8223E-24 2.1321E-08 5.2084E-09 3.0982E-07 2.3957E-07 3.3114E-07 2.66E-06 5.60E-06   0.420 0.6000 7.4267E-06   1028.268
11001.00 0.64985752 7.7749E-25            2.6663E-24 2.1615E-08 5.1326E-09 3.1152E-07 2.3914E-07 3.3313E-07 2.66E-06 5.47E-06   0.431 0.6000 7.3350E-06   1029.423
11011.00 0.64808410 7.3629E-25            2.5385E-24 2.2989E-08 5.2445E-09 3.2754E-07 2.4950E-07 3.5053E-07 2.77E-06 5.58E-06   0.434 0.6000 7.4859E-06   1033.597
11021.00 0.65646112 6.9609E-25            2.4558E-24 2.2780E-08 5.3789E-09 3.2463E-07 2.4816E-07 3.4741E-07 2.76E-06 5.68E-06   0.421 0.6000 7.6420E-06   1033.749
11031.00 0.72526044 5.9433E-25            2.5896E-24 2.5811E-08 5.7748E-09 3.7479E-07 2.8615E-07 4.0060E-07 3.18E-06 5.73E-06   0.321 0.6000 7.4670E-06   1044.200
11041.00 0.80650002 4.1294E-25            2.7518E-24 3.2651E-08 6.5087E-09 4.7125E-07 3.5389E-07 5.0390E-07 3.93E-06 5.95E-06   0.215 0.6000 7.6479E-06   1060.971
11051.00 0.81513488 3.9544E-25            2.6557E-24 3.3201E-08 6.6202E-09 4.7741E-07 3.5983E-07 5.1061E-07 4.00E-06 6.01E-06   0.204 0.6000 7.6989E-06   1062.678
11061.00 0.83279264 3.5014E-25            2.5890E-24 3.4668E-08 6.7564E-09 4.9606E-07 3.7242E-07 5.3073E-07 4.14E-06 6.02E-06   0.183 0.6000 7.6847E-06   1066.200
11071.00 0.74627686 4.4632E-25            2.2210E-24 2.8118E-08 6.0687E-09 4.0359E-07 3.0620E-07 4.3171E-07 3.40E-06 5.82E-06   0.293 0.6000 7.6118E-06   1052.413
11081.00 0.66367072 5.1225E-25            1.8819E-24 2.2859E-08 5.3245E-09 3.2298E-07 2.4557E-07 3.4584E-07 2.73E-06 5.50E-06   0.410 0.6000 7.3949E-06   1037.969
11091.00 0.67503375 4.9027E-25            1.8282E-24 2.2328E-08 5.1964E-09 3.1557E-07 2.4127E-07 3.3789E-07 2.68E-06 5.31E-06   0.393 0.6000 7.0888E-06   1037.153
11101.00 0.62324595 5.2789E-25            1.6131E-24 2.0578E-08 5.1004E-09 2.8837E-07 2.2269E-07 3.0895E-07 2.47E-06 5.50E-06   0.473 0.6000 7.4018E-06   1031.900
11111.00 0.70389795 3.8831E-25            1.7365E-24 2.6710E-08 5.7216E-09 3.7394E-07 2.8155E-07 4.0065E-07 3.13E-06 5.59E-06   0.351 0.6000 7.4567E-06   1050.284
11121.00 0.51478070 5.5625E-25            1.2141E-24 1.6875E-08 4.5137E-09 2.2403E-07 1.7270E-07 2.4090E-07 1.92E-06 5.45E-06   0.664 0.6000 7.6365E-06   1017.057
11131.00 0.70613849 3.6098E-25            1.5876E-24 2.7449E-08 5.9052E-09 3.8314E-07 2.8934E-07 4.1059E-07 3.21E-06 5.76E-06   0.348 0.6000 7.6345E-06   1053.496
11141.00 0.68328720 3.9688E-25            1.4690E-24 2.4564E-08 5.7333E-09 3.4586E-07 2.6577E-07 3.7042E-07 2.95E-06 5.76E-06   0.381 0.6000 7.5875E-06   1047.166
11151.00 0.66946822 3.8610E-25            1.3741E-24 2.4391E-08 5.6621E-09 3.3913E-07 2.6071E-07 3.6352E-07 2.90E-06 5.73E-06   0.401 0.6000 7.5845E-06   1046.635
11161.00 0.74645048 3.0554E-25            1.4629E-24 2.9456E-08 6.3344E-09 4.1224E-07 3.1395E-07 4.4169E-07 3.49E-06 5.95E-06   0.292 0.6000 7.7213E-06   1060.868
11171.00 0.77600402 2.7488E-25            1.4505E-24 3.0415E-08 6.3982E-09 4.2497E-07 3.2373E-07 4.5538E-07 3.60E-06 5.86E-06   0.254 0.6000 7.5224E-06   1063.775
11181.00 0.84032893 1.9694E-25            1.5005E-24 3.5727E-08 6.9032E-09 4.9950E-07 3.7426E-07 5.3523E-07 4.16E-06 5.93E-06   0.174 0.6000 7.5350E-06   1076.042
11191.00 0.85096824 1.7538E-25            1.4523E-24 3.6845E-08 7.0555E-09 5.1481E-07 3.8423E-07 5.5165E-07 4.27E-06 6.00E-06   0.161 0.6000 7.6181E-06   1078.992
11201.00 0.88881111 1.2982E-25            1.4467E-24 3.9844E-08 7.1925E-09 5.5054E-07 4.0737E-07 5.9038E-07 4.52E-06 5.89E-06   0.118 0.6000 7.4492E-06   1084.693
11211.00 0.90357089 1.0810E-25            1.4052E-24 4.2021E-08 7.4584E-09 5.7962E-07 4.2764E-07 6.2164E-07 4.75E-06 6.02E-06   0.101 0.6000 7.6049E-06   1089.248
11221.00 0.91870260 8.8624E-26            1.3643E-24 4.4364E-08 7.6475E-09 6.0642E-07 4.4590E-07 6.5078E-07 4.95E-06 6.06E-06   0.085 0.6000 7.6441E-06   1093.405
11231.00 0.91639447 8.6273E-26            1.2995E-24 4.4354E-08 7.6924E-09 6.0687E-07 4.4633E-07 6.5122E-07 4.96E-06 6.10E-06   0.087 0.6000 7.6983E-06   1094.231
11241.00 0.92043316 7.8725E-26            1.2460E-24 4.4546E-08 7.6676E-09 6.0741E-07 4.4619E-07 6.5196E-07 4.96E-06 6.05E-06   0.083 0.6000 7.6234E-06   1095.091
11251.00 0.92267108 7.2925E-26            1.1929E-24 4.5241E-08 7.7271E-09 6.1375E-07 4.5047E-07 6.5899E-07 5.00E-06 6.06E-06   0.080 0.6000 7.6427E-06   1096.664
11261.00 0.91330671 7.7466E-26            1.1271E-24 4.3729E-08 7.6011E-09 5.9459E-07 4.3720E-07 6.3832E-07 4.86E-06 6.01E-06   0.091 0.6000 7.5795E-06   1095.076
11271.00 0.92282671 6.6481E-26            1.0876E-24 4.4168E-08 7.5574E-09 5.9760E-07 4.3847E-07 6.4176E-07 4.87E-06 5.90E-06   0.080 0.6000 7.4414E-06   1096.250
11281.00 0.91709596 6.7735E-26            1.0321E-24 4.2010E-08 7.2730E-09 5.6877E-07 4.1780E-07 6.1078E-07 4.64E-06 5.70E-06   0.087 0.6000 7.1947E-06   1093.369
11291.00 0.91708291 6.4900E-26            9.8514E-25 4.4558E-08 7.7119E-09 6.0201E-07 4.4204E-07 6.4657E-07 4.91E-06 6.03E-06   0.087 0.6000 7.6089E-06   1098.355
11301.00 0.92549664 5.6078E-26            9.4937E-25 4.5893E-08 7.8081E-09 6.1611E-07 4.5144E-07 6.6200E-07 5.01E-06 6.04E-06   0.077 0.6000 7.6142E-06   1100.885
11311.00 0.92468405 5.4011E-26            9.0573E-25 4.5203E-08 7.7114E-09 6.0635E-07 4.4426E-07 6.5155E-07 4.93E-06 5.96E-06   0.078 0.6000 7.5111E-06   1100.476
11321.00 0.92356586 5.2397E-26            8.6367E-25 4.5702E-08 7.8141E-09 6.1201E-07 4.4845E-07 6.5771E-07 4.98E-06 6.03E-06   0.080 0.6000 7.6030E-06   1101.953
11331.00 0.92354214 4.9957E-26            8.2470E-25 4.4813E-08 7.6677E-09 5.9925E-07 4.3904E-07 6.4406E-07 4.88E-06 5.90E-06   0.080 0.6000 7.4450E-06   1101.167
11341.00 0.92369837 4.7663E-26            7.8748E-25 4.5712E-08 7.8162E-09 6.0987E-07 4.4670E-07 6.5558E-07 4.96E-06 6.00E-06   0.079 0.6000 7.5703E-06   1103.262
11351.00 0.92483014 4.4851E-26            7.5281E-25 4.3462E-08 7.4142E-09 5.7830E-07 4.2335E-07 6.2176E-07 4.70E-06 5.68E-06   0.078 0.6000 7.1571E-06   1100.099
11361.00 0.92493224 4.2779E-26            7.1884E-25 4.6074E-08 7.8579E-09 6.1184E-07 4.4777E-07 6.5791E-07 4.97E-06 6.00E-06   0.078 0.6000 7.5666E-06   1105.078
11371.00 0.92675394 3.9889E-26            6.8772E-25 4.5873E-08 7.7870E-09 6.0697E-07 4.4389E-07 6.5284E-07 4.93E-06 5.92E-06   0.076 0.6000 7.4662E-06   1105.275
11381.00 0.92537481 3.8774E-26            6.5565E-25 4.6815E-08 7.9790E-09 6.1914E-07 4.5286E-07 6.6595E-07 5.03E-06 6.06E-06   0.078 0.6000 7.6453E-06   1107.538
11391.00 0.92638862 3.6544E-26            6.2667E-25 4.6701E-08 7.9375E-09 6.1581E-07 4.5021E-07 6.6251E-07 5.00E-06 6.01E-06   0.076 0.6000 7.5803E-06   1107.925
11401.00 0.92657292 3.4806E-26            5.9846E-25 4.6950E-08 7.9771E-09 6.1780E-07 4.5153E-07 6.6475E-07 5.01E-06 6.03E-06   0.076 0.6000 7.5997E-06   1108.953
11411.00 0.92618877 3.3390E-26            5.7117E-25 4.6783E-08 7.9583E-09 6.1470E-07 4.4921E-07 6.6148E-07 4.99E-06 6.00E-06   0.077 0.6000 7.5687E-06   1109.359
11421.00 0.92669308 3.1673E-26            5.4563E-25 4.5569E-08 7.7419E-09 5.9729E-07 4.3634E-07 6.4286E-07 4.85E-06 5.82E-06   0.076 0.6000 7.3425E-06   1107.997
11431.00 0.92660117 3.0274E-26            5.2090E-25 4.6380E-08 7.8829E-09 6.0684E-07 4.4322E-07 6.5322E-07 4.92E-06 5.92E-06   0.076 0.6000 7.4607E-06   1109.967
11441.00 0.92645133 2.8956E-26            4.9727E-25 4.6706E-08 7.9427E-09 6.1006E-07 4.4549E-07 6.5677E-07 4.95E-06 5.95E-06   0.076 0.6000 7.5024E-06   1111.147
11451.00 0.92671496 2.7553E-26            4.7491E-25 4.7233E-08 8.0277E-09 6.1561E-07 4.4940E-07 6.6284E-07 4.99E-06 6.00E-06   0.076 0.6000 7.5639E-06   1112.613
11461.00 0.92673343 2.6297E-26            4.5344E-25 4.7865E-08 8.1361E-09 6.2268E-07 4.5446E-07 6.7054E-07 5.05E-06 6.06E-06   0.076 0.6000 7.6494E-06   1114.257
11471.00 0.92663467 2.5139E-26            4.3288E-25 4.7144E-08 8.0166E-09 6.1219E-07 4.4671E-07 6.5934E-07 4.96E-06 5.96E-06   0.076 0.6000 7.5218E-06   1113.764
11481.00 0.92634732 2.4089E-26            4.1317E-25 4.7463E-08 8.0790E-09 6.1538E-07 4.4897E-07 6.6284E-07 4.99E-06 6.00E-06   0.077 0.6000 7.5664E-06   1114.937
11491.00 0.92642897 2.2974E-26            3.9452E-25 4.7529E-08 8.0890E-09 6.1500E-07 4.4858E-07 6.6252E-07 4.98E-06 5.99E-06   0.076 0.6000 7.5587E-06   1115.676
11501.00 0.92633921 2.1955E-26            3.7663E-25 4.6453E-08 7.9097E-09 6.0007E-07 4.3760E-07 6.4652E-07 4.86E-06 5.84E-06   0.077 0.6000 7.3764E-06   1114.611
11511.00 0.92624098 2.0988E-26            3.5955E-25 4.6238E-08 7.8765E-09 5.9621E-07 4.3470E-07 6.4245E-07 4.83E-06 5.81E-06   0.077 0.6000 7.3299E-06   1114.910
11521.00 0.92604572 2.0091E-26            3.4321E-25 4.6469E-08 7.9209E-09 5.9817E-07 4.3605E-07 6.4464E-07 4.84E-06 5.83E-06   0.077 0.6000 7.3570E-06   1115.938
11531.00 0.92592800 1.9208E-26            3.2764E-25 4.4798E-08 7.6404E-09 5.7572E-07 4.1961E-07 6.2052E-07 4.66E-06 5.61E-06   0.077 0.6000 7.0826E-06   1113.852
11541.00 0.92585880 1.8351E-26            3.1279E-25 3.5686E-08 6.0894E-09 4.5785E-07 3.3363E-07 4.9353E-07 3.71E-06 4.46E-06   0.077 0.6000 5.6333E-06   1097.752
11551.00 0.92558390 1.7582E-26            2.9855E-25 4.5422E-08 7.7575E-09 5.8178E-07 4.2387E-07 6.2720E-07 4.71E-06 5.67E-06   0.077 0.6000 7.1627E-06   1116.197
11561.00 0.92540413 1.6829E-26            2.8498E-25 4.7780E-08 8.1641E-09 6.1086E-07 4.4498E-07 6.5864E-07 4.94E-06 5.96E-06   0.078 0.6000 7.5239E-06   1120.649
11571.00 0.92539066 1.6070E-26            2.7208E-25 4.8752E-08 8.3314E-09 6.2210E-07 4.5306E-07 6.7085E-07 5.03E-06 6.07E-06   0.078 0.6000 7.6619E-06   1122.812
11581.00 0.92510384 1.5392E-26            2.5969E-25 4.8463E-08 8.2920E-09 6.1761E-07 4.4973E-07 6.6607E-07 4.99E-06 6.03E-06   0.078 0.6000 7.6124E-06   1123.044
11591.00 0.92417532 1.4871E-26            2.4769E-25 4.8401E-08 8.3035E-09 6.1620E-07 4.4872E-07 6.6460E-07 4.98E-06 6.03E-06   0.079 0.6000 7.6150E-06   1123.651
11601.00 0.92472774 1.4102E-26            2.3662E-25 4.7814E-08 8.1906E-09 6.0720E-07 4.4199E-07 6.5501E-07 4.91E-06 5.93E-06   0.078 0.6000 7.4906E-06   1123.324
11611.00 0.92356300 1.3660E-26            2.2563E-25 4.7626E-08 8.1859E-09 6.0434E-07 4.3995E-07 6.5197E-07 4.89E-06 5.92E-06   0.080 0.6000 7.4800E-06   1123.745
11621.00 0.92401695 1.2960E-26            2.1551E-25 4.8274E-08 8.2878E-09 6.1115E-07 4.4475E-07 6.5942E-07 4.94E-06 5.98E-06   0.079 0.6000 7.5536E-06   1125.378
11631.00 0.92282313 1.2546E-26            2.0550E-25 4.7810E-08 8.2352E-09 6.0475E-07 4.4014E-07 6.5256E-07 4.89E-06 5.93E-06   0.080 0.6000 7.5002E-06   1125.358
11641.00 0.92175186 1.2137E-26            1.9596E-25 4.7618E-08 8.2293E-09 6.0195E-07 4.3813E-07 6.4957E-07 4.87E-06 5.92E-06   0.081 0.6000 7.4886E-06   1125.783
11651.00 0.92267257 1.1453E-26            1.8728E-25 4.7881E-08 8.2556E-09 6.0367E-07 4.3916E-07 6.5155E-07 4.88E-06 5.92E-06   0.080 0.6000 7.4886E-06   1126.786
11661.00 0.91803676 1.1536E-26            1.7791E-25 4.7973E-08 8.3762E-09 6.0628E-07 4.4151E-07 6.5425E-07 4.90E-06 6.02E-06   0.086 0.6000 7.6222E-06   1127.871
11671.00 0.92158550 1.0576E-26            1.7050E-25 4.8803E-08 8.4411E-09 6.1359E-07 4.4630E-07 6.6240E-07 4.96E-06 6.03E-06   0.082 0.6000 7.6343E-06   1129.583
11681.00 0.91927397 1.0358E-26            1.6238E-25 4.7675E-08 8.2980E-09 5.9962E-07 4.3632E-07 6.4730E-07 4.85E-06 5.93E-06   0.084 0.6000 7.5086E-06   1128.605
11691.00 0.91792905 1.0051E-26            1.5479E-25 4.6052E-08 8.0441E-09 5.7877E-07 4.2123E-07 6.2482E-07 4.68E-06 5.75E-06   0.086 0.6000 7.2750E-06   1126.703
11701.00 0.91646230 9.7377E-27            1.4756E-25 3.4475E-08 6.0316E-09 4.3250E-07 3.1477E-07 4.6697E-07 3.50E-06 4.30E-06   0.087 0.6000 5.4498E-06   1105.906
11711.00 0.91359836 9.5936E-27            1.4042E-25 4.0814E-08 7.1977E-09 5.1248E-07 3.7315E-07 5.5329E-07 4.14E-06 5.14E-06   0.090 0.6000 6.5087E-06   1119.132
11721.00 0.91820860 8.7073E-27            1.3474E-25 4.7192E-08 8.2454E-09 5.8990E-07 4.2896E-07 6.3710E-07 4.76E-06 5.85E-06   0.085 0.6000 7.4074E-06   1130.485
11731.00 0.91398704 8.6922E-27            1.2806E-25 4.7340E-08 8.3538E-09 5.9236E-07 4.3115E-07 6.3970E-07 4.79E-06 5.94E-06   0.090 0.6000 7.5244E-06   1131.565
11741.00 0.90894020 8.7281E-27            1.2158E-25 4.5249E-08 8.0786E-09 5.6702E-07 4.1317E-07 6.1226E-07 4.59E-06 5.76E-06   0.095 0.6000 7.3045E-06   1129.018
11751.00 0.91314286 7.9980E-27            1.1659E-25 4.7682E-08 8.4203E-09 5.9419E-07 4.3233E-07 6.4188E-07 4.80E-06 5.96E-06   0.091 0.6000 7.5574E-06   1133.364
11761.00 0.91633230 7.3907E-27            1.1171E-25 4.2740E-08 7.5025E-09 5.3083E-07 3.8584E-07 5.7357E-07 4.29E-06 5.29E-06   0.087 0.6000 6.6941E-06   1125.646
11771.00 0.91562140 7.1000E-27            1.0657E-25 4.5797E-08 8.0560E-09 5.6810E-07 4.1289E-07 6.1390E-07 4.59E-06 5.67E-06   0.088 0.6000 7.1784E-06   1131.526
11781.00 0.91507101 6.8165E-27            1.0168E-25 4.8662E-08 8.5674E-09 6.0266E-07 4.3802E-07 6.5133E-07 4.86E-06 6.02E-06   0.089 0.6000 7.6220E-06   1136.788
11791.00 0.91355306 6.6193E-27            9.6913E-26 4.8432E-08 8.5664E-09 5.9952E-07 4.3577E-07 6.4795E-07 4.84E-06 6.01E-06   0.090 0.6000 7.6178E-06   1137.163
11801.00 0.91970235 5.9178E-27            9.3145E-26 4.8533E-08 8.4534E-09 5.9664E-07 4.3288E-07 6.4518E-07 4.81E-06 5.88E-06   0.084 0.6000 7.4468E-06   1137.606
11811.00 0.91661423 5.8365E-27            8.8637E-26 4.8282E-08 8.4712E-09 5.9370E-07 4.3101E-07 6.4199E-07 4.79E-06 5.90E-06   0.087 0.6000 7.4721E-06   1137.999
11821.00 0.91494548 5.6800E-27            8.4452E-26 4.8902E-08 8.6125E-09 6.0086E-07 4.3630E-07 6.4976E-07 4.85E-06 5.99E-06   0.089 0.6000 7.5939E-06   1139.687
11831.00 0.91516382 5.4090E-27            8.0653E-26 4.8827E-08 8.6159E-09 5.9964E-07 4.3529E-07 6.4846E-07 4.83E-06 5.98E-06   0.089 0.6000 7.5796E-06   1140.305
11841.00 0.90868449 5.5143E-27            7.6459E-26 4.7360E-08 8.4788E-09 5.8287E-07 4.2383E-07 6.3023E-07 4.71E-06 5.91E-06   0.096 0.6000 7.4967E-06   1138.899
11851.00 0.90048331 5.6778E-27            7.2327E-26 4.5683E-08 8.3181E-09 5.6330E-07 4.1023E-07 6.0898E-07 4.56E-06 5.84E-06   0.105 0.6000 7.4088E-06   1137.062
11861.00 0.90728980 5.0972E-27            6.9566E-26 4.7642E-08 8.5637E-09 5.8465E-07 4.2495E-07 6.3229E-07 4.72E-06 5.96E-06   0.097 0.6000 7.5539E-06   1140.685
11871.00 0.90892410 4.7083E-27            6.6553E-26 4.7849E-08 8.5388E-09 5.8428E-07 4.2445E-07 6.3213E-07 4.71E-06 5.91E-06   0.095 0.6000 7.4948E-06   1141.435
11881.00 0.89499801 5.0360E-27            6.2550E-26 4.6259E-08 8.5001E-09 5.6767E-07 4.1379E-07 6.1393E-07 4.60E-06 5.96E-06   0.111 0.6000 7.5634E-06   1139.978
11891.00 0.88705230 5.1180E-27            5.9184E-26 4.5661E-08 8.5146E-09 5.6009E-07 4.0884E-07 6.0575E-07 4.54E-06 6.00E-06   0.120 0.6000 7.6272E-06   1139.727
11901.00 0.89753515 4.5313E-27            5.7174E-26 4.6794E-08 8.5745E-09 5.7152E-07 4.1627E-07 6.1831E-07 4.62E-06 5.97E-06   0.108 0.6000 7.5712E-06   1142.055
11911.00 0.89719194 4.3322E-27            5.4550E-26 4.6708E-08 8.5481E-09 5.6877E-07 4.1402E-07 6.1548E-07 4.60E-06 5.94E-06   0.108 0.6000 7.5362E-06   1142.472
11921.00 0.88252431 4.6164E-27            5.1242E-26 4.3178E-08 8.1728E-09 5.2861E-07 3.8593E-07 5.7179E-07 4.29E-06 5.75E-06   0.125 0.6000 7.3140E-06   1137.656
11931.00 0.88063413 4.4453E-27            4.8825E-26 4.5081E-08 8.4793E-09 5.4903E-07 4.0081E-07 5.9411E-07 4.45E-06 5.96E-06   0.127 0.6000 7.5712E-06   1141.319
11941.00 0.86899126 4.6003E-27            4.5966E-26 4.3999E-08 8.4518E-09 5.3689E-07 3.9307E-07 5.8089E-07 4.37E-06 5.99E-06   0.140 0.6000 7.6217E-06   1140.380
11951.00 0.87070119 4.3014E-27            4.3987E-26 4.4214E-08 8.3813E-09 5.3587E-07 3.9195E-07 5.8009E-07 4.35E-06 5.91E-06   0.138 0.6000 7.5194E-06   1141.039
11961.00 0.84916645 4.6759E-27            4.0955E-26 4.2324E-08 8.2913E-09 5.1318E-07 3.7783E-07 5.5551E-07 4.20E-06 5.94E-06   0.164 0.6000 7.5871E-06   1138.533
11971.00 0.85681587 4.2719E-27            3.9433E-26 4.2908E-08 8.3457E-09 5.2019E-07 3.8140E-07 5.6310E-07 4.24E-06 5.94E-06   0.155 0.6000 7.5688E-06   1140.320
11981.00 0.86484128 3.8648E-27            3.8024E-26 4.3207E-08 8.2777E-09 5.2074E-07 3.8072E-07 5.6394E-07 4.23E-06 5.83E-06   0.145 0.6000 7.4366E-06   1141.196
11991.00 0.81653571 4.7414E-27            3.4262E-26 3.8682E-08 7.9035E-09 4.6494E-07 3.4396E-07 5.0362E-07 3.82E-06 5.81E-06   0.203 0.6000 7.4512E-06   1133.472
12001.00 0.81652129 4.4891E-27            3.2688E-26 3.7462E-08 7.7994E-09 4.5588E-07 3.3747E-07 4.9334E-07 3.75E-06 5.73E-06   0.203 0.6000 7.3525E-06   1132.696
12011.00 0.80882192 3.8953E-27            3.0966E-26 3.9825E-08 7.8926E-09 4.7645E-07 3.4937E-07 5.1628E-07 3.88E-06 5.76E-06   0.212 0.6000 7.4651E-06   1136.843
12021.00 0.77274102 4.5858E-27            2.8180E-26 3.6000E-08 7.6878E-09 4.3220E-07 3.2228E-07 4.6820E-07 3.58E-06 5.80E-06   0.258 0.6000 7.5463E-06   1130.336
12031.00 0.82917953 3.6124E-27            2.8905E-26 3.9760E-08 8.0334E-09 4.7860E-07 3.5259E-07 5.1836E-07 3.92E-06 5.77E-06   0.187 0.6000 7.4160E-06   1138.664
12041.00 0.79039735 3.9013E-27            2.6283E-26 3.7760E-08 7.8241E-09 4.5083E-07 3.3398E-07 4.8859E-07 3.71E-06 5.78E-06   0.235 0.6000 7.5039E-06   1135.008
12051.00 0.78502035 3.6326E-27            2.4942E-26 3.7591E-08 7.8047E-09 4.4832E-07 3.3018E-07 4.8591E-07 3.67E-06 5.79E-06   0.242 0.6000 7.5169E-06   1135.356
12061.00 0.75283188 2.9138E-27            2.2814E-26 3.5507E-08 7.6136E-09 4.2166E-07 3.1231E-07 4.5717E-07 3.47E-06 5.79E-06   0.284 0.6000 7.5939E-06   1131.596
12071.00 0.76208752 2.5537E-27            2.2074E-26 3.6537E-08 7.7498E-09 4.3239E-07 3.1991E-07 4.6893E-07 3.55E-06 5.82E-06   0.272 0.6000 7.6428E-06   1134.229
12081.00 0.71859390 2.7080E-27            1.9850E-26 3.2064E-08 7.3246E-09 3.8061E-07 2.8482E-07 4.1268E-07 3.16E-06 5.75E-06   0.330 0.6000 7.6030E-06   1125.592
12091.00 0.84652859 1.9740E-27            2.2313E-26 4.3429E-08 8.5066E-09 5.1542E-07 3.7708E-07 5.5885E-07 4.19E-06 5.93E-06   0.167 0.6000 7.6166E-06   1148.899
12101.00 0.80014497 2.1207E-27            2.0169E-26 3.8809E-08 8.0894E-09 4.6248E-07 3.4124E-07 5.0129E-07 3.79E-06 5.87E-06   0.223 0.6000 7.6091E-06   1141.467
12111.00 0.79566622 2.0325E-27            1.9103E-26 3.8632E-08 8.0222E-09 4.5837E-07 3.3806E-07 4.9700E-07 3.75E-06 5.82E-06   0.229 0.6000 7.5626E-06   1141.582
12121.00 0.85592145 1.6727E-27            1.9653E-26 4.3944E-08 8.5029E-09 5.1726E-07 3.7719E-07 5.6120E-07 4.19E-06 5.84E-06   0.156 0.6000 7.4981E-06   1151.503
12131.00 0.79916322 1.9288E-27            1.7502E-26 3.8157E-08 8.0527E-09 4.4977E-07 3.3247E-07 4.8793E-07 3.69E-06 5.83E-06   0.224 0.6000 7.5446E-06   1141.719
12141.00 0.68218970 2.3043E-27            1.4315E-26 2.9461E-08 6.9802E-09 3.4149E-07 2.5672E-07 3.7095E-07 2.85E-06 5.58E-06   0.382 0.6000 7.4416E-06   1122.355
12151.00 0.51099658 2.7181E-27            1.0172E-26 1.9060E-08 5.5307E-09 2.1304E-07 1.6338E-07 2.3210E-07 1.81E-06 5.30E-06   0.671 0.6000 7.5107E-06   1090.259
12161.00 0.77319604 1.7115E-27            1.4718E-26 3.5813E-08 7.6938E-09 4.2169E-07 3.1162E-07 4.5750E-07 3.46E-06 5.65E-06   0.257 0.6000 7.3702E-06   1139.193
12171.00 0.82586002 1.4611E-27            1.5024E-26 3.9950E-08 8.1986E-09 4.7251E-07 3.4713E-07 5.1246E-07 3.86E-06 5.74E-06   0.191 0.6000 7.4020E-06   1148.427
12181.00 0.86558563 1.2546E-27            1.5024E-26 4.4509E-08 8.6225E-09 5.2098E-07 3.7988E-07 5.6549E-07 4.22E-06 5.81E-06   0.144 0.6000 7.4299E-06   1156.653
12191.00 0.74174446 1.6084E-27            1.2319E-26 3.3532E-08 7.4536E-09 3.9260E-07 2.9130E-07 4.2613E-07 3.24E-06 5.59E-06   0.299 0.6000 7.3655E-06   1136.201
12201.00 0.73475266 1.5614E-27            1.1629E-26 3.3205E-08 7.3151E-09 3.8418E-07 2.8373E-07 4.1739E-07 3.15E-06 5.48E-06   0.308 0.6000 7.2879E-06   1135.427
12211.00 0.73143071 1.4314E-27            1.1045E-26 3.3118E-08 7.4457E-09 3.8466E-07 2.8515E-07 4.1777E-07 3.17E-06 5.60E-06   0.313 0.6000 7.4288E-06   1136.246
12221.00 0.66360605 1.5472E-27            9.5913E-27 2.8187E-08 6.8456E-09 3.2421E-07 2.4256E-07 3.5240E-07 2.69E-06 5.50E-06   0.410 0.6000 7.4096E-06   1124.620
12231.00 0.72295666 1.3487E-27            9.9426E-27 3.3962E-08 7.6072E-09 3.9242E-07 2.9073E-07 4.2638E-07 3.23E-06 5.73E-06   0.324 0.6000 7.6019E-06   1139.248
12241.00 0.66311598 1.4180E-27            8.7284E-27 2.9624E-08 7.0611E-09 3.3821E-07 2.5217E-07 3.6783E-07 2.80E-06 5.62E-06   0.411 0.6000 7.5712E-06   1129.202
12251.00 0.67118144 1.1810E-27            8.4004E-27 3.0651E-08 7.1522E-09 3.4654E-07 2.5879E-07 3.7719E-07 2.87E-06 5.61E-06   0.399 0.6000 7.5568E-06   1131.770
12261.00 0.69172829 1.2404E-27            8.2907E-27 3.0810E-08 7.3582E-09 3.5136E-07 2.6459E-07 3.8217E-07 2.94E-06 5.70E-06   0.369 0.6000 7.5676E-06   1133.471
12271.00 0.69363892 1.1666E-27            7.9257E-27 3.0292E-08 7.4058E-09 3.4967E-07 2.6357E-07 3.7996E-07 2.93E-06 5.75E-06   0.366 0.6000 7.5742E-06   1133.794
12281.00 0.74403703 8.3662E-28            8.1174E-27 3.4688E-08 7.9216E-09 3.9774E-07 2.9905E-07 4.3243E-07 3.32E-06 5.82E-06   0.296 0.6000 7.5993E-06   1144.041
12291.00 0.72710901 9.0364E-28            7.5751E-27 3.3364E-08 7.7758E-09 3.8321E-07 2.8546E-07 4.1657E-07 3.17E-06 5.83E-06   0.319 0.6000 7.6171E-06   1142.030
12301.00 0.82304609 5.3925E-28            8.1832E-27 4.1765E-08 8.6357E-09 4.7808E-07 3.5101E-07 5.1985E-07 3.90E-06 5.90E-06   0.195 0.6000 7.5809E-06   1159.359
12311.00 0.83403242 4.5209E-28            7.9139E-27 4.2058E-08 8.7266E-09 4.8396E-07 3.5431E-07 5.2602E-07 3.94E-06 5.91E-06   0.181 0.6000 7.5827E-06   1161.013
12321.00 0.84252286 4.3956E-28            7.6372E-27 4.3287E-08 8.8148E-09 4.9697E-07 3.6331E-07 5.4025E-07 4.03E-06 5.90E-06   0.171 0.6000 7.5619E-06   1163.807
12331.00 0.86293256 4.3408E-28            7.4635E-27 4.5723E-08 9.0540E-09 5.2286E-07 3.8067E-07 5.6859E-07 4.23E-06 5.93E-06   0.147 0.6000 7.5814E-06   1168.486
12341.00 0.87967646 4.2728E-28            7.2655E-27 4.7368E-08 9.1129E-09 5.3877E-07 3.9016E-07 5.8614E-07 4.33E-06 5.86E-06   0.128 0.6000 7.4845E-06   1171.592
12351.00 0.87748075 4.0697E-28            6.9162E-27 4.6489E-08 8.9876E-09 5.2931E-07 3.8337E-07 5.7580E-07 4.26E-06 5.78E-06   0.131 0.6000 7.3918E-06   1170.979
12361.00 0.88929123 3.9756E-28            6.6929E-27 4.8918E-08 9.2048E-09 5.5223E-07 3.9847E-07 6.0115E-07 4.43E-06 5.84E-06   0.117 0.6000 7.4500E-06   1175.075
12371.00 0.89223963 3.8177E-28            6.4086E-27 4.9603E-08 9.3122E-09 5.5959E-07 4.0346E-07 6.0920E-07 4.48E-06 5.88E-06   0.114 0.6000 7.4992E-06   1176.871
12381.00 0.89949292 3.6987E-28            6.1683E-27 5.1103E-08 9.4257E-09 5.7270E-07 4.1201E-07 6.2380E-07 4.58E-06 5.89E-06   0.106 0.6000 7.5115E-06   1179.480
12391.00 0.89760977 3.5256E-28            5.8757E-27 5.1301E-08 9.4900E-09 5.7398E-07 4.1295E-07 6.2528E-07 4.59E-06 5.93E-06   0.108 0.6000 7.5618E-06   1180.430
12401.00 0.89680058 3.3639E-28            5.6035E-27 5.1635E-08 9.5882E-09 5.7754E-07 4.1577E-07 6.2918E-07 4.62E-06 5.98E-06   0.109 0.6000 7.6275E-06   1181.678
12411.00 0.90040284 3.2374E-28            5.3708E-27 5.1947E-08 9.5734E-09 5.7891E-07 4.1608E-07 6.3086E-07 4.62E-06 5.94E-06   0.105 0.6000 7.5712E-06   1182.651
12421.00 0.89590126 3.0739E-28            5.1023E-27 4.9947E-08 9.2649E-09 5.5601E-07 3.9994E-07 6.0596E-07 4.44E-06 5.76E-06   0.110 0.6000 7.3492E-06   1180.267
12431.00 0.87554246 2.8337E-28            4.7580E-27 4.7934E-08 9.2880E-09 5.3758E-07 3.8891E-07 5.8552E-07 4.32E-06 5.88E-06   0.133 0.6000 7.5224E-06   1178.359
12441.00 0.87819147 2.7235E-28            4.5565E-27 4.8744E-08 9.3778E-09 5.4471E-07 3.9335E-07 5.9345E-07 4.37E-06 5.91E-06   0.130 0.6000 7.5586E-06   1180.166
12451.00 0.87541306 2.5911E-28            4.3362E-27 4.7769E-08 9.2562E-09 5.3380E-07 3.8570E-07 5.8157E-07 4.28E-06 5.84E-06   0.133 0.6000 7.4655E-06   1179.355
12461.00 0.86962241 2.4483E-28            4.1105E-27 4.7139E-08 9.3090E-09 5.2874E-07 3.8279E-07 5.7587E-07 4.25E-06 5.90E-06   0.140 0.6000 7.5531E-06   1179.351
12471.00 0.88054186 2.3911E-28            3.9747E-27 4.9566E-08 9.5029E-09 5.5051E-07 3.9690E-07 6.0007E-07 4.41E-06 5.94E-06   0.127 0.6000 7.5917E-06   1183.314
12481.00 0.86907357 2.2460E-28            3.7437E-27 4.8501E-08 9.3964E-09 5.3699E-07 3.8779E-07 5.8549E-07 4.31E-06 5.92E-06   0.140 0.6000 7.5823E-06   1182.156
12491.00 0.87510026 2.1683E-28            3.5984E-27 4.8917E-08 9.3990E-09 5.4056E-07 3.8973E-07 5.8948E-07 4.33E-06 5.87E-06   0.133 0.6000 7.5158E-06   1183.446
12501.00 0.87836790 2.0810E-28            3.4466E-27 4.8613E-08 9.3382E-09 5.3694E-07 3.8684E-07 5.8555E-07 4.30E-06 5.81E-06   0.130 0.6000 7.4276E-06   1183.686
12511.00 0.89475560 2.0461E-28            3.3525E-27 5.2131E-08 9.7415E-09 5.7222E-07 4.1077E-07 6.2435E-07 4.56E-06 5.95E-06   0.111 0.6000 7.5963E-06   1189.467
12521.00 0.88465297 1.9231E-28            3.1640E-27 5.0716E-08 9.6460E-09 5.5734E-07 4.0099E-07 6.0805E-07 4.45E-06 5.94E-06   0.123 0.6000 7.5909E-06   1188.152
12531.00 0.89697874 1.8772E-28            3.0623E-27 5.2584E-08 9.7852E-09 5.7456E-07 4.1211E-07 6.2714E-07 4.58E-06 5.94E-06   0.109 0.6000 7.5761E-06   1191.342
12541.00 0.88523376 1.7599E-28            2.8851E-27 5.0868E-08 9.6644E-09 5.5695E-07 4.0064E-07 6.0782E-07 4.45E-06 5.92E-06   0.122 0.6000 7.5663E-06   1189.644
12551.00 0.86497921 1.6286E-28            2.6921E-27 4.8322E-08 9.4919E-09 5.3003E-07 3.8358E-07 5.7835E-07 4.26E-06 5.91E-06   0.145 0.6000 7.5782E-06   1186.518
12561.00 0.85599959 1.5295E-28            2.5402E-27 4.6680E-08 9.3309E-09 5.1335E-07 3.7201E-07 5.6003E-07 4.13E-06 5.85E-06   0.155 0.6000 7.5178E-06   1184.772
12571.00 0.89580733 1.5661E-28            2.5390E-27 5.2611E-08 9.7973E-09 5.7087E-07 4.0917E-07 6.2349E-07 4.54E-06 5.90E-06   0.110 0.6000 7.5341E-06   1193.929
12581.00 0.90141505 1.5119E-28            2.4386E-27 5.1769E-08 9.5316E-09 5.5913E-07 4.0002E-07 6.1090E-07 4.44E-06 5.69E-06   0.104 0.6000 7.2713E-06   1193.084
12591.00 0.90734714 1.4607E-28            2.3432E-27 5.3132E-08 9.6511E-09 5.7074E-07 4.0750E-07 6.2387E-07 4.53E-06 5.72E-06   0.097 0.6000 7.2954E-06   1195.501
12601.00 0.90043509 1.3815E-28            2.2204E-27 5.2229E-08 9.5940E-09 5.6097E-07 4.0102E-07 6.1320E-07 4.45E-06 5.71E-06   0.105 0.6000 7.2929E-06   1194.902
12611.00 0.87772387 1.2704E-28            2.0651E-27 5.0333E-08 9.6220E-09 5.4367E-07 3.9067E-07 5.9400E-07 4.34E-06 5.84E-06   0.130 0.6000 7.4861E-06   1193.162
12621.00 0.87721211 1.2139E-28            1.9705E-27 5.0392E-08 9.6392E-09 5.4368E-07 3.9091E-07 5.9407E-07 4.34E-06 5.84E-06   0.131 0.6000 7.4847E-06   1193.930
12631.00 0.88513142 1.1741E-28            1.8975E-27 5.0484E-08 9.5941E-09 5.4381E-07 3.9033E-07 5.9430E-07 4.34E-06 5.76E-06   0.122 0.6000 7.3759E-06   1194.720
12641.00 0.87352991 1.1016E-28            1.7875E-27 5.0084E-08 9.6812E-09 5.3982E-07 3.8839E-07 5.8990E-07 4.31E-06 5.86E-06   0.135 0.6000 7.5189E-06   1194.896
12651.00 0.87403667 1.0551E-28            1.7076E-27 5.0812E-08 9.7844E-09 5.4555E-07 3.9204E-07 5.9636E-07 4.35E-06 5.91E-06   0.135 0.6000 7.5744E-06   1196.511
12661.00 0.86033756 9.8493E-29            1.6047E-27 4.8775E-08 9.6390E-09 5.2496E-07 3.7874E-07 5.7373E-07 4.21E-06 5.89E-06   0.150 0.6000 7.5617E-06   1194.234
12671.00 0.87273961 9.5931E-29            1.5530E-27 5.0380E-08 9.8398E-09 5.4169E-07 3.9006E-07 5.9207E-07 4.33E-06 5.93E-06   0.136 0.6000 7.6006E-06   1197.460
12681.00 0.89220434 9.4909E-29            1.5157E-27 5.3350E-08 1.0023E-08 5.6810E-07 4.0663E-07 6.2145E-07 4.52E-06 5.91E-06   0.114 0.6000 7.5620E-06   1202.042
12691.00 0.88819385 9.0138E-29            1.4404E-27 5.2713E-08 9.9572E-09 5.6046E-07 4.0163E-07 6.1317E-07 4.46E-06 5.88E-06   0.119 0.6000 7.5242E-06   1201.742
12701.00 0.89548409 8.7248E-29            1.3861E-27 5.4298E-08 1.0122E-08 5.7466E-07 4.1067E-07 6.2896E-07 4.56E-06 5.92E-06   0.110 0.6000 7.5755E-06   1204.516
12711.00 0.89476264 8.3275E-29            1.3219E-27 5.4483E-08 1.0193E-08 5.7607E-07 4.1153E-07 6.3056E-07 4.57E-06 5.96E-06   0.111 0.6000 7.6222E-06   1205.479
12721.00 0.90781379 8.1494E-29            1.2803E-27 5.5884E-08 1.0156E-08 5.8603E-07 4.1697E-07 6.4191E-07 4.63E-06 5.85E-06   0.097 0.6000 7.4713E-06   1207.660
12731.00 0.90842301 7.7997E-29            1.2229E-27 5.6008E-08 1.0165E-08 5.8609E-07 4.1683E-07 6.4210E-07 4.63E-06 5.83E-06   0.096 0.6000 7.4573E-06   1208.445
12741.00 0.90855294 7.4592E-29            1.1674E-27 5.7103E-08 1.0357E-08 5.9620E-07 4.2387E-07 6.5331E-07 4.71E-06 5.93E-06   0.096 0.6000 7.5819E-06   1210.588
12751.00 0.90978020 7.1470E-29            1.1159E-27 5.7314E-08 1.0367E-08 5.9693E-07 4.2413E-07 6.5424E-07 4.71E-06 5.92E-06   0.095 0.6000 7.5638E-06   1211.465
12761.00 0.91145843 6.8537E-29            1.0671E-27 5.6310E-08 1.0141E-08 5.8473E-07 4.1514E-07 6.4104E-07 4.61E-06 5.77E-06   0.093 0.6000 7.3715E-06   1210.596
12771.00 0.91172630 6.5557E-29            1.0188E-27 5.7548E-08 1.0357E-08 5.9631E-07 4.2322E-07 6.5386E-07 4.70E-06 5.87E-06   0.092 0.6000 7.5108E-06   1212.941
12781.00 0.91184157 6.2689E-29            9.7261E-28 5.8320E-08 1.0495E-08 6.0326E-07 4.2802E-07 6.6158E-07 4.75E-06 5.94E-06   0.092 0.6000 7.5955E-06   1214.644
12791.00 0.91180336 5.9927E-29            9.2832E-28 5.8457E-08 1.0521E-08 6.0357E-07 4.2814E-07 6.6203E-07 4.75E-06 5.94E-06   0.092 0.6000 7.5991E-06   1215.461
12801.00 0.91204506 5.7318E-29            8.8633E-28 5.7659E-08 1.0371E-08 5.9409E-07 4.2126E-07 6.5175E-07 4.68E-06 5.84E-06   0.092 0.6000 7.4738E-06   1214.967
12811.00 0.91170233 5.4763E-29            8.4569E-28 5.8371E-08 1.0511E-08 6.0062E-07 4.2582E-07 6.5899E-07 4.73E-06 5.91E-06   0.092 0.6000 7.5630E-06   1216.615
12821.00 0.91192216 5.2375E-29            8.0740E-28 5.7837E-08 1.0410E-08 5.9394E-07 4.2094E-07 6.5178E-07 4.68E-06 5.84E-06   0.092 0.6000 7.4729E-06   1216.492
12831.00 0.91151226 5.0032E-29            7.7032E-28 5.8559E-08 1.0554E-08 6.0056E-07 4.2557E-07 6.5911E-07 4.73E-06 5.91E-06   0.093 0.6000 7.5645E-06   1218.153
12841.00 0.91170925 4.7848E-29            7.3543E-28 5.8902E-08 1.0610E-08 6.0286E-07 4.2706E-07 6.6176E-07 4.74E-06 5.93E-06   0.092 0.6000 7.5875E-06   1219.237
12851.00 0.91151631 4.5731E-29            7.0182E-28 5.8921E-08 1.0620E-08 6.0207E-07 4.2642E-07 6.6099E-07 4.74E-06 5.92E-06   0.093 0.6000 7.5802E-06   1219.905
12861.00 0.91147137 4.3716E-29            6.6985E-28 5.7838E-08 1.0427E-08 5.8993E-07 4.1771E-07 6.4777E-07 4.64E-06 5.80E-06   0.093 0.6000 7.4270E-06   1219.041
12871.00 0.91146976 4.1793E-29            6.3937E-28 5.9258E-08 1.0683E-08 6.0331E-07 4.2706E-07 6.6256E-07 4.74E-06 5.93E-06   0.093 0.6000 7.5937E-06   1221.618
12881.00 0.91129434 3.9941E-29            6.1016E-28 5.9213E-08 1.0682E-08 6.0190E-07 4.2598E-07 6.6112E-07 4.73E-06 5.92E-06   0.093 0.6000 7.5782E-06   1222.203
12891.00 0.91092020 3.8158E-29            5.8215E-28 5.9196E-08 1.0692E-08 6.0098E-07 4.2528E-07 6.6018E-07 4.72E-06 5.91E-06   0.093 0.6000 7.5729E-06   1222.850
12901.00 0.91086268 3.6475E-29            5.5562E-28 5.6449E-08 1.0199E-08 5.7212E-07 4.0476E-07 6.2857E-07 4.50E-06 5.63E-06   0.093 0.6000 7.2091E-06   1219.666
12911.00 0.91042417 3.4842E-29            5.3008E-28 5.7749E-08 1.0451E-08 5.8466E-07 4.1359E-07 6.4241E-07 4.59E-06 5.76E-06   0.094 0.6000 7.3749E-06   1222.174
12921.00 0.91023952 3.3299E-29            5.0585E-28 5.9450E-08 1.0767E-08 6.0106E-07 4.2511E-07 6.6051E-07 4.72E-06 5.92E-06   0.094 0.6000 7.5841E-06   1225.173
12931.00 0.90974694 3.1805E-29            4.8256E-28 5.9085E-08 1.0722E-08 5.9691E-07 4.2215E-07 6.5600E-07 4.69E-06 5.89E-06   0.095 0.6000 7.5411E-06   1225.380
12941.00 0.90905094 3.0367E-29            4.6024E-28 5.7574E-08 1.0475E-08 5.8142E-07 4.1121E-07 6.3899E-07 4.57E-06 5.74E-06   0.095 0.6000 7.3599E-06   1224.024
12951.00 0.90873486 2.9015E-29            4.3915E-28 5.8367E-08 1.0634E-08 5.8879E-07 4.1637E-07 6.4716E-07 4.62E-06 5.82E-06   0.096 0.6000 7.4590E-06   1225.806
12961.00 0.90823078 2.7713E-29            4.1893E-28 5.7583E-08 1.0507E-08 5.8028E-07 4.1032E-07 6.3786E-07 4.56E-06 5.74E-06   0.096 0.6000 7.3595E-06   1225.399
12971.00 0.90723819 2.6446E-29            3.9942E-28 5.8581E-08 1.0717E-08 5.8999E-07 4.1726E-07 6.4858E-07 4.63E-06 5.85E-06   0.097 0.6000 7.5010E-06   1227.502
12981.00 0.90329182 2.5099E-29            3.7958E-28 5.7345E-08 1.0629E-08 5.8082E-07 4.1146E-07 6.3817E-07 4.57E-06 5.81E-06   0.102 0.6000 7.4677E-06   1226.956
12991.00 0.89726704 2.3715E-29            3.5987E-28 5.5897E-08 1.0527E-08 5.7034E-07 4.0525E-07 6.2624E-07 4.50E-06 5.77E-06   0.108 0.6000 7.4373E-06   1226.195
13001.00 0.88719285 2.2250E-29            3.3964E-28 5.4582E-08 1.0459E-08 5.6043E-07 3.9964E-07 6.1502E-07 4.44E-06 5.75E-06   0.120 0.6000 7.4697E-06   1225.499
13011.00 0.87742817 2.0968E-29            3.2063E-28 5.4227E-08 1.0460E-08 5.5560E-07 3.9734E-07 6.0983E-07 4.41E-06 5.77E-06   0.131 0.6000 7.5399E-06   1225.577
13021.00 0.85635823 1.9410E-29            2.9870E-28 5.1533E-08 1.0164E-08 5.3087E-07 3.8122E-07 5.8241E-07 4.23E-06 5.67E-06   0.155 0.6000 7.5258E-06   1222.651
13031.00 0.83591378 2.1791E-29            2.7830E-28 4.9001E-08 9.9186E-09 5.0855E-07 3.6652E-07 5.5755E-07 4.07E-06 5.60E-06   0.179 0.6000 7.5545E-06   1219.935
13041.00 0.80189663 2.1171E-29            2.5486E-28 4.3223E-08 8.9679E-09 4.5107E-07 3.2514E-07 4.9429E-07 3.61E-06 5.16E-06   0.221 0.6000 7.1580E-06   1211.199
13051.00 0.76965678 1.9239E-29            2.3348E-28 3.7355E-08 8.3061E-09 3.9953E-07 2.9154E-07 4.3688E-07 3.24E-06 4.93E-06   0.262 0.6000 7.0679E-06   1202.366
13061.00 0.71463305 1.8489E-29            2.0703E-28 3.3111E-08 7.7816E-09 3.5844E-07 2.6261E-07 3.9155E-07 2.92E-06 4.82E-06   0.336 0.6000 7.3488E-06   1194.732
13071.00 0.65318745 1.9058E-29            1.8068E-28 2.9186E-08 7.0586E-09 3.1312E-07 2.2784E-07 3.4230E-07 2.53E-06 4.57E-06   0.426 0.6000 7.5912E-06   1185.343
13081.00 0.60219383 1.9264E-29            1.5889E-28 2.4068E-08 6.2145E-09 2.6150E-07 1.9159E-07 2.8557E-07 2.13E-06 4.23E-06   0.507 0.6000 7.5900E-06   1172.687
13091.00 0.53701299 1.9808E-29            1.3519E-28 1.8357E-08 5.1838E-09 2.0128E-07 1.4895E-07 2.1964E-07 1.65E-06 3.78E-06   0.622 0.6000 7.5855E-06   1154.535
13101.00 0.50717306 1.9003E-29            1.2183E-28 1.5922E-08 4.6578E-09 1.7342E-07 1.2834E-07 1.8934E-07 1.43E-06 3.53E-06   0.679 0.6000 7.5818E-06   1144.838
13111.00 0.53853583 1.6393E-29            1.2337E-28 1.7357E-08 4.9582E-09 1.8902E-07 1.3951E-07 2.0637E-07 1.55E-06 3.64E-06   0.619 0.6000 7.5031E-06   1151.578
13121.00 0.71741748 1.3624E-29            1.5682E-28 3.2443E-08 7.3903E-09 3.4230E-07 2.4685E-07 3.7474E-07 2.74E-06 4.52E-06   0.332 0.6000 7.2390E-06   1195.838
13131.00 0.50951099 1.7293E-29            1.0689E-28 1.4559E-08 4.4943E-09 1.6043E-07 1.2097E-07 1.7499E-07 1.34E-06 3.44E-06   0.674 0.6000 7.4454E-06   1141.521
13141.00 0.32442605 2.4148E-29            6.4838E-29 4.6571E-09 2.2382E-09 4.7859E-08 3.8290E-08 5.2516E-08 4.25E-07 2.39E-06   1.126 0.6000 7.4787E-06   1064.807
13151.00 0.28872213 2.2377E-29            5.4826E-29 4.4675E-09 2.1876E-09 4.5202E-08 3.6614E-08 4.9669E-08 4.07E-07 2.35E-06   1.242 0.6000 7.4464E-06   1062.146
13161.00 0.45525149 2.0015E-29            8.2184E-29 1.5062E-08 4.7521E-09 1.6329E-07 1.2569E-07 1.7835E-07 1.40E-06 3.67E-06   0.787 0.6000 7.5141E-06   1144.972
13171.00 0.85319442 1.1767E-29            1.4759E-28 5.4084E-08 1.0398E-08 5.3370E-07 3.7792E-07 5.8778E-07 4.20E-06 5.62E-06   0.159 0.6000 7.4986E-06   1234.707
13181.00 0.90675050 1.0261E-29            1.5000E-28 5.9528E-08 1.0911E-08 5.7641E-07 4.0517E-07 6.3594E-07 4.50E-06 5.70E-06   0.098 0.6000 7.3163E-06   1241.832
13191.00 0.90756512 9.8234E-30            1.4329E-28 6.1369E-08 1.1211E-08 5.9194E-07 4.1583E-07 6.5331E-07 4.62E-06 5.84E-06   0.097 0.6000 7.4903E-06   1244.786
13201.00 0.90754652 9.3903E-30            1.3676E-28 6.1152E-08 1.1172E-08 5.8876E-07 4.1349E-07 6.4991E-07 4.59E-06 5.80E-06   0.097 0.6000 7.4493E-06   1245.118
13211.00 0.90757155 8.9770E-30            1.3054E-28 6.1271E-08 1.1193E-08 5.8880E-07 4.1339E-07 6.5007E-07 4.59E-06 5.80E-06   0.097 0.6000 7.4483E-06   1245.895
13221.00 0.90740436 8.5788E-30            1.2456E-28 6.1152E-08 1.1177E-08 5.8673E-07 4.1185E-07 6.4789E-07 4.57E-06 5.78E-06   0.097 0.6000 7.4250E-06   1246.378
13231.00 0.90722084 8.1978E-30            1.1886E-28 6.0893E-08 1.1137E-08 5.8331E-07 4.0935E-07 6.4420E-07 4.55E-06 5.75E-06   0.097 0.6000 7.3850E-06   1246.669
13241.00 0.90709531 7.8347E-30            1.1343E-28 6.1995E-08 1.1343E-08 5.9288E-07 4.1597E-07 6.5487E-07 4.62E-06 5.84E-06   0.098 0.6000 7.5083E-06   1248.770
13251.00 0.90703857 7.4887E-30            1.0826E-28 6.2276E-08 1.1397E-08 5.9452E-07 4.1700E-07 6.5679E-07 4.63E-06 5.86E-06   0.098 0.6000 7.5299E-06   1249.768
13261.00 0.90671325 7.1544E-30            1.0329E-28 6.2501E-08 1.1449E-08 5.9580E-07 4.1783E-07 6.5830E-07 4.64E-06 5.88E-06   0.098 0.6000 7.5529E-06   1250.713
13271.00 0.90674400 6.8395E-30            9.8582E-29 6.1978E-08 1.1353E-08 5.8973E-07 4.1345E-07 6.5170E-07 4.59E-06 5.81E-06   0.098 0.6000 7.4749E-06   1250.645
13281.00 0.90660024 6.5363E-30            9.4075E-29 6.1510E-08 1.1273E-08 5.8433E-07 4.0957E-07 6.4584E-07 4.55E-06 5.76E-06   0.098 0.6000 7.4093E-06   1250.662
13291.00 0.90641779 6.2461E-30            8.9769E-29 6.1364E-08 1.1252E-08 5.8197E-07 4.0782E-07 6.4333E-07 4.53E-06 5.74E-06   0.098 0.6000 7.3830E-06   1251.100
13301.00 0.90611929 5.9674E-30            8.5650E-29 6.2231E-08 1.1421E-08 5.8928E-07 4.1287E-07 6.5151E-07 4.59E-06 5.82E-06   0.099 0.6000 7.4823E-06   1252.892
13311.00 0.90609396 5.7041E-30            8.1744E-29 6.0439E-08 1.1094E-08 5.7131E-07 4.0016E-07 6.3175E-07 4.44E-06 5.64E-06   0.099 0.6000 7.2543E-06   1251.126
13321.00 0.90553206 5.4468E-30            7.7969E-29 6.2279E-08 1.1449E-08 5.8791E-07 4.1175E-07 6.5019E-07 4.57E-06 5.81E-06   0.099 0.6000 7.4775E-06   1254.239
13331.00 0.90551001 5.2064E-30            7.4413E-29 6.1818E-08 1.1366E-08 5.8254E-07 4.0788E-07 6.4436E-07 4.53E-06 5.75E-06   0.099 0.6000 7.4089E-06   1254.256
13341.00 0.90539902 4.9758E-30            7.1013E-29 6.0494E-08 1.1127E-08 5.6911E-07 3.9838E-07 6.2960E-07 4.42E-06 5.62E-06   0.099 0.6000 7.2399E-06   1253.115
13351.00 0.90548247 4.7571E-30            6.7782E-29 6.2481E-08 1.1491E-08 5.8673E-07 4.1058E-07 6.4921E-07 4.56E-06 5.79E-06   0.099 0.6000 7.4618E-06   1256.385
13361.00 0.90528470 4.5459E-30            6.4678E-29 6.2186E-08 1.1443E-08 5.8300E-07 4.0788E-07 6.4518E-07 4.53E-06 5.76E-06   0.100 0.6000 7.4177E-06   1256.630
13371.00 0.90469068 4.3405E-30            6.1688E-29 6.2115E-08 1.1448E-08 5.8151E-07 4.0680E-07 6.4362E-07 4.52E-06 5.75E-06   0.100 0.6000 7.4110E-06   1257.187
13381.00 0.90440798 4.1471E-30            5.8859E-29 6.2518E-08 1.1533E-08 5.8445E-07 4.0878E-07 6.4697E-07 4.54E-06 5.78E-06   0.100 0.6000 7.4538E-06   1258.369
13391.00 0.90426457 3.9630E-30            5.6165E-29 6.2622E-08 1.1559E-08 5.8452E-07 4.0873E-07 6.4714E-07 4.54E-06 5.79E-06   0.101 0.6000 7.4568E-06   1259.147
13401.00 0.90380579 3.7851E-30            5.3578E-29 6.2161E-08 1.1487E-08 5.7927E-07 4.0501E-07 6.4143E-07 4.50E-06 5.74E-06   0.101 0.6000 7.3986E-06   1259.174
13411.00 0.90263766 3.6101E-30            5.1069E-29 6.2598E-08 1.1605E-08 5.8285E-07 4.0755E-07 6.4545E-07 4.53E-06 5.79E-06   0.102 0.6000 7.4693E-06   1260.443
13421.00 0.90335679 3.4554E-30            4.8778E-29 6.1535E-08 1.1386E-08 5.7161E-07 3.9948E-07 6.3315E-07 4.44E-06 5.67E-06   0.102 0.6000 7.3080E-06   1259.616
13431.00 0.90153736 3.2920E-30            4.6463E-29 6.0490E-08 1.1243E-08 5.6138E-07 3.9246E-07 6.2187E-07 4.36E-06 5.60E-06   0.104 0.6000 7.2145E-06   1258.895
13441.00 0.90089351 3.1426E-30            4.4309E-29 6.2429E-08 1.1624E-08 5.7863E-07 4.0448E-07 6.4106E-07 4.49E-06 5.78E-06   0.104 0.6000 7.4488E-06   1262.148
13451.00 0.90235120 3.0124E-30            4.2358E-29 6.2895E-08 1.1669E-08 5.8145E-07 4.0613E-07 6.4435E-07 4.51E-06 5.78E-06   0.103 0.6000 7.4513E-06   1263.324
13461.00 0.89609402 2.8469E-30            4.0150E-29 6.1095E-08 1.1505E-08 5.6564E-07 3.9575E-07 6.2673E-07 4.40E-06 5.72E-06   0.110 0.6000 7.3809E-06   1261.797
13471.00 0.89495903 2.7148E-30            3.8264E-29 5.8790E-08 1.1108E-08 5.4382E-07 3.8057E-07 6.0261E-07 4.23E-06 5.52E-06   0.111 0.6000 7.1206E-06   1259.331
13481.00 0.89457029 2.5938E-30            3.6508E-29 5.8905E-08 1.1136E-08 5.4400E-07 3.8059E-07 6.0291E-07 4.23E-06 5.52E-06   0.111 0.6000 7.1258E-06   1260.124
13491.00 0.88764024 2.4481E-30            3.4571E-29 5.7550E-08 1.1047E-08 5.3215E-07 3.7302E-07 5.8970E-07 4.14E-06 5.50E-06   0.119 0.6000 7.1079E-06   1259.066
13501.00 0.89358717 2.3649E-30            3.3214E-29 6.0419E-08 1.1461E-08 5.5648E-07 3.8924E-07 6.1690E-07 4.32E-06 5.67E-06   0.113 0.6000 7.3132E-06   1263.511
13511.00 0.88395953 2.2233E-30            3.1367E-29 5.8700E-08 1.1357E-08 5.4142E-07 3.7965E-07 6.0012E-07 4.22E-06 5.66E-06   0.123 0.6000 7.3098E-06   1262.001
13521.00 0.87250370 2.0819E-30            2.9543E-29 5.6857E-08 1.1249E-08 5.2529E-07 3.6950E-07 5.8214E-07 4.10E-06 5.65E-06   0.136 0.6000 7.3173E-06   1260.266
13531.00 0.87633485 2.0025E-30            2.8310E-29 5.5797E-08 1.0958E-08 5.1402E-07 3.6118E-07 5.6982E-07 4.01E-06 5.48E-06   0.132 0.6000 7.0827E-06   1259.271
13541.00 0.86193854 1.8676E-30            2.6585E-29 5.5159E-08 1.1128E-08 5.0888E-07 3.5887E-07 5.6404E-07 3.99E-06 5.63E-06   0.149 0.6000 7.2893E-06   1259.192
13551.00 0.87659693 1.8297E-30            2.5797E-29 5.8700E-08 1.1555E-08 5.3950E-07 3.7881E-07 5.9820E-07 4.21E-06 5.75E-06   0.132 0.6000 7.4378E-06   1264.746
13561.00 0.86232299 1.7080E-30            2.4233E-29 5.6657E-08 1.1423E-08 5.2126E-07 3.6724E-07 5.7791E-07 4.08E-06 5.75E-06   0.148 0.6000 7.4514E-06   1262.673
13571.00 0.84503549 1.5829E-30            2.2652E-29 5.3799E-08 1.1162E-08 4.9505E-07 3.5046E-07 5.4885E-07 3.89E-06 5.69E-06   0.168 0.6000 7.3967E-06   1259.219
13581.00 0.84124774 1.5002E-30            2.1521E-29 5.2304E-08 1.1023E-08 4.8317E-07 3.4299E-07 5.3547E-07 3.81E-06 5.64E-06   0.173 0.6000 7.3305E-06   1257.966
13591.00 0.85888749 1.4795E-30            2.0969E-29 5.4830E-08 1.1193E-08 5.0391E-07 3.5567E-07 5.5874E-07 3.95E-06 5.62E-06   0.152 0.6000 7.2885E-06   1262.168
13601.00 0.84471297 1.3847E-30            1.9691E-29 5.4271E-08 1.1215E-08 4.9531E-07 3.4981E-07 5.4958E-07 3.88E-06 5.69E-06   0.169 0.6000 7.3844E-06   1261.573
13611.00 0.84607506 1.3247E-30            1.8813E-29 5.4954E-08 1.1356E-08 5.0169E-07 3.5453E-07 5.5664E-07 3.94E-06 5.74E-06   0.167 0.6000 7.4548E-06   1263.359
13621.00 0.87385529 1.3283E-30            1.8548E-29 5.9430E-08 1.1745E-08 5.3978E-07 3.7836E-07 5.9921E-07 4.20E-06 5.77E-06   0.135 0.6000 7.4763E-06   1270.146
13631.00 0.81962061 1.3525E-30            1.6611E-29 5.1779E-08 1.1025E-08 4.7039E-07 3.3414E-07 5.2217E-07 3.71E-06 5.67E-06   0.199 0.6000 7.3964E-06   1259.663
13641.00 0.83235705 1.3199E-30            1.6091E-29 5.2352E-08 1.0996E-08 4.7445E-07 3.3524E-07 5.2680E-07 3.72E-06 5.59E-06   0.183 0.6000 7.2736E-06   1261.124
13651.00 0.84115845 1.1960E-30            1.5518E-29 5.3568E-08 1.1121E-08 4.8550E-07 3.4238E-07 5.3907E-07 3.80E-06 5.60E-06   0.173 0.6000 7.2899E-06   1263.739
13661.00 0.75521237 1.3103E-30            1.3306E-29 4.4135E-08 1.0282E-08 3.9853E-07 2.8597E-07 4.4267E-07 3.18E-06 5.60E-06   0.281 0.6000 7.3809E-06   1248.659
13671.00 0.74898708 1.1803E-30            1.2595E-29 4.1527E-08 1.0115E-08 3.7775E-07 2.7313E-07 4.1928E-07 3.03E-06 5.55E-06   0.289 0.6000 7.3220E-06   1245.105
13681.00 0.76089001 1.1319E-30            1.2204E-29 4.3628E-08 1.0125E-08 3.9257E-07 2.8163E-07 4.3620E-07 3.13E-06 5.46E-06   0.273 0.6000 7.2028E-06   1248.972
13691.00 0.71618748 1.1930E-30            1.0952E-29 3.9741E-08 9.9021E-09 3.5618E-07 2.5822E-07 3.9592E-07 2.87E-06 5.56E-06   0.334 0.6000 7.3972E-06   1242.075
13701.00 0.77986938 9.8058E-31            1.1399E-29 4.5798E-08 1.0607E-08 4.1475E-07 2.9803E-07 4.6055E-07 3.31E-06 5.60E-06   0.249 0.6000 7.3541E-06   1254.773
13711.00 0.68153244 9.7191E-31            9.5051E-30 3.4070E-08 9.0536E-09 3.0468E-07 2.2414E-07 3.3875E-07 2.49E-06 5.24E-06   0.383 0.6000 7.0258E-06   1231.440
13721.00 0.78675234 9.8871E-31            1.0452E-29 4.7166E-08 1.0382E-08 4.1994E-07 2.9934E-07 4.6711E-07 3.32E-06 5.38E-06   0.240 0.6000 7.1045E-06   1257.386
13731.00 0.75637496 9.1772E-31            9.6241E-30 4.3484E-08 1.0280E-08 3.8916E-07 2.7900E-07 4.3265E-07 3.10E-06 5.53E-06   0.279 0.6000 7.3140E-06   1252.017
13741.00 0.64913857 1.2811E-30            7.8556E-30 3.4110E-08 9.1233E-09 2.9610E-07 2.1572E-07 3.3021E-07 2.40E-06 5.42E-06   0.432 0.6000 7.3536E-06   1231.667
13751.00 0.76975298 7.3992E-31            8.8967E-30 4.6801E-08 1.0701E-08 4.1613E-07 2.9656E-07 4.6293E-07 3.29E-06 5.62E-06   0.262 0.6000 7.4416E-06   1258.890
13761.00 0.69814235 8.1859E-31            7.7117E-30 3.9027E-08 9.7710E-09 3.4356E-07 2.4924E-07 3.8258E-07 2.77E-06 5.47E-06   0.359 0.6000 7.3658E-06   1244.537
13771.00 0.74132949 7.0174E-31            7.8055E-30 4.0801E-08 1.0188E-08 3.6575E-07 2.6543E-07 4.0655E-07 2.95E-06 5.52E-06   0.299 0.6000 7.2949E-06   1250.045
13781.00 0.68947798 1.0443E-30            6.9404E-30 3.9741E-08 9.7621E-09 3.4667E-07 2.4982E-07 3.8641E-07 2.77E-06 5.48E-06   0.372 0.6000 7.3832E-06   1246.783
13791.00 0.72658318 7.4756E-31            6.9614E-30 4.1341E-08 1.0136E-08 3.6566E-07 2.6402E-07 4.0700E-07 2.93E-06 5.51E-06   0.319 0.6000 7.3406E-06   1251.603
13801.00 0.68534791 8.6649E-31            6.2798E-30 3.9382E-08 9.7129E-09 3.4068E-07 2.4676E-07 3.8006E-07 2.74E-06 5.41E-06   0.378 0.6000 7.3445E-06   1246.953
13811.00 0.71429986 6.6827E-31            6.2410E-30 4.2105E-08 1.0062E-08 3.6737E-07 2.6310E-07 4.0948E-07 2.92E-06 5.47E-06   0.336 0.6000 7.3600E-06   1253.554
13821.00 0.66260231 8.6310E-31            5.5171E-30 3.7415E-08 9.5307E-09 3.2099E-07 2.3216E-07 3.5841E-07 2.58E-06 5.44E-06   0.412 0.6000 7.4156E-06   1243.839
13831.00 0.79857969 5.8776E-31            6.3528E-30 5.0461E-08 1.1083E-08 4.4358E-07 3.1379E-07 4.9404E-07 3.48E-06 5.58E-06   0.225 0.6000 7.3440E-06   1270.064
13841.00 0.81934983 5.3520E-31            6.2194E-30 5.1862E-08 1.1019E-08 4.5472E-07 3.2069E-07 5.0658E-07 3.56E-06 5.41E-06   0.199 0.6000 7.1063E-06   1272.842
13851.00 0.82253379 4.9074E-31            5.9631E-30 5.2405E-08 1.1376E-08 4.6218E-07 3.2658E-07 5.1459E-07 3.63E-06 5.59E-06   0.195 0.6000 7.3322E-06   1274.862
13861.00 0.82553643 4.5886E-31            5.7121E-30 5.2987E-08 1.1411E-08 4.6566E-07 3.2883E-07 5.1865E-07 3.65E-06 5.58E-06   0.192 0.6000 7.3065E-06   1276.248
13871.00 0.72051048 5.0455E-31            4.7629E-30 4.0616E-08 9.8020E-09 3.5224E-07 2.5320E-07 3.9286E-07 2.81E-06 5.23E-06   0.328 0.6000 7.0523E-06   1254.692
13881.00 0.63040376 6.4340E-31            3.9734E-30 3.3752E-08 9.0893E-09 2.8710E-07 2.0902E-07 3.2085E-07 2.32E-06 5.29E-06   0.461 0.6000 7.3060E-06   1239.647
13891.00 0.66038096 6.1090E-31            3.9672E-30 3.4548E-08 9.3752E-09 2.9853E-07 2.1881E-07 3.3308E-07 2.43E-06 5.32E-06   0.415 0.6000 7.2275E-06   1243.260
13901.00 0.64503270 6.0497E-31            3.6966E-30 3.4175E-08 9.0190E-09 2.8708E-07 2.0896E-07 3.2125E-07 2.32E-06 5.17E-06   0.438 0.6000 7.0741E-06   1241.198
13911.00 0.60045213 6.3403E-31            3.2914E-30 3.1887E-08 8.5330E-09 2.6231E-07 1.9076E-07 2.9420E-07 2.12E-06 5.06E-06   0.510 0.6000 7.0323E-06   1235.181
13921.00 0.68860787 4.7917E-31            3.5956E-30 3.8982E-08 9.6640E-09 3.3099E-07 2.3846E-07 3.6997E-07 2.65E-06 5.25E-06   0.373 0.6000 7.1195E-06   1253.632
13931.00 0.65599209 4.6377E-31            3.2732E-30 3.5448E-08 9.4893E-09 3.0148E-07 2.2076E-07 3.3693E-07 2.45E-06 5.36E-06   0.422 0.6000 7.2560E-06   1247.062
13941.00 0.66872025 4.8883E-31            3.1799E-30 3.6351E-08 9.8411E-09 3.0977E-07 2.2658E-07 3.4613E-07 2.52E-06 5.50E-06   0.402 0.6000 7.3884E-06   1249.885
13951.00 0.76408041 2.9764E-31            3.4651E-30 4.3920E-08 1.0526E-08 3.7802E-07 2.7026E-07 4.2194E-07 3.00E-06 5.37E-06   0.269 0.6000 7.0864E-06   1266.239
13961.00 0.84904999 2.7274E-31            3.6785E-30 5.6907E-08 1.1878E-08 4.8989E-07 3.4257E-07 5.4680E-07 3.80E-06 5.57E-06   0.164 0.6000 7.2741E-06   1288.034
13971.00 0.86444110 2.6806E-31            3.5743E-30 5.9868E-08 1.2145E-08 5.1346E-07 3.5755E-07 5.7333E-07 3.97E-06 5.60E-06   0.146 0.6000 7.3034E-06   1292.706
13981.00 0.85846001 2.5354E-31            3.3885E-30 5.7088E-08 1.1740E-08 4.9004E-07 3.4161E-07 5.4713E-07 3.79E-06 5.44E-06   0.153 0.6000 7.1012E-06   1289.574
13991.00 0.87125576 2.4801E-31            3.2811E-30 6.0047E-08 1.2016E-08 5.1315E-07 3.5622E-07 5.7320E-07 3.96E-06 5.48E-06   0.138 0.6000 7.1508E-06   1294.182
14001.00 0.87697572 2.3954E-31            3.1522E-30 6.2961E-08 1.2467E-08 5.3631E-07 3.7160E-07 5.9927E-07 4.13E-06 5.65E-06   0.131 0.6000 7.3618E-06   1298.640
14011.00 0.88172239 2.3102E-31            3.0243E-30 6.3832E-08 1.2492E-08 5.4137E-07 3.7435E-07 6.0520E-07 4.16E-06 5.62E-06   0.126 0.6000 7.3230E-06   1300.214
14021.00 0.87641239 2.1850E-31            2.8690E-30 6.1162E-08 1.2160E-08 5.1988E-07 3.6011E-07 5.8104E-07 4.00E-06 5.49E-06   0.132 0.6000 7.1568E-06   1297.554
14031.00 0.88442010 2.1202E-31            2.7626E-30 6.4086E-08 1.2481E-08 5.4115E-07 3.7366E-07 6.0523E-07 4.15E-06 5.58E-06   0.123 0.6000 7.2644E-06   1301.715
14041.00 0.88237947 2.0194E-31            2.6306E-30 6.3725E-08 1.2458E-08 5.3764E-07 3.7146E-07 6.0136E-07 4.13E-06 5.56E-06   0.125 0.6000 7.2526E-06   1301.925
14051.00 0.88473117 1.9382E-31            2.5169E-30 6.4248E-08 1.2498E-08 5.4059E-07 3.7306E-07 6.0483E-07 4.14E-06 5.56E-06   0.122 0.6000 7.2437E-06   1303.156
14061.00 0.88015723 1.8366E-31            2.3897E-30 6.3384E-08 1.2484E-08 5.3389E-07 3.6887E-07 5.9727E-07 4.10E-06 5.57E-06   0.128 0.6000 7.2598E-06   1302.848
14071.00 0.87817341 1.7488E-31            2.2752E-30 6.4125E-08 1.2684E-08 5.3963E-07 3.7292E-07 6.0375E-07 4.14E-06 5.66E-06   0.130 0.6000 7.3793E-06   1304.502
14081.00 0.87616009 1.6646E-31            2.1663E-30 6.3739E-08 1.2694E-08 5.3657E-07 3.7101E-07 6.0030E-07 4.12E-06 5.66E-06   0.132 0.6000 7.3891E-06   1304.768
14091.00 0.87895876 1.5992E-31            2.0738E-30 6.3948E-08 1.2631E-08 5.3602E-07 3.7026E-07 5.9997E-07 4.11E-06 5.60E-06   0.129 0.6000 7.3099E-06   1305.469
14101.00 0.87555432 1.5207E-31            1.9717E-30 6.2802E-08 1.2458E-08 5.2519E-07 3.6275E-07 5.8799E-07 4.03E-06 5.53E-06   0.133 0.6000 7.2252E-06   1304.522
14111.00 0.88213313 1.4705E-31            1.8953E-30 6.3990E-08 1.2519E-08 5.3323E-07 3.6750E-07 5.9722E-07 4.08E-06 5.51E-06   0.125 0.6000 7.1951E-06   1306.577
14121.00 0.86664641 1.3659E-31            1.7774E-30 6.2583E-08 1.2681E-08 5.2364E-07 3.6265E-07 5.8622E-07 4.03E-06 5.66E-06   0.143 0.6000 7.4015E-06   1305.763
14131.00 0.87158084 1.3163E-31            1.7054E-30 6.3318E-08 1.2730E-08 5.2898E-07 3.6571E-07 5.9229E-07 4.06E-06 5.65E-06   0.137 0.6000 7.3775E-06   1307.375
14141.00 0.87715948 1.2718E-31            1.6381E-30 6.2447E-08 1.2387E-08 5.1948E-07 3.5839E-07 5.8193E-07 3.98E-06 5.45E-06   0.131 0.6000 7.1188E-06   1306.639
14151.00 0.86321908 1.1847E-31            1.5383E-30 6.1400E-08 1.2533E-08 5.1207E-07 3.5493E-07 5.7347E-07 3.94E-06 5.58E-06   0.147 0.6000 7.2975E-06   1306.156
14161.00 0.86476642 1.1351E-31            1.4707E-30 6.1629E-08 1.2557E-08 5.1365E-07 3.5594E-07 5.7527E-07 3.95E-06 5.57E-06   0.145 0.6000 7.2867E-06   1307.165
14171.00 0.85749686 1.0728E-31            1.3920E-30 6.0751E-08 1.2476E-08 5.0466E-07 3.4983E-07 5.6541E-07 3.89E-06 5.56E-06   0.154 0.6000 7.2819E-06   1306.461
14181.00 0.85335779 1.0166E-31            1.3211E-30 6.0943E-08 1.2615E-08 5.0559E-07 3.5068E-07 5.6653E-07 3.89E-06 5.63E-06   0.159 0.6000 7.3827E-06   1307.371
14191.00 0.87511325 1.0103E-31            1.2933E-30 6.4849E-08 1.2911E-08 5.3492E-07 3.6869E-07 5.9977E-07 4.09E-06 5.63E-06   0.133 0.6000 7.3659E-06   1312.911
14201.00 0.84013879 9.1065E-32            1.1852E-30 5.8746E-08 1.2298E-08 4.8483E-07 3.3668E-07 5.4358E-07 3.74E-06 5.53E-06   0.174 0.6000 7.2675E-06   1305.402
14211.00 0.87644935 9.2716E-32            1.1791E-30 6.5235E-08 1.2802E-08 5.3326E-07 3.6652E-07 5.9849E-07 4.07E-06 5.55E-06   0.132 0.6000 7.2579E-06   1314.225
14221.00 0.85423470 8.5334E-32            1.0980E-30 6.1196E-08 1.2521E-08 5.0245E-07 3.4756E-07 5.6365E-07 3.86E-06 5.53E-06   0.158 0.6000 7.2581E-06   1309.922
14231.00 0.82662576 7.7440E-32            1.0127E-30 5.5558E-08 1.1968E-08 4.5827E-07 3.1953E-07 5.1383E-07 3.55E-06 5.42E-06   0.190 0.6000 7.1422E-06   1302.948
14241.00 0.84458131 7.6323E-32            9.8793E-31 5.8516E-08 1.2314E-08 4.8260E-07 3.3524E-07 5.4111E-07 3.72E-06 5.47E-06   0.169 0.6000 7.1894E-06   1307.994
14251.00 0.83214676 7.1425E-32            9.2845E-31 5.5853E-08 1.1912E-08 4.5868E-07 3.1905E-07 5.1454E-07 3.54E-06 5.34E-06   0.184 0.6000 7.0286E-06   1304.543
14261.00 0.84765548 7.0076E-32            9.0282E-31 5.9246E-08 1.2429E-08 4.8594E-07 3.3674E-07 5.4519E-07 3.74E-06 5.49E-06   0.165 0.6000 7.2140E-06   1310.107
14271.00 0.82241219 6.4012E-32            8.3592E-31 5.4845E-08 1.2022E-08 4.5076E-07 3.1425E-07 5.0561E-07 3.49E-06 5.44E-06   0.196 0.6000 7.1715E-06   1304.572
14281.00 0.84393263 6.3835E-32            8.1871E-31 5.9399E-08 1.2372E-08 4.8360E-07 3.3449E-07 5.4300E-07 3.71E-06 5.45E-06   0.170 0.6000 7.1755E-06   1311.255
 -9999.
