T F 2    2    2    1    2    2    2    2    2    2    1    0    0 294.200   0.40
    1    1    1    0   18    0  23.00000   0.00000   0.00000   0.00000   0.00000
   1.000  10.000   0.140
 -99.00000 -99.00000 -99.00000  2.922432  0.000710 ! H2O & O3 COLUMNS [GM/CM2]
   40MID-LATITUDE SUMMER 
   3.00000   0.00000 180.00000   3.00000   0.00000   0.00000    0        0.00000
    0    2    1    0
   0.00000   0.00000   0.00000  70.03094   0.00000 270.00000   0.00000   0.00000
    9091.0   14286.0      10.0      10.0RN              
    0   0    0.000  0    0.000  0    1.000
    FREQ  TOT_TRANS  PTH_THRML  THRML_SCT  SURF_EMIS   SOL_SCAT  SING_SCAT  GRND_RFLT  DRCT_RFLT  TOTAL_RAD  REF_SOL  SOL@OBS   DEPTH DIR_EM    TOA_SUN BBODY_T[K]
 9091.00 0.73442876 5.7049E-21            1.9383E-20 1.3547E-08 3.5502E-09 1.2365E-07 7.1073E-08 1.3719E-07 1.63E-06 3.95E-06   0.309 0.6000 7.3883E-06    833.613
 9101.00 0.76956868 4.7988E-21            1.9397E-20 1.5155E-08 3.7254E-09 1.3801E-07 7.7626E-08 1.5317E-07 1.78E-06 3.97E-06   0.262 0.6000 7.2084E-06    840.253
 9111.00 0.80825388 3.8031E-21            1.9449E-20 1.8860E-08 4.1480E-09 1.6891E-07 9.2682E-08 1.8778E-07 2.13E-06 4.12E-06   0.213 0.6000 7.2268E-06    852.134
 9121.00 0.80813229 3.5889E-21            1.8617E-20 1.8906E-08 4.1471E-09 1.6910E-07 9.2612E-08 1.8801E-07 2.13E-06 4.11E-06   0.213 0.6000 7.2128E-06    852.955
 9131.00 0.80046195 3.5904E-21            1.7596E-20 1.8011E-08 4.0392E-09 1.6121E-07 8.8407E-08 1.7922E-07 2.03E-06 4.06E-06   0.223 0.6000 7.1706E-06    851.061
 9141.00 0.84143287 2.7363E-21            1.7668E-20 2.0269E-08 4.2517E-09 1.8017E-07 9.7820E-08 2.0044E-07 2.25E-06 4.03E-06   0.173 0.6000 6.8786E-06    858.030
 9151.00 0.80040002 3.2318E-21            1.6064E-20 1.9592E-08 4.2184E-09 1.7199E-07 9.4473E-08 1.9158E-07 2.17E-06 4.14E-06   0.223 0.6000 7.3243E-06    856.260
 9161.00 0.87741309 1.8794E-21            1.6821E-20 2.5936E-08 4.9972E-09 2.2603E-07 1.2050E-07 2.5197E-07 2.77E-06 4.46E-06   0.131 0.6000 7.4023E-06    872.557
 9171.00 0.83036321 2.5007E-21            1.5214E-20 2.1998E-08 4.5800E-09 1.9382E-07 1.0514E-07 2.1582E-07 2.41E-06 4.32E-06   0.186 0.6000 7.4596E-06    864.460
 9181.00 0.85226554 2.1039E-21            1.4914E-20 2.2925E-08 4.6830E-09 2.0158E-07 1.0873E-07 2.2450E-07 2.50E-06 4.33E-06   0.160 0.6000 7.3374E-06    867.460
 9191.00 0.87587315 1.6676E-21            1.4648E-20 2.5410E-08 4.9259E-09 2.2059E-07 1.1750E-07 2.4600E-07 2.70E-06 4.40E-06   0.133 0.6000 7.3153E-06    873.462
 9201.00 0.84348702 2.0102E-21            1.3483E-20 2.2397E-08 4.5835E-09 1.9543E-07 1.0562E-07 2.1783E-07 2.42E-06 4.24E-06   0.170 0.6000 7.2365E-06    867.259
 9211.00 0.84711134 1.8793E-21            1.2920E-20 2.3721E-08 4.8022E-09 2.0627E-07 1.1099E-07 2.2999E-07 2.55E-06 4.41E-06   0.166 0.6000 7.5017E-06    871.117
 9221.00 0.86550397 1.5823E-21            1.2624E-20 2.4712E-08 4.9139E-09 2.1458E-07 1.1473E-07 2.3930E-07 2.63E-06 4.44E-06   0.144 0.6000 7.4389E-06    874.153
 9231.00 0.86231166 1.5433E-21            1.2007E-20 2.4468E-08 4.8093E-09 2.1102E-07 1.1302E-07 2.3549E-07 2.59E-06 4.31E-06   0.148 0.6000 7.2538E-06    873.990
 9241.00 0.88223267 1.2461E-21            1.1745E-20 2.6209E-08 4.9945E-09 2.2468E-07 1.1912E-07 2.5089E-07 2.73E-06 4.37E-06   0.125 0.6000 7.2418E-06    878.411
 9251.00 0.86505556 1.3810E-21            1.1000E-20 2.4953E-08 4.9226E-09 2.1503E-07 1.1510E-07 2.3998E-07 2.64E-06 4.39E-06   0.145 0.6000 7.3662E-06    876.599
 9261.00 0.87422419 1.2215E-21            1.0616E-20 2.6520E-08 5.0995E-09 2.2677E-07 1.2060E-07 2.5329E-07 2.77E-06 4.47E-06   0.134 0.6000 7.4664E-06    880.490
 9271.00 0.88884032 1.0201E-21            1.0316E-20 2.7485E-08 5.1559E-09 2.3356E-07 1.2325E-07 2.6104E-07 2.83E-06 4.45E-06   0.118 0.6000 7.3400E-06    883.010
 9281.00 0.86434907 1.2083E-21            9.5825E-21 2.5707E-08 5.0178E-09 2.1921E-07 1.1662E-07 2.4491E-07 2.68E-06 4.46E-06   0.146 0.6000 7.5074E-06    880.059
 9291.00 0.89217687 8.9824E-22            9.4497E-21 2.8566E-08 5.3080E-09 2.4144E-07 1.2698E-07 2.7000E-07 2.91E-06 4.54E-06   0.114 0.6000 7.4866E-06    886.516
 9301.00 0.87986284 9.6616E-22            8.9059E-21 2.6594E-08 5.0744E-09 2.2562E-07 1.1957E-07 2.5221E-07 2.74E-06 4.40E-06   0.128 0.6000 7.3267E-06    883.288
 9311.00 0.88703191 8.6384E-22            8.5730E-21 2.7987E-08 5.2464E-09 2.3623E-07 1.2455E-07 2.6422E-07 2.86E-06 4.49E-06   0.120 0.6000 7.4561E-06    886.771
 9321.00 0.88589984 8.3262E-22            8.1828E-21 2.7119E-08 5.1329E-09 2.2927E-07 1.2067E-07 2.5639E-07 2.77E-06 4.41E-06   0.121 0.6000 7.3505E-06    885.772
 9331.00 0.88799918 7.7939E-22            7.8342E-21 2.7864E-08 5.2493E-09 2.3514E-07 1.2357E-07 2.6300E-07 2.84E-06 4.49E-06   0.119 0.6000 7.4831E-06    888.027
 9341.00 0.88854128 7.3785E-22            7.4902E-21 2.7816E-08 5.2293E-09 2.3435E-07 1.2303E-07 2.6217E-07 2.82E-06 4.46E-06   0.118 0.6000 7.4501E-06    888.603
 9351.00 0.88444018 7.3527E-22            7.1216E-21 2.6100E-08 4.9704E-09 2.2044E-07 1.1594E-07 2.4654E-07 2.66E-06 4.26E-06   0.123 0.6000 7.1583E-06    885.767
 9361.00 0.88909805 6.6736E-22            6.8399E-21 2.7372E-08 5.1595E-09 2.3075E-07 1.2096E-07 2.5812E-07 2.78E-06 4.39E-06   0.118 0.6000 7.3810E-06    889.214
 9371.00 0.88791484 6.4523E-22            6.5253E-21 2.7585E-08 5.2167E-09 2.3239E-07 1.2182E-07 2.5998E-07 2.80E-06 4.44E-06   0.119 0.6000 7.4787E-06    890.396
 9381.00 0.88989079 6.0283E-22            6.2479E-21 2.7765E-08 5.2203E-09 2.3326E-07 1.2206E-07 2.6102E-07 2.80E-06 4.42E-06   0.117 0.6000 7.4430E-06    891.394
 9391.00 0.88838345 5.8503E-22            5.9585E-21 2.8097E-08 5.3002E-09 2.3567E-07 1.2329E-07 2.6376E-07 2.83E-06 4.49E-06   0.118 0.6000 7.5710E-06    892.772
 9401.00 0.89040715 5.4715E-22            5.7053E-21 2.8353E-08 5.3070E-09 2.3677E-07 1.2373E-07 2.6512E-07 2.84E-06 4.47E-06   0.116 0.6000 7.5142E-06    893.838
 9411.00 0.88955206 5.2770E-22            5.4451E-21 2.8309E-08 5.3020E-09 2.3573E-07 1.2313E-07 2.6404E-07 2.83E-06 4.46E-06   0.117 0.6000 7.4958E-06    894.357
 9421.00 0.89118654 4.9551E-22            5.2113E-21 2.8651E-08 5.3301E-09 2.3758E-07 1.2397E-07 2.6623E-07 2.85E-06 4.46E-06   0.115 0.6000 7.4780E-06    895.608
 9431.00 0.89157039 4.7147E-22            4.9805E-21 2.8692E-08 5.3225E-09 2.3713E-07 1.2364E-07 2.6582E-07 2.84E-06 4.44E-06   0.115 0.6000 7.4376E-06    896.279
 9441.00 0.89175075 4.4956E-22            4.7589E-21 2.8778E-08 5.3268E-09 2.3710E-07 1.2355E-07 2.6588E-07 2.84E-06 4.43E-06   0.115 0.6000 7.4170E-06    897.055
 9451.00 0.89222735 4.2750E-22            4.5486E-21 2.9145E-08 5.3755E-09 2.3922E-07 1.2456E-07 2.6836E-07 2.86E-06 4.46E-06   0.114 0.6000 7.4469E-06    898.368
 9461.00 0.89296651 4.0532E-22            4.3488E-21 2.9920E-08 5.4940E-09 2.4460E-07 1.2727E-07 2.7452E-07 2.92E-06 4.54E-06   0.113 0.6000 7.5672E-06    900.481
 9471.00 0.89338565 3.8564E-22            4.1564E-21 3.0176E-08 5.5220E-09 2.4578E-07 1.2780E-07 2.7596E-07 2.93E-06 4.55E-06   0.113 0.6000 7.5686E-06    901.553
 9481.00 0.89388645 3.6650E-22            3.9728E-21 3.0404E-08 5.5439E-09 2.4674E-07 1.2821E-07 2.7714E-07 2.94E-06 4.56E-06   0.112 0.6000 7.5627E-06    902.573
 9491.00 0.89428276 3.4866E-22            3.7968E-21 3.0363E-08 5.5208E-09 2.4563E-07 1.2755E-07 2.7599E-07 2.93E-06 4.53E-06   0.112 0.6000 7.5010E-06    903.088
 9501.00 0.89429623 3.3306E-22            3.6271E-21 3.0663E-08 5.5668E-09 2.4737E-07 1.2839E-07 2.7803E-07 2.95E-06 4.56E-06   0.112 0.6000 7.5429E-06    904.290
 9511.00 0.89441335 3.1783E-22            3.4654E-21 3.0844E-08 5.5889E-09 2.4811E-07 1.2870E-07 2.7896E-07 2.95E-06 4.57E-06   0.112 0.6000 7.5499E-06    905.251
 9521.00 0.89466417 3.0271E-22            3.3113E-21 3.0971E-08 5.6012E-09 2.4850E-07 1.2882E-07 2.7947E-07 2.96E-06 4.57E-06   0.111 0.6000 7.5456E-06    906.125
 9531.00 0.89471453 2.8895E-22            3.1634E-21 3.1140E-08 5.6248E-09 2.4928E-07 1.2915E-07 2.8042E-07 2.96E-06 4.58E-06   0.111 0.6000 7.5615E-06    907.090
 9541.00 0.89480793 2.7579E-22            3.0222E-21 3.1316E-08 5.6453E-09 2.4993E-07 1.2941E-07 2.8124E-07 2.97E-06 4.58E-06   0.111 0.6000 7.5625E-06    908.030
 9551.00 0.89475608 2.6358E-22            2.8869E-21 3.1113E-08 5.6034E-09 2.4774E-07 1.2820E-07 2.7885E-07 2.94E-06 4.54E-06   0.111 0.6000 7.4917E-06    908.279
 9561.00 0.89474285 2.5176E-22            2.7577E-21 3.0873E-08 5.5548E-09 2.4527E-07 1.2686E-07 2.7615E-07 2.91E-06 4.49E-06   0.111 0.6000 7.4123E-06    908.457
 9571.00 0.89459282 2.4086E-22            2.6339E-21 3.1515E-08 5.6675E-09 2.4986E-07 1.2916E-07 2.8137E-07 2.96E-06 4.58E-06   0.111 0.6000 7.5504E-06    910.345
 9581.00 0.89465725 2.2986E-22            2.5162E-21 3.1665E-08 5.6873E-09 2.5047E-07 1.2940E-07 2.8213E-07 2.97E-06 4.59E-06   0.111 0.6000 7.5610E-06    911.270
 9591.00 0.89440948 2.2011E-22            2.4030E-21 3.1492E-08 5.6560E-09 2.4864E-07 1.2840E-07 2.8013E-07 2.95E-06 4.56E-06   0.112 0.6000 7.5108E-06    911.604
 9601.00 0.89407426 2.1097E-22            2.2946E-21 3.1799E-08 5.7127E-09 2.5062E-07 1.2936E-07 2.8242E-07 2.97E-06 4.60E-06   0.112 0.6000 7.5795E-06    912.857
 9611.00 0.89419425 2.0122E-22            2.1922E-21 3.1718E-08 5.6906E-09 2.4943E-07 1.2867E-07 2.8114E-07 2.95E-06 4.57E-06   0.112 0.6000 7.5350E-06    913.346
 9621.00 0.89402419 1.9251E-22            2.0937E-21 3.1752E-08 5.6943E-09 2.4919E-07 1.2848E-07 2.8094E-07 2.95E-06 4.57E-06   0.112 0.6000 7.5299E-06    914.065
 9631.00 0.89383042 1.8426E-22            1.9996E-21 3.1779E-08 5.6978E-09 2.4892E-07 1.2828E-07 2.8070E-07 2.94E-06 4.56E-06   0.112 0.6000 7.5249E-06    914.774
 9641.00 0.89374328 1.7610E-22            1.9099E-21 3.1621E-08 5.6671E-09 2.4724E-07 1.2734E-07 2.7886E-07 2.92E-06 4.53E-06   0.112 0.6000 7.4759E-06    915.139
 9651.00 0.89334553 1.6892E-22            1.8236E-21 3.2124E-08 5.7591E-09 2.5071E-07 1.2907E-07 2.8283E-07 2.96E-06 4.60E-06   0.113 0.6000 7.5893E-06    916.755
 9661.00 0.89364928 1.6078E-22            1.7425E-21 3.1896E-08 5.7064E-09 2.4831E-07 1.2775E-07 2.8021E-07 2.93E-06 4.55E-06   0.112 0.6000 7.4997E-06    916.952
 9671.00 0.89301819 1.5457E-22            1.6634E-21 3.1865E-08 5.7079E-09 2.4771E-07 1.2739E-07 2.7957E-07 2.92E-06 4.55E-06   0.113 0.6000 7.5015E-06    917.576
 9681.00 0.89292324 1.4781E-22            1.5887E-21 3.1842E-08 5.7002E-09 2.4703E-07 1.2697E-07 2.7887E-07 2.91E-06 4.53E-06   0.113 0.6000 7.4807E-06    918.185
 9691.00 0.89224619 1.4212E-22            1.5165E-21 3.2245E-08 5.7803E-09 2.4982E-07 1.2835E-07 2.8206E-07 2.95E-06 4.59E-06   0.114 0.6000 7.5873E-06    919.636
 9701.00 0.89166301 1.3664E-22            1.4476E-21 3.2170E-08 5.7728E-09 2.4883E-07 1.2780E-07 2.8101E-07 2.93E-06 4.59E-06   0.115 0.6000 7.5768E-06    920.169
 9711.00 0.89171124 1.3038E-22            1.3828E-21 3.2182E-08 5.7704E-09 2.4845E-07 1.2752E-07 2.8064E-07 2.93E-06 4.58E-06   0.115 0.6000 7.5604E-06    920.850
 9721.00 0.88929719 1.2770E-22            1.3173E-21 3.1839E-08 5.7473E-09 2.4579E-07 1.2619E-07 2.7763E-07 2.90E-06 4.57E-06   0.117 0.6000 7.5664E-06    920.958
 9731.00 0.88689822 1.2490E-22            1.2550E-21 3.1677E-08 5.7536E-09 2.4452E-07 1.2560E-07 2.7620E-07 2.88E-06 4.59E-06   0.120 0.6000 7.6088E-06    921.403
 9741.00 0.88974631 1.1589E-22            1.2026E-21 3.2196E-08 5.7945E-09 2.4748E-07 1.2689E-07 2.7968E-07 2.91E-06 4.59E-06   0.117 0.6000 7.5946E-06    922.925
 9751.00 0.88935882 1.1112E-22            1.1482E-21 3.2228E-08 5.8056E-09 2.4740E-07 1.2679E-07 2.7963E-07 2.91E-06 4.59E-06   0.117 0.6000 7.6062E-06    923.673
 9761.00 0.88686103 1.0864E-22            1.0938E-21 3.1868E-08 5.7698E-09 2.4444E-07 1.2535E-07 2.7631E-07 2.88E-06 4.58E-06   0.120 0.6000 7.5918E-06    923.707
 9771.00 0.88157028 1.0944E-22            1.0384E-21 3.1026E-08 5.7062E-09 2.3854E-07 1.2250E-07 2.6957E-07 2.81E-06 4.56E-06   0.126 0.6000 7.6047E-06    922.968
 9781.00 0.88839298 9.7674E-23            9.9960E-22 3.1964E-08 5.7547E-09 2.4396E-07 1.2487E-07 2.7592E-07 2.87E-06 4.54E-06   0.118 0.6000 7.5202E-06    925.141
 9791.00 0.88819027 9.3513E-23            9.5458E-22 3.1943E-08 5.7549E-09 2.4342E-07 1.2450E-07 2.7536E-07 2.86E-06 4.53E-06   0.119 0.6000 7.5133E-06    925.777
 9801.00 0.88854313 8.8895E-23            9.1223E-22 3.2176E-08 5.7836E-09 2.4463E-07 1.2504E-07 2.7681E-07 2.87E-06 4.54E-06   0.118 0.6000 7.5312E-06    926.854
 9811.00 0.88277686 8.9838E-23            8.6563E-22 3.0972E-08 5.6415E-09 2.3560E-07 1.2051E-07 2.6657E-07 2.77E-06 4.47E-06   0.125 0.6000 7.4494E-06    925.322
 9821.00 0.88997144 7.9910E-23            8.3363E-22 3.2638E-08 5.8317E-09 2.4684E-07 1.2597E-07 2.7948E-07 2.89E-06 4.55E-06   0.117 0.6000 7.5386E-06    928.958
 9831.00 0.88720435 7.8511E-23            7.9377E-22 3.2242E-08 5.8085E-09 2.4398E-07 1.2455E-07 2.7623E-07 2.86E-06 4.55E-06   0.120 0.6000 7.5540E-06    929.003
 9841.00 0.88864768 7.3862E-23            7.5945E-22 3.2527E-08 5.8261E-09 2.4533E-07 1.2516E-07 2.7786E-07 2.87E-06 4.54E-06   0.118 0.6000 7.5312E-06    930.122
 9851.00 0.88577783 7.2593E-23            7.2306E-22 3.2031E-08 5.7868E-09 2.4179E-07 1.2342E-07 2.7382E-07 2.83E-06 4.53E-06   0.121 0.6000 7.5270E-06    929.986
 9861.00 0.88747525 6.8205E-23            6.9192E-22 3.2645E-08 5.8631E-09 2.4554E-07 1.2512E-07 2.7819E-07 2.87E-06 4.57E-06   0.119 0.6000 7.5825E-06    931.712
 9871.00 0.88782334 6.4846E-23            6.6122E-22 3.2839E-08 5.8851E-09 2.4643E-07 1.2551E-07 2.7927E-07 2.88E-06 4.58E-06   0.119 0.6000 7.5902E-06    932.708
 9881.00 0.88333809 6.4711E-23            6.2837E-22 3.2092E-08 5.8249E-09 2.4122E-07 1.2299E-07 2.7331E-07 2.82E-06 4.56E-06   0.124 0.6000 7.5923E-06    932.147
 9891.00 0.88651752 5.9917E-23            6.0238E-22 3.2746E-08 5.8858E-09 2.4507E-07 1.2471E-07 2.7782E-07 2.86E-06 4.57E-06   0.120 0.6000 7.5945E-06    933.907
 9901.00 0.87655884 6.2783E-23            5.6896E-22 3.1067E-08 5.7548E-09 2.3410E-07 1.1964E-07 2.6517E-07 2.75E-06 4.54E-06   0.132 0.6000 7.6106E-06    931.816
 9911.00 0.87569708 6.0506E-23            5.4277E-22 3.0963E-08 5.7340E-09 2.3270E-07 1.1883E-07 2.6366E-07 2.73E-06 4.53E-06   0.133 0.6000 7.5896E-06    932.224
 9921.00 0.88175583 5.4640E-23            5.2208E-22 3.2175E-08 5.8439E-09 2.4005E-07 1.2216E-07 2.7223E-07 2.80E-06 4.56E-06   0.126 0.6000 7.5966E-06    934.934
 9931.00 0.88569373 5.0238E-23            5.0090E-22 3.2721E-08 5.8775E-09 2.4310E-07 1.2343E-07 2.7582E-07 2.83E-06 4.54E-06   0.121 0.6000 7.5522E-06    936.495
 9941.00 0.88374245 4.8870E-23            4.7740E-22 3.1407E-08 5.6651E-09 2.3315E-07 1.1844E-07 2.6455E-07 2.72E-06 4.39E-06   0.124 0.6000 7.3019E-06    934.698
 9951.00 0.88337010 4.6864E-23            4.5578E-22 3.0766E-08 5.5495E-09 2.2785E-07 1.1567E-07 2.5862E-07 2.65E-06 4.29E-06   0.124 0.6000 7.1481E-06    934.069
 9961.00 0.88139373 4.5597E-23            4.3433E-22 3.2024E-08 5.7972E-09 2.3690E-07 1.2025E-07 2.6893E-07 2.76E-06 4.49E-06   0.126 0.6000 7.4944E-06    937.214
 9971.00 0.88143027 4.3467E-23            4.1496E-22 3.2371E-08 5.8654E-09 2.3923E-07 1.2143E-07 2.7160E-07 2.79E-06 4.54E-06   0.126 0.6000 7.5675E-06    938.577
 9981.00 0.86758316 4.7023E-23            3.9001E-22 3.0438E-08 5.7334E-09 2.2676E-07 1.1609E-07 2.5720E-07 2.66E-06 4.52E-06   0.142 0.6000 7.6271E-06    935.997
 9991.00 0.88466442 3.8478E-23            3.7989E-22 3.3346E-08 5.9742E-09 2.4483E-07 1.2391E-07 2.7817E-07 2.84E-06 4.58E-06   0.123 0.6000 7.6202E-06    941.562
10001.00 0.88033879 3.8287E-23            3.6108E-22 3.2474E-08 5.8873E-09 2.3865E-07 1.2091E-07 2.7113E-07 2.78E-06 4.54E-06   0.127 0.6000 7.5822E-06    940.739
10011.00 0.88247359 3.5857E-23            3.4570E-22 3.2978E-08 5.9403E-09 2.4161E-07 1.2226E-07 2.7459E-07 2.81E-06 4.56E-06   0.125 0.6000 7.5949E-06    942.276
10021.00 0.88347691 3.3885E-23            3.3057E-22 3.3329E-08 5.9776E-09 2.4353E-07 1.2311E-07 2.7686E-07 2.83E-06 4.57E-06   0.124 0.6000 7.6120E-06    943.541
10031.00 0.88361871 3.2331E-23            3.1579E-22 3.3439E-08 5.9900E-09 2.4372E-07 1.2308E-07 2.7715E-07 2.82E-06 4.57E-06   0.124 0.6000 7.6128E-06    944.364
10041.00 0.88244933 3.1235E-23            3.0122E-22 3.3202E-08 5.9685E-09 2.4178E-07 1.2209E-07 2.7499E-07 2.80E-06 4.56E-06   0.125 0.6000 7.5964E-06    944.635
10051.00 0.88415766 2.9319E-23            2.8826E-22 3.3618E-08 6.0050E-09 2.4407E-07 1.2309E-07 2.7768E-07 2.82E-06 4.56E-06   0.123 0.6000 7.5992E-06    945.995
10061.00 0.88078922 2.8909E-23            2.7428E-22 3.3103E-08 5.9703E-09 2.4044E-07 1.2131E-07 2.7354E-07 2.78E-06 4.56E-06   0.127 0.6000 7.6105E-06    945.821
10071.00 0.86320668 3.2103E-23            2.5673E-22 3.0577E-08 5.7337E-09 2.2294E-07 1.1311E-07 2.5352E-07 2.60E-06 4.50E-06   0.147 0.6000 7.6024E-06    941.900
10081.00 0.87841386 2.6973E-23            2.4952E-22 3.2688E-08 5.9302E-09 2.3689E-07 1.1950E-07 2.6958E-07 2.74E-06 4.53E-06   0.130 0.6000 7.5822E-06    946.431
10091.00 0.87134862 2.7374E-23            2.3644E-22 3.1546E-08 5.8215E-09 2.2893E-07 1.1573E-07 2.6048E-07 2.66E-06 4.50E-06   0.138 0.6000 7.5624E-06    945.069
10101.00 0.85602540 2.9660E-23            2.2180E-22 2.8962E-08 5.5766E-09 2.1140E-07 1.0750E-07 2.4036E-07 2.47E-06 4.42E-06   0.155 0.6000 7.5113E-06    940.901
10111.00 0.87504512 2.4245E-23            2.1656E-22 3.1945E-08 5.8428E-09 2.3058E-07 1.1624E-07 2.6252E-07 2.67E-06 4.47E-06   0.133 0.6000 7.4926E-06    947.057
10121.00 0.85389316 2.7250E-23            2.0193E-22 2.9911E-08 5.6896E-09 2.1670E-07 1.1045E-07 2.4661E-07 2.53E-06 4.46E-06   0.158 0.6000 7.5886E-06    943.969
10131.00 0.84555012 2.7791E-23            1.9083E-22 2.8421E-08 5.5410E-09 2.0626E-07 1.0542E-07 2.3468E-07 2.42E-06 4.41E-06   0.168 0.6000 7.5528E-06    941.695
10141.00 0.86135697 2.3633E-23            1.8577E-22 3.0329E-08 5.7309E-09 2.1865E-07 1.1063E-07 2.4898E-07 2.54E-06 4.47E-06   0.149 0.6000 7.5589E-06    946.058
10151.00 0.80324978 3.2270E-23            1.6551E-22 2.4096E-08 5.1336E-09 1.7533E-07 9.2147E-08 1.9943E-07 2.11E-06 4.30E-06   0.219 0.6000 7.5928E-06    933.382
10161.00 0.82099813 2.7979E-23            1.6145E-22 2.6165E-08 5.3143E-09 1.8960E-07 9.7723E-08 2.1576E-07 2.24E-06 4.34E-06   0.197 0.6000 7.5665E-06    938.847
10171.00 0.78248131 3.1695E-23            1.4712E-22 2.3748E-08 4.9879E-09 1.7085E-07 8.9101E-08 1.9460E-07 2.05E-06 4.20E-06   0.245 0.6000 7.5666E-06    933.407
10181.00 0.77689290 3.1630E-23            1.3933E-22 2.2348E-08 4.8946E-09 1.6147E-07 8.5096E-08 1.8381E-07 1.95E-06 4.20E-06   0.252 0.6000 7.6043E-06    930.763
10191.00 0.80394506 2.6684E-23            1.3776E-22 2.4317E-08 5.1470E-09 1.7618E-07 9.1527E-08 2.0050E-07 2.10E-06 4.30E-06   0.218 0.6000 7.6154E-06    936.673
10201.00 0.72243285 3.4351E-23            1.1832E-22 1.9091E-08 4.3823E-09 1.3506E-07 7.1567E-08 1.5415E-07 1.64E-06 3.97E-06   0.325 0.6000 7.5497E-06    921.937
10211.00 0.69834065 3.5422E-23            1.0912E-22 1.7030E-08 4.1205E-09 1.2046E-07 6.4495E-08 1.3749E-07 1.48E-06 3.86E-06   0.359 0.6000 7.5097E-06    916.088
10221.00 0.71036774 3.2482E-23            1.0607E-22 1.8015E-08 4.2465E-09 1.2693E-07 6.7472E-08 1.4495E-07 1.55E-06 3.90E-06   0.342 0.6000 7.5283E-06    919.849
10231.00 0.76537830 2.5912E-23            1.0914E-22 2.1881E-08 4.7764E-09 1.5544E-07 8.1236E-08 1.7732E-07 1.86E-06 4.12E-06   0.267 0.6000 7.5645E-06    932.334
10241.00 0.64335537 3.5380E-23            8.7706E-23 1.4422E-08 3.6345E-09 9.9866E-08 5.3179E-08 1.1429E-07 1.22E-06 3.64E-06   0.441 0.6000 7.5088E-06    907.820
10251.00 0.66537279 3.1922E-23            8.6477E-23 1.5429E-08 3.8654E-09 1.0628E-07 5.6913E-08 1.2171E-07 1.31E-06 3.77E-06   0.407 0.6000 7.5975E-06    912.079
10261.00 0.66658235 3.0257E-23            8.2875E-23 1.5238E-08 3.7727E-09 1.0556E-07 5.5611E-08 1.2079E-07 1.28E-06 3.69E-06   0.406 0.6000 7.4726E-06    912.377
10271.00 0.66229284 2.9535E-23            7.8460E-23 1.5479E-08 3.7945E-09 1.0766E-07 5.6828E-08 1.2314E-07 1.30E-06 3.69E-06   0.412 0.6000 7.4992E-06    914.189
10281.00 0.71709478 2.4331E-23            8.1203E-23 1.8337E-08 4.3191E-09 1.2803E-07 6.7128E-08 1.4637E-07 1.54E-06 3.96E-06   0.333 0.6000 7.5867E-06    924.797
10291.00 0.74393547 2.0464E-23            8.0495E-23 2.1304E-08 4.6554E-09 1.4913E-07 7.6412E-08 1.7043E-07 1.75E-06 4.05E-06   0.296 0.6000 7.6000E-06    934.417
10301.00 0.75395721 1.9005E-23            7.7997E-23 2.1886E-08 4.7145E-09 1.5332E-07 7.8682E-08 1.7520E-07 1.81E-06 4.04E-06   0.282 0.6000 7.5360E-06    936.786
10311.00 0.73486203 2.0051E-23            7.2476E-23 1.9915E-08 4.5455E-09 1.3955E-07 7.2815E-08 1.5947E-07 1.67E-06 4.03E-06   0.308 0.6000 7.5858E-06    931.979
10321.00 0.72436160 1.9729E-23            6.8349E-23 1.8723E-08 4.3917E-09 1.3137E-07 6.8671E-08 1.5009E-07 1.58E-06 3.98E-06   0.322 0.6000 7.5612E-06    929.177
10331.00 0.73172069 1.7433E-23            6.5825E-23 2.1145E-08 4.5511E-09 1.4685E-07 7.4826E-08 1.6800E-07 1.72E-06 3.94E-06   0.312 0.6000 7.5159E-06    936.511
10341.00 0.56663233 2.5663E-23            4.8900E-23 1.1407E-08 3.1150E-09 7.5848E-08 4.0969E-08 8.7255E-08 9.40E-07 3.35E-06   0.568 0.6000 7.5583E-06    900.101
10351.00 0.54501247 2.6341E-23            4.4659E-23 9.1256E-09 2.8020E-09 5.9498E-08 3.3246E-08 6.8623E-08 7.63E-07 3.20E-06   0.607 0.6000 7.4168E-06    887.913
10361.00 0.54580045 2.4634E-23            4.2847E-23 9.0166E-09 2.8895E-09 6.0141E-08 3.4317E-08 6.9158E-08 7.88E-07 3.26E-06   0.606 0.6000 7.5170E-06    889.029
10371.00 0.49556834 2.4117E-23            3.7107E-23 9.6205E-09 2.7039E-09 6.2640E-08 3.3681E-08 7.2261E-08 7.73E-07 3.03E-06   0.702 0.6000 7.4998E-06    892.068
10381.00 0.56758195 2.1315E-23            4.0637E-23 1.1520E-08 3.1273E-09 7.6259E-08 4.0399E-08 8.7779E-08 9.27E-07 3.34E-06   0.566 0.6000 7.5039E-06    903.277
10391.00 0.42424071 2.5183E-23            2.8939E-23 6.3558E-09 2.0718E-09 3.6046E-08 1.9721E-08 4.2402E-08 4.53E-07 2.77E-06   0.857 0.6000 7.4884E-06    865.893
10401.00 0.51691514 2.1258E-23            3.3775E-23 9.5585E-09 2.8080E-09 5.9143E-08 3.2004E-08 6.8702E-08 7.35E-07 3.24E-06   0.660 0.6000 7.5955E-06    891.495
10411.00 0.47331044 2.1707E-23            2.9462E-23 7.4800E-09 2.3647E-09 4.5311E-08 2.4583E-08 5.2791E-08 5.64E-07 2.94E-06   0.748 0.6000 7.4817E-06    878.415
10421.00 0.35015321 2.3379E-23            2.0907E-23 4.1671E-09 1.6062E-09 2.1119E-08 1.2237E-08 2.5287E-08 2.81E-07 2.45E-06   1.049 0.6000 7.5892E-06    842.740
10431.00 0.42403528 2.0238E-23            2.4042E-23 6.5078E-09 2.1440E-09 3.8385E-08 2.0931E-08 4.4893E-08 4.80E-07 2.79E-06   0.858 0.6000 7.6090E-06    871.526
10441.00 0.52140653 1.7232E-23            2.8280E-23 9.1609E-09 2.7543E-09 5.7819E-08 3.1067E-08 6.6980E-08 7.13E-07 3.16E-06   0.651 0.6000 7.5062E-06    892.960
10451.00 0.35062379 2.0036E-23            1.8170E-23 4.7506E-09 1.6359E-09 2.4947E-08 1.3203E-08 2.9698E-08 3.03E-07 2.48E-06   1.048 0.6000 7.5160E-06    852.458
10461.00 0.35800487 1.9031E-23            1.7742E-23 4.9504E-09 1.6763E-09 2.6423E-08 1.4105E-08 3.1373E-08 3.24E-07 2.44E-06   1.027 0.6000 7.4884E-06    855.797
10471.00 0.38456887 1.7979E-23            1.8201E-23 4.4747E-09 1.6869E-09 2.3047E-08 1.2709E-08 2.7522E-08 2.92E-07 2.48E-06   0.956 0.6000 7.0966E-06    850.146
10481.00 0.41825917 1.6583E-23            1.8825E-23 5.5407E-09 1.9755E-09 2.9743E-08 1.6097E-08 3.5283E-08 3.69E-07 2.74E-06   0.872 0.6000 7.3966E-06    862.915
10491.00 0.36999303 1.6544E-23            1.6015E-23 4.5518E-09 1.7155E-09 2.3459E-08 1.3251E-08 2.8011E-08 3.04E-07 2.53E-06   0.994 0.6000 7.5336E-06    852.341
10501.00 0.24649596 1.7102E-23            1.0135E-23 2.1559E-09 9.8096E-10 7.6704E-09 4.2954E-09 9.8263E-09 9.86E-08 1.97E-06   1.400 0.6000 7.5876E-06    805.383
10511.00 0.48929149 1.3770E-23            1.9168E-23 6.7354E-09 2.3902E-09 3.8071E-08 2.0669E-08 4.4807E-08 4.74E-07 3.11E-06   0.715 0.6000 7.5650E-06    876.945
10521.00 0.30101955 1.4297E-23            1.1412E-23 3.5098E-09 1.3470E-09 1.7567E-08 9.2777E-09 2.1077E-08 2.13E-07 2.15E-06   1.201 0.6000 7.5614E-06    840.867
10531.00 0.31809896 1.3574E-23            1.1306E-23 4.0303E-09 1.4785E-09 2.0668E-08 1.0808E-08 2.4698E-08 2.48E-07 2.28E-06   1.145 0.6000 7.6148E-06    849.010
10541.00 0.36412677 1.2716E-23            1.2534E-23 4.3762E-09 1.6725E-09 2.2451E-08 1.1975E-08 2.6828E-08 2.75E-07 2.48E-06   1.010 0.6000 7.6042E-06    853.635
10551.00 0.31768110 1.2663E-23            1.0367E-23 3.7797E-09 1.4354E-09 1.8368E-08 9.6481E-09 2.2148E-08 2.21E-07 2.25E-06   1.147 0.6000 7.5920E-06    845.190
10561.00 0.32555535 1.2229E-23            1.0185E-23 3.5832E-09 1.4342E-09 1.6696E-08 8.9185E-09 2.0279E-08 2.05E-07 2.29E-06   1.122 0.6000 7.5532E-06    841.728
10571.00 0.26083678 1.1576E-23            7.7661E-24 2.6066E-09 1.0870E-09 1.0934E-08 5.5261E-09 1.3541E-08 1.27E-07 1.95E-06   1.344 0.6000 7.5396E-06    823.960
10581.00 0.35933447 1.0878E-23            1.0258E-23 4.3764E-09 1.6095E-09 2.1322E-08 1.0927E-08 2.5699E-08 2.51E-07 2.45E-06   1.024 0.6000 7.4809E-06    854.260
10591.00 0.23978177 1.0481E-23            6.4679E-24 2.6108E-09 1.0011E-09 1.1740E-08 5.7868E-09 1.4350E-08 1.33E-07 1.79E-06   1.428 0.6000 7.3912E-06    827.869
10601.00 0.30663699 9.6627E-24            8.0077E-24 3.5331E-09 1.3310E-09 1.7161E-08 8.3655E-09 2.0694E-08 1.92E-07 2.13E-06   1.182 0.6000 7.4831E-06    845.333
10611.00 0.36501732 9.4418E-24            9.0177E-24 3.9972E-09 1.5716E-09 1.8775E-08 9.5226E-09 2.2772E-08 2.19E-07 2.46E-06   1.008 0.6000 7.4735E-06    850.507
10621.00 0.39956787 9.0629E-24            9.4758E-24 4.3198E-09 1.6602E-09 2.1488E-08 1.1165E-08 2.5807E-08 2.56E-07 2.49E-06   0.917 0.6000 7.1416E-06    857.149
10631.00 0.39636189 8.9078E-24            8.9548E-24 4.1952E-09 1.7152E-09 1.9597E-08 1.1183E-08 2.3792E-08 2.57E-07 2.59E-06   0.925 0.6000 7.3919E-06    853.926
10641.00 0.51215523 7.3076E-24            1.1051E-23 7.7713E-09 2.5934E-09 4.3616E-08 2.3069E-08 5.1387E-08 5.29E-07 3.17E-06   0.669 0.6000 7.5446E-06    892.977
10651.00 0.33169913 7.6684E-24            6.8879E-24 4.1296E-09 1.5103E-09 2.0764E-08 1.0520E-08 2.4893E-08 2.41E-07 2.26E-06   1.104 0.6000 7.5639E-06    857.429
10661.00 0.19455847 8.0130E-24            3.8320E-24 1.4833E-09 7.1528E-10 4.1672E-09 2.0707E-09 5.6505E-09 4.75E-08 1.62E-06   1.637 0.6000 7.5933E-06    792.367
10671.00 0.18371205 7.7334E-24            3.4489E-24 1.3811E-09 6.7152E-10 3.7498E-09 1.9093E-09 5.1309E-09 4.38E-08 1.56E-06   1.694 0.6000 7.5846E-06    789.064
10681.00 0.20928118 7.1946E-24            3.7806E-24 1.6151E-09 7.7756E-10 4.8330E-09 2.4015E-09 6.4482E-09 5.51E-08 1.68E-06   1.564 0.6000 7.5010E-06    799.073
10691.00 0.25151610 6.5185E-24            4.2994E-24 2.3639E-09 1.0366E-09 8.9594E-09 4.3393E-09 1.1323E-08 9.96E-08 1.90E-06   1.380 0.6000 7.5250E-06    823.820
10701.00 0.12782530 6.2395E-24            2.1051E-24 1.0077E-09 4.7949E-10 2.4708E-09 1.1809E-09 3.4785E-09 2.71E-08 1.22E-06   2.057 0.6000 7.6028E-06    775.457
10711.00 0.18166310 6.5246E-24            2.8226E-24 1.5259E-09 6.9760E-10 3.9028E-09 1.9762E-09 5.4287E-09 4.54E-08 1.64E-06   1.706 0.6000 7.6107E-06    793.866
10721.00 0.21600595 6.1442E-24            3.2321E-24 2.0007E-09 8.7559E-10 6.0811E-09 3.0486E-09 8.0818E-09 7.00E-08 1.83E-06   1.532 0.6000 7.5927E-06    811.116
10731.00 0.26361731 5.4885E-24            3.7463E-24 2.8248E-09 1.1849E-09 1.1149E-08 6.0163E-09 1.3974E-08 1.38E-07 2.03E-06   1.333 0.6000 7.5570E-06    835.815
10741.00 0.37811261 5.0631E-24            5.1447E-24 5.1908E-09 1.8905E-09 2.4850E-08 1.3460E-08 3.0041E-08 3.09E-07 2.65E-06   0.973 0.6000 7.5987E-06    872.618
10751.00 0.42501265 4.7678E-24            5.5268E-24 6.1045E-09 2.1941E-09 3.1520E-08 1.7628E-08 3.7624E-08 4.05E-07 2.86E-06   0.856 0.6000 7.5686E-06    884.534
10761.00 0.51216871 4.2259E-24            6.3585E-24 8.5703E-09 2.7982E-09 4.8283E-08 2.6966E-08 5.6854E-08 6.19E-07 3.22E-06   0.669 0.6000 7.5094E-06    906.614
10771.00 0.53831547 3.8491E-24            6.3794E-24 9.6070E-09 3.0063E-09 5.6797E-08 3.0838E-08 6.6404E-08 7.08E-07 3.33E-06   0.619 0.6000 7.6113E-06    915.633
10781.00 0.66349542 2.8692E-24            7.4986E-24 1.5334E-08 4.0245E-09 9.7263E-08 5.0573E-08 1.1260E-07 1.16E-06 3.78E-06   0.410 0.6000 7.6222E-06    945.837
10791.00 0.73903972 2.1924E-24            8.0004E-24 2.0309E-08 4.7083E-09 1.3027E-07 6.6117E-08 1.5058E-07 1.52E-06 3.98E-06   0.302 0.6000 7.4710E-06    963.630
10801.00 0.73666531 2.1107E-24            7.6054E-24 1.9344E-08 4.5579E-09 1.2472E-07 6.4090E-08 1.4406E-07 1.47E-06 3.85E-06   0.306 0.6000 7.2822E-06    961.717
10811.00 0.71076328 2.1567E-24            7.0136E-24 1.8911E-08 4.4697E-09 1.2115E-07 6.2491E-08 1.4006E-07 1.43E-06 3.82E-06   0.341 0.6000 7.4552E-06    960.765
10821.00 0.69739676 2.1780E-24            6.5669E-24 1.7062E-08 4.2578E-09 1.0943E-07 5.7088E-08 1.2649E-07 1.31E-06 3.76E-06   0.360 0.6000 7.3925E-06    955.479
10831.00 0.74444896 1.7753E-24            6.6920E-24 2.0194E-08 4.5878E-09 1.2999E-07 6.6435E-08 1.5018E-07 1.52E-06 3.77E-06   0.295 0.6000 7.1062E-06    966.379
10841.00 0.76208723 1.5314E-24            6.5505E-24 2.4359E-08 5.0832E-09 1.5555E-07 7.8035E-08 1.7991E-07 1.79E-06 3.95E-06   0.272 0.6000 7.3512E-06    978.057
10851.00 0.72025609 1.7322E-24            5.9036E-24 1.9808E-08 4.5767E-09 1.2592E-07 6.5194E-08 1.4573E-07 1.50E-06 3.79E-06   0.328 0.6000 7.3041E-06    966.027
10861.00 0.78473192 1.3158E-24            6.1410E-24 2.5421E-08 5.3261E-09 1.6261E-07 8.1490E-08 1.8804E-07 1.87E-06 4.11E-06   0.242 0.6000 7.4621E-06    982.241
10871.00 0.71008229 1.5324E-24            5.3170E-24 2.2699E-08 4.8403E-09 1.4339E-07 7.2365E-08 1.6609E-07 1.66E-06 3.86E-06   0.342 0.6000 7.5693E-06    975.366
10881.00 0.71850318 1.4836E-24            5.1348E-24 2.1184E-08 4.7889E-09 1.3404E-07 6.8183E-08 1.5523E-07 1.56E-06 3.93E-06   0.331 0.6000 7.6132E-06    971.998
10891.00 0.61949593 1.8034E-24            4.2337E-24 1.4776E-08 3.7777E-09 9.1311E-08 4.7052E-08 1.0609E-07 1.08E-06 3.51E-06   0.479 0.6000 7.5649E-06    950.272
10901.00 0.60337251 1.8111E-24            3.9171E-24 1.3618E-08 3.5477E-09 8.2650E-08 4.2267E-08 9.6268E-08 9.70E-07 3.43E-06   0.505 0.6000 7.5041E-06    945.418
10911.00 0.68734658 1.4246E-24            4.2781E-24 1.8763E-08 4.4085E-09 1.1715E-07 5.9318E-08 1.3591E-07 1.36E-06 3.80E-06   0.375 0.6000 7.5967E-06    966.212
10921.00 0.53453845 1.8117E-24            3.1747E-24 1.1356E-08 3.1211E-09 6.7416E-08 3.5130E-08 7.8772E-08 8.06E-07 3.17E-06   0.626 0.6000 7.6235E-06    935.532
10931.00 0.69982940 1.2919E-24            3.9621E-24 1.7647E-08 4.3860E-09 1.1092E-07 5.7048E-08 1.2857E-07 1.31E-06 3.83E-06   0.357 0.6000 7.5345E-06    964.358
10941.00 0.58111268 1.5100E-24            3.1555E-24 1.3901E-08 3.5610E-09 8.3726E-08 4.3207E-08 9.7627E-08 9.92E-07 3.38E-06   0.543 0.6000 7.6639E-06    949.061
10951.00 0.57620490 1.5122E-24            2.9695E-24 1.2969E-08 3.4707E-09 7.7396E-08 4.0305E-08 9.0365E-08 9.25E-07 3.40E-06   0.551 0.6000 7.7036E-06    945.366
10961.00 0.66803175 1.1442E-24            3.3027E-24 1.8890E-08 4.3092E-09 1.1604E-07 5.7914E-08 1.3493E-07 1.33E-06 3.68E-06   0.403 0.6000 7.5273E-06    969.390
10971.00 0.69249904 1.0450E-24            3.2644E-24 1.9979E-08 4.4909E-09 1.2382E-07 6.2014E-08 1.4380E-07 1.42E-06 3.73E-06   0.367 0.6000 7.4388E-06    973.921
10981.00 0.61835426 1.1919E-24            2.7827E-24 1.6341E-08 3.9183E-09 9.8104E-08 5.0049E-08 1.1444E-07 1.15E-06 3.51E-06   0.481 0.6000 7.5628E-06    961.106
10991.00 0.63523161 1.1144E-24            2.7288E-24 1.5574E-08 3.9162E-09 9.4407E-08 4.8974E-08 1.0998E-07 1.12E-06 3.51E-06   0.454 0.6000 7.4267E-06    959.499
11001.00 0.62655449 1.0344E-24            2.5709E-24 1.6024E-08 3.8951E-09 9.6860E-08 4.9264E-08 1.1288E-07 1.13E-06 3.43E-06   0.468 0.6000 7.3350E-06    961.733
11011.00 0.62485766 9.8955E-25            2.4476E-24 1.7748E-08 4.0206E-09 1.0656E-07 5.3111E-08 1.2430E-07 1.22E-06 3.47E-06   0.470 0.6000 7.4859E-06    968.117
11021.00 0.63251889 9.2803E-25            2.3662E-24 1.6984E-08 4.0567E-09 1.0097E-07 5.0376E-08 1.1795E-07 1.16E-06 3.59E-06   0.458 0.6000 7.6420E-06    965.738
11031.00 0.69553924 7.9524E-25            2.4836E-24 1.9828E-08 4.5569E-09 1.2106E-07 6.1080E-08 1.4089E-07 1.40E-06 3.76E-06   0.363 0.6000 7.4670E-06    977.028
11041.00 0.76604605 5.8908E-25            2.6138E-24 2.6771E-08 5.4627E-09 1.6457E-07 8.0510E-08 1.9135E-07 1.85E-06 4.11E-06   0.267 0.6000 7.6479E-06    996.524
11051.00 0.77436179 5.5920E-25            2.5228E-24 2.6939E-08 5.5594E-09 1.6570E-07 8.2198E-08 1.9264E-07 1.89E-06 4.17E-06   0.256 0.6000 7.6989E-06    997.679
11061.00 0.78957832 5.0315E-25            2.4548E-24 2.8530E-08 5.7329E-09 1.7477E-07 8.5941E-08 2.0330E-07 1.97E-06 4.23E-06   0.236 0.6000 7.6847E-06   1001.797
11071.00 0.71320021 6.0910E-25            2.1223E-24 2.1906E-08 4.8576E-09 1.3325E-07 6.6431E-08 1.5515E-07 1.52E-06 3.89E-06   0.338 0.6000 7.6118E-06    985.764
11081.00 0.63883591 6.8595E-25            1.8115E-24 1.7208E-08 4.0235E-09 1.0211E-07 5.0336E-08 1.1932E-07 1.16E-06 3.49E-06   0.448 0.6000 7.3949E-06    970.717
11091.00 0.64908379 6.5426E-25            1.7578E-24 1.6718E-08 3.9488E-09 9.9206E-08 4.9766E-08 1.1592E-07 1.14E-06 3.38E-06   0.432 0.6000 7.0888E-06    969.727
11101.00 0.60246360 6.9724E-25            1.5593E-24 1.4824E-08 3.7315E-09 8.6706E-08 4.4437E-08 1.0153E-07 1.02E-06 3.36E-06   0.507 0.6000 7.4018E-06    962.686
11111.00 0.67251098 5.3675E-25            1.6591E-24 2.1145E-08 4.5161E-09 1.2539E-07 6.0738E-08 1.4653E-07 1.39E-06 3.64E-06   0.397 0.6000 7.4567E-06    985.179
11121.00 0.50354254 7.3200E-25            1.1876E-24 1.2022E-08 3.0392E-09 6.6639E-08 3.3491E-08 7.8661E-08 7.69E-07 3.05E-06   0.686 0.6000 7.6365E-06    949.507
11131.00 0.67461050 4.9531E-25            1.5168E-24 2.1609E-08 4.6596E-09 1.2817E-07 6.2893E-08 1.4977E-07 1.44E-06 3.74E-06   0.394 0.6000 7.6345E-06    987.957
11141.00 0.65573478 5.2581E-25            1.4098E-24 1.8457E-08 4.3854E-09 1.0916E-07 5.5895E-08 1.2762E-07 1.28E-06 3.69E-06   0.422 0.6000 7.5875E-06    979.016
11151.00 0.64205658 5.1378E-25            1.3178E-24 1.8424E-08 4.3174E-09 1.0752E-07 5.4961E-08 1.2594E-07 1.26E-06 3.64E-06   0.443 0.6000 7.5845E-06    978.940
11161.00 0.71141100 4.1447E-25            1.3942E-24 2.2817E-08 5.0608E-09 1.3605E-07 6.8694E-08 1.5887E-07 1.58E-06 3.98E-06   0.341 0.6000 7.7213E-06    993.738
11171.00 0.73823351 3.7338E-25            1.3800E-24 2.3536E-08 5.1896E-09 1.4140E-07 7.2106E-08 1.6494E-07 1.65E-06 3.98E-06   0.303 0.6000 7.5224E-06    996.776
11181.00 0.79443771 2.8470E-25            1.4186E-24 2.9544E-08 5.8562E-09 1.7766E-07 8.7279E-08 2.0720E-07 2.00E-06 4.19E-06   0.230 0.6000 7.5350E-06   1011.814
11191.00 0.80413949 2.5792E-25            1.3723E-24 3.0721E-08 5.9954E-09 1.8422E-07 8.9411E-08 2.1494E-07 2.05E-06 4.26E-06   0.218 0.6000 7.6181E-06   1014.889
11201.00 0.83648789 2.0683E-25            1.3617E-24 3.4287E-08 6.2744E-09 2.0421E-07 9.7492E-08 2.3849E-07 2.24E-06 4.26E-06   0.179 0.6000 7.4492E-06   1022.323
11211.00 0.84931356 1.8105E-25            1.3209E-24 3.6499E-08 6.5542E-09 2.1715E-07 1.0304E-07 2.5365E-07 2.36E-06 4.39E-06   0.163 0.6000 7.6049E-06   1027.075
11221.00 0.86154765 1.5837E-25            1.2794E-24 3.9069E-08 6.8082E-09 2.3102E-07 1.0906E-07 2.7009E-07 2.50E-06 4.46E-06   0.149 0.6000 7.6441E-06   1031.943
11231.00 0.85976583 1.5292E-25            1.2192E-24 3.8981E-08 6.8235E-09 2.3055E-07 1.0882E-07 2.6953E-07 2.50E-06 4.47E-06   0.151 0.6000 7.6983E-06   1032.548
11241.00 0.86302781 1.4246E-25            1.1683E-24 3.9314E-08 6.8190E-09 2.3182E-07 1.0917E-07 2.7113E-07 2.51E-06 4.44E-06   0.147 0.6000 7.6234E-06   1033.683
11251.00 0.86469823 1.3397E-25            1.1179E-24 4.0031E-08 6.8878E-09 2.3523E-07 1.1069E-07 2.7526E-07 2.54E-06 4.46E-06   0.145 0.6000 7.6427E-06   1035.426
11261.00 0.85690546 1.3583E-25            1.0575E-24 3.8375E-08 6.7162E-09 2.2570E-07 1.0649E-07 2.6407E-07 2.44E-06 4.39E-06   0.154 0.6000 7.5795E-06   1033.428
11271.00 0.86471242 1.2219E-25            1.0191E-24 3.9056E-08 6.7220E-09 2.2885E-07 1.0754E-07 2.6790E-07 2.47E-06 4.34E-06   0.145 0.6000 7.4414E-06   1035.121
11281.00 0.85996234 1.2093E-25            9.6775E-25 3.6918E-08 6.4277E-09 2.1635E-07 1.0183E-07 2.5327E-07 2.34E-06 4.18E-06   0.151 0.6000 7.1947E-06   1032.163
11291.00 0.85987020 1.1572E-25            9.2370E-25 3.9166E-08 6.8100E-09 2.2903E-07 1.0766E-07 2.6820E-07 2.47E-06 4.42E-06   0.151 0.6000 7.6089E-06   1036.678
11301.00 0.86664629 1.0474E-25            8.8900E-25 4.0665E-08 6.9430E-09 2.3669E-07 1.1090E-07 2.7735E-07 2.55E-06 4.45E-06   0.143 0.6000 7.6142E-06   1039.647
11311.00 0.86593223 1.0051E-25            8.4818E-25 4.0017E-08 6.8436E-09 2.3263E-07 1.0892E-07 2.7265E-07 2.50E-06 4.38E-06   0.144 0.6000 7.5111E-06   1039.253
11321.00 0.86490881 9.6818E-26            8.0882E-25 4.0395E-08 6.9217E-09 2.3447E-07 1.0977E-07 2.7487E-07 2.52E-06 4.43E-06   0.145 0.6000 7.6030E-06   1040.535
11331.00 0.86482346 9.2417E-26            7.7226E-25 3.9600E-08 6.7855E-09 2.2955E-07 1.0743E-07 2.6915E-07 2.47E-06 4.34E-06   0.145 0.6000 7.4450E-06   1039.881
11341.00 0.86486977 8.8245E-26            7.3733E-25 4.0394E-08 6.9125E-09 2.3369E-07 1.0929E-07 2.7409E-07 2.51E-06 4.41E-06   0.145 0.6000 7.5703E-06   1041.832
11351.00 0.86572313 8.3651E-26            7.0470E-25 3.8442E-08 6.5572E-09 2.2188E-07 1.0365E-07 2.6032E-07 2.38E-06 4.17E-06   0.144 0.6000 7.1571E-06   1039.155
11361.00 0.86573339 7.9860E-26            6.7284E-25 4.0755E-08 6.9442E-09 2.3479E-07 1.0958E-07 2.7554E-07 2.52E-06 4.41E-06   0.144 0.6000 7.5666E-06   1043.670
11371.00 0.86713499 7.5357E-26            6.4348E-25 4.0643E-08 6.8883E-09 2.3350E-07 1.0885E-07 2.7414E-07 2.50E-06 4.36E-06   0.143 0.6000 7.4662E-06   1044.072
11381.00 0.86592793 7.2653E-26            6.1353E-25 4.1415E-08 7.0413E-09 2.3768E-07 1.1077E-07 2.7910E-07 2.54E-06 4.46E-06   0.144 0.6000 7.6453E-06   1046.011
11391.00 0.86668354 6.8937E-26            5.8629E-25 4.1345E-08 7.0059E-09 2.3675E-07 1.1024E-07 2.7810E-07 2.53E-06 4.42E-06   0.143 0.6000 7.5803E-06   1046.514
11401.00 0.86675984 6.5767E-26            5.5983E-25 4.1565E-08 7.0354E-09 2.3756E-07 1.1053E-07 2.7913E-07 2.54E-06 4.43E-06   0.143 0.6000 7.5997E-06   1047.503
11411.00 0.86636984 6.2976E-26            5.3428E-25 4.1394E-08 7.0095E-09 2.3623E-07 1.0985E-07 2.7762E-07 2.52E-06 4.41E-06   0.143 0.6000 7.5687E-06   1047.884
11421.00 0.86670578 5.9953E-26            5.1031E-25 4.0330E-08 6.8161E-09 2.2969E-07 1.0673E-07 2.7002E-07 2.45E-06 4.28E-06   0.143 0.6000 7.3425E-06   1046.773
11431.00 0.86655635 5.7301E-26            4.8715E-25 4.1036E-08 6.9329E-09 2.3332E-07 1.0835E-07 2.7435E-07 2.49E-06 4.35E-06   0.143 0.6000 7.4607E-06   1048.577
11441.00 0.86636168 5.4784E-26            4.6501E-25 4.1310E-08 6.9778E-09 2.3449E-07 1.0882E-07 2.7580E-07 2.50E-06 4.37E-06   0.143 0.6000 7.5024E-06   1049.671
11451.00 0.86650085 5.2237E-26            4.4405E-25 4.1778E-08 7.0476E-09 2.3670E-07 1.0976E-07 2.7848E-07 2.52E-06 4.41E-06   0.143 0.6000 7.5639E-06   1051.060
11461.00 0.86644053 4.9888E-26            4.2394E-25 4.2329E-08 7.1361E-09 2.3941E-07 1.1095E-07 2.8173E-07 2.55E-06 4.46E-06   0.143 0.6000 7.6494E-06   1052.583
11471.00 0.86628503 4.7684E-26            4.0469E-25 4.1677E-08 7.0238E-09 2.3532E-07 1.0898E-07 2.7700E-07 2.50E-06 4.38E-06   0.144 0.6000 7.5218E-06   1052.187
11481.00 0.86597699 4.5634E-26            3.8624E-25 4.1939E-08 7.0693E-09 2.3642E-07 1.0943E-07 2.7836E-07 2.51E-06 4.41E-06   0.144 0.6000 7.5664E-06   1053.258
11491.00 0.86596686 4.3565E-26            3.6877E-25 4.1990E-08 7.0721E-09 2.3629E-07 1.0930E-07 2.7828E-07 2.51E-06 4.40E-06   0.144 0.6000 7.5587E-06   1053.981
11501.00 0.86582339 4.1634E-26            3.5203E-25 4.1028E-08 6.9079E-09 2.3050E-07 1.0655E-07 2.7153E-07 2.45E-06 4.29E-06   0.144 0.6000 7.3764E-06   1053.073
11511.00 0.86566740 3.9793E-26            3.3604E-25 4.0826E-08 6.8716E-09 2.2897E-07 1.0578E-07 2.6980E-07 2.43E-06 4.26E-06   0.144 0.6000 7.3299E-06   1053.386
11521.00 0.86542726 3.8061E-26            3.2075E-25 4.1012E-08 6.9025E-09 2.2964E-07 1.0602E-07 2.7066E-07 2.43E-06 4.28E-06   0.145 0.6000 7.3570E-06   1054.339
11531.00 0.86526090 3.6380E-26            3.0617E-25 3.9524E-08 6.6508E-09 2.2097E-07 1.0196E-07 2.6049E-07 2.34E-06 4.12E-06   0.145 0.6000 7.0826E-06   1052.517
11541.00 0.86513603 3.4762E-26            2.9228E-25 3.1477E-08 5.2949E-09 1.7568E-07 8.1010E-08 2.0716E-07 1.86E-06 3.27E-06   0.145 0.6000 5.6333E-06   1038.172
11551.00 0.86483580 3.3264E-26            2.7896E-25 4.0043E-08 6.7366E-09 2.2313E-07 1.0283E-07 2.6317E-07 2.36E-06 4.16E-06   0.145 0.6000 7.1627E-06   1054.680
11561.00 0.86460620 3.1814E-26            2.6626E-25 4.2102E-08 7.0816E-09 2.3420E-07 1.0786E-07 2.7631E-07 2.48E-06 4.37E-06   0.145 0.6000 7.5239E-06   1058.691
11571.00 0.86452174 3.0390E-26            2.5419E-25 4.2946E-08 7.2193E-09 2.3848E-07 1.0976E-07 2.8143E-07 2.52E-06 4.45E-06   0.146 0.6000 7.6619E-06   1060.672
11581.00 0.86422604 2.9076E-26            2.4260E-25 4.2674E-08 7.1756E-09 2.3663E-07 1.0884E-07 2.7930E-07 2.50E-06 4.42E-06   0.146 0.6000 7.6124E-06   1060.899
11591.00 0.86338836 2.7943E-26            2.3140E-25 4.2567E-08 7.1712E-09 2.3573E-07 1.0839E-07 2.7829E-07 2.49E-06 4.41E-06   0.147 0.6000 7.6150E-06   1061.397
11601.00 0.86375523 2.6597E-26            2.2101E-25 4.2062E-08 7.0711E-09 2.3246E-07 1.0679E-07 2.7452E-07 2.45E-06 4.34E-06   0.146 0.6000 7.4906E-06   1061.216
11611.00 0.86272496 2.5595E-26            2.1076E-25 4.1836E-08 7.0511E-09 2.3094E-07 1.0605E-07 2.7278E-07 2.43E-06 4.33E-06   0.148 0.6000 7.4800E-06   1061.527
11621.00 0.86301798 2.4362E-26            2.0129E-25 4.2413E-08 7.1351E-09 2.3367E-07 1.0722E-07 2.7608E-07 2.46E-06 4.37E-06   0.147 0.6000 7.5536E-06   1063.080
11631.00 0.86195588 2.3434E-26            1.9195E-25 4.1943E-08 7.0736E-09 2.3079E-07 1.0587E-07 2.7274E-07 2.43E-06 4.34E-06   0.149 0.6000 7.5002E-06   1062.996
11641.00 0.86101580 2.2539E-26            1.8305E-25 4.1721E-08 7.0530E-09 2.2934E-07 1.0516E-07 2.7106E-07 2.41E-06 4.33E-06   0.150 0.6000 7.4886E-06   1063.318
11651.00 0.86170268 2.1396E-26            1.7490E-25 4.1982E-08 7.0753E-09 2.3027E-07 1.0548E-07 2.7225E-07 2.42E-06 4.33E-06   0.149 0.6000 7.4886E-06   1064.355
11661.00 0.85785764 2.1023E-26            1.6624E-25 4.1850E-08 7.1364E-09 2.2971E-07 1.0529E-07 2.7156E-07 2.42E-06 4.39E-06   0.153 0.6000 7.6222E-06   1064.923
11671.00 0.86068165 1.9652E-26            1.5923E-25 4.2719E-08 7.2116E-09 2.3366E-07 1.0691E-07 2.7637E-07 2.45E-06 4.41E-06   0.150 0.6000 7.6343E-06   1066.852
11681.00 0.85873562 1.9026E-26            1.5169E-25 4.1625E-08 7.0657E-09 2.2758E-07 1.0415E-07 2.6921E-07 2.39E-06 4.33E-06   0.152 0.6000 7.5086E-06   1065.813
11691.00 0.85755712 1.8333E-26            1.4461E-25 4.0137E-08 6.8339E-09 2.1925E-07 1.0034E-07 2.5938E-07 2.30E-06 4.19E-06   0.154 0.6000 7.2750E-06   1064.043
11701.00 0.85628676 1.7652E-26            1.3787E-25 3.0008E-08 5.1150E-09 1.6365E-07 7.4878E-08 1.9366E-07 1.72E-06 3.13E-06   0.155 0.6000 5.4498E-06   1045.460
11711.00 0.85392177 1.7149E-26            1.3125E-25 3.5419E-08 6.0784E-09 1.9310E-07 8.8337E-08 2.2852E-07 2.03E-06 3.73E-06   0.158 0.6000 6.5087E-06   1057.051
11721.00 0.85759532 1.5933E-26            1.2585E-25 4.1125E-08 6.9846E-09 2.2345E-07 1.0200E-07 2.6458E-07 2.34E-06 4.26E-06   0.154 0.6000 7.4074E-06   1067.594
11731.00 0.85408044 1.5593E-26            1.1966E-25 4.1066E-08 7.0413E-09 2.2316E-07 1.0197E-07 2.6423E-07 2.34E-06 4.31E-06   0.158 0.6000 7.5244E-06   1068.243
11741.00 0.84994924 1.5319E-26            1.1369E-25 3.9037E-08 6.7693E-09 2.1224E-07 9.7111E-08 2.5128E-07 2.23E-06 4.17E-06   0.163 0.6000 7.3045E-06   1065.591
11751.00 0.85327750 1.4300E-26            1.0895E-25 4.1318E-08 7.0811E-09 2.2376E-07 1.0214E-07 2.6508E-07 2.34E-06 4.33E-06   0.159 0.6000 7.5574E-06   1069.936
11761.00 0.85575730 1.3413E-26            1.0433E-25 3.7150E-08 6.3219E-09 2.0060E-07 9.1374E-08 2.3774E-07 2.10E-06 3.84E-06   0.156 0.6000 6.6941E-06   1063.350
11771.00 0.85514021 1.2854E-26            9.9532E-26 3.9773E-08 6.7760E-09 2.1447E-07 9.7634E-08 2.5424E-07 2.24E-06 4.12E-06   0.156 0.6000 7.1784E-06   1068.589
11781.00 0.85462296 1.2317E-26            9.4964E-26 4.2231E-08 7.1990E-09 2.2745E-07 1.0356E-07 2.6968E-07 2.38E-06 4.37E-06   0.157 0.6000 7.6220E-06   1073.316
11791.00 0.85330689 1.1871E-26            9.0522E-26 4.1958E-08 7.1772E-09 2.2568E-07 1.0266E-07 2.6763E-07 2.36E-06 4.37E-06   0.159 0.6000 7.6178E-06   1073.536
11801.00 0.85816759 1.0944E-26            8.6913E-26 4.2311E-08 7.1225E-09 2.2650E-07 1.0277E-07 2.6881E-07 2.36E-06 4.29E-06   0.153 0.6000 7.4468E-06   1074.571
11811.00 0.85558212 1.0638E-26            8.2734E-26 4.1952E-08 7.1104E-09 2.2451E-07 1.0194E-07 2.6646E-07 2.34E-06 4.29E-06   0.156 0.6000 7.4721E-06   1074.714
11821.00 0.85415596 1.0267E-26            7.8842E-26 4.2412E-08 7.2117E-09 2.2676E-07 1.0296E-07 2.6917E-07 2.36E-06 4.35E-06   0.158 0.6000 7.5939E-06   1076.138
11831.00 0.85429794 9.7882E-27            7.5289E-26 4.2350E-08 7.2045E-09 2.2612E-07 1.0253E-07 2.6847E-07 2.35E-06 4.35E-06   0.157 0.6000 7.5796E-06   1076.699
11841.00 0.84894502 9.6964E-27            7.1431E-26 4.0782E-08 7.0420E-09 2.1804E-07 9.9122E-08 2.5882E-07 2.27E-06 4.28E-06   0.164 0.6000 7.4967E-06   1074.947
11851.00 0.84226155 9.6730E-27            6.7651E-26 3.9008E-08 6.8464E-09 2.0864E-07 9.4967E-08 2.4765E-07 2.18E-06 4.21E-06   0.172 0.6000 7.4088E-06   1072.697
11861.00 0.84771961 8.9121E-27            6.4999E-26 4.0955E-08 7.0836E-09 2.1819E-07 9.8949E-08 2.5914E-07 2.27E-06 4.31E-06   0.165 0.6000 7.5539E-06   1076.504
11871.00 0.84881473 8.3314E-27            6.2150E-26 4.1220E-08 7.0805E-09 2.1891E-07 9.9306E-08 2.6013E-07 2.28E-06 4.28E-06   0.164 0.6000 7.4948E-06   1077.498
11881.00 0.83738881 8.4772E-27            5.8524E-26 3.9254E-08 6.9510E-09 2.0909E-07 9.5333E-08 2.4834E-07 2.19E-06 4.28E-06   0.177 0.6000 7.5634E-06   1075.088
11891.00 0.83077824 8.4000E-27            5.5430E-26 3.8410E-08 6.9022E-09 2.0434E-07 9.3266E-08 2.4275E-07 2.14E-06 4.29E-06   0.185 0.6000 7.6272E-06   1074.284
11901.00 0.83919156 7.6665E-27            5.3457E-26 3.9728E-08 7.0102E-09 2.1070E-07 9.5823E-08 2.5042E-07 2.20E-06 4.29E-06   0.175 0.6000 7.5712E-06   1077.122
11911.00 0.83887446 7.3299E-27            5.1005E-26 3.9671E-08 6.9799E-09 2.0981E-07 9.5266E-08 2.4948E-07 2.19E-06 4.27E-06   0.176 0.6000 7.5362E-06   1077.601
11921.00 0.82690316 7.4670E-27            4.8012E-26 3.6065E-08 6.5610E-09 1.9107E-07 8.6913E-08 2.2714E-07 1.99E-06 4.10E-06   0.190 0.6000 7.3140E-06   1072.011
11931.00 0.82479304 7.1891E-27            4.5728E-26 3.7779E-08 6.8237E-09 1.9948E-07 9.0958E-08 2.3726E-07 2.09E-06 4.25E-06   0.193 0.6000 7.5712E-06   1075.672
11941.00 0.81491596 7.2320E-27            4.3107E-26 3.6454E-08 6.7345E-09 1.9261E-07 8.8280E-08 2.2907E-07 2.03E-06 4.24E-06   0.205 0.6000 7.6217E-06   1074.040
11951.00 0.81587023 6.8401E-27            4.1217E-26 3.6844E-08 6.7079E-09 1.9374E-07 8.8774E-08 2.3058E-07 2.04E-06 4.19E-06   0.203 0.6000 7.5194E-06   1075.213
11961.00 0.79735249 7.1314E-27            3.8455E-26 3.4436E-08 6.5328E-09 1.8127E-07 8.4313E-08 2.1571E-07 1.94E-06 4.16E-06   0.226 0.6000 7.5871E-06   1071.478
11971.00 0.80412364 6.5931E-27            3.7009E-26 3.5286E-08 6.5865E-09 1.8524E-07 8.5084E-08 2.2053E-07 1.95E-06 4.17E-06   0.218 0.6000 7.5688E-06   1073.682
11981.00 0.81093937 6.0718E-27            3.5653E-26 3.5770E-08 6.5586E-09 1.8691E-07 8.5248E-08 2.2268E-07 1.96E-06 4.12E-06   0.210 0.6000 7.4366E-06   1075.064
11991.00 0.76946718 6.9120E-27            3.2287E-26 3.0613E-08 6.0499E-09 1.5946E-07 7.4543E-08 1.9007E-07 1.71E-06 3.99E-06   0.262 0.6000 7.4512E-06   1065.275
12001.00 0.76947421 6.5664E-27            3.0806E-26 2.9600E-08 5.9471E-09 1.5530E-07 7.2529E-08 1.8490E-07 1.66E-06 3.93E-06   0.262 0.6000 7.3525E-06   1064.186
12011.00 0.76008308 5.9308E-27            2.9098E-26 3.2475E-08 6.1065E-09 1.6832E-07 7.6939E-08 2.0079E-07 1.77E-06 3.93E-06   0.274 0.6000 7.4651E-06   1070.348
12021.00 0.72953993 6.5925E-27            2.6606E-26 2.7798E-08 5.7527E-09 1.4395E-07 6.8321E-08 1.7174E-07 1.57E-06 3.88E-06   0.315 0.6000 7.5463E-06   1060.807
12031.00 0.77946401 5.4254E-27            2.7171E-26 3.1951E-08 6.1870E-09 1.6596E-07 7.6595E-08 1.9791E-07 1.76E-06 3.99E-06   0.249 0.6000 7.4160E-06   1070.840
12041.00 0.74461180 5.7200E-27            2.4761E-26 2.9941E-08 5.9226E-09 1.5386E-07 7.1739E-08 1.8380E-07 1.65E-06 3.91E-06   0.295 0.6000 7.5039E-06   1066.684
12051.00 0.74049062 5.3327E-27            2.3526E-26 2.9970E-08 5.8719E-09 1.5408E-07 7.0723E-08 1.8405E-07 1.62E-06 3.89E-06   0.300 0.6000 7.5169E-06   1067.497
12061.00 0.71188956 4.3685E-27            2.1574E-26 2.7947E-08 5.6180E-09 1.4223E-07 6.5807E-08 1.7018E-07 1.51E-06 3.82E-06   0.340 0.6000 7.5939E-06   1063.090
12071.00 0.71955770 3.8923E-27            2.0840E-26 2.8632E-08 5.7441E-09 1.4573E-07 6.7271E-08 1.7437E-07 1.54E-06 3.87E-06   0.329 0.6000 7.6428E-06   1065.396
12081.00 0.68259209 3.9908E-27            1.8856E-26 2.4014E-08 5.2225E-09 1.2189E-07 5.7532E-08 1.4590E-07 1.32E-06 3.70E-06   0.382 0.6000 7.6030E-06   1054.588
12091.00 0.79413837 3.2132E-27            2.0933E-26 3.5574E-08 6.6064E-09 1.8271E-07 8.3096E-08 2.1828E-07 1.91E-06 4.13E-06   0.230 0.6000 7.6166E-06   1081.738
12101.00 0.75429362 3.3039E-27            1.9012E-26 3.0807E-08 6.0806E-09 1.5792E-07 7.2789E-08 1.8873E-07 1.67E-06 3.97E-06   0.282 0.6000 7.6091E-06   1072.761
12111.00 0.74979758 3.1627E-27            1.8003E-26 3.0764E-08 6.0299E-09 1.5706E-07 7.2347E-08 1.8782E-07 1.66E-06 3.93E-06   0.288 0.6000 7.5626E-06   1073.168
12121.00 0.80201763 2.7529E-27            1.8415E-26 3.6236E-08 6.6157E-09 1.8471E-07 8.3302E-08 2.2095E-07 1.91E-06 4.09E-06   0.221 0.6000 7.4981E-06   1084.739
12131.00 0.75393307 2.9501E-27            1.6512E-26 2.9752E-08 5.9843E-09 1.5129E-07 6.9995E-08 1.8104E-07 1.61E-06 3.95E-06   0.282 0.6000 7.5446E-06   1072.183
12141.00 0.65023220 3.1705E-27            1.3642E-26 2.1406E-08 4.8352E-09 1.0653E-07 5.0918E-08 1.2793E-07 1.17E-06 3.52E-06   0.430 0.6000 7.4416E-06   1050.503
12151.00 0.49596587 3.5015E-27            9.8751E-27 1.2535E-08 3.3380E-09 5.8768E-08 2.8754E-08 7.1303E-08 6.60E-07 2.90E-06   0.701 0.6000 7.5107E-06   1015.516
12161.00 0.73024833 2.6013E-27            1.3902E-26 2.8035E-08 5.6497E-09 1.4173E-07 6.5187E-08 1.6976E-07 1.50E-06 3.75E-06   0.314 0.6000 7.3702E-06   1070.120
12171.00 0.77680236 2.3185E-27            1.4131E-26 3.1874E-08 6.1940E-09 1.6281E-07 7.4439E-08 1.9468E-07 1.71E-06 3.93E-06   0.253 0.6000 7.4020E-06   1079.882
12181.00 0.81045425 2.0770E-27            1.4068E-26 3.6537E-08 6.6993E-09 1.8574E-07 8.4016E-08 2.2228E-07 1.93E-06 4.08E-06   0.210 0.6000 7.4299E-06   1089.511
12191.00 0.70323837 2.3364E-27            1.1678E-26 2.5762E-08 5.3508E-09 1.2951E-07 6.0200E-08 1.5528E-07 1.38E-06 3.63E-06   0.352 0.6000 7.3655E-06   1066.460
12201.00 0.69508433 2.1785E-27            1.1001E-26 2.5546E-08 5.2324E-09 1.2686E-07 5.7806E-08 1.5240E-07 1.33E-06 3.56E-06   0.364 0.6000 7.2879E-06   1065.965
12211.00 0.69280320 2.1233E-27            1.0462E-26 2.5157E-08 5.2814E-09 1.2501E-07 5.7354E-08 1.5017E-07 1.32E-06 3.63E-06   0.367 0.6000 7.4288E-06   1065.725
12221.00 0.63367409 2.1812E-27            9.1574E-27 2.0683E-08 4.6201E-09 1.0125E-07 4.7156E-08 1.2193E-07 1.08E-06 3.39E-06   0.456 0.6000 7.4096E-06   1053.132
12231.00 0.68506169 1.9493E-27            9.4222E-27 2.5905E-08 5.3942E-09 1.2881E-07 5.9327E-08 1.5471E-07 1.36E-06 3.69E-06   0.378 0.6000 7.6019E-06   1069.084
12241.00 0.63178807 2.0233E-27            8.3153E-27 2.1910E-08 4.8013E-09 1.0705E-07 4.9584E-08 1.2896E-07 1.14E-06 3.47E-06   0.459 0.6000 7.5712E-06   1058.099
12251.00 0.63769937 1.6776E-27            7.9826E-27 2.2640E-08 4.9147E-09 1.0993E-07 5.1335E-08 1.3257E-07 1.18E-06 3.50E-06   0.450 0.6000 7.5568E-06   1060.562
12261.00 0.65788180 1.3651E-27            7.8845E-27 2.2382E-08 5.0454E-09 1.0890E-07 5.2035E-08 1.3129E-07 1.19E-06 3.60E-06   0.419 0.6000 7.5676E-06   1060.653
12271.00 0.66105205 1.1732E-27            7.5537E-27 2.1871E-08 5.0487E-09 1.0773E-07 5.1809E-08 1.2960E-07 1.19E-06 3.62E-06   0.414 0.6000 7.5742E-06   1060.539
12281.00 0.70376396 9.9735E-28            7.6783E-27 2.5443E-08 5.6197E-09 1.2585E-07 6.0774E-08 1.5129E-07 1.39E-06 3.81E-06   0.351 0.6000 7.5993E-06   1071.202
12291.00 0.69019377 1.1093E-27            7.1905E-27 2.4809E-08 5.4085E-09 1.2228E-07 5.7094E-08 1.4709E-07 1.31E-06 3.75E-06   0.371 0.6000 7.6171E-06   1070.089
12301.00 0.77341831 8.6094E-28            7.6899E-27 3.2855E-08 6.4146E-09 1.6330E-07 7.4578E-08 1.9616E-07 1.71E-06 4.05E-06   0.257 0.6000 7.5809E-06   1089.784
12311.00 0.78370947 8.3369E-28            7.4369E-27 3.3142E-08 6.4717E-09 1.6522E-07 7.4740E-08 1.9836E-07 1.72E-06 4.08E-06   0.244 0.6000 7.5827E-06   1091.256
12321.00 0.79041773 8.0826E-28            7.1647E-27 3.4501E-08 6.6061E-09 1.7194E-07 7.7791E-08 2.0644E-07 1.79E-06 4.08E-06   0.235 0.6000 7.5619E-06   1094.670
12331.00 0.80743086 7.9578E-28            6.9837E-27 3.6959E-08 6.8791E-09 1.8377E-07 8.2416E-08 2.2073E-07 1.89E-06 4.16E-06   0.214 0.6000 7.5814E-06   1099.940
12341.00 0.82146192 7.8149E-28            6.7846E-27 3.8989E-08 7.0048E-09 1.9291E-07 8.5469E-08 2.3190E-07 1.96E-06 4.15E-06   0.197 0.6000 7.4845E-06   1104.044
12351.00 0.81984133 7.4483E-28            6.4621E-27 3.8229E-08 6.8882E-09 1.8924E-07 8.3883E-08 2.2747E-07 1.93E-06 4.08E-06   0.199 0.6000 7.3918E-06   1103.449
12361.00 0.82930875 7.2548E-28            6.2414E-27 4.0795E-08 7.1317E-09 2.0068E-07 8.8391E-08 2.4148E-07 2.03E-06 4.15E-06   0.187 0.6000 7.4500E-06   1108.287
12371.00 0.83169973 6.9630E-28            5.9739E-27 4.1461E-08 7.2207E-09 2.0374E-07 8.9544E-08 2.4520E-07 2.06E-06 4.18E-06   0.184 0.6000 7.4992E-06   1110.073
12381.00 0.83744550 6.7326E-28            5.7428E-27 4.3068E-08 7.3602E-09 2.1071E-07 9.2375E-08 2.5377E-07 2.12E-06 4.21E-06   0.177 0.6000 7.5115E-06   1113.189
12391.00 0.83584678 6.4187E-28            5.4714E-27 4.3165E-08 7.3920E-09 2.1083E-07 9.2386E-08 2.5399E-07 2.12E-06 4.23E-06   0.179 0.6000 7.5618E-06   1113.981
12401.00 0.83500844 6.1237E-28            5.2174E-27 4.3348E-08 7.4587E-09 2.1170E-07 9.2909E-08 2.5505E-07 2.13E-06 4.27E-06   0.180 0.6000 7.6275E-06   1114.999
12411.00 0.83793414 5.8887E-28            4.9982E-27 4.3795E-08 7.4610E-09 2.1317E-07 9.3200E-08 2.5696E-07 2.14E-06 4.24E-06   0.177 0.6000 7.5712E-06   1116.251
12421.00 0.83422381 5.5947E-28            4.7509E-27 4.1942E-08 7.1904E-09 2.0397E-07 8.9332E-08 2.4592E-07 2.05E-06 4.10E-06   0.181 0.6000 7.3492E-06   1113.923
12431.00 0.81758183 5.1782E-28            4.4431E-27 3.9291E-08 7.0627E-09 1.9198E-07 8.4824E-08 2.3127E-07 1.95E-06 4.14E-06   0.201 0.6000 7.5224E-06   1110.402
12441.00 0.81981802 4.9754E-28            4.2536E-27 4.0149E-08 7.1408E-09 1.9551E-07 8.6030E-08 2.3566E-07 1.97E-06 4.16E-06   0.199 0.6000 7.5586E-06   1112.428
12451.00 0.81739783 4.7348E-28            4.0487E-27 3.9208E-08 7.0217E-09 1.9076E-07 8.3943E-08 2.2997E-07 1.93E-06 4.11E-06   0.202 0.6000 7.4655E-06   1111.468
12461.00 0.81286639 4.4820E-28            3.8423E-27 3.8281E-08 6.9970E-09 1.8668E-07 8.2305E-08 2.2496E-07 1.89E-06 4.13E-06   0.207 0.6000 7.5531E-06   1110.677
12471.00 0.82144845 4.3630E-28            3.7078E-27 4.0927E-08 7.2276E-09 1.9807E-07 8.6744E-08 2.3900E-07 1.99E-06 4.19E-06   0.197 0.6000 7.5917E-06   1115.584
12481.00 0.81181818 4.1028E-28            3.4971E-27 3.9792E-08 7.0938E-09 1.9212E-07 8.4495E-08 2.3191E-07 1.94E-06 4.14E-06   0.208 0.6000 7.5823E-06   1114.228
12491.00 0.81672329 3.9568E-28            3.3583E-27 4.0344E-08 7.1222E-09 1.9439E-07 8.5168E-08 2.3474E-07 1.95E-06 4.13E-06   0.202 0.6000 7.5158E-06   1115.792
12501.00 0.81951648 3.7973E-28            3.2158E-27 4.0107E-08 7.0733E-09 1.9301E-07 8.4312E-08 2.3312E-07 1.94E-06 4.09E-06   0.199 0.6000 7.4276E-06   1116.039
12511.00 0.83273911 3.7202E-28            3.1201E-27 4.3603E-08 7.4739E-09 2.0902E-07 9.0806E-08 2.5263E-07 2.08E-06 4.23E-06   0.183 0.6000 7.5963E-06   1122.363
12521.00 0.82444894 3.5029E-28            2.9487E-27 4.2014E-08 7.3332E-09 2.0151E-07 8.7896E-08 2.4352E-07 2.02E-06 4.19E-06   0.193 0.6000 7.5909E-06   1120.528
12531.00 0.83428049 3.4097E-28            2.8482E-27 4.4056E-08 7.5131E-09 2.1041E-07 9.1292E-08 2.5446E-07 2.10E-06 4.22E-06   0.181 0.6000 7.5761E-06   1124.329
12541.00 0.82468849 3.2030E-28            2.6877E-27 4.2126E-08 7.3423E-09 2.0146E-07 8.7875E-08 2.4359E-07 2.02E-06 4.18E-06   0.193 0.6000 7.5663E-06   1122.001
12551.00 0.80775809 2.9684E-28            2.5139E-27 3.9129E-08 7.0937E-09 1.8746E-07 8.2792E-08 2.2659E-07 1.90E-06 4.12E-06   0.213 0.6000 7.5782E-06   1117.704
12561.00 0.80058903 2.7968E-28            2.3760E-27 3.7545E-08 6.9101E-09 1.8004E-07 7.9669E-08 2.1759E-07 1.83E-06 4.06E-06   0.222 0.6000 7.5178E-06   1115.629
12571.00 0.83310539 2.8431E-28            2.3613E-27 4.4027E-08 7.4930E-09 2.0909E-07 9.0604E-08 2.5312E-07 2.08E-06 4.19E-06   0.183 0.6000 7.5341E-06   1126.872
12581.00 0.83758122 2.7409E-28            2.2659E-27 4.3564E-08 7.3184E-09 2.0613E-07 8.9033E-08 2.4969E-07 2.04E-06 4.06E-06   0.177 0.6000 7.2713E-06   1126.646
12591.00 0.84225905 2.6440E-28            2.1751E-27 4.4991E-08 7.4464E-09 2.1200E-07 9.1252E-08 2.5700E-07 2.09E-06 4.09E-06   0.172 0.6000 7.2954E-06   1129.400
12601.00 0.83656710 2.5033E-28            2.0629E-27 4.3969E-08 7.3544E-09 2.0706E-07 8.9271E-08 2.5103E-07 2.05E-06 4.06E-06   0.178 0.6000 7.2929E-06   1128.477
12611.00 0.81803447 2.3121E-28            1.9247E-27 4.1539E-08 7.2326E-09 1.9620E-07 8.5307E-08 2.3774E-07 1.96E-06 4.10E-06   0.201 0.6000 7.4861E-06   1125.396
12621.00 0.81737602 2.2079E-28            1.8361E-27 4.1548E-08 7.2460E-09 1.9611E-07 8.5455E-08 2.3765E-07 1.96E-06 4.09E-06   0.202 0.6000 7.4847E-06   1126.097
12631.00 0.82397425 2.1337E-28            1.7664E-27 4.1749E-08 7.2299E-09 1.9680E-07 8.5376E-08 2.3855E-07 1.96E-06 4.06E-06   0.194 0.6000 7.3759E-06   1127.087
12641.00 0.81427920 2.0047E-28            1.6663E-27 4.1056E-08 7.2298E-09 1.9345E-07 8.4274E-08 2.3451E-07 1.93E-06 4.10E-06   0.205 0.6000 7.5189E-06   1126.618
12651.00 0.81448698 1.9191E-28            1.5913E-27 4.1752E-08 7.3063E-09 1.9600E-07 8.5099E-08 2.3775E-07 1.95E-06 4.13E-06   0.205 0.6000 7.5744E-06   1128.303
12661.00 0.80326605 1.7959E-28            1.4982E-27 3.9463E-08 7.1086E-09 1.8564E-07 8.1290E-08 2.2510E-07 1.87E-06 4.08E-06   0.219 0.6000 7.5617E-06   1125.216
12671.00 0.81339478 1.7453E-28            1.4475E-27 4.0982E-08 7.3038E-09 1.9264E-07 8.3943E-08 2.3363E-07 1.93E-06 4.15E-06   0.207 0.6000 7.6006E-06   1128.531
12681.00 0.82920396 1.7199E-28            1.4086E-27 4.4316E-08 7.5605E-09 2.0681E-07 8.9124E-08 2.5113E-07 2.05E-06 4.18E-06   0.187 0.6000 7.5620E-06   1134.328
12691.00 0.82571769 1.6337E-28            1.3391E-27 4.3605E-08 7.4887E-09 2.0332E-07 8.7897E-08 2.4693E-07 2.02E-06 4.15E-06   0.192 0.6000 7.5242E-06   1133.867
12701.00 0.83165467 1.5795E-28            1.2873E-27 4.5251E-08 7.6461E-09 2.1013E-07 9.0289E-08 2.5538E-07 2.07E-06 4.20E-06   0.184 0.6000 7.5755E-06   1136.971
12711.00 0.83106166 1.5080E-28            1.2278E-27 4.5349E-08 7.6762E-09 2.1019E-07 9.0081E-08 2.5554E-07 2.07E-06 4.22E-06   0.185 0.6000 7.6222E-06   1137.742
12721.00 0.84157276 1.4712E-28            1.1869E-27 4.7182E-08 7.7396E-09 2.1747E-07 9.2680E-08 2.6465E-07 2.13E-06 4.17E-06   0.172 0.6000 7.4713E-06   1140.957
12731.00 0.84199274 1.4076E-28            1.1335E-27 4.7308E-08 7.7431E-09 2.1767E-07 9.2675E-08 2.6498E-07 2.13E-06 4.16E-06   0.172 0.6000 7.4573E-06   1141.774
12741.00 0.84201777 1.3459E-28            1.0820E-27 4.8224E-08 7.8824E-09 2.2146E-07 9.4210E-08 2.6969E-07 2.16E-06 4.23E-06   0.172 0.6000 7.5819E-06   1143.758
12751.00 0.84292972 1.2889E-28            1.0339E-27 4.8452E-08 7.8917E-09 2.2206E-07 9.4358E-08 2.7051E-07 2.17E-06 4.22E-06   0.171 0.6000 7.5638E-06   1144.706
12761.00 0.84422481 1.2353E-28            9.8835E-28 4.7677E-08 7.7259E-09 2.1802E-07 9.2532E-08 2.6570E-07 2.12E-06 4.11E-06   0.169 0.6000 7.3715E-06   1144.155
12771.00 0.84436357 1.1813E-28            9.4355E-28 4.8723E-08 7.8843E-09 2.2240E-07 9.4316E-08 2.7113E-07 2.16E-06 4.19E-06   0.169 0.6000 7.5108E-06   1146.327
12781.00 0.84438848 1.1294E-28            9.0066E-28 4.9369E-08 7.9817E-09 2.2499E-07 9.5338E-08 2.7436E-07 2.19E-06 4.24E-06   0.169 0.6000 7.5955E-06   1147.907
12791.00 0.84428275 1.0795E-28            8.5958E-28 4.9470E-08 7.9933E-09 2.2508E-07 9.5305E-08 2.7454E-07 2.19E-06 4.24E-06   0.169 0.6000 7.5991E-06   1148.685
12801.00 0.84440202 1.0322E-28            8.2059E-28 4.8793E-08 7.8729E-09 2.2160E-07 9.3749E-08 2.7039E-07 2.15E-06 4.17E-06   0.169 0.6000 7.4738E-06   1148.322
12811.00 0.84405214 9.8609E-29            7.8294E-28 4.9367E-08 7.9686E-09 2.2390E-07 9.4661E-08 2.7327E-07 2.17E-06 4.21E-06   0.170 0.6000 7.5630E-06   1149.810
12821.00 0.84415239 9.4287E-29            7.4740E-28 4.8914E-08 7.8857E-09 2.2146E-07 9.3554E-08 2.7038E-07 2.15E-06 4.16E-06   0.169 0.6000 7.4729E-06   1149.776
12831.00 0.84374660 9.0064E-29            7.1305E-28 4.9495E-08 7.9833E-09 2.2377E-07 9.4469E-08 2.7327E-07 2.17E-06 4.21E-06   0.170 0.6000 7.5645E-06   1151.269
12841.00 0.84382308 8.6114E-29            6.8067E-28 4.9786E-08 8.0206E-09 2.2470E-07 9.4782E-08 2.7448E-07 2.18E-06 4.22E-06   0.170 0.6000 7.5875E-06   1152.317
12851.00 0.84359926 8.2287E-29            6.4953E-28 4.9782E-08 8.0190E-09 2.2433E-07 9.4564E-08 2.7412E-07 2.17E-06 4.22E-06   0.170 0.6000 7.5802E-06   1152.950
12861.00 0.84348851 7.8646E-29            6.1989E-28 4.8856E-08 7.8653E-09 2.1979E-07 9.2578E-08 2.6865E-07 2.12E-06 4.13E-06   0.170 0.6000 7.4270E-06   1152.232
12871.00 0.84341282 7.5173E-29            5.9163E-28 5.0047E-08 8.0516E-09 2.2478E-07 9.4607E-08 2.7483E-07 2.17E-06 4.22E-06   0.170 0.6000 7.5937E-06   1154.595
12881.00 0.84320021 7.1832E-29            5.6456E-28 4.9993E-08 8.0419E-09 2.2420E-07 9.4300E-08 2.7420E-07 2.16E-06 4.21E-06   0.171 0.6000 7.5782E-06   1155.159
12891.00 0.84283078 6.8619E-29            5.3863E-28 4.9956E-08 8.0400E-09 2.2374E-07 9.4052E-08 2.7369E-07 2.16E-06 4.21E-06   0.171 0.6000 7.5729E-06   1155.756
12901.00 0.84271657 6.5581E-29            5.1405E-28 4.7629E-08 7.6619E-09 2.1298E-07 8.9467E-08 2.6061E-07 2.05E-06 4.01E-06   0.171 0.6000 7.2091E-06   1152.964
12911.00 0.84232026 6.2643E-29            4.9043E-28 4.8699E-08 7.8402E-09 2.1750E-07 9.1325E-08 2.6620E-07 2.10E-06 4.10E-06   0.172 0.6000 7.3749E-06   1155.216
12921.00 0.84211648 5.9860E-29            4.6799E-28 5.0122E-08 8.0691E-09 2.2355E-07 9.3805E-08 2.7368E-07 2.15E-06 4.21E-06   0.172 0.6000 7.5841E-06   1157.937
12931.00 0.84168494 5.7175E-29            4.4646E-28 4.9790E-08 8.0235E-09 2.2185E-07 9.3046E-08 2.7164E-07 2.14E-06 4.18E-06   0.172 0.6000 7.5411E-06   1158.126
12941.00 0.84111518 5.4594E-29            4.2585E-28 4.8477E-08 7.8258E-09 2.1583E-07 9.0504E-08 2.6431E-07 2.08E-06 4.08E-06   0.173 0.6000 7.3599E-06   1156.886
12951.00 0.84081542 5.2159E-29            4.0632E-28 4.9124E-08 7.9342E-09 2.1845E-07 9.1556E-08 2.6758E-07 2.10E-06 4.13E-06   0.173 0.6000 7.4590E-06   1158.497
12961.00 0.84037572 4.9818E-29            3.8763E-28 4.8436E-08 7.8292E-09 2.1515E-07 9.0141E-08 2.6359E-07 2.07E-06 4.07E-06   0.174 0.6000 7.3595E-06   1158.144
12971.00 0.83958530 4.7551E-29            3.6964E-28 4.9218E-08 7.9728E-09 2.1849E-07 9.1566E-08 2.6771E-07 2.10E-06 4.15E-06   0.175 0.6000 7.5010E-06   1159.988
12981.00 0.83672154 4.5197E-29            3.5161E-28 4.7991E-08 7.8720E-09 2.1382E-07 8.9944E-08 2.6181E-07 2.06E-06 4.10E-06   0.178 0.6000 7.4677E-06   1159.111
12991.00 0.83216095 4.2811E-29            3.3376E-28 4.6525E-08 7.7680E-09 2.0839E-07 8.8332E-08 2.5491E-07 2.03E-06 4.05E-06   0.184 0.6000 7.4373E-06   1157.920
13001.00 0.82453871 4.0329E-29            3.1565E-28 4.5089E-08 7.6746E-09 2.0281E-07 8.6704E-08 2.4790E-07 1.99E-06 4.02E-06   0.193 0.6000 7.4697E-06   1156.645
13011.00 0.81607109 3.7964E-29            2.9820E-28 4.4504E-08 7.6408E-09 1.9971E-07 8.5898E-08 2.4421E-07 1.97E-06 4.01E-06   0.203 0.6000 7.5399E-06   1156.300
13021.00 0.79891652 3.5216E-29            2.7866E-28 4.1929E-08 7.3344E-09 1.8832E-07 8.1574E-08 2.3025E-07 1.87E-06 3.89E-06   0.224 0.6000 7.5258E-06   1152.830
13031.00 0.78246915 3.2802E-29            2.6050E-28 3.9458E-08 7.0453E-09 1.7759E-07 7.7306E-08 2.1705E-07 1.77E-06 3.78E-06   0.245 0.6000 7.5545E-06   1149.379
13041.00 0.75501513 3.3332E-29            2.3994E-28 3.4581E-08 6.2295E-09 1.5558E-07 6.7171E-08 1.9016E-07 1.54E-06 3.39E-06   0.281 0.6000 7.1580E-06   1140.849
13051.00 0.73083365 3.0247E-29            2.2169E-28 2.8727E-08 5.5469E-09 1.3113E-07 5.8106E-08 1.5986E-07 1.33E-06 3.11E-06   0.314 0.6000 7.0679E-06   1129.643
13061.00 0.68719405 2.9351E-29            1.9905E-28 2.4615E-08 4.9383E-09 1.1308E-07 5.0050E-08 1.3770E-07 1.15E-06 2.86E-06   0.375 0.6000 7.3488E-06   1120.298
13071.00 0.63717335 3.1478E-29            1.7621E-28 2.0906E-08 4.2109E-09 9.5980E-08 4.1132E-08 1.1689E-07 9.44E-07 2.53E-06   0.451 0.6000 7.5912E-06   1110.158
13081.00 0.59767640 2.8145E-29            1.5768E-28 1.6266E-08 3.4664E-09 7.5447E-08 3.2566E-08 9.1713E-08 7.47E-07 2.16E-06   0.515 0.6000 7.5900E-06   1095.180
13091.00 0.54514122 2.5486E-29            1.3722E-28 1.1358E-08 2.6169E-09 5.3022E-08 2.3086E-08 6.4380E-08 5.30E-07 1.73E-06   0.607 0.6000 7.5855E-06   1073.764
13101.00 0.52152830 2.5991E-29            1.2528E-28 9.2725E-09 2.1910E-09 4.3180E-08 1.8577E-08 5.2452E-08 4.26E-07 1.50E-06   0.651 0.6000 7.5818E-06   1062.039
13111.00 0.54777211 2.6207E-29            1.2551E-28 1.0215E-08 2.3761E-09 4.7594E-08 2.0418E-08 5.7809E-08 4.69E-07 1.60E-06   0.602 0.6000 7.5031E-06   1068.567
13121.00 0.69148701 2.3549E-29            1.5118E-28 2.3807E-08 4.5168E-09 1.0770E-07 4.5449E-08 1.3151E-07 1.04E-06 2.59E-06   0.369 0.6000 7.2390E-06   1121.450
13131.00 0.52600044 2.0851E-29            1.1025E-28 8.4375E-09 2.0547E-09 3.8501E-08 1.7306E-08 4.6938E-08 3.97E-07 1.41E-06   0.642 0.6000 7.4454E-06   1057.445
13141.00 0.36989102 2.4240E-29            7.3888E-29 1.4829E-09 5.6330E-10 6.0323E-09 2.9009E-09 7.5152E-09 6.66E-08 5.64E-07   0.995 0.6000 7.4787E-06    959.723
13151.00 0.33056745 2.7739E-29            6.2809E-29 1.4948E-09 6.0029E-10 5.9713E-09 3.0649E-09 7.4661E-09 7.03E-08 5.98E-07   1.107 0.6000 7.4464E-06    960.023
13161.00 0.47047466 2.1763E-29            8.5035E-29 9.7565E-09 2.3977E-09 4.3061E-08 2.0595E-08 5.2818E-08 4.73E-07 1.63E-06   0.754 0.6000 7.5141E-06   1066.497
13171.00 0.79492110 1.8590E-29            1.3754E-28 4.4599E-08 7.3946E-09 1.9288E-07 8.0238E-08 2.3748E-07 1.84E-06 3.83E-06   0.230 0.6000 7.4986E-06   1165.865
13181.00 0.83740556 1.8371E-29            1.3853E-28 4.9775E-08 7.9481E-09 2.1315E-07 8.7689E-08 2.6292E-07 2.01E-06 4.03E-06   0.177 0.6000 7.3163E-06   1173.936
13191.00 0.83786345 1.7578E-29            1.3229E-28 5.1339E-08 8.1699E-09 2.1922E-07 9.0086E-08 2.7056E-07 2.07E-06 4.13E-06   0.177 0.6000 7.4903E-06   1176.747
13201.00 0.83776933 1.6800E-29            1.2625E-28 5.1142E-08 8.1336E-09 2.1803E-07 8.9527E-08 2.6917E-07 2.05E-06 4.10E-06   0.177 0.6000 7.4493E-06   1177.098
13211.00 0.83770853 1.6057E-29            1.2049E-28 5.1230E-08 8.1408E-09 2.1803E-07 8.9452E-08 2.6926E-07 2.05E-06 4.10E-06   0.177 0.6000 7.4483E-06   1177.847
13221.00 0.83749986 1.5342E-29            1.1497E-28 5.1109E-08 8.1201E-09 2.1719E-07 8.9042E-08 2.6830E-07 2.04E-06 4.09E-06   0.177 0.6000 7.4250E-06   1178.312
13231.00 0.83727944 1.4659E-29            1.0970E-28 5.0869E-08 8.0805E-09 2.1584E-07 8.8422E-08 2.6671E-07 2.03E-06 4.06E-06   0.178 0.6000 7.3850E-06   1178.603
13241.00 0.83711034 1.4008E-29            1.0468E-28 5.1766E-08 8.2206E-09 2.1931E-07 8.9778E-08 2.7107E-07 2.06E-06 4.13E-06   0.178 0.6000 7.5083E-06   1180.516
13251.00 0.83698612 1.3386E-29            9.9896E-29 5.1983E-08 8.2503E-09 2.1987E-07 8.9935E-08 2.7185E-07 2.06E-06 4.14E-06   0.178 0.6000 7.5299E-06   1181.451
13261.00 0.83665413 1.2787E-29            9.5306E-29 5.2137E-08 8.2770E-09 2.2021E-07 9.0013E-08 2.7234E-07 2.07E-06 4.15E-06   0.178 0.6000 7.5529E-06   1182.309
13271.00 0.83659995 1.2222E-29            9.0956E-29 5.1687E-08 8.1987E-09 2.1794E-07 8.9011E-08 2.6962E-07 2.04E-06 4.10E-06   0.178 0.6000 7.4749E-06   1182.300
13281.00 0.83640838 1.1678E-29            8.6791E-29 5.1274E-08 8.1309E-09 2.1586E-07 8.8096E-08 2.6713E-07 2.02E-06 4.06E-06   0.179 0.6000 7.4093E-06   1182.345
13291.00 0.83617485 1.1158E-29            8.2813E-29 5.1124E-08 8.1056E-09 2.1489E-07 8.7636E-08 2.6601E-07 2.01E-06 4.05E-06   0.179 0.6000 7.3830E-06   1182.764
13301.00 0.83587629 1.0659E-29            7.9010E-29 5.1812E-08 8.2156E-09 2.1746E-07 8.8620E-08 2.6927E-07 2.03E-06 4.10E-06   0.179 0.6000 7.4823E-06   1184.380
13311.00 0.83578235 1.0187E-29            7.5400E-29 5.0301E-08 7.9716E-09 2.1079E-07 8.5835E-08 2.6109E-07 1.97E-06 3.97E-06   0.179 0.6000 7.2543E-06   1182.847
13321.00 0.83525896 9.7270E-30            7.1919E-29 5.1785E-08 8.2131E-09 2.1669E-07 8.8183E-08 2.6848E-07 2.02E-06 4.09E-06   0.180 0.6000 7.4775E-06   1185.614
13331.00 0.83516246 9.2959E-30            6.8632E-29 5.1384E-08 8.1445E-09 2.1467E-07 8.7296E-08 2.6606E-07 2.00E-06 4.05E-06   0.180 0.6000 7.4089E-06   1185.674
13341.00 0.83499002 8.8827E-30            6.5490E-29 5.0262E-08 7.9639E-09 2.0966E-07 8.5188E-08 2.5992E-07 1.96E-06 3.95E-06   0.180 0.6000 7.2399E-06   1184.690
13351.00 0.83498460 8.4906E-30            6.2504E-29 5.1903E-08 8.2163E-09 2.1615E-07 8.7751E-08 2.6805E-07 2.01E-06 4.07E-06   0.180 0.6000 7.4618E-06   1187.670
13361.00 0.83475077 8.1122E-30            5.9639E-29 5.1633E-08 8.1723E-09 2.1469E-07 8.7096E-08 2.6632E-07 2.00E-06 4.05E-06   0.181 0.6000 7.4177E-06   1187.921
13371.00 0.83419853 7.7453E-30            5.6882E-29 5.1528E-08 8.1627E-09 2.1394E-07 8.6735E-08 2.6546E-07 1.99E-06 4.04E-06   0.181 0.6000 7.4110E-06   1188.407
13381.00 0.83389920 7.3993E-30            5.4270E-29 5.1836E-08 8.2130E-09 2.1491E-07 8.7068E-08 2.6675E-07 2.00E-06 4.06E-06   0.182 0.6000 7.4538E-06   1189.486
13391.00 0.83371067 7.0697E-30            5.1783E-29 5.1905E-08 8.2219E-09 2.1489E-07 8.6992E-08 2.6679E-07 2.00E-06 4.06E-06   0.182 0.6000 7.4568E-06   1190.222
13401.00 0.83324569 6.7516E-30            4.9396E-29 5.1485E-08 8.1594E-09 2.1281E-07 8.6096E-08 2.6429E-07 1.98E-06 4.03E-06   0.182 0.6000 7.3986E-06   1190.255
13411.00 0.83223528 6.4401E-30            4.7086E-29 5.1773E-08 8.2257E-09 2.1375E-07 8.6432E-08 2.6552E-07 1.98E-06 4.06E-06   0.184 0.6000 7.4693E-06   1191.320
13421.00 0.83274198 6.1619E-30            4.4965E-29 5.0925E-08 8.0694E-09 2.0986E-07 8.4771E-08 2.6078E-07 1.95E-06 3.98E-06   0.183 0.6000 7.3080E-06   1190.720
13431.00 0.83118463 5.8717E-30            4.2837E-29 4.9944E-08 7.9456E-09 2.0557E-07 8.3027E-08 2.5551E-07 1.91E-06 3.92E-06   0.185 0.6000 7.2145E-06   1189.944
13441.00 0.83059031 5.6052E-30            4.0852E-29 5.1505E-08 8.2020E-09 2.1169E-07 8.5436E-08 2.6319E-07 1.96E-06 4.05E-06   0.186 0.6000 7.4488E-06   1192.841
13451.00 0.83169913 5.3701E-30            3.9042E-29 5.1967E-08 8.2385E-09 2.1317E-07 8.5916E-08 2.6513E-07 1.97E-06 4.05E-06   0.184 0.6000 7.4513E-06   1194.106
13461.00 0.82657456 5.0812E-30            3.7035E-29 5.0119E-08 8.0642E-09 2.0559E-07 8.2968E-08 2.5571E-07 1.90E-06 4.00E-06   0.190 0.6000 7.3809E-06   1192.168
13471.00 0.82556534 4.8458E-30            3.5297E-29 4.8150E-08 7.7700E-09 1.9731E-07 7.9635E-08 2.4546E-07 1.83E-06 3.85E-06   0.192 0.6000 7.1206E-06   1189.895
13481.00 0.82519865 4.6293E-30            3.3677E-29 4.8229E-08 7.7799E-09 1.9733E-07 7.9557E-08 2.4556E-07 1.83E-06 3.85E-06   0.192 0.6000 7.1258E-06   1190.643
13491.00 0.81950939 4.3751E-30            3.1918E-29 4.6747E-08 7.6607E-09 1.9132E-07 7.7323E-08 2.3806E-07 1.77E-06 3.83E-06   0.199 0.6000 7.1079E-06   1189.102
13501.00 0.82424092 4.2204E-30            3.0637E-29 4.9385E-08 7.9822E-09 2.0146E-07 8.1100E-08 2.5084E-07 1.86E-06 3.95E-06   0.193 0.6000 7.3132E-06   1193.644
13511.00 0.81639421 3.9748E-30            2.8968E-29 4.7483E-08 7.8309E-09 1.9374E-07 7.8231E-08 2.4123E-07 1.80E-06 3.92E-06   0.203 0.6000 7.3098E-06   1191.504
13521.00 0.80703437 3.7301E-30            2.7326E-29 4.5428E-08 7.6712E-09 1.8548E-07 7.5272E-08 2.3091E-07 1.73E-06 3.89E-06   0.214 0.6000 7.3173E-06   1189.037
13531.00 0.80999327 3.5838E-30            2.6167E-29 4.4745E-08 7.4953E-09 1.8230E-07 7.3872E-08 2.2704E-07 1.70E-06 3.78E-06   0.211 0.6000 7.0827E-06   1188.530
13541.00 0.79814059 3.3501E-30            2.4617E-29 4.3579E-08 7.5064E-09 1.7744E-07 7.2204E-08 2.2102E-07 1.66E-06 3.85E-06   0.225 0.6000 7.2893E-06   1187.300
13551.00 0.81020314 3.2744E-30            2.3844E-29 4.7012E-08 7.8779E-09 1.9098E-07 7.7102E-08 2.3799E-07 1.77E-06 3.97E-06   0.210 0.6000 7.4378E-06   1193.395
13561.00 0.79846025 3.0639E-30            2.2437E-29 4.4804E-08 7.6939E-09 1.8200E-07 7.3900E-08 2.2680E-07 1.70E-06 3.93E-06   0.225 0.6000 7.4514E-06   1190.604
13571.00 0.78401619 2.8466E-30            2.1017E-29 4.1831E-08 7.4140E-09 1.6979E-07 6.9592E-08 2.1162E-07 1.60E-06 3.86E-06   0.243 0.6000 7.3967E-06   1186.307
13581.00 0.78110617 2.7002E-30            1.9983E-29 4.0240E-08 7.2745E-09 1.6384E-07 6.7488E-08 2.0408E-07 1.55E-06 3.81E-06   0.247 0.6000 7.3305E-06   1184.411
13591.00 0.79554754 2.6543E-30            1.9423E-29 4.2987E-08 7.4880E-09 1.7441E-07 7.1041E-08 2.1739E-07 1.63E-06 3.83E-06   0.229 0.6000 7.2885E-06   1189.681
13601.00 0.78326106 2.4871E-30            1.8258E-29 4.2340E-08 7.4300E-09 1.7053E-07 6.9409E-08 2.1287E-07 1.59E-06 3.85E-06   0.244 0.6000 7.3844E-06   1188.876
13611.00 0.78455985 2.3789E-30            1.7445E-29 4.2806E-08 7.5253E-09 1.7255E-07 7.0425E-08 2.1535E-07 1.62E-06 3.89E-06   0.243 0.6000 7.4548E-06   1190.429
13621.00 0.80743587 2.3751E-30            1.7138E-29 4.7498E-08 7.9415E-09 1.9081E-07 7.6613E-08 2.3830E-07 1.76E-06 3.97E-06   0.214 0.6000 7.4763E-06   1198.522
13631.00 0.76161706 2.0878E-30            1.5435E-29 3.9723E-08 7.1833E-09 1.5901E-07 6.5522E-08 1.9874E-07 1.50E-06 3.78E-06   0.272 0.6000 7.3964E-06   1186.072
13641.00 0.77273923 2.0358E-30            1.4938E-29 4.0506E-08 7.1891E-09 1.6184E-07 6.5683E-08 2.0234E-07 1.51E-06 3.76E-06   0.258 0.6000 7.2736E-06   1188.077
13651.00 0.78030205 2.0051E-30            1.4396E-29 4.1712E-08 7.3099E-09 1.6683E-07 6.7541E-08 2.0854E-07 1.55E-06 3.77E-06   0.248 0.6000 7.2899E-06   1190.965
13661.00 0.70722771 1.9339E-30            1.2460E-29 3.2311E-08 6.3435E-09 1.2785E-07 5.3220E-08 1.6016E-07 1.22E-06 3.57E-06   0.346 0.6000 7.3809E-06   1172.906
13671.00 0.70328403 1.5482E-30            1.1826E-29 2.9346E-08 6.1256E-09 1.1656E-07 4.9247E-08 1.4591E-07 1.13E-06 3.53E-06   0.352 0.6000 7.3220E-06   1167.121
13681.00 0.71149367 1.6733E-30            1.1412E-29 3.1835E-08 6.2533E-09 1.2542E-07 5.2032E-08 1.5726E-07 1.19E-06 3.50E-06   0.340 0.6000 7.2028E-06   1173.037
13691.00 0.67361939 1.7034E-30            1.0302E-29 2.7794E-08 5.8816E-09 1.0849E-07 4.5829E-08 1.3628E-07 1.05E-06 3.46E-06   0.395 0.6000 7.3972E-06   1163.812
13701.00 0.72876644 1.4207E-30            1.0651E-29 3.3276E-08 6.5985E-09 1.3228E-07 5.5506E-08 1.6556E-07 1.27E-06 3.64E-06   0.316 0.6000 7.3541E-06   1178.055
13711.00 0.64391708 1.3311E-30            8.9806E-30 2.2640E-08 5.2122E-09 8.7700E-08 3.8436E-08 1.1034E-07 8.82E-07 3.18E-06   0.440 0.6000 7.0258E-06   1150.858
13721.00 0.73247594 1.3656E-30            9.7321E-30 3.5372E-08 6.5667E-09 1.3846E-07 5.6979E-08 1.7384E-07 1.31E-06 3.51E-06   0.311 0.6000 7.1045E-06   1182.914
13731.00 0.70923650 1.2757E-30            9.0225E-30 3.1380E-08 6.2432E-09 1.2311E-07 5.0937E-08 1.5449E-07 1.17E-06 3.52E-06   0.344 0.6000 7.3140E-06   1175.315
13741.00 0.61610430 1.3461E-30            7.4572E-30 2.2986E-08 5.0955E-09 8.6536E-08 3.6386E-08 1.0952E-07 8.35E-07 3.20E-06   0.484 0.6000 7.3536E-06   1152.434
13751.00 0.71881723 1.2316E-30            8.3083E-30 3.4486E-08 6.6036E-09 1.3446E-07 5.4808E-08 1.6894E-07 1.26E-06 3.63E-06   0.330 0.6000 7.4416E-06   1183.011
13761.00 0.65668589 1.2623E-30            7.2529E-30 2.7161E-08 5.7313E-09 1.0411E-07 4.3958E-08 1.3127E-07 1.01E-06 3.36E-06   0.421 0.6000 7.3658E-06   1166.130
13771.00 0.69628996 9.8374E-31            7.3316E-30 2.8165E-08 6.0562E-09 1.1018E-07 4.6889E-08 1.3835E-07 1.08E-06 3.48E-06   0.362 0.6000 7.2949E-06   1170.445
13781.00 0.64859831 1.2402E-30            6.5283E-30 2.8401E-08 5.7359E-09 1.0827E-07 4.4962E-08 1.3667E-07 1.03E-06 3.33E-06   0.433 0.6000 7.3832E-06   1170.300
13791.00 0.68206495 9.8443E-31            6.5355E-30 2.9144E-08 6.0300E-09 1.1271E-07 4.7287E-08 1.4185E-07 1.09E-06 3.44E-06   0.383 0.6000 7.3406E-06   1173.578
13801.00 0.64323694 1.0167E-30            5.8938E-30 2.7570E-08 5.6990E-09 1.0397E-07 4.3618E-08 1.3154E-07 1.00E-06 3.31E-06   0.441 0.6000 7.3445E-06   1169.059
13811.00 0.66958058 1.0109E-30            5.8501E-30 3.0157E-08 5.9985E-09 1.1553E-07 4.7396E-08 1.4569E-07 1.09E-06 3.39E-06   0.401 0.6000 7.3600E-06   1176.834
13821.00 0.62522084 1.0190E-30            5.2065E-30 2.5948E-08 5.4369E-09 9.7093E-08 4.0283E-08 1.2304E-07 9.25E-07 3.25E-06   0.470 0.6000 7.4156E-06   1165.871
13831.00 0.74271923 8.2905E-31            5.9086E-30 3.8006E-08 6.9463E-09 1.4705E-07 5.9156E-08 1.8505E-07 1.36E-06 3.65E-06   0.297 0.6000 7.3440E-06   1195.160
13841.00 0.75963569 8.0452E-31            5.7663E-30 3.9681E-08 7.0349E-09 1.5354E-07 6.1730E-08 1.9322E-07 1.42E-06 3.59E-06   0.275 0.6000 7.1063E-06   1198.979
13851.00 0.76355910 7.7110E-31            5.5354E-30 3.9562E-08 7.1959E-09 1.5378E-07 6.1923E-08 1.9335E-07 1.42E-06 3.71E-06   0.270 0.6000 7.3322E-06   1199.734
13861.00 0.76563507 7.4015E-31            5.2974E-30 4.0113E-08 7.2419E-09 1.5552E-07 6.2594E-08 1.9563E-07 1.44E-06 3.71E-06   0.267 0.6000 7.3065E-06   1201.294
13871.00 0.67462528 7.1720E-31            4.4591E-30 2.8860E-08 5.8079E-09 1.0939E-07 4.5125E-08 1.3825E-07 1.04E-06 3.26E-06   0.394 0.6000 7.0523E-06   1177.383
13881.00 0.59682316 7.5969E-31            3.7615E-30 2.2551E-08 5.0105E-09 8.3282E-08 3.4814E-08 1.0583E-07 7.99E-07 3.08E-06   0.516 0.6000 7.3060E-06   1159.804
13891.00 0.62469757 5.9404E-31            3.7531E-30 2.2801E-08 5.2251E-09 8.5304E-08 3.6655E-08 1.0810E-07 8.41E-07 3.16E-06   0.470 0.6000 7.2275E-06   1161.927
13901.00 0.61018002 7.3272E-31            3.4973E-30 2.2969E-08 5.0022E-09 8.4198E-08 3.5456E-08 1.0717E-07 8.14E-07 3.04E-06   0.494 0.6000 7.0741E-06   1162.029
13911.00 0.56902838 8.3011E-31            3.1189E-30 2.1368E-08 4.6363E-09 7.6802E-08 3.1984E-08 9.8170E-08 7.34E-07 2.89E-06   0.564 0.6000 7.0323E-06   1156.826
13921.00 0.64558619 6.2116E-31            3.3710E-30 2.7110E-08 5.5896E-09 1.0078E-07 4.1590E-08 1.2789E-07 9.55E-07 3.20E-06   0.438 0.6000 7.1195E-06   1175.481
13931.00 0.61941105 5.4198E-31            3.0905E-30 2.3478E-08 5.2948E-09 8.7189E-08 3.7638E-08 1.1067E-07 8.64E-07 3.17E-06   0.479 0.6000 7.2560E-06   1166.275
13941.00 0.63175029 4.5143E-31            3.0043E-30 2.4093E-08 5.4733E-09 8.9254E-08 3.8322E-08 1.1335E-07 8.80E-07 3.30E-06   0.459 0.6000 7.3884E-06   1168.594
13951.00 0.71340466 4.4338E-31            3.2356E-30 3.1122E-08 6.2548E-09 1.1748E-07 4.7941E-08 1.4860E-07 1.10E-06 3.44E-06   0.338 0.6000 7.0864E-06   1188.027
13961.00 0.78480530 4.8713E-31            3.4003E-30 4.3762E-08 7.5703E-09 1.6689E-07 6.5742E-08 2.1065E-07 1.51E-06 3.75E-06   0.242 0.6000 7.2741E-06   1213.792
13971.00 0.79723907 4.7708E-31            3.2965E-30 4.6780E-08 7.8439E-09 1.7811E-07 6.9779E-08 2.2489E-07 1.60E-06 3.80E-06   0.227 0.6000 7.3034E-06   1219.323
13981.00 0.79257286 4.5196E-31            3.1284E-30 4.4293E-08 7.5207E-09 1.6860E-07 6.6032E-08 2.1289E-07 1.52E-06 3.67E-06   0.232 0.6000 7.1012E-06   1215.992
13991.00 0.80285817 4.4078E-31            3.0235E-30 4.7323E-08 7.7925E-09 1.7965E-07 6.9971E-08 2.2697E-07 1.61E-06 3.73E-06   0.220 0.6000 7.1508E-06   1221.434
14001.00 0.80740541 4.2512E-31            2.9021E-30 4.9884E-08 8.1165E-09 1.8896E-07 7.3385E-08 2.3884E-07 1.68E-06 3.85E-06   0.214 0.6000 7.3618E-06   1225.938
14011.00 0.81112921 4.0943E-31            2.7822E-30 5.0864E-08 8.1656E-09 1.9208E-07 7.4372E-08 2.4295E-07 1.71E-06 3.84E-06   0.209 0.6000 7.3230E-06   1227.927
14021.00 0.80682975 3.8773E-31            2.6412E-30 4.8368E-08 7.8904E-09 1.8272E-07 7.0786E-08 2.3109E-07 1.62E-06 3.74E-06   0.215 0.6000 7.1568E-06   1224.909
14031.00 0.81308401 3.7536E-31            2.5398E-30 5.1184E-08 8.1624E-09 1.9252E-07 7.4288E-08 2.4370E-07 1.71E-06 3.82E-06   0.207 0.6000 7.2644E-06   1229.592
14041.00 0.81136793 3.5758E-31            2.4189E-30 5.0778E-08 8.1289E-09 1.9088E-07 7.3778E-08 2.4166E-07 1.69E-06 3.80E-06   0.209 0.6000 7.2526E-06   1229.677
14051.00 0.81318247 3.4296E-31            2.3134E-30 5.1318E-08 8.1642E-09 1.9247E-07 7.4209E-08 2.4379E-07 1.70E-06 3.80E-06   0.207 0.6000 7.2437E-06   1231.050
14061.00 0.80948603 3.2532E-31            2.1978E-30 5.0326E-08 8.1022E-09 1.8869E-07 7.2750E-08 2.3902E-07 1.67E-06 3.80E-06   0.211 0.6000 7.2598E-06   1230.287
14071.00 0.80787325 3.0988E-31            2.0931E-30 5.0797E-08 8.2067E-09 1.9024E-07 7.3310E-08 2.4103E-07 1.68E-06 3.85E-06   0.213 0.6000 7.3793E-06   1231.631
14081.00 0.80622602 2.9508E-31            1.9934E-30 5.0322E-08 8.1829E-09 1.8839E-07 7.2585E-08 2.3872E-07 1.67E-06 3.85E-06   0.215 0.6000 7.3891E-06   1231.622
14091.00 0.80822164 2.8316E-31            1.9069E-30 5.0654E-08 8.1672E-09 1.8907E-07 7.2819E-08 2.3973E-07 1.67E-06 3.82E-06   0.213 0.6000 7.3099E-06   1232.655
14101.00 0.80545026 2.6937E-31            1.8138E-30 4.9622E-08 8.0216E-09 1.8479E-07 7.1072E-08 2.3441E-07 1.63E-06 3.76E-06   0.216 0.6000 7.2252E-06   1231.690
14111.00 0.81068856 2.6007E-31            1.7418E-30 5.0914E-08 8.1062E-09 1.8919E-07 7.2572E-08 2.4010E-07 1.67E-06 3.76E-06   0.210 0.6000 7.1951E-06   1234.202
14121.00 0.79824734 2.4242E-31            1.6371E-30 4.8847E-08 8.0732E-09 1.8181E-07 7.0120E-08 2.3066E-07 1.61E-06 3.83E-06   0.225 0.6000 7.4015E-06   1231.912
14131.00 0.80219948 2.3336E-31            1.5696E-30 4.9668E-08 8.1288E-09 1.8458E-07 7.0929E-08 2.3425E-07 1.63E-06 3.83E-06   0.220 0.6000 7.3775E-06   1233.781
14141.00 0.80652601 2.2508E-31            1.5062E-30 4.9326E-08 7.9519E-09 1.8279E-07 7.0082E-08 2.3212E-07 1.61E-06 3.70E-06   0.215 0.6000 7.1188E-06   1233.812
14151.00 0.79516488 2.1023E-31            1.4170E-30 4.7711E-08 7.9390E-09 1.7705E-07 6.8408E-08 2.2476E-07 1.57E-06 3.76E-06   0.229 0.6000 7.2975E-06   1232.118
14161.00 0.79638928 2.0134E-31            1.3544E-30 4.7925E-08 7.9597E-09 1.7777E-07 6.8700E-08 2.2570E-07 1.58E-06 3.76E-06   0.228 0.6000 7.2867E-06   1233.142
14171.00 0.79037893 1.9047E-31            1.2830E-30 4.7050E-08 7.8554E-09 1.7391E-07 6.7152E-08 2.2096E-07 1.54E-06 3.73E-06   0.235 0.6000 7.2819E-06   1232.272
14181.00 0.78701800 1.8068E-31            1.2184E-30 4.6984E-08 7.9022E-09 1.7339E-07 6.6942E-08 2.2038E-07 1.54E-06 3.77E-06   0.240 0.6000 7.3827E-06   1232.787
14191.00 0.80451131 1.7871E-31            1.1889E-30 5.1050E-08 8.2329E-09 1.8773E-07 7.1728E-08 2.3878E-07 1.65E-06 3.82E-06   0.218 0.6000 7.3659E-06   1239.505
14201.00 0.77587044 1.6201E-31            1.0945E-30 4.5057E-08 7.6331E-09 1.6538E-07 6.3955E-08 2.1044E-07 1.47E-06 3.67E-06   0.254 0.6000 7.2675E-06   1230.781
14211.00 0.80524927 1.6376E-31            1.0834E-30 5.1710E-08 8.1862E-09 1.8888E-07 7.1902E-08 2.4059E-07 1.65E-06 3.76E-06   0.217 0.6000 7.2579E-06   1241.503
14221.00 0.78713763 1.5131E-31            1.0117E-30 4.7475E-08 7.8490E-09 1.7370E-07 6.6751E-08 2.2118E-07 1.53E-06 3.70E-06   0.239 0.6000 7.2581E-06   1235.904
14231.00 0.76472509 1.3811E-31            9.3693E-31 4.1902E-08 7.3155E-09 1.5354E-07 5.9754E-08 1.9544E-07 1.37E-06 3.56E-06   0.268 0.6000 7.1422E-06   1227.445
14241.00 0.77939987 1.3568E-31            9.1168E-31 4.4670E-08 7.6221E-09 1.6382E-07 6.3323E-08 2.0849E-07 1.45E-06 3.64E-06   0.249 0.6000 7.1894E-06   1232.928
14251.00 0.76903605 1.2717E-31            8.5806E-31 4.2323E-08 7.3004E-09 1.5445E-07 5.9731E-08 1.9677E-07 1.37E-06 3.52E-06   0.263 0.6000 7.0286E-06   1229.360
14261.00 0.78190511 1.2452E-31            8.3279E-31 4.5302E-08 7.6744E-09 1.6526E-07 6.3399E-08 2.1057E-07 1.46E-06 3.65E-06   0.246 0.6000 7.2140E-06   1235.084
14271.00 0.76174259 1.1440E-31            7.7425E-31 4.0899E-08 7.2464E-09 1.4921E-07 5.7742E-08 1.9011E-07 1.33E-06 3.55E-06   0.272 0.6000 7.1715E-06   1228.239
14281.00 0.77837646 1.1332E-31            7.5510E-31 4.5642E-08 7.6338E-09 1.6546E-07 6.3247E-08 2.1110E-07 1.45E-06 3.62E-06   0.251 0.6000 7.1755E-06   1236.692
 -9999.
