T F 2    2    2    0    2    2    2    2    2    2    1    0    0   0.0000.00000
    1    1    1    0    0    0  23.00000   0.00000   0.00000   0.00000   0.00000
 -99.000 -99.000 -99.000
 -99.00000 -99.00000 -99.00000  2.922360  0.000710 ! H2O & O3 COLUMNS [GM/CM2]
   36MID-LATITUDE SUMMER 
  20.00000  15.00000 104.56131  20.00069   0.17368   0.00000    0        0.00000
    0    0  172    0
   0.00000   0.00000   0.00000  20.00044   0.00000 180.00000   0.00000   0.00000
    9091.0   14286.0      10.0      10.0NW              
    0   0    0.000  0    0.000  0    1.000
    FREQ  TOT_TRANS  PTH_THRML  THRML_SCT  SURF_EMIS   SOL_SCAT  SING_SCAT  GRND_RFLT  DRCT_RFLT  TOTAL_RAD  REF_SOL  SOL@OBS   DEPTH DIR_EM    TOA_SUN BBODY_T[K]
 9091.00 0.99565315 2.5004E-29 0.0000E+00 0.0000E+00 2.1664E-09 2.1664E-09 0.0000E+00 0.0000E+00 2.1664E-09 6.88E-06 6.91E-06   0.004 1.0000 6.9214E-06    659.305
 9101.00 0.99566764 2.3412E-29 0.0000E+00 0.0000E+00 2.1208E-09 2.1208E-09 0.0000E+00 0.0000E+00 2.1208E-09 6.71E-06 6.75E-06   0.004 1.0000 6.7529E-06    659.214
 9111.00 0.99566305 2.2007E-29 0.0000E+00 0.0000E+00 2.1335E-09 2.1335E-09 0.0000E+00 0.0000E+00 2.1335E-09 6.73E-06 6.76E-06   0.004 1.0000 6.7702E-06    660.028
 9121.00 0.99564230 2.0755E-29 0.0000E+00 0.0000E+00 2.1366E-09 2.1366E-09 0.0000E+00 0.0000E+00 2.1366E-09 6.71E-06 6.75E-06   0.004 1.0000 6.7570E-06    660.691
 9131.00 0.99561346 1.9613E-29 0.0000E+00 0.0000E+00 2.1312E-09 2.1312E-09 0.0000E+00 0.0000E+00 2.1312E-09 6.67E-06 6.71E-06   0.004 1.0000 6.7175E-06    661.222
 9141.00 0.99561793 1.8403E-29 0.0000E+00 0.0000E+00 2.0515E-09 2.0515E-09 0.0000E+00 0.0000E+00 2.0515E-09 6.40E-06 6.44E-06   0.004 1.0000 6.4440E-06    660.569
 9151.00 0.99556547 1.7472E-29 0.0000E+00 0.0000E+00 2.1917E-09 2.1917E-09 0.0000E+00 0.0000E+00 2.1917E-09 6.82E-06 6.85E-06   0.004 1.0000 6.8615E-06    663.385
 9161.00 0.99558818 1.6332E-29 0.0000E+00 0.0000E+00 2.2225E-09 2.2225E-09 0.0000E+00 0.0000E+00 2.2225E-09 6.89E-06 6.93E-06   0.004 1.0000 6.9345E-06    664.468
 9171.00 0.99555105 1.5456E-29 0.0000E+00 0.0000E+00 2.2472E-09 2.2472E-09 0.0000E+00 0.0000E+00 2.2472E-09 6.94E-06 6.98E-06   0.004 1.0000 6.9883E-06    665.453
 9181.00 0.99554586 1.4532E-29 0.0000E+00 0.0000E+00 2.2177E-09 2.2177E-09 0.0000E+00 0.0000E+00 2.2177E-09 6.83E-06 6.87E-06   0.004 1.0000 6.8738E-06    665.626
 9191.00 0.99553323 1.3682E-29 0.0000E+00 0.0000E+00 2.2185E-09 2.2185E-09 0.0000E+00 0.0000E+00 2.2185E-09 6.81E-06 6.85E-06   0.004 1.0000 6.8531E-06    666.254
 9201.00 0.99549615 1.2946E-29 0.0000E+00 0.0000E+00 2.2021E-09 2.2021E-09 0.0000E+00 0.0000E+00 2.2021E-09 6.73E-06 6.77E-06   0.005 1.0000 6.7792E-06    666.619
 9211.00 0.99547315 1.2217E-29 0.0000E+00 0.0000E+00 2.2904E-09 2.2904E-09 0.0000E+00 0.0000E+00 2.2904E-09 6.98E-06 7.02E-06   0.005 1.0000 7.0277E-06    668.558
 9221.00 0.99546170 1.1497E-29 0.0000E+00 0.0000E+00 2.2789E-09 2.2789E-09 0.0000E+00 0.0000E+00 2.2789E-09 6.92E-06 6.96E-06   0.005 1.0000 6.9689E-06    669.004
 9231.00 0.99543238 1.0861E-29 0.0000E+00 0.0000E+00 2.2296E-09 2.2296E-09 0.0000E+00 0.0000E+00 2.2296E-09 6.75E-06 6.79E-06   0.005 1.0000 6.7955E-06    668.882
 9241.00 0.99540937 1.0245E-29 0.0000E+00 0.0000E+00 2.2334E-09 2.2334E-09 0.0000E+00 0.0000E+00 2.2334E-09 6.74E-06 6.78E-06   0.005 1.0000 6.7842E-06    669.554
 9251.00 0.99537152 9.6929E-30 0.0000E+00 0.0000E+00 2.2793E-09 2.2793E-09 0.0000E+00 0.0000E+00 2.2793E-09 6.85E-06 6.89E-06   0.005 1.0000 6.9007E-06    670.857
 9261.00 0.99533522 9.1665E-30 0.0000E+00 0.0000E+00 2.3179E-09 2.3179E-09 0.0000E+00 0.0000E+00 2.3179E-09 6.95E-06 6.99E-06   0.005 1.0000 6.9947E-06    672.041
 9271.00 0.99529588 8.6729E-30 0.0000E+00 0.0000E+00 2.2862E-09 2.2862E-09 0.0000E+00 0.0000E+00 2.2862E-09 6.83E-06 6.87E-06   0.005 1.0000 6.8762E-06    672.190
 9281.00 0.99523664 8.2367E-30 0.0000E+00 0.0000E+00 2.3461E-09 2.3461E-09 0.0000E+00 0.0000E+00 2.3461E-09 6.98E-06 7.03E-06   0.005 1.0000 7.0330E-06    673.683
 9291.00 0.99517608 7.8224E-30 0.0000E+00 0.0000E+00 2.3473E-09 2.3473E-09 0.0000E+00 0.0000E+00 2.3473E-09 6.96E-06 7.01E-06   0.005 1.0000 7.0135E-06    674.318
 9301.00 0.99509597 7.4544E-30 0.0000E+00 0.0000E+00 2.3048E-09 2.3048E-09 0.0000E+00 0.0000E+00 2.3048E-09 6.81E-06 6.86E-06   0.005 1.0000 6.8637E-06    674.311
 9311.00 0.99499875 7.1243E-30 0.0000E+00 0.0000E+00 2.3532E-09 2.3532E-09 0.0000E+00 0.0000E+00 2.3532E-09 6.93E-06 6.98E-06   0.005 1.0000 6.9849E-06    675.634
 9321.00 0.99487823 6.8342E-30 0.0000E+00 0.0000E+00 2.3275E-09 2.3275E-09 0.0000E+00 0.0000E+00 2.3275E-09 6.83E-06 6.88E-06   0.005 1.0000 6.8861E-06    675.875
 9331.00 0.99472469 6.5903E-30 0.0000E+00 0.0000E+00 2.3771E-09 2.3771E-09 0.0000E+00 0.0000E+00 2.3771E-09 6.96E-06 7.00E-06   0.005 1.0000 7.0103E-06    677.210
 9341.00 0.99457133 6.3492E-30 0.0000E+00 0.0000E+00 2.3742E-09 2.3742E-09 0.0000E+00 0.0000E+00 2.3742E-09 6.92E-06 6.97E-06   0.005 1.0000 6.9794E-06    677.784
 9351.00 0.99437225 6.1587E-30 0.0000E+00 0.0000E+00 2.2884E-09 2.2884E-09 0.0000E+00 0.0000E+00 2.2884E-09 6.65E-06 6.70E-06   0.006 1.0000 6.7060E-06    677.144
 9361.00 0.99392515 6.2076E-30 0.0000E+00 0.0000E+00 2.3667E-09 2.3667E-09 0.0000E+00 0.0000E+00 2.3667E-09 6.85E-06 6.91E-06   0.006 1.0000 6.9146E-06    678.908
 9371.00 0.99393976 5.8161E-30 0.0000E+00 0.0000E+00 2.4060E-09 2.4060E-09 0.0000E+00 0.0000E+00 2.4060E-09 6.94E-06 7.00E-06   0.006 1.0000 7.0062E-06    680.088
 9381.00 0.99390143 5.4887E-30 0.0000E+00 0.0000E+00 2.4024E-09 2.4024E-09 0.0000E+00 0.0000E+00 2.4024E-09 6.91E-06 6.96E-06   0.006 1.0000 6.9727E-06    680.652
 9391.00 0.99390632 5.1526E-30 0.0000E+00 0.0000E+00 2.4517E-09 2.4517E-09 0.0000E+00 0.0000E+00 2.4517E-09 7.03E-06 7.08E-06   0.006 1.0000 7.0927E-06    681.966
 9401.00 0.99400461 4.7675E-30 0.0000E+00 0.0000E+00 2.4413E-09 2.4413E-09 0.0000E+00 0.0000E+00 2.4413E-09 6.98E-06 7.03E-06   0.006 1.0000 7.0394E-06    682.437
 9411.00 0.99415898 4.3691E-30 0.0000E+00 0.0000E+00 2.4436E-09 2.4436E-09 0.0000E+00 0.0000E+00 2.4436E-09 6.96E-06 7.01E-06   0.006 1.0000 7.0221E-06    683.085
 9421.00 0.99423456 4.0537E-30 0.0000E+00 0.0000E+00 2.4457E-09 2.4457E-09 0.0000E+00 0.0000E+00 2.4457E-09 6.95E-06 7.00E-06   0.006 1.0000 7.0055E-06    683.731
 9431.00 0.99427575 3.7825E-30 0.0000E+00 0.0000E+00 2.4405E-09 2.4405E-09 0.0000E+00 0.0000E+00 2.4405E-09 6.91E-06 6.96E-06   0.006 1.0000 6.9676E-06    684.273
 9441.00 0.99432760 3.5237E-30 0.0000E+00 0.0000E+00 2.4415E-09 2.4415E-09 0.0000E+00 0.0000E+00 2.4415E-09 6.89E-06 6.94E-06   0.006 1.0000 6.9484E-06    684.903
 9451.00 0.99440992 3.2664E-30 0.0000E+00 0.0000E+00 2.4589E-09 2.4589E-09 0.0000E+00 0.0000E+00 2.4589E-09 6.92E-06 6.97E-06   0.006 1.0000 6.9764E-06    685.763
 9461.00 0.99450117 3.0232E-30 0.0000E+00 0.0000E+00 2.5058E-09 2.5058E-09 0.0000E+00 0.0000E+00 2.5058E-09 7.03E-06 7.08E-06   0.006 1.0000 7.0891E-06    687.035
 9471.00 0.99458551 2.8007E-30 0.0000E+00 0.0000E+00 2.5136E-09 2.5136E-09 0.0000E+00 0.0000E+00 2.5136E-09 7.03E-06 7.08E-06   0.005 1.0000 7.0904E-06    687.758
 9481.00 0.99464285 2.6059E-30 0.0000E+00 0.0000E+00 2.5188E-09 2.5188E-09 0.0000E+00 0.0000E+00 2.5188E-09 7.03E-06 7.08E-06   0.005 1.0000 7.0848E-06    688.447
 9491.00 0.99466610 2.4387E-30 0.0000E+00 0.0000E+00 2.5054E-09 2.5054E-09 0.0000E+00 0.0000E+00 2.5054E-09 6.97E-06 7.02E-06   0.005 1.0000 7.0271E-06    688.877
 9501.00 0.99466175 2.2931E-30 0.0000E+00 0.0000E+00 2.5265E-09 2.5265E-09 0.0000E+00 0.0000E+00 2.5265E-09 7.01E-06 7.06E-06   0.005 1.0000 7.0663E-06    689.785
 9511.00 0.99470919 2.1369E-30 0.0000E+00 0.0000E+00 2.5361E-09 2.5361E-09 0.0000E+00 0.0000E+00 2.5361E-09 7.02E-06 7.06E-06   0.005 1.0000 7.0729E-06    690.533
 9521.00 0.99467546 2.0184E-30 0.0000E+00 0.0000E+00 2.5417E-09 2.5417E-09 0.0000E+00 0.0000E+00 2.5417E-09 7.01E-06 7.06E-06   0.005 1.0000 7.0689E-06    691.226
 9531.00 0.99465781 1.9034E-30 0.0000E+00 0.0000E+00 2.5543E-09 2.5543E-09 0.0000E+00 0.0000E+00 2.5543E-09 7.03E-06 7.07E-06   0.005 1.0000 7.0837E-06    692.014
 9541.00 0.99483585 1.7313E-30 0.0000E+00 0.0000E+00 2.5622E-09 2.5622E-09 0.0000E+00 0.0000E+00 2.5622E-09 7.03E-06 7.08E-06   0.005 1.0000 7.0847E-06    692.739
 9551.00 0.99484068 1.6246E-30 0.0000E+00 0.0000E+00 2.5454E-09 2.5454E-09 0.0000E+00 0.0000E+00 2.5454E-09 6.96E-06 7.01E-06   0.005 1.0000 7.0183E-06    693.126
 9561.00 0.99483919 1.5263E-30 0.0000E+00 0.0000E+00 2.5256E-09 2.5256E-09 0.0000E+00 0.0000E+00 2.5256E-09 6.89E-06 6.94E-06   0.005 1.0000 6.9440E-06    693.468
 9571.00 0.99484795 1.4308E-30 0.0000E+00 0.0000E+00 2.5800E-09 2.5800E-09 0.0000E+00 0.0000E+00 2.5800E-09 7.02E-06 7.06E-06   0.005 1.0000 7.0733E-06    694.830
 9581.00 0.99485278 1.3422E-30 0.0000E+00 0.0000E+00 2.5909E-09 2.5909E-09 0.0000E+00 0.0000E+00 2.5909E-09 7.03E-06 7.07E-06   0.005 1.0000 7.0833E-06    695.594
 9591.00 0.99484915 1.2611E-30 0.0000E+00 0.0000E+00 2.5810E-09 2.5810E-09 0.0000E+00 0.0000E+00 2.5810E-09 6.98E-06 7.03E-06   0.005 1.0000 7.0362E-06    696.075
 9601.00 0.99483639 1.1868E-30 0.0000E+00 0.0000E+00 2.6119E-09 2.6119E-09 0.0000E+00 0.0000E+00 2.6119E-09 7.05E-06 7.09E-06   0.005 1.0000 7.1006E-06    697.110
 9611.00 0.99481452 1.1188E-30 0.0000E+00 0.0000E+00 2.6039E-09 2.6039E-09 0.0000E+00 0.0000E+00 2.6039E-09 7.00E-06 7.05E-06   0.005 1.0000 7.0589E-06    697.617
 9621.00 0.99479693 1.0538E-30 0.0000E+00 0.0000E+00 2.6094E-09 2.6094E-09 0.0000E+00 0.0000E+00 2.6094E-09 7.00E-06 7.05E-06   0.005 1.0000 7.0542E-06    698.309
 9631.00 0.99480146 9.8867E-31 0.0000E+00 0.0000E+00 2.6151E-09 2.6151E-09 0.0000E+00 0.0000E+00 2.6151E-09 6.99E-06 7.04E-06   0.005 1.0000 7.0494E-06    699.000
 9641.00 0.99474460 9.3777E-31 0.0000E+00 0.0000E+00 2.6053E-09 2.6053E-09 0.0000E+00 0.0000E+00 2.6053E-09 6.95E-06 6.99E-06   0.005 1.0000 7.0036E-06    699.485
 9651.00 0.99479109 8.7345E-31 0.0000E+00 0.0000E+00 2.6524E-09 2.6524E-09 0.0000E+00 0.0000E+00 2.6524E-09 7.05E-06 7.10E-06   0.005 1.0000 7.1097E-06    700.733
 9661.00 0.99480224 8.1837E-31 0.0000E+00 0.0000E+00 2.6285E-09 2.6285E-09 0.0000E+00 0.0000E+00 2.6285E-09 6.97E-06 7.02E-06   0.005 1.0000 7.0258E-06    701.029
 9671.00 0.99479181 7.6984E-31 0.0000E+00 0.0000E+00 2.6365E-09 2.6365E-09 0.0000E+00 0.0000E+00 2.6365E-09 6.97E-06 7.02E-06   0.005 1.0000 7.0276E-06    701.753
 9681.00 0.99478102 7.2424E-31 0.0000E+00 0.0000E+00 2.6366E-09 2.6366E-09 0.0000E+00 0.0000E+00 2.6366E-09 6.95E-06 7.00E-06   0.005 1.0000 7.0080E-06    702.369
 9691.00 0.99476933 6.8143E-31 0.0000E+00 0.0000E+00 2.6816E-09 2.6816E-09 0.0000E+00 0.0000E+00 2.6816E-09 7.05E-06 7.10E-06   0.005 1.0000 7.1079E-06    703.585
 9701.00 0.99475741 6.4117E-31 0.0000E+00 0.0000E+00 2.6853E-09 2.6853E-09 0.0000E+00 0.0000E+00 2.6853E-09 7.04E-06 7.09E-06   0.005 1.0000 7.0980E-06    704.251
 9711.00 0.99474496 6.0334E-31 0.0000E+00 0.0000E+00 2.6870E-09 2.6870E-09 0.0000E+00 0.0000E+00 2.6870E-09 7.03E-06 7.07E-06   0.005 1.0000 7.0827E-06    704.889
 9721.00 0.99473172 5.6782E-31 0.0000E+00 0.0000E+00 2.6967E-09 2.6967E-09 0.0000E+00 0.0000E+00 2.6967E-09 7.03E-06 7.08E-06   0.005 1.0000 7.0883E-06    705.634
 9731.00 0.99471813 5.3440E-31 0.0000E+00 0.0000E+00 2.7194E-09 2.7194E-09 0.0000E+00 0.0000E+00 2.7194E-09 7.07E-06 7.12E-06   0.005 1.0000 7.1280E-06    706.548
 9741.00 0.99470586 5.0284E-31 0.0000E+00 0.0000E+00 2.7219E-09 2.7219E-09 0.0000E+00 0.0000E+00 2.7219E-09 7.06E-06 7.11E-06   0.005 1.0000 7.1148E-06    707.197
 9751.00 0.99469221 4.7326E-31 0.0000E+00 0.0000E+00 2.7337E-09 2.7337E-09 0.0000E+00 0.0000E+00 2.7337E-09 7.07E-06 7.12E-06   0.005 1.0000 7.1256E-06    707.967
 9761.00 0.99467760 4.4548E-31 0.0000E+00 0.0000E+00 2.7361E-09 2.7361E-09 0.0000E+00 0.0000E+00 2.7361E-09 7.06E-06 7.10E-06   0.005 1.0000 7.1121E-06    708.615
 9771.00 0.99466205 4.1941E-31 0.0000E+00 0.0000E+00 2.7484E-09 2.7484E-09 0.0000E+00 0.0000E+00 2.7484E-09 7.07E-06 7.11E-06   0.005 1.0000 7.1242E-06    709.391
 9781.00 0.99465013 3.9460E-31 0.0000E+00 0.0000E+00 2.7253E-09 2.7253E-09 0.0000E+00 0.0000E+00 2.7253E-09 6.99E-06 7.04E-06   0.005 1.0000 7.0450E-06    709.706
 9791.00 0.99463576 3.7142E-31 0.0000E+00 0.0000E+00 2.7305E-09 2.7305E-09 0.0000E+00 0.0000E+00 2.7305E-09 6.98E-06 7.03E-06   0.005 1.0000 7.0386E-06    710.389
 9801.00 0.99462050 3.4965E-31 0.0000E+00 0.0000E+00 2.7446E-09 2.7446E-09 0.0000E+00 0.0000E+00 2.7446E-09 7.00E-06 7.05E-06   0.005 1.0000 7.0554E-06    711.189
 9811.00 0.99460346 3.2926E-31 0.0000E+00 0.0000E+00 2.7223E-09 2.7223E-09 0.0000E+00 0.0000E+00 2.7223E-09 6.92E-06 6.97E-06   0.005 1.0000 6.9787E-06    711.513
 9821.00 0.99459165 3.0976E-31 0.0000E+00 0.0000E+00 2.7627E-09 2.7627E-09 0.0000E+00 0.0000E+00 2.7627E-09 7.00E-06 7.05E-06   0.005 1.0000 7.0623E-06    712.657
 9831.00 0.99457544 2.9164E-31 0.0000E+00 0.0000E+00 2.7759E-09 2.7759E-09 0.0000E+00 0.0000E+00 2.7759E-09 7.02E-06 7.07E-06   0.005 1.0000 7.0767E-06    713.445
 9841.00 0.99456024 2.7453E-31 0.0000E+00 0.0000E+00 2.7753E-09 2.7753E-09 0.0000E+00 0.0000E+00 2.7753E-09 7.00E-06 7.05E-06   0.005 1.0000 7.0554E-06    714.053
 9851.00 0.99454451 2.5845E-31 0.0000E+00 0.0000E+00 2.7814E-09 2.7814E-09 0.0000E+00 0.0000E+00 2.7814E-09 6.99E-06 7.04E-06   0.005 1.0000 7.0514E-06    714.748
 9861.00 0.99452996 2.4325E-31 0.0000E+00 0.0000E+00 2.8097E-09 2.8097E-09 0.0000E+00 0.0000E+00 2.8097E-09 7.04E-06 7.09E-06   0.005 1.0000 7.1034E-06    715.729
 9871.00 0.99451393 2.2901E-31 0.0000E+00 0.0000E+00 2.8203E-09 2.8203E-09 0.0000E+00 0.0000E+00 2.8203E-09 7.05E-06 7.10E-06   0.006 1.0000 7.1106E-06    716.481
 9881.00 0.99449646 2.1565E-31 0.0000E+00 0.0000E+00 2.8289E-09 2.8289E-09 0.0000E+00 0.0000E+00 2.8289E-09 7.05E-06 7.10E-06   0.006 1.0000 7.1125E-06    717.206
 9891.00 0.99448282 2.0293E-31 0.0000E+00 0.0000E+00 2.8375E-09 2.8375E-09 0.0000E+00 0.0000E+00 2.8375E-09 7.06E-06 7.11E-06   0.006 1.0000 7.1147E-06    717.933
 9901.00 0.99446261 1.9117E-31 0.0000E+00 0.0000E+00 2.8513E-09 2.8513E-09 0.0000E+00 0.0000E+00 2.8513E-09 7.07E-06 7.12E-06   0.006 1.0000 7.1297E-06    718.725
 9911.00 0.99444497 1.8003E-31 0.0000E+00 0.0000E+00 2.8512E-09 2.8512E-09 0.0000E+00 0.0000E+00 2.8512E-09 7.05E-06 7.10E-06   0.006 1.0000 7.1100E-06    719.339
 9921.00 0.99443245 1.6937E-31 0.0000E+00 0.0000E+00 2.8617E-09 2.8617E-09 0.0000E+00 0.0000E+00 2.8617E-09 7.06E-06 7.11E-06   0.006 1.0000 7.1166E-06    720.089
 9931.00 0.99441636 1.5945E-31 0.0000E+00 0.0000E+00 2.8528E-09 2.8528E-09 0.0000E+00 0.0000E+00 2.8528E-09 7.02E-06 7.07E-06   0.006 1.0000 7.0750E-06    720.592
 9941.00 0.99439764 1.5017E-31 0.0000E+00 0.0000E+00 2.7658E-09 2.7658E-09 0.0000E+00 0.0000E+00 2.7658E-09 6.78E-06 6.83E-06   0.006 1.0000 6.8405E-06    720.083
 9951.00 0.99438220 1.4135E-31 0.0000E+00 0.0000E+00 2.7152E-09 2.7152E-09 0.0000E+00 0.0000E+00 2.7152E-09 6.64E-06 6.69E-06   0.006 1.0000 6.6965E-06    720.029
 9961.00 0.99436140 1.3318E-31 0.0000E+00 0.0000E+00 2.8545E-09 2.8545E-09 0.0000E+00 0.0000E+00 2.8545E-09 6.96E-06 7.01E-06   0.006 1.0000 7.0208E-06    722.460
 9971.00 0.99434406 1.2540E-31 0.0000E+00 0.0000E+00 2.8902E-09 2.8902E-09 0.0000E+00 0.0000E+00 2.8902E-09 7.03E-06 7.08E-06   0.006 1.0000 7.0893E-06    723.529
 9981.00 0.99432063 1.1819E-31 0.0000E+00 0.0000E+00 2.9209E-09 2.9209E-09 0.0000E+00 0.0000E+00 2.9209E-09 7.08E-06 7.14E-06   0.006 1.0000 7.1451E-06    724.531
 9991.00 0.99430549 1.1125E-31 0.0000E+00 0.0000E+00 2.9262E-09 2.9262E-09 0.0000E+00 0.0000E+00 2.9262E-09 7.08E-06 7.13E-06   0.006 1.0000 7.1388E-06    725.214
10001.00 0.99428427 1.0481E-31 0.0000E+00 0.0000E+00 2.9196E-09 2.9196E-09 0.0000E+00 0.0000E+00 2.9196E-09 7.04E-06 7.09E-06   0.006 1.0000 7.1031E-06    725.746
10011.00 0.99426055 9.8804E-32 0.0000E+00 0.0000E+00 2.9325E-09 2.9325E-09 0.0000E+00 0.0000E+00 2.9325E-09 7.05E-06 7.10E-06   0.006 1.0000 7.1150E-06    726.523
10021.00 0.99423331 9.3193E-32 0.0000E+00 0.0000E+00 2.9470E-09 2.9470E-09 0.0000E+00 0.0000E+00 2.9470E-09 7.07E-06 7.12E-06   0.006 1.0000 7.1310E-06    727.321
10031.00 0.99420506 8.7918E-32 0.0000E+00 0.0000E+00 2.9554E-09 2.9554E-09 0.0000E+00 0.0000E+00 2.9554E-09 7.07E-06 7.12E-06   0.006 1.0000 7.1318E-06    728.041
10041.00 0.99417061 8.3032E-32 0.0000E+00 0.0000E+00 2.9569E-09 2.9569E-09 0.0000E+00 0.0000E+00 2.9569E-09 7.05E-06 7.11E-06   0.006 1.0000 7.1164E-06    728.676
10051.00 0.99413633 7.8414E-32 0.0000E+00 0.0000E+00 2.9660E-09 2.9660E-09 0.0000E+00 0.0000E+00 2.9660E-09 7.06E-06 7.11E-06   0.006 1.0000 7.1191E-06    729.405
10061.00 0.99411374 7.3890E-32 0.0000E+00 0.0000E+00 2.9785E-09 2.9785E-09 0.0000E+00 0.0000E+00 2.9785E-09 7.07E-06 7.12E-06   0.006 1.0000 7.1296E-06    730.175
10071.00 0.99409032 6.9629E-32 0.0000E+00 0.0000E+00 2.9835E-09 2.9835E-09 0.0000E+00 0.0000E+00 2.9835E-09 7.06E-06 7.11E-06   0.006 1.0000 7.1221E-06    730.853
10081.00 0.99405086 6.5812E-32 0.0000E+00 0.0000E+00 2.9835E-09 2.9835E-09 0.0000E+00 0.0000E+00 2.9835E-09 7.04E-06 7.09E-06   0.006 1.0000 7.1031E-06    731.469
10091.00 0.99402905 6.2009E-32 0.0000E+00 0.0000E+00 2.9837E-09 2.9837E-09 0.0000E+00 0.0000E+00 2.9837E-09 7.02E-06 7.07E-06   0.006 1.0000 7.0846E-06    732.088
10101.00 0.99406165 5.7847E-32 0.0000E+00 0.0000E+00 2.9719E-09 2.9719E-09 0.0000E+00 0.0000E+00 2.9719E-09 6.97E-06 7.03E-06   0.006 1.0000 7.0367E-06    732.557
10111.00 0.99408156 5.4089E-32 0.0000E+00 0.0000E+00 2.9729E-09 2.9729E-09 0.0000E+00 0.0000E+00 2.9729E-09 6.96E-06 7.01E-06   0.006 1.0000 7.0192E-06    733.185
10121.00 0.99407476 5.0816E-32 0.0000E+00 0.0000E+00 3.0192E-09 3.0192E-09 0.0000E+00 0.0000E+00 3.0192E-09 7.05E-06 7.10E-06   0.006 1.0000 7.1091E-06    734.372
10131.00 0.99406624 4.7758E-32 0.0000E+00 0.0000E+00 3.0132E-09 3.0132E-09 0.0000E+00 0.0000E+00 3.0132E-09 7.01E-06 7.07E-06   0.006 1.0000 7.0756E-06    734.914
10141.00 0.99406058 4.4864E-32 0.0000E+00 0.0000E+00 3.0239E-09 3.0239E-09 0.0000E+00 0.0000E+00 3.0239E-09 7.02E-06 7.07E-06   0.006 1.0000 7.0813E-06    735.661
10151.00 0.99403715 4.2264E-32 0.0000E+00 0.0000E+00 3.0457E-09 3.0457E-09 0.0000E+00 0.0000E+00 3.0457E-09 7.05E-06 7.10E-06   0.006 1.0000 7.1130E-06    736.543
10161.00 0.99403185 3.9704E-32 0.0000E+00 0.0000E+00 3.0434E-09 3.0434E-09 0.0000E+00 0.0000E+00 3.0434E-09 7.02E-06 7.08E-06   0.006 1.0000 7.0884E-06    737.131
10171.00 0.99400568 3.7420E-32 0.0000E+00 0.0000E+00 3.0517E-09 3.0517E-09 0.0000E+00 0.0000E+00 3.0517E-09 7.02E-06 7.08E-06   0.006 1.0000 7.0885E-06    737.848
10181.00 0.99399060 3.5211E-32 0.0000E+00 0.0000E+00 3.0752E-09 3.0752E-09 0.0000E+00 0.0000E+00 3.0752E-09 7.06E-06 7.11E-06   0.006 1.0000 7.1238E-06    738.750
10191.00 0.99397856 3.3113E-32 0.0000E+00 0.0000E+00 3.0880E-09 3.0880E-09 0.0000E+00 0.0000E+00 3.0880E-09 7.07E-06 7.12E-06   0.006 1.0000 7.1342E-06    739.521
10201.00 0.99390924 3.1416E-32 0.0000E+00 0.0000E+00 3.0696E-09 3.0696E-09 0.0000E+00 0.0000E+00 3.0696E-09 7.01E-06 7.06E-06   0.006 1.0000 7.0727E-06    739.913
10211.00 0.99388862 2.9587E-32 0.0000E+00 0.0000E+00 3.0615E-09 3.0615E-09 0.0000E+00 0.0000E+00 3.0615E-09 6.97E-06 7.02E-06   0.006 1.0000 7.0352E-06    740.430
10221.00 0.99385279 2.7924E-32 0.0000E+00 0.0000E+00 3.0774E-09 3.0774E-09 0.0000E+00 0.0000E+00 3.0774E-09 6.99E-06 7.04E-06   0.006 1.0000 7.0526E-06    741.239
10231.00 0.99388522 2.6087E-32 0.0000E+00 0.0000E+00 3.1006E-09 3.1006E-09 0.0000E+00 0.0000E+00 3.1006E-09 7.02E-06 7.08E-06   0.006 1.0000 7.0865E-06    742.136
10241.00 0.99378151 2.4868E-32 0.0000E+00 0.0000E+00 3.0859E-09 3.0859E-09 0.0000E+00 0.0000E+00 3.0859E-09 6.97E-06 7.02E-06   0.006 1.0000 7.0343E-06    742.573
10251.00 0.99370676 2.3612E-32 0.0000E+00 0.0000E+00 3.1306E-09 3.1306E-09 0.0000E+00 0.0000E+00 3.1306E-09 7.05E-06 7.11E-06   0.006 1.0000 7.1175E-06    743.728
10261.00 0.99368221 2.2250E-32 0.0000E+00 0.0000E+00 3.0874E-09 3.0874E-09 0.0000E+00 0.0000E+00 3.0874E-09 6.93E-06 6.99E-06   0.006 1.0000 7.0004E-06    743.823
10271.00 0.99374264 2.0701E-32 0.0000E+00 0.0000E+00 3.1070E-09 3.1070E-09 0.0000E+00 0.0000E+00 3.1070E-09 6.96E-06 7.01E-06   0.006 1.0000 7.0253E-06    744.675
10281.00 0.99374700 1.9417E-32 0.0000E+00 0.0000E+00 3.1518E-09 3.1518E-09 0.0000E+00 0.0000E+00 3.1518E-09 7.04E-06 7.10E-06   0.006 1.0000 7.1074E-06    745.828
10291.00 0.99371481 1.8318E-32 0.0000E+00 0.0000E+00 3.1657E-09 3.1657E-09 0.0000E+00 0.0000E+00 3.1657E-09 7.05E-06 7.11E-06   0.006 1.0000 7.1198E-06    746.610
10301.00 0.99372178 1.7173E-32 0.0000E+00 0.0000E+00 3.1476E-09 3.1476E-09 0.0000E+00 0.0000E+00 3.1476E-09 6.99E-06 7.05E-06   0.006 1.0000 7.0598E-06    747.009
10311.00 0.99371982 1.6134E-32 0.0000E+00 0.0000E+00 3.1769E-09 3.1769E-09 0.0000E+00 0.0000E+00 3.1769E-09 7.04E-06 7.10E-06   0.006 1.0000 7.1065E-06    747.974
10321.00 0.99368614 1.5215E-32 0.0000E+00 0.0000E+00 3.1751E-09 3.1751E-09 0.0000E+00 0.0000E+00 3.1751E-09 7.02E-06 7.07E-06   0.006 1.0000 7.0834E-06    748.568
10331.00 0.99362081 1.4427E-32 0.0000E+00 0.0000E+00 3.1644E-09 3.1644E-09 0.0000E+00 0.0000E+00 3.1644E-09 6.97E-06 7.03E-06   0.006 1.0000 7.0410E-06    749.056
10341.00 0.99350071 1.3773E-32 0.0000E+00 0.0000E+00 3.1905E-09 3.1905E-09 0.0000E+00 0.0000E+00 3.1905E-09 7.01E-06 7.07E-06   0.007 1.0000 7.0807E-06    749.983
10351.00 0.99346644 1.3004E-32 0.0000E+00 0.0000E+00 3.1391E-09 3.1391E-09 0.0000E+00 0.0000E+00 3.1391E-09 6.88E-06 6.94E-06   0.007 1.0000 6.9482E-06    749.984
10361.00 0.99349141 1.2155E-32 0.0000E+00 0.0000E+00 3.1902E-09 3.1902E-09 0.0000E+00 0.0000E+00 3.1902E-09 6.97E-06 7.03E-06   0.007 1.0000 7.0420E-06    751.210
10371.00 0.99334514 1.1654E-32 0.0000E+00 0.0000E+00 3.1911E-09 3.1911E-09 0.0000E+00 0.0000E+00 3.1911E-09 6.96E-06 7.01E-06   0.007 1.0000 7.0259E-06    751.836
10381.00 0.99345112 1.0776E-32 0.0000E+00 0.0000E+00 3.2017E-09 3.2017E-09 0.0000E+00 0.0000E+00 3.2017E-09 6.96E-06 7.02E-06   0.007 1.0000 7.0297E-06    752.577
10391.00 0.99322033 1.0451E-32 0.0000E+00 0.0000E+00 3.2031E-09 3.2031E-09 0.0000E+00 0.0000E+00 3.2031E-09 6.94E-06 7.00E-06   0.007 1.0000 7.0152E-06    753.209
10401.00 0.99341935 9.5369E-33 0.0000E+00 0.0000E+00 3.2581E-09 3.2581E-09 0.0000E+00 0.0000E+00 3.2581E-09 7.04E-06 7.10E-06   0.007 1.0000 7.1156E-06    754.471
10411.00 0.99326682 9.1503E-33 0.0000E+00 0.0000E+00 3.2175E-09 3.2175E-09 0.0000E+00 0.0000E+00 3.2175E-09 6.94E-06 7.00E-06   0.007 1.0000 7.0090E-06    754.610
10421.00 0.99316382 8.7091E-33 0.0000E+00 0.0000E+00 3.2721E-09 3.2721E-09 0.0000E+00 0.0000E+00 3.2721E-09 7.04E-06 7.10E-06   0.007 1.0000 7.1097E-06    755.866
10431.00 0.99318159 8.1581E-33 0.0000E+00 0.0000E+00 3.2895E-09 3.2895E-09 0.0000E+00 0.0000E+00 3.2895E-09 7.05E-06 7.12E-06   0.007 1.0000 7.1282E-06    756.684
10441.00 0.99324685 7.5921E-33 0.0000E+00 0.0000E+00 3.2539E-09 3.2539E-09 0.0000E+00 0.0000E+00 3.2539E-09 6.96E-06 7.02E-06   0.007 1.0000 7.0319E-06    756.884
10451.00 0.99295688 7.4124E-33 0.0000E+00 0.0000E+00 3.2661E-09 3.2661E-09 0.0000E+00 0.0000E+00 3.2661E-09 6.97E-06 7.03E-06   0.007 1.0000 7.0411E-06    757.642
10461.00 0.99297386 6.9406E-33 0.0000E+00 0.0000E+00 3.2628E-09 3.2628E-09 0.0000E+00 0.0000E+00 3.2628E-09 6.94E-06 7.00E-06   0.007 1.0000 7.0152E-06    758.219
10471.00 0.99282330 6.6423E-33 0.0000E+00 0.0000E+00 3.1000E-09 3.1000E-09 0.0000E+00 0.0000E+00 3.1000E-09 6.58E-06 6.64E-06   0.007 1.0000 6.6482E-06    756.882
10481.00 0.99290276 6.1820E-33 0.0000E+00 0.0000E+00 3.2400E-09 3.2400E-09 0.0000E+00 0.0000E+00 3.2400E-09 6.85E-06 6.92E-06   0.007 1.0000 6.9292E-06    759.181
10491.00 0.99286294 5.8215E-33 0.0000E+00 0.0000E+00 3.3086E-09 3.3086E-09 0.0000E+00 0.0000E+00 3.3086E-09 6.98E-06 7.04E-06   0.007 1.0000 7.0576E-06    760.599
10501.00 0.99212003 6.0062E-33 0.0000E+00 0.0000E+00 3.3391E-09 3.3391E-09 0.0000E+00 0.0000E+00 3.3391E-09 7.02E-06 7.09E-06   0.008 1.0000 7.1082E-06    761.566
10511.00 0.99303305 5.0288E-33 0.0000E+00 0.0000E+00 3.3406E-09 3.3406E-09 0.0000E+00 0.0000E+00 3.3406E-09 7.01E-06 7.07E-06   0.007 1.0000 7.0870E-06    762.198
10521.00 0.99203527 5.3374E-33 0.0000E+00 0.0000E+00 3.3451E-09 3.3451E-09 0.0000E+00 0.0000E+00 3.3451E-09 7.00E-06 7.07E-06   0.008 1.0000 7.0837E-06    762.866
10531.00 0.99211079 4.9824E-33 0.0000E+00 0.0000E+00 3.3779E-09 3.3779E-09 0.0000E+00 0.0000E+00 3.3779E-09 7.05E-06 7.12E-06   0.008 1.0000 7.1337E-06    763.857
10541.00 0.99199039 4.7252E-33 0.0000E+00 0.0000E+00 3.3819E-09 3.3819E-09 0.0000E+00 0.0000E+00 3.3819E-09 7.04E-06 7.11E-06   0.008 1.0000 7.1238E-06    764.518
10551.00 0.99230427 4.2939E-33 0.0000E+00 0.0000E+00 3.3862E-09 3.3862E-09 0.0000E+00 0.0000E+00 3.3862E-09 7.03E-06 7.10E-06   0.008 1.0000 7.1123E-06    765.182
10561.00 0.99231315 4.0116E-33 0.0000E+00 0.0000E+00 3.3778E-09 3.3778E-09 0.0000E+00 0.0000E+00 3.3778E-09 6.99E-06 7.06E-06   0.008 1.0000 7.0759E-06    765.702
10571.00 0.99163038 4.0931E-33 0.0000E+00 0.0000E+00 3.3787E-09 3.3787E-09 0.0000E+00 0.0000E+00 3.3787E-09 6.97E-06 7.05E-06   0.008 1.0000 7.0632E-06    766.328
10581.00 0.99235862 3.5180E-33 0.0000E+00 0.0000E+00 3.3633E-09 3.3633E-09 0.0000E+00 0.0000E+00 3.3633E-09 6.93E-06 6.99E-06   0.008 1.0000 7.0083E-06    766.767
10591.00 0.99067730 4.0022E-33 0.0000E+00 0.0000E+00 3.3272E-09 3.3272E-09 0.0000E+00 0.0000E+00 3.3272E-09 6.83E-06 6.91E-06   0.009 1.0000 6.9242E-06    766.964
10601.00 0.99078733 3.6939E-33 0.0000E+00 0.0000E+00 3.3779E-09 3.3779E-09 0.0000E+00 0.0000E+00 3.3779E-09 6.91E-06 6.99E-06   0.009 1.0000 7.0103E-06    768.165
10611.00 0.99165183 3.1784E-33 0.0000E+00 0.0000E+00 3.3848E-09 3.3848E-09 0.0000E+00 0.0000E+00 3.3848E-09 6.91E-06 6.99E-06   0.008 1.0000 7.0013E-06    768.859
10621.00 0.99240226 2.7178E-33 0.0000E+00 0.0000E+00 3.2452E-09 3.2452E-09 0.0000E+00 0.0000E+00 3.2452E-09 6.61E-06 6.68E-06   0.008 1.0000 6.6904E-06    767.845
10631.00 0.99253297 2.5100E-33 0.0000E+00 0.0000E+00 3.3683E-09 3.3683E-09 0.0000E+00 0.0000E+00 3.3683E-09 6.85E-06 6.91E-06   0.007 1.0000 6.9249E-06    769.899
10641.00 0.99271721 2.3005E-33 0.0000E+00 0.0000E+00 3.4475E-09 3.4475E-09 0.0000E+00 0.0000E+00 3.4475E-09 6.99E-06 7.05E-06   0.007 1.0000 7.0679E-06    771.417
10651.00 0.99160594 2.4599E-33 0.0000E+00 0.0000E+00 3.4625E-09 3.4625E-09 0.0000E+00 0.0000E+00 3.4625E-09 7.00E-06 7.07E-06   0.008 1.0000 7.0860E-06    772.200
10661.00 0.99026775 2.6619E-33 0.0000E+00 0.0000E+00 3.4814E-09 3.4814E-09 0.0000E+00 0.0000E+00 3.4814E-09 7.01E-06 7.10E-06   0.010 1.0000 7.1135E-06    773.028
10671.00 0.99054259 2.4349E-33 0.0000E+00 0.0000E+00 3.4874E-09 3.4874E-09 0.0000E+00 0.0000E+00 3.4874E-09 7.00E-06 7.09E-06   0.010 1.0000 7.1053E-06    773.710
10681.00 0.99085605 2.2043E-33 0.0000E+00 0.0000E+00 3.4589E-09 3.4589E-09 0.0000E+00 0.0000E+00 3.4589E-09 6.93E-06 7.01E-06   0.009 1.0000 7.0271E-06    774.006
10691.00 0.99100053 2.0476E-33 0.0000E+00 0.0000E+00 3.4796E-09 3.4796E-09 0.0000E+00 0.0000E+00 3.4796E-09 6.95E-06 7.03E-06   0.009 1.0000 7.0496E-06    774.854
10701.00 0.98973238 2.1770E-33 0.0000E+00 0.0000E+00 3.5211E-09 3.5211E-09 0.0000E+00 0.0000E+00 3.5211E-09 7.01E-06 7.10E-06   0.010 1.0000 7.1224E-06    775.933
10711.00 0.99154443 1.6978E-33 0.0000E+00 0.0000E+00 3.5394E-09 3.5394E-09 0.0000E+00 0.0000E+00 3.5394E-09 7.04E-06 7.11E-06   0.008 1.0000 7.1299E-06    776.751
10721.00 0.99192464 1.5242E-33 0.0000E+00 0.0000E+00 3.5414E-09 3.5414E-09 0.0000E+00 0.0000E+00 3.5414E-09 7.03E-06 7.10E-06   0.008 1.0000 7.1129E-06    777.388
10731.00 0.99199671 1.4198E-33 0.0000E+00 0.0000E+00 3.5342E-09 3.5342E-09 0.0000E+00 0.0000E+00 3.5342E-09 6.99E-06 7.06E-06   0.008 1.0000 7.0795E-06    777.924
10741.00 0.99248117 1.2566E-33 0.0000E+00 0.0000E+00 3.5645E-09 3.5645E-09 0.0000E+00 0.0000E+00 3.5645E-09 7.04E-06 7.10E-06   0.008 1.0000 7.1186E-06    778.875
10751.00 0.99274200 1.1410E-33 0.0000E+00 0.0000E+00 3.5605E-09 3.5605E-09 0.0000E+00 0.0000E+00 3.5605E-09 7.01E-06 7.08E-06   0.007 1.0000 7.0904E-06    779.446
10761.00 0.99282092 1.0600E-33 0.0000E+00 0.0000E+00 3.5422E-09 3.5422E-09 0.0000E+00 0.0000E+00 3.5422E-09 6.96E-06 7.02E-06   0.007 1.0000 7.0349E-06    779.859
10771.00 0.99276441 1.0020E-33 0.0000E+00 0.0000E+00 3.5996E-09 3.5996E-09 0.0000E+00 0.0000E+00 3.5996E-09 7.05E-06 7.12E-06   0.007 1.0000 7.1304E-06    781.106
10781.00 0.99280685 9.3564E-34 0.0000E+00 0.0000E+00 3.6143E-09 3.6143E-09 0.0000E+00 0.0000E+00 3.6143E-09 7.06E-06 7.13E-06   0.007 1.0000 7.1406E-06    781.883
10791.00 0.99282217 8.7626E-34 0.0000E+00 0.0000E+00 3.5519E-09 3.5519E-09 0.0000E+00 0.0000E+00 3.5519E-09 6.92E-06 6.99E-06   0.007 1.0000 6.9990E-06    781.812
10801.00 0.99279124 8.2581E-34 0.0000E+00 0.0000E+00 3.4712E-09 3.4712E-09 0.0000E+00 0.0000E+00 3.4712E-09 6.75E-06 6.81E-06   0.007 1.0000 6.8221E-06    781.522
10811.00 0.99274218 7.7998E-34 0.0000E+00 0.0000E+00 3.5628E-09 3.5628E-09 0.0000E+00 0.0000E+00 3.5628E-09 6.91E-06 6.97E-06   0.007 1.0000 6.9842E-06    783.162
10821.00 0.99274421 7.3190E-34 0.0000E+00 0.0000E+00 3.5421E-09 3.5421E-09 0.0000E+00 0.0000E+00 3.5421E-09 6.85E-06 6.91E-06   0.007 1.0000 6.9254E-06    783.547
10831.00 0.99273729 6.8759E-34 0.0000E+00 0.0000E+00 3.4138E-09 3.4138E-09 0.0000E+00 0.0000E+00 3.4138E-09 6.58E-06 6.65E-06   0.007 1.0000 6.6572E-06    782.709
10841.00 0.99271697 6.4702E-34 0.0000E+00 0.0000E+00 3.5408E-09 3.5408E-09 0.0000E+00 0.0000E+00 3.5408E-09 6.81E-06 6.87E-06   0.007 1.0000 6.8867E-06    784.762
10851.00 0.99268043 6.1016E-34 0.0000E+00 0.0000E+00 3.5271E-09 3.5271E-09 0.0000E+00 0.0000E+00 3.5271E-09 6.77E-06 6.83E-06   0.007 1.0000 6.8426E-06    785.224
10861.00 0.99269682 5.7151E-34 0.0000E+00 0.0000E+00 3.6129E-09 3.6129E-09 0.0000E+00 0.0000E+00 3.6129E-09 6.91E-06 6.98E-06   0.007 1.0000 6.9906E-06    786.789
10871.00 0.99264187 5.4012E-34 0.0000E+00 0.0000E+00 3.6742E-09 3.6742E-09 0.0000E+00 0.0000E+00 3.6742E-09 7.01E-06 7.08E-06   0.007 1.0000 7.0910E-06    788.071
10881.00 0.99260777 5.0912E-34 0.0000E+00 0.0000E+00 3.7051E-09 3.7051E-09 0.0000E+00 0.0000E+00 3.7051E-09 7.05E-06 7.12E-06   0.007 1.0000 7.1322E-06    789.019
10891.00 0.99250978 4.8369E-34 0.0000E+00 0.0000E+00 3.6908E-09 3.6908E-09 0.0000E+00 0.0000E+00 3.6908E-09 7.01E-06 7.07E-06   0.008 1.0000 7.0869E-06    789.482
10901.00 0.99249148 4.5526E-34 0.0000E+00 0.0000E+00 3.6707E-09 3.6707E-09 0.0000E+00 0.0000E+00 3.6707E-09 6.95E-06 7.02E-06   0.008 1.0000 7.0299E-06    789.879
10911.00 0.99252707 4.2528E-34 0.0000E+00 0.0000E+00 3.7258E-09 3.7258E-09 0.0000E+00 0.0000E+00 3.7258E-09 7.04E-06 7.10E-06   0.008 1.0000 7.1167E-06    791.088
10921.00 0.99233878 4.0856E-34 0.0000E+00 0.0000E+00 3.7480E-09 3.7480E-09 0.0000E+00 0.0000E+00 3.7480E-09 7.06E-06 7.13E-06   0.008 1.0000 7.1418E-06    791.941
10931.00 0.99250579 3.7578E-34 0.0000E+00 0.0000E+00 3.7144E-09 3.7144E-09 0.0000E+00 0.0000E+00 3.7144E-09 6.98E-06 7.05E-06   0.008 1.0000 7.0585E-06    792.197
10941.00 0.99230689 3.6123E-34 0.0000E+00 0.0000E+00 3.7874E-09 3.7874E-09 0.0000E+00 0.0000E+00 3.7874E-09 7.10E-06 7.17E-06   0.008 1.0000 7.1797E-06    793.589
10951.00 0.99231493 3.3901E-34 0.0000E+00 0.0000E+00 3.8169E-09 3.8169E-09 0.0000E+00 0.0000E+00 3.8169E-09 7.13E-06 7.20E-06   0.008 1.0000 7.2169E-06    794.516
10961.00 0.99231565 3.1805E-34 0.0000E+00 0.0000E+00 3.7392E-09 3.7392E-09 0.0000E+00 0.0000E+00 3.7392E-09 6.97E-06 7.04E-06   0.008 1.0000 7.0517E-06    794.308
10971.00 0.99235898 2.9709E-34 0.0000E+00 0.0000E+00 3.7050E-09 3.7050E-09 0.0000E+00 0.0000E+00 3.7050E-09 6.89E-06 6.96E-06   0.008 1.0000 6.9688E-06    794.555
10981.00 0.99225450 2.8235E-34 0.0000E+00 0.0000E+00 3.7761E-09 3.7761E-09 0.0000E+00 0.0000E+00 3.7761E-09 7.00E-06 7.07E-06   0.008 1.0000 7.0849E-06    795.932
10991.00 0.99224311 2.6550E-34 0.0000E+00 0.0000E+00 3.7177E-09 3.7177E-09 0.0000E+00 0.0000E+00 3.7177E-09 6.88E-06 6.94E-06   0.008 1.0000 6.9574E-06    795.922
11001.00 0.99216247 2.5159E-34 0.0000E+00 0.0000E+00 3.6811E-09 3.6811E-09 0.0000E+00 0.0000E+00 3.6811E-09 6.79E-06 6.86E-06   0.008 1.0000 6.8715E-06    796.140
11011.00 0.99211240 2.3760E-34 0.0000E+00 0.0000E+00 3.7663E-09 3.7663E-09 0.0000E+00 0.0000E+00 3.7663E-09 6.93E-06 7.00E-06   0.008 1.0000 7.0129E-06    797.673
11021.00 0.99200630 2.2586E-34 0.0000E+00 0.0000E+00 3.8544E-09 3.8544E-09 0.0000E+00 0.0000E+00 3.8544E-09 7.07E-06 7.14E-06   0.008 1.0000 7.1591E-06    799.218
11031.00 0.99215811 2.0831E-34 0.0000E+00 0.0000E+00 3.7763E-09 3.7763E-09 0.0000E+00 0.0000E+00 3.7763E-09 6.91E-06 6.98E-06   0.008 1.0000 6.9952E-06    799.009
11041.00 0.99216622 1.9536E-34 0.0000E+00 0.0000E+00 3.8778E-09 3.8778E-09 0.0000E+00 0.0000E+00 3.8778E-09 7.08E-06 7.15E-06   0.008 1.0000 7.1647E-06    800.693
11051.00 0.99214363 1.8391E-34 0.0000E+00 0.0000E+00 3.9136E-09 3.9136E-09 0.0000E+00 0.0000E+00 3.9136E-09 7.13E-06 7.20E-06   0.008 1.0000 7.2125E-06    801.680
11061.00 0.99212122 1.7313E-34 0.0000E+00 0.0000E+00 3.9163E-09 3.9163E-09 0.0000E+00 0.0000E+00 3.9163E-09 7.11E-06 7.18E-06   0.008 1.0000 7.1991E-06    802.324
11071.00 0.99196625 1.6543E-34 0.0000E+00 0.0000E+00 3.8887E-09 3.8887E-09 0.0000E+00 0.0000E+00 3.8887E-09 7.04E-06 7.12E-06   0.008 1.0000 7.1309E-06    802.653
11081.00 0.99177670 1.5876E-34 0.0000E+00 0.0000E+00 3.7869E-09 3.7869E-09 0.0000E+00 0.0000E+00 3.7869E-09 6.84E-06 6.91E-06   0.008 1.0000 6.9276E-06    802.196
11091.00 0.99179566 1.4875E-34 0.0000E+00 0.0000E+00 3.6396E-09 3.6396E-09 0.0000E+00 0.0000E+00 3.6396E-09 6.56E-06 6.63E-06   0.008 1.0000 6.6409E-06    801.211
11101.00 0.99180186 1.3947E-34 0.0000E+00 0.0000E+00 3.8101E-09 3.8101E-09 0.0000E+00 0.0000E+00 3.8101E-09 6.85E-06 6.92E-06   0.008 1.0000 6.9341E-06    803.672
11111.00 0.99175638 1.3166E-34 0.0000E+00 0.0000E+00 3.8480E-09 3.8480E-09 0.0000E+00 0.0000E+00 3.8480E-09 6.90E-06 6.97E-06   0.008 1.0000 6.9855E-06    804.688
11121.00 0.99159390 1.2583E-34 0.0000E+00 0.0000E+00 3.9503E-09 3.9503E-09 0.0000E+00 0.0000E+00 3.9503E-09 7.06E-06 7.14E-06   0.008 1.0000 7.1540E-06    806.367
11131.00 0.99177355 1.1578E-34 0.0000E+00 0.0000E+00 3.9600E-09 3.9600E-09 0.0000E+00 0.0000E+00 3.9600E-09 7.06E-06 7.14E-06   0.008 1.0000 7.1521E-06    807.083
11141.00 0.99180835 1.0822E-34 0.0000E+00 0.0000E+00 3.9459E-09 3.9459E-09 0.0000E+00 0.0000E+00 3.9459E-09 7.02E-06 7.09E-06   0.008 1.0000 7.1081E-06    807.553
11151.00 0.99179155 1.0175E-34 0.0000E+00 0.0000E+00 3.9545E-09 3.9545E-09 0.0000E+00 0.0000E+00 3.9545E-09 7.02E-06 7.09E-06   0.008 1.0000 7.1052E-06    808.256
11161.00 0.99183351 9.5025E-35 0.0000E+00 0.0000E+00 4.0363E-09 4.0363E-09 0.0000E+00 0.0000E+00 4.0363E-09 7.14E-06 7.22E-06   0.008 1.0000 7.2334E-06    809.707
11171.00 0.99185354 8.8962E-35 0.0000E+00 0.0000E+00 3.9425E-09 3.9425E-09 0.0000E+00 0.0000E+00 3.9425E-09 6.96E-06 7.03E-06   0.008 1.0000 7.0471E-06    809.363
11181.00 0.99186623 8.3348E-35 0.0000E+00 0.0000E+00 3.9595E-09 3.9595E-09 0.0000E+00 0.0000E+00 3.9595E-09 6.97E-06 7.04E-06   0.008 1.0000 7.0589E-06    810.154
11191.00 0.99185449 7.8307E-35 0.0000E+00 0.0000E+00 4.0133E-09 4.0133E-09 0.0000E+00 0.0000E+00 4.0133E-09 7.05E-06 7.12E-06   0.008 1.0000 7.1368E-06    811.320
11201.00 0.99184823 7.3534E-35 0.0000E+00 0.0000E+00 3.9345E-09 3.9345E-09 0.0000E+00 0.0000E+00 3.9345E-09 6.89E-06 6.96E-06   0.008 1.0000 6.9786E-06    811.125
11211.00 0.99183261 6.9127E-35 0.0000E+00 0.0000E+00 4.0270E-09 4.0270E-09 0.0000E+00 0.0000E+00 4.0270E-09 7.04E-06 7.11E-06   0.008 1.0000 7.1244E-06    812.690
11221.00 0.99181718 6.4989E-35 0.0000E+00 0.0000E+00 4.0580E-09 4.0580E-09 0.0000E+00 0.0000E+00 4.0580E-09 7.07E-06 7.15E-06   0.008 1.0000 7.1611E-06    813.620
11231.00 0.99179262 6.1163E-35 0.0000E+00 0.0000E+00 4.0971E-09 4.0971E-09 0.0000E+00 0.0000E+00 4.0971E-09 7.12E-06 7.20E-06   0.008 1.0000 7.2119E-06    814.629
11241.00 0.99177104 5.7543E-35 0.0000E+00 0.0000E+00 4.0675E-09 4.0675E-09 0.0000E+00 0.0000E+00 4.0675E-09 7.05E-06 7.13E-06   0.008 1.0000 7.1417E-06    814.947
11251.00 0.99175155 5.4122E-35 0.0000E+00 0.0000E+00 4.0881E-09 4.0881E-09 0.0000E+00 0.0000E+00 4.0881E-09 7.07E-06 7.14E-06   0.008 1.0000 7.1598E-06    815.770
11261.00 0.99173117 5.0907E-35 0.0000E+00 0.0000E+00 4.0647E-09 4.0647E-09 0.0000E+00 0.0000E+00 4.0647E-09 7.01E-06 7.08E-06   0.008 1.0000 7.1006E-06    816.149
11271.00 0.99171561 4.7854E-35 0.0000E+00 0.0000E+00 4.0007E-09 4.0007E-09 0.0000E+00 0.0000E+00 4.0007E-09 6.88E-06 6.96E-06   0.008 1.0000 6.9712E-06    816.111
11281.00 0.99169773 4.4997E-35 0.0000E+00 0.0000E+00 3.8780E-09 3.8780E-09 0.0000E+00 0.0000E+00 3.8780E-09 6.65E-06 6.73E-06   0.008 1.0000 6.7401E-06    815.449
11291.00 0.99168313 4.2293E-35 0.0000E+00 0.0000E+00 4.1117E-09 4.1117E-09 0.0000E+00 0.0000E+00 4.1117E-09 7.04E-06 7.11E-06   0.008 1.0000 7.1282E-06    818.468
11301.00 0.99167156 3.9736E-35 0.0000E+00 0.0000E+00 4.1250E-09 4.1250E-09 0.0000E+00 0.0000E+00 4.1250E-09 7.04E-06 7.12E-06   0.008 1.0000 7.1331E-06    819.216
11311.00 0.99165767 3.7343E-35 0.0000E+00 0.0000E+00 4.0795E-09 4.0795E-09 0.0000E+00 0.0000E+00 4.0795E-09 6.95E-06 7.02E-06   0.008 1.0000 7.0365E-06    819.374
11321.00 0.99164319 3.5098E-35 0.0000E+00 0.0000E+00 4.1399E-09 4.1399E-09 0.0000E+00 0.0000E+00 4.1399E-09 7.03E-06 7.11E-06   0.008 1.0000 7.1226E-06    820.596
11331.00 0.99162787 3.2990E-35 0.0000E+00 0.0000E+00 4.0643E-09 4.0643E-09 0.0000E+00 0.0000E+00 4.0643E-09 6.89E-06 6.96E-06   0.008 1.0000 6.9746E-06    820.450
11341.00 0.99161232 3.1010E-35 0.0000E+00 0.0000E+00 4.1431E-09 4.1431E-09 0.0000E+00 0.0000E+00 4.1431E-09 7.00E-06 7.08E-06   0.008 1.0000 7.0920E-06    821.859
11351.00 0.99159539 2.9154E-35 0.0000E+00 0.0000E+00 3.9268E-09 3.9268E-09 0.0000E+00 0.0000E+00 3.9268E-09 6.62E-06 6.69E-06   0.008 1.0000 6.7048E-06    820.259
11361.00 0.99157679 2.7415E-35 0.0000E+00 0.0000E+00 4.1621E-09 4.1621E-09 0.0000E+00 0.0000E+00 4.1621E-09 7.00E-06 7.07E-06   0.008 1.0000 7.0885E-06    823.278
11371.00 0.99155790 2.5780E-35 0.0000E+00 0.0000E+00 4.1171E-09 4.1171E-09 0.0000E+00 0.0000E+00 4.1171E-09 6.90E-06 6.98E-06   0.008 1.0000 6.9944E-06    823.443
11381.00 0.99153799 2.4246E-35 0.0000E+00 0.0000E+00 4.2265E-09 4.2265E-09 0.0000E+00 0.0000E+00 4.2265E-09 7.07E-06 7.15E-06   0.008 1.0000 7.1623E-06    825.147
11391.00 0.99151731 2.2805E-35 0.0000E+00 0.0000E+00 4.2011E-09 4.2011E-09 0.0000E+00 0.0000E+00 4.2011E-09 7.01E-06 7.09E-06   0.009 1.0000 7.1013E-06    825.511
11401.00 0.99149537 2.1453E-35 0.0000E+00 0.0000E+00 4.2226E-09 4.2226E-09 0.0000E+00 0.0000E+00 4.2226E-09 7.03E-06 7.10E-06   0.009 1.0000 7.1195E-06    826.339
11411.00 0.99147195 2.0185E-35 0.0000E+00 0.0000E+00 4.2158E-09 4.2158E-09 0.0000E+00 0.0000E+00 4.2158E-09 7.00E-06 7.07E-06   0.009 1.0000 7.0904E-06    826.887
11421.00 0.99144799 1.8993E-35 0.0000E+00 0.0000E+00 4.1001E-09 4.1001E-09 0.0000E+00 0.0000E+00 4.1001E-09 6.79E-06 6.86E-06   0.009 1.0000 6.8786E-06    826.344
11431.00 0.99142295 1.7873E-35 0.0000E+00 0.0000E+00 4.1766E-09 4.1766E-09 0.0000E+00 0.0000E+00 4.1766E-09 6.90E-06 6.97E-06   0.009 1.0000 6.9893E-06    827.728
11441.00 0.99139547 1.6825E-35 0.0000E+00 0.0000E+00 4.2104E-09 4.2104E-09 0.0000E+00 0.0000E+00 4.2104E-09 6.94E-06 7.01E-06   0.009 1.0000 7.0284E-06    828.679
11451.00 0.99136686 1.5840E-35 0.0000E+00 0.0000E+00 4.2555E-09 4.2555E-09 0.0000E+00 0.0000E+00 4.2555E-09 6.99E-06 7.07E-06   0.009 1.0000 7.0859E-06    829.739
11461.00 0.99133497 1.4918E-35 0.0000E+00 0.0000E+00 4.3143E-09 4.3143E-09 0.0000E+00 0.0000E+00 4.3143E-09 7.07E-06 7.15E-06   0.009 1.0000 7.1660E-06    830.929
11471.00 0.99129993 1.4055E-35 0.0000E+00 0.0000E+00 4.2529E-09 4.2529E-09 0.0000E+00 0.0000E+00 4.2529E-09 6.95E-06 7.03E-06   0.009 1.0000 7.0465E-06    830.943
11481.00 0.99126393 1.3243E-35 0.0000E+00 0.0000E+00 4.2888E-09 4.2888E-09 0.0000E+00 0.0000E+00 4.2888E-09 6.99E-06 7.07E-06   0.009 1.0000 7.0883E-06    831.910
11491.00 0.99123353 1.2471E-35 0.0000E+00 0.0000E+00 4.2950E-09 4.2950E-09 0.0000E+00 0.0000E+00 4.2950E-09 6.99E-06 7.06E-06   0.009 1.0000 7.0811E-06    832.586
11501.00 0.99118942 1.1759E-35 0.0000E+00 0.0000E+00 4.2017E-09 4.2017E-09 0.0000E+00 0.0000E+00 4.2017E-09 6.82E-06 6.89E-06   0.009 1.0000 6.9103E-06    832.281
11511.00 0.99116528 1.1066E-35 0.0000E+00 0.0000E+00 4.1859E-09 4.1859E-09 0.0000E+00 0.0000E+00 4.1859E-09 6.77E-06 6.85E-06   0.009 1.0000 6.8667E-06    832.737
11521.00 0.99113572 1.0420E-35 0.0000E+00 0.0000E+00 4.2116E-09 4.2116E-09 0.0000E+00 0.0000E+00 4.2116E-09 6.80E-06 6.88E-06   0.009 1.0000 6.8922E-06    833.608
11531.00 0.99109429 9.8119E-36 0.0000E+00 0.0000E+00 4.0644E-09 4.0644E-09 0.0000E+00 0.0000E+00 4.0644E-09 6.54E-06 6.62E-06   0.009 1.0000 6.6351E-06    832.733
11541.00 0.99105167 9.2518E-36 0.0000E+00 0.0000E+00 3.2407E-09 3.2407E-09 0.0000E+00 0.0000E+00 3.2407E-09 5.20E-06 5.26E-06   0.009 1.0000 5.2774E-06    823.982
11551.00 0.99100804 8.7133E-36 0.0000E+00 0.0000E+00 4.1310E-09 4.1310E-09 0.0000E+00 0.0000E+00 4.1310E-09 6.62E-06 6.69E-06   0.009 1.0000 6.7102E-06    834.640
11561.00 0.99096483 8.2171E-36 0.0000E+00 0.0000E+00 4.3497E-09 4.3497E-09 0.0000E+00 0.0000E+00 4.3497E-09 6.95E-06 7.03E-06   0.009 1.0000 7.0485E-06    837.423
11571.00 0.99091393 7.7553E-36 0.0000E+00 0.0000E+00 4.4403E-09 4.4403E-09 0.0000E+00 0.0000E+00 4.4403E-09 7.08E-06 7.16E-06   0.009 1.0000 7.1778E-06    838.908
11581.00 0.99085623 7.3245E-36 0.0000E+00 0.0000E+00 4.4223E-09 4.4223E-09 0.0000E+00 0.0000E+00 4.4223E-09 7.03E-06 7.11E-06   0.009 1.0000 7.1315E-06    839.352
11591.00 0.99080271 6.9145E-36 0.0000E+00 0.0000E+00 4.4345E-09 4.4345E-09 0.0000E+00 0.0000E+00 4.4345E-09 7.03E-06 7.12E-06   0.009 1.0000 7.1338E-06    840.084
11601.00 0.99075329 6.5246E-36 0.0000E+00 0.0000E+00 4.3727E-09 4.3727E-09 0.0000E+00 0.0000E+00 4.3727E-09 6.92E-06 7.00E-06   0.009 1.0000 7.0173E-06    840.106
11611.00 0.99070317 6.1572E-36 0.0000E+00 0.0000E+00 4.3772E-09 4.3772E-09 0.0000E+00 0.0000E+00 4.3772E-09 6.91E-06 6.99E-06   0.009 1.0000 7.0074E-06    840.764
11621.00 0.99064809 5.8132E-36 0.0000E+00 0.0000E+00 4.4309E-09 4.4309E-09 0.0000E+00 0.0000E+00 4.4309E-09 6.97E-06 7.06E-06   0.009 1.0000 7.0763E-06    841.895
11631.00 0.99058980 5.4902E-36 0.0000E+00 0.0000E+00 4.4102E-09 4.4102E-09 0.0000E+00 0.0000E+00 4.4102E-09 6.92E-06 7.01E-06   0.009 1.0000 7.0263E-06    842.312
11641.00 0.99053329 5.1838E-36 0.0000E+00 0.0000E+00 4.4140E-09 4.4140E-09 0.0000E+00 0.0000E+00 4.4140E-09 6.91E-06 7.00E-06   0.010 1.0000 7.0154E-06    842.963
11651.00 0.99048251 4.8910E-36 0.0000E+00 0.0000E+00 4.4248E-09 4.4248E-09 0.0000E+00 0.0000E+00 4.4248E-09 6.91E-06 7.00E-06   0.010 1.0000 7.0154E-06    843.681
11661.00 0.99043560 4.6127E-36 0.0000E+00 0.0000E+00 4.5147E-09 4.5147E-09 0.0000E+00 0.0000E+00 4.5147E-09 7.03E-06 7.12E-06   0.010 1.0000 7.1406E-06    845.152
11671.00 0.99039173 4.3485E-36 0.0000E+00 0.0000E+00 4.5329E-09 4.5329E-09 0.0000E+00 0.0000E+00 4.5329E-09 7.04E-06 7.13E-06   0.010 1.0000 7.1519E-06    845.938
11681.00 0.99034894 4.0988E-36 0.0000E+00 0.0000E+00 4.4691E-09 4.4691E-09 0.0000E+00 0.0000E+00 4.4691E-09 6.93E-06 7.01E-06   0.010 1.0000 7.0342E-06    845.949
11691.00 0.99030876 3.8623E-36 0.0000E+00 0.0000E+00 4.3405E-09 4.3405E-09 0.0000E+00 0.0000E+00 4.3405E-09 6.71E-06 6.79E-06   0.010 1.0000 6.8153E-06    845.322
11701.00 0.99027151 3.6381E-36 0.0000E+00 0.0000E+00 3.2591E-09 3.2591E-09 0.0000E+00 0.0000E+00 3.2591E-09 5.03E-06 5.09E-06   0.010 1.0000 5.1054E-06    833.929
11711.00 0.99023956 3.4248E-36 0.0000E+00 0.0000E+00 3.9031E-09 3.9031E-09 0.0000E+00 0.0000E+00 3.9031E-09 6.00E-06 6.08E-06   0.010 1.0000 6.0975E-06    842.057
11721.00 0.99021840 3.2203E-36 0.0000E+00 0.0000E+00 4.4524E-09 4.4524E-09 0.0000E+00 0.0000E+00 4.4524E-09 6.83E-06 6.92E-06   0.010 1.0000 6.9393E-06    848.248
11731.00 0.99020648 3.0246E-36 0.0000E+00 0.0000E+00 4.5340E-09 4.5340E-09 0.0000E+00 0.0000E+00 4.5340E-09 6.94E-06 7.03E-06   0.010 1.0000 7.0489E-06    849.639
11741.00 0.99020493 2.8375E-36 0.0000E+00 0.0000E+00 4.4125E-09 4.4125E-09 0.0000E+00 0.0000E+00 4.4125E-09 6.74E-06 6.82E-06   0.010 1.0000 6.8430E-06    849.093
11751.00 0.99021459 2.6588E-36 0.0000E+00 0.0000E+00 4.5768E-09 4.5768E-09 0.0000E+00 0.0000E+00 4.5768E-09 6.97E-06 7.06E-06   0.010 1.0000 7.0799E-06    851.271
11761.00 0.99022871 2.4901E-36 0.0000E+00 0.0000E+00 4.0639E-09 4.0639E-09 0.0000E+00 0.0000E+00 4.0639E-09 6.18E-06 6.25E-06   0.010 1.0000 6.2711E-06    846.819
11771.00 0.99024093 2.3324E-36 0.0000E+00 0.0000E+00 4.3696E-09 4.3696E-09 0.0000E+00 0.0000E+00 4.3696E-09 6.62E-06 6.71E-06   0.010 1.0000 6.7248E-06    850.518
11781.00 0.99025142 2.1852E-36 0.0000E+00 0.0000E+00 4.6510E-09 4.6510E-09 0.0000E+00 0.0000E+00 4.6510E-09 7.03E-06 7.12E-06   0.010 1.0000 7.1404E-06    853.807
11791.00 0.99025959 2.0478E-36 0.0000E+00 0.0000E+00 4.6602E-09 4.6602E-09 0.0000E+00 0.0000E+00 4.6602E-09 7.03E-06 7.12E-06   0.010 1.0000 7.1364E-06    854.507
11801.00 0.99026573 1.9195E-36 0.0000E+00 0.0000E+00 4.5670E-09 4.5670E-09 0.0000E+00 0.0000E+00 4.5670E-09 6.87E-06 6.96E-06   0.010 1.0000 6.9763E-06    854.253
11811.00 0.99026555 1.8005E-36 0.0000E+00 0.0000E+00 4.5941E-09 4.5941E-09 0.0000E+00 0.0000E+00 4.5941E-09 6.89E-06 6.98E-06   0.010 1.0000 7.0000E-06    855.122
11821.00 0.99026215 1.6894E-36 0.0000E+00 0.0000E+00 4.6805E-09 4.6805E-09 0.0000E+00 0.0000E+00 4.6805E-09 7.01E-06 7.09E-06   0.010 1.0000 7.1140E-06    856.540
11831.00 0.99025786 1.5854E-36 0.0000E+00 0.0000E+00 4.6833E-09 4.6833E-09 0.0000E+00 0.0000E+00 4.6833E-09 6.99E-06 7.08E-06   0.010 1.0000 7.1007E-06    857.181
11841.00 0.99024969 1.4884E-36 0.0000E+00 0.0000E+00 4.6436E-09 4.6436E-09 0.0000E+00 0.0000E+00 4.6436E-09 6.92E-06 7.00E-06   0.010 1.0000 7.0230E-06    857.429
11851.00 0.99023682 1.3980E-36 0.0000E+00 0.0000E+00 4.6006E-09 4.6006E-09 0.0000E+00 0.0000E+00 4.6006E-09 6.84E-06 6.92E-06   0.010 1.0000 6.9407E-06    857.642
11861.00 0.99022454 1.3131E-36 0.0000E+00 0.0000E+00 4.7023E-09 4.7023E-09 0.0000E+00 0.0000E+00 4.7023E-09 6.97E-06 7.06E-06   0.010 1.0000 7.0767E-06    859.201
11871.00 0.99020857 1.2222E-36 0.0000E+00 0.0000E+00 4.6770E-09 4.6770E-09 0.0000E+00 0.0000E+00 4.6770E-09 6.92E-06 7.00E-06   0.010 1.0000 7.0212E-06    859.582
11881.00 0.99018681 1.1491E-36 0.0000E+00 0.0000E+00 4.7314E-09 4.7314E-09 0.0000E+00 0.0000E+00 4.7314E-09 6.98E-06 7.07E-06   0.010 1.0000 7.0855E-06    860.698
11891.00 0.99016780 1.0686E-36 0.0000E+00 0.0000E+00 4.7830E-09 4.7830E-09 0.0000E+00 0.0000E+00 4.7830E-09 7.04E-06 7.13E-06   0.010 1.0000 7.1453E-06    861.784
11901.00 0.99015135 1.0041E-36 0.0000E+00 0.0000E+00 4.7595E-09 4.7595E-09 0.0000E+00 0.0000E+00 4.7595E-09 6.99E-06 7.07E-06   0.010 1.0000 7.0928E-06    862.185
11911.00 0.99012959 9.4415E-37 0.0000E+00 0.0000E+00 4.7490E-09 4.7490E-09 0.0000E+00 0.0000E+00 4.7490E-09 6.95E-06 7.04E-06   0.010 1.0000 7.0600E-06    862.704
11921.00 0.99010342 8.8811E-37 0.0000E+00 0.0000E+00 4.6204E-09 4.6204E-09 0.0000E+00 0.0000E+00 4.6204E-09 6.75E-06 6.83E-06   0.010 1.0000 6.8519E-06    862.128
11931.00 0.99007970 8.3519E-37 0.0000E+00 0.0000E+00 4.7945E-09 4.7945E-09 0.0000E+00 0.0000E+00 4.7945E-09 6.98E-06 7.07E-06   0.010 1.0000 7.0928E-06    864.349
11941.00 0.99005169 7.8580E-37 0.0000E+00 0.0000E+00 4.8383E-09 4.8383E-09 0.0000E+00 0.0000E+00 4.8383E-09 7.03E-06 7.12E-06   0.010 1.0000 7.1401E-06    865.359
11951.00 0.99002433 7.3927E-37 0.0000E+00 0.0000E+00 4.7850E-09 4.7850E-09 0.0000E+00 0.0000E+00 4.7850E-09 6.94E-06 7.02E-06   0.010 1.0000 7.0443E-06    865.492
11961.00 0.98999321 6.9574E-37 0.0000E+00 0.0000E+00 4.8398E-09 4.8398E-09 0.0000E+00 0.0000E+00 4.8398E-09 7.00E-06 7.09E-06   0.010 1.0000 7.1078E-06    866.603
11971.00 0.98996753 6.5442E-37 0.0000E+00 0.0000E+00 4.8398E-09 4.8398E-09 0.0000E+00 0.0000E+00 4.8398E-09 6.98E-06 7.07E-06   0.010 1.0000 7.0906E-06    867.218
11981.00 0.98993701 6.1583E-37 0.0000E+00 0.0000E+00 4.7669E-09 4.7669E-09 0.0000E+00 0.0000E+00 4.7669E-09 6.86E-06 6.95E-06   0.010 1.0000 6.9668E-06    867.171
11991.00 0.98989320 5.6900E-37 0.0000E+00 0.0000E+00 4.7877E-09 4.7877E-09 0.0000E+00 0.0000E+00 4.7877E-09 6.87E-06 6.96E-06   0.010 1.0000 6.9804E-06    867.976
12001.00 0.98986012 5.2391E-37 0.0000E+00 0.0000E+00 4.7357E-09 4.7357E-09 0.0000E+00 0.0000E+00 4.7357E-09 6.78E-06 6.87E-06   0.010 1.0000 6.8879E-06    868.113
12011.00 0.98979741 4.9423E-37 0.0000E+00 0.0000E+00 4.8198E-09 4.8198E-09 0.0000E+00 0.0000E+00 4.8198E-09 6.88E-06 6.97E-06   0.010 1.0000 6.9934E-06    869.497
12021.00 0.98975217 4.6615E-37 0.0000E+00 0.0000E+00 4.8839E-09 4.8839E-09 0.0000E+00 0.0000E+00 4.8839E-09 6.96E-06 7.05E-06   0.010 1.0000 7.0695E-06    870.690
12031.00 0.98973638 4.3789E-37 0.0000E+00 0.0000E+00 4.8111E-09 4.8111E-09 0.0000E+00 0.0000E+00 4.8111E-09 6.84E-06 6.93E-06   0.010 1.0000 6.9475E-06    870.647
12041.00 0.98965710 4.1419E-37 0.0000E+00 0.0000E+00 4.8797E-09 4.8797E-09 0.0000E+00 0.0000E+00 4.8797E-09 6.92E-06 7.01E-06   0.010 1.0000 7.0298E-06    871.882
12051.00 0.98962247 3.8986E-37 0.0000E+00 0.0000E+00 4.8997E-09 4.8997E-09 0.0000E+00 0.0000E+00 4.8997E-09 6.93E-06 7.02E-06   0.010 1.0000 7.0419E-06    872.677
12061.00 0.98952484 3.5770E-37 0.0000E+00 0.0000E+00 4.9616E-09 4.9616E-09 0.0000E+00 0.0000E+00 4.9616E-09 7.00E-06 7.09E-06   0.011 1.0000 7.1140E-06    873.843
12071.00 0.98947191 3.2569E-37 0.0000E+00 0.0000E+00 5.0054E-09 5.0054E-09 0.0000E+00 0.0000E+00 5.0054E-09 7.04E-06 7.14E-06   0.011 1.0000 7.1599E-06    874.846
12081.00 0.98939449 2.6265E-37 0.0000E+00 0.0000E+00 4.9910E-09 4.9910E-09 0.0000E+00 0.0000E+00 4.9910E-09 7.01E-06 7.10E-06   0.011 1.0000 7.1226E-06    875.334
12091.00 0.98943740 1.8105E-37 0.0000E+00 0.0000E+00 5.0122E-09 5.0122E-09 0.0000E+00 0.0000E+00 5.0122E-09 7.02E-06 7.11E-06   0.011 1.0000 7.1353E-06    876.136
12101.00 0.98934382 1.5962E-37 0.0000E+00 0.0000E+00 5.0189E-09 5.0189E-09 0.0000E+00 0.0000E+00 5.0189E-09 7.01E-06 7.11E-06   0.011 1.0000 7.1283E-06    876.810
12111.00 0.98926729 1.2808E-37 0.0000E+00 0.0000E+00 4.9999E-09 4.9999E-09 0.0000E+00 0.0000E+00 4.9999E-09 6.97E-06 7.06E-06   0.011 1.0000 7.0848E-06    877.257
12121.00 0.98924571 7.0700E-38 0.0000E+00 0.0000E+00 4.9690E-09 4.9690E-09 0.0000E+00 0.0000E+00 4.9690E-09 6.91E-06 7.00E-06   0.011 1.0000 7.0243E-06    877.598
12131.00 0.98915380 6.6917E-38 0.0000E+00 0.0000E+00 5.0113E-09 5.0113E-09 0.0000E+00 0.0000E+00 5.0113E-09 6.95E-06 7.04E-06   0.011 1.0000 7.0679E-06    878.588
12141.00 0.98900121 4.0463E-38 0.0000E+00 0.0000E+00 4.9540E-09 4.9540E-09 0.0000E+00 0.0000E+00 4.9540E-09 6.85E-06 6.95E-06   0.011 1.0000 6.9714E-06    878.695
12151.00 0.98874193 3.9860E-38 0.0000E+00 0.0000E+00 5.0110E-09 5.0110E-09 0.0000E+00 0.0000E+00 5.0110E-09 6.91E-06 7.01E-06   0.011 1.0000 7.0361E-06    879.815
12161.00 0.98893392 2.4394E-38 0.0000E+00 0.0000E+00 4.9298E-09 4.9298E-09 0.0000E+00 0.0000E+00 4.9298E-09 6.78E-06 6.88E-06   0.011 1.0000 6.9045E-06    879.706
12171.00 0.98889583 1.1898E-38 0.0000E+00 0.0000E+00 4.9627E-09 4.9627E-09 0.0000E+00 0.0000E+00 4.9627E-09 6.81E-06 6.91E-06   0.011 1.0000 6.9343E-06    880.615
12181.00 0.98885208 0.0000E+00 0.0000E+00 0.0000E+00 4.9931E-09 4.9931E-09 0.0000E+00 0.0000E+00 4.9931E-09 6.84E-06 6.94E-06   0.011 1.0000 6.9604E-06    881.500
12191.00 0.98867434 0.0000E+00 0.0000E+00 0.0000E+00 4.9609E-09 4.9609E-09 0.0000E+00 0.0000E+00 4.9609E-09 6.78E-06 6.88E-06   0.011 1.0000 6.9001E-06    881.827
12201.00 0.98856741 0.0000E+00 0.0000E+00 0.0000E+00 4.9201E-09 4.9201E-09 0.0000E+00 0.0000E+00 4.9201E-09 6.70E-06 6.80E-06   0.011 1.0000 6.8274E-06    882.075
12211.00 0.98852891 0.0000E+00 0.0000E+00 0.0000E+00 5.0269E-09 5.0269E-09 0.0000E+00 0.0000E+00 5.0269E-09 6.83E-06 6.93E-06   0.012 1.0000 6.9594E-06    883.643
12221.00 0.98845559 0.0000E+00 0.0000E+00 0.0000E+00 5.0258E-09 5.0258E-09 0.0000E+00 0.0000E+00 5.0258E-09 6.81E-06 6.92E-06   0.012 1.0000 6.9415E-06    884.248
12231.00 0.98844856 0.0000E+00 0.0000E+00 0.0000E+00 5.1685E-09 5.1685E-09 0.0000E+00 0.0000E+00 5.1685E-09 6.99E-06 7.09E-06   0.012 1.0000 7.1216E-06    886.110
12241.00 0.98837101 0.0000E+00 0.0000E+00 0.0000E+00 5.1597E-09 5.1597E-09 0.0000E+00 0.0000E+00 5.1597E-09 6.96E-06 7.07E-06   0.012 1.0000 7.0928E-06    886.649
12251.00 0.98835450 0.0000E+00 0.0000E+00 0.0000E+00 5.1623E-09 5.1623E-09 0.0000E+00 0.0000E+00 5.1623E-09 6.95E-06 7.05E-06   0.012 1.0000 7.0794E-06    887.286
12261.00 0.98840690 0.0000E+00 0.0000E+00 0.0000E+00 5.1823E-09 5.1823E-09 0.0000E+00 0.0000E+00 5.1823E-09 6.96E-06 7.06E-06   0.012 1.0000 7.0894E-06    888.074
12271.00 0.98842555 0.0000E+00 0.0000E+00 0.0000E+00 5.1995E-09 5.1995E-09 0.0000E+00 0.0000E+00 5.1995E-09 6.97E-06 7.07E-06   0.012 1.0000 7.0956E-06    888.837
12281.00 0.98843557 0.0000E+00 0.0000E+00 0.0000E+00 5.2295E-09 5.2295E-09 0.0000E+00 0.0000E+00 5.2295E-09 6.99E-06 7.09E-06   0.012 1.0000 7.1191E-06    889.709
12291.00 0.98842561 0.0000E+00 0.0000E+00 0.0000E+00 5.2545E-09 5.2545E-09 0.0000E+00 0.0000E+00 5.2545E-09 7.00E-06 7.11E-06   0.012 1.0000 7.1358E-06    890.538
12301.00 0.98845875 0.0000E+00 0.0000E+00 0.0000E+00 5.2425E-09 5.2425E-09 0.0000E+00 0.0000E+00 5.2425E-09 6.97E-06 7.08E-06   0.012 1.0000 7.1019E-06    891.050
12311.00 0.98845977 0.0000E+00 0.0000E+00 0.0000E+00 5.2565E-09 5.2565E-09 0.0000E+00 0.0000E+00 5.2565E-09 6.97E-06 7.08E-06   0.012 1.0000 7.1036E-06    891.785
12321.00 0.98845989 0.0000E+00 0.0000E+00 0.0000E+00 5.2549E-09 5.2549E-09 0.0000E+00 0.0000E+00 5.2549E-09 6.96E-06 7.06E-06   0.012 1.0000 7.0841E-06    892.386
12331.00 0.98846495 0.0000E+00 0.0000E+00 0.0000E+00 5.2812E-09 5.2812E-09 0.0000E+00 0.0000E+00 5.2812E-09 6.97E-06 7.08E-06   0.012 1.0000 7.1024E-06    893.226
12341.00 0.98846579 0.0000E+00 0.0000E+00 0.0000E+00 5.2264E-09 5.2264E-09 0.0000E+00 0.0000E+00 5.2264E-09 6.88E-06 6.99E-06   0.012 1.0000 7.0116E-06    893.371
12351.00 0.98846281 0.0000E+00 0.0000E+00 0.0000E+00 5.1742E-09 5.1742E-09 0.0000E+00 0.0000E+00 5.1742E-09 6.80E-06 6.90E-06   0.012 1.0000 6.9247E-06    893.535
12361.00 0.98846942 0.0000E+00 0.0000E+00 0.0000E+00 5.2277E-09 5.2277E-09 0.0000E+00 0.0000E+00 5.2277E-09 6.85E-06 6.95E-06   0.012 1.0000 6.9793E-06    894.612
12371.00 0.98847175 0.0000E+00 0.0000E+00 0.0000E+00 5.2751E-09 5.2751E-09 0.0000E+00 0.0000E+00 5.2751E-09 6.90E-06 7.00E-06   0.012 1.0000 7.0253E-06    895.633
12381.00 0.98847187 0.0000E+00 0.0000E+00 0.0000E+00 5.2965E-09 5.2965E-09 0.0000E+00 0.0000E+00 5.2965E-09 6.91E-06 7.01E-06   0.012 1.0000 7.0369E-06    896.430
12391.00 0.98846793 0.0000E+00 0.0000E+00 0.0000E+00 5.3450E-09 5.3450E-09 0.0000E+00 0.0000E+00 5.3450E-09 6.96E-06 7.06E-06   0.012 1.0000 7.0840E-06    897.457
12401.00 0.98846066 0.0000E+00 0.0000E+00 0.0000E+00 5.4044E-09 5.4044E-09 0.0000E+00 0.0000E+00 5.4044E-09 7.02E-06 7.12E-06   0.012 1.0000 7.1455E-06    898.571
12411.00 0.98844725 0.0000E+00 0.0000E+00 0.0000E+00 5.3774E-09 5.3774E-09 0.0000E+00 0.0000E+00 5.3774E-09 6.96E-06 7.07E-06   0.012 1.0000 7.0929E-06    898.960
12421.00 0.98842794 0.0000E+00 0.0000E+00 0.0000E+00 5.2321E-09 5.2321E-09 0.0000E+00 0.0000E+00 5.2321E-09 6.76E-06 6.86E-06   0.012 1.0000 6.8849E-06    898.336
12431.00 0.98840523 0.0000E+00 0.0000E+00 0.0000E+00 5.3684E-09 5.3684E-09 0.0000E+00 0.0000E+00 5.3684E-09 6.92E-06 7.02E-06   0.012 1.0000 7.0471E-06    900.114
12441.00 0.98838371 0.0000E+00 0.0000E+00 0.0000E+00 5.4071E-09 5.4071E-09 0.0000E+00 0.0000E+00 5.4071E-09 6.95E-06 7.06E-06   0.012 1.0000 7.0810E-06    901.054
12451.00 0.98835981 0.0000E+00 0.0000E+00 0.0000E+00 5.3531E-09 5.3531E-09 0.0000E+00 0.0000E+00 5.3531E-09 6.87E-06 6.97E-06   0.012 1.0000 6.9937E-06    901.213
12461.00 0.98833030 0.0000E+00 0.0000E+00 0.0000E+00 5.4289E-09 5.4289E-09 0.0000E+00 0.0000E+00 5.4289E-09 6.95E-06 7.05E-06   0.012 1.0000 7.0759E-06    902.466
12471.00 0.98830485 0.0000E+00 0.0000E+00 0.0000E+00 5.4695E-09 5.4695E-09 0.0000E+00 0.0000E+00 5.4695E-09 6.98E-06 7.09E-06   0.012 1.0000 7.1120E-06    903.420
12481.00 0.98827130 0.0000E+00 0.0000E+00 0.0000E+00 5.4756E-09 5.4756E-09 0.0000E+00 0.0000E+00 5.4756E-09 6.97E-06 7.08E-06   0.012 1.0000 7.1032E-06    904.085
12491.00 0.98824364 0.0000E+00 0.0000E+00 0.0000E+00 5.4403E-09 5.4403E-09 0.0000E+00 0.0000E+00 5.4403E-09 6.91E-06 7.02E-06   0.012 1.0000 7.0410E-06    904.407
12501.00 0.98821241 0.0000E+00 0.0000E+00 0.0000E+00 5.3893E-09 5.3893E-09 0.0000E+00 0.0000E+00 5.3893E-09 6.83E-06 6.93E-06   0.012 1.0000 6.9583E-06    904.592
12511.00 0.98818058 0.0000E+00 0.0000E+00 0.0000E+00 5.5245E-09 5.5245E-09 0.0000E+00 0.0000E+00 5.5245E-09 6.99E-06 7.09E-06   0.012 1.0000 7.1163E-06    906.336
12521.00 0.98813677 0.0000E+00 0.0000E+00 0.0000E+00 5.5336E-09 5.5336E-09 0.0000E+00 0.0000E+00 5.5336E-09 6.98E-06 7.09E-06   0.012 1.0000 7.1113E-06    907.026
12531.00 0.98810530 0.0000E+00 0.0000E+00 0.0000E+00 5.5358E-09 5.5358E-09 0.0000E+00 0.0000E+00 5.5358E-09 6.97E-06 7.07E-06   0.012 1.0000 7.0974E-06    907.659
12541.00 0.98806632 0.0000E+00 0.0000E+00 0.0000E+00 5.5416E-09 5.5416E-09 0.0000E+00 0.0000E+00 5.5416E-09 6.96E-06 7.06E-06   0.012 1.0000 7.0882E-06    908.322
12551.00 0.98802704 0.0000E+00 0.0000E+00 0.0000E+00 5.5633E-09 5.5633E-09 0.0000E+00 0.0000E+00 5.5633E-09 6.97E-06 7.07E-06   0.012 1.0000 7.0994E-06    909.115
12561.00 0.98798472 0.0000E+00 0.0000E+00 0.0000E+00 5.5318E-09 5.5318E-09 0.0000E+00 0.0000E+00 5.5318E-09 6.91E-06 7.02E-06   0.012 1.0000 7.0428E-06    909.471
12571.00 0.98795927 0.0000E+00 0.0000E+00 0.0000E+00 5.5569E-09 5.5569E-09 0.0000E+00 0.0000E+00 5.5569E-09 6.93E-06 7.03E-06   0.012 1.0000 7.0580E-06    910.292
12581.00 0.98791951 0.0000E+00 0.0000E+00 0.0000E+00 5.3754E-09 5.3754E-09 0.0000E+00 0.0000E+00 5.3754E-09 6.68E-06 6.79E-06   0.012 1.0000 6.8119E-06    909.387
12591.00 0.98787320 0.0000E+00 0.0000E+00 0.0000E+00 5.4058E-09 5.4058E-09 0.0000E+00 0.0000E+00 5.4058E-09 6.70E-06 6.81E-06   0.012 1.0000 6.8345E-06    910.260
12601.00 0.98781985 0.0000E+00 0.0000E+00 0.0000E+00 5.4165E-09 5.4165E-09 0.0000E+00 0.0000E+00 5.4165E-09 6.70E-06 6.81E-06   0.012 1.0000 6.8321E-06    910.964
12611.00 0.98775995 0.0000E+00 0.0000E+00 0.0000E+00 5.5728E-09 5.5728E-09 0.0000E+00 0.0000E+00 5.5728E-09 6.88E-06 6.99E-06   0.012 1.0000 7.0130E-06    912.882
12621.00 0.98770845 0.0000E+00 0.0000E+00 0.0000E+00 5.5845E-09 5.5845E-09 0.0000E+00 0.0000E+00 5.5845E-09 6.88E-06 6.99E-06   0.012 1.0000 7.0117E-06    913.593
12631.00 0.98765945 0.0000E+00 0.0000E+00 0.0000E+00 5.5161E-09 5.5161E-09 0.0000E+00 0.0000E+00 5.5161E-09 6.78E-06 6.88E-06   0.012 1.0000 6.9099E-06    913.641
12641.00 0.98759747 0.0000E+00 0.0000E+00 0.0000E+00 5.6360E-09 5.6360E-09 0.0000E+00 0.0000E+00 5.6360E-09 6.91E-06 7.02E-06   0.012 1.0000 7.0438E-06    915.245
12651.00 0.98754227 0.0000E+00 0.0000E+00 0.0000E+00 5.6905E-09 5.6905E-09 0.0000E+00 0.0000E+00 5.6905E-09 6.96E-06 7.07E-06   0.013 1.0000 7.0958E-06    916.303
12661.00 0.98748636 0.0000E+00 0.0000E+00 0.0000E+00 5.6941E-09 5.6941E-09 0.0000E+00 0.0000E+00 5.6941E-09 6.94E-06 7.06E-06   0.013 1.0000 7.0839E-06    916.948
12671.00 0.98744094 0.0000E+00 0.0000E+00 0.0000E+00 5.7366E-09 5.7366E-09 0.0000E+00 0.0000E+00 5.7366E-09 6.98E-06 7.09E-06   0.013 1.0000 7.1204E-06    917.906
12681.00 0.98738372 0.0000E+00 0.0000E+00 0.0000E+00 5.7205E-09 5.7205E-09 0.0000E+00 0.0000E+00 5.7205E-09 6.94E-06 7.06E-06   0.013 1.0000 7.0842E-06    918.391
12691.00 0.98732680 0.0000E+00 0.0000E+00 0.0000E+00 5.7050E-09 5.7050E-09 0.0000E+00 0.0000E+00 5.7050E-09 6.91E-06 7.02E-06   0.013 1.0000 7.0488E-06    918.880
12701.00 0.98726904 0.0000E+00 0.0000E+00 0.0000E+00 5.7570E-09 5.7570E-09 0.0000E+00 0.0000E+00 5.7570E-09 6.95E-06 7.07E-06   0.013 1.0000 7.0968E-06    919.915
12711.00 0.98720765 0.0000E+00 0.0000E+00 0.0000E+00 5.8057E-09 5.8057E-09 0.0000E+00 0.0000E+00 5.8057E-09 7.00E-06 7.11E-06   0.013 1.0000 7.1406E-06    920.920
12721.00 0.98715013 0.0000E+00 0.0000E+00 0.0000E+00 5.7036E-09 5.7036E-09 0.0000E+00 0.0000E+00 5.7036E-09 6.86E-06 6.97E-06   0.013 1.0000 6.9992E-06    920.713
12731.00 0.98708659 0.0000E+00 0.0000E+00 0.0000E+00 5.7060E-09 5.7060E-09 0.0000E+00 0.0000E+00 5.7060E-09 6.84E-06 6.96E-06   0.013 1.0000 6.9861E-06    921.347
12741.00 0.98701066 0.0000E+00 0.0000E+00 0.0000E+00 5.8143E-09 5.8143E-09 0.0000E+00 0.0000E+00 5.8143E-09 6.96E-06 7.07E-06   0.013 1.0000 7.1028E-06    922.834
12751.00 0.98692864 0.0000E+00 0.0000E+00 0.0000E+00 5.8134E-09 5.8134E-09 0.0000E+00 0.0000E+00 5.8134E-09 6.94E-06 7.05E-06   0.013 1.0000 7.0859E-06    923.442
12761.00 0.98684943 0.0000E+00 0.0000E+00 0.0000E+00 5.6783E-09 5.6783E-09 0.0000E+00 0.0000E+00 5.6783E-09 6.76E-06 6.88E-06   0.013 1.0000 6.9058E-06    922.965
12771.00 0.98677009 0.0000E+00 0.0000E+00 0.0000E+00 5.7986E-09 5.7986E-09 0.0000E+00 0.0000E+00 5.7986E-09 6.89E-06 7.00E-06   0.013 1.0000 7.0362E-06    924.553
12781.00 0.98668748 0.0000E+00 0.0000E+00 0.0000E+00 5.8771E-09 5.8771E-09 0.0000E+00 0.0000E+00 5.8771E-09 6.96E-06 7.08E-06   0.013 1.0000 7.1156E-06    925.794
12791.00 0.98662460 0.0000E+00 0.0000E+00 0.0000E+00 5.8931E-09 5.8931E-09 0.0000E+00 0.0000E+00 5.8931E-09 6.97E-06 7.09E-06   0.013 1.0000 7.1190E-06    926.536
12801.00 0.98656392 0.0000E+00 0.0000E+00 0.0000E+00 5.8091E-09 5.8091E-09 0.0000E+00 0.0000E+00 5.8091E-09 6.85E-06 6.97E-06   0.014 1.0000 7.0016E-06    926.481
12811.00 0.98650533 0.0000E+00 0.0000E+00 0.0000E+00 5.8918E-09 5.8918E-09 0.0000E+00 0.0000E+00 5.8918E-09 6.93E-06 7.05E-06   0.014 1.0000 7.0852E-06    927.755
12821.00 0.98645043 0.0000E+00 0.0000E+00 0.0000E+00 5.8348E-09 5.8348E-09 0.0000E+00 0.0000E+00 5.8348E-09 6.85E-06 6.97E-06   0.014 1.0000 7.0007E-06    927.916
12831.00 0.98640513 0.0000E+00 0.0000E+00 0.0000E+00 5.9199E-09 5.9199E-09 0.0000E+00 0.0000E+00 5.9199E-09 6.93E-06 7.05E-06   0.014 1.0000 7.0866E-06    929.207
12841.00 0.98637605 0.0000E+00 0.0000E+00 0.0000E+00 5.9517E-09 5.9517E-09 0.0000E+00 0.0000E+00 5.9517E-09 6.95E-06 7.07E-06   0.014 1.0000 7.1081E-06    930.073
12851.00 0.98635179 0.0000E+00 0.0000E+00 0.0000E+00 5.9599E-09 5.9599E-09 0.0000E+00 0.0000E+00 5.9599E-09 6.95E-06 7.07E-06   0.014 1.0000 7.1013E-06    930.752
12861.00 0.98633361 0.0000E+00 0.0000E+00 0.0000E+00 5.8531E-09 5.8531E-09 0.0000E+00 0.0000E+00 5.8531E-09 6.80E-06 6.92E-06   0.014 1.0000 6.9577E-06    930.520
12871.00 0.98632199 0.0000E+00 0.0000E+00 0.0000E+00 5.9986E-09 5.9986E-09 0.0000E+00 0.0000E+00 5.9986E-09 6.96E-06 7.08E-06   0.014 1.0000 7.1139E-06    932.286
12881.00 0.98631275 0.0000E+00 0.0000E+00 0.0000E+00 6.0004E-09 6.0004E-09 0.0000E+00 0.0000E+00 6.0004E-09 6.94E-06 7.07E-06   0.014 1.0000 7.0994E-06    932.914
12891.00 0.98630631 0.0000E+00 0.0000E+00 0.0000E+00 6.0103E-09 6.0103E-09 0.0000E+00 0.0000E+00 6.0103E-09 6.94E-06 7.06E-06   0.014 1.0000 7.0944E-06    933.607
12901.00 0.98630548 0.0000E+00 0.0000E+00 0.0000E+00 5.7351E-09 5.7351E-09 0.0000E+00 0.0000E+00 5.7351E-09 6.61E-06 6.72E-06   0.014 1.0000 6.7536E-06    932.023
12911.00 0.98630434 0.0000E+00 0.0000E+00 0.0000E+00 5.8812E-09 5.8812E-09 0.0000E+00 0.0000E+00 5.8812E-09 6.76E-06 6.88E-06   0.014 1.0000 6.9089E-06    933.816
12921.00 0.98630136 0.0000E+00 0.0000E+00 0.0000E+00 6.0623E-09 6.0623E-09 0.0000E+00 0.0000E+00 6.0623E-09 6.95E-06 7.07E-06   0.014 1.0000 7.1049E-06    935.856
12931.00 0.98627949 0.0000E+00 0.0000E+00 0.0000E+00 6.0421E-09 6.0421E-09 0.0000E+00 0.0000E+00 6.0421E-09 6.91E-06 7.03E-06   0.014 1.0000 7.0646E-06    936.314
12941.00 0.98623788 0.0000E+00 0.0000E+00 0.0000E+00 5.9106E-09 5.9106E-09 0.0000E+00 0.0000E+00 5.9106E-09 6.74E-06 6.86E-06   0.014 1.0000 6.8949E-06    935.893
12951.00 0.98621255 0.0000E+00 0.0000E+00 0.0000E+00 6.0043E-09 6.0043E-09 0.0000E+00 0.0000E+00 6.0043E-09 6.83E-06 6.96E-06   0.014 1.0000 6.9877E-06    937.248
12961.00 0.98617107 0.0000E+00 0.0000E+00 0.0000E+00 5.9379E-09 5.9379E-09 0.0000E+00 0.0000E+00 5.9379E-09 6.74E-06 6.86E-06   0.014 1.0000 6.8945E-06    937.338
12971.00 0.98608023 0.0000E+00 0.0000E+00 0.0000E+00 6.0659E-09 6.0659E-09 0.0000E+00 0.0000E+00 6.0659E-09 6.87E-06 6.99E-06   0.014 1.0000 7.0270E-06    938.958
12981.00 0.98567069 0.0000E+00 0.0000E+00 0.0000E+00 6.0506E-09 6.0506E-09 0.0000E+00 0.0000E+00 6.0506E-09 6.84E-06 6.96E-06   0.014 1.0000 6.9958E-06    939.454
12991.00 0.98481095 0.0000E+00 0.0000E+00 0.0000E+00 6.0356E-09 6.0356E-09 0.0000E+00 0.0000E+00 6.0356E-09 6.80E-06 6.93E-06   0.015 1.0000 6.9674E-06    939.951
13001.00 0.98288369 0.0000E+00 0.0000E+00 0.0000E+00 6.0660E-09 6.0660E-09 0.0000E+00 0.0000E+00 6.0660E-09 6.81E-06 6.96E-06   0.017 1.0000 6.9977E-06    940.802
13011.00 0.97990745 0.0000E+00 0.0000E+00 0.0000E+00 6.1219E-09 6.1219E-09 0.0000E+00 0.0000E+00 6.1219E-09 6.85E-06 7.01E-06   0.020 1.0000 7.0635E-06    941.852
13021.00 0.97415841 0.0000E+00 0.0000E+00 0.0000E+00 6.0953E-09 6.0953E-09 0.0000E+00 0.0000E+00 6.0953E-09 6.80E-06 6.98E-06   0.026 1.0000 7.0503E-06    942.260
13031.00 0.96960324 0.0000E+00 0.0000E+00 0.0000E+00 6.1119E-09 6.1119E-09 0.0000E+00 0.0000E+00 6.1119E-09 6.79E-06 6.99E-06   0.031 1.0000 7.0771E-06    943.003
13041.00 0.95931482 0.0000E+00 0.0000E+00 0.0000E+00 5.7626E-09 5.7626E-09 0.0000E+00 0.0000E+00 5.7626E-09 6.36E-06 6.60E-06   0.042 1.0000 6.7057E-06    940.834
13051.00 0.95288116 0.0000E+00 0.0000E+00 0.0000E+00 5.6776E-09 5.6776E-09 0.0000E+00 0.0000E+00 5.6776E-09 6.22E-06 6.51E-06   0.048 1.0000 6.6213E-06    940.745
13061.00 0.93377715 0.0000E+00 0.0000E+00 0.0000E+00 5.8337E-09 5.8337E-09 0.0000E+00 0.0000E+00 5.8337E-09 6.31E-06 6.73E-06   0.069 1.0000 6.8845E-06    942.638
13071.00 0.90307796 0.0000E+00 0.0000E+00 0.0000E+00 5.8986E-09 5.8986E-09 0.0000E+00 0.0000E+00 5.8986E-09 6.27E-06 6.89E-06   0.102 1.0000 7.1115E-06    943.775
13081.00 0.88106292 0.0000E+00 0.0000E+00 0.0000E+00 5.8175E-09 5.8175E-09 0.0000E+00 0.0000E+00 5.8175E-09 6.09E-06 6.86E-06   0.127 1.0000 7.1104E-06    943.733
13091.00 0.84891248 0.0000E+00 0.0000E+00 0.0000E+00 5.6870E-09 5.6870E-09 0.0000E+00 0.0000E+00 5.6870E-09 5.82E-06 6.80E-06   0.164 1.0000 7.1062E-06    943.273
13101.00 0.82538843 0.0000E+00 0.0000E+00 0.0000E+00 5.5883E-09 5.5883E-09 0.0000E+00 0.0000E+00 5.5883E-09 5.63E-06 6.75E-06   0.192 1.0000 7.1028E-06    943.059
13111.00 0.83249640 0.0000E+00 0.0000E+00 0.0000E+00 5.5736E-09 5.5736E-09 0.0000E+00 0.0000E+00 5.5736E-09 5.63E-06 6.69E-06   0.183 1.0000 7.0290E-06    943.546
13121.00 0.90968049 0.0000E+00 0.0000E+00 0.0000E+00 5.7217E-09 5.7217E-09 0.0000E+00 0.0000E+00 5.7217E-09 6.02E-06 6.60E-06   0.095 1.0000 6.7816E-06    945.398
13131.00 0.82992828 0.0000E+00 0.0000E+00 0.0000E+00 5.5528E-09 5.5528E-09 0.0000E+00 0.0000E+00 5.5528E-09 5.56E-06 6.65E-06   0.186 1.0000 6.9749E-06    944.593
13141.00 0.75127733 0.0000E+00 0.0000E+00 0.0000E+00 5.2392E-09 5.2392E-09 0.0000E+00 0.0000E+00 5.2392E-09 4.94E-06 6.54E-06   0.286 1.0000 7.0062E-06    942.465
13151.00 0.74080873 0.0000E+00 0.0000E+00 0.0000E+00 5.1484E-09 5.1484E-09 0.0000E+00 0.0000E+00 5.1484E-09 4.86E-06 6.42E-06   0.300 1.0000 6.9759E-06    942.253
13161.00 0.85230333 0.0000E+00 0.0000E+00 0.0000E+00 5.6931E-09 5.6931E-09 0.0000E+00 0.0000E+00 5.6931E-09 5.79E-06 6.65E-06   0.160 1.0000 7.0394E-06    947.608
13171.00 0.97289181 0.0000E+00 0.0000E+00 0.0000E+00 6.2826E-09 6.2826E-09 0.0000E+00 0.0000E+00 6.2826E-09 6.76E-06 6.95E-06   0.027 1.0000 7.0248E-06    952.918
13181.00 0.98565024 0.0000E+00 0.0000E+00 0.0000E+00 6.2095E-09 6.2095E-09 0.0000E+00 0.0000E+00 6.2095E-09 6.70E-06 6.82E-06   0.014 1.0000 6.8540E-06    952.972
13191.00 0.98565376 0.0000E+00 0.0000E+00 0.0000E+00 6.3716E-09 6.3716E-09 0.0000E+00 0.0000E+00 6.3716E-09 6.86E-06 6.98E-06   0.014 1.0000 7.0170E-06    954.822
13201.00 0.98559785 0.0000E+00 0.0000E+00 0.0000E+00 6.3508E-09 6.3508E-09 0.0000E+00 0.0000E+00 6.3508E-09 6.82E-06 6.95E-06   0.015 1.0000 6.9786E-06    955.280
13211.00 0.98553514 0.0000E+00 0.0000E+00 0.0000E+00 6.3641E-09 6.3641E-09 0.0000E+00 0.0000E+00 6.3641E-09 6.82E-06 6.94E-06   0.015 1.0000 6.9776E-06    955.995
13221.00 0.98546839 0.0000E+00 0.0000E+00 0.0000E+00 6.3582E-09 6.3582E-09 0.0000E+00 0.0000E+00 6.3582E-09 6.80E-06 6.92E-06   0.015 1.0000 6.9558E-06    956.564
13231.00 0.98539692 0.0000E+00 0.0000E+00 0.0000E+00 6.3379E-09 6.3379E-09 0.0000E+00 0.0000E+00 6.3379E-09 6.76E-06 6.88E-06   0.015 1.0000 6.9184E-06    957.025
13241.00 0.98531973 0.0000E+00 0.0000E+00 0.0000E+00 6.4578E-09 6.4578E-09 0.0000E+00 0.0000E+00 6.4578E-09 6.87E-06 7.00E-06   0.015 1.0000 7.0339E-06    958.542
13251.00 0.98524010 0.0000E+00 0.0000E+00 0.0000E+00 6.4905E-09 6.4905E-09 0.0000E+00 0.0000E+00 6.4905E-09 6.89E-06 7.02E-06   0.015 1.0000 7.0541E-06    959.401
13261.00 0.98515743 0.0000E+00 0.0000E+00 0.0000E+00 6.5245E-09 6.5245E-09 0.0000E+00 0.0000E+00 6.5245E-09 6.91E-06 7.04E-06   0.015 1.0000 7.0756E-06    960.268
13271.00 0.98506832 0.0000E+00 0.0000E+00 0.0000E+00 6.4711E-09 6.4711E-09 0.0000E+00 0.0000E+00 6.4711E-09 6.84E-06 6.97E-06   0.015 1.0000 7.0026E-06    960.485
13281.00 0.98497564 0.0000E+00 0.0000E+00 0.0000E+00 6.4282E-09 6.4282E-09 0.0000E+00 0.0000E+00 6.4282E-09 6.77E-06 6.90E-06   0.015 1.0000 6.9412E-06    960.778
13291.00 0.98488128 0.0000E+00 0.0000E+00 0.0000E+00 6.4193E-09 6.4193E-09 0.0000E+00 0.0000E+00 6.4193E-09 6.75E-06 6.88E-06   0.015 1.0000 6.9165E-06    961.326
13301.00 0.98478711 0.0000E+00 0.0000E+00 0.0000E+00 6.5195E-09 6.5195E-09 0.0000E+00 0.0000E+00 6.5195E-09 6.84E-06 6.97E-06   0.015 1.0000 7.0096E-06    962.689
13311.00 0.98469537 0.0000E+00 0.0000E+00 0.0000E+00 6.3345E-09 6.3345E-09 0.0000E+00 0.0000E+00 6.3345E-09 6.63E-06 6.76E-06   0.015 1.0000 6.7959E-06    961.911
13321.00 0.98460180 0.0000E+00 0.0000E+00 0.0000E+00 6.5434E-09 6.5434E-09 0.0000E+00 0.0000E+00 6.5434E-09 6.83E-06 6.97E-06   0.016 1.0000 7.0050E-06    964.096
13331.00 0.98450845 0.0000E+00 0.0000E+00 0.0000E+00 6.4972E-09 6.4972E-09 0.0000E+00 0.0000E+00 6.4972E-09 6.77E-06 6.90E-06   0.016 1.0000 6.9407E-06    964.366
13341.00 0.98442113 0.0000E+00 0.0000E+00 0.0000E+00 6.3629E-09 6.3629E-09 0.0000E+00 0.0000E+00 6.3629E-09 6.61E-06 6.74E-06   0.016 1.0000 6.7825E-06    963.969
13351.00 0.98434091 0.0000E+00 0.0000E+00 0.0000E+00 6.5722E-09 6.5722E-09 0.0000E+00 0.0000E+00 6.5722E-09 6.81E-06 6.95E-06   0.016 1.0000 6.9903E-06    966.152
13361.00 0.98427457 0.0000E+00 0.0000E+00 0.0000E+00 6.5477E-09 6.5477E-09 0.0000E+00 0.0000E+00 6.5477E-09 6.77E-06 6.91E-06   0.016 1.0000 6.9490E-06    966.585
13371.00 0.98421782 0.0000E+00 0.0000E+00 0.0000E+00 6.5563E-09 6.5563E-09 0.0000E+00 0.0000E+00 6.5563E-09 6.76E-06 6.90E-06   0.016 1.0000 6.9428E-06    967.263
13381.00 0.98417014 0.0000E+00 0.0000E+00 0.0000E+00 6.6090E-09 6.6090E-09 0.0000E+00 0.0000E+00 6.6090E-09 6.80E-06 6.94E-06   0.016 1.0000 6.9829E-06    968.267
13391.00 0.98413020 0.0000E+00 0.0000E+00 0.0000E+00 6.6263E-09 6.6263E-09 0.0000E+00 0.0000E+00 6.6263E-09 6.81E-06 6.94E-06   0.016 1.0000 6.9856E-06    969.009
13401.00 0.98409766 0.0000E+00 0.0000E+00 0.0000E+00 6.5896E-09 6.5896E-09 0.0000E+00 0.0000E+00 6.5896E-09 6.75E-06 6.89E-06   0.016 1.0000 6.9311E-06    969.353
13411.00 0.98407346 0.0000E+00 0.0000E+00 0.0000E+00 6.6675E-09 6.6675E-09 0.0000E+00 0.0000E+00 6.6675E-09 6.82E-06 6.96E-06   0.016 1.0000 6.9973E-06    970.540
13421.00 0.98405397 0.0000E+00 0.0000E+00 0.0000E+00 6.5383E-09 6.5383E-09 0.0000E+00 0.0000E+00 6.5383E-09 6.67E-06 6.81E-06   0.016 1.0000 6.8463E-06    970.200
13431.00 0.98403525 0.0000E+00 0.0000E+00 0.0000E+00 6.4695E-09 6.4695E-09 0.0000E+00 0.0000E+00 6.4695E-09 6.58E-06 6.72E-06   0.016 1.0000 6.7587E-06    970.298
13441.00 0.98401833 0.0000E+00 0.0000E+00 0.0000E+00 6.6949E-09 6.6949E-09 0.0000E+00 0.0000E+00 6.6949E-09 6.80E-06 6.94E-06   0.016 1.0000 6.9782E-06    972.584
13451.00 0.98400629 0.0000E+00 0.0000E+00 0.0000E+00 6.7124E-09 6.7124E-09 0.0000E+00 0.0000E+00 6.7124E-09 6.80E-06 6.94E-06   0.016 1.0000 6.9805E-06    973.326
13461.00 0.98399109 0.0000E+00 0.0000E+00 0.0000E+00 6.6641E-09 6.6641E-09 0.0000E+00 0.0000E+00 6.6641E-09 6.74E-06 6.87E-06   0.016 1.0000 6.9145E-06    973.587
13471.00 0.98397309 0.0000E+00 0.0000E+00 0.0000E+00 6.4439E-09 6.4439E-09 0.0000E+00 0.0000E+00 6.4439E-09 6.50E-06 6.63E-06   0.016 1.0000 6.6706E-06    972.558
13481.00 0.98395628 0.0000E+00 0.0000E+00 0.0000E+00 6.4633E-09 6.4633E-09 0.0000E+00 0.0000E+00 6.4633E-09 6.50E-06 6.64E-06   0.016 1.0000 6.6756E-06    973.318
13491.00 0.98393840 0.0000E+00 0.0000E+00 0.0000E+00 6.4617E-09 6.4617E-09 0.0000E+00 0.0000E+00 6.4617E-09 6.49E-06 6.62E-06   0.016 1.0000 6.6588E-06    973.920
13501.00 0.98392195 0.0000E+00 0.0000E+00 0.0000E+00 6.6634E-09 6.6634E-09 0.0000E+00 0.0000E+00 6.6634E-09 6.67E-06 6.81E-06   0.016 1.0000 6.8511E-06    976.039
13511.00 0.98389852 0.0000E+00 0.0000E+00 0.0000E+00 6.6754E-09 6.6754E-09 0.0000E+00 0.0000E+00 6.6754E-09 6.67E-06 6.81E-06   0.016 1.0000 6.8479E-06    976.741
13521.00 0.98386955 0.0000E+00 0.0000E+00 0.0000E+00 6.6972E-09 6.6972E-09 0.0000E+00 0.0000E+00 6.6972E-09 6.68E-06 6.82E-06   0.016 1.0000 6.8549E-06    977.514
13531.00 0.98384070 0.0000E+00 0.0000E+00 0.0000E+00 6.4971E-09 6.4971E-09 0.0000E+00 0.0000E+00 6.4971E-09 6.46E-06 6.60E-06   0.016 1.0000 6.6352E-06    976.640
13541.00 0.98380733 0.0000E+00 0.0000E+00 0.0000E+00 6.7018E-09 6.7018E-09 0.0000E+00 0.0000E+00 6.7018E-09 6.65E-06 6.79E-06   0.016 1.0000 6.8288E-06    978.776
13551.00 0.98377794 0.0000E+00 0.0000E+00 0.0000E+00 6.8536E-09 6.8536E-09 0.0000E+00 0.0000E+00 6.8536E-09 6.79E-06 6.93E-06   0.016 1.0000 6.9678E-06    980.493
13561.00 0.98373610 0.0000E+00 0.0000E+00 0.0000E+00 6.8814E-09 6.8814E-09 0.0000E+00 0.0000E+00 6.8814E-09 6.80E-06 6.94E-06   0.016 1.0000 6.9805E-06    981.307
13571.00 0.98369420 0.0000E+00 0.0000E+00 0.0000E+00 6.8460E-09 6.8460E-09 0.0000E+00 0.0000E+00 6.8460E-09 6.75E-06 6.89E-06   0.016 1.0000 6.9293E-06    981.667
13581.00 0.98365223 0.0000E+00 0.0000E+00 0.0000E+00 6.8000E-09 6.8000E-09 0.0000E+00 0.0000E+00 6.8000E-09 6.69E-06 6.83E-06   0.016 1.0000 6.8674E-06    981.948
13591.00 0.98361987 0.0000E+00 0.0000E+00 0.0000E+00 6.7760E-09 6.7760E-09 0.0000E+00 0.0000E+00 6.7760E-09 6.65E-06 6.79E-06   0.017 1.0000 6.8280E-06    982.388
13601.00 0.98358464 0.0000E+00 0.0000E+00 0.0000E+00 6.8805E-09 6.8805E-09 0.0000E+00 0.0000E+00 6.8805E-09 6.73E-06 6.88E-06   0.017 1.0000 6.9178E-06    983.758
13611.00 0.98354125 0.0000E+00 0.0000E+00 0.0000E+00 6.9614E-09 6.9614E-09 0.0000E+00 0.0000E+00 6.9614E-09 6.80E-06 6.94E-06   0.017 1.0000 6.9838E-06    984.951
13621.00 0.98350483 0.0000E+00 0.0000E+00 0.0000E+00 6.9970E-09 6.9970E-09 0.0000E+00 0.0000E+00 6.9970E-09 6.82E-06 6.96E-06   0.017 1.0000 7.0039E-06    985.818
13631.00 0.98345119 0.0000E+00 0.0000E+00 0.0000E+00 6.9375E-09 6.9375E-09 0.0000E+00 0.0000E+00 6.9375E-09 6.74E-06 6.89E-06   0.017 1.0000 6.9291E-06    986.009
13641.00 0.98341072 0.0000E+00 0.0000E+00 0.0000E+00 6.8374E-09 6.8374E-09 0.0000E+00 0.0000E+00 6.8374E-09 6.63E-06 6.77E-06   0.017 1.0000 6.8141E-06    985.904
13651.00 0.98335493 0.0000E+00 0.0000E+00 0.0000E+00 6.8679E-09 6.8679E-09 0.0000E+00 0.0000E+00 6.8679E-09 6.65E-06 6.79E-06   0.017 1.0000 6.8293E-06    986.737
13661.00 0.98327720 0.0000E+00 0.0000E+00 0.0000E+00 6.9687E-09 6.9687E-09 0.0000E+00 0.0000E+00 6.9687E-09 6.73E-06 6.87E-06   0.017 1.0000 6.9146E-06    988.075
13671.00 0.98322201 0.0000E+00 0.0000E+00 0.0000E+00 6.9281E-09 6.9281E-09 0.0000E+00 0.0000E+00 6.9281E-09 6.67E-06 6.82E-06   0.017 1.0000 6.8594E-06    988.398
13681.00 0.98316574 0.0000E+00 0.0000E+00 0.0000E+00 6.8303E-09 6.8303E-09 0.0000E+00 0.0000E+00 6.8303E-09 6.56E-06 6.71E-06   0.017 1.0000 6.7477E-06    988.307
13691.00 0.98309040 0.0000E+00 0.0000E+00 0.0000E+00 7.0297E-09 7.0297E-09 0.0000E+00 0.0000E+00 7.0297E-09 6.74E-06 6.89E-06   0.017 1.0000 6.9298E-06    990.351
13701.00 0.98305374 0.0000E+00 0.0000E+00 0.0000E+00 7.0041E-09 7.0041E-09 0.0000E+00 0.0000E+00 7.0041E-09 6.70E-06 6.85E-06   0.017 1.0000 6.8895E-06    990.783
13711.00 0.98292661 0.0000E+00 0.0000E+00 0.0000E+00 6.7054E-09 6.7054E-09 0.0000E+00 0.0000E+00 6.7054E-09 6.40E-06 6.54E-06   0.017 1.0000 6.5819E-06    989.231
13721.00 0.98289472 0.0000E+00 0.0000E+00 0.0000E+00 6.7955E-09 6.7955E-09 0.0000E+00 0.0000E+00 6.7955E-09 6.47E-06 6.61E-06   0.017 1.0000 6.6556E-06    990.507
13731.00 0.98281252 0.0000E+00 0.0000E+00 0.0000E+00 7.0109E-09 7.0109E-09 0.0000E+00 0.0000E+00 7.0109E-09 6.66E-06 6.81E-06   0.017 1.0000 6.8519E-06    992.674
13741.00 0.98266780 0.0000E+00 0.0000E+00 0.0000E+00 7.0636E-09 7.0636E-09 0.0000E+00 0.0000E+00 7.0636E-09 6.70E-06 6.84E-06   0.017 1.0000 6.8890E-06    993.662
13751.00 0.98266512 0.0000E+00 0.0000E+00 0.0000E+00 7.1639E-09 7.1639E-09 0.0000E+00 0.0000E+00 7.1639E-09 6.78E-06 6.93E-06   0.017 1.0000 6.9714E-06    994.981
13761.00 0.98254496 0.0000E+00 0.0000E+00 0.0000E+00 7.1057E-09 7.1057E-09 0.0000E+00 0.0000E+00 7.1057E-09 6.70E-06 6.86E-06   0.018 1.0000 6.9003E-06    995.187
13771.00 0.98255074 0.0000E+00 0.0000E+00 0.0000E+00 7.0532E-09 7.0532E-09 0.0000E+00 0.0000E+00 7.0532E-09 6.64E-06 6.79E-06   0.018 1.0000 6.8340E-06    995.430
13781.00 0.98242074 0.0000E+00 0.0000E+00 0.0000E+00 7.1533E-09 7.1533E-09 0.0000E+00 0.0000E+00 7.1533E-09 6.72E-06 6.87E-06   0.018 1.0000 6.9166E-06    996.749
13791.00 0.98237908 0.0000E+00 0.0000E+00 0.0000E+00 7.1275E-09 7.1275E-09 0.0000E+00 0.0000E+00 7.1275E-09 6.68E-06 6.83E-06   0.018 1.0000 6.8767E-06    997.183
13801.00 0.98224783 0.0000E+00 0.0000E+00 0.0000E+00 7.1462E-09 7.1462E-09 0.0000E+00 0.0000E+00 7.1462E-09 6.68E-06 6.83E-06   0.018 1.0000 6.8804E-06    997.928
13811.00 0.98218542 0.0000E+00 0.0000E+00 0.0000E+00 7.1767E-09 7.1767E-09 0.0000E+00 0.0000E+00 7.1767E-09 6.69E-06 6.85E-06   0.018 1.0000 6.8949E-06    998.755
13821.00 0.98205149 0.0000E+00 0.0000E+00 0.0000E+00 7.2461E-09 7.2461E-09 0.0000E+00 0.0000E+00 7.2461E-09 6.74E-06 6.90E-06   0.018 1.0000 6.9471E-06    999.853
13831.00 0.98210609 0.0000E+00 0.0000E+00 0.0000E+00 7.1921E-09 7.1921E-09 0.0000E+00 0.0000E+00 7.1921E-09 6.68E-06 6.83E-06   0.018 1.0000 6.8800E-06   1000.091
13841.00 0.98203677 0.0000E+00 0.0000E+00 0.0000E+00 6.9742E-09 6.9742E-09 0.0000E+00 0.0000E+00 6.9742E-09 6.46E-06 6.61E-06   0.018 1.0000 6.6572E-06    999.161
13851.00 0.98196650 0.0000E+00 0.0000E+00 0.0000E+00 7.2113E-09 7.2113E-09 0.0000E+00 0.0000E+00 7.2113E-09 6.67E-06 6.82E-06   0.018 1.0000 6.8689E-06   1001.454
13861.00 0.98188299 0.0000E+00 0.0000E+00 0.0000E+00 7.2011E-09 7.2011E-09 0.0000E+00 0.0000E+00 7.2011E-09 6.64E-06 6.80E-06   0.018 1.0000 6.8448E-06   1001.997
13871.00 0.98167610 0.0000E+00 0.0000E+00 0.0000E+00 6.9646E-09 6.9646E-09 0.0000E+00 0.0000E+00 6.9646E-09 6.41E-06 6.56E-06   0.018 1.0000 6.6067E-06   1000.932
13881.00 0.98151410 0.0000E+00 0.0000E+00 0.0000E+00 7.2298E-09 7.2298E-09 0.0000E+00 0.0000E+00 7.2298E-09 6.64E-06 6.80E-06   0.019 1.0000 6.8443E-06   1003.425
13891.00 0.98150533 0.0000E+00 0.0000E+00 0.0000E+00 7.1674E-09 7.1674E-09 0.0000E+00 0.0000E+00 7.1674E-09 6.56E-06 6.72E-06   0.019 1.0000 6.7708E-06   1003.602
13901.00 0.98136014 0.0000E+00 0.0000E+00 0.0000E+00 7.0297E-09 7.0297E-09 0.0000E+00 0.0000E+00 7.0297E-09 6.42E-06 6.58E-06   0.019 1.0000 6.6271E-06   1003.238
13911.00 0.98123187 0.0000E+00 0.0000E+00 0.0000E+00 7.0028E-09 7.0028E-09 0.0000E+00 0.0000E+00 7.0028E-09 6.38E-06 6.54E-06   0.019 1.0000 6.5880E-06   1003.658
13921.00 0.98123777 0.0000E+00 0.0000E+00 0.0000E+00 7.1049E-09 7.1049E-09 0.0000E+00 0.0000E+00 7.1049E-09 6.46E-06 6.62E-06   0.019 1.0000 6.6696E-06   1005.001
13931.00 0.98118752 0.0000E+00 0.0000E+00 0.0000E+00 7.2567E-09 7.2567E-09 0.0000E+00 0.0000E+00 7.2567E-09 6.59E-06 6.75E-06   0.019 1.0000 6.7975E-06   1006.682
13941.00 0.98113137 0.0000E+00 0.0000E+00 0.0000E+00 7.4049E-09 7.4049E-09 0.0000E+00 0.0000E+00 7.4049E-09 6.71E-06 6.87E-06   0.019 1.0000 6.9216E-06   1008.319
13951.00 0.98108757 0.0000E+00 0.0000E+00 0.0000E+00 7.1173E-09 7.1173E-09 0.0000E+00 0.0000E+00 7.1173E-09 6.43E-06 6.59E-06   0.019 1.0000 6.6387E-06   1006.928
13961.00 0.98103136 0.0000E+00 0.0000E+00 0.0000E+00 7.3217E-09 7.3217E-09 0.0000E+00 0.0000E+00 7.3217E-09 6.60E-06 6.76E-06   0.019 1.0000 6.8145E-06   1008.974
13971.00 0.98096806 0.0000E+00 0.0000E+00 0.0000E+00 7.3667E-09 7.3667E-09 0.0000E+00 0.0000E+00 7.3667E-09 6.63E-06 6.79E-06   0.019 1.0000 6.8419E-06   1009.899
13981.00 0.98090768 0.0000E+00 0.0000E+00 0.0000E+00 7.1781E-09 7.1781E-09 0.0000E+00 0.0000E+00 7.1781E-09 6.44E-06 6.60E-06   0.019 1.0000 6.6525E-06   1009.197
13991.00 0.98085451 0.0000E+00 0.0000E+00 0.0000E+00 7.2440E-09 7.2440E-09 0.0000E+00 0.0000E+00 7.2440E-09 6.49E-06 6.65E-06   0.019 1.0000 6.6990E-06   1010.274
14001.00 0.98080468 0.0000E+00 0.0000E+00 0.0000E+00 7.4738E-09 7.4738E-09 0.0000E+00 0.0000E+00 7.4738E-09 6.68E-06 6.84E-06   0.019 1.0000 6.8966E-06   1012.474
14011.00 0.98076057 0.0000E+00 0.0000E+00 0.0000E+00 7.4504E-09 7.4504E-09 0.0000E+00 0.0000E+00 7.4504E-09 6.64E-06 6.81E-06   0.019 1.0000 6.8603E-06   1012.929
14021.00 0.98071980 0.0000E+00 0.0000E+00 0.0000E+00 7.2974E-09 7.2974E-09 0.0000E+00 0.0000E+00 7.2974E-09 6.49E-06 6.65E-06   0.019 1.0000 6.7046E-06   1012.487
14031.00 0.98067677 0.0000E+00 0.0000E+00 0.0000E+00 7.4231E-09 7.4231E-09 0.0000E+00 0.0000E+00 7.4231E-09 6.59E-06 6.75E-06   0.020 1.0000 6.8054E-06   1013.969
14041.00 0.98062712 0.0000E+00 0.0000E+00 0.0000E+00 7.4272E-09 7.4272E-09 0.0000E+00 0.0000E+00 7.4272E-09 6.58E-06 6.74E-06   0.020 1.0000 6.7943E-06   1014.611
14051.00 0.98057586 0.0000E+00 0.0000E+00 0.0000E+00 7.4340E-09 7.4340E-09 0.0000E+00 0.0000E+00 7.4340E-09 6.57E-06 6.73E-06   0.020 1.0000 6.7860E-06   1015.271
14061.00 0.98052204 0.0000E+00 0.0000E+00 0.0000E+00 7.4666E-09 7.4666E-09 0.0000E+00 0.0000E+00 7.4666E-09 6.58E-06 6.75E-06   0.020 1.0000 6.8011E-06   1016.109
14071.00 0.98046786 0.0000E+00 0.0000E+00 0.0000E+00 7.6058E-09 7.6058E-09 0.0000E+00 0.0000E+00 7.6058E-09 6.69E-06 6.86E-06   0.020 1.0000 6.9130E-06   1017.666
14081.00 0.98041320 0.0000E+00 0.0000E+00 0.0000E+00 7.6321E-09 7.6321E-09 0.0000E+00 0.0000E+00 7.6321E-09 6.70E-06 6.87E-06   0.020 1.0000 6.9222E-06   1018.457
14091.00 0.98034811 0.0000E+00 0.0000E+00 0.0000E+00 7.5663E-09 7.5663E-09 0.0000E+00 0.0000E+00 7.5663E-09 6.62E-06 6.79E-06   0.020 1.0000 6.8480E-06   1018.628
14101.00 0.98027974 0.0000E+00 0.0000E+00 0.0000E+00 7.4945E-09 7.4945E-09 0.0000E+00 0.0000E+00 7.4945E-09 6.55E-06 6.71E-06   0.020 1.0000 6.7686E-06   1018.754
14111.00 0.98022532 0.0000E+00 0.0000E+00 0.0000E+00 7.4794E-09 7.4794E-09 0.0000E+00 0.0000E+00 7.4794E-09 6.52E-06 6.69E-06   0.020 1.0000 6.7405E-06   1019.264
14121.00 0.98015636 0.0000E+00 0.0000E+00 0.0000E+00 7.7103E-09 7.7103E-09 0.0000E+00 0.0000E+00 7.7103E-09 6.70E-06 6.88E-06   0.020 1.0000 6.9338E-06   1021.437
14131.00 0.98008329 0.0000E+00 0.0000E+00 0.0000E+00 7.7014E-09 7.7014E-09 0.0000E+00 0.0000E+00 7.7014E-09 6.68E-06 6.85E-06   0.020 1.0000 6.9114E-06   1021.992
14141.00 0.98002303 0.0000E+00 0.0000E+00 0.0000E+00 7.4472E-09 7.4472E-09 0.0000E+00 0.0000E+00 7.4472E-09 6.45E-06 6.61E-06   0.020 1.0000 6.6690E-06   1020.884
14151.00 0.97996056 0.0000E+00 0.0000E+00 0.0000E+00 7.6505E-09 7.6505E-09 0.0000E+00 0.0000E+00 7.6505E-09 6.61E-06 6.78E-06   0.020 1.0000 6.8364E-06   1022.879
14161.00 0.97989768 0.0000E+00 0.0000E+00 0.0000E+00 7.6553E-09 7.6553E-09 0.0000E+00 0.0000E+00 7.6553E-09 6.60E-06 6.77E-06   0.020 1.0000 6.8263E-06   1023.525
14171.00 0.97983104 0.0000E+00 0.0000E+00 0.0000E+00 7.6665E-09 7.6665E-09 0.0000E+00 0.0000E+00 7.6665E-09 6.59E-06 6.76E-06   0.020 1.0000 6.8218E-06   1024.214
14181.00 0.97975796 0.0000E+00 0.0000E+00 0.0000E+00 7.7889E-09 7.7889E-09 0.0000E+00 0.0000E+00 7.7889E-09 6.68E-06 6.86E-06   0.020 1.0000 6.9162E-06   1025.644
14191.00 0.97969657 0.0000E+00 0.0000E+00 0.0000E+00 7.7877E-09 7.7877E-09 0.0000E+00 0.0000E+00 7.7877E-09 6.67E-06 6.84E-06   0.021 1.0000 6.9005E-06   1026.250
14201.00 0.97961718 0.0000E+00 0.0000E+00 0.0000E+00 7.6997E-09 7.6997E-09 0.0000E+00 0.0000E+00 7.6997E-09 6.58E-06 6.75E-06   0.021 1.0000 6.8083E-06   1026.278
14211.00 0.97955573 0.0000E+00 0.0000E+00 0.0000E+00 7.7060E-09 7.7060E-09 0.0000E+00 0.0000E+00 7.7060E-09 6.57E-06 6.74E-06   0.021 1.0000 6.7993E-06   1026.934
14221.00 0.97947508 0.0000E+00 0.0000E+00 0.0000E+00 7.7222E-09 7.7222E-09 0.0000E+00 0.0000E+00 7.7222E-09 6.57E-06 6.74E-06   0.021 1.0000 6.7995E-06   1027.656
14231.00 0.97939020 0.0000E+00 0.0000E+00 0.0000E+00 7.6148E-09 7.6148E-09 0.0000E+00 0.0000E+00 7.6148E-09 6.46E-06 6.63E-06   0.021 1.0000 6.6909E-06   1027.547
14241.00 0.97931284 0.0000E+00 0.0000E+00 0.0000E+00 7.6811E-09 7.6811E-09 0.0000E+00 0.0000E+00 7.6811E-09 6.50E-06 6.68E-06   0.021 1.0000 6.7352E-06   1028.608
14251.00 0.97923404 0.0000E+00 0.0000E+00 0.0000E+00 7.5251E-09 7.5251E-09 0.0000E+00 0.0000E+00 7.5251E-09 6.36E-06 6.53E-06   0.021 1.0000 6.5845E-06   1028.162
14261.00 0.97916603 0.0000E+00 0.0000E+00 0.0000E+00 7.7397E-09 7.7397E-09 0.0000E+00 0.0000E+00 7.7397E-09 6.52E-06 6.70E-06   0.021 1.0000 6.7582E-06   1030.228
14271.00 0.97906816 0.0000E+00 0.0000E+00 0.0000E+00 7.7099E-09 7.7099E-09 0.0000E+00 0.0000E+00 7.7099E-09 6.48E-06 6.66E-06   0.021 1.0000 6.7184E-06   1030.642
14281.00 0.97898924 0.0000E+00 0.0000E+00 0.0000E+00 7.7302E-09 7.7302E-09 0.0000E+00 0.0000E+00 7.7302E-09 6.49E-06 6.66E-06   0.021 1.0000 6.7221E-06   1031.391
 -9999.
