T F 2    2    2    1    2    2    2    2    2    2    1    0    0 294.200   0.40
    1    1    1    0   18    0   2.00000   0.00000   0.00000   0.00000   0.00000
   1.000  10.000   0.140
 -99.00000 -99.00000 -99.00000  2.922432  0.000710 ! H2O & O3 COLUMNS [GM/CM2]
   40MID-LATITUDE SUMMER 
   3.00000   0.00000 180.00000   3.00000   0.00000   0.00000    0        0.00000
    0    2    1    0
   0.00000   0.00000   0.00000  45.01134   0.00000 270.00000   0.00000   0.00000
    9091.0   14286.0      10.0      10.0RN              
    0   0    0.000  0    0.000  0    1.000
    FREQ  TOT_TRANS  PTH_THRML  THRML_SCT  SURF_EMIS   SOL_SCAT  SING_SCAT  GRND_RFLT  DRCT_RFLT  TOTAL_RAD  REF_SOL  SOL@OBS   DEPTH DIR_EM    TOA_SUN BBODY_T[K]
 9091.00 0.29556561 1.7024E-20            7.8007E-21 1.5223E-07 2.0908E-08 9.5774E-08 2.9453E-08 2.4801E-07 3.27E-07 5.39E-06   1.219 0.6000 7.3883E-06    866.302
 9101.00 0.30924505 1.6026E-20            7.7946E-21 1.6836E-07 2.1539E-08 1.0398E-07 3.1059E-08 2.7234E-07 3.45E-07 5.37E-06   1.174 0.6000 7.2084E-06    872.473
 9111.00 0.32429567 1.4952E-20            7.8035E-21 2.0141E-07 2.3157E-08 1.2017E-07 3.4871E-08 3.2158E-07 3.87E-07 5.48E-06   1.126 0.6000 7.2268E-06    883.014
 9121.00 0.32378361 1.4266E-20            7.4592E-21 2.0168E-07 2.3122E-08 1.1999E-07 3.4741E-08 3.2167E-07 3.86E-07 5.46E-06   1.128 0.6000 7.2128E-06    883.804
 9131.00 0.32021803 1.3709E-20            7.0391E-21 1.9380E-07 2.2676E-08 1.1580E-07 3.3546E-08 3.0960E-07 3.73E-07 5.41E-06   1.139 0.6000 7.1706E-06    882.306
 9141.00 0.33610404 1.2822E-20            7.0573E-21 2.1307E-07 2.3229E-08 1.2472E-07 3.5486E-08 3.3779E-07 3.94E-07 5.29E-06   1.090 0.6000 6.8786E-06    888.275
 9151.00 0.31924307 1.2491E-20            6.4074E-21 2.0515E-07 2.3343E-08 1.2006E-07 3.4733E-08 3.2521E-07 3.86E-07 5.51E-06   1.142 0.6000 7.3243E-06    886.777
 9161.00 0.34943897 1.1415E-20            6.6994E-21 2.6511E-07 2.6532E-08 1.5004E-07 4.1717E-08 4.1515E-07 4.63E-07 5.78E-06   1.051 0.6000 7.4023E-06    902.387
 9171.00 0.33021420 1.1218E-20            6.0502E-21 2.2978E-07 2.4909E-08 1.3260E-07 3.7622E-08 3.6238E-07 4.18E-07 5.69E-06   1.108 0.6000 7.4596E-06    894.844
 9181.00 0.33841893 1.0624E-20            5.9222E-21 2.3880E-07 2.5266E-08 1.3686E-07 3.8427E-08 3.7566E-07 4.27E-07 5.67E-06   1.083 0.6000 7.3374E-06    897.811
 9191.00 0.34727553 9.9926E-21            5.8077E-21 2.6065E-07 2.6150E-08 1.4633E-07 4.0436E-08 4.0698E-07 4.49E-07 5.71E-06   1.058 0.6000 7.3153E-06    903.506
 9201.00 0.33393726 9.7405E-21            5.3380E-21 2.3232E-07 2.4695E-08 1.3215E-07 3.7112E-08 3.6446E-07 4.12E-07 5.56E-06   1.097 0.6000 7.2365E-06    897.523
 9211.00 0.33485475 9.2865E-21            5.1072E-21 2.4525E-07 2.5774E-08 1.3868E-07 3.8735E-08 3.8393E-07 4.30E-07 5.77E-06   1.094 0.6000 7.5017E-06    901.479
 9221.00 0.34162423 8.7941E-21            4.9830E-21 2.5520E-07 2.6197E-08 1.4327E-07 3.9573E-08 3.9848E-07 4.40E-07 5.78E-06   1.074 0.6000 7.4389E-06    904.546
 9231.00 0.33984742 8.4120E-21            4.7322E-21 2.5071E-07 2.5497E-08 1.3927E-07 3.8496E-08 3.8998E-07 4.28E-07 5.62E-06   1.079 0.6000 7.2538E-06    903.998
 9241.00 0.34718880 7.9386E-21            4.6221E-21 2.6676E-07 2.6220E-08 1.4656E-07 3.9984E-08 4.1332E-07 4.44E-07 5.66E-06   1.058 0.6000 7.2418E-06    908.371
 9251.00 0.33992037 7.6824E-21            4.3225E-21 2.5583E-07 2.6042E-08 1.4176E-07 3.9010E-08 3.9759E-07 4.33E-07 5.72E-06   1.079 0.6000 7.3662E-06    906.749
 9261.00 0.34300846 7.2919E-21            4.1653E-21 2.6997E-07 2.6771E-08 1.4768E-07 4.0302E-08 4.1765E-07 4.48E-07 5.81E-06   1.070 0.6000 7.4664E-06    910.582
 9271.00 0.34822753 6.9023E-21            4.0417E-21 2.7838E-07 2.6865E-08 1.5062E-07 4.0676E-08 4.2899E-07 4.52E-07 5.75E-06   1.055 0.6000 7.3400E-06    913.035
 9281.00 0.33811918 6.7063E-21            3.7485E-21 2.6342E-07 2.6498E-08 1.4364E-07 3.9130E-08 4.0707E-07 4.35E-07 5.82E-06   1.084 0.6000 7.5074E-06    910.548
 9291.00 0.34847885 6.2902E-21            3.6910E-21 2.8871E-07 2.7549E-08 1.5468E-07 4.1505E-08 4.4339E-07 4.61E-07 5.87E-06   1.054 0.6000 7.4866E-06    916.670
 9301.00 0.34315512 6.0683E-21            3.4734E-21 2.7036E-07 2.6492E-08 1.4570E-07 3.9339E-08 4.1606E-07 4.37E-07 5.71E-06   1.070 0.6000 7.3267E-06    913.469
 9311.00 0.34542555 5.7702E-21            3.3385E-21 2.8347E-07 2.7248E-08 1.5130E-07 4.0570E-08 4.3477E-07 4.51E-07 5.82E-06   1.063 0.6000 7.4561E-06    917.003
 9321.00 0.34447163 5.5203E-21            3.1818E-21 2.7619E-07 2.6758E-08 1.4773E-07 3.9502E-08 4.2392E-07 4.39E-07 5.73E-06   1.066 0.6000 7.3505E-06    916.201
 9331.00 0.34476909 5.2686E-21            3.0417E-21 2.8366E-07 2.7317E-08 1.5103E-07 4.0253E-08 4.3469E-07 4.47E-07 5.84E-06   1.065 0.6000 7.4831E-06    918.556
 9341.00 0.34446666 5.0322E-21            2.9038E-21 2.8337E-07 2.7200E-08 1.5027E-07 3.9949E-08 4.3364E-07 4.44E-07 5.80E-06   1.066 0.6000 7.4501E-06    919.187
 9351.00 0.34236392 4.8262E-21            2.7568E-21 2.6725E-07 2.5947E-08 1.4207E-07 3.7782E-08 4.0932E-07 4.20E-07 5.56E-06   1.072 0.6000 7.1583E-06    916.352
 9361.00 0.34365103 4.5942E-21            2.6438E-21 2.8033E-07 2.6881E-08 1.4804E-07 3.9173E-08 4.2838E-07 4.35E-07 5.73E-06   1.068 0.6000 7.3810E-06    919.982
 9371.00 0.34267530 4.3956E-21            2.5184E-21 2.8288E-07 2.7187E-08 1.4912E-07 3.9399E-08 4.3200E-07 4.38E-07 5.80E-06   1.071 0.6000 7.4787E-06    921.294
 9381.00 0.34292114 4.1945E-21            2.4077E-21 2.8432E-07 2.7142E-08 1.4908E-07 3.9255E-08 4.3340E-07 4.36E-07 5.77E-06   1.070 0.6000 7.4430E-06    922.279
 9391.00 0.34182563 4.0144E-21            2.2927E-21 2.8787E-07 2.7561E-08 1.5068E-07 3.9613E-08 4.3855E-07 4.40E-07 5.87E-06   1.073 0.6000 7.5710E-06    923.806
 9401.00 0.34209073 3.8316E-21            2.1920E-21 2.8935E-07 2.7482E-08 1.5045E-07 3.9435E-08 4.3980E-07 4.38E-07 5.83E-06   1.073 0.6000 7.5142E-06    924.768
 9411.00 0.34125069 3.6655E-21            2.0889E-21 2.8849E-07 2.7419E-08 1.4956E-07 3.9128E-08 4.3805E-07 4.35E-07 5.82E-06   1.075 0.6000 7.4958E-06    925.298
 9421.00 0.34136727 3.4996E-21            1.9962E-21 2.9094E-07 2.7462E-08 1.4991E-07 3.9108E-08 4.4085E-07 4.34E-07 5.82E-06   1.075 0.6000 7.4780E-06    926.483
 9431.00 0.34100556 3.3444E-21            1.9050E-21 2.9076E-07 2.7362E-08 1.4915E-07 3.8818E-08 4.3990E-07 4.31E-07 5.79E-06   1.076 0.6000 7.4376E-06    927.128
 9441.00 0.34057042 3.1966E-21            1.8175E-21 2.9107E-07 2.7329E-08 1.4870E-07 3.8615E-08 4.3977E-07 4.29E-07 5.77E-06   1.077 0.6000 7.4170E-06    927.890
 9451.00 0.34026515 3.0548E-21            1.7347E-21 2.9392E-07 2.7506E-08 1.4945E-07 3.8724E-08 4.4337E-07 4.30E-07 5.80E-06   1.078 0.6000 7.4469E-06    929.189
 9461.00 0.34006858 2.9187E-21            1.6562E-21 3.0073E-07 2.8029E-08 1.5217E-07 3.9339E-08 4.5290E-07 4.37E-07 5.90E-06   1.079 0.6000 7.5672E-06    931.324
 9471.00 0.33975142 2.7893E-21            1.5807E-21 3.0241E-07 2.8100E-08 1.5233E-07 3.9298E-08 4.5474E-07 4.36E-07 5.91E-06   1.080 0.6000 7.5686E-06    932.364
 9481.00 0.33946654 2.6654E-21            1.5087E-21 3.0384E-07 2.8141E-08 1.5237E-07 3.9222E-08 4.5620E-07 4.36E-07 5.91E-06   1.080 0.6000 7.5627E-06    933.352
 9491.00 0.33914310 2.5471E-21            1.4399E-21 3.0276E-07 2.7963E-08 1.5119E-07 3.8837E-08 4.5395E-07 4.31E-07 5.87E-06   1.081 0.6000 7.5010E-06    933.818
 9501.00 0.33867592 2.4348E-21            1.3736E-21 3.0523E-07 2.8150E-08 1.5189E-07 3.8942E-08 4.5712E-07 4.33E-07 5.90E-06   1.083 0.6000 7.5429E-06    935.045
 9511.00 0.33824947 2.3272E-21            1.3105E-21 3.0646E-07 2.8212E-08 1.5194E-07 3.8877E-08 4.5841E-07 4.32E-07 5.91E-06   1.084 0.6000 7.5499E-06    936.007
 9521.00 0.33787423 2.2240E-21            1.2506E-21 3.0729E-07 2.8230E-08 1.5179E-07 3.8760E-08 4.5908E-07 4.30E-07 5.91E-06   1.085 0.6000 7.5456E-06    936.883
 9531.00 0.33741808 2.1257E-21            1.1930E-21 3.0861E-07 2.8312E-08 1.5194E-07 3.8719E-08 4.6055E-07 4.30E-07 5.92E-06   1.086 0.6000 7.5615E-06    937.870
 9541.00 0.33697560 2.0318E-21            1.1382E-21 3.0969E-07 2.8359E-08 1.5189E-07 3.8629E-08 4.6159E-07 4.29E-07 5.93E-06   1.088 0.6000 7.5625E-06    938.797
 9551.00 0.33648005 1.9422E-21            1.0856E-21 3.0734E-07 2.8113E-08 1.5025E-07 3.8137E-08 4.5759E-07 4.24E-07 5.87E-06   1.089 0.6000 7.4917E-06    939.021
 9561.00 0.33600074 1.8564E-21            1.0356E-21 3.0465E-07 2.7835E-08 1.4846E-07 3.7606E-08 4.5310E-07 4.18E-07 5.81E-06   1.091 0.6000 7.4123E-06    939.170
 9571.00 0.33547178 1.7747E-21            9.8771E-22 3.1070E-07 2.8367E-08 1.5095E-07 3.8165E-08 4.6165E-07 4.24E-07 5.92E-06   1.092 0.6000 7.5504E-06    941.150
 9581.00 0.33502489 1.6962E-21            9.4227E-22 3.1182E-07 2.8430E-08 1.5099E-07 3.8100E-08 4.6282E-07 4.23E-07 5.93E-06   1.094 0.6000 7.5610E-06    942.095
 9591.00 0.33446282 1.6215E-21            8.9860E-22 3.0992E-07 2.8248E-08 1.4965E-07 3.7692E-08 4.5957E-07 4.19E-07 5.89E-06   1.095 0.6000 7.5108E-06    942.424
 9601.00 0.33387008 1.5502E-21            8.5687E-22 3.1277E-07 2.8508E-08 1.5064E-07 3.7872E-08 4.6341E-07 4.21E-07 5.94E-06   1.097 0.6000 7.5795E-06    943.741
 9611.00 0.33344862 1.4816E-21            8.1749E-22 3.1166E-07 2.8363E-08 1.4960E-07 3.7535E-08 4.6126E-07 4.17E-07 5.91E-06   1.098 0.6000 7.5350E-06    944.223
 9621.00 0.33291566 1.4162E-21            7.7966E-22 3.1174E-07 2.8354E-08 1.4921E-07 3.7364E-08 4.6095E-07 4.15E-07 5.90E-06   1.100 0.6000 7.5299E-06    944.960
 9631.00 0.33237147 1.3538E-21            7.4354E-22 3.1180E-07 2.8344E-08 1.4880E-07 3.7191E-08 4.6060E-07 4.13E-07 5.90E-06   1.102 0.6000 7.5249E-06    945.692
 9641.00 0.33186847 1.2940E-21            7.0919E-22 3.1010E-07 2.8167E-08 1.4755E-07 3.6805E-08 4.5766E-07 4.09E-07 5.86E-06   1.103 0.6000 7.4759E-06    946.059
 9651.00 0.33125207 1.2372E-21            6.7619E-22 3.1482E-07 2.8598E-08 1.4940E-07 3.7199E-08 4.6421E-07 4.13E-07 5.95E-06   1.105 0.6000 7.5893E-06    947.759
 9661.00 0.33089745 1.1822E-21            6.4522E-22 3.1216E-07 2.8294E-08 1.4759E-07 3.6671E-08 4.5975E-07 4.07E-07 5.88E-06   1.106 0.6000 7.4997E-06    947.915
 9671.00 0.33019859 1.1305E-21            6.1505E-22 3.1179E-07 2.8288E-08 1.4710E-07 3.6486E-08 4.5890E-07 4.05E-07 5.88E-06   1.108 0.6000 7.5015E-06    948.575
 9681.00 0.32969955 1.0806E-21            5.8660E-22 3.1133E-07 2.8221E-08 1.4644E-07 3.6250E-08 4.5777E-07 4.03E-07 5.86E-06   1.110 0.6000 7.4807E-06    949.197
 9691.00 0.32898828 1.0332E-21            5.5915E-22 3.1526E-07 2.8608E-08 1.4797E-07 3.6569E-08 4.6323E-07 4.06E-07 5.94E-06   1.112 0.6000 7.5873E-06    950.745
 9701.00 0.32831302 9.8797E-22            5.3300E-22 3.1445E-07 2.8557E-08 1.4726E-07 3.6329E-08 4.6171E-07 4.03E-07 5.93E-06   1.114 0.6000 7.5768E-06    951.312
 9711.00 0.32786980 9.4419E-22            5.0846E-22 3.1432E-07 2.8514E-08 1.4675E-07 3.6131E-08 4.6107E-07 4.01E-07 5.92E-06   1.115 0.6000 7.5604E-06    952.002
 9721.00 0.32651821 9.0397E-22            4.8368E-22 3.1150E-07 2.8439E-08 1.4546E-07 3.5780E-08 4.5696E-07 3.97E-07 5.92E-06   1.119 0.6000 7.5664E-06    952.201
 9731.00 0.32517582 8.6538E-22            4.6013E-22 3.1040E-07 2.8502E-08 1.4491E-07 3.5618E-08 4.5531E-07 3.96E-07 5.95E-06   1.123 0.6000 7.6088E-06    952.746
 9741.00 0.32575789 8.2543E-22            4.4029E-22 3.1436E-07 2.8597E-08 1.4580E-07 3.5712E-08 4.6015E-07 3.97E-07 5.94E-06   1.122 0.6000 7.5946E-06    954.212
 9751.00 0.32515588 7.8911E-22            4.1979E-22 3.1462E-07 2.8636E-08 1.4560E-07 3.5597E-08 4.6022E-07 3.95E-07 5.95E-06   1.123 0.6000 7.6062E-06    955.001
 9761.00 0.32378712 7.5534E-22            3.9936E-22 3.1145E-07 2.8485E-08 1.4398E-07 3.5177E-08 4.5543E-07 3.91E-07 5.93E-06   1.128 0.6000 7.5918E-06    955.099
 9771.00 0.32140046 7.2461E-22            3.7857E-22 3.0475E-07 2.8297E-08 1.4143E-07 3.4572E-08 4.4618E-07 3.84E-07 5.93E-06   1.135 0.6000 7.6047E-06    954.547
 9781.00 0.32343388 6.8925E-22            3.6393E-22 3.1151E-07 2.8315E-08 1.4290E-07 3.4745E-08 4.5441E-07 3.86E-07 5.88E-06   1.129 0.6000 7.5202E-06    956.511
 9791.00 0.32290605 6.5887E-22            3.4705E-22 3.1120E-07 2.8298E-08 1.4244E-07 3.4565E-08 4.5363E-07 3.84E-07 5.88E-06   1.130 0.6000 7.5133E-06    957.179
 9801.00 0.32257578 6.2947E-22            3.3118E-22 3.1309E-07 2.8395E-08 1.4276E-07 3.4567E-08 4.5585E-07 3.84E-07 5.89E-06   1.131 0.6000 7.5312E-06    958.274
 9811.00 0.32002217 6.0384E-22            3.1381E-22 3.0279E-07 2.7831E-08 1.3837E-07 3.3509E-08 4.4116E-07 3.72E-07 5.81E-06   1.139 0.6000 7.4494E-06    956.922
 9821.00 0.32216942 5.7441E-22            3.0178E-22 3.1655E-07 2.8525E-08 1.4316E-07 3.4502E-08 4.5971E-07 3.83E-07 5.90E-06   1.133 0.6000 7.5386E-06    960.380
 9831.00 0.32070896 5.5002E-22            2.8694E-22 3.1345E-07 2.8466E-08 1.4189E-07 3.4170E-08 4.5535E-07 3.80E-07 5.90E-06   1.137 0.6000 7.5540E-06    960.537
 9841.00 0.32077324 5.2512E-22            2.7414E-22 3.1537E-07 2.8467E-08 1.4198E-07 3.4107E-08 4.5735E-07 3.79E-07 5.89E-06   1.137 0.6000 7.5312E-06    961.602
 9851.00 0.31928256 5.0282E-22            2.6063E-22 3.1134E-07 2.8330E-08 1.4031E-07 3.3685E-08 4.5165E-07 3.74E-07 5.88E-06   1.142 0.6000 7.5270E-06    961.560
 9861.00 0.31943974 4.8002E-22            2.4906E-22 3.1654E-07 2.8633E-08 1.4193E-07 3.3967E-08 4.5848E-07 3.77E-07 5.93E-06   1.141 0.6000 7.5825E-06    963.318
 9871.00 0.31911322 4.5860E-22            2.3767E-22 3.1800E-07 2.8695E-08 1.4205E-07 3.3925E-08 4.6005E-07 3.77E-07 5.93E-06   1.142 0.6000 7.5902E-06    964.320
 9881.00 0.31705213 4.3956E-22            2.2554E-22 3.1202E-07 2.8502E-08 1.3974E-07 3.3377E-08 4.5175E-07 3.71E-07 5.92E-06   1.149 0.6000 7.5923E-06    963.907
 9891.00 0.31774476 4.1922E-22            2.1591E-22 3.1709E-07 2.8680E-08 1.4107E-07 3.3575E-08 4.5817E-07 3.73E-07 5.93E-06   1.147 0.6000 7.5945E-06    965.607
 9901.00 0.31373408 4.0321E-22            2.0364E-22 3.0383E-07 2.8283E-08 1.3648E-07 3.2595E-08 4.4031E-07 3.62E-07 5.92E-06   1.159 0.6000 7.6106E-06    963.786
 9911.00 0.31298095 3.8554E-22            1.9399E-22 3.0272E-07 2.8177E-08 1.3554E-07 3.2307E-08 4.3826E-07 3.59E-07 5.90E-06   1.162 0.6000 7.5896E-06    964.257
 9921.00 0.31469718 3.6702E-22            1.8633E-22 3.1220E-07 2.8513E-08 1.3831E-07 3.2792E-08 4.5051E-07 3.64E-07 5.92E-06   1.156 0.6000 7.5966E-06    966.833
 9931.00 0.31565040 3.4986E-22            1.7852E-22 3.1613E-07 2.8544E-08 1.3908E-07 3.2844E-08 4.5521E-07 3.65E-07 5.90E-06   1.153 0.6000 7.5522E-06    968.291
 9941.00 0.31450546 3.3475E-22            1.6990E-22 3.0369E-07 2.7527E-08 1.3343E-07 3.1481E-08 4.3712E-07 3.50E-07 5.70E-06   1.157 0.6000 7.3019E-06    966.413
 9951.00 0.31392446 3.2001E-22            1.6197E-22 2.9729E-07 2.6947E-08 1.3025E-07 3.0668E-08 4.2753E-07 3.41E-07 5.58E-06   1.159 0.6000 7.1481E-06    965.741
 9961.00 0.31277576 3.0617E-22            1.5413E-22 3.0979E-07 2.8174E-08 1.3551E-07 3.1867E-08 4.4530E-07 3.54E-07 5.84E-06   1.162 0.6000 7.4944E-06    969.176
 9971.00 0.31234699 2.9258E-22            1.4705E-22 3.1294E-07 2.8471E-08 1.3661E-07 3.2073E-08 4.4955E-07 3.56E-07 5.90E-06   1.164 0.6000 7.5675E-06    970.575
 9981.00 0.30700177 2.8214E-22            1.3801E-22 2.9742E-07 2.8102E-08 1.3139E-07 3.1074E-08 4.2881E-07 3.45E-07 5.91E-06   1.181 0.6000 7.6271E-06    968.257
 9991.00 0.31260437 2.6666E-22            1.3424E-22 3.2086E-07 2.8852E-08 1.3867E-07 3.2362E-08 4.5953E-07 3.59E-07 5.95E-06   1.163 0.6000 7.6202E-06    973.572
10001.00 0.31063530 2.5553E-22            1.2741E-22 3.1355E-07 2.8523E-08 1.3579E-07 3.1692E-08 4.4933E-07 3.52E-07 5.91E-06   1.169 0.6000 7.5822E-06    972.870
10011.00 0.31094238 2.4388E-22            1.2181E-22 3.1750E-07 2.8688E-08 1.3678E-07 3.1829E-08 4.5428E-07 3.54E-07 5.92E-06   1.168 0.6000 7.5949E-06    974.366
10021.00 0.31085035 2.3288E-22            1.1631E-22 3.2034E-07 2.8809E-08 1.3736E-07 3.1882E-08 4.5769E-07 3.54E-07 5.94E-06   1.168 0.6000 7.6120E-06    975.637
10031.00 0.31045604 2.2255E-22            1.1095E-22 3.2103E-07 2.8838E-08 1.3723E-07 3.1780E-08 4.5826E-07 3.53E-07 5.94E-06   1.170 0.6000 7.6128E-06    976.494
10041.00 0.30960312 2.1285E-22            1.0568E-22 3.1889E-07 2.8741E-08 1.3617E-07 3.1490E-08 4.5506E-07 3.50E-07 5.92E-06   1.172 0.6000 7.5964E-06    976.807
10051.00 0.30975851 2.0315E-22            1.0099E-22 3.2216E-07 2.8838E-08 1.3681E-07 3.1546E-08 4.5897E-07 3.50E-07 5.93E-06   1.172 0.6000 7.5992E-06    978.148
10061.00 0.30813614 1.9455E-22            9.5956E-23 3.1809E-07 2.8742E-08 1.3526E-07 3.1171E-08 4.5334E-07 3.46E-07 5.93E-06   1.177 0.6000 7.6105E-06    978.108
10071.00 0.30155197 1.8784E-22            8.9686E-23 2.9730E-07 2.7964E-08 1.2769E-07 2.9609E-08 4.2500E-07 3.29E-07 5.89E-06   1.199 0.6000 7.6024E-06    974.631
10081.00 0.30642569 1.7795E-22            8.7044E-23 3.1437E-07 2.8556E-08 1.3326E-07 3.0623E-08 4.4763E-07 3.40E-07 5.90E-06   1.183 0.6000 7.5822E-06    978.819
10091.00 0.30352843 1.7075E-22            8.2364E-23 3.0507E-07 2.8181E-08 1.2971E-07 2.9852E-08 4.3479E-07 3.32E-07 5.87E-06   1.192 0.6000 7.5624E-06    977.673
10101.00 0.29776034 1.6473E-22            7.7152E-23 2.8397E-07 2.7348E-08 1.2216E-07 2.8289E-08 4.0613E-07 3.14E-07 5.80E-06   1.211 0.6000 7.5113E-06    973.975
10111.00 0.30393922 1.5563E-22            7.5221E-23 3.0742E-07 2.8131E-08 1.2963E-07 2.9658E-08 4.3706E-07 3.29E-07 5.83E-06   1.191 0.6000 7.4926E-06    979.563
10121.00 0.29617113 1.5039E-22            7.0039E-23 2.9030E-07 2.7681E-08 1.2342E-07 2.8547E-08 4.1373E-07 3.17E-07 5.86E-06   1.217 0.6000 7.5886E-06    976.728
10131.00 0.29285067 1.4449E-22            6.6094E-23 2.7816E-07 2.7173E-08 1.1891E-07 2.7564E-08 3.9706E-07 3.06E-07 5.81E-06   1.228 0.6000 7.5528E-06    974.812
10141.00 0.29790434 1.3691E-22            6.4251E-23 2.9432E-07 2.7836E-08 1.2448E-07 2.8508E-08 4.1880E-07 3.17E-07 5.85E-06   1.211 0.6000 7.5589E-06    979.071
10151.00 0.27741429 1.3472E-22            5.7163E-23 2.3959E-07 2.5745E-08 1.0440E-07 2.4934E-08 3.4399E-07 2.77E-07 5.73E-06   1.282 0.6000 7.5928E-06    967.074
10161.00 0.28313309 1.2738E-22            5.5680E-23 2.5828E-07 2.6330E-08 1.1059E-07 2.5832E-08 3.6887E-07 2.87E-07 5.76E-06   1.262 0.6000 7.5665E-06    972.333
10171.00 0.26947084 1.2291E-22            5.0667E-23 2.3467E-07 2.5001E-08 1.0043E-07 2.3866E-08 3.3511E-07 2.65E-07 5.64E-06   1.311 0.6000 7.5666E-06    966.926
10181.00 0.26714957 1.1832E-22            4.7912E-23 2.2407E-07 2.4799E-08 9.6808E-08 2.3187E-08 3.2088E-07 2.58E-07 5.67E-06   1.320 0.6000 7.6043E-06    964.923
10191.00 0.27605769 1.1198E-22            4.7306E-23 2.4298E-07 2.5792E-08 1.0442E-07 2.4508E-08 3.4739E-07 2.72E-07 5.74E-06   1.287 0.6000 7.6154E-06    970.759
10201.00 0.24771705 1.0873E-22            4.0571E-23 1.9222E-07 2.2735E-08 8.2977E-08 2.0244E-08 2.7519E-07 2.25E-07 5.43E-06   1.395 0.6000 7.5497E-06    956.767
10211.00 0.23910438 1.0429E-22            3.7363E-23 1.7438E-07 2.1704E-08 7.5797E-08 1.8694E-08 2.5018E-07 2.08E-07 5.34E-06   1.431 0.6000 7.5097E-06    951.611
10221.00 0.24287616 9.9362E-23            3.6267E-23 1.8278E-07 2.2206E-08 7.9040E-08 1.9338E-08 2.6182E-07 2.15E-07 5.37E-06   1.415 0.6000 7.5283E-06    955.175
10231.00 0.26130721 9.4128E-23            3.7261E-23 2.1868E-07 2.4262E-08 9.3078E-08 2.2071E-08 3.1175E-07 2.45E-07 5.57E-06   1.342 0.6000 7.5645E-06    966.888
10241.00 0.21933909 9.0936E-23            2.9902E-23 1.5032E-07 1.9708E-08 6.4655E-08 1.5933E-08 2.1498E-07 1.77E-07 5.16E-06   1.517 0.6000 7.5088E-06    944.591
10251.00 0.22650783 8.6880E-23            2.9439E-23 1.5911E-07 2.0764E-08 6.8500E-08 1.6982E-08 2.2761E-07 1.89E-07 5.26E-06   1.485 0.6000 7.5975E-06    948.808
10261.00 0.22660473 8.2766E-23            2.8174E-23 1.5866E-07 2.0339E-08 6.8048E-08 1.6569E-08 2.2671E-07 1.84E-07 5.18E-06   1.485 0.6000 7.4726E-06    949.314
10271.00 0.22480462 7.9240E-23            2.6632E-23 1.6024E-07 2.0335E-08 6.8165E-08 1.6557E-08 2.2840E-07 1.84E-07 5.20E-06   1.493 0.6000 7.4992E-06    950.514
10281.00 0.24306147 7.5598E-23            2.7524E-23 1.8758E-07 2.2572E-08 7.9707E-08 1.9029E-08 2.6729E-07 2.11E-07 5.44E-06   1.414 0.6000 7.5867E-06    960.977
10291.00 0.25179973 7.0837E-23            2.7245E-23 2.1412E-07 2.3725E-08 8.9709E-08 2.0738E-08 3.0382E-07 2.30E-07 5.50E-06   1.379 0.6000 7.6000E-06    969.800
10301.00 0.25483352 6.7802E-23            2.6363E-23 2.1864E-07 2.3853E-08 9.0899E-08 2.0973E-08 3.0954E-07 2.33E-07 5.49E-06   1.367 0.6000 7.5360E-06    971.742
10311.00 0.24800715 6.5660E-23            2.4460E-23 2.0173E-07 2.3326E-08 8.4518E-08 1.9844E-08 2.8625E-07 2.20E-07 5.52E-06   1.394 0.6000 7.5858E-06    967.539
10321.00 0.24412359 6.2792E-23            2.3035E-23 1.9227E-07 2.2773E-08 8.0851E-08 1.8987E-08 2.7312E-07 2.11E-07 5.47E-06   1.410 0.6000 7.5612E-06    965.340
10331.00 0.24623469 5.8660E-23            2.2151E-23 2.1122E-07 2.3077E-08 8.6945E-08 1.9872E-08 2.9816E-07 2.21E-07 5.39E-06   1.401 0.6000 7.5159E-06    971.631
10341.00 0.19043215 5.7041E-23            1.6435E-23 1.1999E-07 1.7339E-08 5.0157E-08 1.2548E-08 1.7015E-07 1.39E-07 4.89E-06   1.658 0.6000 7.5583E-06    938.000
10351.00 0.18286900 5.5284E-23            1.4985E-23 9.8761E-08 1.6102E-08 4.1674E-08 1.0925E-08 1.4044E-07 1.21E-07 4.75E-06   1.699 0.6000 7.4168E-06    927.513
10361.00 0.18288551 5.2374E-23            1.4357E-23 1.0020E-07 1.6491E-08 4.2769E-08 1.1226E-08 1.4297E-07 1.25E-07 4.81E-06   1.699 0.6000 7.5170E-06    929.278
10371.00 0.16580588 4.7871E-23            1.2415E-23 1.0210E-07 1.5169E-08 4.2425E-08 1.0496E-08 1.4453E-07 1.17E-07 4.55E-06   1.797 0.6000 7.4998E-06    930.635
10381.00 0.18963231 4.7317E-23            1.3577E-23 1.2238E-07 1.7346E-08 5.0762E-08 1.2331E-08 1.7314E-07 1.37E-07 4.89E-06   1.663 0.6000 7.5039E-06    941.975
10391.00 0.14152515 4.4065E-23            9.6541E-24 6.7670E-08 1.2625E-08 2.7100E-08 7.2559E-09 9.4770E-08 8.06E-08 4.30E-06   1.955 0.6000 7.4884E-06    908.198
10401.00 0.17220831 4.3160E-23            1.1252E-23 1.0074E-07 1.6038E-08 4.1225E-08 1.0482E-08 1.4196E-07 1.16E-07 4.78E-06   1.759 0.6000 7.5955E-06    931.783
10411.00 0.15744200 4.0856E-23            9.8003E-24 8.1379E-08 1.4052E-08 3.3052E-08 8.5459E-09 1.1443E-07 9.49E-08 4.50E-06   1.849 0.6000 7.4817E-06    920.161
10421.00 0.11632305 3.7081E-23            6.9456E-24 4.5895E-08 1.0349E-08 1.7861E-08 5.1286E-09 6.3757E-08 5.70E-08 4.00E-06   2.151 0.6000 7.5892E-06    888.948
10431.00 0.14063764 3.5831E-23            7.9739E-24 7.1983E-08 1.2878E-08 2.9029E-08 7.4756E-09 1.0101E-07 8.30E-08 4.33E-06   1.962 0.6000 7.6090E-06    914.597
10441.00 0.17268996 3.5512E-23            9.3665E-24 1.0028E-07 1.5788E-08 4.1063E-08 1.0164E-08 1.4134E-07 1.13E-07 4.68E-06   1.756 0.6000 7.5062E-06    934.442
10451.00 0.11595927 3.1814E-23            6.0092E-24 5.1896E-08 1.0380E-08 1.9904E-08 5.1646E-09 7.1800E-08 5.74E-08 3.99E-06   2.155 0.6000 7.5160E-06    897.369
10461.00 0.11823393 3.0575E-23            5.8594E-24 5.3396E-08 1.0536E-08 2.0619E-08 5.4160E-09 7.4015E-08 6.02E-08 3.97E-06   2.135 0.6000 7.4884E-06    899.705
10471.00 0.12682310 2.9915E-23            6.0022E-24 5.0598E-08 1.0745E-08 1.9580E-08 5.3165E-09 7.0177E-08 5.90E-08 3.93E-06   2.065 0.6000 7.0966E-06    897.555
10481.00 0.13771442 2.8916E-23            6.1983E-24 6.2445E-08 1.2306E-08 2.4410E-08 6.4111E-09 8.6855E-08 7.12E-08 4.25E-06   1.983 0.6000 7.3966E-06    909.814
10491.00 0.12167223 2.7051E-23            5.2667E-24 5.0887E-08 1.0915E-08 1.9597E-08 5.3730E-09 7.0484E-08 5.97E-08 4.07E-06   2.106 0.6000 7.5336E-06    899.196
10501.00 0.08092860 2.3692E-23            3.3276E-24 2.4314E-08 7.0637E-09 8.1267E-09 2.3946E-09 3.2440E-08 2.66E-08 3.46E-06   2.514 0.6000 7.5876E-06    860.145
10511.00 0.16039819 2.6329E-23            6.2838E-24 7.7982E-08 1.4613E-08 3.0900E-08 7.9083E-09 1.0888E-07 8.78E-08 4.71E-06   1.830 0.6000 7.5650E-06    924.547
10521.00 0.09857740 2.1692E-23            3.7373E-24 4.1180E-08 8.8225E-09 1.5493E-08 3.9680E-09 5.6673E-08 4.41E-08 3.62E-06   2.317 0.6000 7.5614E-06    889.754
10531.00 0.10395777 2.0902E-23            3.6950E-24 4.6318E-08 9.5173E-09 1.7384E-08 4.3881E-09 6.3703E-08 4.87E-08 3.76E-06   2.264 0.6000 7.6148E-06    896.612
10541.00 0.11887910 2.0921E-23            4.0922E-24 5.1377E-08 1.0763E-08 1.9468E-08 5.0474E-09 7.0845E-08 5.61E-08 3.98E-06   2.130 0.6000 7.6042E-06    902.989
10551.00 0.10354095 1.9414E-23            3.3791E-24 4.3507E-08 9.3867E-09 1.6140E-08 4.1749E-09 5.9647E-08 4.64E-08 3.77E-06   2.268 0.6000 7.5920E-06    894.531
10561.00 0.10596572 1.8894E-23            3.3150E-24 4.1705E-08 9.5081E-09 1.5302E-08 4.0731E-09 5.7006E-08 4.52E-08 3.82E-06   2.245 0.6000 7.5532E-06    892.847
10571.00 0.08476795 1.6614E-23            2.5239E-24 3.1171E-08 7.5318E-09 1.0990E-08 2.8295E-09 4.2160E-08 3.14E-08 3.38E-06   2.468 0.6000 7.5396E-06    877.982
10581.00 0.11662427 1.7590E-23            3.3294E-24 5.0208E-08 1.0455E-08 1.8558E-08 4.6903E-09 6.8765E-08 5.21E-08 3.97E-06   2.149 0.6000 7.4809E-06    904.200
10591.00 0.07768344 1.4641E-23            2.0955E-24 3.0401E-08 6.8276E-09 1.0742E-08 2.6366E-09 4.1143E-08 2.93E-08 3.16E-06   2.555 0.6000 7.3912E-06    878.118
10601.00 0.09924112 1.4843E-23            2.5917E-24 4.2899E-08 8.8223E-09 1.5724E-08 3.7391E-09 5.8623E-08 4.15E-08 3.56E-06   2.310 0.6000 7.4831E-06    897.105
10611.00 0.11792744 1.5343E-23            2.9134E-24 4.8206E-08 1.0423E-08 1.7566E-08 4.3848E-09 6.5772E-08 4.87E-08 3.99E-06   2.138 0.6000 7.4735E-06    903.918
10621.00 0.12892234 1.5274E-23            3.0574E-24 5.1711E-08 1.0828E-08 1.9096E-08 4.7844E-09 7.0807E-08 5.31E-08 4.02E-06   2.049 0.6000 7.1416E-06    908.587
10631.00 0.12769164 1.4867E-23            2.8849E-24 4.7634E-08 1.1235E-08 1.7273E-08 4.8581E-09 6.4907E-08 5.40E-08 4.18E-06   2.058 0.6000 7.3919E-06    904.610
10641.00 0.16475560 1.4592E-23            3.5550E-24 8.7411E-08 1.5461E-08 3.3362E-08 8.2143E-09 1.2077E-07 9.12E-08 4.76E-06   1.803 0.6000 7.5446E-06    939.819
10651.00 0.10657451 1.2161E-23            2.2131E-24 4.8444E-08 9.7436E-09 1.7689E-08 4.2916E-09 6.6133E-08 4.77E-08 3.74E-06   2.239 0.6000 7.5639E-06    907.013
10661.00 0.06240624 1.0484E-23            1.2292E-24 1.7336E-08 5.4681E-09 5.1313E-09 1.4188E-09 2.2467E-08 1.58E-08 3.04E-06   2.774 0.6000 7.5933E-06    853.204
10671.00 0.05883730 9.9478E-24            1.1046E-24 1.5816E-08 5.1607E-09 4.5739E-09 1.2959E-09 2.0390E-08 1.44E-08 3.01E-06   2.833 0.6000 7.5846E-06    849.289
10681.00 0.06694493 9.6425E-24            1.2094E-24 1.9263E-08 5.8393E-09 5.8155E-09 1.5676E-09 2.5079E-08 1.74E-08 3.08E-06   2.704 0.6000 7.5010E-06    859.795
10691.00 0.08031443 9.3203E-24            1.3729E-24 2.8931E-08 7.2601E-09 9.6204E-09 2.3999E-09 3.8551E-08 2.67E-08 3.27E-06   2.522 0.6000 7.5250E-06    881.671
10701.00 0.04076857 7.5629E-24            6.7142E-25 1.1130E-08 3.7220E-09 3.0100E-09 8.0969E-10 1.4140E-08 8.99E-09 2.47E-06   3.200 0.6000 7.6028E-06    834.393
10711.00 0.05783233 8.3380E-24            8.9859E-25 1.6061E-08 5.2890E-09 4.4172E-09 1.2650E-09 2.0478E-08 1.40E-08 3.12E-06   2.850 0.6000 7.6107E-06    852.145
10721.00 0.06868282 8.2382E-24            1.0277E-24 2.1910E-08 6.3515E-09 6.5628E-09 1.7609E-09 2.8473E-08 1.96E-08 3.32E-06   2.678 0.6000 7.5927E-06    868.639
10731.00 0.08368457 7.9555E-24            1.1893E-24 3.1712E-08 7.9348E-09 1.0510E-08 2.8033E-09 4.2222E-08 3.11E-08 3.44E-06   2.481 0.6000 7.5570E-06    889.034
10741.00 0.11986542 8.4752E-24            1.6309E-24 5.6654E-08 1.1672E-08 2.0048E-08 5.1346E-09 7.6703E-08 5.70E-08 4.18E-06   2.121 0.6000 7.5987E-06    921.387
10751.00 0.13454019 8.4426E-24            1.7496E-24 6.6450E-08 1.3141E-08 2.3941E-08 6.1648E-09 9.0391E-08 6.85E-08 4.44E-06   2.006 0.6000 7.5686E-06    931.206
10761.00 0.16189276 8.4592E-24            2.0099E-24 9.0616E-08 1.5906E-08 3.3234E-08 8.3438E-09 1.2385E-07 9.27E-08 4.81E-06   1.821 0.6000 7.5094E-06    949.923
10771.00 0.16990609 8.0602E-24            2.0135E-24 1.0372E-07 1.6865E-08 3.8358E-08 9.1501E-09 1.4208E-07 1.02E-07 4.95E-06   1.773 0.6000 7.6113E-06    958.718
10781.00 0.20909971 7.7590E-24            2.3632E-24 1.6067E-07 2.1102E-08 5.9823E-08 1.3225E-08 2.2049E-07 1.47E-07 5.36E-06   1.565 0.6000 7.6222E-06    986.253
10791.00 0.23258850 7.3688E-24            2.5179E-24 2.0408E-07 2.3511E-08 7.4807E-08 1.5954E-08 2.7889E-07 1.77E-07 5.47E-06   1.458 0.6000 7.4710E-06   1001.958
10801.00 0.23149243 7.0422E-24            2.3900E-24 1.9486E-07 2.2759E-08 7.1605E-08 1.5386E-08 2.6647E-07 1.71E-07 5.31E-06   1.463 0.6000 7.2822E-06    999.767
10811.00 0.22303268 6.7169E-24            2.2009E-24 1.8932E-07 2.2411E-08 6.9142E-08 1.4964E-08 2.5847E-07 1.66E-07 5.33E-06   1.500 0.6000 7.4552E-06    998.556
10821.00 0.21851195 6.4632E-24            2.0576E-24 1.7440E-07 2.1686E-08 6.3990E-08 1.4019E-08 2.3839E-07 1.56E-07 5.28E-06   1.521 0.6000 7.3925E-06    994.143
10831.00 0.23290870 6.1120E-24            2.0937E-24 2.0046E-07 2.2560E-08 7.2413E-08 1.5370E-08 2.7287E-07 1.71E-07 5.19E-06   1.457 0.6000 7.1062E-06   1003.541
10841.00 0.23808661 5.7540E-24            2.0465E-24 2.3373E-07 2.4261E-08 8.2796E-08 1.7180E-08 3.1653E-07 1.91E-07 5.39E-06   1.435 0.6000 7.3512E-06   1013.977
10851.00 0.22467755 5.5787E-24            1.8416E-24 1.9459E-07 2.2525E-08 7.0023E-08 1.5088E-08 2.6461E-07 1.68E-07 5.24E-06   1.493 0.6000 7.3041E-06   1003.051
10861.00 0.24442984 5.2742E-24            1.9128E-24 2.4542E-07 2.5359E-08 8.6754E-08 1.7850E-08 3.3218E-07 1.98E-07 5.56E-06   1.409 0.6000 7.4621E-06   1018.678
10871.00 0.22086586 4.9686E-24            1.6538E-24 2.1782E-07 2.3238E-08 7.6761E-08 1.5975E-08 2.9458E-07 1.77E-07 5.36E-06   1.510 0.6000 7.5693E-06   1011.512
10881.00 0.22315106 4.8225E-24            1.5948E-24 2.0798E-07 2.3464E-08 7.3951E-08 1.5577E-08 2.8193E-07 1.73E-07 5.44E-06   1.500 0.6000 7.6132E-06   1009.399
10891.00 0.19212639 4.5832E-24            1.3130E-24 1.5096E-07 1.9636E-08 5.4042E-08 1.1774E-08 2.0500E-07 1.31E-07 5.06E-06   1.650 0.6000 7.5649E-06    989.814
10901.00 0.18681894 4.3866E-24            1.2129E-24 1.4072E-07 1.8796E-08 4.9894E-08 1.0826E-08 1.9062E-07 1.20E-07 4.99E-06   1.678 0.6000 7.5041E-06    986.020
10911.00 0.21253337 4.2177E-24            1.3228E-24 1.8726E-07 2.2107E-08 6.6035E-08 1.3909E-08 2.5329E-07 1.54E-07 5.34E-06   1.549 0.6000 7.5967E-06   1004.707
10921.00 0.16503704 3.9099E-24            9.8020E-25 1.1701E-07 1.6828E-08 4.1205E-08 9.2110E-09 1.5821E-07 1.02E-07 4.75E-06   1.802 0.6000 7.6235E-06    976.059
10931.00 0.21574183 3.8858E-24            1.2214E-24 1.8072E-07 2.2216E-08 6.4454E-08 1.3648E-08 2.4518E-07 1.52E-07 5.37E-06   1.534 0.6000 7.5345E-06   1004.103
10941.00 0.17890629 3.5914E-24            9.7150E-25 1.4015E-07 1.8602E-08 4.9060E-08 1.0697E-08 1.8921E-07 1.19E-07 4.94E-06   1.721 0.6000 7.6639E-06    988.495
10951.00 0.17709844 3.4785E-24            9.1271E-25 1.3256E-07 1.8430E-08 4.6243E-08 1.0220E-08 1.7880E-07 1.14E-07 5.00E-06   1.731 0.6000 7.7036E-06    985.727
10961.00 0.20504871 3.3015E-24            1.0138E-24 1.8659E-07 2.1487E-08 6.4477E-08 1.3279E-08 2.5106E-07 1.47E-07 5.19E-06   1.585 0.6000 7.5273E-06   1007.857
10971.00 0.21223551 3.1750E-24            1.0005E-24 1.9560E-07 2.2053E-08 6.7452E-08 1.3846E-08 2.6305E-07 1.54E-07 5.23E-06   1.550 0.6000 7.4388E-06   1011.615
10981.00 0.18923107 3.0277E-24            8.5158E-25 1.5969E-07 1.9856E-08 5.4631E-08 1.1679E-08 2.1432E-07 1.30E-07 5.05E-06   1.665 0.6000 7.5628E-06    999.243
10991.00 0.19410755 2.9197E-24            8.3384E-25 1.5537E-07 1.9945E-08 5.3776E-08 1.1628E-08 2.0915E-07 1.29E-07 5.02E-06   1.639 0.6000 7.4267E-06    998.437
11001.00 0.19117418 2.7277E-24            7.8444E-25 1.5941E-07 1.9654E-08 5.4858E-08 1.1547E-08 2.1427E-07 1.28E-07 4.90E-06   1.655 0.6000 7.3350E-06   1000.702
11011.00 0.19037226 2.5963E-24            7.4571E-25 1.7199E-07 2.0029E-08 5.8112E-08 1.1975E-08 2.3010E-07 1.33E-07 4.97E-06   1.659 0.6000 7.4859E-06   1005.971
11021.00 0.19242218 2.4865E-24            7.1985E-25 1.6869E-07 2.0570E-08 5.7491E-08 1.1910E-08 2.2618E-07 1.32E-07 5.10E-06   1.648 0.6000 7.6420E-06   1005.612
11031.00 0.21127906 2.4296E-24            7.5445E-25 1.9404E-07 2.2376E-08 6.6007E-08 1.3623E-08 2.6005E-07 1.51E-07 5.26E-06   1.555 0.6000 7.4670E-06   1015.336
11041.00 0.23235787 2.2875E-24            7.9282E-25 2.5444E-07 2.5627E-08 8.5014E-08 1.6684E-08 3.3945E-07 1.85E-07 5.59E-06   1.459 0.6000 7.6479E-06   1033.697
11051.00 0.23453085 2.2028E-24            7.6410E-25 2.5565E-07 2.6036E-08 8.5231E-08 1.6897E-08 3.4088E-07 1.88E-07 5.67E-06   1.450 0.6000 7.6989E-06   1034.733
11061.00 0.23877893 2.0997E-24            7.4238E-25 2.6884E-07 2.6610E-08 8.8831E-08 1.7405E-08 3.5767E-07 1.93E-07 5.71E-06   1.432 0.6000 7.6847E-06   1038.736
11071.00 0.21537714 2.0010E-24            6.4090E-25 2.1281E-07 2.3480E-08 7.1361E-08 1.4337E-08 2.8417E-07 1.59E-07 5.38E-06   1.535 0.6000 7.6118E-06   1024.116
11081.00 0.19262163 1.8781E-24            5.4622E-25 1.7053E-07 2.0183E-08 5.7136E-08 1.1509E-08 2.2766E-07 1.28E-07 4.95E-06   1.647 0.6000 7.3949E-06   1010.463
11091.00 0.19542307 1.8160E-24            5.2925E-25 1.6407E-07 1.9686E-08 5.4900E-08 1.1255E-08 2.1897E-07 1.25E-07 4.80E-06   1.633 0.6000 7.0888E-06   1008.713
11101.00 0.18112390 1.7346E-24            4.6878E-25 1.4668E-07 1.8994E-08 4.9083E-08 1.0377E-08 1.9576E-07 1.15E-07 4.86E-06   1.709 0.6000 7.4018E-06   1002.351
11111.00 0.20187379 1.6237E-24            4.9804E-25 2.0263E-07 2.1812E-08 6.6415E-08 1.2978E-08 2.6905E-07 1.44E-07 5.09E-06   1.600 0.6000 7.4567E-06   1023.507
11121.00 0.15093429 1.5226E-24            3.5598E-25 1.1764E-07 1.6120E-08 3.7977E-08 8.0227E-09 1.5561E-07 8.91E-08 4.60E-06   1.891 0.6000 7.6365E-06    989.569
11131.00 0.20190042 1.4910E-24            4.5397E-25 2.0636E-07 2.2397E-08 6.7226E-08 1.3223E-08 2.7359E-07 1.47E-07 5.24E-06   1.600 0.6000 7.6345E-06   1026.095
11141.00 0.19596788 1.4625E-24            4.2132E-25 1.7824E-07 2.1513E-08 5.8454E-08 1.2134E-08 2.3669E-07 1.35E-07 5.22E-06   1.630 0.6000 7.5875E-06   1017.398
11151.00 0.19159411 1.3916E-24            3.9324E-25 1.7537E-07 2.1149E-08 5.6949E-08 1.1853E-08 2.3231E-07 1.32E-07 5.15E-06   1.652 0.6000 7.5845E-06   1016.932
11161.00 0.21197528 1.3363E-24            4.1542E-25 2.1676E-07 2.4059E-08 7.0523E-08 1.4172E-08 2.8728E-07 1.57E-07 5.50E-06   1.551 0.6000 7.7213E-06   1031.554
11171.00 0.21963322 1.2848E-24            4.1056E-25 2.2322E-07 2.4383E-08 7.2430E-08 1.4534E-08 2.9565E-07 1.61E-07 5.47E-06   1.516 0.6000 7.5224E-06   1034.207
11181.00 0.23600508 1.2119E-24            4.2143E-25 2.7435E-07 2.6604E-08 8.7128E-08 1.6670E-08 3.6148E-07 1.85E-07 5.64E-06   1.444 0.6000 7.5350E-06   1048.515
11191.00 0.23853786 1.1533E-24            4.0709E-25 2.8548E-07 2.7206E-08 9.0354E-08 1.7058E-08 3.7584E-07 1.89E-07 5.73E-06   1.433 0.6000 7.6181E-06   1051.939
11201.00 0.24775605 1.0906E-24            4.0331E-25 3.1325E-07 2.7872E-08 9.7394E-08 1.7967E-08 4.1064E-07 2.00E-07 5.67E-06   1.395 0.6000 7.4492E-06   1058.820
11211.00 0.25118551 1.0369E-24            3.9065E-25 3.3236E-07 2.8927E-08 1.0277E-07 1.8783E-08 4.3513E-07 2.09E-07 5.82E-06   1.382 0.6000 7.6049E-06   1063.626
11221.00 0.25442585 9.8584E-25            3.7783E-25 3.5178E-07 2.9676E-08 1.0748E-07 1.9478E-08 4.5925E-07 2.16E-07 5.88E-06   1.369 0.6000 7.6441E-06   1068.187
11231.00 0.25352418 9.4203E-25            3.5950E-25 3.5176E-07 2.9786E-08 1.0738E-07 1.9432E-08 4.5914E-07 2.16E-07 5.91E-06   1.372 0.6000 7.6983E-06   1068.933
11241.00 0.25410816 8.9854E-25            3.4399E-25 3.5359E-07 2.9654E-08 1.0734E-07 1.9343E-08 4.6093E-07 2.15E-07 5.86E-06   1.370 0.6000 7.6234E-06   1069.971
11251.00 0.25422341 8.5750E-25            3.2868E-25 3.5871E-07 2.9838E-08 1.0822E-07 1.9446E-08 4.6693E-07 2.16E-07 5.88E-06   1.370 0.6000 7.6427E-06   1071.651
11261.00 0.25155348 8.2160E-25            3.1045E-25 3.4562E-07 2.9253E-08 1.0451E-07 1.8816E-08 4.5013E-07 2.09E-07 5.81E-06   1.380 0.6000 7.5795E-06   1069.820
11271.00 0.25346786 7.8244E-25            2.9873E-25 3.4977E-07 2.9077E-08 1.0501E-07 1.8784E-08 4.5478E-07 2.09E-07 5.72E-06   1.373 0.6000 7.4414E-06   1071.307
11281.00 0.25170007 7.4876E-25            2.8325E-25 3.3181E-07 2.7903E-08 9.9693E-08 1.7841E-08 4.3150E-07 1.98E-07 5.52E-06   1.380 0.6000 7.1947E-06   1068.362
11291.00 0.25129670 7.1528E-25            2.6995E-25 3.5172E-07 2.9534E-08 1.0535E-07 1.8803E-08 4.5707E-07 2.09E-07 5.84E-06   1.381 0.6000 7.6089E-06   1073.188
11301.00 0.25289980 6.8130E-25            2.5943E-25 3.6272E-07 2.9886E-08 1.0769E-07 1.9112E-08 4.7042E-07 2.12E-07 5.86E-06   1.375 0.6000 7.6142E-06   1075.995
11311.00 0.25231215 6.5092E-25            2.4714E-25 3.5706E-07 2.9458E-08 1.0580E-07 1.8738E-08 4.6286E-07 2.08E-07 5.78E-06   1.377 0.6000 7.5111E-06   1075.606
11321.00 0.25163472 6.2205E-25            2.3532E-25 3.6044E-07 2.9790E-08 1.0657E-07 1.8843E-08 4.6701E-07 2.09E-07 5.85E-06   1.380 0.6000 7.6030E-06   1077.004
11331.00 0.25123343 5.9415E-25            2.2435E-25 3.5319E-07 2.9176E-08 1.0415E-07 1.8377E-08 4.5734E-07 2.04E-07 5.73E-06   1.381 0.6000 7.4450E-06   1076.278
11341.00 0.25087008 5.6751E-25            2.1388E-25 3.5995E-07 2.9688E-08 1.0580E-07 1.8625E-08 4.6575E-07 2.07E-07 5.82E-06   1.383 0.6000 7.5703E-06   1078.337
11351.00 0.25074247 5.4184E-25            2.0411E-25 3.4206E-07 2.8114E-08 1.0015E-07 1.7582E-08 4.4221E-07 1.95E-07 5.51E-06   1.383 0.6000 7.1571E-06   1075.414
11361.00 0.25037128 5.1753E-25            1.9459E-25 3.6238E-07 2.9742E-08 1.0577E-07 1.8523E-08 4.6815E-07 2.06E-07 5.82E-06   1.385 0.6000 7.5666E-06   1080.228
11371.00 0.25040340 4.9400E-25            1.8582E-25 3.6058E-07 2.9427E-08 1.0475E-07 1.8289E-08 4.6533E-07 2.03E-07 5.75E-06   1.385 0.6000 7.4662E-06   1080.558
11381.00 0.24968147 4.7210E-25            1.7691E-25 3.6764E-07 3.0091E-08 1.0665E-07 1.8590E-08 4.7429E-07 2.06E-07 5.88E-06   1.388 0.6000 7.6453E-06   1082.684
11391.00 0.24952489 4.5076E-25            1.6880E-25 3.6648E-07 2.9884E-08 1.0588E-07 1.8408E-08 4.7236E-07 2.04E-07 5.83E-06   1.388 0.6000 7.5803E-06   1083.154
11401.00 0.24917375 4.3052E-25            1.6094E-25 3.6817E-07 2.9978E-08 1.0603E-07 1.8390E-08 4.7419E-07 2.04E-07 5.85E-06   1.390 0.6000 7.5997E-06   1084.194
11411.00 0.24868982 4.1127E-25            1.5337E-25 3.6654E-07 2.9851E-08 1.0530E-07 1.8227E-08 4.7184E-07 2.02E-07 5.82E-06   1.392 0.6000 7.5687E-06   1084.601
11421.00 0.24841529 3.9275E-25            1.4627E-25 3.5674E-07 2.8987E-08 1.0214E-07 1.7635E-08 4.5888E-07 1.96E-07 5.65E-06   1.393 0.6000 7.3425E-06   1083.369
11431.00 0.24800128 3.7515E-25            1.3942E-25 3.6280E-07 2.9460E-08 1.0358E-07 1.7844E-08 4.6637E-07 1.98E-07 5.74E-06   1.394 0.6000 7.4607E-06   1085.289
11441.00 0.24757235 3.5834E-25            1.3288E-25 3.6507E-07 2.9629E-08 1.0394E-07 1.7866E-08 4.6900E-07 1.98E-07 5.77E-06   1.396 0.6000 7.5024E-06   1086.454
11451.00 0.24723963 3.4224E-25            1.2670E-25 3.6891E-07 2.9892E-08 1.0469E-07 1.7953E-08 4.7360E-07 1.99E-07 5.82E-06   1.397 0.6000 7.5639E-06   1087.915
11461.00 0.24685113 3.2688E-25            1.2078E-25 3.7356E-07 3.0240E-08 1.0570E-07 1.8085E-08 4.7926E-07 2.01E-07 5.88E-06   1.399 0.6000 7.6494E-06   1089.531
11471.00 0.24643688 3.1223E-25            1.1513E-25 3.6763E-07 2.9741E-08 1.0373E-07 1.7709E-08 4.7136E-07 1.97E-07 5.78E-06   1.401 0.6000 7.5218E-06   1089.098
11481.00 0.24597980 2.9825E-25            1.0971E-25 3.6983E-07 2.9915E-08 1.0408E-07 1.7730E-08 4.7391E-07 1.97E-07 5.82E-06   1.403 0.6000 7.5664E-06   1090.247
11491.00 0.24560606 2.8486E-25            1.0459E-25 3.7004E-07 2.9898E-08 1.0382E-07 1.7646E-08 4.7387E-07 1.96E-07 5.81E-06   1.404 0.6000 7.5587E-06   1091.002
11501.00 0.24519490 2.7209E-25            9.9693E-26 3.6141E-07 2.9182E-08 1.0112E-07 1.7148E-08 4.6253E-07 1.90E-07 5.67E-06   1.406 0.6000 7.3764E-06   1090.022
11511.00 0.24478154 2.5988E-25            9.5022E-26 3.5945E-07 2.9004E-08 1.0028E-07 1.6967E-08 4.5972E-07 1.88E-07 5.63E-06   1.407 0.6000 7.3299E-06   1090.346
11521.00 0.24434583 2.4824E-25            9.0561E-26 3.6094E-07 2.9114E-08 1.0043E-07 1.6956E-08 4.6137E-07 1.88E-07 5.65E-06   1.409 0.6000 7.3570E-06   1091.362
11531.00 0.24393214 2.3711E-25            8.6317E-26 3.4772E-07 2.8032E-08 9.6483E-08 1.6255E-08 4.4420E-07 1.81E-07 5.44E-06   1.411 0.6000 7.0826E-06   1089.403
11541.00 0.24353158 2.2647E-25            8.2276E-26 2.7680E-07 2.2300E-08 7.6587E-08 1.2874E-08 3.5339E-07 1.43E-07 4.33E-06   1.413 0.6000 5.6333E-06   1074.034
11551.00 0.24308303 2.1633E-25            7.8408E-26 3.5201E-07 2.8353E-08 9.7133E-08 1.6291E-08 4.4914E-07 1.81E-07 5.50E-06   1.414 0.6000 7.1627E-06   1091.713
11561.00 0.24265431 2.0663E-25            7.4728E-26 3.6995E-07 2.9785E-08 1.0181E-07 1.7038E-08 4.7176E-07 1.89E-07 5.78E-06   1.416 0.6000 7.5239E-06   1096.008
11571.00 0.24226326 1.9736E-25            7.1231E-26 3.7717E-07 3.0340E-08 1.0349E-07 1.7281E-08 4.8067E-07 1.92E-07 5.88E-06   1.418 0.6000 7.6619E-06   1098.122
11581.00 0.24181327 1.8851E-25            6.7881E-26 3.7472E-07 3.0140E-08 1.0256E-07 1.7088E-08 4.7728E-07 1.90E-07 5.84E-06   1.420 0.6000 7.6124E-06   1098.370
11591.00 0.24121322 1.8011E-25            6.4648E-26 3.7388E-07 3.0123E-08 1.0213E-07 1.6985E-08 4.7601E-07 1.89E-07 5.84E-06   1.422 0.6000 7.6150E-06   1098.938
11601.00 0.24095106 1.7199E-25            6.1654E-26 3.6906E-07 2.9661E-08 1.0045E-07 1.6664E-08 4.6951E-07 1.85E-07 5.74E-06   1.423 0.6000 7.4906E-06   1098.704
11611.00 0.24030083 1.6433E-25            5.8706E-26 3.6726E-07 2.9584E-08 9.9796E-08 1.6525E-08 4.6706E-07 1.84E-07 5.73E-06   1.426 0.6000 7.4800E-06   1099.086
11621.00 0.24002036 1.5690E-25            5.5982E-26 3.7199E-07 2.9900E-08 1.0074E-07 1.6640E-08 4.7273E-07 1.85E-07 5.79E-06   1.427 0.6000 7.5536E-06   1100.719
11631.00 0.23936495 1.4990E-25            5.3304E-26 3.6802E-07 2.9651E-08 9.9495E-08 1.6406E-08 4.6752E-07 1.82E-07 5.75E-06   1.430 0.6000 7.5002E-06   1100.676
11641.00 0.23874398 1.4322E-25            5.0756E-26 3.6628E-07 2.9571E-08 9.8854E-08 1.6270E-08 4.6513E-07 1.81E-07 5.73E-06   1.432 0.6000 7.4886E-06   1101.065
11651.00 0.23857330 1.3674E-25            4.8425E-26 3.6809E-07 2.9615E-08 9.8961E-08 1.6243E-08 4.6705E-07 1.80E-07 5.73E-06   1.433 0.6000 7.4886E-06   1102.123
11661.00 0.23714939 1.3078E-25            4.5958E-26 3.6828E-07 2.9973E-08 9.9191E-08 1.6277E-08 4.6748E-07 1.81E-07 5.83E-06   1.439 0.6000 7.6222E-06   1102.948
11671.00 0.23757012 1.2477E-25            4.3952E-26 3.7457E-07 3.0165E-08 1.0022E-07 1.6381E-08 4.7479E-07 1.82E-07 5.84E-06   1.437 0.6000 7.6343E-06   1104.834
11681.00 0.23667599 1.1925E-25            4.1808E-26 3.6553E-07 2.9590E-08 9.7747E-08 1.5958E-08 4.6328E-07 1.77E-07 5.74E-06   1.441 0.6000 7.5086E-06   1103.812
11691.00 0.23599443 1.1394E-25            3.9796E-26 3.5268E-07 2.8627E-08 9.4159E-08 1.5349E-08 4.4684E-07 1.70E-07 5.56E-06   1.444 0.6000 7.2750E-06   1101.956
11701.00 0.23528868 1.0886E-25            3.7884E-26 2.6370E-07 2.1424E-08 7.0230E-08 1.1429E-08 3.3393E-07 1.27E-07 4.16E-06   1.447 0.6000 5.4498E-06   1082.069
11711.00 0.23428164 1.0405E-25            3.6010E-26 3.1190E-07 2.5505E-08 8.3050E-08 1.3495E-08 3.9495E-07 1.50E-07 4.97E-06   1.451 0.6000 6.5087E-06   1094.621
11721.00 0.23493305 9.9242E-26            3.4476E-26 3.6076E-07 2.9184E-08 9.5469E-08 1.5449E-08 4.5623E-07 1.72E-07 5.66E-06   1.448 0.6000 7.4074E-06   1105.734
11731.00 0.23361644 9.4891E-26            3.2732E-26 3.6122E-07 2.9496E-08 9.5648E-08 1.5475E-08 4.5687E-07 1.72E-07 5.74E-06   1.454 0.6000 7.5244E-06   1106.593
11741.00 0.23213503 9.0746E-26            3.1052E-26 3.4465E-07 2.8451E-08 9.1340E-08 1.4781E-08 4.3599E-07 1.64E-07 5.56E-06   1.460 0.6000 7.3045E-06   1103.966
11751.00 0.23269144 8.6571E-26            2.9712E-26 3.6315E-07 2.9619E-08 9.5583E-08 1.5398E-08 4.5873E-07 1.71E-07 5.76E-06   1.458 0.6000 7.5574E-06   1108.404
11761.00 0.23301679 8.2616E-26            2.8408E-26 3.2553E-07 2.6356E-08 8.5277E-08 1.3686E-08 4.1080E-07 1.52E-07 5.11E-06   1.457 0.6000 6.6941E-06   1101.197
11771.00 0.23249866 7.8910E-26            2.7061E-26 3.4857E-07 2.8244E-08 9.1095E-08 1.4587E-08 4.3967E-07 1.62E-07 5.48E-06   1.459 0.6000 7.1784E-06   1106.840
11781.00 0.23200627 7.5373E-26            2.5780E-26 3.6998E-07 2.9981E-08 9.6436E-08 1.5416E-08 4.6641E-07 1.71E-07 5.82E-06   1.461 0.6000 7.6220E-06   1111.886
11791.00 0.23129633 7.2018E-26            2.4537E-26 3.6789E-07 2.9916E-08 9.5778E-08 1.5281E-08 4.6367E-07 1.70E-07 5.81E-06   1.464 0.6000 7.6178E-06   1112.214
11801.00 0.23226029 6.8667E-26            2.3523E-26 3.6869E-07 2.9493E-08 9.5167E-08 1.5108E-08 4.6386E-07 1.68E-07 5.69E-06   1.460 0.6000 7.4468E-06   1113.002
11811.00 0.23120999 6.5632E-26            2.2358E-26 3.6624E-07 2.9488E-08 9.4488E-08 1.4989E-08 4.6073E-07 1.66E-07 5.70E-06   1.464 0.6000 7.4721E-06   1113.266
11821.00 0.23047382 6.2711E-26            2.1274E-26 3.7050E-07 2.9918E-08 9.5432E-08 1.5117E-08 4.6593E-07 1.68E-07 5.79E-06   1.468 0.6000 7.5939E-06   1114.843
11831.00 0.23016322 5.9889E-26            2.0284E-26 3.6997E-07 2.9879E-08 9.5111E-08 1.5025E-08 4.6508E-07 1.67E-07 5.78E-06   1.469 0.6000 7.5796E-06   1115.467
11841.00 0.22837253 5.7295E-26            1.9216E-26 3.5785E-07 2.9321E-08 9.2187E-08 1.4582E-08 4.5003E-07 1.62E-07 5.71E-06   1.477 0.6000 7.4967E-06   1113.824
11851.00 0.22622818 5.4821E-26            1.8171E-26 3.4427E-07 2.8679E-08 8.8887E-08 1.4072E-08 4.3315E-07 1.56E-07 5.62E-06   1.486 0.6000 7.4088E-06   1111.802
11861.00 0.22734690 5.2265E-26            1.7432E-26 3.5955E-07 2.9502E-08 9.2181E-08 1.4511E-08 4.5173E-07 1.61E-07 5.75E-06   1.481 0.6000 7.5539E-06   1115.610
11871.00 0.22729640 4.9518E-26            1.6643E-26 3.6045E-07 2.9368E-08 9.1866E-08 1.4429E-08 4.5231E-07 1.60E-07 5.70E-06   1.482 0.6000 7.4948E-06   1116.461
11881.00 0.22389501 4.7187E-26            1.5648E-26 3.4667E-07 2.9120E-08 8.8919E-08 1.4033E-08 4.3559E-07 1.56E-07 5.73E-06   1.497 0.6000 7.5634E-06   1114.472
11891.00 0.22179081 4.5107E-26            1.4798E-26 3.4085E-07 2.9080E-08 8.7518E-08 1.3823E-08 4.2837E-07 1.54E-07 5.76E-06   1.506 0.6000 7.6272E-06   1114.013
11901.00 0.22369857 4.3051E-26            1.4250E-26 3.4997E-07 2.9281E-08 8.9243E-08 1.4004E-08 4.3922E-07 1.56E-07 5.74E-06   1.497 0.6000 7.5712E-06   1116.585
11911.00 0.22327413 4.1105E-26            1.3576E-26 3.4917E-07 2.9136E-08 8.8676E-08 1.3875E-08 4.3785E-07 1.54E-07 5.71E-06   1.499 0.6000 7.5362E-06   1117.112
11921.00 0.21975414 3.9318E-26            1.2760E-26 3.2144E-07 2.7744E-08 8.2247E-08 1.2909E-08 4.0369E-07 1.43E-07 5.52E-06   1.515 0.6000 7.3140E-06   1111.979
11931.00 0.21885994 3.7542E-26            1.2134E-26 3.3474E-07 2.8716E-08 8.5024E-08 1.3343E-08 4.1976E-07 1.48E-07 5.71E-06   1.519 0.6000 7.5712E-06   1115.554
11941.00 0.21590501 3.5897E-26            1.1421E-26 3.2491E-07 2.8515E-08 8.2732E-08 1.3044E-08 4.0764E-07 1.45E-07 5.73E-06   1.533 0.6000 7.6217E-06   1114.186
11951.00 0.21583137 3.4257E-26            1.0904E-26 3.2595E-07 2.8230E-08 8.2267E-08 1.2946E-08 4.0822E-07 1.44E-07 5.65E-06   1.533 0.6000 7.5194E-06   1115.040
11961.00 0.21061197 3.2799E-26            1.0158E-26 3.0728E-07 2.7772E-08 7.7922E-08 1.2446E-08 3.8520E-07 1.38E-07 5.65E-06   1.558 0.6000 7.5871E-06   1111.608
11971.00 0.21207364 3.1265E-26            9.7606E-27 3.1447E-07 2.7941E-08 7.9415E-08 1.2514E-08 3.9388E-07 1.39E-07 5.66E-06   1.551 0.6000 7.5688E-06   1113.961
11981.00 0.21354736 2.9827E-26            9.3886E-27 3.1731E-07 2.7709E-08 7.9659E-08 1.2441E-08 3.9697E-07 1.38E-07 5.57E-06   1.544 0.6000 7.4366E-06   1115.273
11991.00 0.20231387 2.8555E-26            8.4891E-27 2.7579E-07 2.6175E-08 6.9811E-08 1.1227E-08 3.4560E-07 1.25E-07 5.47E-06   1.598 0.6000 7.4512E-06   1106.108
12001.00 0.20200242 2.7220E-26            8.0874E-27 2.6898E-07 2.5781E-08 6.8425E-08 1.0977E-08 3.3741E-07 1.22E-07 5.40E-06   1.599 0.6000 7.3525E-06   1105.154
12011.00 0.19924308 2.5369E-26            7.6277E-27 2.8908E-07 2.6042E-08 7.2177E-08 1.1294E-08 3.6126E-07 1.25E-07 5.39E-06   1.613 0.6000 7.4651E-06   1110.754
12021.00 0.19093157 2.4532E-26            6.9632E-27 2.5178E-07 2.5140E-08 6.3625E-08 1.0409E-08 3.1541E-07 1.16E-07 5.39E-06   1.656 0.6000 7.5463E-06   1101.888
12031.00 0.20369521 2.3650E-26            7.1007E-27 2.8652E-07 2.6499E-08 7.1759E-08 1.1323E-08 3.5828E-07 1.26E-07 5.45E-06   1.591 0.6000 7.4160E-06   1111.654
12041.00 0.19428673 2.2407E-26            6.4608E-27 2.6753E-07 2.5594E-08 6.6597E-08 1.0691E-08 3.3413E-07 1.19E-07 5.39E-06   1.638 0.6000 7.5039E-06   1107.437
12051.00 0.19292220 2.0901E-26            6.1295E-27 2.6986E-07 2.5450E-08 6.7027E-08 1.0535E-08 3.3688E-07 1.17E-07 5.39E-06   1.645 0.6000 7.5169E-06   1108.763
12061.00 0.18518040 1.7085E-26            5.6120E-27 2.5131E-07 2.4628E-08 6.2156E-08 9.9368E-09 3.1347E-07 1.10E-07 5.34E-06   1.686 0.6000 7.5939E-06   1104.420
12071.00 0.18689413 1.5879E-26            5.4131E-27 2.5796E-07 2.5098E-08 6.3922E-08 1.0140E-08 3.2188E-07 1.13E-07 5.38E-06   1.677 0.6000 7.6428E-06   1107.026
12081.00 0.17701533 1.4792E-26            4.8900E-27 2.2108E-07 2.3448E-08 5.5274E-08 9.0254E-09 2.7635E-07 1.00E-07 5.24E-06   1.732 0.6000 7.6030E-06   1097.104
12091.00 0.20562375 1.5357E-26            5.4201E-27 3.1528E-07 2.7849E-08 7.6947E-08 1.1808E-08 3.9223E-07 1.31E-07 5.63E-06   1.582 0.6000 7.6166E-06   1122.649
12101.00 0.19501854 1.4296E-26            4.9155E-27 2.7726E-07 2.6224E-08 6.8159E-08 1.0678E-08 3.4542E-07 1.19E-07 5.49E-06   1.635 0.6000 7.6091E-06   1114.262
12111.00 0.19354635 1.3572E-26            4.6472E-27 2.7562E-07 2.5941E-08 6.7343E-08 1.0529E-08 3.4296E-07 1.17E-07 5.43E-06   1.642 0.6000 7.5626E-06   1114.495
12121.00 0.20672190 1.3459E-26            4.7464E-27 3.1949E-07 2.7730E-08 7.7093E-08 1.1670E-08 3.9659E-07 1.30E-07 5.56E-06   1.576 0.6000 7.4981E-06   1125.697
12131.00 0.19402663 1.2506E-26            4.2494E-27 2.6907E-07 2.5948E-08 6.5814E-08 1.0293E-08 3.3489E-07 1.14E-07 5.46E-06   1.640 0.6000 7.5446E-06   1114.285
12141.00 0.16710190 1.0963E-26            3.5058E-27 1.9786E-07 2.1938E-08 4.8582E-08 7.9811E-09 2.4644E-07 8.86E-08 5.04E-06   1.789 0.6000 7.4416E-06   1093.621
12151.00 0.12723663 8.8362E-27            2.5334E-27 1.2019E-07 1.6465E-08 2.9159E-08 5.0975E-09 1.4934E-07 5.66E-08 4.43E-06   2.062 0.6000 7.5107E-06   1061.084
12161.00 0.18706274 1.0644E-26            3.5611E-27 2.5298E-07 2.4533E-08 6.1239E-08 9.5314E-09 3.1422E-07 1.06E-07 5.24E-06   1.676 0.6000 7.3702E-06   1111.993
12171.00 0.19869035 1.0536E-26            3.6146E-27 2.8645E-07 2.6362E-08 6.9227E-08 1.0557E-08 3.5568E-07 1.17E-07 5.41E-06   1.616 0.6000 7.4020E-06   1121.565
12181.00 0.20697753 1.0288E-26            3.5927E-27 3.2238E-07 2.7855E-08 7.6702E-08 1.1471E-08 3.9909E-07 1.27E-07 5.54E-06   1.575 0.6000 7.4299E-06   1130.647
12191.00 0.17933361 9.0815E-27            2.9779E-27 2.3432E-07 2.3507E-08 5.6282E-08 8.8235E-09 2.9061E-07 9.80E-08 5.13E-06   1.719 0.6000 7.3655E-06   1108.711
12201.00 0.17697169 8.5291E-27            2.8009E-27 2.3204E-07 2.3029E-08 5.5622E-08 8.5627E-09 2.8766E-07 9.51E-08 5.02E-06   1.732 0.6000 7.2879E-06   1108.734
12211.00 0.17611574 8.1635E-27            2.6595E-27 2.3003E-07 2.3379E-08 5.5298E-08 8.5813E-09 2.8533E-07 9.53E-08 5.12E-06   1.737 0.6000 7.4288E-06   1108.901
12221.00 0.16084978 7.4313E-27            2.3245E-27 1.9115E-07 2.1089E-08 4.5735E-08 7.2991E-09 2.3688E-07 8.11E-08 4.91E-06   1.827 0.6000 7.4096E-06   1096.757
12231.00 0.17360941 7.3893E-27            2.3878E-27 2.3552E-07 2.3737E-08 5.6100E-08 8.6690E-09 2.9162E-07 9.63E-08 5.23E-06   1.751 0.6000 7.6019E-06   1111.902
12241.00 0.15987560 6.1928E-27            2.1042E-27 2.0118E-07 2.1681E-08 4.7792E-08 7.5154E-09 2.4897E-07 8.35E-08 5.02E-06   1.833 0.6000 7.5712E-06   1101.635
12251.00 0.16110450 4.1110E-27            2.0167E-27 2.0570E-07 2.1987E-08 4.8570E-08 7.6692E-09 2.5427E-07 8.52E-08 5.02E-06   1.826 0.6000 7.5568E-06   1103.819
12261.00 0.16596501 3.8393E-27            1.9891E-27 2.0413E-07 2.2636E-08 4.8254E-08 7.8186E-09 2.5239E-07 8.68E-08 5.16E-06   1.796 0.6000 7.5676E-06   1104.038
12271.00 0.16650307 3.7064E-27            1.9026E-27 2.0222E-07 2.2707E-08 4.7916E-08 7.7582E-09 2.5013E-07 8.62E-08 5.21E-06   1.793 0.6000 7.5742E-06   1104.149
12281.00 0.17698912 3.8269E-27            1.9310E-27 2.3089E-07 2.4555E-08 5.4485E-08 8.7372E-09 2.8537E-07 9.70E-08 5.36E-06   1.732 0.6000 7.5993E-06   1114.062
12291.00 0.17330900 3.6187E-27            1.8056E-27 2.2787E-07 2.3950E-08 5.3562E-08 8.3246E-09 2.8143E-07 9.25E-08 5.34E-06   1.753 0.6000 7.6171E-06   1113.821
12301.00 0.19390507 4.0380E-27            1.9280E-27 2.9325E-07 2.7088E-08 6.8074E-08 1.0138E-08 3.6132E-07 1.13E-07 5.57E-06   1.640 0.6000 7.5809E-06   1132.375
12311.00 0.19618019 3.9312E-27            1.8616E-27 2.9812E-07 2.7387E-08 6.9372E-08 1.0202E-08 3.6749E-07 1.13E-07 5.60E-06   1.629 0.6000 7.5827E-06   1134.348
12321.00 0.19755864 3.8054E-27            1.7908E-27 3.0749E-07 2.7656E-08 7.1034E-08 1.0405E-08 3.7853E-07 1.16E-07 5.60E-06   1.622 0.6000 7.5619E-06   1137.246
12331.00 0.20149741 3.7441E-27            1.7428E-27 3.2659E-07 2.8461E-08 7.4996E-08 1.0844E-08 4.0159E-07 1.20E-07 5.66E-06   1.602 0.6000 7.5814E-06   1142.324
12341.00 0.20468594 3.6722E-27            1.6906E-27 3.4120E-07 2.8679E-08 7.7593E-08 1.1060E-08 4.1879E-07 1.23E-07 5.61E-06   1.586 0.6000 7.4845E-06   1146.168
12351.00 0.20396690 3.4981E-27            1.6077E-27 3.3512E-07 2.8225E-08 7.6076E-08 1.0828E-08 4.1120E-07 1.20E-07 5.53E-06   1.590 0.6000 7.3918E-06   1145.563
12361.00 0.20600666 3.4011E-27            1.5504E-27 3.5369E-07 2.8908E-08 7.9373E-08 1.1194E-08 4.3306E-07 1.24E-07 5.60E-06   1.580 0.6000 7.4500E-06   1150.152
12371.00 0.20627937 3.2621E-27            1.4817E-27 3.5904E-07 2.9206E-08 8.0352E-08 1.1287E-08 4.3939E-07 1.25E-07 5.64E-06   1.579 0.6000 7.4992E-06   1151.983
12381.00 0.20738393 3.1496E-27            1.4222E-27 3.7016E-07 2.9538E-08 8.2107E-08 1.1469E-08 4.5227E-07 1.27E-07 5.66E-06   1.573 0.6000 7.5115E-06   1154.892
12391.00 0.20666802 3.0011E-27            1.3528E-27 3.7116E-07 2.9678E-08 8.2128E-08 1.1451E-08 4.5328E-07 1.27E-07 5.70E-06   1.577 0.6000 7.5618E-06   1155.811
12401.00 0.20614186 2.8619E-27            1.2881E-27 3.7286E-07 2.9927E-08 8.2420E-08 1.1483E-08 4.5528E-07 1.28E-07 5.75E-06   1.579 0.6000 7.6275E-06   1156.892
12411.00 0.20654586 2.7493E-27            1.2320E-27 3.7560E-07 2.9844E-08 8.2568E-08 1.1443E-08 4.5817E-07 1.27E-07 5.71E-06   1.577 0.6000 7.5712E-06   1158.119
12421.00 0.20531444 2.6108E-27            1.1693E-27 3.6032E-07 2.8812E-08 7.9072E-08 1.0960E-08 4.3939E-07 1.22E-07 5.53E-06   1.583 0.6000 7.3492E-06   1155.734
12431.00 0.20090356 2.4191E-27            1.0918E-27 3.4288E-07 2.8744E-08 7.6040E-08 1.0639E-08 4.1892E-07 1.18E-07 5.62E-06   1.605 0.6000 7.5224E-06   1152.926
12441.00 0.20114155 2.3223E-27            1.0436E-27 3.4937E-07 2.8985E-08 7.7032E-08 1.0716E-08 4.2640E-07 1.19E-07 5.65E-06   1.604 0.6000 7.5586E-06   1154.992
12451.00 0.20023762 2.2091E-27            9.9183E-28 3.4179E-07 2.8547E-08 7.5330E-08 1.0469E-08 4.1712E-07 1.16E-07 5.58E-06   1.608 0.6000 7.4655E-06   1154.103
12461.00 0.19881763 2.0918E-27            9.3980E-28 3.3651E-07 2.8635E-08 7.4472E-08 1.0361E-08 4.1098E-07 1.15E-07 5.63E-06   1.615 0.6000 7.5531E-06   1153.749
12471.00 0.20060878 2.0321E-27            9.0550E-28 3.5496E-07 2.9225E-08 7.7503E-08 1.0682E-08 4.3246E-07 1.19E-07 5.68E-06   1.606 0.6000 7.5917E-06   1158.292
12481.00 0.19794972 1.9095E-27            8.5272E-28 3.4559E-07 2.8789E-08 7.5216E-08 1.0399E-08 4.2081E-07 1.16E-07 5.65E-06   1.620 0.6000 7.5823E-06   1157.002
12491.00 0.19883907 1.8401E-27            8.1762E-28 3.4927E-07 2.8777E-08 7.5707E-08 1.0406E-08 4.2498E-07 1.16E-07 5.61E-06   1.615 0.6000 7.5158E-06   1158.485
12501.00 0.19921006 1.7653E-27            7.8172E-28 3.4743E-07 2.8560E-08 7.5184E-08 1.0289E-08 4.2261E-07 1.14E-07 5.55E-06   1.613 0.6000 7.4276E-06   1158.816
12511.00 0.20211162 1.7267E-27            7.5729E-28 3.7390E-07 2.9811E-08 8.0154E-08 1.0865E-08 4.5406E-07 1.21E-07 5.71E-06   1.599 0.6000 7.5963E-06   1164.950
12521.00 0.19978727 1.6258E-27            7.1455E-28 3.6227E-07 2.9422E-08 7.7766E-08 1.0573E-08 4.4004E-07 1.17E-07 5.68E-06   1.611 0.6000 7.5909E-06   1163.339
12531.00 0.20185483 1.5802E-27            6.8914E-28 3.7659E-07 2.9847E-08 8.0171E-08 1.0809E-08 4.5676E-07 1.20E-07 5.70E-06   1.600 0.6000 7.5761E-06   1166.899
12541.00 0.19922420 1.4844E-27            6.4930E-28 3.6257E-07 2.9375E-08 7.7365E-08 1.0478E-08 4.3994E-07 1.16E-07 5.67E-06   1.613 0.6000 7.5663E-06   1164.820
12551.00 0.19483374 1.3753E-27            6.0636E-28 3.4029E-07 2.8708E-08 7.2997E-08 1.0008E-08 4.1329E-07 1.11E-07 5.63E-06   1.636 0.6000 7.5782E-06   1160.886
12561.00 0.19279879 1.2960E-27            5.7219E-28 3.2853E-07 2.8130E-08 7.0505E-08 9.6746E-09 3.9903E-07 1.07E-07 5.56E-06   1.646 0.6000 7.5178E-06   1159.018
12571.00 0.20032227 1.3141E-27            5.6778E-28 3.7574E-07 2.9667E-08 7.9025E-08 1.0562E-08 4.5477E-07 1.17E-07 5.66E-06   1.608 0.6000 7.5341E-06   1169.568
12581.00 0.20108683 1.2655E-27            5.4401E-28 3.7008E-07 2.8833E-08 7.7330E-08 1.0279E-08 4.4741E-07 1.14E-07 5.47E-06   1.604 0.6000 7.2713E-06   1169.085
12591.00 0.20189722 1.2192E-27            5.2140E-28 3.8014E-07 2.9167E-08 7.8854E-08 1.0421E-08 4.5899E-07 1.16E-07 5.50E-06   1.600 0.6000 7.2954E-06   1171.768
12601.00 0.20022269 1.1541E-27            4.9373E-28 3.7270E-07 2.8915E-08 7.7282E-08 1.0221E-08 4.4999E-07 1.14E-07 5.48E-06   1.608 0.6000 7.2929E-06   1171.017
12611.00 0.19547956 1.0666E-27            4.5993E-28 3.5661E-07 2.8851E-08 7.4450E-08 9.9367E-09 4.3106E-07 1.10E-07 5.58E-06   1.632 0.6000 7.4861E-06   1168.525
12621.00 0.19501998 1.0177E-27            4.3809E-28 3.5630E-07 2.8848E-08 7.4187E-08 9.9013E-09 4.3049E-07 1.10E-07 5.57E-06   1.635 0.6000 7.4847E-06   1169.172
12631.00 0.19628786 9.8314E-28            4.2081E-28 3.5766E-07 2.8699E-08 7.4293E-08 9.8456E-09 4.3195E-07 1.09E-07 5.51E-06   1.628 0.6000 7.3759E-06   1170.175
12641.00 0.19367746 9.2328E-28            3.9633E-28 3.5326E-07 2.8857E-08 7.3386E-08 9.7647E-09 4.2665E-07 1.08E-07 5.59E-06   1.642 0.6000 7.5189E-06   1169.992
12651.00 0.19342658 8.8314E-28            3.7790E-28 3.5835E-07 2.9114E-08 7.4100E-08 9.8160E-09 4.3245E-07 1.09E-07 5.64E-06   1.643 0.6000 7.5744E-06   1171.757
12661.00 0.19046409 8.2660E-28            3.5525E-28 3.4168E-07 2.8568E-08 7.0883E-08 9.4563E-09 4.1256E-07 1.05E-07 5.60E-06   1.658 0.6000 7.5617E-06   1168.961
12671.00 0.19256097 8.0288E-28            3.4267E-28 3.5370E-07 2.9173E-08 7.3240E-08 9.6933E-09 4.2695E-07 1.08E-07 5.66E-06   1.647 0.6000 7.6006E-06   1172.284
12681.00 0.19599769 7.8960E-28            3.3296E-28 3.7709E-07 2.9750E-08 7.7003E-08 1.0046E-08 4.5410E-07 1.12E-07 5.67E-06   1.630 0.6000 7.5620E-06   1177.699
12691.00 0.19486974 7.4967E-28            3.1602E-28 3.7133E-07 2.9483E-08 7.5677E-08 9.8827E-09 4.4700E-07 1.10E-07 5.63E-06   1.635 0.6000 7.5242E-06   1177.252
12701.00 0.19596504 7.2402E-28            3.0334E-28 3.8353E-07 2.9952E-08 7.7648E-08 1.0060E-08 4.6117E-07 1.12E-07 5.68E-06   1.630 0.6000 7.5755E-06   1180.375
12711.00 0.19552039 6.9096E-28            2.8887E-28 3.8478E-07 3.0107E-08 7.7778E-08 1.0043E-08 4.6256E-07 1.12E-07 5.72E-06   1.632 0.6000 7.6222E-06   1181.353
12721.00 0.19768624 6.7281E-28            2.7880E-28 3.9608E-07 2.9999E-08 7.9097E-08 1.0121E-08 4.7518E-07 1.12E-07 5.62E-06   1.621 0.6000 7.4713E-06   1184.161
12731.00 0.19747815 6.4329E-28            2.6584E-28 3.9681E-07 2.9973E-08 7.8969E-08 1.0075E-08 4.7577E-07 1.12E-07 5.61E-06   1.622 0.6000 7.4573E-06   1185.007
12741.00 0.19717580 6.1464E-28            2.5337E-28 4.0423E-07 3.0485E-08 8.0187E-08 1.0205E-08 4.8442E-07 1.13E-07 5.71E-06   1.624 0.6000 7.5819E-06   1187.140
12751.00 0.19707942 5.8819E-28            2.4173E-28 4.0559E-07 3.0466E-08 8.0147E-08 1.0168E-08 4.8573E-07 1.13E-07 5.69E-06   1.624 0.6000 7.5638E-06   1188.099
12761.00 0.19707243 5.6326E-28            2.3072E-28 3.9838E-07 2.9758E-08 7.8374E-08 9.9102E-09 4.7676E-07 1.10E-07 5.55E-06   1.624 0.6000 7.3715E-06   1187.416
12771.00 0.19679616 5.3826E-28            2.1992E-28 4.0685E-07 3.0337E-08 7.9782E-08 1.0062E-08 4.8663E-07 1.12E-07 5.65E-06   1.626 0.6000 7.5108E-06   1189.742
12781.00 0.19649422 5.1427E-28            2.0959E-28 4.1207E-07 3.0688E-08 8.0570E-08 1.0135E-08 4.9264E-07 1.13E-07 5.72E-06   1.627 0.6000 7.5955E-06   1191.440
12791.00 0.19616280 4.9122E-28            1.9972E-28 4.1273E-07 3.0710E-08 8.0465E-08 1.0097E-08 4.9320E-07 1.12E-07 5.72E-06   1.629 0.6000 7.5991E-06   1192.278
12801.00 0.19588470 4.6940E-28            1.9036E-28 4.0684E-07 3.0219E-08 7.9064E-08 9.8947E-09 4.8590E-07 1.10E-07 5.62E-06   1.630 0.6000 7.4738E-06   1191.878
12811.00 0.19549878 4.4817E-28            1.8135E-28 4.1159E-07 3.0574E-08 7.9791E-08 9.9625E-09 4.9138E-07 1.11E-07 5.69E-06   1.632 0.6000 7.5630E-06   1193.495
12821.00 0.19521773 4.2824E-28            1.7285E-28 4.0755E-07 3.0226E-08 7.8762E-08 9.8085E-09 4.8632E-07 1.09E-07 5.62E-06   1.634 0.6000 7.4729E-06   1193.445
12831.00 0.19481808 4.0883E-28            1.6464E-28 4.1237E-07 3.0589E-08 7.9497E-08 9.8772E-09 4.9187E-07 1.10E-07 5.69E-06   1.636 0.6000 7.5645E-06   1195.072
12841.00 0.19452925 3.9064E-28            1.5692E-28 4.1450E-07 3.0699E-08 7.9658E-08 9.8711E-09 4.9416E-07 1.10E-07 5.70E-06   1.637 0.6000 7.5875E-06   1196.183
12851.00 0.19417213 3.7305E-28            1.4950E-28 4.1434E-07 3.0673E-08 7.9411E-08 9.8169E-09 4.9375E-07 1.09E-07 5.70E-06   1.639 0.6000 7.5802E-06   1196.870
12861.00 0.19384211 3.5633E-28            1.4246E-28 4.0645E-07 3.0061E-08 7.7670E-08 9.5775E-09 4.8412E-07 1.06E-07 5.58E-06   1.641 0.6000 7.4270E-06   1196.095
12871.00 0.19352125 3.4037E-28            1.3575E-28 4.1612E-07 3.0747E-08 7.9290E-08 9.7525E-09 4.9541E-07 1.08E-07 5.71E-06   1.642 0.6000 7.5937E-06   1198.630
12881.00 0.19316995 3.2505E-28            1.2934E-28 4.1553E-07 3.0689E-08 7.8963E-08 9.6891E-09 4.9449E-07 1.08E-07 5.70E-06   1.644 0.6000 7.5782E-06   1199.236
12891.00 0.19278389 3.1033E-28            1.2321E-28 4.1516E-07 3.0665E-08 7.8697E-08 9.6348E-09 4.9385E-07 1.07E-07 5.69E-06   1.646 0.6000 7.5729E-06   1199.887
12901.00 0.19245732 2.9641E-28            1.1740E-28 3.9563E-07 2.9200E-08 7.4786E-08 9.1337E-09 4.7042E-07 1.01E-07 5.42E-06   1.648 0.6000 7.2091E-06   1196.873
12911.00 0.19206659 2.8297E-28            1.1183E-28 4.0452E-07 2.9866E-08 7.6282E-08 9.2958E-09 4.8080E-07 1.03E-07 5.54E-06   1.650 0.6000 7.3749E-06   1199.309
12921.00 0.19171774 2.7024E-28            1.0655E-28 4.1623E-07 3.0717E-08 7.8284E-08 9.5168E-09 4.9452E-07 1.06E-07 5.70E-06   1.652 0.6000 7.5841E-06   1202.241
12931.00 0.19131704 2.5797E-28            1.0148E-28 4.1355E-07 3.0533E-08 7.7602E-08 9.4132E-09 4.9115E-07 1.05E-07 5.66E-06   1.654 0.6000 7.5411E-06   1202.460
12941.00 0.19088629 2.4620E-28            9.6645E-29 4.0289E-07 2.9779E-08 7.5446E-08 9.1337E-09 4.7833E-07 1.01E-07 5.52E-06   1.656 0.6000 7.3599E-06   1201.157
12951.00 0.19051802 2.3508E-28            9.2069E-29 4.0826E-07 3.0177E-08 7.6263E-08 9.2114E-09 4.8452E-07 1.02E-07 5.59E-06   1.658 0.6000 7.4590E-06   1202.902
12961.00 0.19011936 2.2441E-28            8.7694E-29 4.0256E-07 2.9765E-08 7.5022E-08 9.0420E-09 4.7758E-07 1.00E-07 5.52E-06   1.660 0.6000 7.3595E-06   1202.531
12971.00 0.18964267 2.1409E-28            8.3493E-29 4.0929E-07 3.0305E-08 7.6119E-08 9.1587E-09 4.8541E-07 1.02E-07 5.62E-06   1.663 0.6000 7.5010E-06   1204.542
12981.00 0.18869980 2.0347E-28            7.9296E-29 4.0113E-07 2.9999E-08 7.4720E-08 9.0023E-09 4.7585E-07 1.00E-07 5.58E-06   1.668 0.6000 7.4677E-06   1203.746
12991.00 0.18737760 1.9275E-28            7.5153E-29 3.9097E-07 2.9653E-08 7.2995E-08 8.8353E-09 4.6396E-07 9.81E-08 5.52E-06   1.675 0.6000 7.4373E-06   1202.534
13001.00 0.18537109 1.8161E-28            7.0965E-29 3.8109E-07 2.9398E-08 7.1269E-08 8.6859E-09 4.5236E-07 9.65E-08 5.50E-06   1.685 0.6000 7.4697E-06   1201.324
13011.00 0.18317915 1.7058E-28            6.6937E-29 3.7573E-07 2.9337E-08 7.0114E-08 8.6059E-09 4.4584E-07 9.56E-08 5.50E-06   1.697 0.6000 7.5399E-06   1200.951
13021.00 0.17904644 1.5772E-28            6.2452E-29 3.5575E-07 2.8429E-08 6.6420E-08 8.2386E-09 4.2217E-07 9.15E-08 5.38E-06   1.720 0.6000 7.5258E-06   1197.506
13031.00 0.17508462 1.4584E-28            5.8290E-29 3.3804E-07 2.7666E-08 6.3282E-08 7.9083E-09 4.0133E-07 8.78E-08 5.28E-06   1.742 0.6000 7.5545E-06   1194.383
13041.00 0.16867688 1.3271E-28            5.3606E-29 2.9984E-07 2.4934E-08 5.6206E-08 7.0108E-09 3.5605E-07 7.79E-08 4.83E-06   1.780 0.6000 7.1580E-06   1186.081
13051.00 0.16301861 1.2031E-28            4.9450E-29 2.5817E-07 2.2993E-08 4.9076E-08 6.2975E-09 3.0724E-07 6.99E-08 4.55E-06   1.814 0.6000 7.0679E-06   1175.862
13061.00 0.15304634 1.0610E-28            4.4332E-29 2.2984E-07 2.1416E-08 4.4075E-08 5.6901E-09 2.7392E-07 6.32E-08 4.37E-06   1.877 0.6000 7.3488E-06   1168.196
13071.00 0.14168324 9.3248E-29            3.9183E-29 2.0466E-07 1.9303E-08 3.9529E-08 4.9586E-09 2.4419E-07 5.51E-08 4.06E-06   1.954 0.6000 7.5912E-06   1160.635
13081.00 0.13268766 8.3502E-29            3.5005E-29 1.6879E-07 1.6862E-08 3.2967E-08 4.1875E-09 2.0175E-07 4.65E-08 3.67E-06   2.020 0.6000 7.5900E-06   1147.838
13091.00 0.12083188 7.1262E-29            3.0416E-29 1.2787E-07 1.3918E-08 2.5263E-08 3.2855E-09 1.5313E-07 3.65E-08 3.17E-06   2.113 0.6000 7.5855E-06   1129.562
13101.00 0.11541468 6.4638E-29            2.7724E-29 1.1084E-07 1.2422E-08 2.1988E-08 2.8435E-09 1.3283E-07 3.16E-08 2.91E-06   2.159 0.6000 7.5818E-06   1120.713
13111.00 0.12102868 6.4002E-29            2.7731E-29 1.2135E-07 1.3268E-08 2.4020E-08 3.0688E-09 1.4537E-07 3.41E-08 3.05E-06   2.112 0.6000 7.5031E-06   1127.459
13121.00 0.15254036 8.2612E-29            3.3350E-29 2.2855E-07 2.0144E-08 4.3146E-08 5.2258E-09 2.7170E-07 5.80E-08 4.08E-06   1.880 0.6000 7.2390E-06   1171.967
13131.00 0.11586913 5.3408E-29            2.4286E-29 9.8650E-08 1.1900E-08 1.9232E-08 2.6578E-09 1.1788E-07 2.95E-08 2.81E-06   2.155 0.6000 7.4454E-06   1114.909
13141.00 0.08134897 3.1480E-29            1.6250E-29 2.7757E-08 5.5131E-09 5.3362E-09 9.1353E-10 3.3093E-08 1.01E-08 1.69E-06   2.509 0.6000 7.4787E-06   1037.815
13151.00 0.07257804 2.8662E-29            1.3790E-29 2.5474E-08 5.3478E-09 4.8098E-09 8.6701E-10 3.0283E-08 9.63E-09 1.66E-06   2.623 0.6000 7.4464E-06   1033.443
13161.00 0.10312004 3.8701E-29            1.8638E-29 9.5823E-08 1.2428E-08 1.7710E-08 2.7032E-09 1.1353E-07 3.00E-08 3.00E-06   2.272 0.6000 7.5141E-06   1114.533
13171.00 0.17397432 7.9371E-29            3.0103E-29 3.7271E-07 2.8320E-08 6.6003E-08 7.6780E-09 4.3871E-07 8.53E-08 5.32E-06   1.749 0.6000 7.4986E-06   1211.616
13181.00 0.18299182 8.1646E-29            3.0272E-29 4.0966E-07 2.9738E-08 7.1694E-08 8.1665E-09 4.8135E-07 9.07E-08 5.47E-06   1.698 0.6000 7.3163E-06   1219.590
13191.00 0.18280168 7.8062E-29            2.8863E-29 4.2162E-07 3.0502E-08 7.3485E-08 8.3452E-09 4.9511E-07 9.27E-08 5.60E-06   1.699 0.6000 7.4903E-06   1222.552
13201.00 0.18249185 7.4560E-29            2.7501E-29 4.1983E-07 3.0343E-08 7.2960E-08 8.2643E-09 4.9279E-07 9.18E-08 5.57E-06   1.701 0.6000 7.4493E-06   1222.931
13211.00 0.18219027 7.1220E-29            2.6205E-29 4.2036E-07 3.0347E-08 7.2836E-08 8.2286E-09 4.9319E-07 9.14E-08 5.57E-06   1.703 0.6000 7.4483E-06   1223.742
13221.00 0.18185750 6.8010E-29            2.4965E-29 4.1927E-07 3.0253E-08 7.2452E-08 8.1650E-09 4.9173E-07 9.07E-08 5.55E-06   1.705 0.6000 7.4250E-06   1224.255
13231.00 0.18152316 6.4942E-29            2.3784E-29 4.1722E-07 3.0090E-08 7.1901E-08 8.0828E-09 4.8912E-07 8.98E-08 5.52E-06   1.706 0.6000 7.3850E-06   1224.583
13241.00 0.18120058 6.2019E-29            2.2659E-29 4.2449E-07 3.0594E-08 7.2952E-08 8.1803E-09 4.9744E-07 9.09E-08 5.61E-06   1.708 0.6000 7.5083E-06   1226.661
13251.00 0.18088606 5.9233E-29            2.1589E-29 4.2613E-07 3.0686E-08 7.3025E-08 8.1673E-09 4.9916E-07 9.07E-08 5.63E-06   1.710 0.6000 7.5299E-06   1227.681
13261.00 0.18052621 5.6551E-29            2.0565E-29 4.2739E-07 3.0774E-08 7.3050E-08 8.1504E-09 5.0044E-07 9.05E-08 5.64E-06   1.712 0.6000 7.5529E-06   1228.632
13271.00 0.18022734 5.4017E-29            1.9595E-29 4.2354E-07 3.0462E-08 7.2179E-08 8.0319E-09 4.9572E-07 8.92E-08 5.58E-06   1.714 0.6000 7.4749E-06   1228.629
13281.00 0.17989992 5.1584E-29            1.8668E-29 4.2008E-07 3.0195E-08 7.1392E-08 7.9243E-09 4.9147E-07 8.80E-08 5.53E-06   1.715 0.6000 7.4093E-06   1228.696
13291.00 0.17956437 4.9257E-29            1.7784E-29 4.1874E-07 3.0086E-08 7.0975E-08 7.8581E-09 4.8972E-07 8.73E-08 5.51E-06   1.717 0.6000 7.3830E-06   1229.160
13301.00 0.17921598 4.7028E-29            1.6940E-29 4.2440E-07 3.0485E-08 7.1743E-08 7.9237E-09 4.9615E-07 8.80E-08 5.58E-06   1.719 0.6000 7.4823E-06   1230.938
13311.00 0.17891252 4.4917E-29            1.6141E-29 4.1192E-07 2.9560E-08 6.9431E-08 7.6485E-09 4.8135E-07 8.49E-08 5.41E-06   1.721 0.6000 7.2543E-06   1229.292
13321.00 0.17851813 4.2866E-29            1.5371E-29 4.2414E-07 3.0453E-08 7.1322E-08 7.8387E-09 4.9546E-07 8.71E-08 5.57E-06   1.723 0.6000 7.4775E-06   1232.322
13331.00 0.17821588 4.0941E-29            1.4646E-29 4.2074E-07 3.0179E-08 7.0544E-08 7.7337E-09 4.9128E-07 8.59E-08 5.52E-06   1.725 0.6000 7.4089E-06   1232.398
13341.00 0.17789613 3.9098E-29            1.3953E-29 4.1144E-07 2.9493E-08 6.8794E-08 7.5224E-09 4.8023E-07 8.35E-08 5.39E-06   1.727 0.6000 7.2399E-06   1231.344
13351.00 0.17761102 3.7349E-29            1.3296E-29 4.2473E-07 3.0405E-08 7.0800E-08 7.7210E-09 4.9553E-07 8.58E-08 5.56E-06   1.728 0.6000 7.4618E-06   1234.572
13361.00 0.17727830 3.5664E-29            1.2666E-29 4.2244E-07 3.0226E-08 7.0225E-08 7.6390E-09 4.9266E-07 8.48E-08 5.52E-06   1.730 0.6000 7.4177E-06   1234.859
13371.00 0.17687896 3.4033E-29            1.2061E-29 4.2162E-07 3.0186E-08 6.9919E-08 7.5883E-09 4.9154E-07 8.43E-08 5.52E-06   1.732 0.6000 7.4110E-06   1235.424
13381.00 0.17653452 3.2494E-29            1.1489E-29 4.2405E-07 3.0358E-08 7.0148E-08 7.5943E-09 4.9419E-07 8.43E-08 5.55E-06   1.734 0.6000 7.4538E-06   1236.597
13391.00 0.17621443 3.1029E-29            1.0945E-29 4.2450E-07 3.0372E-08 7.0034E-08 7.5628E-09 4.9454E-07 8.40E-08 5.55E-06   1.736 0.6000 7.4568E-06   1237.399
13401.00 0.17583720 2.9616E-29            1.0424E-29 4.2100E-07 3.0129E-08 6.9277E-08 7.4634E-09 4.9028E-07 8.29E-08 5.50E-06   1.738 0.6000 7.3986E-06   1237.458
13411.00 0.17534608 2.8237E-29            9.9207E-30 4.2360E-07 3.0385E-08 6.9582E-08 7.4811E-09 4.9319E-07 8.31E-08 5.55E-06   1.741 0.6000 7.4693E-06   1238.673
13421.00 0.17517547 2.6998E-29            9.4590E-30 4.1622E-07 2.9764E-08 6.8126E-08 7.3025E-09 4.8435E-07 8.11E-08 5.43E-06   1.742 0.6000 7.3080E-06   1237.981
13431.00 0.17457062 2.5716E-29            8.9970E-30 4.0857E-07 2.9331E-08 6.6773E-08 7.1462E-09 4.7535E-07 7.94E-08 5.36E-06   1.745 0.6000 7.2145E-06   1237.238
13441.00 0.17416608 2.4536E-29            8.5662E-30 4.2138E-07 3.0272E-08 6.8704E-08 7.3353E-09 4.9009E-07 8.15E-08 5.53E-06   1.748 0.6000 7.4488E-06   1240.408
13451.00 0.17411949 2.3489E-29            8.1736E-30 4.2448E-07 3.0342E-08 6.8928E-08 7.3339E-09 4.9340E-07 8.15E-08 5.54E-06   1.748 0.6000 7.4513E-06   1241.690
13461.00 0.17277053 2.2227E-29            7.7411E-30 4.1128E-07 2.9844E-08 6.6898E-08 7.1229E-09 4.7818E-07 7.91E-08 5.48E-06   1.756 0.6000 7.3809E-06   1239.943
13471.00 0.17228319 2.1187E-29            7.3661E-30 3.9530E-07 2.8760E-08 6.4181E-08 6.8218E-09 4.5948E-07 7.58E-08 5.28E-06   1.759 0.6000 7.1206E-06   1237.526
13481.00 0.17193286 2.0229E-29            7.0167E-30 3.9585E-07 2.8782E-08 6.4098E-08 6.7948E-09 4.5995E-07 7.55E-08 5.28E-06   1.761 0.6000 7.1258E-06   1238.350
13491.00 0.17047548 1.9118E-29            6.6397E-30 3.8549E-07 2.8480E-08 6.2519E-08 6.6375E-09 4.4801E-07 7.37E-08 5.26E-06   1.769 0.6000 7.1079E-06   1237.016
13501.00 0.17118701 1.8423E-29            6.3631E-30 4.0540E-07 2.9520E-08 6.5338E-08 6.8936E-09 4.7074E-07 7.66E-08 5.42E-06   1.765 0.6000 7.3132E-06   1241.672
13511.00 0.16928969 1.7352E-29            6.0070E-30 3.9225E-07 2.9165E-08 6.3365E-08 6.7036E-09 4.5561E-07 7.45E-08 5.40E-06   1.776 0.6000 7.3098E-06   1239.828
13521.00 0.16708192 1.6285E-29            5.6574E-30 3.7798E-07 2.8793E-08 6.1216E-08 6.5051E-09 4.3919E-07 7.22E-08 5.38E-06   1.789 0.6000 7.3173E-06   1237.673
13531.00 0.16742413 1.5633E-29            5.4088E-30 3.7104E-07 2.8014E-08 5.9804E-08 6.3289E-09 4.3085E-07 7.03E-08 5.22E-06   1.787 0.6000 7.0827E-06   1236.904
13541.00 0.16471140 1.4613E-29            5.0802E-30 3.6448E-07 2.8344E-08 5.8939E-08 6.2718E-09 4.2342E-07 6.97E-08 5.34E-06   1.804 0.6000 7.2893E-06   1236.279
13551.00 0.16693173 1.4270E-29            4.9127E-30 3.9016E-07 2.9447E-08 6.2633E-08 6.5856E-09 4.5280E-07 7.31E-08 5.48E-06   1.790 0.6000 7.4378E-06   1242.305
13561.00 0.16425186 1.3351E-29            4.6156E-30 3.7443E-07 2.9001E-08 6.0206E-08 6.3661E-09 4.3464E-07 7.07E-08 5.46E-06   1.806 0.6000 7.4514E-06   1239.813
13571.00 0.16102053 1.2401E-29            4.3165E-30 3.5235E-07 2.8214E-08 5.6748E-08 6.0566E-09 4.0909E-07 6.73E-08 5.38E-06   1.826 0.6000 7.3967E-06   1235.797
13581.00 0.16016667 1.1763E-29            4.0975E-30 3.4142E-07 2.7805E-08 5.5197E-08 5.9085E-09 3.9661E-07 6.56E-08 5.32E-06   1.832 0.6000 7.3305E-06   1234.115
13591.00 0.16286789 1.1551E-29            3.9763E-30 3.6071E-07 2.8263E-08 5.7783E-08 6.0930E-09 4.1849E-07 6.77E-08 5.33E-06   1.815 0.6000 7.2885E-06   1239.054
13601.00 0.16009973 1.0810E-29            3.7319E-30 3.5521E-07 2.8197E-08 5.6563E-08 5.9707E-09 4.1177E-07 6.63E-08 5.38E-06   1.832 0.6000 7.3844E-06   1238.522
13611.00 0.16010790 1.0335E-29            3.5602E-30 3.5933E-07 2.8513E-08 5.7120E-08 6.0262E-09 4.1645E-07 6.69E-08 5.42E-06   1.832 0.6000 7.4548E-06   1240.146
13621.00 0.16451339 1.0308E-29            3.4919E-30 3.9331E-07 2.9567E-08 6.1880E-08 6.3922E-09 4.5519E-07 7.10E-08 5.49E-06   1.805 0.6000 7.4763E-06   1247.911
13631.00 0.15493047 9.0390E-30            3.1398E-30 3.3440E-07 2.7464E-08 5.2840E-08 5.6387E-09 3.8724E-07 6.26E-08 5.32E-06   1.865 0.6000 7.3964E-06   1235.931
13641.00 0.15693770 8.8268E-30            3.0339E-30 3.4073E-07 2.7410E-08 5.3739E-08 5.6337E-09 3.9447E-07 6.26E-08 5.27E-06   1.852 0.6000 7.2736E-06   1238.110
13651.00 0.15821922 8.5534E-30            2.9191E-30 3.5004E-07 2.7715E-08 5.5014E-08 5.7272E-09 4.0505E-07 6.36E-08 5.28E-06   1.844 0.6000 7.2899E-06   1240.918
13661.00 0.14317524 7.1112E-30            2.5225E-30 2.7856E-07 2.5182E-08 4.4057E-08 4.7907E-09 3.2261E-07 5.32E-08 5.15E-06   1.944 0.6000 7.3809E-06   1224.059
13671.00 0.14214936 6.6963E-30            2.3903E-30 2.5918E-07 2.4718E-08 4.1449E-08 4.5705E-09 3.0063E-07 5.08E-08 5.10E-06   1.951 0.6000 7.3220E-06   1219.427
13681.00 0.14357649 6.5258E-30            2.3029E-30 2.7461E-07 2.4759E-08 4.3286E-08 4.6804E-09 3.1790E-07 5.20E-08 5.02E-06   1.941 0.6000 7.2028E-06   1224.393
13691.00 0.13571209 5.7520E-30            2.0755E-30 2.4456E-07 2.3954E-08 3.8644E-08 4.2888E-09 2.8321E-07 4.76E-08 5.05E-06   1.997 0.6000 7.3972E-06   1216.380
13701.00 0.14659557 6.1353E-30            2.1426E-30 2.8841E-07 2.5945E-08 4.5484E-08 4.9090E-09 3.3389E-07 5.45E-08 5.20E-06   1.920 0.6000 7.3541E-06   1229.602
13711.00 0.12931970 4.9012E-30            1.8036E-30 2.0333E-07 2.1677E-08 3.2154E-08 3.7041E-09 2.3549E-07 4.11E-08 4.70E-06   2.045 0.6000 7.0258E-06   1204.111
13721.00 0.14685906 5.6409E-30            1.9513E-30 2.9851E-07 2.5355E-08 4.6088E-08 4.8764E-09 3.4459E-07 5.42E-08 4.99E-06   1.918 0.6000 7.1045E-06   1233.488
13731.00 0.14198630 5.1775E-30            1.8063E-30 2.7320E-07 2.4912E-08 4.2655E-08 4.5510E-09 3.1586E-07 5.05E-08 5.09E-06   1.952 0.6000 7.3140E-06   1227.541
13741.00 0.12312994 4.0447E-30            1.4904E-30 2.0410E-07 2.1553E-08 3.1557E-08 3.5281E-09 2.3566E-07 3.92E-08 4.81E-06   2.095 0.6000 7.3536E-06   1206.316
13751.00 0.14342949 4.8093E-30            1.6578E-30 2.9608E-07 2.5933E-08 4.5714E-08 4.7854E-09 3.4179E-07 5.31E-08 5.20E-06   1.942 0.6000 7.4416E-06   1235.048
13761.00 0.13082744 4.0314E-30            1.4450E-30 2.3727E-07 2.3308E-08 3.6593E-08 4.0237E-09 2.7386E-07 4.47E-08 4.93E-06   2.034 0.6000 7.3658E-06   1218.921
13771.00 0.13849021 4.1487E-30            1.4582E-30 2.5034E-07 2.4456E-08 3.9086E-08 4.2657E-09 2.8943E-07 4.74E-08 5.06E-06   1.977 0.6000 7.2949E-06   1223.808
13781.00 0.12880516 3.6473E-30            1.2965E-30 2.4366E-07 2.3133E-08 3.6970E-08 3.9927E-09 2.8063E-07 4.43E-08 4.92E-06   2.049 0.6000 7.3832E-06   1222.202
13791.00 0.13522342 3.6990E-30            1.2957E-30 2.5426E-07 2.4178E-08 3.9043E-08 4.2013E-09 2.9330E-07 4.67E-08 5.02E-06   2.001 0.6000 7.3406E-06   1226.262
13801.00 0.12733041 3.3234E-30            1.1667E-30 2.3723E-07 2.2974E-08 3.5947E-08 3.9131E-09 2.7318E-07 4.35E-08 4.85E-06   2.061 0.6000 7.3445E-06   1221.622
13811.00 0.13232803 3.4233E-30            1.1562E-30 2.6059E-07 2.3900E-08 3.9572E-08 4.1499E-09 3.0016E-07 4.61E-08 4.95E-06   2.022 0.6000 7.3600E-06   1229.467
13821.00 0.12335569 2.8689E-30            1.0273E-30 2.2524E-07 2.2331E-08 3.3903E-08 3.6596E-09 2.5914E-07 4.06E-08 4.84E-06   2.093 0.6000 7.4156E-06   1219.109
13831.00 0.14630657 3.4916E-30            1.1639E-30 3.2137E-07 2.6629E-08 4.8281E-08 4.8871E-09 3.6965E-07 5.43E-08 5.19E-06   1.922 0.6000 7.3440E-06   1246.978
13841.00 0.14939663 3.4351E-30            1.1341E-30 3.3163E-07 2.6528E-08 4.9429E-08 4.9630E-09 3.8106E-07 5.51E-08 5.07E-06   1.901 0.6000 7.1063E-06   1250.092
13851.00 0.14992988 3.3045E-30            1.0869E-30 3.3495E-07 2.7352E-08 5.0262E-08 5.0413E-09 3.8521E-07 5.60E-08 5.25E-06   1.898 0.6000 7.3322E-06   1251.676
13861.00 0.15009609 3.1680E-30            1.0385E-30 3.3825E-07 2.7405E-08 5.0520E-08 5.0522E-09 3.8877E-07 5.61E-08 5.23E-06   1.896 0.6000 7.3065E-06   1253.134
13871.00 0.13204658 2.5366E-30            8.7281E-31 2.4885E-07 2.3090E-08 3.7196E-08 3.8982E-09 2.8604E-07 4.33E-08 4.75E-06   2.025 0.6000 7.0523E-06   1230.151
13881.00 0.11662722 2.0519E-30            7.3506E-31 1.9955E-07 2.0942E-08 2.9749E-08 3.2253E-09 2.2930E-07 3.58E-08 4.64E-06   2.149 0.6000 7.3060E-06   1214.327
13891.00 0.12187390 2.0590E-30            7.3220E-31 2.0353E-07 2.1687E-08 3.0458E-08 3.3595E-09 2.3399E-07 3.73E-08 4.74E-06   2.105 0.6000 7.2275E-06   1216.538
13901.00 0.11884909 1.9126E-30            6.8120E-31 2.0040E-07 2.0733E-08 2.9487E-08 3.1916E-09 2.2989E-07 3.54E-08 4.58E-06   2.130 0.6000 7.0741E-06   1215.946
13911.00 0.11066206 1.6923E-30            6.0655E-31 1.8485E-07 1.9387E-08 2.6888E-08 2.9041E-09 2.1173E-07 3.23E-08 4.40E-06   2.201 0.6000 7.0323E-06   1210.608
13921.00 0.12533988 1.9076E-30            6.5449E-31 2.3433E-07 2.2421E-08 3.4480E-08 3.5987E-09 2.6881E-07 4.00E-08 4.71E-06   2.077 0.6000 7.1195E-06   1229.060
13931.00 0.12006848 1.7047E-30            5.9907E-31 2.0690E-07 2.1737E-08 3.0436E-08 3.3266E-09 2.3734E-07 3.69E-08 4.76E-06   2.120 0.6000 7.2560E-06   1220.456
13941.00 0.12225715 1.6599E-30            5.8140E-31 2.1335E-07 2.2564E-08 3.1275E-08 3.4024E-09 2.4462E-07 3.78E-08 4.93E-06   2.102 0.6000 7.3884E-06   1223.425
13951.00 0.13783330 1.8848E-30            6.2515E-31 2.7027E-07 2.4627E-08 3.9734E-08 4.0218E-09 3.1001E-07 4.47E-08 4.96E-06   1.982 0.6000 7.0864E-06   1242.085
13961.00 0.15138920 2.0760E-30            6.5593E-31 3.6509E-07 2.8154E-08 5.2720E-08 5.0416E-09 4.1781E-07 5.60E-08 5.27E-06   1.888 0.6000 7.2741E-06   1266.190
13971.00 0.15354046 2.0305E-30            6.3489E-31 3.8624E-07 2.8795E-08 5.5293E-08 5.2319E-09 4.4153E-07 5.81E-08 5.31E-06   1.874 0.6000 7.3034E-06   1271.349
13981.00 0.15239795 1.9234E-30            6.0154E-31 3.6773E-07 2.7769E-08 5.2690E-08 4.9837E-09 4.2042E-07 5.54E-08 5.15E-06   1.881 0.6000 7.1012E-06   1268.157
13991.00 0.15412667 1.8733E-30            5.8045E-31 3.8887E-07 2.8423E-08 5.5189E-08 5.1665E-09 4.4406E-07 5.74E-08 5.21E-06   1.870 0.6000 7.1508E-06   1273.284
14001.00 0.15474983 1.8052E-30            5.5623E-31 4.0828E-07 2.9460E-08 5.7637E-08 5.3645E-09 4.6592E-07 5.96E-08 5.37E-06   1.866 0.6000 7.3618E-06   1277.905
14011.00 0.15521064 1.7367E-30            5.3238E-31 4.1439E-07 2.9486E-08 5.8118E-08 5.3783E-09 4.7251E-07 5.97E-08 5.35E-06   1.863 0.6000 7.3230E-06   1279.784
14021.00 0.15413766 1.6449E-30            5.0458E-31 3.9622E-07 2.8641E-08 5.5706E-08 5.1568E-09 4.5193E-07 5.73E-08 5.22E-06   1.870 0.6000 7.1568E-06   1276.914
14031.00 0.15508014 1.5902E-30            4.8443E-31 4.1590E-07 2.9372E-08 5.7927E-08 5.3221E-09 4.7383E-07 5.91E-08 5.31E-06   1.864 0.6000 7.2644E-06   1281.490
14041.00 0.15450279 1.5141E-30            4.6061E-31 4.1292E-07 2.9258E-08 5.7394E-08 5.2692E-09 4.7031E-07 5.85E-08 5.30E-06   1.868 0.6000 7.2526E-06   1281.623
14051.00 0.15459761 1.4512E-30            4.3981E-31 4.1647E-07 2.9314E-08 5.7645E-08 5.2688E-09 4.7412E-07 5.85E-08 5.29E-06   1.867 0.6000 7.2437E-06   1283.018
14061.00 0.15364693 1.3764E-30            4.1717E-31 4.1015E-07 2.9218E-08 5.6831E-08 5.1920E-09 4.6698E-07 5.77E-08 5.30E-06   1.873 0.6000 7.2598E-06   1282.523
14071.00 0.15309317 1.3106E-30            3.9664E-31 4.1453E-07 2.9631E-08 5.7341E-08 5.2286E-09 4.7187E-07 5.81E-08 5.38E-06   1.877 0.6000 7.3793E-06   1284.109
14081.00 0.15253516 1.2477E-30            3.7714E-31 4.1160E-07 2.9600E-08 5.6918E-08 5.1826E-09 4.6852E-07 5.76E-08 5.38E-06   1.880 0.6000 7.3891E-06   1284.268
14091.00 0.15266618 1.1962E-30            3.6021E-31 4.1263E-07 2.9411E-08 5.6729E-08 5.1471E-09 4.6936E-07 5.72E-08 5.33E-06   1.880 0.6000 7.3099E-06   1285.153
14101.00 0.15189599 1.1373E-30            3.4205E-31 4.0473E-07 2.8947E-08 5.5484E-08 5.0237E-09 4.6021E-07 5.58E-08 5.26E-06   1.885 0.6000 7.2252E-06   1284.289
14111.00 0.15263349 1.0969E-30            3.2794E-31 4.1317E-07 2.9063E-08 5.6276E-08 5.0639E-09 4.6944E-07 5.62E-08 5.25E-06   1.880 0.6000 7.1951E-06   1286.644
14121.00 0.15004767 1.0231E-30            3.0774E-31 4.0141E-07 2.9340E-08 5.5053E-08 4.9864E-09 4.5647E-07 5.54E-08 5.37E-06   1.897 0.6000 7.4015E-06   1285.100
14131.00 0.15054403 9.8422E-31            2.9457E-31 4.0699E-07 2.9424E-08 5.5593E-08 5.0053E-09 4.6258E-07 5.56E-08 5.36E-06   1.893 0.6000 7.3775E-06   1286.920
14141.00 0.15111090 9.4823E-31            2.8220E-31 4.0192E-07 2.8598E-08 5.4517E-08 4.8806E-09 4.5644E-07 5.42E-08 5.18E-06   1.890 0.6000 7.1188E-06   1286.570
14151.00 0.14874040 8.8590E-31            2.6507E-31 3.9243E-07 2.8835E-08 5.3451E-08 4.8196E-09 4.4589E-07 5.35E-08 5.28E-06   1.906 0.6000 7.2975E-06   1285.405
14161.00 0.14872834 8.4796E-31            2.5294E-31 3.9391E-07 2.8852E-08 5.3514E-08 4.8127E-09 4.4743E-07 5.35E-08 5.28E-06   1.906 0.6000 7.2867E-06   1286.422
14171.00 0.14736812 8.0161E-31            2.3921E-31 3.8731E-07 2.8587E-08 5.2442E-08 4.7133E-09 4.3975E-07 5.23E-08 5.26E-06   1.915 0.6000 7.2819E-06   1285.753
14181.00 0.14650172 7.6020E-31            2.2681E-31 3.8779E-07 2.8843E-08 5.2434E-08 4.7069E-09 4.4023E-07 5.23E-08 5.32E-06   1.921 0.6000 7.3827E-06   1286.577
14191.00 0.14951734 7.5087E-31            2.2097E-31 4.1582E-07 2.9557E-08 5.5636E-08 4.9181E-09 4.7145E-07 5.46E-08 5.35E-06   1.900 0.6000 7.3659E-06   1292.899
14201.00 0.14396042 6.8044E-31            2.0308E-31 3.7200E-07 2.7968E-08 4.9931E-08 4.4839E-09 4.2193E-07 4.98E-08 5.20E-06   1.938 0.6000 7.2675E-06   1284.611
14211.00 0.14916444 6.8664E-31            2.0068E-31 4.1823E-07 2.9207E-08 5.5252E-08 4.8436E-09 4.7348E-07 5.38E-08 5.27E-06   1.903 0.6000 7.2579E-06   1294.726
14221.00 0.14557713 6.3460E-31            1.8711E-31 3.8894E-07 2.8437E-08 5.1711E-08 4.5843E-09 4.4065E-07 5.09E-08 5.22E-06   1.927 0.6000 7.2581E-06   1289.597
14231.00 0.14119630 5.7936E-31            1.7299E-31 3.4913E-07 2.7031E-08 4.6752E-08 4.2076E-09 3.9588E-07 4.67E-08 5.08E-06   1.958 0.6000 7.1422E-06   1281.679
14241.00 0.14367411 5.6901E-31            1.6806E-31 3.6997E-07 2.7849E-08 4.9386E-08 4.3911E-09 4.1936E-07 4.88E-08 5.15E-06   1.940 0.6000 7.1894E-06   1287.051
14251.00 0.14153127 5.3279E-31            1.5792E-31 3.5143E-07 2.6847E-08 4.6743E-08 4.1646E-09 3.9817E-07 4.63E-08 5.01E-06   1.955 0.6000 7.0286E-06   1283.605
14261.00 0.14366773 5.2173E-31            1.5302E-31 3.7485E-07 2.8027E-08 4.9704E-08 4.3748E-09 4.2456E-07 4.86E-08 5.18E-06   1.940 0.6000 7.2140E-06   1289.516
14271.00 0.13973653 4.7940E-31            1.4203E-31 3.4383E-07 2.6974E-08 4.5808E-08 4.0771E-09 3.8963E-07 4.53E-08 5.09E-06   1.968 0.6000 7.1715E-06   1283.327
14281.00 0.14255773 4.7383E-31            1.3830E-31 3.7550E-07 2.7784E-08 4.9253E-08 4.3073E-09 4.2475E-07 4.78E-08 5.13E-06   1.948 0.6000 7.1755E-06   1291.021
 -9999.
