T F 2    2    2    1    2    2    2    2    2    2    1    0    0 294.200   0.40
    1    1    1    0   18    0   5.00000   0.00000   0.00000   0.00000   0.00000
   1.000  10.000   0.140
 -99.00000 -99.00000 -99.00000  2.922432  0.000710 ! H2O & O3 COLUMNS [GM/CM2]
   40MID-LATITUDE SUMMER 
   5.00000   0.00000 180.00000   5.00000   0.00000   0.00000    0        0.00000
    0    2    1    0
   0.00000   0.00000   0.00000  70.02525   0.00000 270.00000   0.00000   0.00000
    9091.0   14286.0      10.0      10.0RN              
    0   0    0.000  0    0.000  0    1.000
    FREQ  TOT_TRANS  PTH_THRML  THRML_SCT  SURF_EMIS   SOL_SCAT  SING_SCAT  GRND_RFLT  DRCT_RFLT  TOTAL_RAD  REF_SOL  SOL@OBS   DEPTH DIR_EM    TOA_SUN BBODY_T[K]
 9091.00 0.50489914 1.0590E-20            1.3326E-20 4.1961E-08 9.4611E-09 6.1782E-08 1.8441E-08 1.0374E-07 4.23E-07 4.48E-06   0.683 0.6000 7.3883E-06    819.025
 9101.00 0.53060138 9.7556E-21            1.3373E-20 4.7648E-08 9.9184E-09 6.9913E-08 2.0141E-08 1.1756E-07 4.62E-07 4.43E-06   0.634 0.6000 7.2084E-06    826.224
 9111.00 0.56073368 8.7886E-21            1.3491E-20 6.0549E-08 1.1040E-08 8.6990E-08 2.4090E-08 1.4754E-07 5.53E-07 4.50E-06   0.579 0.6000 7.2268E-06    838.982
 9121.00 0.56032586 8.3594E-21            1.2910E-20 6.0740E-08 1.1030E-08 8.7093E-08 2.4020E-08 1.4783E-07 5.51E-07 4.49E-06   0.579 0.6000 7.2128E-06    839.833
 9131.00 0.55384439 8.0998E-21            1.2174E-20 5.7598E-08 1.0733E-08 8.2828E-08 2.2851E-08 1.4043E-07 5.24E-07 4.45E-06   0.591 0.6000 7.1706E-06    837.821
 9141.00 0.58532625 7.3185E-21            1.2289E-20 6.5449E-08 1.1290E-08 9.3168E-08 2.5301E-08 1.5862E-07 5.81E-07 4.33E-06   0.536 0.6000 6.8786E-06    845.127
 9151.00 0.55431223 7.3560E-21            1.1125E-20 6.2631E-08 1.1198E-08 8.8204E-08 2.4361E-08 1.5083E-07 5.59E-07 4.53E-06   0.590 0.6000 7.3243E-06    843.148
 9161.00 0.61305898 6.2474E-21            1.1753E-20 8.4944E-08 1.3253E-08 1.1800E-07 3.1114E-08 2.0294E-07 7.14E-07 4.70E-06   0.489 0.6000 7.4023E-06    860.236
 9171.00 0.57628578 6.4245E-21            1.0559E-20 7.1155E-08 1.2138E-08 9.9929E-08 2.7025E-08 1.7108E-07 6.20E-07 4.66E-06   0.551 0.6000 7.4596E-06    851.503
 9181.00 0.59234804 5.9899E-21            1.0366E-20 7.4350E-08 1.2398E-08 1.0418E-07 2.7899E-08 1.7853E-07 6.40E-07 4.62E-06   0.524 0.6000 7.3374E-06    854.601
 9191.00 0.61038041 5.4893E-21            1.0208E-20 8.3140E-08 1.3032E-08 1.1479E-07 3.0133E-08 1.9793E-07 6.91E-07 4.64E-06   0.494 0.6000 7.3153E-06    861.095
 9201.00 0.58546901 5.5249E-21            9.3591E-21 7.2485E-08 1.2119E-08 1.0069E-07 2.6988E-08 1.7317E-07 6.19E-07 4.54E-06   0.535 0.6000 7.2365E-06    854.416
 9211.00 0.58798462 5.2463E-21            8.9673E-21 7.6933E-08 1.2687E-08 1.0643E-07 2.8294E-08 1.8336E-07 6.49E-07 4.71E-06   0.531 0.6000 7.5017E-06    858.331
 9221.00 0.60119039 4.8908E-21            8.7692E-21 8.0417E-08 1.2969E-08 1.1101E-07 2.9202E-08 1.9143E-07 6.70E-07 4.70E-06   0.509 0.6000 7.4389E-06    861.485
 9231.00 0.59888577 4.6837E-21            8.3387E-21 7.9756E-08 1.2688E-08 1.0895E-07 2.8723E-08 1.8871E-07 6.59E-07 4.57E-06   0.513 0.6000 7.2538E-06    861.436
 9241.00 0.61370200 4.3274E-21            8.1705E-21 8.5864E-08 1.3163E-08 1.1659E-07 3.0228E-08 2.0245E-07 6.94E-07 4.59E-06   0.488 0.6000 7.2418E-06    866.136
 9251.00 0.60021383 4.2727E-21            7.6324E-21 8.1157E-08 1.2966E-08 1.1082E-07 2.9120E-08 1.9198E-07 6.68E-07 4.65E-06   0.510 0.6000 7.3662E-06    863.902
 9261.00 0.60700017 4.0106E-21            7.3708E-21 8.6693E-08 1.3421E-08 1.1720E-07 3.0464E-08 2.0389E-07 6.99E-07 4.72E-06   0.499 0.6000 7.4664E-06    868.044
 9271.00 0.61772895 3.7349E-21            7.1698E-21 9.0240E-08 1.3557E-08 1.2111E-07 3.1084E-08 2.1135E-07 7.13E-07 4.66E-06   0.482 0.6000 7.3400E-06    870.837
 9281.00 0.59835827 3.7317E-21            6.6336E-21 8.3874E-08 1.3185E-08 1.1293E-07 2.9309E-08 1.9681E-07 6.73E-07 4.73E-06   0.514 0.6000 7.5074E-06    867.556
 9291.00 0.61950898 3.3890E-21            6.5617E-21 9.3941E-08 1.3933E-08 1.2513E-07 3.1884E-08 2.1907E-07 7.32E-07 4.75E-06   0.479 0.6000 7.4866E-06    874.395
 9301.00 0.60968721 3.3200E-21            6.1714E-21 8.6951E-08 1.3311E-08 1.1629E-07 2.9938E-08 2.0324E-07 6.87E-07 4.63E-06   0.495 0.6000 7.3267E-06    870.878
 9311.00 0.61477953 3.1296E-21            5.9416E-21 9.1840E-08 1.3749E-08 1.2196E-07 3.1126E-08 2.1380E-07 7.14E-07 4.72E-06   0.486 0.6000 7.4561E-06    874.515
 9321.00 0.61324459 2.9989E-21            5.6645E-21 8.8875E-08 1.3438E-08 1.1832E-07 3.0067E-08 2.0720E-07 6.90E-07 4.64E-06   0.489 0.6000 7.3505E-06    873.482
 9331.00 0.61442292 2.8548E-21            5.4206E-21 9.1402E-08 1.3730E-08 1.2131E-07 3.0717E-08 2.1271E-07 7.05E-07 4.72E-06   0.487 0.6000 7.4831E-06    875.733
 9341.00 0.61436260 2.7234E-21            5.1790E-21 9.1295E-08 1.3665E-08 1.2082E-07 3.0513E-08 2.1211E-07 7.00E-07 4.69E-06   0.487 0.6000 7.4501E-06    876.327
 9351.00 0.61066049 2.6266E-21            4.9171E-21 8.5448E-08 1.2976E-08 1.1337E-07 2.8672E-08 1.9882E-07 6.58E-07 4.49E-06   0.493 0.6000 7.1583E-06    873.397
 9361.00 0.61365950 2.4833E-21            4.7210E-21 8.9864E-08 1.3454E-08 1.1872E-07 2.9845E-08 2.0859E-07 6.85E-07 4.62E-06   0.488 0.6000 7.3810E-06    876.879
 9371.00 0.61231017 2.3798E-21            4.4999E-21 9.0497E-08 1.3592E-08 1.1942E-07 2.9985E-08 2.0992E-07 6.88E-07 4.68E-06   0.491 0.6000 7.4787E-06    877.995
 9381.00 0.61343294 2.2648E-21            4.3069E-21 9.1190E-08 1.3589E-08 1.1984E-07 2.9980E-08 2.1103E-07 6.88E-07 4.65E-06   0.489 0.6000 7.4430E-06    879.051
 9391.00 0.61190927 2.1724E-21            4.1042E-21 9.2185E-08 1.3787E-08 1.2096E-07 3.0210E-08 2.1314E-07 6.93E-07 4.73E-06   0.491 0.6000 7.5710E-06    880.376
 9401.00 0.61323881 2.0685E-21            3.9293E-21 9.3104E-08 1.3796E-08 1.2148E-07 3.0264E-08 2.1459E-07 6.94E-07 4.71E-06   0.489 0.6000 7.5142E-06    881.519
 9411.00 0.61231101 1.9820E-21            3.7480E-21 9.2885E-08 1.3775E-08 1.2085E-07 3.0051E-08 2.1374E-07 6.90E-07 4.70E-06   0.491 0.6000 7.4958E-06    882.046
 9421.00 0.61333007 1.8887E-21            3.5865E-21 9.4067E-08 1.3839E-08 1.2175E-07 3.0201E-08 2.1582E-07 6.93E-07 4.69E-06   0.489 0.6000 7.4780E-06    883.357
 9431.00 0.61334616 1.8046E-21            3.4263E-21 9.4193E-08 1.3810E-08 1.2145E-07 3.0061E-08 2.1564E-07 6.90E-07 4.67E-06   0.489 0.6000 7.4376E-06    884.063
 9441.00 0.61321616 1.7250E-21            3.2725E-21 9.4462E-08 1.3813E-08 1.2136E-07 2.9978E-08 2.1582E-07 6.88E-07 4.66E-06   0.489 0.6000 7.4170E-06    884.865
 9451.00 0.61337030 1.6481E-21            3.1270E-21 9.5653E-08 1.3931E-08 1.2237E-07 3.0168E-08 2.1803E-07 6.92E-07 4.69E-06   0.489 0.6000 7.4469E-06    886.206
 9461.00 0.61374557 1.5737E-21            2.9890E-21 9.8193E-08 1.4230E-08 1.2507E-07 3.0771E-08 2.2326E-07 7.06E-07 4.77E-06   0.488 0.6000 7.5672E-06    888.335
 9471.00 0.61386794 1.5037E-21            2.8560E-21 9.9015E-08 1.4295E-08 1.2560E-07 3.0843E-08 2.2462E-07 7.08E-07 4.78E-06   0.488 0.6000 7.5686E-06    889.441
 9481.00 0.61404276 1.4364E-21            2.7291E-21 9.9746E-08 1.4343E-08 1.2603E-07 3.0887E-08 2.2577E-07 7.09E-07 4.78E-06   0.488 0.6000 7.5627E-06    890.494
 9491.00 0.61410034 1.3724E-21            2.6073E-21 9.9604E-08 1.4275E-08 1.2539E-07 3.0672E-08 2.2499E-07 7.04E-07 4.74E-06   0.488 0.6000 7.5010E-06    891.047
 9501.00 0.61385095 1.3122E-21            2.4897E-21 1.0055E-07 1.4385E-08 1.2619E-07 3.0813E-08 2.2674E-07 7.07E-07 4.77E-06   0.488 0.6000 7.5429E-06    892.253
 9511.00 0.61368179 1.2544E-21            2.3777E-21 1.0112E-07 1.4433E-08 1.2649E-07 3.0828E-08 2.2760E-07 7.07E-07 4.78E-06   0.488 0.6000 7.5499E-06    893.229
 9521.00 0.61359030 1.1986E-21            2.2710E-21 1.0152E-07 1.4455E-08 1.2660E-07 3.0798E-08 2.2811E-07 7.07E-07 4.78E-06   0.488 0.6000 7.5456E-06    894.116
 9531.00 0.61332548 1.1458E-21            2.1685E-21 1.0205E-07 1.4506E-08 1.2690E-07 3.0815E-08 2.2895E-07 7.07E-07 4.79E-06   0.489 0.6000 7.5615E-06    895.083
 9541.00 0.61314398 1.0954E-21            2.0709E-21 1.0259E-07 1.4550E-08 1.2715E-07 3.0816E-08 2.2974E-07 7.07E-07 4.80E-06   0.489 0.6000 7.5625E-06    896.042
 9551.00 0.61280310 1.0474E-21            1.9772E-21 1.0189E-07 1.4432E-08 1.2594E-07 3.0467E-08 2.2784E-07 6.99E-07 4.75E-06   0.490 0.6000 7.4917E-06    896.310
 9561.00 0.61248720 1.0013E-21            1.8878E-21 1.0108E-07 1.4297E-08 1.2460E-07 3.0086E-08 2.2568E-07 6.90E-07 4.70E-06   0.490 0.6000 7.4123E-06    896.509
 9571.00 0.61206430 9.5761E-22            1.8021E-21 1.0315E-07 1.4578E-08 1.2683E-07 3.0571E-08 2.2998E-07 7.01E-07 4.79E-06   0.491 0.6000 7.5504E-06    898.367
 9581.00 0.61181015 9.1533E-22            1.7207E-21 1.0361E-07 1.4618E-08 1.2705E-07 3.0566E-08 2.3066E-07 7.01E-07 4.80E-06   0.491 0.6000 7.5610E-06    899.296
 9591.00 0.61130261 8.7549E-22            1.6424E-21 1.0301E-07 1.4528E-08 1.2603E-07 3.0265E-08 2.2903E-07 6.94E-07 4.77E-06   0.492 0.6000 7.5108E-06    899.635
 9601.00 0.61072707 8.3751E-22            1.5674E-21 1.0396E-07 1.4664E-08 1.2693E-07 3.0430E-08 2.3089E-07 6.98E-07 4.81E-06   0.493 0.6000 7.5795E-06    900.864
 9611.00 0.61050630 8.0043E-22            1.4967E-21 1.0368E-07 1.4597E-08 1.2623E-07 3.0206E-08 2.2991E-07 6.93E-07 4.78E-06   0.493 0.6000 7.5350E-06    901.369
 9621.00 0.61007071 7.6544E-22            1.4287E-21 1.0375E-07 1.4596E-08 1.2602E-07 3.0100E-08 2.2977E-07 6.91E-07 4.78E-06   0.494 0.6000 7.5299E-06    902.086
 9631.00 0.60959452 7.3205E-22            1.3637E-21 1.0380E-07 1.4595E-08 1.2578E-07 2.9989E-08 2.2958E-07 6.88E-07 4.77E-06   0.495 0.6000 7.5249E-06    902.794
 9641.00 0.60918850 6.9989E-22            1.3018E-21 1.0326E-07 1.4506E-08 1.2484E-07 2.9707E-08 2.2810E-07 6.82E-07 4.74E-06   0.496 0.6000 7.4759E-06    903.165
 9651.00 0.60857230 6.6964E-22            1.2423E-21 1.0485E-07 1.4732E-08 1.2648E-07 3.0048E-08 2.3133E-07 6.89E-07 4.81E-06   0.497 0.6000 7.5893E-06    904.749
 9661.00 0.60850513 6.3974E-22            1.1865E-21 1.0409E-07 1.4587E-08 1.2519E-07 2.9682E-08 2.2928E-07 6.81E-07 4.76E-06   0.497 0.6000 7.4997E-06    904.979
 9671.00 0.60769749 6.1232E-22            1.1319E-21 1.0393E-07 1.4580E-08 1.2478E-07 2.9535E-08 2.2871E-07 6.78E-07 4.76E-06   0.498 0.6000 7.5015E-06    905.586
 9681.00 0.60730529 5.8549E-22            1.0805E-21 1.0383E-07 1.4551E-08 1.2435E-07 2.9377E-08 2.2817E-07 6.74E-07 4.74E-06   0.499 0.6000 7.4807E-06    906.200
 9691.00 0.60645658 5.6039E-22            1.0307E-21 1.0508E-07 1.4745E-08 1.2564E-07 2.9634E-08 2.3072E-07 6.80E-07 4.81E-06   0.500 0.6000 7.5873E-06    907.609
 9701.00 0.60568923 5.3639E-22            9.8330E-22 1.0478E-07 1.4716E-08 1.2504E-07 2.9443E-08 2.2982E-07 6.76E-07 4.80E-06   0.501 0.6000 7.5768E-06    908.131
 9711.00 0.60540944 5.1265E-22            9.3885E-22 1.0480E-07 1.4699E-08 1.2476E-07 2.9320E-08 2.2956E-07 6.73E-07 4.79E-06   0.502 0.6000 7.5604E-06    908.816
 9721.00 0.60320193 4.9241E-22            8.9353E-22 1.0353E-07 1.4631E-08 1.2327E-07 2.8943E-08 2.2680E-07 6.64E-07 4.79E-06   0.506 0.6000 7.5664E-06    908.856
 9731.00 0.60100436 4.7284E-22            8.5044E-22 1.0287E-07 1.4637E-08 1.2246E-07 2.8743E-08 2.2533E-07 6.60E-07 4.82E-06   0.509 0.6000 7.6088E-06    909.223
 9741.00 0.60290629 4.4950E-22            8.1488E-22 1.0467E-07 1.4730E-08 1.2395E-07 2.8987E-08 2.2861E-07 6.65E-07 4.81E-06   0.506 0.6000 7.5946E-06    910.831
 9751.00 0.60227430 4.3001E-22            7.7755E-22 1.0472E-07 1.4748E-08 1.2380E-07 2.8900E-08 2.2853E-07 6.63E-07 4.82E-06   0.507 0.6000 7.6062E-06    911.562
 9761.00 0.60002005 4.1283E-22            7.4007E-22 1.0343E-07 1.4648E-08 1.2214E-07 2.8510E-08 2.2557E-07 6.54E-07 4.81E-06   0.511 0.6000 7.5918E-06    911.543
 9771.00 0.59555185 3.9876E-22            7.0147E-22 1.0041E-07 1.4477E-08 1.1896E-07 2.7781E-08 2.1938E-07 6.37E-07 4.81E-06   0.518 0.6000 7.6047E-06    910.650
 9781.00 0.60056895 3.7618E-22            6.7575E-22 1.0375E-07 1.4589E-08 1.2178E-07 2.8285E-08 2.2553E-07 6.49E-07 4.76E-06   0.510 0.6000 7.5202E-06    913.037
 9791.00 0.60010314 3.5980E-22            6.4496E-22 1.0364E-07 1.4579E-08 1.2143E-07 2.8142E-08 2.2507E-07 6.46E-07 4.76E-06   0.511 0.6000 7.5133E-06    913.668
 9801.00 0.60005111 3.4360E-22            6.1606E-22 1.0440E-07 1.4641E-08 1.2195E-07 2.8207E-08 2.2635E-07 6.47E-07 4.77E-06   0.511 0.6000 7.5312E-06    914.754
 9811.00 0.59520084 3.3193E-22            5.8364E-22 1.0025E-07 1.4272E-08 1.1725E-07 2.7107E-08 2.1750E-07 6.22E-07 4.71E-06   0.519 0.6000 7.4494E-06    913.144
 9821.00 0.60054046 3.1312E-22            5.6253E-22 1.0590E-07 1.4742E-08 1.2290E-07 2.8304E-08 2.2880E-07 6.49E-07 4.78E-06   0.510 0.6000 7.5386E-06    916.899
 9831.00 0.59805399 3.0091E-22            5.3508E-22 1.0446E-07 1.4674E-08 1.2132E-07 2.7916E-08 2.2578E-07 6.41E-07 4.78E-06   0.514 0.6000 7.5540E-06    916.859
 9841.00 0.59887147 2.8681E-22            5.1181E-22 1.0542E-07 1.4708E-08 1.2191E-07 2.8002E-08 2.2733E-07 6.43E-07 4.77E-06   0.513 0.6000 7.5312E-06    918.018
 9851.00 0.59630817 2.7564E-22            4.8677E-22 1.0365E-07 1.4600E-08 1.1998E-07 2.7544E-08 2.2363E-07 6.32E-07 4.76E-06   0.517 0.6000 7.5270E-06    917.793
 9861.00 0.59730840 2.6267E-22            4.6569E-22 1.0569E-07 1.4781E-08 1.2183E-07 2.7869E-08 2.2752E-07 6.39E-07 4.80E-06   0.515 0.6000 7.5825E-06    919.571
 9871.00 0.59726804 2.5086E-22            4.4483E-22 1.0631E-07 1.4827E-08 1.2218E-07 2.7901E-08 2.2849E-07 6.40E-07 4.80E-06   0.515 0.6000 7.5902E-06    920.575
 9881.00 0.59344608 2.4177E-22            4.2215E-22 1.0366E-07 1.4666E-08 1.1938E-07 2.7269E-08 2.2304E-07 6.26E-07 4.80E-06   0.522 0.6000 7.5923E-06    919.887
 9891.00 0.59562594 2.2977E-22            4.0472E-22 1.0589E-07 1.4808E-08 1.2130E-07 2.7604E-08 2.2719E-07 6.33E-07 4.80E-06   0.518 0.6000 7.5945E-06    921.737
 9901.00 0.58756667 2.2359E-22            3.8139E-22 9.9972E-08 1.4471E-08 1.1545E-07 2.6396E-08 2.1542E-07 6.06E-07 4.80E-06   0.532 0.6000 7.6106E-06    919.320
 9911.00 0.58657598 2.1406E-22            3.6357E-22 9.9597E-08 1.4409E-08 1.1467E-07 2.6159E-08 2.1427E-07 6.00E-07 4.78E-06   0.533 0.6000 7.5896E-06    919.751
 9921.00 0.59100205 2.0240E-22            3.4993E-22 1.0375E-07 1.4674E-08 1.1842E-07 2.6857E-08 2.2218E-07 6.16E-07 4.80E-06   0.526 0.6000 7.5966E-06    922.656
 9931.00 0.59372467 1.9208E-22            3.3578E-22 1.0566E-07 1.4747E-08 1.1996E-07 2.7092E-08 2.2562E-07 6.22E-07 4.78E-06   0.521 0.6000 7.5522E-06    924.324
 9941.00 0.59190434 1.8423E-22            3.1975E-22 1.0131E-07 1.4205E-08 1.1489E-07 2.5938E-08 2.1620E-07 5.95E-07 4.61E-06   0.524 0.6000 7.3019E-06    922.530
 9951.00 0.59132600 1.7625E-22            3.0510E-22 9.9190E-08 1.3906E-08 1.1221E-07 2.5276E-08 2.1140E-07 5.80E-07 4.52E-06   0.525 0.6000 7.1481E-06    921.942
 9961.00 0.58945668 1.6903E-22            2.9047E-22 1.0316E-07 1.4517E-08 1.1653E-07 2.6218E-08 2.1970E-07 6.02E-07 4.73E-06   0.529 0.6000 7.4944E-06    924.984
 9971.00 0.58921367 1.6154E-22            2.7740E-22 1.0422E-07 1.4679E-08 1.1757E-07 2.6420E-08 2.2179E-07 6.06E-07 4.78E-06   0.529 0.6000 7.5675E-06    926.300
 9981.00 0.57841581 1.5832E-22            2.6002E-22 9.7292E-08 1.4345E-08 1.1077E-07 2.5175E-08 2.0807E-07 5.78E-07 4.80E-06   0.547 0.6000 7.6271E-06    923.241
 9991.00 0.59106964 1.4674E-22            2.5381E-22 1.0747E-07 1.4929E-08 1.2027E-07 2.6857E-08 2.2774E-07 6.16E-07 4.82E-06   0.526 0.6000 7.6202E-06    929.386
10001.00 0.58743763 1.4136E-22            2.4095E-22 1.0443E-07 1.4704E-08 1.1703E-07 2.6140E-08 2.2146E-07 6.00E-07 4.79E-06   0.532 0.6000 7.5822E-06    928.457
10011.00 0.58877623 1.3462E-22            2.3064E-22 1.0611E-07 1.4826E-08 1.1845E-07 2.6382E-08 2.2455E-07 6.05E-07 4.80E-06   0.530 0.6000 7.5949E-06    930.038
10021.00 0.58920759 1.2839E-22            2.2046E-22 1.0728E-07 1.4907E-08 1.1932E-07 2.6515E-08 2.2660E-07 6.08E-07 4.81E-06   0.529 0.6000 7.6120E-06    931.331
10031.00 0.58903694 1.2272E-22            2.1051E-22 1.0759E-07 1.4929E-08 1.1935E-07 2.6453E-08 2.2694E-07 6.07E-07 4.81E-06   0.529 0.6000 7.6128E-06    932.172
10041.00 0.58785009 1.1757E-22            2.0066E-22 1.0672E-07 1.4866E-08 1.1829E-07 2.6181E-08 2.2501E-07 6.01E-07 4.80E-06   0.531 0.6000 7.5964E-06    932.406
10051.00 0.58881629 1.1199E-22            1.9197E-22 1.0814E-07 1.4945E-08 1.1935E-07 2.6345E-08 2.2750E-07 6.04E-07 4.80E-06   0.530 0.6000 7.5992E-06    933.817
10061.00 0.58593273 1.0770E-22            1.8246E-22 1.0629E-07 1.4851E-08 1.1742E-07 2.5899E-08 2.2372E-07 5.94E-07 4.80E-06   0.535 0.6000 7.6105E-06    933.556
10071.00 0.57243979 1.0602E-22            1.7025E-22 9.7547E-08 1.4264E-08 1.0840E-07 2.4062E-08 2.0595E-07 5.52E-07 4.78E-06   0.558 0.6000 7.6024E-06    929.345
10081.00 0.58350587 9.8826E-23            1.6575E-22 1.0478E-07 1.4733E-08 1.1546E-07 2.5399E-08 2.2023E-07 5.83E-07 4.78E-06   0.539 0.6000 7.5822E-06    934.108
10091.00 0.57774758 9.5589E-23            1.5678E-22 1.0083E-07 1.4452E-08 1.1128E-07 2.4506E-08 2.1211E-07 5.62E-07 4.76E-06   0.549 0.6000 7.5624E-06    932.600
10101.00 0.56566173 9.3877E-23            1.4656E-22 9.1935E-08 1.3829E-08 1.0219E-07 2.2605E-08 1.9412E-07 5.19E-07 4.71E-06   0.570 0.6000 7.5113E-06    928.064
10111.00 0.58004844 8.6845E-23            1.4355E-22 1.0215E-07 1.4488E-08 1.1205E-07 2.4533E-08 2.1421E-07 5.63E-07 4.72E-06   0.545 0.6000 7.4926E-06    934.681
10121.00 0.56435710 8.5722E-23            1.3346E-22 9.4942E-08 1.4114E-08 1.0455E-07 2.3246E-08 1.9949E-07 5.33E-07 4.76E-06   0.572 0.6000 7.5886E-06    931.170
10131.00 0.55770355 8.3173E-23            1.2586E-22 8.9805E-08 1.3742E-08 9.9228E-08 2.2119E-08 1.8903E-07 5.08E-07 4.73E-06   0.584 0.6000 7.5528E-06    928.716
10141.00 0.56894749 7.7597E-23            1.2271E-22 9.6294E-08 1.4194E-08 1.0571E-07 2.3180E-08 2.0200E-07 5.32E-07 4.75E-06   0.564 0.6000 7.5589E-06    933.403
10151.00 0.52689999 8.0544E-23            1.0858E-22 7.4504E-08 1.2744E-08 8.2811E-08 1.9202E-08 1.5732E-07 4.41E-07 4.69E-06   0.641 0.6000 7.5928E-06    919.443
10161.00 0.53914213 7.4872E-23            1.0602E-22 8.2068E-08 1.3171E-08 9.0446E-08 2.0348E-08 1.7251E-07 4.67E-07 4.71E-06   0.618 0.6000 7.5665E-06    925.551
10171.00 0.51208061 7.3991E-23            9.6289E-23 7.4026E-08 1.2378E-08 8.0837E-08 1.8503E-08 1.5486E-07 4.25E-07 4.64E-06   0.669 0.6000 7.5666E-06    920.003
10181.00 0.50699013 7.1935E-23            9.0924E-23 6.9025E-08 1.2145E-08 7.5788E-08 1.7606E-08 1.4481E-07 4.04E-07 4.66E-06   0.679 0.6000 7.6043E-06    916.870
10191.00 0.52555758 6.6782E-23            9.0058E-23 7.5592E-08 1.2742E-08 8.3340E-08 1.8907E-08 1.5893E-07 4.34E-07 4.70E-06   0.643 0.6000 7.6154E-06    922.975
10201.00 0.46890244 6.7899E-23            7.6800E-23 5.8414E-08 1.0891E-08 6.2995E-08 1.4700E-08 1.2141E-07 3.37E-07 4.52E-06   0.757 0.6000 7.5497E-06    908.314
10211.00 0.45165238 6.6001E-23            7.0574E-23 5.1672E-08 1.0254E-08 5.5717E-08 1.3197E-08 1.0739E-07 3.03E-07 4.45E-06   0.795 0.6000 7.5097E-06    902.190
10221.00 0.45977494 6.2395E-23            6.8656E-23 5.4732E-08 1.0549E-08 5.8949E-08 1.3778E-08 1.1368E-07 3.16E-07 4.47E-06   0.777 0.6000 7.5283E-06    906.078
10231.00 0.49751535 5.7405E-23            7.0941E-23 6.7442E-08 1.1817E-08 7.2910E-08 1.6608E-08 1.4035E-07 3.81E-07 4.59E-06   0.698 0.6000 7.5645E-06    918.729
10241.00 0.41174972 5.8751E-23            5.6140E-23 4.3587E-08 9.0625E-09 4.6085E-08 1.0785E-08 8.9672E-08 2.47E-07 4.35E-06   0.887 0.6000 7.5088E-06    894.453
10251.00 0.42745283 5.5771E-23            5.5550E-23 4.6368E-08 9.6155E-09 4.8872E-08 1.1510E-08 9.5240E-08 2.64E-07 4.41E-06   0.850 0.6000 7.5975E-06    898.453
10261.00 0.42711443 5.2927E-23            5.3109E-23 4.6135E-08 9.3720E-09 4.8902E-08 1.1203E-08 9.5037E-08 2.57E-07 4.34E-06   0.851 0.6000 7.4726E-06    899.052
10271.00 0.42307302 5.0828E-23            5.0114E-23 4.7054E-08 9.3964E-09 4.9648E-08 1.1344E-08 9.6702E-08 2.60E-07 4.37E-06   0.860 0.6000 7.4992E-06    900.720
10281.00 0.46212313 4.7384E-23            5.2326E-23 5.5827E-08 1.0690E-08 5.9524E-08 1.3528E-08 1.1535E-07 3.10E-07 4.52E-06   0.772 0.6000 7.5867E-06    911.229
10291.00 0.48152158 4.3260E-23            5.2102E-23 6.5720E-08 1.1487E-08 7.0315E-08 1.5406E-08 1.3603E-07 3.53E-07 4.55E-06   0.731 0.6000 7.6000E-06    921.311
10301.00 0.48790732 4.1246E-23            5.0479E-23 6.7733E-08 1.1619E-08 7.2139E-08 1.5850E-08 1.3987E-07 3.64E-07 4.53E-06   0.718 0.6000 7.5360E-06    923.638
10311.00 0.47376424 4.0803E-23            4.6724E-23 6.0992E-08 1.1218E-08 6.4916E-08 1.4612E-08 1.2591E-07 3.35E-07 4.57E-06   0.747 0.6000 7.5858E-06    918.348
10321.00 0.46569163 3.9259E-23            4.3944E-23 5.7128E-08 1.0841E-08 6.0919E-08 1.3736E-08 1.1805E-07 3.15E-07 4.54E-06   0.764 0.6000 7.5612E-06    915.421
10331.00 0.47228745 3.5879E-23            4.2484E-23 6.5449E-08 1.1205E-08 6.9144E-08 1.4965E-08 1.3459E-07 3.43E-07 4.47E-06   0.750 0.6000 7.5159E-06    923.611
10341.00 0.35783771 3.7711E-23            3.0892E-23 3.3949E-08 7.7762E-09 3.4239E-08 8.1102E-09 6.8187E-08 1.86E-07 4.20E-06   1.028 0.6000 7.5583E-06    886.872
10351.00 0.34157267 3.7163E-23            2.7985E-23 2.6583E-08 7.0209E-09 2.6121E-08 6.5290E-09 5.2704E-08 1.50E-07 4.09E-06   1.074 0.6000 7.4168E-06    874.157
10361.00 0.34246913 3.5091E-23            2.6884E-23 2.6081E-08 7.2348E-09 2.5967E-08 6.7279E-09 5.2048E-08 1.54E-07 4.14E-06   1.072 0.6000 7.5170E-06    874.211
10371.00 0.31135610 3.1845E-23            2.3314E-23 2.8414E-08 6.7899E-09 2.8292E-08 6.6120E-09 5.6706E-08 1.52E-07 3.99E-06   1.167 0.6000 7.4998E-06    879.325
10381.00 0.35753286 3.1274E-23            2.5601E-23 3.4341E-08 7.7970E-09 3.4700E-08 7.9219E-09 6.9041E-08 1.82E-07 4.20E-06   1.029 0.6000 7.5039E-06    890.348
10391.00 0.26185611 3.0312E-23            1.7859E-23 1.8286E-08 5.2714E-09 1.5930E-08 3.8134E-09 3.4217E-08 8.75E-08 3.83E-06   1.340 0.6000 7.4884E-06    855.269
10401.00 0.32421553 2.9217E-23            2.1187E-23 2.7907E-08 7.0426E-09 2.6470E-08 6.2202E-09 5.4377E-08 1.43E-07 4.16E-06   1.126 0.6000 7.5955E-06    879.247
10411.00 0.29309335 2.7792E-23            1.8244E-23 2.1760E-08 5.9646E-09 2.0090E-08 4.7458E-09 4.1850E-08 1.09E-07 3.94E-06   1.227 0.6000 7.4817E-06    866.612
10421.00 0.21259405 2.5730E-23            1.2696E-23 1.1693E-08 4.1568E-09 8.8067E-09 2.3297E-09 2.0499E-08 5.35E-08 3.66E-06   1.548 0.6000 7.5892E-06    832.914
10431.00 0.26182920 2.4428E-23            1.4842E-23 1.8811E-08 5.4408E-09 1.6903E-08 4.0135E-09 3.5714E-08 9.21E-08 3.86E-06   1.340 0.6000 7.6090E-06    860.101
10441.00 0.32538006 2.3798E-23            1.7649E-23 2.6768E-08 6.8853E-09 2.5801E-08 5.9700E-09 5.2569E-08 1.37E-07 4.06E-06   1.123 0.6000 7.5062E-06    880.284
10451.00 0.21316271 2.2069E-23            1.1045E-23 1.3703E-08 4.2239E-09 1.1125E-08 2.5051E-09 2.4828E-08 5.75E-08 3.65E-06   1.546 0.6000 7.5160E-06    843.889
10461.00 0.21776977 2.1065E-23            1.0793E-23 1.4244E-08 4.3151E-09 1.1730E-08 2.6751E-09 2.5974E-08 6.14E-08 3.63E-06   1.524 0.6000 7.4884E-06    846.704
10471.00 0.23401751 2.0748E-23            1.1076E-23 1.2670E-08 4.3261E-09 9.9177E-09 2.3890E-09 2.2588E-08 5.48E-08 3.54E-06   1.452 0.6000 7.0966E-06    840.772
10481.00 0.25603417 1.9971E-23            1.1522E-23 1.5792E-08 5.0260E-09 1.3003E-08 3.0264E-09 2.8795E-08 6.94E-08 3.78E-06   1.362 0.6000 7.3966E-06    852.996
10491.00 0.22436875 1.8725E-23            9.7148E-24 1.2813E-08 4.4078E-09 9.9182E-09 2.4862E-09 2.2731E-08 5.70E-08 3.69E-06   1.494 0.6000 7.5336E-06    842.405
10501.00 0.14420688 1.6473E-23            5.9285E-24 6.0460E-09 2.6495E-09 3.1473E-09 7.8799E-10 9.1933E-09 1.81E-08 3.29E-06   1.937 0.6000 7.5876E-06    802.535
10511.00 0.30045906 1.8163E-23            1.1769E-23 1.9207E-08 6.0178E-09 1.6550E-08 3.8663E-09 3.5757E-08 8.87E-08 4.10E-06   1.202 0.6000 7.5650E-06    865.621
10521.00 0.18070292 1.4756E-23            6.8545E-24 1.0068E-08 3.5123E-09 7.7044E-09 1.7228E-09 1.7772E-08 3.95E-08 3.38E-06   1.711 0.6000 7.5614E-06    832.975
10531.00 0.19150776 1.4265E-23            6.8036E-24 1.1625E-08 3.8304E-09 9.1437E-09 2.0074E-09 2.0769E-08 4.61E-08 3.48E-06   1.653 0.6000 7.6148E-06    840.846
10541.00 0.21982086 1.4319E-23            7.5686E-24 1.2493E-08 4.2885E-09 9.7543E-09 2.2138E-09 2.2247E-08 5.08E-08 3.61E-06   1.515 0.6000 7.6042E-06    844.733
10551.00 0.19026682 1.3300E-23            6.2092E-24 1.0787E-08 3.7233E-09 8.0368E-09 1.7660E-09 1.8824E-08 4.05E-08 3.49E-06   1.659 0.6000 7.5920E-06    837.608
10561.00 0.19460790 1.3043E-23            6.0885E-24 1.0137E-08 3.7244E-09 7.1838E-09 1.6265E-09 1.7321E-08 3.73E-08 3.53E-06   1.637 0.6000 7.5532E-06    834.438
10571.00 0.15413103 1.1299E-23            4.5888E-24 7.4566E-09 2.8834E-09 4.8208E-09 9.9918E-10 1.2277E-08 2.29E-08 3.20E-06   1.870 0.6000 7.5396E-06    819.611
10581.00 0.21592945 1.2163E-23            6.1650E-24 1.2488E-08 4.1402E-09 9.4790E-09 1.9956E-09 2.1967E-08 4.58E-08 3.61E-06   1.533 0.6000 7.4809E-06    846.806
10591.00 0.14116345 9.8517E-24            3.8056E-24 7.5478E-09 2.6679E-09 5.3072E-09 1.0497E-09 1.2855E-08 2.41E-08 3.02E-06   1.958 0.6000 7.3912E-06    822.949
10601.00 0.18291949 1.0057E-23            4.7784E-24 1.0227E-08 3.4589E-09 7.8059E-09 1.5158E-09 1.8033E-08 3.48E-08 3.30E-06   1.699 0.6000 7.4831E-06    838.933
10611.00 0.21792252 1.0630E-23            5.3830E-24 1.1364E-08 4.0420E-09 8.2784E-09 1.7082E-09 1.9642E-08 3.92E-08 3.60E-06   1.524 0.6000 7.4735E-06    843.559
10621.00 0.23871364 1.0630E-23            5.6616E-24 1.2280E-08 4.2392E-09 9.3458E-09 1.9990E-09 2.1625E-08 4.59E-08 3.59E-06   1.432 0.6000 7.1416E-06    848.732
10631.00 0.23626380 1.0433E-23            5.3372E-24 1.1618E-08 4.3869E-09 7.9686E-09 2.0151E-09 1.9587E-08 4.62E-08 3.74E-06   1.443 0.6000 7.3919E-06    844.753
10641.00 0.31330425 1.0003E-23            6.7596E-24 2.2264E-08 6.4648E-09 1.9087E-08 4.2025E-09 4.1352E-08 9.64E-08 4.12E-06   1.161 0.6000 7.5446E-06    881.802
10651.00 0.19806860 8.2406E-24            4.1150E-24 1.1882E-08 3.8825E-09 9.2304E-09 1.8981E-09 2.1112E-08 4.36E-08 3.43E-06   1.619 0.6000 7.5639E-06    849.597
10661.00 0.11038031 7.1294E-24            2.1741E-24 4.2342E-09 1.9988E-09 1.7652E-09 3.5899E-10 5.9994E-09 8.24E-09 2.98E-06   2.204 0.6000 7.5933E-06    794.828
10671.00 0.10357349 6.7735E-24            1.9442E-24 3.9549E-09 1.9017E-09 1.5634E-09 3.3083E-10 5.5182E-09 7.59E-09 2.97E-06   2.267 0.6000 7.5846E-06    792.027
10681.00 0.11936029 6.5801E-24            2.1567E-24 4.6008E-09 2.1409E-09 2.0508E-09 4.1692E-10 6.6516E-09 9.57E-09 2.97E-06   2.126 0.6000 7.5010E-06    800.366
10691.00 0.14717226 6.3350E-24            2.5152E-24 6.7405E-09 2.7538E-09 3.9623E-09 7.5836E-10 1.0703E-08 1.74E-08 3.10E-06   1.916 0.6000 7.5250E-06    821.341
10701.00 0.07149949 4.9066E-24            1.1786E-24 3.0017E-09 1.4168E-09 1.0726E-09 2.0436E-10 4.0743E-09 4.69E-09 2.57E-06   2.638 0.6000 7.6028E-06    781.681
10711.00 0.10252029 5.7546E-24            1.5921E-24 4.3665E-09 1.9823E-09 1.6501E-09 3.4184E-10 6.0166E-09 7.84E-09 3.10E-06   2.278 0.6000 7.6107E-06    798.093
10721.00 0.12398046 5.7235E-24            1.8551E-24 5.7020E-09 2.4059E-09 2.6168E-09 5.2975E-10 8.3188E-09 1.22E-08 3.22E-06   2.088 0.6000 7.5927E-06    812.351
10731.00 0.15532553 5.4574E-24            2.2066E-24 7.9620E-09 3.1184E-09 4.6563E-09 1.0567E-09 1.2618E-08 2.42E-08 3.24E-06   1.862 0.6000 7.5570E-06    831.225
10741.00 0.22782435 5.8997E-24            3.0995E-24 1.4634E-08 4.8059E-09 1.0543E-08 2.3887E-09 2.5177E-08 5.48E-08 3.78E-06   1.479 0.6000 7.5987E-06    864.002
10751.00 0.25709245 5.8897E-24            3.3433E-24 1.7201E-08 5.5231E-09 1.3111E-08 3.1418E-09 3.0312E-08 7.21E-08 3.96E-06   1.358 0.6000 7.5686E-06    873.736
10761.00 0.31313753 5.8472E-24            3.8875E-24 2.4355E-08 6.9327E-09 2.0253E-08 4.8353E-09 4.4608E-08 1.11E-07 4.18E-06   1.161 0.6000 7.5094E-06    893.917
10771.00 0.32910061 5.4987E-24            3.8999E-24 2.7682E-08 7.4085E-09 2.4262E-08 5.5293E-09 5.1943E-08 1.27E-07 4.26E-06   1.111 0.6000 7.6113E-06    902.536
10781.00 0.41132784 5.0603E-24            4.6478E-24 4.5380E-08 9.7452E-09 4.2884E-08 9.1055E-09 8.8264E-08 2.09E-07 4.49E-06   0.888 0.6000 7.6222E-06    932.000
10791.00 0.46266538 4.6329E-24            5.0089E-24 6.1242E-08 1.1303E-08 5.8417E-08 1.1936E-08 1.1966E-07 2.74E-07 4.52E-06   0.771 0.6000 7.4710E-06    950.078
10801.00 0.46073017 4.4317E-24            4.7564E-24 5.8018E-08 1.0934E-08 5.5445E-08 1.1549E-08 1.1346E-07 2.65E-07 4.38E-06   0.775 0.6000 7.2822E-06    947.713
10811.00 0.44303945 4.2570E-24            4.3721E-24 5.6655E-08 1.0732E-08 5.3671E-08 1.1241E-08 1.1033E-07 2.58E-07 4.42E-06   0.814 0.6000 7.4552E-06    946.811
10821.00 0.43308252 4.1483E-24            4.0779E-24 5.0822E-08 1.0241E-08 4.7998E-08 1.0226E-08 9.8820E-08 2.35E-07 4.39E-06   0.837 0.6000 7.3925E-06    941.218
10831.00 0.46540263 3.8188E-24            4.1833E-24 6.0993E-08 1.0970E-08 5.7797E-08 1.1918E-08 1.1879E-07 2.73E-07 4.28E-06   0.765 0.6000 7.1062E-06    952.527
10841.00 0.47895429 3.5213E-24            4.1171E-24 7.4389E-08 1.2113E-08 7.0020E-08 1.4015E-08 1.4441E-07 3.22E-07 4.43E-06   0.736 0.6000 7.3512E-06    964.760
10851.00 0.44983757 3.5214E-24            3.6871E-24 5.9234E-08 1.0949E-08 5.5513E-08 1.1640E-08 1.1475E-07 2.67E-07 4.35E-06   0.799 0.6000 7.3041E-06    951.949
10861.00 0.49288443 3.2154E-24            3.8568E-24 7.7567E-08 1.2664E-08 7.3063E-08 1.4567E-08 1.5063E-07 3.34E-07 4.55E-06   0.707 0.6000 7.4621E-06    968.736
10871.00 0.44428873 3.0902E-24            3.3271E-24 6.8860E-08 1.1556E-08 6.4164E-08 1.2905E-08 1.3302E-07 2.96E-07 4.46E-06   0.811 0.6000 7.5693E-06    962.049
10881.00 0.44795132 3.0266E-24            3.2016E-24 6.3774E-08 1.1433E-08 5.9518E-08 1.2092E-08 1.2329E-07 2.77E-07 4.51E-06   0.803 0.6000 7.6132E-06    958.294
10891.00 0.38089776 2.9828E-24            2.6035E-24 4.3790E-08 9.1073E-09 4.0012E-08 8.2769E-09 8.3802E-08 1.90E-07 4.28E-06   0.965 0.6000 7.5649E-06    936.875
10901.00 0.36898249 2.8872E-24            2.3949E-24 4.0359E-08 8.5740E-09 3.6262E-08 7.4055E-09 7.6622E-08 1.70E-07 4.23E-06   0.997 0.6000 7.5041E-06    932.587
10911.00 0.42499498 2.6893E-24            2.6454E-24 5.6388E-08 1.0548E-08 5.1880E-08 1.0434E-08 1.0827E-07 2.39E-07 4.45E-06   0.856 0.6000 7.5967E-06    952.875
10921.00 0.32473835 2.5983E-24            1.9288E-24 3.3323E-08 7.5928E-09 2.9172E-08 6.1214E-09 6.2494E-08 1.40E-07 4.10E-06   1.125 0.6000 7.6235E-06    922.813
10931.00 0.43183878 2.4902E-24            2.4446E-24 5.2318E-08 1.0485E-08 4.8508E-08 9.9672E-09 1.0083E-07 2.29E-07 4.46E-06   0.840 0.6000 7.5345E-06    950.197
10941.00 0.35522699 2.3530E-24            1.9293E-24 4.1060E-08 8.5914E-09 3.6470E-08 7.5211E-09 7.7530E-08 1.73E-07 4.21E-06   1.035 0.6000 7.6639E-06    936.053
10951.00 0.35053375 2.3076E-24            1.8061E-24 3.8111E-08 8.3904E-09 3.3401E-08 6.9849E-09 7.1512E-08 1.60E-07 4.27E-06   1.048 0.6000 7.7036E-06    932.278
10961.00 0.41194844 2.1005E-24            2.0369E-24 5.6852E-08 1.0281E-08 5.1582E-08 1.0082E-08 1.0843E-07 2.31E-07 4.34E-06   0.887 0.6000 7.5273E-06    956.534
10971.00 0.42804289 2.0093E-24            2.0177E-24 6.0226E-08 1.0689E-08 5.4927E-08 1.0788E-08 1.1515E-07 2.48E-07 4.35E-06   0.849 0.6000 7.4388E-06    960.751
10981.00 0.37922636 1.9727E-24            1.7065E-24 4.8712E-08 9.3918E-09 4.2945E-08 8.6645E-09 9.1656E-08 1.99E-07 4.27E-06   0.970 0.6000 7.5628E-06    948.297
10991.00 0.38923687 1.9005E-24            1.6721E-24 4.6006E-08 9.3766E-09 4.0824E-08 8.4443E-09 8.6830E-08 1.94E-07 4.23E-06   0.944 0.6000 7.4267E-06    945.934
11001.00 0.38475636 1.7612E-24            1.5786E-24 4.7616E-08 9.3151E-09 4.2396E-08 8.4808E-09 9.0012E-08 1.95E-07 4.13E-06   0.955 0.6000 7.3350E-06    948.682
11011.00 0.38345256 1.6681E-24            1.5020E-24 5.3307E-08 9.5953E-09 4.7200E-08 9.1465E-09 1.0051E-07 2.10E-07 4.19E-06   0.959 0.6000 7.4859E-06    955.706
11021.00 0.38815472 1.6020E-24            1.4521E-24 5.0551E-08 9.6885E-09 4.4589E-08 8.6216E-09 9.5141E-08 1.98E-07 4.29E-06   0.946 0.6000 7.6420E-06    953.261
11031.00 0.42855072 1.5445E-24            1.5302E-24 5.9370E-08 1.0809E-08 5.3100E-08 1.0468E-08 1.1247E-07 2.40E-07 4.37E-06   0.847 0.6000 7.4670E-06    963.663
11041.00 0.47624707 1.3950E-24            1.6250E-24 8.1565E-08 1.2857E-08 7.3596E-08 1.3837E-08 1.5516E-07 3.17E-07 4.59E-06   0.742 0.6000 7.6479E-06    983.591
11051.00 0.48102799 1.3490E-24            1.5672E-24 8.1742E-08 1.3072E-08 7.3411E-08 1.4102E-08 1.5515E-07 3.24E-07 4.65E-06   0.732 0.6000 7.6989E-06    984.313
11061.00 0.49111849 1.2761E-24            1.5268E-24 8.6957E-08 1.3454E-08 7.7741E-08 1.4719E-08 1.6470E-07 3.38E-07 4.67E-06   0.711 0.6000 7.6847E-06    988.692
11071.00 0.43982357 1.2551E-24            1.3090E-24 6.5804E-08 1.1472E-08 5.8666E-08 1.1306E-08 1.2447E-07 2.59E-07 4.46E-06   0.821 0.6000 7.6118E-06    972.502
11081.00 0.39086941 1.2038E-24            1.1084E-24 5.1352E-08 9.5669E-09 4.5141E-08 8.5105E-09 9.6493E-08 1.95E-07 4.15E-06   0.939 0.6000 7.3949E-06    958.326
11091.00 0.39730152 1.1686E-24            1.0760E-24 4.9644E-08 9.3801E-09 4.3391E-08 8.4022E-09 9.3035E-08 1.93E-07 4.02E-06   0.923 0.6000 7.0888E-06    956.936
11101.00 0.36658478 1.1358E-24            9.4880E-25 4.3512E-08 8.9094E-09 3.7362E-08 7.4697E-09 8.0874E-08 1.71E-07 4.12E-06   1.004 0.6000 7.4018E-06    949.667
11111.00 0.41374159 1.0205E-24            1.0207E-24 6.3867E-08 1.0664E-08 5.5921E-08 1.0242E-08 1.1979E-07 2.35E-07 4.25E-06   0.883 0.6000 7.4567E-06    973.095
11121.00 0.30238685 1.0185E-24            7.1319E-25 3.5459E-08 7.3399E-09 2.8911E-08 5.6011E-09 6.4370E-08 1.29E-07 4.00E-06   1.196 0.6000 7.6365E-06    938.342
11131.00 0.41450864 9.4147E-25            9.3195E-25 6.5104E-08 1.0994E-08 5.6632E-08 1.0573E-08 1.2174E-07 2.43E-07 4.38E-06   0.881 0.6000 7.6345E-06    975.484
11141.00 0.40083787 9.4752E-25            8.6178E-25 5.4759E-08 1.0387E-08 4.6923E-08 9.3564E-09 1.0168E-07 2.15E-07 4.37E-06   0.914 0.6000 7.5875E-06    965.615
11151.00 0.39247108 9.0510E-25            8.0554E-25 5.4651E-08 1.0227E-08 4.6242E-08 9.1841E-09 1.0089E-07 2.11E-07 4.34E-06   0.935 0.6000 7.5845E-06    965.871
11161.00 0.43731314 8.4756E-25            8.5703E-25 6.8103E-08 1.1898E-08 5.8976E-08 1.1482E-08 1.2708E-07 2.63E-07 4.56E-06   0.827 0.6000 7.7213E-06    980.196
11171.00 0.45431989 8.1065E-25            8.4920E-25 7.0168E-08 1.2167E-08 6.0874E-08 1.2044E-08 1.3104E-07 2.76E-07 4.51E-06   0.789 0.6000 7.5224E-06    982.755
11181.00 0.49165660 7.3787E-25            8.7789E-25 8.9950E-08 1.3641E-08 7.8117E-08 1.4592E-08 1.6807E-07 3.35E-07 4.61E-06   0.710 0.6000 7.5350E-06    998.666
11191.00 0.49755868 6.9658E-25            8.4918E-25 9.3802E-08 1.3946E-08 8.1462E-08 1.4911E-08 1.7526E-07 3.42E-07 4.67E-06   0.698 0.6000 7.6181E-06   1002.000
11201.00 0.51933289 6.4321E-25            8.4533E-25 1.0565E-07 1.4536E-08 9.1036E-08 1.6252E-08 1.9668E-07 3.73E-07 4.60E-06   0.655 0.6000 7.4492E-06   1009.975
11211.00 0.52761310 6.0493E-25            8.2054E-25 1.1277E-07 1.5154E-08 9.7009E-08 1.7145E-08 2.0977E-07 3.93E-07 4.71E-06   0.639 0.6000 7.6049E-06   1014.804
11221.00 0.53609532 5.6935E-25            7.9610E-25 1.2114E-07 1.5711E-08 1.0341E-07 1.8131E-08 2.2455E-07 4.16E-07 4.75E-06   0.623 0.6000 7.6441E-06   1019.906
11231.00 0.53439724 5.4475E-25            7.5779E-25 1.2080E-07 1.5737E-08 1.0308E-07 1.8047E-08 2.2388E-07 4.14E-07 4.78E-06   0.627 0.6000 7.6983E-06   1020.448
11241.00 0.53639811 5.1817E-25            7.2611E-25 1.2196E-07 1.5711E-08 1.0366E-07 1.8068E-08 2.2562E-07 4.15E-07 4.73E-06   0.623 0.6000 7.6234E-06   1021.684
11251.00 0.53734916 4.9369E-25            6.9473E-25 1.2426E-07 1.5855E-08 1.0512E-07 1.8290E-08 2.2938E-07 4.20E-07 4.75E-06   0.621 0.6000 7.6427E-06   1023.489
11261.00 0.53153962 4.7645E-25            6.5596E-25 1.1882E-07 1.5463E-08 1.0060E-07 1.7545E-08 2.1942E-07 4.03E-07 4.70E-06   0.632 0.6000 7.5795E-06   1021.359
11271.00 0.53672582 4.5075E-25            6.3258E-25 1.2115E-07 1.5454E-08 1.0213E-07 1.7690E-08 2.2328E-07 4.06E-07 4.62E-06   0.622 0.6000 7.4414E-06   1023.220
11281.00 0.53303975 4.3325E-25            5.9987E-25 1.1431E-07 1.4776E-08 9.6363E-08 1.6705E-08 2.1067E-07 3.83E-07 4.46E-06   0.629 0.6000 7.1947E-06   1020.216
11291.00 0.53267765 4.1410E-25            5.7221E-25 1.2125E-07 1.5645E-08 1.0197E-07 1.7622E-08 2.2322E-07 4.04E-07 4.72E-06   0.630 0.6000 7.6089E-06   1024.676
11301.00 0.53720909 3.9207E-25            5.5107E-25 1.2616E-07 1.5928E-08 1.0546E-07 1.8126E-08 2.3161E-07 4.16E-07 4.73E-06   0.621 0.6000 7.6142E-06   1027.803
11311.00 0.53637940 3.7488E-25            5.2539E-25 1.2409E-07 1.5692E-08 1.0357E-07 1.7762E-08 2.2766E-07 4.08E-07 4.66E-06   0.623 0.6000 7.5111E-06   1027.422
11321.00 0.53537261 3.5874E-25            5.0065E-25 1.2518E-07 1.5863E-08 1.0429E-07 1.7859E-08 2.2947E-07 4.10E-07 4.72E-06   0.625 0.6000 7.6030E-06   1028.673
11331.00 0.53500301 3.4271E-25            4.7775E-25 1.2268E-07 1.5541E-08 1.0201E-07 1.7439E-08 2.2469E-07 4.00E-07 4.62E-06   0.625 0.6000 7.4450E-06   1028.044
11341.00 0.53473681 3.2742E-25            4.5588E-25 1.2512E-07 1.5821E-08 1.0378E-07 1.7704E-08 2.2890E-07 4.06E-07 4.70E-06   0.626 0.6000 7.5703E-06   1029.985
11351.00 0.53503674 3.1242E-25            4.3552E-25 1.1908E-07 1.4997E-08 9.8492E-08 1.6754E-08 2.1757E-07 3.84E-07 4.44E-06   0.625 0.6000 7.1571E-06   1027.429
11361.00 0.53474092 2.9847E-25            4.1559E-25 1.2623E-07 1.5872E-08 1.0416E-07 1.7675E-08 2.3039E-07 4.06E-07 4.70E-06   0.626 0.6000 7.5666E-06   1031.878
11371.00 0.53543979 2.8457E-25            3.9734E-25 1.2593E-07 1.5731E-08 1.0354E-07 1.7522E-08 2.2947E-07 4.02E-07 4.64E-06   0.625 0.6000 7.4662E-06   1032.353
11381.00 0.53428829 2.7232E-25            3.7856E-25 1.2822E-07 1.6073E-08 1.0531E-07 1.7789E-08 2.3353E-07 4.08E-07 4.75E-06   0.627 0.6000 7.6453E-06   1034.234
11391.00 0.53451741 2.5988E-25            3.6159E-25 1.2802E-07 1.5981E-08 1.0483E-07 1.7668E-08 2.3285E-07 4.05E-07 4.71E-06   0.626 0.6000 7.5803E-06   1034.781
11401.00 0.53426850 2.4825E-25            3.4508E-25 1.2868E-07 1.6037E-08 1.0511E-07 1.7676E-08 2.3380E-07 4.06E-07 4.72E-06   0.627 0.6000 7.5997E-06   1035.782
11411.00 0.53369260 2.3729E-25            3.2912E-25 1.2810E-07 1.5969E-08 1.0445E-07 1.7528E-08 2.3255E-07 4.02E-07 4.70E-06   0.628 0.6000 7.5687E-06   1036.168
11421.00 0.53362930 2.2658E-25            3.1420E-25 1.2480E-07 1.5518E-08 1.0149E-07 1.6993E-08 2.2629E-07 3.90E-07 4.56E-06   0.628 0.6000 7.3425E-06   1035.122
11431.00 0.53322196 2.1650E-25            2.9976E-25 1.2695E-07 1.5774E-08 1.0302E-07 1.7212E-08 2.2996E-07 3.95E-07 4.63E-06   0.629 0.6000 7.4607E-06   1036.909
11441.00 0.53277934 2.0689E-25            2.8597E-25 1.2776E-07 1.5866E-08 1.0346E-07 1.7249E-08 2.3122E-07 3.96E-07 4.65E-06   0.630 0.6000 7.5024E-06   1038.001
11451.00 0.53257447 1.9760E-25            2.7293E-25 1.2919E-07 1.6015E-08 1.0436E-07 1.7361E-08 2.3355E-07 3.98E-07 4.69E-06   0.630 0.6000 7.5639E-06   1039.395
11461.00 0.53222978 1.8879E-25            2.6041E-25 1.3086E-07 1.6205E-08 1.0548E-07 1.7509E-08 2.3634E-07 4.02E-07 4.74E-06   0.631 0.6000 7.6494E-06   1040.910
11471.00 0.53181857 1.8039E-25            2.4844E-25 1.2881E-07 1.5941E-08 1.0361E-07 1.7162E-08 2.3242E-07 3.94E-07 4.66E-06   0.631 0.6000 7.5218E-06   1040.547
11481.00 0.53129929 1.7241E-25            2.3697E-25 1.2958E-07 1.6035E-08 1.0402E-07 1.7193E-08 2.3359E-07 3.94E-07 4.69E-06   0.632 0.6000 7.5664E-06   1041.612
11491.00 0.53098994 1.6470E-25            2.2612E-25 1.2971E-07 1.6031E-08 1.0388E-07 1.7134E-08 2.3359E-07 3.93E-07 4.68E-06   0.633 0.6000 7.5587E-06   1042.348
11501.00 0.53058255 1.5737E-25            2.1573E-25 1.2670E-07 1.5649E-08 1.0127E-07 1.6667E-08 2.2797E-07 3.82E-07 4.57E-06   0.634 0.6000 7.3764E-06   1041.483
11511.00 0.53017116 1.5037E-25            2.0581E-25 1.2604E-07 1.5557E-08 1.0052E-07 1.6508E-08 2.2656E-07 3.79E-07 4.54E-06   0.635 0.6000 7.3299E-06   1041.812
11521.00 0.52970535 1.4370E-25            1.9632E-25 1.2658E-07 1.5618E-08 1.0074E-07 1.6510E-08 2.2732E-07 3.79E-07 4.56E-06   0.635 0.6000 7.3570E-06   1042.766
11531.00 0.52928472 1.3731E-25            1.8729E-25 1.2196E-07 1.5039E-08 9.6864E-08 1.5842E-08 2.1882E-07 3.63E-07 4.39E-06   0.636 0.6000 7.0826E-06   1041.005
11541.00 0.52889282 1.3119E-25            1.7868E-25 9.7096E-08 1.1966E-08 7.6957E-08 1.2559E-08 1.7405E-07 2.88E-07 3.49E-06   0.637 0.6000 5.6333E-06   1026.991
11551.00 0.52838439 1.2538E-25            1.7043E-25 1.2348E-07 1.5215E-08 9.7665E-08 1.5905E-08 2.2114E-07 3.65E-07 4.43E-06   0.638 0.6000 7.1627E-06   1043.161
11561.00 0.52792984 1.1981E-25            1.6258E-25 1.2979E-07 1.5985E-08 1.0244E-07 1.6647E-08 2.3223E-07 3.82E-07 4.66E-06   0.639 0.6000 7.5239E-06   1047.109
11571.00 0.52756697 1.1447E-25            1.5512E-25 1.3236E-07 1.6285E-08 1.0424E-07 1.6902E-08 2.3660E-07 3.88E-07 4.74E-06   0.639 0.6000 7.6619E-06   1049.074
11581.00 0.52704805 1.0939E-25            1.4795E-25 1.3147E-07 1.6177E-08 1.0335E-07 1.6723E-08 2.3482E-07 3.84E-07 4.71E-06   0.640 0.6000 7.6124E-06   1049.310
11591.00 0.52616489 1.0462E-25            1.4102E-25 1.3106E-07 1.6159E-08 1.0287E-07 1.6614E-08 2.3393E-07 3.81E-07 4.71E-06   0.642 0.6000 7.6150E-06   1049.795
11601.00 0.52612573 9.9893E-26            1.3462E-25 1.2950E-07 1.5923E-08 1.0138E-07 1.6335E-08 2.3089E-07 3.75E-07 4.63E-06   0.642 0.6000 7.4906E-06   1049.663
11611.00 0.52511102 9.5559E-26            1.2829E-25 1.2873E-07 1.5871E-08 1.0064E-07 1.6184E-08 2.2937E-07 3.71E-07 4.62E-06   0.644 0.6000 7.4800E-06   1049.964
11621.00 0.52501744 9.1223E-26            1.2245E-25 1.3050E-07 1.6049E-08 1.0176E-07 1.6326E-08 2.3226E-07 3.75E-07 4.66E-06   0.644 0.6000 7.5536E-06   1051.524
11631.00 0.52398914 8.7247E-26            1.1669E-25 1.2896E-07 1.5903E-08 1.0042E-07 1.6082E-08 2.2938E-07 3.69E-07 4.63E-06   0.646 0.6000 7.5002E-06   1051.433
11641.00 0.52303058 8.3447E-26            1.1119E-25 1.2820E-07 1.5850E-08 9.9708E-08 1.5937E-08 2.2791E-07 3.66E-07 4.62E-06   0.648 0.6000 7.4886E-06   1051.741
11651.00 0.52320147 7.9639E-26            1.0620E-25 1.2901E-07 1.5888E-08 1.0006E-07 1.5952E-08 2.2907E-07 3.66E-07 4.62E-06   0.648 0.6000 7.4886E-06   1052.811
11661.00 0.52022266 7.6446E-26            1.0082E-25 1.2838E-07 1.6025E-08 9.9685E-08 1.5880E-08 2.2807E-07 3.64E-07 4.70E-06   0.653 0.6000 7.6222E-06   1053.254
11671.00 0.52188259 7.2768E-26            9.6551E-26 1.3118E-07 1.6176E-08 1.0137E-07 1.6095E-08 2.3255E-07 3.69E-07 4.71E-06   0.650 0.6000 7.6343E-06   1055.277
11681.00 0.52022499 6.9674E-26            9.1895E-26 1.2770E-07 1.5844E-08 9.8629E-08 1.5641E-08 2.2632E-07 3.59E-07 4.63E-06   0.653 0.6000 7.5086E-06   1054.212
11691.00 0.51911527 6.6662E-26            8.7539E-26 1.2305E-07 1.5317E-08 9.4918E-08 1.5033E-08 2.1796E-07 3.45E-07 4.48E-06   0.656 0.6000 7.2750E-06   1052.461
11701.00 0.51793778 6.3766E-26            8.3394E-26 9.1949E-08 1.1459E-08 7.0789E-08 1.1194E-08 1.6274E-07 2.57E-07 3.35E-06   0.658 0.6000 5.4498E-06   1034.286
11711.00 0.51596963 6.1089E-26            7.9305E-26 1.0840E-07 1.3613E-08 8.3438E-08 1.3167E-08 1.9183E-07 3.02E-07 4.00E-06   0.662 0.6000 6.5087E-06   1045.571
11721.00 0.51822436 5.8094E-26            7.6048E-26 1.2600E-07 1.5626E-08 9.6560E-08 1.5178E-08 2.2256E-07 3.48E-07 4.56E-06   0.657 0.6000 7.4074E-06   1056.031
11731.00 0.51549488 5.5720E-26            7.2226E-26 1.2561E-07 1.5751E-08 9.6288E-08 1.5134E-08 2.2190E-07 3.47E-07 4.63E-06   0.663 0.6000 7.5244E-06   1056.568
11741.00 0.51230413 5.3474E-26            6.8528E-26 1.1921E-07 1.5143E-08 9.1410E-08 1.4374E-08 2.1062E-07 3.30E-07 4.48E-06   0.669 0.6000 7.3045E-06   1053.858
11751.00 0.51432657 5.0891E-26            6.5672E-26 1.2633E-07 1.5822E-08 9.6389E-08 1.5092E-08 2.2272E-07 3.46E-07 4.64E-06   0.665 0.6000 7.5574E-06   1058.275
11761.00 0.51577812 4.8485E-26            6.2880E-26 1.1364E-07 1.4113E-08 8.6422E-08 1.3475E-08 2.0007E-07 3.09E-07 4.12E-06   0.662 0.6000 6.6941E-06   1051.944
11771.00 0.51503354 4.6339E-26            5.9946E-26 1.2162E-07 1.5118E-08 9.2323E-08 1.4363E-08 2.1394E-07 3.30E-07 4.41E-06   0.664 0.6000 7.1784E-06   1057.078
11781.00 0.51437753 4.4290E-26            5.7157E-26 1.2909E-07 1.6053E-08 9.7801E-08 1.5203E-08 2.2689E-07 3.49E-07 4.69E-06   0.665 0.6000 7.6220E-06   1061.702
11791.00 0.51317674 4.2378E-26            5.4440E-26 1.2815E-07 1.5999E-08 9.6988E-08 1.5032E-08 2.2514E-07 3.45E-07 4.68E-06   0.667 0.6000 7.6178E-06   1061.917
11801.00 0.51628196 4.0256E-26            5.2288E-26 1.2944E-07 1.5855E-08 9.7362E-08 1.5027E-08 2.2680E-07 3.45E-07 4.58E-06   0.661 0.6000 7.4468E-06   1063.138
11811.00 0.51420218 3.8565E-26            4.9724E-26 1.2820E-07 1.5824E-08 9.6377E-08 1.4867E-08 2.2458E-07 3.41E-07 4.60E-06   0.665 0.6000 7.4721E-06   1063.214
11821.00 0.51291919 3.6903E-26            4.7344E-26 1.2952E-07 1.6043E-08 9.7237E-08 1.4980E-08 2.2675E-07 3.44E-07 4.67E-06   0.668 0.6000 7.5939E-06   1064.587
11831.00 0.51269656 3.5247E-26            4.5184E-26 1.2928E-07 1.6019E-08 9.6941E-08 1.4882E-08 2.2622E-07 3.41E-07 4.66E-06   0.668 0.6000 7.5796E-06   1065.163
11841.00 0.50872189 3.3874E-26            4.2805E-26 1.2421E-07 1.5660E-08 9.3252E-08 1.4348E-08 2.1747E-07 3.29E-07 4.60E-06   0.676 0.6000 7.4967E-06   1063.267
11851.00 0.50378764 3.2583E-26            4.0464E-26 1.1854E-07 1.5232E-08 8.9070E-08 1.3704E-08 2.0761E-07 3.14E-07 4.54E-06   0.686 0.6000 7.4088E-06   1060.927
11861.00 0.50725144 3.0944E-26            3.8893E-26 1.2466E-07 1.5738E-08 9.3232E-08 1.4253E-08 2.1789E-07 3.27E-07 4.64E-06   0.679 0.6000 7.5539E-06   1064.857
11871.00 0.50782394 2.9304E-26            3.7184E-26 1.2551E-07 1.5717E-08 9.3433E-08 1.4281E-08 2.1894E-07 3.28E-07 4.60E-06   0.678 0.6000 7.4948E-06   1065.905
11881.00 0.49970406 2.8169E-26            3.4924E-26 1.1902E-07 1.5448E-08 8.8909E-08 1.3662E-08 2.0793E-07 3.13E-07 4.63E-06   0.694 0.6000 7.5634E-06   1063.211
11891.00 0.49493396 2.7058E-26            3.3022E-26 1.1619E-07 1.5348E-08 8.6752E-08 1.3327E-08 2.0294E-07 3.06E-07 4.66E-06   0.703 0.6000 7.6272E-06   1062.337
11901.00 0.50044686 2.5700E-26            3.1879E-26 1.2039E-07 1.5560E-08 8.9555E-08 1.3672E-08 2.0995E-07 3.14E-07 4.64E-06   0.692 0.6000 7.5712E-06   1065.308
11911.00 0.49991721 2.4545E-26            3.0396E-26 1.2024E-07 1.5484E-08 8.9146E-08 1.3562E-08 2.0939E-07 3.11E-07 4.61E-06   0.693 0.6000 7.5362E-06   1065.859
11921.00 0.49141312 2.3672E-26            2.8533E-26 1.0885E-07 1.4580E-08 8.1023E-08 1.2324E-08 1.8987E-07 2.83E-07 4.47E-06   0.710 0.6000 7.3140E-06   1060.136
11931.00 0.49002925 2.2629E-26            2.7169E-26 1.1408E-07 1.5151E-08 8.4392E-08 1.2881E-08 1.9847E-07 2.96E-07 4.62E-06   0.713 0.6000 7.5712E-06   1063.773
11941.00 0.48321790 2.1790E-26            2.5560E-26 1.0972E-07 1.4967E-08 8.1183E-08 1.2464E-08 1.9090E-07 2.86E-07 4.64E-06   0.727 0.6000 7.6217E-06   1061.939
11951.00 0.48384401 2.0769E-26            2.4444E-26 1.1104E-07 1.4889E-08 8.1576E-08 1.2516E-08 1.9261E-07 2.87E-07 4.58E-06   0.726 0.6000 7.5194E-06   1063.250
11961.00 0.47155821 2.0138E-26            2.2743E-26 1.0308E-07 1.4530E-08 7.5642E-08 1.1850E-08 1.7872E-07 2.72E-07 4.59E-06   0.752 0.6000 7.5871E-06   1059.075
11971.00 0.47548044 1.9101E-26            2.1883E-26 1.0597E-07 1.4632E-08 7.7731E-08 1.1929E-08 1.8370E-07 2.74E-07 4.59E-06   0.743 0.6000 7.5688E-06   1061.590
11981.00 0.47961134 1.8143E-26            2.1087E-26 1.0758E-07 1.4546E-08 7.8650E-08 1.1926E-08 1.8623E-07 2.74E-07 4.51E-06   0.735 0.6000 7.4366E-06   1063.210
11991.00 0.45251209 1.7812E-26            1.8988E-26 9.0914E-08 1.3490E-08 6.6136E-08 1.0385E-08 1.5705E-07 2.38E-07 4.47E-06   0.793 0.6000 7.4512E-06   1052.868
12001.00 0.45219222 1.6947E-26            1.8103E-26 8.7890E-08 1.3259E-08 6.4369E-08 1.0072E-08 1.5226E-07 2.31E-07 4.41E-06   0.794 0.6000 7.3525E-06   1051.597
12011.00 0.44763538 1.5611E-26            1.7138E-26 9.7282E-08 1.3577E-08 7.0546E-08 1.0683E-08 1.6783E-07 2.45E-07 4.41E-06   0.804 0.6000 7.4651E-06   1058.589
12021.00 0.42736289 1.5500E-26            1.5585E-26 8.1909E-08 1.2857E-08 5.9024E-08 9.4392E-09 1.4093E-07 2.17E-07 4.43E-06   0.850 0.6000 7.5463E-06   1048.097
12031.00 0.45827428 1.4635E-26            1.5975E-26 9.5193E-08 1.3740E-08 6.9044E-08 1.0574E-08 1.6424E-07 2.43E-07 4.44E-06   0.780 0.6000 7.4160E-06   1058.625
12041.00 0.43653965 1.4059E-26            1.4516E-26 8.8843E-08 1.3187E-08 6.3566E-08 9.8747E-09 1.5241E-07 2.27E-07 4.42E-06   0.829 0.6000 7.5039E-06   1054.525
12051.00 0.43328166 1.3074E-26            1.3766E-26 8.9268E-08 1.3075E-08 6.4114E-08 9.7135E-09 1.5338E-07 2.23E-07 4.42E-06   0.836 0.6000 7.5169E-06   1055.649
12061.00 0.41522616 1.0925E-26            1.2583E-26 8.2897E-08 1.2547E-08 5.8843E-08 9.0072E-09 1.4174E-07 2.07E-07 4.40E-06   0.879 0.6000 7.5939E-06   1051.313
12071.00 0.42005125 1.0173E-26            1.2167E-26 8.4748E-08 1.2810E-08 6.0362E-08 9.1854E-09 1.4511E-07 2.11E-07 4.43E-06   0.867 0.6000 7.6428E-06   1053.526
12081.00 0.39580205 9.5701E-27            1.0934E-26 7.0233E-08 1.1715E-08 4.9756E-08 7.8125E-09 1.1999E-07 1.79E-07 4.34E-06   0.927 0.6000 7.6030E-06   1042.223
12091.00 0.46594760 9.6874E-27            1.2281E-26 1.0649E-07 1.4581E-08 7.6092E-08 1.1331E-08 1.8258E-07 2.60E-07 4.57E-06   0.764 0.6000 7.6166E-06   1069.857
12101.00 0.44012871 9.1019E-27            1.1094E-26 9.1480E-08 1.3487E-08 6.5200E-08 9.8803E-09 1.5668E-07 2.27E-07 4.49E-06   0.821 0.6000 7.6091E-06   1060.601
12111.00 0.43735310 8.6544E-27            1.0500E-26 9.1383E-08 1.3366E-08 6.4797E-08 9.8000E-09 1.5618E-07 2.25E-07 4.44E-06   0.827 0.6000 7.5626E-06   1061.111
12121.00 0.47016710 8.4825E-27            1.0796E-26 1.0861E-07 1.4566E-08 7.7049E-08 1.1287E-08 1.8566E-07 2.59E-07 4.51E-06   0.755 0.6000 7.4981E-06   1073.124
12131.00 0.43868628 8.0084E-27            9.6076E-27 8.7864E-08 1.3271E-08 6.2156E-08 9.4272E-09 1.5002E-07 2.16E-07 4.46E-06   0.824 0.6000 7.5446E-06   1059.946
12141.00 0.37424111 7.1710E-27            7.8532E-27 6.2108E-08 1.0857E-08 4.2861E-08 6.7941E-09 1.0497E-07 1.56E-07 4.20E-06   0.983 0.6000 7.4416E-06   1038.151
12151.00 0.28010917 5.8741E-27            5.5762E-27 3.5747E-08 7.7137E-09 2.3167E-08 3.8084E-09 5.8914E-08 8.74E-08 3.83E-06   1.273 0.6000 7.5107E-06   1004.381
12161.00 0.42355838 6.8177E-27            8.0623E-27 8.2929E-08 1.2534E-08 5.8214E-08 8.7189E-09 1.4114E-07 2.00E-07 4.30E-06   0.859 0.6000 7.3702E-06   1058.171
12171.00 0.45210761 6.6872E-27            8.2249E-27 9.4659E-08 1.3653E-08 6.7037E-08 9.9514E-09 1.6170E-07 2.28E-07 4.40E-06   0.794 0.6000 7.4020E-06   1067.660
12181.00 0.47352871 6.4859E-27            8.2188E-27 1.0927E-07 1.4688E-08 7.6868E-08 1.1235E-08 1.8614E-07 2.58E-07 4.48E-06   0.748 0.6000 7.4299E-06   1077.624
12191.00 0.40551737 5.8484E-27            6.7347E-27 7.5895E-08 1.1889E-08 5.2654E-08 7.9965E-09 1.2855E-07 1.83E-07 4.22E-06   0.903 0.6000 7.3655E-06   1054.351
12201.00 0.40140927 5.4989E-27            6.3530E-27 7.5253E-08 1.1632E-08 5.2161E-08 7.6493E-09 1.2741E-07 1.76E-07 4.14E-06   0.913 0.6000 7.2879E-06   1054.498
12211.00 0.39931706 5.2754E-27            6.0299E-27 7.3818E-08 1.1748E-08 5.1145E-08 7.5632E-09 1.2496E-07 1.74E-07 4.23E-06   0.918 0.6000 7.4288E-06   1053.977
12221.00 0.36205491 4.8532E-27            5.2329E-27 6.0262E-08 1.0368E-08 4.0959E-08 6.1925E-09 1.0122E-07 1.42E-07 4.10E-06   1.016 0.6000 7.4096E-06   1041.521
12231.00 0.39414755 4.7817E-27            5.4206E-27 7.6094E-08 1.1985E-08 5.2470E-08 7.7993E-09 1.2856E-07 1.79E-07 4.32E-06   0.931 0.6000 7.6019E-06   1057.193
12241.00 0.36128998 4.1415E-27            4.7556E-27 6.3944E-08 1.0755E-08 4.3410E-08 6.4894E-09 1.0735E-07 1.49E-07 4.19E-06   1.018 0.6000 7.5712E-06   1046.568
12251.00 0.36541405 2.8773E-27            4.5735E-27 6.5890E-08 1.0983E-08 4.4364E-08 6.7071E-09 1.1025E-07 1.54E-07 4.19E-06   1.007 0.6000 7.5568E-06   1048.932
12261.00 0.37636146 2.6206E-27            4.5109E-27 6.4746E-08 1.1272E-08 4.3307E-08 6.7814E-09 1.0805E-07 1.56E-07 4.29E-06   0.977 0.6000 7.5676E-06   1048.377
12271.00 0.37713701 2.5212E-27            4.3093E-27 6.3288E-08 1.1283E-08 4.2578E-08 6.7376E-09 1.0587E-07 1.55E-07 4.33E-06   0.975 0.6000 7.5742E-06   1047.806
12281.00 0.40426281 2.6259E-27            4.4105E-27 7.3634E-08 1.2457E-08 4.9686E-08 7.9054E-09 1.2332E-07 1.81E-07 4.42E-06   0.906 0.6000 7.5993E-06   1058.090
12291.00 0.39479473 2.4804E-27            4.1130E-27 7.2413E-08 1.2018E-08 4.9085E-08 7.3999E-09 1.2150E-07 1.70E-07 4.41E-06   0.929 0.6000 7.6171E-06   1057.854
12301.00 0.44657630 2.8026E-27            4.4402E-27 9.7052E-08 1.4062E-08 6.6401E-08 9.6845E-09 1.6345E-07 2.22E-07 4.53E-06   0.806 0.6000 7.5809E-06   1077.680
12311.00 0.45222467 2.7307E-27            4.2911E-27 9.8010E-08 1.4172E-08 6.7422E-08 9.6749E-09 1.6543E-07 2.22E-07 4.54E-06   0.794 0.6000 7.5827E-06   1079.186
12321.00 0.45652008 2.6484E-27            4.1382E-27 1.0224E-07 1.4430E-08 7.0101E-08 1.0060E-08 1.7235E-07 2.31E-07 4.54E-06   0.784 0.6000 7.5619E-06   1082.603
12331.00 0.46725559 2.6145E-27            4.0413E-27 1.0984E-07 1.4980E-08 7.5244E-08 1.0642E-08 1.8508E-07 2.44E-07 4.57E-06   0.761 0.6000 7.5814E-06   1088.058
12341.00 0.47599894 2.5720E-27            3.9314E-27 1.1641E-07 1.5208E-08 7.9397E-08 1.1019E-08 1.9580E-07 2.53E-07 4.53E-06   0.742 0.6000 7.4845E-06   1092.550
12351.00 0.47448462 2.4491E-27            3.7399E-27 1.1410E-07 1.4946E-08 7.7751E-08 1.0787E-08 1.9185E-07 2.48E-07 4.46E-06   0.746 0.6000 7.3918E-06   1091.903
12361.00 0.48054418 2.3877E-27            3.6166E-27 1.2218E-07 1.5436E-08 8.2637E-08 1.1355E-08 2.0482E-07 2.61E-07 4.51E-06   0.733 0.6000 7.4500E-06   1097.031
12371.00 0.48180375 2.2917E-27            3.4606E-27 1.2421E-07 1.5614E-08 8.3902E-08 1.1477E-08 2.0811E-07 2.63E-07 4.54E-06   0.730 0.6000 7.4992E-06   1098.834
12381.00 0.48538736 2.2166E-27            3.3286E-27 1.2926E-07 1.5886E-08 8.6788E-08 1.1825E-08 2.1605E-07 2.71E-07 4.56E-06   0.723 0.6000 7.5115E-06   1102.104
12391.00 0.48403811 2.1122E-27            3.1685E-27 1.2949E-07 1.5950E-08 8.6764E-08 1.1798E-08 2.1626E-07 2.71E-07 4.59E-06   0.726 0.6000 7.5618E-06   1102.896
12401.00 0.48326954 2.0147E-27            3.0196E-27 1.2991E-07 1.6088E-08 8.6985E-08 1.1838E-08 2.1689E-07 2.72E-07 4.63E-06   0.727 0.6000 7.6275E-06   1103.821
12411.00 0.48487875 1.9374E-27            2.8923E-27 1.3140E-07 1.6076E-08 8.7653E-08 1.1850E-08 2.1905E-07 2.72E-07 4.60E-06   0.724 0.6000 7.5712E-06   1105.222
12421.00 0.48212421 1.8391E-27            2.7458E-27 1.2571E-07 1.5491E-08 8.3702E-08 1.1331E-08 2.0941E-07 2.60E-07 4.45E-06   0.730 0.6000 7.3492E-06   1102.876
12431.00 0.47083968 1.6982E-27            2.5587E-27 1.1703E-07 1.5258E-08 7.8348E-08 1.0713E-08 1.9537E-07 2.46E-07 4.54E-06   0.753 0.6000 7.5224E-06   1098.895
12441.00 0.47193965 1.6316E-27            2.4487E-27 1.1974E-07 1.5410E-08 7.9855E-08 1.0844E-08 1.9960E-07 2.49E-07 4.56E-06   0.751 0.6000 7.5586E-06   1101.062
12451.00 0.47012314 1.5520E-27            2.3287E-27 1.1680E-07 1.5154E-08 7.7849E-08 1.0552E-08 1.9465E-07 2.42E-07 4.50E-06   0.755 0.6000 7.4655E-06   1100.085
12461.00 0.46668974 1.4679E-27            2.2059E-27 1.1372E-07 1.5111E-08 7.6022E-08 1.0310E-08 1.8974E-07 2.37E-07 4.55E-06   0.762 0.6000 7.5531E-06   1099.084
12471.00 0.47222784 1.4301E-27            2.1316E-27 1.2208E-07 1.5568E-08 8.0854E-08 1.0860E-08 2.0293E-07 2.49E-07 4.58E-06   0.750 0.6000 7.5917E-06   1104.353
12481.00 0.46575606 1.3421E-27            2.0063E-27 1.1851E-07 1.5289E-08 7.8148E-08 1.0554E-08 1.9666E-07 2.42E-07 4.56E-06   0.764 0.6000 7.5823E-06   1102.944
12491.00 0.46866474 1.2950E-27            1.9271E-27 1.2027E-07 1.5329E-08 7.9159E-08 1.0616E-08 1.9943E-07 2.44E-07 4.53E-06   0.758 0.6000 7.5158E-06   1104.613
12501.00 0.47009030 1.2431E-27            1.8446E-27 1.1955E-07 1.5213E-08 7.8634E-08 1.0480E-08 1.9818E-07 2.40E-07 4.48E-06   0.755 0.6000 7.4276E-06   1104.908
12511.00 0.47853214 1.2198E-27            1.7930E-27 1.3035E-07 1.6028E-08 8.5330E-08 1.1277E-08 2.1569E-07 2.59E-07 4.60E-06   0.737 0.6000 7.5963E-06   1111.407
12521.00 0.47280067 1.1469E-27            1.6910E-27 1.2530E-07 1.5740E-08 8.1999E-08 1.0884E-08 2.0730E-07 2.50E-07 4.58E-06   0.749 0.6000 7.5909E-06   1109.414
12531.00 0.47905594 1.1177E-27            1.6355E-27 1.3169E-07 1.6088E-08 8.5785E-08 1.1289E-08 2.1748E-07 2.59E-07 4.59E-06   0.736 0.6000 7.5761E-06   1113.422
12541.00 0.47245684 1.0481E-27            1.5398E-27 1.2556E-07 1.5739E-08 8.1814E-08 1.0834E-08 2.0737E-07 2.49E-07 4.56E-06   0.750 0.6000 7.5663E-06   1110.883
12551.00 0.46133098 9.6821E-28            1.4358E-27 1.1595E-07 1.5243E-08 7.5575E-08 1.0173E-08 1.9152E-07 2.33E-07 4.55E-06   0.774 0.6000 7.5782E-06   1106.191
12561.00 0.45621923 9.1089E-28            1.3539E-27 1.1110E-07 1.4858E-08 7.2388E-08 9.7596E-09 1.8349E-07 2.24E-07 4.49E-06   0.785 0.6000 7.5178E-06   1104.012
12571.00 0.47711083 9.3053E-28            1.3523E-27 1.3153E-07 1.6007E-08 8.4926E-08 1.1104E-08 2.1645E-07 2.55E-07 4.55E-06   0.740 0.6000 7.5341E-06   1115.993
12581.00 0.47976708 8.9732E-28            1.2979E-27 1.3029E-07 1.5612E-08 8.3769E-08 1.0892E-08 2.1406E-07 2.50E-07 4.40E-06   0.734 0.6000 7.2713E-06   1115.951
12591.00 0.48259214 8.6580E-28            1.2463E-27 1.3475E-07 1.5860E-08 8.6214E-08 1.1144E-08 2.2096E-07 2.56E-07 4.42E-06   0.729 0.6000 7.2954E-06   1118.863
12601.00 0.47858682 8.1893E-28            1.1802E-27 1.3151E-07 1.5671E-08 8.4043E-08 1.0873E-08 2.1555E-07 2.49E-07 4.41E-06   0.737 0.6000 7.2929E-06   1117.874
12611.00 0.46618918 7.5412E-28            1.0968E-27 1.2364E-07 1.5453E-08 7.9192E-08 1.0351E-08 2.0283E-07 2.37E-07 4.50E-06   0.763 0.6000 7.4861E-06   1114.419
12621.00 0.46559685 7.1979E-28            1.0459E-27 1.2358E-07 1.5473E-08 7.8993E-08 1.0348E-08 2.0258E-07 2.37E-07 4.49E-06   0.764 0.6000 7.4847E-06   1115.054
12631.00 0.46947435 6.9634E-28            1.0065E-27 1.2424E-07 1.5419E-08 7.9389E-08 1.0314E-08 2.0363E-07 2.37E-07 4.44E-06   0.756 0.6000 7.3759E-06   1116.130
12641.00 0.46300110 6.5296E-28            9.4744E-28 1.2192E-07 1.5433E-08 7.7774E-08 1.0151E-08 1.9969E-07 2.33E-07 4.51E-06   0.770 0.6000 7.5189E-06   1115.512
12651.00 0.46295053 6.2509E-28            9.0448E-28 1.2404E-07 1.5588E-08 7.8859E-08 1.0229E-08 2.0290E-07 2.35E-07 4.54E-06   0.770 0.6000 7.5744E-06   1117.326
12661.00 0.45537814 5.8381E-28            8.4938E-28 1.1680E-07 1.5190E-08 7.4273E-08 9.7424E-09 1.9107E-07 2.24E-07 4.52E-06   0.787 0.6000 7.5617E-06   1113.938
12671.00 0.46161762 5.6830E-28            8.2144E-28 1.2136E-07 1.5579E-08 7.7245E-08 1.0037E-08 1.9860E-07 2.30E-07 4.56E-06   0.773 0.6000 7.6006E-06   1117.298
12681.00 0.47158602 5.6104E-28            8.0112E-28 1.3190E-07 1.6065E-08 8.3300E-08 1.0648E-08 2.1520E-07 2.44E-07 4.56E-06   0.752 0.6000 7.5620E-06   1123.543
12691.00 0.46914113 5.3257E-28            7.6080E-28 1.2963E-07 1.5912E-08 8.1688E-08 1.0478E-08 2.1131E-07 2.40E-07 4.53E-06   0.757 0.6000 7.5242E-06   1123.006
12701.00 0.47266388 5.1518E-28            7.3164E-28 1.3476E-07 1.6220E-08 8.4590E-08 1.0743E-08 2.1935E-07 2.46E-07 4.57E-06   0.749 0.6000 7.5755E-06   1126.312
12711.00 0.47195584 4.9174E-28            6.9727E-28 1.3500E-07 1.6281E-08 8.4638E-08 1.0689E-08 2.1963E-07 2.45E-07 4.59E-06   0.751 0.6000 7.6222E-06   1127.125
12721.00 0.47850963 4.8008E-28            6.7484E-28 1.4092E-07 1.6366E-08 8.7698E-08 1.0987E-08 2.2862E-07 2.52E-07 4.51E-06   0.737 0.6000 7.4713E-06   1130.641
12731.00 0.47850046 4.5922E-28            6.4414E-28 1.4131E-07 1.6362E-08 8.7726E-08 1.0962E-08 2.2903E-07 2.52E-07 4.50E-06   0.737 0.6000 7.4573E-06   1131.492
12741.00 0.47823659 4.3894E-28            6.1452E-28 1.4402E-07 1.6646E-08 8.9197E-08 1.1118E-08 2.3322E-07 2.55E-07 4.58E-06   0.738 0.6000 7.5819E-06   1133.484
12751.00 0.47854814 4.2029E-28            5.8696E-28 1.4472E-07 1.6653E-08 8.9391E-08 1.1111E-08 2.3411E-07 2.55E-07 4.56E-06   0.737 0.6000 7.5638E-06   1134.476
12761.00 0.47909614 4.0273E-28            5.6089E-28 1.4245E-07 1.6287E-08 8.7719E-08 1.0874E-08 2.3017E-07 2.49E-07 4.45E-06   0.736 0.6000 7.3715E-06   1134.010
12771.00 0.47890300 3.8502E-28            5.3516E-28 1.4555E-07 1.6611E-08 8.9422E-08 1.1058E-08 2.3497E-07 2.54E-07 4.53E-06   0.736 0.6000 7.5108E-06   1136.183
12781.00 0.47863033 3.6800E-28            5.1053E-28 1.4746E-07 1.6806E-08 9.0404E-08 1.1152E-08 2.3786E-07 2.56E-07 4.58E-06   0.737 0.6000 7.5955E-06   1137.767
12791.00 0.47827777 3.5162E-28            4.8694E-28 1.4772E-07 1.6822E-08 9.0376E-08 1.1123E-08 2.3810E-07 2.55E-07 4.58E-06   0.738 0.6000 7.5991E-06   1138.562
12801.00 0.47807279 3.3613E-28            4.6459E-28 1.4569E-07 1.6558E-08 8.8927E-08 1.0916E-08 2.3461E-07 2.50E-07 4.50E-06   0.738 0.6000 7.4738E-06   1138.249
12811.00 0.47756228 3.2102E-28            4.4299E-28 1.4736E-07 1.6751E-08 8.9787E-08 1.0997E-08 2.3714E-07 2.52E-07 4.55E-06   0.739 0.6000 7.5630E-06   1139.729
12821.00 0.47734657 3.0687E-28            4.2264E-28 1.4598E-07 1.6567E-08 8.8752E-08 1.0844E-08 2.3474E-07 2.49E-07 4.50E-06   0.740 0.6000 7.4729E-06   1139.734
12831.00 0.47679946 2.9303E-28            4.0295E-28 1.4767E-07 1.6764E-08 8.9617E-08 1.0924E-08 2.3729E-07 2.51E-07 4.55E-06   0.741 0.6000 7.5645E-06   1141.220
12841.00 0.47656864 2.8011E-28            3.8443E-28 1.4852E-07 1.6833E-08 8.9927E-08 1.0935E-08 2.3844E-07 2.51E-07 4.57E-06   0.741 0.6000 7.5875E-06   1142.288
12851.00 0.47613481 2.6758E-28            3.6660E-28 1.4847E-07 1.6820E-08 8.9720E-08 1.0885E-08 2.3819E-07 2.50E-07 4.56E-06   0.742 0.6000 7.5802E-06   1142.937
12861.00 0.47577915 2.5567E-28            3.4966E-28 1.4568E-07 1.6489E-08 8.7847E-08 1.0631E-08 2.3352E-07 2.44E-07 4.47E-06   0.743 0.6000 7.4270E-06   1142.266
12871.00 0.47544670 2.4431E-28            3.3351E-28 1.4919E-07 1.6870E-08 8.9780E-08 1.0839E-08 2.3897E-07 2.49E-07 4.57E-06   0.744 0.6000 7.5937E-06   1144.618
12881.00 0.47502452 2.3339E-28            3.1805E-28 1.4899E-07 1.6841E-08 8.9487E-08 1.0779E-08 2.3848E-07 2.47E-07 4.56E-06   0.744 0.6000 7.5782E-06   1145.197
12891.00 0.47449970 2.2288E-28            3.0324E-28 1.4884E-07 1.6829E-08 8.9235E-08 1.0725E-08 2.3807E-07 2.46E-07 4.55E-06   0.745 0.6000 7.5729E-06   1145.800
12901.00 0.47414067 2.1295E-28            2.8922E-28 1.4187E-07 1.6029E-08 8.4884E-08 1.0179E-08 2.2675E-07 2.34E-07 4.33E-06   0.746 0.6000 7.2091E-06   1143.083
12911.00 0.47358334 2.0334E-28            2.7574E-28 1.4500E-07 1.6393E-08 8.6616E-08 1.0365E-08 2.3162E-07 2.38E-07 4.43E-06   0.747 0.6000 7.3749E-06   1145.304
12921.00 0.47315556 1.9424E-28            2.6295E-28 1.4920E-07 1.6863E-08 8.8961E-08 1.0622E-08 2.3816E-07 2.44E-07 4.56E-06   0.748 0.6000 7.5841E-06   1147.999
12931.00 0.47256735 1.8547E-28            2.5067E-28 1.4816E-07 1.6759E-08 8.8207E-08 1.0510E-08 2.3637E-07 2.41E-07 4.53E-06   0.750 0.6000 7.5411E-06   1148.187
12941.00 0.47187474 1.7703E-28            2.3891E-28 1.4420E-07 1.6338E-08 8.5730E-08 1.0198E-08 2.2993E-07 2.34E-07 4.42E-06   0.751 0.6000 7.3599E-06   1146.954
12951.00 0.47138047 1.6907E-28            2.2780E-28 1.4608E-07 1.6555E-08 8.6701E-08 1.0291E-08 2.3278E-07 2.36E-07 4.48E-06   0.752 0.6000 7.4590E-06   1148.548
12961.00 0.47078979 1.6143E-28            2.1716E-28 1.4398E-07 1.6328E-08 8.5316E-08 1.0109E-08 2.2929E-07 2.32E-07 4.42E-06   0.753 0.6000 7.3595E-06   1148.204
12971.00 0.46994704 1.5401E-28            2.0690E-28 1.4623E-07 1.6619E-08 8.6531E-08 1.0244E-08 2.3277E-07 2.35E-07 4.50E-06   0.755 0.6000 7.5010E-06   1149.990
12981.00 0.46757677 1.4623E-28            1.9649E-28 1.4238E-07 1.6402E-08 8.4409E-08 1.0033E-08 2.2679E-07 2.30E-07 4.46E-06   0.760 0.6000 7.4677E-06   1148.871
12991.00 0.46413475 1.3830E-28            1.8615E-28 1.3773E-07 1.6180E-08 8.1833E-08 9.8261E-09 2.1956E-07 2.25E-07 4.42E-06   0.768 0.6000 7.4373E-06   1147.309
13001.00 0.45860437 1.2990E-28            1.7556E-28 1.3312E-07 1.5981E-08 7.9155E-08 9.6159E-09 2.1227E-07 2.21E-07 4.39E-06   0.780 0.6000 7.4697E-06   1145.655
13011.00 0.45323983 1.2172E-28            1.6562E-28 1.3101E-07 1.5907E-08 7.7634E-08 9.5007E-09 2.0864E-07 2.18E-07 4.40E-06   0.791 0.6000 7.5399E-06   1145.164
13021.00 0.44204652 1.1197E-28            1.5419E-28 1.2304E-07 1.5272E-08 7.2797E-08 8.9890E-09 1.9583E-07 2.06E-07 4.29E-06   0.816 0.6000 7.5258E-06   1141.459
13031.00 0.43119121 1.0314E-28            1.4356E-28 1.1537E-07 1.4675E-08 6.8336E-08 8.4823E-09 1.8370E-07 1.95E-07 4.21E-06   0.841 0.6000 7.5545E-06   1137.744
13041.00 0.41335589 9.3401E-29            1.3137E-28 1.0112E-07 1.2984E-08 5.9986E-08 7.3332E-09 1.6111E-07 1.68E-07 3.83E-06   0.883 0.6000 7.1580E-06   1129.465
13051.00 0.39646065 8.3669E-29            1.2027E-28 8.2990E-08 1.1581E-08 4.9615E-08 6.2999E-09 1.3261E-07 1.45E-07 3.58E-06   0.925 0.6000 7.0679E-06   1117.083
13061.00 0.36786300 7.2902E-29            1.0657E-28 7.0784E-08 1.0336E-08 4.2595E-08 5.3858E-09 1.1338E-07 1.24E-07 3.39E-06   1.000 0.6000 7.3488E-06   1107.467
13071.00 0.33599877 6.3673E-29            9.2941E-29 6.0194E-08 8.8419E-09 3.6613E-08 4.3902E-09 9.6807E-08 1.01E-07 3.10E-06   1.091 0.6000 7.5912E-06   1097.943
13081.00 0.30954656 5.4995E-29            8.1676E-29 4.6401E-08 7.3044E-09 2.8455E-08 3.4439E-09 7.4856E-08 7.90E-08 2.74E-06   1.173 0.6000 7.5900E-06   1082.387
13091.00 0.27584556 4.5516E-29            6.9441E-29 3.1925E-08 5.5505E-09 1.9673E-08 2.4101E-09 5.1598E-08 5.53E-08 2.30E-06   1.288 0.6000 7.5855E-06   1060.385
13101.00 0.26033384 4.2662E-29            6.2537E-29 2.5888E-08 4.6647E-09 1.5994E-08 1.9207E-09 4.1882E-08 4.41E-08 2.06E-06   1.346 0.6000 7.5818E-06   1048.742
13111.00 0.27623495 4.1221E-29            6.3281E-29 2.8548E-08 5.0440E-09 1.7658E-08 2.1095E-09 4.6206E-08 4.84E-08 2.17E-06   1.287 0.6000 7.5031E-06   1055.177
13121.00 0.36773092 5.7004E-29            8.0382E-29 6.8926E-08 9.4229E-09 4.1324E-08 4.8169E-09 1.1025E-07 1.11E-07 3.09E-06   1.000 0.6000 7.2390E-06   1109.825
13131.00 0.26100209 3.3243E-29            5.4758E-29 2.3254E-08 4.3792E-09 1.3845E-08 1.7818E-09 3.7099E-08 4.09E-08 1.97E-06   1.343 0.6000 7.4454E-06   1043.702
13141.00 0.16606958 1.6685E-29            3.3190E-29 3.6243E-09 1.2884E-09 1.8317E-09 2.7395E-10 5.4560E-09 6.29E-09 1.04E-06   1.795 0.6000 7.4787E-06    944.373
13151.00 0.14767984 1.5202E-29            2.8044E-29 3.6286E-09 1.3698E-09 1.7370E-09 2.8941E-10 5.3656E-09 6.64E-09 1.08E-06   1.913 0.6000 7.4464E-06    944.197
13161.00 0.23268051 2.4231E-29            4.2005E-29 2.7102E-08 5.0965E-09 1.5063E-08 2.1256E-09 4.2165E-08 4.88E-08 2.24E-06   1.458 0.6000 7.5141E-06   1053.136
13171.00 0.43578833 5.6887E-29            7.5384E-29 1.3146E-07 1.5280E-08 7.5003E-08 8.5433E-09 2.0646E-07 1.96E-07 4.24E-06   0.831 0.6000 7.4986E-06   1155.911
13181.00 0.46282962 5.9168E-29            7.6563E-29 1.4726E-07 1.6390E-08 8.3384E-08 9.3432E-09 2.3065E-07 2.14E-07 4.37E-06   0.770 0.6000 7.3163E-06   1164.495
13191.00 0.46291867 5.6607E-29            7.3090E-29 1.5190E-07 1.6838E-08 8.5728E-08 9.5787E-09 2.3763E-07 2.20E-07 4.48E-06   0.770 0.6000 7.4903E-06   1167.353
13201.00 0.46258324 5.4087E-29            6.9709E-29 1.5129E-07 1.6754E-08 8.5206E-08 9.4973E-09 2.3649E-07 2.18E-07 4.46E-06   0.771 0.6000 7.4493E-06   1167.731
13211.00 0.46227074 5.1681E-29            6.6488E-29 1.5152E-07 1.6760E-08 8.5154E-08 9.4672E-09 2.3667E-07 2.17E-07 4.45E-06   0.772 0.6000 7.4483E-06   1168.506
13221.00 0.46186104 4.9367E-29            6.3403E-29 1.5112E-07 1.6709E-08 8.4769E-08 9.4019E-09 2.3589E-07 2.16E-07 4.44E-06   0.772 0.6000 7.4250E-06   1168.991
13231.00 0.46144387 4.7154E-29            6.0459E-29 1.5037E-07 1.6619E-08 8.4186E-08 9.3144E-09 2.3456E-07 2.14E-07 4.41E-06   0.773 0.6000 7.3850E-06   1169.305
13241.00 0.46105662 4.5046E-29            5.7656E-29 1.5299E-07 1.6899E-08 8.5483E-08 9.4352E-09 2.3848E-07 2.16E-07 4.49E-06   0.774 0.6000 7.5083E-06   1171.218
13251.00 0.46070185 4.3036E-29            5.4986E-29 1.5360E-07 1.6951E-08 8.5647E-08 9.4296E-09 2.3925E-07 2.16E-07 4.50E-06   0.775 0.6000 7.5299E-06   1172.171
13261.00 0.46021014 4.1098E-29            5.2424E-29 1.5402E-07 1.6998E-08 8.5718E-08 9.4152E-09 2.3973E-07 2.16E-07 4.51E-06   0.776 0.6000 7.5529E-06   1173.039
13271.00 0.45989996 3.9271E-29            5.0001E-29 1.5265E-07 1.6829E-08 8.4783E-08 9.2887E-09 2.3744E-07 2.13E-07 4.46E-06   0.777 0.6000 7.4749E-06   1173.066
13281.00 0.45950192 3.7513E-29            4.7681E-29 1.5139E-07 1.6681E-08 8.3918E-08 9.1716E-09 2.3531E-07 2.10E-07 4.42E-06   0.778 0.6000 7.4093E-06   1173.139
13291.00 0.45908517 3.5832E-29            4.5467E-29 1.5091E-07 1.6621E-08 8.3488E-08 9.1019E-09 2.3440E-07 2.09E-07 4.40E-06   0.779 0.6000 7.3830E-06   1173.579
13301.00 0.45861050 3.4219E-29            4.3350E-29 1.5290E-07 1.6839E-08 8.4430E-08 9.1825E-09 2.3733E-07 2.11E-07 4.46E-06   0.780 0.6000 7.4823E-06   1175.198
13311.00 0.45827484 3.2694E-29            4.1344E-29 1.4842E-07 1.6330E-08 8.1786E-08 8.8731E-09 2.3021E-07 2.04E-07 4.32E-06   0.780 0.6000 7.2543E-06   1173.721
13321.00 0.45766890 3.1208E-29            3.9407E-29 1.5274E-07 1.6818E-08 8.4021E-08 9.0939E-09 2.3676E-07 2.09E-07 4.45E-06   0.782 0.6000 7.4775E-06   1176.464
13331.00 0.45733637 2.9817E-29            3.7583E-29 1.5153E-07 1.6669E-08 8.3183E-08 8.9817E-09 2.3471E-07 2.06E-07 4.41E-06   0.782 0.6000 7.4089E-06   1176.557
13341.00 0.45695707 2.8484E-29            3.5840E-29 1.4819E-07 1.6292E-08 8.1187E-08 8.7441E-09 2.2937E-07 2.01E-07 4.30E-06   0.783 0.6000 7.2399E-06   1175.618
13351.00 0.45667458 2.7219E-29            3.4185E-29 1.5300E-07 1.6799E-08 8.3646E-08 8.9861E-09 2.3665E-07 2.06E-07 4.43E-06   0.784 0.6000 7.4618E-06   1178.591
13361.00 0.45625091 2.5998E-29            3.2597E-29 1.5217E-07 1.6701E-08 8.3028E-08 8.8979E-09 2.3520E-07 2.04E-07 4.41E-06   0.785 0.6000 7.4177E-06   1178.868
13371.00 0.45562845 2.4815E-29            3.1068E-29 1.5181E-07 1.6675E-08 8.2680E-08 8.8397E-09 2.3449E-07 2.03E-07 4.40E-06   0.786 0.6000 7.4110E-06   1179.368
13381.00 0.45516390 2.3699E-29            2.9622E-29 1.5266E-07 1.6770E-08 8.3002E-08 8.8525E-09 2.3566E-07 2.03E-07 4.42E-06   0.787 0.6000 7.4538E-06   1180.449
13391.00 0.45477003 2.2637E-29            2.8246E-29 1.5283E-07 1.6780E-08 8.2937E-08 8.8240E-09 2.3577E-07 2.02E-07 4.43E-06   0.788 0.6000 7.4568E-06   1181.202
13401.00 0.45421901 2.1613E-29            2.6927E-29 1.5155E-07 1.6646E-08 8.2080E-08 8.7122E-09 2.3363E-07 2.00E-07 4.39E-06   0.789 0.6000 7.3986E-06   1181.261
13411.00 0.45331237 2.0608E-29            2.5647E-29 1.5231E-07 1.6778E-08 8.2386E-08 8.7246E-09 2.3470E-07 2.00E-07 4.43E-06   0.791 0.6000 7.4693E-06   1182.312
13421.00 0.45335439 1.9714E-29            2.4480E-29 1.4983E-07 1.6447E-08 8.0840E-08 8.5378E-09 2.3067E-07 1.96E-07 4.33E-06   0.791 0.6000 7.3080E-06   1181.777
13431.00 0.45212191 1.8778E-29            2.3301E-29 1.4683E-07 1.6194E-08 7.9121E-08 8.3410E-09 2.2595E-07 1.91E-07 4.28E-06   0.794 0.6000 7.2145E-06   1181.004
13441.00 0.45147660 1.7920E-29            2.2205E-29 1.5137E-07 1.6711E-08 8.1423E-08 8.5617E-09 2.3279E-07 1.96E-07 4.42E-06   0.795 0.6000 7.4488E-06   1183.878
13451.00 0.45188490 1.7165E-29            2.1213E-29 1.5277E-07 1.6770E-08 8.1953E-08 8.5911E-09 2.3472E-07 1.97E-07 4.42E-06   0.794 0.6000 7.4513E-06   1185.195
13461.00 0.44843277 1.6231E-29            2.0093E-29 1.4708E-07 1.6433E-08 7.8938E-08 8.2713E-09 2.2601E-07 1.90E-07 4.37E-06   0.802 0.6000 7.3809E-06   1183.177
13471.00 0.44754529 1.5474E-29            1.9135E-29 1.4121E-07 1.5830E-08 7.5683E-08 7.9193E-09 2.1689E-07 1.82E-07 4.22E-06   0.804 0.6000 7.1206E-06   1180.922
13481.00 0.44703442 1.4778E-29            1.8244E-29 1.4141E-07 1.5843E-08 7.5649E-08 7.8927E-09 2.1706E-07 1.81E-07 4.22E-06   0.805 0.6000 7.1258E-06   1181.694
13491.00 0.44325674 1.3955E-29            1.7264E-29 1.3680E-07 1.5617E-08 7.3200E-08 7.6483E-09 2.1000E-07 1.75E-07 4.20E-06   0.814 0.6000 7.1079E-06   1180.034
13501.00 0.44591042 1.3465E-29            1.6574E-29 1.4469E-07 1.6244E-08 7.7138E-08 8.0065E-09 2.2183E-07 1.84E-07 4.33E-06   0.808 0.6000 7.3132E-06   1184.695
13511.00 0.44079652 1.2667E-29            1.5642E-29 1.3879E-07 1.5963E-08 7.4016E-08 7.6991E-09 2.1281E-07 1.77E-07 4.31E-06   0.819 0.6000 7.3098E-06   1182.419
13521.00 0.43477482 1.1870E-29            1.4721E-29 1.3241E-07 1.5668E-08 7.0623E-08 7.3844E-09 2.0304E-07 1.69E-07 4.31E-06   0.833 0.6000 7.3173E-06   1179.762
13531.00 0.43637028 1.1406E-29            1.4097E-29 1.3049E-07 1.5288E-08 6.9394E-08 7.2325E-09 1.9989E-07 1.66E-07 4.17E-06   0.829 0.6000 7.0827E-06   1179.358
13541.00 0.42889753 1.0642E-29            1.3229E-29 1.2667E-07 1.5352E-08 6.7355E-08 7.0434E-09 1.9403E-07 1.62E-07 4.28E-06   0.847 0.6000 7.2893E-06   1177.949
13551.00 0.43587896 1.0417E-29            1.2828E-29 1.3702E-07 1.6055E-08 7.2685E-08 7.5094E-09 2.0971E-07 1.72E-07 4.38E-06   0.830 0.6000 7.4378E-06   1184.224
13561.00 0.42847970 9.7282E-30            1.2041E-29 1.3023E-07 1.5716E-08 6.9006E-08 7.1760E-09 1.9923E-07 1.65E-07 4.37E-06   0.848 0.6000 7.4514E-06   1181.262
13571.00 0.41958788 9.0161E-30            1.1248E-29 1.2112E-07 1.5190E-08 6.4027E-08 6.7364E-09 1.8515E-07 1.55E-07 4.32E-06   0.868 0.6000 7.3967E-06   1176.754
13581.00 0.41741025 8.5440E-30            1.0678E-29 1.1619E-07 1.4914E-08 6.1579E-08 6.5111E-09 1.7777E-07 1.49E-07 4.27E-06   0.874 0.6000 7.3305E-06   1174.585
13591.00 0.42586035 8.4158E-30            1.0397E-29 1.2462E-07 1.5286E-08 6.5840E-08 6.8452E-09 1.9046E-07 1.57E-07 4.27E-06   0.854 0.6000 7.2885E-06   1180.184
13601.00 0.41853860 7.8734E-30            9.7563E-30 1.2269E-07 1.5203E-08 6.4329E-08 6.6721E-09 1.8702E-07 1.53E-07 4.32E-06   0.871 0.6000 7.3844E-06   1179.597
13611.00 0.41891372 7.5259E-30            9.3148E-30 1.2394E-07 1.5381E-08 6.4924E-08 6.7540E-09 1.8886E-07 1.55E-07 4.35E-06   0.870 0.6000 7.4548E-06   1181.007
13621.00 0.43236119 7.5384E-30            9.1769E-30 1.3827E-07 1.6135E-08 7.2288E-08 7.3397E-09 2.1055E-07 1.68E-07 4.39E-06   0.838 0.6000 7.4763E-06   1189.515
13631.00 0.40523970 6.5694E-30            8.2129E-30 1.1463E-07 1.4733E-08 5.9432E-08 6.2508E-09 1.7406E-07 1.43E-07 4.29E-06   0.903 0.6000 7.3964E-06   1176.637
13641.00 0.41123912 6.4266E-30            7.9499E-30 1.1713E-07 1.4718E-08 6.0887E-08 6.2493E-09 1.7802E-07 1.43E-07 4.23E-06   0.889 0.6000 7.2736E-06   1178.937
13651.00 0.41529042 6.2332E-30            7.6617E-30 1.2074E-07 1.4925E-08 6.2754E-08 6.4135E-09 1.8350E-07 1.47E-07 4.24E-06   0.879 0.6000 7.2899E-06   1181.796
13661.00 0.37259561 5.1309E-30            6.5650E-30 9.2375E-08 1.3168E-08 4.7365E-08 5.0220E-09 1.3974E-07 1.15E-07 4.19E-06   0.987 0.6000 7.3809E-06   1163.438
13671.00 0.36926135 4.8146E-30            6.2096E-30 8.3235E-08 1.2766E-08 4.2794E-08 4.6232E-09 1.2603E-07 1.06E-07 4.15E-06   0.996 0.6000 7.3220E-06   1157.066
13681.00 0.37485933 4.7161E-30            6.0125E-30 9.0899E-08 1.2962E-08 4.6472E-08 4.8811E-09 1.3737E-07 1.12E-07 4.08E-06   0.981 0.6000 7.2028E-06   1163.660
13691.00 0.35258019 4.1316E-30            5.3917E-30 7.8668E-08 1.2316E-08 3.9749E-08 4.2772E-09 1.1842E-07 9.81E-08 4.14E-06   1.042 0.6000 7.3972E-06   1154.231
13701.00 0.38366747 4.4365E-30            5.6080E-30 9.4806E-08 1.3627E-08 4.8643E-08 5.1885E-09 1.4345E-07 1.19E-07 4.21E-06   0.958 0.6000 7.3541E-06   1168.049
13711.00 0.33504924 3.5009E-30            4.6729E-30 6.3259E-08 1.0994E-08 3.1416E-08 3.5619E-09 9.4676E-08 8.17E-08 3.87E-06   1.093 0.6000 7.0258E-06   1140.669
13721.00 0.38648796 4.1003E-30            5.1346E-30 1.0138E-07 1.3484E-08 5.1327E-08 5.3094E-09 1.5271E-07 1.22E-07 4.04E-06   0.951 0.6000 7.1045E-06   1173.799
13731.00 0.37131867 3.7389E-30            4.7247E-30 8.9374E-08 1.2936E-08 4.5399E-08 4.7207E-09 1.3477E-07 1.08E-07 4.13E-06   0.991 0.6000 7.3140E-06   1165.844
13741.00 0.31842896 2.8876E-30            3.8535E-30 6.4633E-08 1.0807E-08 3.1567E-08 3.3438E-09 9.6200E-08 7.67E-08 3.98E-06   1.144 0.6000 7.3536E-06   1143.787
13751.00 0.37732950 3.4892E-30            4.3611E-30 9.8620E-08 1.3617E-08 4.9900E-08 5.0594E-09 1.4852E-07 1.16E-07 4.21E-06   0.975 0.6000 7.4416E-06   1173.968
13761.00 0.34198898 2.9015E-30            3.7776E-30 7.6670E-08 1.1982E-08 3.7900E-08 4.0361E-09 1.1457E-07 9.26E-08 4.04E-06   1.073 0.6000 7.3658E-06   1156.857
13771.00 0.36287880 2.9862E-30            3.8208E-30 7.9330E-08 1.2598E-08 3.9895E-08 4.2926E-09 1.1922E-07 9.85E-08 4.11E-06   1.014 0.6000 7.2949E-06   1160.249
13781.00 0.33726624 2.6283E-30            3.3950E-30 8.0698E-08 1.1969E-08 3.9654E-08 4.1169E-09 1.2035E-07 9.45E-08 4.04E-06   1.087 0.6000 7.3832E-06   1161.583
13791.00 0.35514936 2.6683E-30            3.4027E-30 8.2479E-08 1.2529E-08 4.1045E-08 4.3159E-09 1.2352E-07 9.90E-08 4.09E-06   1.035 0.6000 7.3406E-06   1164.052
13801.00 0.33476627 2.4359E-30            3.0675E-30 7.7826E-08 1.1894E-08 3.7878E-08 3.9693E-09 1.1570E-07 9.11E-08 3.99E-06   1.094 0.6000 7.3445E-06   1160.297
13811.00 0.34865364 2.5301E-30            3.0463E-30 8.5757E-08 1.2440E-08 4.2487E-08 4.3087E-09 1.2824E-07 9.89E-08 4.04E-06   1.054 0.6000 7.3600E-06   1168.012
13821.00 0.32317942 2.0650E-30            2.6909E-30 7.3247E-08 1.1407E-08 3.5437E-08 3.6425E-09 1.0868E-07 8.36E-08 3.99E-06   1.130 0.6000 7.4156E-06   1157.451
13831.00 0.38922805 2.5469E-30            3.0964E-30 1.0905E-07 1.4179E-08 5.4499E-08 5.3678E-09 1.6355E-07 1.23E-07 4.18E-06   0.944 0.6000 7.3440E-06   1186.357
13841.00 0.39906341 2.5139E-30            3.0292E-30 1.1412E-07 1.4279E-08 5.6879E-08 5.5982E-09 1.7100E-07 1.28E-07 4.07E-06   0.919 0.6000 7.1063E-06   1190.223
13851.00 0.40033153 2.4153E-30            2.9023E-30 1.1347E-07 1.4627E-08 5.6871E-08 5.5949E-09 1.7034E-07 1.28E-07 4.21E-06   0.915 0.6000 7.3322E-06   1190.654
13861.00 0.40150556 2.3182E-30            2.7781E-30 1.1507E-07 1.4700E-08 5.7486E-08 5.6446E-09 1.7256E-07 1.30E-07 4.20E-06   0.913 0.6000 7.3065E-06   1192.280
13871.00 0.35018066 1.8397E-30            2.3149E-30 8.1704E-08 1.2013E-08 3.9885E-08 4.0405E-09 1.2159E-07 9.27E-08 3.87E-06   1.049 0.6000 7.0523E-06   1168.533
13881.00 0.30616397 1.4726E-30            1.9297E-30 6.3178E-08 1.0574E-08 3.0065E-08 3.0938E-09 9.3243E-08 7.10E-08 3.84E-06   1.184 0.6000 7.3060E-06   1151.336
13891.00 0.32048804 1.4748E-30            1.9253E-30 6.3595E-08 1.0984E-08 3.0309E-08 3.2515E-09 9.3904E-08 7.46E-08 3.90E-06   1.138 0.6000 7.2275E-06   1152.491
13901.00 0.31281361 1.3760E-30            1.7927E-30 6.4317E-08 1.0526E-08 3.0256E-08 3.1426E-09 9.4573E-08 7.21E-08 3.78E-06   1.162 0.6000 7.0741E-06   1153.649
13911.00 0.29099390 1.2746E-30            1.5951E-30 5.9884E-08 9.8215E-09 2.7750E-08 2.8272E-09 8.7634E-08 6.49E-08 3.66E-06   1.234 0.6000 7.0323E-06   1149.284
13921.00 0.33346638 1.4217E-30            1.7412E-30 7.6435E-08 1.1616E-08 3.6590E-08 3.6765E-09 1.1302E-07 8.44E-08 3.86E-06   1.098 0.6000 7.1195E-06   1167.016
13931.00 0.31744936 1.2255E-30            1.5840E-30 6.5491E-08 1.1110E-08 3.0833E-08 3.3153E-09 9.6323E-08 7.61E-08 3.92E-06   1.147 0.6000 7.2560E-06   1156.931
13941.00 0.32336903 1.1933E-30            1.5377E-30 6.7277E-08 1.1489E-08 3.1582E-08 3.3661E-09 9.8859E-08 7.72E-08 4.05E-06   1.129 0.6000 7.3884E-06   1159.356
13951.00 0.36921251 1.3729E-30            1.6744E-30 8.8095E-08 1.2863E-08 4.2742E-08 4.2126E-09 1.3084E-07 9.67E-08 4.01E-06   0.996 0.6000 7.0864E-06   1179.142
13961.00 0.40998334 1.5287E-30            1.7763E-30 1.2588E-07 1.5235E-08 6.1694E-08 5.7961E-09 1.8758E-07 1.33E-07 4.20E-06   0.892 0.6000 7.2741E-06   1205.342
13971.00 0.41711655 1.4991E-30            1.7247E-30 1.3496E-07 1.5715E-08 6.5935E-08 6.1457E-09 2.0090E-07 1.41E-07 4.23E-06   0.874 0.6000 7.3034E-06   1211.036
13981.00 0.41393599 1.4187E-30            1.6339E-30 1.2761E-07 1.5085E-08 6.2348E-08 5.7971E-09 1.8996E-07 1.33E-07 4.10E-06   0.882 0.6000 7.1012E-06   1207.673
13991.00 0.41980398 1.3848E-30            1.5810E-30 1.3674E-07 1.5565E-08 6.6521E-08 6.1359E-09 2.0326E-07 1.41E-07 4.14E-06   0.868 0.6000 7.1508E-06   1213.311
14001.00 0.42225698 1.3361E-30            1.5177E-30 1.4428E-07 1.6182E-08 6.9983E-08 6.4233E-09 2.1426E-07 1.47E-07 4.27E-06   0.862 0.6000 7.3618E-06   1217.888
14011.00 0.42423487 1.2869E-30            1.4551E-30 1.4728E-07 1.6250E-08 7.1152E-08 6.4979E-09 2.1843E-07 1.49E-07 4.25E-06   0.857 0.6000 7.3230E-06   1220.023
14021.00 0.42137566 1.2180E-30            1.3794E-30 1.3980E-07 1.5724E-08 6.7625E-08 6.1639E-09 2.0742E-07 1.41E-07 4.15E-06   0.864 0.6000 7.1568E-06   1216.927
14031.00 0.42491803 1.1796E-30            1.3273E-30 1.4823E-07 1.6220E-08 7.1287E-08 6.4607E-09 2.1952E-07 1.48E-07 4.22E-06   0.856 0.6000 7.2644E-06   1221.814
14041.00 0.42363262 1.1232E-30            1.2630E-30 1.4695E-07 1.6151E-08 7.0556E-08 6.4011E-09 2.1751E-07 1.47E-07 4.21E-06   0.859 0.6000 7.2526E-06   1221.847
14051.00 0.42445546 1.0772E-30            1.2075E-30 1.4858E-07 1.6204E-08 7.1150E-08 6.4242E-09 2.1973E-07 1.47E-07 4.20E-06   0.857 0.6000 7.2437E-06   1223.310
14061.00 0.42195809 1.0212E-30            1.1457E-30 1.4551E-07 1.6098E-08 6.9703E-08 6.2782E-09 2.1521E-07 1.44E-07 4.21E-06   0.863 0.6000 7.2598E-06   1222.487
14071.00 0.42070422 9.7224E-31            1.0900E-30 1.4678E-07 1.6306E-08 7.0216E-08 6.3099E-09 2.1700E-07 1.45E-07 4.27E-06   0.866 0.6000 7.3793E-06   1223.810
14081.00 0.41943902 9.2544E-31            1.0371E-30 1.4529E-07 1.6262E-08 6.9483E-08 6.2300E-09 2.1477E-07 1.43E-07 4.27E-06   0.869 0.6000 7.3891E-06   1223.759
14091.00 0.42047656 8.8813E-31            9.9207E-31 1.4630E-07 1.6209E-08 6.9683E-08 6.2395E-09 2.1599E-07 1.43E-07 4.23E-06   0.866 0.6000 7.3099E-06   1224.888
14101.00 0.41854554 8.4429E-31            9.4252E-31 1.4328E-07 1.5925E-08 6.8062E-08 6.0737E-09 2.1134E-07 1.39E-07 4.18E-06   0.871 0.6000 7.2252E-06   1223.991
14111.00 0.42138273 8.1531E-31            9.0535E-31 1.4719E-07 1.6055E-08 6.9680E-08 6.1911E-09 2.1687E-07 1.42E-07 4.16E-06   0.864 0.6000 7.1951E-06   1226.615
14121.00 0.41368663 7.5876E-31            8.4845E-31 1.4066E-07 1.6053E-08 6.6763E-08 5.9575E-09 2.0742E-07 1.37E-07 4.27E-06   0.883 0.6000 7.4015E-06   1224.033
14131.00 0.41573885 7.3057E-31            8.1345E-31 1.4313E-07 1.6137E-08 6.7823E-08 6.0127E-09 2.1096E-07 1.38E-07 4.26E-06   0.878 0.6000 7.3775E-06   1225.990
14141.00 0.41809830 7.0481E-31            7.8081E-31 1.4233E-07 1.5751E-08 6.7159E-08 5.9316E-09 2.0949E-07 1.36E-07 4.11E-06   0.872 0.6000 7.1188E-06   1226.186
14151.00 0.41115600 6.5724E-31            7.3271E-31 1.3719E-07 1.5774E-08 6.4775E-08 5.7700E-09 2.0197E-07 1.32E-07 4.20E-06   0.889 0.6000 7.2975E-06   1224.197
14161.00 0.41159615 6.2932E-31            6.9999E-31 1.3778E-07 1.5799E-08 6.4972E-08 5.7816E-09 2.0276E-07 1.33E-07 4.19E-06   0.888 0.6000 7.2867E-06   1225.193
14171.00 0.40784344 5.9463E-31            6.6205E-31 1.3518E-07 1.5609E-08 6.3505E-08 5.6361E-09 1.9869E-07 1.29E-07 4.18E-06   0.897 0.6000 7.2819E-06   1224.411
14181.00 0.40557906 5.6368E-31            6.2789E-31 1.3488E-07 1.5714E-08 6.3255E-08 5.6026E-09 1.9814E-07 1.29E-07 4.23E-06   0.902 0.6000 7.3827E-06   1224.914
14191.00 0.41562134 5.5875E-31            6.1423E-31 1.4712E-07 1.6278E-08 6.8739E-08 5.9981E-09 2.1586E-07 1.38E-07 4.24E-06   0.878 0.6000 7.3659E-06   1231.959
14201.00 0.39872247 5.0412E-31            5.6248E-31 1.2921E-07 1.5196E-08 6.0145E-08 5.3268E-09 1.8936E-07 1.22E-07 4.15E-06   0.919 0.6000 7.2675E-06   1223.005
14211.00 0.41564825 5.1161E-31            5.5918E-31 1.4924E-07 1.6149E-08 6.9102E-08 5.9892E-09 2.1834E-07 1.37E-07 4.18E-06   0.878 0.6000 7.2579E-06   1234.232
14221.00 0.40482667 4.7147E-31            5.2037E-31 1.3642E-07 1.5560E-08 6.3234E-08 5.5390E-09 1.9965E-07 1.27E-07 4.15E-06   0.904 0.6000 7.2581E-06   1228.309
14231.00 0.39145094 4.2858E-31            4.7958E-31 1.1972E-07 1.4594E-08 5.5504E-08 4.9353E-09 1.7522E-07 1.13E-07 4.05E-06   0.938 0.6000 7.1422E-06   1219.462
14241.00 0.39966747 4.2204E-31            4.6751E-31 1.2786E-07 1.5139E-08 5.9384E-08 5.2211E-09 1.8724E-07 1.20E-07 4.10E-06   0.917 0.6000 7.1894E-06   1225.006
14251.00 0.39349544 3.9469E-31            4.3903E-31 1.2100E-07 1.4532E-08 5.5899E-08 4.9100E-09 1.7690E-07 1.13E-07 3.99E-06   0.933 0.6000 7.0286E-06   1221.562
14261.00 0.40054157 3.8740E-31            4.2661E-31 1.2973E-07 1.5231E-08 5.9991E-08 5.2011E-09 1.8972E-07 1.19E-07 4.12E-06   0.915 0.6000 7.2140E-06   1227.383
14271.00 0.38833326 3.5454E-31            3.9471E-31 1.1658E-07 1.4463E-08 5.3853E-08 4.7163E-09 1.7043E-07 1.08E-07 4.06E-06   0.946 0.6000 7.1715E-06   1220.263
14281.00 0.39820898 3.5210E-31            3.8631E-31 1.3084E-07 1.5132E-08 6.0021E-08 5.1671E-09 1.9086E-07 1.19E-07 4.08E-06   0.921 0.6000 7.1755E-06   1229.235
 -9999.
