T F 2    2    2    1    2    2    2    2    2    2    1    0    0 294.200   0.40
    1    1    1    0   18    0  50.00000   0.00000   0.00000   0.00000   0.00000
   1.000  10.000   0.140
 -99.00000 -99.00000 -99.00000  2.922432  0.000710 ! H2O & O3 COLUMNS [GM/CM2]
   40MID-LATITUDE SUMMER 
  10.00000   0.00000 180.00000  10.00000   0.00000   0.00000    0        0.00000
    0    2    1    0
   0.00000   0.00000   0.00000  45.00533   0.00000 270.00000   0.00000   0.00000
    9091.0   14286.0      10.0      10.0RN              
    0   0    0.000  0    0.000  0    1.000
    FREQ  TOT_TRANS  PTH_THRML  THRML_SCT  SURF_EMIS   SOL_SCAT  SING_SCAT  GRND_RFLT  DRCT_RFLT  TOTAL_RAD  REF_SOL  SOL@OBS   DEPTH DIR_EM    TOA_SUN BBODY_T[K]
 9091.00 0.73899788 4.5386E-21            1.9505E-20 2.2064E-08 5.1680E-09 3.7250E-07 2.9488E-07 3.9456E-07 3.27E-06 6.03E-06   0.302 0.6000 7.3883E-06    893.787
 9101.00 0.77801883 3.8115E-21            1.9609E-20 2.3482E-08 5.2362E-09 3.9927E-07 3.1321E-07 4.2275E-07 3.48E-06 5.89E-06   0.251 0.6000 7.2084E-06    898.807
 9111.00 0.82504863 2.9125E-21            1.9849E-20 2.7232E-08 5.5073E-09 4.5842E-07 3.5558E-07 4.8565E-07 3.95E-06 5.90E-06   0.192 0.6000 7.2268E-06    908.236
 9121.00 0.82488108 2.7268E-21            1.9006E-20 2.7243E-08 5.5080E-09 4.5839E-07 3.5543E-07 4.8563E-07 3.95E-06 5.89E-06   0.193 0.6000 7.2128E-06    909.023
 9131.00 0.81537920 2.7566E-21            1.7923E-20 2.6325E-08 5.4393E-09 4.4301E-07 3.4400E-07 4.6934E-07 3.82E-06 5.86E-06   0.204 0.6000 7.1706E-06    907.667
 9141.00 0.86433947 2.0228E-21            1.8147E-20 2.8493E-08 5.4637E-09 4.7595E-07 3.6718E-07 5.0445E-07 4.08E-06 5.62E-06   0.146 0.6000 6.8786E-06    913.005
 9151.00 0.81784928 2.4442E-21            1.6414E-20 2.8492E-08 5.6072E-09 4.6396E-07 3.5993E-07 4.9246E-07 4.00E-06 5.98E-06   0.201 0.6000 7.3243E-06    912.272
 9161.00 0.90841103 1.2559E-21            1.7416E-20 3.4800E-08 6.1450E-09 5.7162E-07 4.3706E-07 6.0642E-07 4.85E-06 6.05E-06   0.096 0.6000 7.4023E-06    926.421
 9171.00 0.85237116 1.8231E-21            1.5617E-20 3.0828E-08 5.9168E-09 5.1050E-07 3.9382E-07 5.4133E-07 4.37E-06 6.09E-06   0.160 0.6000 7.4596E-06    919.880
 9181.00 0.87729621 1.5132E-21            1.5352E-20 3.1775E-08 5.9559E-09 5.2546E-07 4.0416E-07 5.5723E-07 4.49E-06 5.99E-06   0.131 0.6000 7.3374E-06    922.535
 9191.00 0.90574998 1.1307E-21            1.5147E-20 3.4213E-08 6.1039E-09 5.6001E-07 4.2811E-07 5.9422E-07 4.75E-06 5.98E-06   0.099 0.6000 7.3153E-06    927.491
 9201.00 0.86828536 1.4510E-21            1.3880E-20 3.1238E-08 5.8653E-09 5.1096E-07 3.9336E-07 5.4220E-07 4.37E-06 5.91E-06   0.141 0.6000 7.2365E-06    922.362
 9211.00 0.87277418 1.3415E-21            1.3310E-20 3.2851E-08 6.1209E-09 5.3649E-07 4.1238E-07 5.6934E-07 4.58E-06 6.13E-06   0.136 0.6000 7.5017E-06    926.306
 9221.00 0.89325756 1.1057E-21            1.3029E-20 3.3787E-08 6.1865E-09 5.5226E-07 4.2315E-07 5.8605E-07 4.70E-06 6.08E-06   0.113 0.6000 7.4389E-06    928.979
 9231.00 0.89065039 1.0676E-21            1.2401E-20 3.3313E-08 6.0394E-09 5.4000E-07 4.1377E-07 5.7332E-07 4.60E-06 5.92E-06   0.116 0.6000 7.2538E-06    928.347
 9241.00 0.91390991 8.1617E-22            1.2167E-20 3.5044E-08 6.1639E-09 5.6613E-07 4.3188E-07 6.0118E-07 4.80E-06 5.91E-06   0.090 0.6000 7.2418E-06    932.233
 9251.00 0.89376360 9.5434E-22            1.1365E-20 3.4065E-08 6.1847E-09 5.5128E-07 4.2238E-07 5.8535E-07 4.69E-06 6.02E-06   0.112 0.6000 7.3662E-06    931.288
 9261.00 0.90484935 8.1709E-22            1.0987E-20 3.5674E-08 6.3425E-09 5.7414E-07 4.3856E-07 6.0981E-07 4.87E-06 6.10E-06   0.100 0.6000 7.4664E-06    934.761
 9271.00 0.92185599 6.4863E-22            1.0700E-20 3.6452E-08 6.3359E-09 5.8424E-07 4.4471E-07 6.2069E-07 4.94E-06 5.99E-06   0.081 0.6000 7.3400E-06    936.719
 9281.00 0.89232886 8.3805E-22            9.8925E-21 3.4877E-08 6.3382E-09 5.6029E-07 4.2833E-07 5.9516E-07 4.76E-06 6.13E-06   0.114 0.6000 7.5074E-06    934.760
 9291.00 0.92561394 5.5898E-22            9.8038E-21 3.7685E-08 6.5125E-09 6.0158E-07 4.5728E-07 6.3926E-07 5.08E-06 6.11E-06   0.077 0.6000 7.4866E-06    940.260
 9301.00 0.91093832 6.3530E-22            9.2208E-21 3.5650E-08 6.3123E-09 5.6970E-07 4.3453E-07 6.0535E-07 4.83E-06 5.98E-06   0.093 0.6000 7.3267E-06    937.465
 9311.00 0.91922420 5.4975E-22            8.8839E-21 3.7121E-08 6.4819E-09 5.9145E-07 4.5009E-07 6.2857E-07 5.00E-06 6.09E-06   0.084 0.6000 7.4561E-06    940.741
 9321.00 0.91703892 5.3650E-22            8.4706E-21 3.6102E-08 6.3842E-09 5.7722E-07 4.3929E-07 6.1332E-07 4.88E-06 6.00E-06   0.087 0.6000 7.3505E-06    939.918
 9331.00 0.91917968 4.9812E-22            8.1091E-21 3.6965E-08 6.5226E-09 5.9072E-07 4.4926E-07 6.2769E-07 4.99E-06 6.10E-06   0.084 0.6000 7.4831E-06    942.242
 9341.00 0.91933483 4.6980E-22            7.7500E-21 3.6848E-08 6.5048E-09 5.8840E-07 4.4733E-07 6.2525E-07 4.97E-06 6.08E-06   0.084 0.6000 7.4501E-06    942.782
 9351.00 0.91374660 4.7819E-22            7.3575E-21 3.4801E-08 6.2292E-09 5.5720E-07 4.2411E-07 5.9200E-07 4.71E-06 5.84E-06   0.090 0.6000 7.1583E-06    939.977
 9361.00 0.91837251 4.2204E-22            7.0652E-21 3.6241E-08 6.4498E-09 5.8048E-07 4.4119E-07 6.1672E-07 4.90E-06 6.01E-06   0.085 0.6000 7.3810E-06    943.467
 9371.00 0.91669232 4.1052E-22            6.7368E-21 3.6589E-08 6.5401E-09 5.8567E-07 4.4521E-07 6.2226E-07 4.94E-06 6.09E-06   0.087 0.6000 7.4787E-06    944.854
 9381.00 0.91894513 3.7845E-22            6.4519E-21 3.6714E-08 6.5360E-09 5.8629E-07 4.4534E-07 6.2301E-07 4.95E-06 6.06E-06   0.085 0.6000 7.4430E-06    945.731
 9391.00 0.91721857 3.7049E-22            6.1519E-21 3.7250E-08 6.6564E-09 5.9371E-07 4.5104E-07 6.3096E-07 5.01E-06 6.17E-06   0.086 0.6000 7.5710E-06    947.368
 9401.00 0.92012948 3.4203E-22            5.8957E-21 3.7466E-08 6.6449E-09 5.9424E-07 4.5110E-07 6.3170E-07 5.01E-06 6.12E-06   0.083 0.6000 7.5142E-06    948.243
 9411.00 0.91955370 3.3160E-22            5.6287E-21 3.7466E-08 6.6479E-09 5.9210E-07 4.4945E-07 6.2957E-07 4.99E-06 6.11E-06   0.084 0.6000 7.4958E-06    948.814
 9421.00 0.92197794 3.0801E-22            5.3913E-21 3.7822E-08 6.6674E-09 5.9487E-07 4.5125E-07 6.3269E-07 5.01E-06 6.09E-06   0.081 0.6000 7.4780E-06    949.940
 9431.00 0.92277449 2.9217E-22            5.1548E-21 3.7859E-08 6.6565E-09 5.9316E-07 4.4980E-07 6.3102E-07 5.00E-06 6.06E-06   0.080 0.6000 7.4376E-06    950.560
 9441.00 0.92337012 2.7815E-22            4.9276E-21 3.7971E-08 6.6627E-09 5.9269E-07 4.4930E-07 6.3066E-07 4.99E-06 6.05E-06   0.080 0.6000 7.4170E-06    951.318
 9451.00 0.92448413 2.6361E-22            4.7130E-21 3.8440E-08 6.7195E-09 5.9716E-07 4.5252E-07 6.3560E-07 5.03E-06 6.07E-06   0.079 0.6000 7.4469E-06    952.635
 9461.00 0.92596465 2.4863E-22            4.5095E-21 3.9434E-08 6.8604E-09 6.0952E-07 4.6168E-07 6.4896E-07 5.13E-06 6.17E-06   0.077 0.6000 7.5672E-06    954.821
 9471.00 0.92703569 2.3538E-22            4.3129E-21 3.9768E-08 6.8916E-09 6.1168E-07 4.6315E-07 6.5145E-07 5.14E-06 6.17E-06   0.076 0.6000 7.5686E-06    955.875
 9481.00 0.92813724 2.2123E-22            4.1250E-21 4.0056E-08 6.9152E-09 6.1326E-07 4.6417E-07 6.5332E-07 5.15E-06 6.17E-06   0.075 0.6000 7.5627E-06    956.864
 9491.00 0.92899746 2.0963E-22            3.9442E-21 4.0000E-08 6.8852E-09 6.0989E-07 4.6146E-07 6.4989E-07 5.12E-06 6.12E-06   0.074 0.6000 7.5010E-06    957.308
 9501.00 0.92934352 2.0011E-22            3.7693E-21 4.0413E-08 6.9462E-09 6.1403E-07 4.6449E-07 6.5444E-07 5.16E-06 6.15E-06   0.073 0.6000 7.5429E-06    958.573
 9511.00 0.92980826 1.9072E-22            3.6025E-21 4.0664E-08 6.9763E-09 6.1555E-07 4.6552E-07 6.5622E-07 5.17E-06 6.16E-06   0.073 0.6000 7.5499E-06    959.552
 9521.00 0.93030775 1.8114E-22            3.4433E-21 4.0830E-08 6.9944E-09 6.1617E-07 4.6586E-07 6.5700E-07 5.17E-06 6.16E-06   0.072 0.6000 7.5456E-06    960.429
 9531.00 0.93052357 1.7271E-22            3.2900E-21 4.1060E-08 7.0294E-09 6.1795E-07 4.6711E-07 6.5901E-07 5.19E-06 6.17E-06   0.072 0.6000 7.5615E-06    961.431
 9541.00 0.93104011 1.6467E-22            3.1446E-21 4.1308E-08 7.0563E-09 6.1915E-07 4.6789E-07 6.6046E-07 5.20E-06 6.17E-06   0.071 0.6000 7.5625E-06    962.376
 9551.00 0.93115485 1.5732E-22            3.0043E-21 4.1055E-08 7.0101E-09 6.1367E-07 4.6366E-07 6.5473E-07 5.15E-06 6.11E-06   0.071 0.6000 7.4917E-06    962.584
 9561.00 0.93129289 1.5016E-22            2.8704E-21 4.0750E-08 6.9554E-09 6.0751E-07 4.5891E-07 6.4826E-07 5.10E-06 6.05E-06   0.071 0.6000 7.4123E-06    962.711
 9571.00 0.93125504 1.4371E-22            2.7418E-21 4.1615E-08 7.1040E-09 6.1890E-07 4.6744E-07 6.6052E-07 5.19E-06 6.16E-06   0.071 0.6000 7.5504E-06    964.771
 9581.00 0.93147534 1.3695E-22            2.6198E-21 4.1819E-08 7.1343E-09 6.2026E-07 4.6837E-07 6.6208E-07 5.20E-06 6.17E-06   0.071 0.6000 7.5610E-06    965.727
 9591.00 0.93128079 1.3127E-22            2.5020E-21 4.1613E-08 7.1043E-09 6.1592E-07 4.6503E-07 6.5753E-07 5.16E-06 6.13E-06   0.071 0.6000 7.5108E-06    966.057
 9601.00 0.93096650 1.2603E-22            2.3893E-21 4.2044E-08 7.1860E-09 6.2112E-07 4.6891E-07 6.6317E-07 5.21E-06 6.19E-06   0.072 0.6000 7.5795E-06    967.430
 9611.00 0.93121302 1.2000E-22            2.2829E-21 4.1938E-08 7.1637E-09 6.1799E-07 4.6643E-07 6.5993E-07 5.18E-06 6.15E-06   0.071 0.6000 7.5350E-06    967.894
 9621.00 0.93112332 1.1484E-22            2.1806E-21 4.2000E-08 7.1769E-09 6.1752E-07 4.6600E-07 6.5952E-07 5.18E-06 6.15E-06   0.071 0.6000 7.5299E-06    968.647
 9631.00 0.93098634 1.0999E-22            2.0827E-21 4.2057E-08 7.1901E-09 6.1699E-07 4.6553E-07 6.5904E-07 5.17E-06 6.14E-06   0.072 0.6000 7.5249E-06    969.394
 9641.00 0.93090326 1.0509E-22            1.9893E-21 4.1857E-08 7.1604E-09 6.1291E-07 4.6237E-07 6.5477E-07 5.13E-06 6.10E-06   0.072 0.6000 7.4759E-06    969.748
 9651.00 0.93057102 1.0102E-22            1.8996E-21 4.2555E-08 7.2869E-09 6.2179E-07 4.6902E-07 6.6435E-07 5.21E-06 6.19E-06   0.072 0.6000 7.5893E-06    971.529
 9661.00 0.93109232 9.5842E-23            1.8155E-21 4.2242E-08 7.2231E-09 6.1545E-07 4.6410E-07 6.5769E-07 5.15E-06 6.12E-06   0.071 0.6000 7.4997E-06    971.639
 9671.00 0.93039542 9.2495E-23            1.7330E-21 4.2246E-08 7.2392E-09 6.1453E-07 4.6339E-07 6.5678E-07 5.15E-06 6.12E-06   0.072 0.6000 7.5015E-06    972.340
 9681.00 0.93036592 8.8459E-23            1.6553E-21 4.2232E-08 7.2374E-09 6.1289E-07 4.6206E-07 6.5512E-07 5.13E-06 6.11E-06   0.072 0.6000 7.4807E-06    972.963
 9691.00 0.92959052 8.5370E-23            1.5799E-21 4.2813E-08 7.3542E-09 6.2043E-07 4.6774E-07 6.6324E-07 5.19E-06 6.19E-06   0.073 0.6000 7.5873E-06    974.596
 9701.00 0.92895544 8.2398E-23            1.5081E-21 4.2757E-08 7.3586E-09 6.1856E-07 4.6631E-07 6.6131E-07 5.18E-06 6.18E-06   0.074 0.6000 7.5768E-06    975.192
 9711.00 0.92910069 7.8505E-23            1.4408E-21 4.2774E-08 7.3624E-09 6.1755E-07 4.6545E-07 6.6032E-07 5.17E-06 6.17E-06   0.074 0.6000 7.5604E-06    975.884
 9721.00 0.92612886 7.8107E-23            1.3719E-21 4.2469E-08 7.3676E-09 6.1320E-07 4.6239E-07 6.5567E-07 5.13E-06 6.17E-06   0.077 0.6000 7.5664E-06    976.197
 9731.00 0.92315555 7.7456E-23            1.3063E-21 4.2406E-08 7.4083E-09 6.1206E-07 4.6175E-07 6.5446E-07 5.13E-06 6.21E-06   0.080 0.6000 7.6088E-06    976.865
 9741.00 0.92684078 7.0547E-23            1.2527E-21 4.2928E-08 7.4376E-09 6.1689E-07 4.6492E-07 6.5982E-07 5.16E-06 6.20E-06   0.076 0.6000 7.5946E-06    978.215
 9751.00 0.92640084 6.7781E-23            1.1960E-21 4.2998E-08 7.4647E-09 6.1712E-07 4.6506E-07 6.6011E-07 5.16E-06 6.21E-06   0.076 0.6000 7.6062E-06    979.039
 9761.00 0.92333335 6.7193E-23            1.1389E-21 4.2671E-08 7.4498E-09 6.1152E-07 4.6105E-07 6.5419E-07 5.12E-06 6.20E-06   0.080 0.6000 7.5918E-06    979.217
 9771.00 0.91662985 6.9847E-23            1.0796E-21 4.1874E-08 7.4361E-09 6.0171E-07 4.5423E-07 6.4358E-07 5.04E-06 6.21E-06   0.087 0.6000 7.6047E-06    978.895
 9781.00 0.92539752 5.9787E-23            1.0412E-21 4.2721E-08 7.4302E-09 6.0904E-07 4.5881E-07 6.5177E-07 5.10E-06 6.14E-06   0.078 0.6000 7.5202E-06    980.550
 9791.00 0.92524028 5.7299E-23            9.9439E-22 4.2708E-08 7.4418E-09 6.0812E-07 4.5805E-07 6.5083E-07 5.09E-06 6.13E-06   0.078 0.6000 7.5133E-06    981.245
 9801.00 0.92575788 5.4264E-23            9.5045E-22 4.3003E-08 7.4816E-09 6.1063E-07 4.5979E-07 6.5363E-07 5.11E-06 6.15E-06   0.077 0.6000 7.5312E-06    982.331
 9811.00 0.91838783 5.6753E-23            9.0054E-22 4.1722E-08 7.3696E-09 5.9274E-07 4.4678E-07 6.3446E-07 4.96E-06 6.08E-06   0.085 0.6000 7.4494E-06    981.090
 9821.00 0.92779911 4.8232E-23            8.6907E-22 4.3551E-08 7.5415E-09 6.1473E-07 4.6251E-07 6.5828E-07 5.14E-06 6.15E-06   0.075 0.6000 7.5386E-06    984.402
 9831.00 0.92432779 4.8235E-23            8.2699E-22 4.3195E-08 7.5522E-09 6.1030E-07 4.5945E-07 6.5350E-07 5.10E-06 6.16E-06   0.079 0.6000 7.5540E-06    984.695
 9841.00 0.92627829 4.4908E-23            7.9161E-22 4.3495E-08 7.5625E-09 6.1201E-07 4.6048E-07 6.5551E-07 5.11E-06 6.15E-06   0.077 0.6000 7.5312E-06    985.698
 9851.00 0.92266423 4.4918E-23            7.5317E-22 4.3013E-08 7.5525E-09 6.0587E-07 4.5614E-07 6.4888E-07 5.07E-06 6.14E-06   0.080 0.6000 7.5270E-06    985.793
 9861.00 0.92490709 4.1743E-23            7.2110E-22 4.3734E-08 7.6427E-09 6.1385E-07 4.6180E-07 6.5759E-07 5.13E-06 6.19E-06   0.078 0.6000 7.5825E-06    987.500
 9871.00 0.92544228 3.9538E-23            6.8924E-22 4.3980E-08 7.6735E-09 6.1557E-07 4.6296E-07 6.5954E-07 5.14E-06 6.19E-06   0.077 0.6000 7.5902E-06    988.497
 9881.00 0.91973525 4.0524E-23            6.5426E-22 4.3256E-08 7.6551E-09 6.0659E-07 4.5668E-07 6.4985E-07 5.07E-06 6.19E-06   0.084 0.6000 7.5923E-06    988.271
 9891.00 0.92394799 3.6799E-23            6.2781E-22 4.3945E-08 7.7064E-09 6.1350E-07 4.6139E-07 6.5745E-07 5.12E-06 6.20E-06   0.079 0.6000 7.5945E-06    989.862
 9901.00 0.91124409 4.0651E-23            5.9149E-22 4.2316E-08 7.6540E-09 5.9481E-07 4.4859E-07 6.3713E-07 4.98E-06 6.21E-06   0.093 0.6000 7.6106E-06    988.496
 9911.00 0.91018510 3.9343E-23            5.6413E-22 4.2220E-08 7.6443E-09 5.9170E-07 4.4617E-07 6.3392E-07 4.95E-06 6.19E-06   0.094 0.6000 7.5896E-06    988.941
 9921.00 0.91814172 3.4423E-23            5.4362E-22 4.3486E-08 7.7275E-09 6.0485E-07 4.5516E-07 6.4834E-07 5.05E-06 6.20E-06   0.085 0.6000 7.5966E-06    991.276
 9931.00 0.92322308 3.0918E-23            5.2212E-22 4.3990E-08 7.7365E-09 6.0924E-07 4.5790E-07 6.5323E-07 5.09E-06 6.16E-06   0.080 0.6000 7.5522E-06    992.585
 9941.00 0.92083216 3.0400E-23            4.9744E-22 4.2345E-08 7.4833E-09 5.8569E-07 4.4035E-07 6.2803E-07 4.89E-06 5.96E-06   0.082 0.6000 7.3019E-06    990.669
 9951.00 0.92051786 2.9215E-23            4.7495E-22 4.1516E-08 7.3429E-09 5.7277E-07 4.3058E-07 6.1428E-07 4.78E-06 5.83E-06   0.083 0.6000 7.1481E-06    989.941
 9961.00 0.91799533 2.8726E-23            4.5236E-22 4.3326E-08 7.7004E-09 5.9694E-07 4.4884E-07 6.4027E-07 4.98E-06 6.11E-06   0.086 0.6000 7.4944E-06    993.576
 9971.00 0.91823560 2.7322E-23            4.3231E-22 4.3819E-08 7.7975E-09 6.0303E-07 4.5342E-07 6.4685E-07 5.04E-06 6.17E-06   0.085 0.6000 7.5675E-06    995.070
 9981.00 0.90118271 3.1457E-23            4.0511E-22 4.2095E-08 7.7657E-09 5.8262E-07 4.4001E-07 6.2472E-07 4.89E-06 6.22E-06   0.104 0.6000 7.6271E-06    993.463
 9991.00 0.92248642 2.3732E-23            3.9613E-22 4.4934E-08 7.9214E-09 6.1418E-07 4.6115E-07 6.5911E-07 5.12E-06 6.22E-06   0.081 0.6000 7.6202E-06    997.950
10001.00 0.91709834 2.4205E-23            3.7616E-22 4.4038E-08 7.8644E-09 6.0254E-07 4.5286E-07 6.4658E-07 5.03E-06 6.19E-06   0.087 0.6000 7.5822E-06    997.412
10011.00 0.91992325 2.2377E-23            3.6036E-22 4.4593E-08 7.9175E-09 6.0813E-07 4.5672E-07 6.5272E-07 5.07E-06 6.20E-06   0.083 0.6000 7.5949E-06    998.856
10021.00 0.92120343 2.1001E-23            3.4468E-22 4.5006E-08 7.9631E-09 6.1182E-07 4.5924E-07 6.5682E-07 5.10E-06 6.21E-06   0.082 0.6000 7.6120E-06   1000.081
10031.00 0.92156476 2.0005E-23            3.2935E-22 4.5155E-08 7.9870E-09 6.1234E-07 4.5949E-07 6.5749E-07 5.10E-06 6.21E-06   0.082 0.6000 7.6128E-06   1000.942
10041.00 0.92022634 1.9458E-23            3.1412E-22 4.4922E-08 7.9808E-09 6.0875E-07 4.5688E-07 6.5367E-07 5.07E-06 6.20E-06   0.083 0.6000 7.5964E-06   1001.328
10051.00 0.92238039 1.8055E-23            3.0072E-22 4.5377E-08 8.0175E-09 6.1272E-07 4.5952E-07 6.5810E-07 5.10E-06 6.20E-06   0.081 0.6000 7.5992E-06   1002.586
10061.00 0.91824526 1.8145E-23            2.8595E-22 4.4907E-08 8.0209E-09 6.0683E-07 4.5542E-07 6.5173E-07 5.06E-06 6.21E-06   0.085 0.6000 7.6105E-06   1002.701
10071.00 0.89678627 2.1708E-23            2.6672E-22 4.2388E-08 7.8910E-09 5.7485E-07 4.3307E-07 6.1724E-07 4.81E-06 6.20E-06   0.109 0.6000 7.6024E-06    999.725
10081.00 0.91544247 1.7153E-23            2.6004E-22 4.4518E-08 8.0116E-09 6.0012E-07 4.5052E-07 6.4464E-07 5.00E-06 6.18E-06   0.088 0.6000 7.5822E-06   1003.519
10091.00 0.90651983 1.8015E-23            2.4599E-22 4.3384E-08 7.9504E-09 5.8515E-07 4.3991E-07 6.2854E-07 4.89E-06 6.17E-06   0.098 0.6000 7.5624E-06   1002.554
10101.00 0.88725489 2.0798E-23            2.2989E-22 4.0760E-08 7.7909E-09 5.5187E-07 4.1639E-07 5.9263E-07 4.62E-06 6.12E-06   0.120 0.6000 7.5113E-06    999.283
10111.00 0.91160142 1.5667E-23            2.2560E-22 4.3746E-08 7.9545E-09 5.8707E-07 4.4085E-07 6.3081E-07 4.90E-06 6.11E-06   0.093 0.6000 7.4926E-06   1004.379
10121.00 0.88674629 1.8792E-23            2.0971E-22 4.1952E-08 7.9239E-09 5.6323E-07 4.2517E-07 6.0518E-07 4.72E-06 6.19E-06   0.120 0.6000 7.5886E-06   1002.297
10131.00 0.87633014 1.9723E-23            1.9777E-22 4.0452E-08 7.8325E-09 5.4381E-07 4.1139E-07 5.8427E-07 4.57E-06 6.16E-06   0.132 0.6000 7.5528E-06   1000.661
10141.00 0.89515817 1.6124E-23            1.9307E-22 4.2406E-08 7.9758E-09 5.6767E-07 4.2759E-07 6.1007E-07 4.75E-06 6.16E-06   0.111 0.6000 7.5589E-06   1004.425
10151.00 0.82766861 2.4327E-23            1.7056E-22 3.6623E-08 7.6100E-09 4.8709E-07 3.7320E-07 5.2372E-07 4.14E-06 6.19E-06   0.189 0.6000 7.5928E-06    994.761
10161.00 0.84794182 2.0578E-23            1.6674E-22 3.8203E-08 7.7311E-09 5.1170E-07 3.8895E-07 5.4991E-07 4.32E-06 6.17E-06   0.165 0.6000 7.5665E-06    998.860
10171.00 0.80521786 2.3753E-23            1.5141E-22 3.5582E-08 7.4953E-09 4.7096E-07 3.6008E-07 5.0654E-07 4.00E-06 6.17E-06   0.217 0.6000 7.5666E-06    994.064
10181.00 0.79694176 2.4155E-23            1.4292E-22 3.4429E-08 7.4869E-09 4.5616E-07 3.5031E-07 4.9059E-07 3.89E-06 6.20E-06   0.227 0.6000 7.6043E-06    992.685
10191.00 0.82706988 2.0064E-23            1.4172E-22 3.6538E-08 7.6923E-09 4.8735E-07 3.7203E-07 5.2389E-07 4.13E-06 6.21E-06   0.190 0.6000 7.6154E-06    997.901
10201.00 0.73690218 2.6565E-23            1.2070E-22 3.0708E-08 7.0877E-09 3.9671E-07 3.0663E-07 4.2742E-07 3.41E-06 6.15E-06   0.305 0.6000 7.5497E-06    985.039
10211.00 0.70960397 2.7607E-23            1.1088E-22 2.8259E-08 6.8924E-09 3.6488E-07 2.8345E-07 3.9314E-07 3.15E-06 6.12E-06   0.343 0.6000 7.5097E-06    980.312
10221.00 0.72293109 2.5150E-23            1.0795E-22 2.9540E-08 7.0017E-09 3.7995E-07 2.9444E-07 4.0949E-07 3.27E-06 6.13E-06   0.324 0.6000 7.5283E-06    983.754
10231.00 0.78382444 1.9685E-23            1.1177E-22 3.3956E-08 7.4372E-09 4.4186E-07 3.3892E-07 4.7581E-07 3.76E-06 6.16E-06   0.244 0.6000 7.5645E-06    994.508
10241.00 0.64581352 2.7479E-23            8.8057E-23 2.4813E-08 6.5422E-09 3.1214E-07 2.4274E-07 3.3695E-07 2.70E-06 6.11E-06   0.437 0.6000 7.5088E-06    972.612
10251.00 0.67194659 2.5064E-23            8.7320E-23 2.6611E-08 6.7767E-09 3.3351E-07 2.5998E-07 3.6012E-07 2.89E-06 6.18E-06   0.398 0.6000 7.5975E-06    977.664
10261.00 0.67086196 2.3647E-23            8.3421E-23 2.5861E-08 6.6617E-09 3.2719E-07 2.5372E-07 3.5305E-07 2.82E-06 6.08E-06   0.399 0.6000 7.4726E-06    977.144
10271.00 0.66484708 2.3028E-23            7.8749E-23 2.5946E-08 6.6958E-09 3.2766E-07 2.5359E-07 3.5360E-07 2.82E-06 6.10E-06   0.408 0.6000 7.4992E-06    978.008
10281.00 0.72903252 1.8861E-23            8.2546E-23 2.9987E-08 7.1907E-09 3.8359E-07 2.9594E-07 4.1358E-07 3.29E-06 6.18E-06   0.316 0.6000 7.5867E-06    989.024
10291.00 0.76140082 1.5408E-23            8.2386E-23 3.3045E-08 7.4278E-09 4.2578E-07 3.2509E-07 4.5883E-07 3.61E-06 6.19E-06   0.273 0.6000 7.6000E-06    996.711
10301.00 0.77196229 1.4241E-23            7.9869E-23 3.3566E-08 7.4536E-09 4.3304E-07 3.3037E-07 4.6661E-07 3.67E-06 6.14E-06   0.259 0.6000 7.5360E-06    998.614
10311.00 0.74928272 1.5469E-23            7.3895E-23 3.1635E-08 7.4021E-09 4.0743E-07 3.1306E-07 4.3907E-07 3.48E-06 6.18E-06   0.289 0.6000 7.5858E-06    995.309
10321.00 0.73564541 1.5403E-23            6.9421E-23 3.0277E-08 7.2949E-09 3.8932E-07 2.9950E-07 4.1959E-07 3.33E-06 6.16E-06   0.307 0.6000 7.5612E-06    993.057
10331.00 0.74700373 1.3080E-23            6.7192E-23 3.2491E-08 7.3252E-09 4.1435E-07 3.1547E-07 4.4684E-07 3.50E-06 6.12E-06   0.292 0.6000 7.5159E-06    998.025
10341.00 0.56308913 1.9656E-23            4.8618E-23 2.1066E-08 6.2178E-09 2.5105E-07 1.9699E-07 2.7211E-07 2.19E-06 6.14E-06   0.574 0.6000 7.5583E-06    966.613
10351.00 0.53655511 2.0369E-23            4.3957E-23 1.8327E-08 5.9388E-09 2.1479E-07 1.7109E-07 2.3311E-07 1.90E-06 6.03E-06   0.623 0.6000 7.4168E-06    957.742
10361.00 0.53881627 1.8976E-23            4.2297E-23 1.8531E-08 6.0664E-09 2.2123E-07 1.7671E-07 2.3977E-07 1.96E-06 6.11E-06   0.618 0.6000 7.5170E-06    960.225
10371.00 0.49088249 1.7840E-23            3.6756E-23 1.8689E-08 5.7837E-09 2.1264E-07 1.6678E-07 2.3133E-07 1.85E-06 6.09E-06   0.712 0.6000 7.4998E-06    958.760
10381.00 0.56428432 1.6340E-23            4.0407E-23 2.1232E-08 6.2743E-09 2.5209E-07 1.9667E-07 2.7332E-07 2.18E-06 6.10E-06   0.572 0.6000 7.5039E-06    969.900
10391.00 0.41102228 1.8991E-23            2.8031E-23 1.4280E-08 5.2779E-09 1.4238E-07 1.1407E-07 1.5666E-07 1.27E-06 6.07E-06   0.889 0.6000 7.4884E-06    936.800
10401.00 0.51220936 1.6507E-23            3.3475E-23 1.9132E-08 6.0755E-09 2.1179E-07 1.6748E-07 2.3092E-07 1.86E-06 6.17E-06   0.669 0.6000 7.5955E-06    960.890
10411.00 0.46093959 1.6472E-23            2.8691E-23 1.5883E-08 5.6069E-09 1.7090E-07 1.3584E-07 1.8678E-07 1.51E-06 6.07E-06   0.774 0.6000 7.4817E-06    948.716
10421.00 0.33257750 1.7194E-23            1.9863E-23 1.1328E-08 4.8588E-09 9.8239E-08 8.0328E-08 1.0957E-07 8.92E-07 6.15E-06   1.101 0.6000 7.5892E-06    918.432
10431.00 0.41239083 1.5088E-23            2.3376E-23 1.4765E-08 5.4120E-09 1.5028E-07 1.1954E-07 1.6504E-07 1.33E-06 6.17E-06   0.886 0.6000 7.6090E-06    942.805
10441.00 0.51422465 1.3191E-23            2.7893E-23 1.8582E-08 6.0108E-09 2.0861E-07 1.6420E-07 2.2720E-07 1.82E-06 6.09E-06   0.665 0.6000 7.5062E-06    962.868
10451.00 0.33451614 1.4869E-23            1.7333E-23 1.1983E-08 4.8775E-09 1.0317E-07 8.2136E-08 1.1515E-07 9.12E-07 6.07E-06   1.095 0.6000 7.5160E-06    923.401
10461.00 0.34204802 1.3900E-23            1.6954E-23 1.2178E-08 4.9065E-09 1.0845E-07 8.6646E-08 1.2063E-07 9.62E-07 6.06E-06   1.073 0.6000 7.4884E-06    926.765
10471.00 0.36791906 1.3478E-23            1.7414E-23 1.1508E-08 4.8279E-09 1.0511E-07 8.4839E-08 1.1661E-07 9.42E-07 5.73E-06   1.000 0.6000 7.0966E-06    925.558
10481.00 0.40367836 1.2589E-23            1.8165E-23 1.3435E-08 5.2879E-09 1.2896E-07 1.0324E-07 1.4240E-07 1.15E-06 5.98E-06   0.907 0.6000 7.3966E-06    937.786
10491.00 0.35280937 1.2230E-23            1.5277E-23 1.2054E-08 5.0366E-09 1.0675E-07 8.6456E-08 1.1880E-07 9.60E-07 6.09E-06   1.042 0.6000 7.5336E-06    928.059
10501.00 0.22427456 1.2033E-23            9.2195E-24 7.9833E-09 4.1627E-09 4.5441E-08 3.7393E-08 5.3424E-08 4.15E-07 6.08E-06   1.495 0.6000 7.5876E-06    885.288
10511.00 0.47504953 1.0817E-23            1.8607E-23 1.5693E-08 5.9255E-09 1.6188E-07 1.2899E-07 1.7758E-07 1.43E-06 6.14E-06   0.744 0.6000 7.5650E-06    953.047
10521.00 0.28378958 9.9663E-24            1.0767E-23 1.0058E-08 4.5373E-09 8.0386E-08 6.4010E-08 9.0444E-08 7.11E-07 6.06E-06   1.260 0.6000 7.5614E-06    914.890
10531.00 0.30147231 9.6065E-24            1.0709E-23 1.0897E-08 4.7338E-09 9.0239E-08 7.1596E-08 1.0114E-07 7.95E-07 6.11E-06   1.199 0.6000 7.6148E-06    921.826
10541.00 0.34626970 9.2329E-24            1.1923E-23 1.1549E-08 5.0186E-09 1.0283E-07 8.2212E-08 1.1438E-07 9.13E-07 6.11E-06   1.061 0.6000 7.6042E-06    929.499
10551.00 0.29921848 8.9620E-24            9.7646E-24 1.0574E-08 4.7418E-09 8.4814E-08 6.7721E-08 9.5388E-08 7.52E-07 6.11E-06   1.207 0.6000 7.5920E-06    919.983
10561.00 0.30606082 8.7872E-24            9.5755E-24 1.0319E-08 4.7873E-09 8.2183E-08 6.6158E-08 9.2502E-08 7.35E-07 6.08E-06   1.184 0.6000 7.5532E-06    918.986
10571.00 0.24169956 7.9500E-24            7.1957E-24 8.7068E-09 4.2504E-09 5.7234E-08 4.5658E-08 6.5941E-08 5.07E-07 6.02E-06   1.420 0.6000 7.5396E-06    901.253
10581.00 0.34069791 8.0282E-24            9.7275E-24 1.1620E-08 5.0048E-09 9.7254E-08 7.7283E-08 1.0887E-07 8.58E-07 6.03E-06   1.077 0.6000 7.4809E-06    929.569
10591.00 0.22126882 7.0129E-24            5.9638E-24 8.3172E-09 4.0088E-09 5.4940E-08 4.3304E-08 6.3257E-08 4.81E-07 5.86E-06   1.508 0.6000 7.3912E-06    900.438
10601.00 0.28835601 6.7577E-24            7.5334E-24 1.0102E-08 4.5385E-09 7.8907E-08 6.1726E-08 8.9009E-08 6.85E-07 5.95E-06   1.244 0.6000 7.4831E-06    919.695
10611.00 0.34382904 7.0239E-24            8.4926E-24 1.1159E-08 5.0093E-09 9.1215E-08 7.2334E-08 1.0237E-07 8.03E-07 5.99E-06   1.068 0.6000 7.4735E-06    928.234
10621.00 0.37675327 6.8695E-24            8.9358E-24 1.1502E-08 5.0507E-09 9.9886E-08 7.9337E-08 1.1139E-07 8.81E-07 5.77E-06   0.976 0.6000 7.1416E-06    933.739
10631.00 0.37277293 6.7977E-24            8.4204E-24 1.1648E-08 5.2592E-09 9.9081E-08 8.1139E-08 1.1073E-07 9.01E-07 5.98E-06   0.987 0.6000 7.3919E-06    934.119
10641.00 0.49972159 5.7535E-24            1.0781E-23 1.7262E-08 6.2638E-09 1.7799E-07 1.4097E-07 1.9525E-07 1.57E-06 6.12E-06   0.694 0.6000 7.5446E-06    968.374
10651.00 0.31287965 5.3576E-24            6.5014E-24 1.1087E-08 4.8576E-09 9.2097E-08 7.2601E-08 1.0318E-07 8.06E-07 6.06E-06   1.162 0.6000 7.5639E-06    931.541
10661.00 0.17172319 5.3056E-24            3.3824E-24 6.7418E-09 3.8533E-09 2.8069E-08 2.2816E-08 3.4811E-08 2.53E-07 6.01E-06   1.762 0.6000 7.5933E-06    874.504
10671.00 0.16096723 5.0921E-24            3.0214E-24 6.5292E-09 3.8094E-09 2.5620E-08 2.0962E-08 3.2149E-08 2.33E-07 6.01E-06   1.827 0.6000 7.5846E-06    871.233
10681.00 0.18640472 4.8458E-24            3.3684E-24 6.9570E-09 3.9196E-09 3.1564E-08 2.5525E-08 3.8521E-08 2.83E-07 5.96E-06   1.680 0.6000 7.5010E-06    880.948
10691.00 0.23237753 4.4570E-24            3.9711E-24 8.2465E-09 4.2638E-09 5.0585E-08 4.0159E-08 5.8831E-08 4.46E-07 5.99E-06   1.459 0.6000 7.5250E-06    903.562
10701.00 0.11136502 3.7707E-24            1.8362E-24 5.8455E-09 3.3412E-09 1.6363E-08 1.3215E-08 2.2209E-08 1.47E-07 5.97E-06   2.195 0.6000 7.6028E-06    855.321
10711.00 0.16023454 4.4070E-24            2.4879E-24 7.0582E-09 3.9717E-09 2.5445E-08 2.0882E-08 3.2503E-08 2.32E-07 6.08E-06   1.831 0.6000 7.6107E-06    874.485
10721.00 0.19512220 4.2879E-24            2.9195E-24 8.1131E-09 4.2402E-09 3.6562E-08 2.9574E-08 4.4675E-08 3.28E-07 6.09E-06   1.634 0.6000 7.5927E-06    891.247
10731.00 0.24703114 3.8394E-24            3.5091E-24 9.4389E-09 4.5423E-09 5.9836E-08 4.8457E-08 6.9274E-08 5.38E-07 6.07E-06   1.398 0.6000 7.5570E-06    915.124
10741.00 0.36504117 3.8327E-24            4.9660E-24 1.3507E-08 5.5525E-09 1.1304E-07 9.0747E-08 1.2654E-07 1.01E-06 6.14E-06   1.008 0.6000 7.5987E-06    949.736
10751.00 0.41283426 3.6821E-24            5.3686E-24 1.4957E-08 5.9479E-09 1.3703E-07 1.1033E-07 1.5198E-07 1.23E-06 6.14E-06   0.885 0.6000 7.5686E-06    961.277
10761.00 0.50515395 3.3494E-24            6.2712E-24 1.8591E-08 6.5890E-09 1.8962E-07 1.5169E-07 2.0821E-07 1.68E-06 6.10E-06   0.683 0.6000 7.5094E-06    981.196
10771.00 0.53095573 3.0380E-24            6.2918E-24 1.9995E-08 6.8349E-09 2.1177E-07 1.6730E-07 2.3176E-07 1.86E-06 6.19E-06   0.633 0.6000 7.6113E-06    988.646
10781.00 0.66664779 2.2805E-24            7.5322E-24 2.7633E-08 7.7639E-09 3.1740E-07 2.4537E-07 3.4503E-07 2.72E-06 6.20E-06   0.405 0.6000 7.6222E-06   1015.154
10791.00 0.75308865 1.7228E-24            8.1534E-24 3.3450E-08 8.2342E-09 3.9229E-07 2.9945E-07 4.2574E-07 3.33E-06 6.08E-06   0.284 0.6000 7.4710E-06   1030.079
10801.00 0.75020051 1.6526E-24            7.7445E-24 3.2342E-08 8.0014E-09 3.7853E-07 2.8997E-07 4.1087E-07 3.22E-06 5.93E-06   0.287 0.6000 7.2822E-06   1028.417
10811.00 0.72100544 1.6689E-24            7.1153E-24 3.1859E-08 8.0057E-09 3.6861E-07 2.8296E-07 4.0047E-07 3.14E-06 6.06E-06   0.327 0.6000 7.4552E-06   1027.438
10821.00 0.70441246 1.7139E-24            6.6325E-24 2.9606E-08 7.8546E-09 3.4374E-07 2.6522E-07 3.7335E-07 2.95E-06 6.01E-06   0.350 0.6000 7.3925E-06   1023.460
10831.00 0.75944817 1.3721E-24            6.8261E-24 3.2886E-08 7.9352E-09 3.8477E-07 2.9375E-07 4.1765E-07 3.26E-06 5.78E-06   0.275 0.6000 7.1062E-06   1031.824
10841.00 0.78400272 1.1375E-24            6.7394E-24 3.7718E-08 8.4245E-09 4.3804E-07 3.3153E-07 4.7576E-07 3.68E-06 5.98E-06   0.243 0.6000 7.3512E-06   1041.569
10851.00 0.73526013 1.3299E-24            6.0264E-24 3.3059E-08 8.0447E-09 3.7844E-07 2.9051E-07 4.1150E-07 3.23E-06 5.94E-06   0.308 0.6000 7.3041E-06   1032.337
10861.00 0.80793065 9.9041E-25            6.3218E-24 3.9398E-08 8.7574E-09 4.5900E-07 3.4702E-07 4.9840E-07 3.85E-06 6.07E-06   0.213 0.6000 7.4621E-06   1046.353
10871.00 0.72820866 1.1244E-24            5.4534E-24 3.6184E-08 8.3490E-09 4.1048E-07 3.1158E-07 4.4666E-07 3.46E-06 6.16E-06   0.317 0.6000 7.5693E-06   1039.496
10881.00 0.73362094 1.1278E-24            5.2435E-24 3.4761E-08 8.4290E-09 3.9737E-07 3.0326E-07 4.3213E-07 3.37E-06 6.19E-06   0.310 0.6000 7.6132E-06   1037.979
10891.00 0.62098062 1.3766E-24            4.2447E-24 2.6628E-08 7.5570E-09 2.9455E-07 2.2753E-07 3.2118E-07 2.53E-06 6.14E-06   0.476 0.6000 7.5649E-06   1018.705
10901.00 0.60077941 1.3992E-24            3.8991E-24 2.4969E-08 7.3727E-09 2.7125E-07 2.0932E-07 2.9622E-07 2.32E-06 6.10E-06   0.510 0.6000 7.5041E-06   1014.126
10911.00 0.69541061 1.0953E-24            4.3287E-24 3.1537E-08 8.1774E-09 3.5682E-07 2.7275E-07 3.8836E-07 3.03E-06 6.18E-06   0.363 0.6000 7.5967E-06   1032.961
10921.00 0.52849007 1.3571E-24            3.1391E-24 2.2093E-08 6.9782E-09 2.2960E-07 1.7885E-07 2.5170E-07 1.99E-06 6.18E-06   0.638 0.6000 7.6235E-06   1005.045
10931.00 0.70686668 1.0154E-24            4.0014E-24 3.0856E-08 8.2188E-09 3.4955E-07 2.6852E-07 3.8040E-07 2.98E-06 6.13E-06   0.347 0.6000 7.5345E-06   1033.074
10941.00 0.58026522 1.1384E-24            3.1518E-24 2.5621E-08 7.4220E-09 2.7195E-07 2.1041E-07 2.9758E-07 2.34E-06 6.22E-06   0.544 0.6000 7.6639E-06   1017.425
10951.00 0.57221562 1.1563E-24            2.9479E-24 2.4530E-08 7.4459E-09 2.5898E-07 2.0130E-07 2.8351E-07 2.24E-06 6.25E-06   0.558 0.6000 7.7036E-06   1015.000
10961.00 0.67619324 8.6647E-25            3.3436E-24 3.1582E-08 8.0679E-09 3.4887E-07 2.6535E-07 3.8045E-07 2.95E-06 6.11E-06   0.391 0.6000 7.5273E-06   1035.359
10971.00 0.70401579 7.9174E-25            3.3186E-24 3.2841E-08 8.2015E-09 3.6658E-07 2.7868E-07 3.9942E-07 3.09E-06 6.05E-06   0.351 0.6000 7.4388E-06   1039.437
10981.00 0.62274671 9.0488E-25            2.8024E-24 2.8568E-08 7.7624E-09 3.0527E-07 2.3483E-07 3.3384E-07 2.61E-06 6.14E-06   0.474 0.6000 7.5628E-06   1028.058
10991.00 0.63931620 8.5204E-25            2.7463E-24 2.7928E-08 7.7404E-09 3.0274E-07 2.3416E-07 3.3067E-07 2.60E-06 6.03E-06   0.447 0.6000 7.4267E-06   1028.173
11001.00 0.63320237 7.8021E-25            2.5979E-24 2.8207E-08 7.6278E-09 3.0460E-07 2.3387E-07 3.3281E-07 2.60E-06 5.95E-06   0.457 0.6000 7.3350E-06   1029.357
11011.00 0.63123739 7.3576E-25            2.4725E-24 2.9956E-08 7.7930E-09 3.2052E-07 2.4415E-07 3.5047E-07 2.71E-06 6.07E-06   0.460 0.6000 7.4859E-06   1033.586
11021.00 0.63956600 7.0511E-25            2.3926E-24 2.9776E-08 7.9840E-09 3.1718E-07 2.4248E-07 3.4696E-07 2.69E-06 6.19E-06   0.447 0.6000 7.6420E-06   1033.661
11031.00 0.70745260 6.0659E-25            2.5260E-24 3.3239E-08 8.3847E-09 3.6653E-07 2.7988E-07 3.9977E-07 3.11E-06 6.07E-06   0.346 0.6000 7.4670E-06   1044.057
11041.00 0.78944021 4.3208E-25            2.6936E-24 4.1331E-08 9.2269E-09 4.6192E-07 3.4689E-07 5.0325E-07 3.85E-06 6.22E-06   0.236 0.6000 7.6479E-06   1060.879
11051.00 0.79786754 4.1655E-25            2.5995E-24 4.2082E-08 9.3726E-09 4.6810E-07 3.5287E-07 5.1018E-07 3.92E-06 6.26E-06   0.226 0.6000 7.6989E-06   1062.618
11061.00 0.81575465 3.7239E-25            2.5360E-24 4.3807E-08 9.5222E-09 4.8656E-07 3.6533E-07 5.3037E-07 4.06E-06 6.25E-06   0.204 0.6000 7.6847E-06   1066.151
11071.00 0.72885334 4.6033E-25            2.1693E-24 3.6052E-08 8.7600E-09 3.9506E-07 2.9977E-07 4.3111E-07 3.33E-06 6.18E-06   0.316 0.6000 7.6118E-06   1052.316
11081.00 0.64649916 5.1829E-25            1.8332E-24 2.9750E-08 7.8893E-09 3.1559E-07 2.3997E-07 3.4534E-07 2.66E-06 5.99E-06   0.436 0.6000 7.3949E-06   1037.871
11091.00 0.65785575 4.9913E-25            1.7816E-24 2.9142E-08 7.6780E-09 3.0846E-07 2.3587E-07 3.3760E-07 2.62E-06 5.75E-06   0.419 0.6000 7.0888E-06   1037.094
11101.00 0.60635859 5.2869E-25            1.5694E-24 2.7214E-08 7.6795E-09 2.8162E-07 2.1751E-07 3.0883E-07 2.42E-06 6.00E-06   0.500 0.6000 7.4018E-06   1031.875
11111.00 0.68766654 3.9745E-25            1.6964E-24 3.4418E-08 8.3564E-09 3.6613E-07 2.7565E-07 4.0055E-07 3.06E-06 6.04E-06   0.374 0.6000 7.4567E-06   1050.265
11121.00 0.49872369 5.4991E-25            1.1763E-24 2.3041E-08 7.1131E-09 2.1847E-07 1.6841E-07 2.4151E-07 1.87E-06 6.18E-06   0.696 0.6000 7.6365E-06   1017.219
11131.00 0.68985713 3.6898E-25            1.5510E-24 3.5370E-08 8.6303E-09 3.7526E-07 2.8341E-07 4.1063E-07 3.15E-06 6.19E-06   0.371 0.6000 7.6345E-06   1053.503
11141.00 0.66664964 4.0376E-25            1.4333E-24 3.2006E-08 8.4591E-09 3.3847E-07 2.6014E-07 3.7047E-07 2.89E-06 6.16E-06   0.405 0.6000 7.5875E-06   1047.175
11151.00 0.65340686 3.9361E-25            1.3411E-24 3.1900E-08 8.3881E-09 3.3196E-07 2.5523E-07 3.6386E-07 2.83E-06 6.16E-06   0.426 0.6000 7.5845E-06   1046.699
11161.00 0.72989476 3.1643E-25            1.4304E-24 3.7824E-08 9.1604E-09 4.0389E-07 3.0765E-07 4.4172E-07 3.42E-06 6.27E-06   0.315 0.6000 7.7213E-06   1060.872
11171.00 0.75924134 2.8648E-25            1.4191E-24 3.8793E-08 9.1802E-09 4.1656E-07 3.1741E-07 4.5535E-07 3.52E-06 6.11E-06   0.275 0.6000 7.5224E-06   1063.770
11181.00 0.82386625 2.1028E-25            1.4710E-24 4.5033E-08 9.7261E-09 4.9031E-07 3.6744E-07 5.3535E-07 4.08E-06 6.13E-06   0.194 0.6000 7.5350E-06   1076.058
11191.00 0.83418608 1.8847E-25            1.4237E-24 4.6388E-08 9.9176E-09 5.0520E-07 3.7711E-07 5.5158E-07 4.19E-06 6.19E-06   0.181 0.6000 7.6181E-06   1078.983
11201.00 0.87246752 1.4386E-25            1.4201E-24 4.9882E-08 1.0012E-08 5.4074E-07 4.0015E-07 5.9062E-07 4.44E-06 6.06E-06   0.136 0.6000 7.4492E-06   1084.723
11211.00 0.88713890 1.2217E-25            1.3797E-24 5.2538E-08 1.0348E-08 5.6930E-07 4.2005E-07 6.2183E-07 4.66E-06 6.18E-06   0.120 0.6000 7.6049E-06   1089.271
11221.00 0.90288097 1.0266E-25            1.3408E-24 5.5348E-08 1.0569E-08 5.9605E-07 4.3829E-07 6.5140E-07 4.87E-06 6.22E-06   0.102 0.6000 7.6441E-06   1093.474
11231.00 0.90029770 9.9597E-26            1.2766E-24 5.5366E-08 1.0639E-08 5.9631E-07 4.3859E-07 6.5168E-07 4.87E-06 6.26E-06   0.105 0.6000 7.6983E-06   1094.283
11241.00 0.90442455 9.1575E-26            1.2243E-24 5.5581E-08 1.0596E-08 5.9692E-07 4.3849E-07 6.5250E-07 4.87E-06 6.20E-06   0.100 0.6000 7.6234E-06   1095.152
11251.00 0.90678799 8.5261E-26            1.1724E-24 5.6413E-08 1.0672E-08 6.0327E-07 4.4279E-07 6.5968E-07 4.92E-06 6.21E-06   0.098 0.6000 7.6427E-06   1096.742
11261.00 0.89709723 8.8980E-26            1.1071E-24 5.4601E-08 1.0526E-08 5.8420E-07 4.2959E-07 6.3880E-07 4.77E-06 6.16E-06   0.109 0.6000 7.5795E-06   1095.133
11271.00 0.90687472 7.7788E-26            1.0688E-24 5.5088E-08 1.0441E-08 5.8734E-07 4.3095E-07 6.4242E-07 4.79E-06 6.05E-06   0.098 0.6000 7.4414E-06   1096.326
11281.00 0.90090638 7.8416E-26            1.0139E-24 5.2439E-08 1.0066E-08 5.5884E-07 4.1052E-07 6.1128E-07 4.56E-06 5.85E-06   0.104 0.6000 7.1947E-06   1093.429
11291.00 0.90088528 7.5123E-26            9.6773E-25 5.5621E-08 1.0675E-08 5.9149E-07 4.3434E-07 6.4711E-07 4.82E-06 6.19E-06   0.104 0.6000 7.6089E-06   1098.417
11301.00 0.90959507 6.6031E-26            9.3306E-25 5.7219E-08 1.0785E-08 6.0557E-07 4.4373E-07 6.6279E-07 4.93E-06 6.19E-06   0.095 0.6000 7.6142E-06   1100.974
11311.00 0.90870857 6.3518E-26            8.9009E-25 5.6373E-08 1.0656E-08 5.9592E-07 4.3663E-07 6.5229E-07 4.85E-06 6.11E-06   0.096 0.6000 7.5111E-06   1100.561
11321.00 0.90756404 6.1474E-26            8.4870E-25 5.7005E-08 1.0803E-08 6.0146E-07 4.4073E-07 6.5846E-07 4.89E-06 6.18E-06   0.097 0.6000 7.6030E-06   1102.038
11331.00 0.90750605 5.8639E-26            8.1038E-25 5.5902E-08 1.0603E-08 5.8890E-07 4.3147E-07 6.4480E-07 4.79E-06 6.05E-06   0.097 0.6000 7.4450E-06   1101.251
11341.00 0.90764868 5.5970E-26            7.7379E-25 5.7020E-08 1.0809E-08 5.9933E-07 4.3899E-07 6.5635E-07 4.88E-06 6.15E-06   0.097 0.6000 7.5703E-06   1103.349
11351.00 0.90879124 5.2813E-26            7.3976E-25 5.4205E-08 1.0252E-08 5.6831E-07 4.1605E-07 6.2252E-07 4.62E-06 5.82E-06   0.096 0.6000 7.1571E-06   1100.189
11361.00 0.90887374 5.0397E-26            7.0636E-25 5.7465E-08 1.0867E-08 6.0126E-07 4.4004E-07 6.5873E-07 4.89E-06 6.15E-06   0.096 0.6000 7.5666E-06   1105.170
11371.00 0.91074103 4.7201E-26            6.7584E-25 5.7193E-08 1.0765E-08 5.9652E-07 4.3626E-07 6.5371E-07 4.84E-06 6.07E-06   0.093 0.6000 7.4662E-06   1105.375
11381.00 0.90930080 4.5752E-26            6.4426E-25 5.8390E-08 1.1036E-08 6.0842E-07 4.4504E-07 6.6681E-07 4.94E-06 6.21E-06   0.095 0.6000 7.6453E-06   1107.635
11391.00 0.91031867 4.3229E-26            6.1580E-25 5.8234E-08 1.0978E-08 6.0517E-07 4.4244E-07 6.6341E-07 4.91E-06 6.16E-06   0.094 0.6000 7.5803E-06   1108.026
11401.00 0.91048390 4.1205E-26            5.8807E-25 5.8544E-08 1.1034E-08 6.0711E-07 4.4373E-07 6.6566E-07 4.93E-06 6.18E-06   0.094 0.6000 7.5997E-06   1109.055
11411.00 0.91006482 3.9506E-26            5.6123E-25 5.8343E-08 1.1011E-08 6.0404E-07 4.4144E-07 6.6238E-07 4.90E-06 6.15E-06   0.094 0.6000 7.5687E-06   1109.461
11421.00 0.91056097 3.7527E-26            5.3613E-25 5.6824E-08 1.0711E-08 5.8694E-07 4.2878E-07 6.4376E-07 4.76E-06 5.97E-06   0.094 0.6000 7.3425E-06   1108.101
11431.00 0.91044092 3.5873E-26            5.1182E-25 5.7840E-08 1.0908E-08 5.9630E-07 4.3553E-07 6.5414E-07 4.84E-06 6.06E-06   0.094 0.6000 7.4607E-06   1110.072
11441.00 0.91025895 3.4310E-26            4.8858E-25 5.8250E-08 1.0993E-08 5.9944E-07 4.3774E-07 6.5769E-07 4.86E-06 6.10E-06   0.094 0.6000 7.5024E-06   1111.253
11451.00 0.91050631 3.2676E-26            4.6660E-25 5.8906E-08 1.1112E-08 6.0488E-07 4.4158E-07 6.6379E-07 4.90E-06 6.15E-06   0.094 0.6000 7.5639E-06   1112.721
11461.00 0.91049951 3.1198E-26            4.4550E-25 5.9696E-08 1.1264E-08 6.1181E-07 4.4654E-07 6.7151E-07 4.96E-06 6.22E-06   0.094 0.6000 7.6494E-06   1114.365
11471.00 0.91037142 2.9825E-26            4.2528E-25 5.8800E-08 1.1100E-08 6.0149E-07 4.3891E-07 6.6029E-07 4.87E-06 6.11E-06   0.094 0.6000 7.5218E-06   1113.872
11481.00 0.91004717 2.8569E-26            4.0590E-25 5.9205E-08 1.1190E-08 6.0459E-07 4.4111E-07 6.6380E-07 4.90E-06 6.15E-06   0.094 0.6000 7.5664E-06   1115.045
11491.00 0.91010708 2.7261E-26            3.8756E-25 5.9287E-08 1.1205E-08 6.0420E-07 4.4072E-07 6.6349E-07 4.89E-06 6.14E-06   0.094 0.6000 7.5587E-06   1115.785
11501.00 0.90997803 2.6054E-26            3.6998E-25 5.7948E-08 1.0958E-08 5.8951E-07 4.2991E-07 6.4746E-07 4.77E-06 5.99E-06   0.094 0.6000 7.3764E-06   1114.720
11511.00 0.90985525 2.4908E-26            3.5319E-25 5.7684E-08 1.0915E-08 5.8570E-07 4.2705E-07 6.4339E-07 4.74E-06 5.95E-06   0.094 0.6000 7.3299E-06   1115.019
11521.00 0.90963030 2.3840E-26            3.3713E-25 5.7976E-08 1.0978E-08 5.8760E-07 4.2836E-07 6.4558E-07 4.76E-06 5.98E-06   0.095 0.6000 7.3570E-06   1116.048
11531.00 0.90947539 2.2793E-26            3.2182E-25 5.5895E-08 1.0592E-08 5.6553E-07 4.1219E-07 6.2143E-07 4.58E-06 5.75E-06   0.095 0.6000 7.0826E-06   1113.961
11541.00 0.90936995 2.1779E-26            3.0722E-25 4.4531E-08 8.4431E-09 4.4972E-07 3.2772E-07 4.9426E-07 3.64E-06 4.58E-06   0.095 0.6000 5.6333E-06   1097.858
11551.00 0.90906388 2.0860E-26            2.9322E-25 5.6684E-08 1.0758E-08 5.7143E-07 4.1635E-07 6.2812E-07 4.62E-06 5.82E-06   0.095 0.6000 7.1627E-06   1116.306
11561.00 0.90886992 1.9963E-26            2.7989E-25 5.9630E-08 1.1325E-08 5.9999E-07 4.3707E-07 6.5962E-07 4.85E-06 6.11E-06   0.096 0.6000 7.5239E-06   1120.761
11571.00 0.90882862 1.9068E-26            2.6721E-25 6.0844E-08 1.1559E-08 6.1101E-07 4.4499E-07 6.7185E-07 4.94E-06 6.22E-06   0.096 0.6000 7.6619E-06   1122.925
11581.00 0.90847713 1.8257E-26            2.5502E-25 6.0493E-08 1.1507E-08 6.0655E-07 4.4169E-07 6.6704E-07 4.91E-06 6.18E-06   0.096 0.6000 7.6124E-06   1123.155
11591.00 0.90748441 1.7608E-26            2.4321E-25 6.0427E-08 1.1527E-08 6.0510E-07 4.4065E-07 6.6553E-07 4.89E-06 6.18E-06   0.097 0.6000 7.6150E-06   1123.757
11601.00 0.90805179 1.6722E-26            2.3235E-25 5.9689E-08 1.1371E-08 5.9629E-07 4.3406E-07 6.5598E-07 4.82E-06 6.08E-06   0.096 0.6000 7.4906E-06   1123.436
11611.00 0.90684289 1.6161E-26            2.2154E-25 5.9475E-08 1.1370E-08 5.9344E-07 4.3203E-07 6.5292E-07 4.80E-06 6.07E-06   0.098 0.6000 7.4800E-06   1123.855
11621.00 0.90728593 1.5355E-26            2.1161E-25 6.0279E-08 1.1512E-08 6.0013E-07 4.3674E-07 6.6040E-07 4.85E-06 6.13E-06   0.097 0.6000 7.5536E-06   1125.491
11631.00 0.90602857 1.4831E-26            2.0176E-25 5.9717E-08 1.1444E-08 5.9379E-07 4.3217E-07 6.5350E-07 4.80E-06 6.09E-06   0.099 0.6000 7.5002E-06   1125.468
11641.00 0.90488833 1.4319E-26            1.9237E-25 5.9497E-08 1.1441E-08 5.9098E-07 4.3016E-07 6.5048E-07 4.78E-06 6.08E-06   0.100 0.6000 7.4886E-06   1125.889
11651.00 0.90580654 1.3543E-26            1.8386E-25 5.9814E-08 1.1476E-08 5.9268E-07 4.3117E-07 6.5249E-07 4.79E-06 6.08E-06   0.099 0.6000 7.4886E-06   1126.895
11661.00 0.90099907 1.3518E-26            1.7461E-25 5.9994E-08 1.1661E-08 5.9507E-07 4.3336E-07 6.5507E-07 4.81E-06 6.18E-06   0.104 0.6000 7.6222E-06   1127.966
11671.00 0.90462869 1.2483E-26            1.6736E-25 6.0984E-08 1.1742E-08 6.0235E-07 4.3812E-07 6.6333E-07 4.87E-06 6.19E-06   0.100 0.6000 7.6343E-06   1129.690
11681.00 0.90220469 1.2175E-26            1.5937E-25 5.9608E-08 1.1552E-08 5.8854E-07 4.2827E-07 6.4815E-07 4.76E-06 6.09E-06   0.103 0.6000 7.5086E-06   1128.704
11691.00 0.90079015 1.1785E-26            1.5190E-25 5.7597E-08 1.1204E-08 5.6802E-07 4.1342E-07 6.2562E-07 4.59E-06 5.90E-06   0.104 0.6000 7.2750E-06   1126.799
11701.00 0.89925116 1.1390E-26            1.4479E-25 4.3121E-08 8.4045E-09 4.2444E-07 3.0892E-07 4.6756E-07 3.43E-06 4.42E-06   0.106 0.6000 5.4498E-06   1105.998
11711.00 0.89622205 1.1166E-26            1.3775E-25 5.1086E-08 1.0039E-08 5.0281E-07 3.6613E-07 5.5389E-07 4.07E-06 5.28E-06   0.110 0.6000 6.5087E-06   1119.213
11721.00 0.90095949 1.0225E-26            1.3221E-25 5.9028E-08 1.1489E-08 5.7888E-07 4.2096E-07 6.3790E-07 4.67E-06 6.01E-06   0.104 0.6000 7.4074E-06   1130.581
11731.00 0.89657170 1.0130E-26            1.2562E-25 5.9265E-08 1.1656E-08 5.8115E-07 4.2300E-07 6.4041E-07 4.70E-06 6.10E-06   0.109 0.6000 7.5244E-06   1131.650
11741.00 0.89126980 1.0088E-26            1.1922E-25 5.6701E-08 1.1289E-08 5.5610E-07 4.0524E-07 6.1280E-07 4.50E-06 5.92E-06   0.115 0.6000 7.3045E-06   1129.085
11751.00 0.89562678 9.3097E-27            1.1436E-25 5.9693E-08 1.1754E-08 5.8289E-07 4.2413E-07 6.4259E-07 4.71E-06 6.13E-06   0.110 0.6000 7.5574E-06   1133.448
11761.00 0.89895064 8.6557E-27            1.0959E-25 5.3487E-08 1.0466E-08 5.2082E-07 3.7857E-07 5.7431E-07 4.20E-06 5.43E-06   0.107 0.6000 6.6941E-06   1125.742
11771.00 0.89815056 8.3076E-27            1.0454E-25 5.7324E-08 1.1242E-08 5.5732E-07 4.0507E-07 6.1465E-07 4.50E-06 5.82E-06   0.107 0.6000 7.1784E-06   1131.618
11781.00 0.89755899 7.9695E-27            9.9735E-26 6.0915E-08 1.1959E-08 5.9121E-07 4.2971E-07 6.5213E-07 4.77E-06 6.18E-06   0.108 0.6000 7.6220E-06   1136.882
11791.00 0.89596891 7.7197E-27            9.5047E-26 6.0654E-08 1.1965E-08 5.8805E-07 4.2745E-07 6.4871E-07 4.75E-06 6.18E-06   0.110 0.6000 7.6178E-06   1137.252
11801.00 0.90235394 6.9838E-27            9.1388E-26 6.0705E-08 1.1789E-08 5.8543E-07 4.2475E-07 6.4614E-07 4.72E-06 6.04E-06   0.103 0.6000 7.4468E-06   1137.719
11811.00 0.89913929 6.8495E-27            8.6947E-26 6.0430E-08 1.1826E-08 5.8245E-07 4.2285E-07 6.4288E-07 4.70E-06 6.06E-06   0.106 0.6000 7.4721E-06   1138.104
11821.00 0.89737308 6.6450E-27            8.2830E-26 6.1223E-08 1.2030E-08 5.8940E-07 4.2800E-07 6.5062E-07 4.75E-06 6.16E-06   0.108 0.6000 7.5939E-06   1139.788
11831.00 0.89755559 6.3337E-27            7.9101E-26 6.1144E-08 1.2036E-08 5.8815E-07 4.2696E-07 6.4929E-07 4.74E-06 6.15E-06   0.108 0.6000 7.5796E-06   1140.402
11841.00 0.89083368 6.3864E-27            7.4957E-26 5.9376E-08 1.1867E-08 5.7152E-07 4.1560E-07 6.3090E-07 4.62E-06 6.08E-06   0.116 0.6000 7.4967E-06   1138.979
11851.00 0.88227016 6.4950E-27            7.0864E-26 5.7350E-08 1.1671E-08 5.5207E-07 4.0207E-07 6.0942E-07 4.47E-06 6.01E-06   0.125 0.6000 7.4088E-06   1137.115
11861.00 0.88930041 5.8920E-27            6.8186E-26 5.9754E-08 1.1996E-08 5.7315E-07 4.1661E-07 6.3290E-07 4.63E-06 6.13E-06   0.117 0.6000 7.5539E-06   1140.759
11871.00 0.89110249 5.4713E-27            6.5249E-26 5.9979E-08 1.1955E-08 5.7294E-07 4.1623E-07 6.3292E-07 4.62E-06 6.08E-06   0.115 0.6000 7.4948E-06   1141.530
11881.00 0.87668252 5.7408E-27            6.1270E-26 5.8116E-08 1.1949E-08 5.5626E-07 4.0551E-07 6.1438E-07 4.50E-06 6.14E-06   0.132 0.6000 7.5634E-06   1140.034
11891.00 0.86851412 5.7798E-27            5.7947E-26 5.7420E-08 1.1999E-08 5.4864E-07 4.0051E-07 6.0606E-07 4.45E-06 6.19E-06   0.141 0.6000 7.6272E-06   1139.765
11901.00 0.87937856 5.1841E-27            5.6018E-26 5.8772E-08 1.2050E-08 5.6009E-07 4.0797E-07 6.1886E-07 4.53E-06 6.14E-06   0.129 0.6000 7.5712E-06   1142.122
11911.00 0.87895906 4.9547E-27            5.3441E-26 5.8659E-08 1.2016E-08 5.5736E-07 4.0574E-07 6.1602E-07 4.51E-06 6.11E-06   0.129 0.6000 7.5362E-06   1142.540
11921.00 0.86377573 5.1916E-27            5.0154E-26 5.4365E-08 1.1540E-08 5.1756E-07 3.7789E-07 5.7193E-07 4.20E-06 5.93E-06   0.146 0.6000 7.3140E-06   1137.674
11931.00 0.86215812 4.9915E-27            4.7802E-26 5.6752E-08 1.1976E-08 5.3778E-07 3.9263E-07 5.9454E-07 4.36E-06 6.14E-06   0.148 0.6000 7.5712E-06   1141.373
11941.00 0.85033280 5.1068E-27            4.4979E-26 5.5498E-08 1.1977E-08 5.2572E-07 3.8492E-07 5.8121E-07 4.27E-06 6.18E-06   0.162 0.6000 7.6217E-06   1140.421
11951.00 0.85225040 4.7884E-27            4.3056E-26 5.5727E-08 1.1869E-08 5.2488E-07 3.8395E-07 5.8061E-07 4.26E-06 6.10E-06   0.160 0.6000 7.5194E-06   1141.107
11961.00 0.83055300 5.1239E-27            4.0057E-26 5.3517E-08 1.1812E-08 5.0242E-07 3.6996E-07 5.5593E-07 4.11E-06 6.15E-06   0.186 0.6000 7.5871E-06   1138.591
11971.00 0.83809632 4.7002E-27            3.8572E-26 5.4209E-08 1.1870E-08 5.0926E-07 3.7343E-07 5.6347E-07 4.15E-06 6.14E-06   0.177 0.6000 7.5688E-06   1140.370
11981.00 0.84608281 4.2892E-27            3.7199E-26 5.4522E-08 1.1750E-08 5.0980E-07 3.7275E-07 5.6432E-07 4.14E-06 6.03E-06   0.167 0.6000 7.4366E-06   1141.247
11991.00 0.79741055 5.1043E-27            3.3460E-26 4.9159E-08 1.1371E-08 4.5471E-07 3.3645E-07 5.0387E-07 3.74E-06 6.04E-06   0.226 0.6000 7.4512E-06   1133.509
12001.00 0.79730892 4.8257E-27            3.1919E-26 4.7694E-08 1.1229E-08 4.4570E-07 3.3000E-07 4.9339E-07 3.66E-06 5.96E-06   0.227 0.6000 7.3525E-06   1132.704
12011.00 0.79068667 4.2067E-27            3.0272E-26 5.0592E-08 1.1366E-08 4.6629E-07 3.4194E-07 5.1689E-07 3.80E-06 6.05E-06   0.235 0.6000 7.4651E-06   1136.931
12021.00 0.75415909 4.8845E-27            2.7502E-26 4.6181E-08 1.1195E-08 4.2247E-07 3.1508E-07 4.6865E-07 3.50E-06 6.11E-06   0.282 0.6000 7.5463E-06   1130.406
12031.00 0.81021935 3.9393E-27            2.8244E-26 5.0545E-08 1.1520E-08 4.6807E-07 3.4487E-07 5.1862E-07 3.83E-06 6.01E-06   0.210 0.6000 7.4160E-06   1138.700
12041.00 0.77180660 4.2078E-27            2.5664E-26 4.8355E-08 1.1333E-08 4.4081E-07 3.2658E-07 4.8916E-07 3.63E-06 6.08E-06   0.259 0.6000 7.5039E-06   1135.095
12051.00 0.76606917 3.8701E-27            2.4340E-26 4.7983E-08 1.1328E-08 4.3825E-07 3.2279E-07 4.8623E-07 3.58E-06 6.09E-06   0.266 0.6000 7.5169E-06   1135.406
12061.00 0.73399222 3.1604E-27            2.2243E-26 4.5696E-08 1.1155E-08 4.1201E-07 3.0517E-07 4.5771E-07 3.39E-06 6.15E-06   0.309 0.6000 7.5939E-06   1131.683
12071.00 0.74336427 2.8066E-27            2.1532E-26 4.6935E-08 1.1323E-08 4.2248E-07 3.1259E-07 4.6941E-07 3.47E-06 6.19E-06   0.297 0.6000 7.6428E-06   1134.305
12081.00 0.69920814 2.9194E-27            1.9315E-26 4.1621E-08 1.0859E-08 3.7127E-07 2.7788E-07 4.1289E-07 3.09E-06 6.15E-06   0.358 0.6000 7.6030E-06   1125.631
12091.00 0.82731956 2.2294E-27            2.1806E-26 5.5024E-08 1.2148E-08 5.0420E-07 3.6890E-07 5.5922E-07 4.10E-06 6.17E-06   0.190 0.6000 7.6166E-06   1148.949
12101.00 0.78048927 2.3414E-27            1.9674E-26 4.9569E-08 1.1704E-08 4.5186E-07 3.3345E-07 5.0143E-07 3.70E-06 6.16E-06   0.248 0.6000 7.6091E-06   1141.489
12111.00 0.77622133 2.2471E-27            1.8635E-26 4.9371E-08 1.1619E-08 4.4793E-07 3.3039E-07 4.9730E-07 3.67E-06 6.12E-06   0.253 0.6000 7.5626E-06   1141.627
12121.00 0.83662307 1.9025E-27            1.9210E-26 5.5596E-08 1.2120E-08 5.0594E-07 3.6895E-07 5.6154E-07 4.10E-06 6.07E-06   0.178 0.6000 7.4981E-06   1151.549
12131.00 0.77895480 2.1257E-27            1.7059E-26 4.8718E-08 1.1668E-08 4.3903E-07 3.2455E-07 4.8775E-07 3.60E-06 6.11E-06   0.250 0.6000 7.5446E-06   1141.692
12141.00 0.66293395 2.4373E-27            1.3912E-26 3.8468E-08 1.0479E-08 3.3264E-07 2.5006E-07 3.7111E-07 2.78E-06 6.01E-06   0.411 0.6000 7.4416E-06   1122.386
12151.00 0.49333733 2.7264E-27            9.8203E-27 2.6349E-08 8.9140E-09 2.0686E-07 1.5868E-07 2.3321E-07 1.76E-06 6.05E-06   0.707 0.6000 7.5107E-06   1090.584
12161.00 0.75352108 1.8634E-27            1.4342E-26 4.5957E-08 1.1234E-08 4.1181E-07 3.0435E-07 4.5777E-07 3.38E-06 5.96E-06   0.283 0.6000 7.3702E-06   1139.236
12171.00 0.80572593 1.6254E-27            1.4658E-26 5.0831E-08 1.1796E-08 4.6164E-07 3.3921E-07 5.1247E-07 3.77E-06 5.99E-06   0.216 0.6000 7.4020E-06   1148.428
12181.00 0.84601927 1.4270E-27            1.4683E-26 5.6250E-08 1.2272E-08 5.0965E-07 3.7167E-07 5.6590E-07 4.13E-06 6.01E-06   0.167 0.6000 7.4299E-06   1156.708
12191.00 0.72146899 1.7254E-27            1.1983E-26 4.3270E-08 1.0988E-08 3.8306E-07 2.8428E-07 4.2633E-07 3.16E-06 5.95E-06   0.326 0.6000 7.3655E-06   1136.235
12201.00 0.71548033 1.6764E-27            1.1324E-26 4.2898E-08 1.0806E-08 3.7485E-07 2.7685E-07 4.1774E-07 3.07E-06 5.88E-06   0.335 0.6000 7.2879E-06   1135.490
12211.00 0.71176577 1.5533E-27            1.0748E-26 4.2884E-08 1.1015E-08 3.7508E-07 2.7807E-07 4.1796E-07 3.09E-06 6.00E-06   0.340 0.6000 7.4288E-06   1136.279
12221.00 0.64375550 1.6352E-27            9.3049E-27 3.7079E-08 1.0371E-08 3.1569E-07 2.3621E-07 3.5277E-07 2.62E-06 5.98E-06   0.440 0.6000 7.4096E-06   1124.696
12231.00 0.70338809 1.4490E-27            9.6732E-27 4.3978E-08 1.1281E-08 3.8280E-07 2.8363E-07 4.2677E-07 3.15E-06 6.14E-06   0.352 0.6000 7.6019E-06   1139.315
12241.00 0.64398879 1.4735E-27            8.4769E-27 3.8835E-08 1.0688E-08 3.2958E-07 2.4576E-07 3.6841E-07 2.73E-06 6.11E-06   0.440 0.6000 7.5712E-06   1129.316
12251.00 0.65264094 1.2120E-27            8.1679E-27 4.0139E-08 1.0789E-08 3.3792E-07 2.5237E-07 3.7806E-07 2.80E-06 6.10E-06   0.427 0.6000 7.5568E-06   1131.936
12261.00 0.67224735 1.2833E-27            8.0574E-27 4.0347E-08 1.1046E-08 3.4249E-07 2.5796E-07 3.8284E-07 2.86E-06 6.11E-06   0.397 0.6000 7.5676E-06   1133.598
12271.00 0.67349148 1.2002E-27            7.6954E-27 3.9595E-08 1.1122E-08 3.4077E-07 2.5695E-07 3.8036E-07 2.85E-06 6.12E-06   0.395 0.6000 7.5742E-06   1133.871
12281.00 0.72456533 9.0857E-28            7.9049E-27 4.4884E-08 1.1695E-08 3.8814E-07 2.9191E-07 4.3302E-07 3.24E-06 6.14E-06   0.322 0.6000 7.5993E-06   1144.143
12291.00 0.70681375 9.5087E-28            7.3637E-27 4.3177E-08 1.1555E-08 3.7350E-07 2.7828E-07 4.1668E-07 3.09E-06 6.16E-06   0.347 0.6000 7.6171E-06   1142.049
12301.00 0.80295140 6.2843E-28            7.9834E-27 5.3092E-08 1.2466E-08 4.6700E-07 3.4293E-07 5.2009E-07 3.81E-06 6.13E-06   0.219 0.6000 7.5809E-06   1159.394
12311.00 0.81343365 5.4135E-28            7.7183E-27 5.3442E-08 1.2570E-08 4.7252E-07 3.4600E-07 5.2596E-07 3.84E-06 6.13E-06   0.206 0.6000 7.5827E-06   1161.004
12321.00 0.82219934 5.2731E-28            7.4530E-27 5.4937E-08 1.2662E-08 4.8548E-07 3.5498E-07 5.4042E-07 3.94E-06 6.12E-06   0.196 0.6000 7.5619E-06   1163.830
12331.00 0.84296227 5.2118E-28            7.2907E-27 5.7863E-08 1.2934E-08 5.1105E-07 3.7212E-07 5.6891E-07 4.13E-06 6.13E-06   0.171 0.6000 7.5814E-06   1168.530
12341.00 0.85983461 5.1349E-28            7.1017E-27 5.9803E-08 1.2959E-08 5.2679E-07 3.8151E-07 5.8660E-07 4.24E-06 6.06E-06   0.151 0.6000 7.4845E-06   1171.652
12351.00 0.85727841 4.8887E-28            6.7569E-27 5.8727E-08 1.2791E-08 5.1736E-07 3.7475E-07 5.7609E-07 4.16E-06 5.98E-06   0.154 0.6000 7.3918E-06   1171.017
12361.00 0.86949658 4.7832E-28            6.5439E-27 6.1663E-08 1.3057E-08 5.4010E-07 3.8974E-07 6.0176E-07 4.33E-06 6.03E-06   0.140 0.6000 7.4500E-06   1175.154
12371.00 0.87240469 4.5937E-28            6.2661E-27 6.2513E-08 1.3201E-08 5.4725E-07 3.9458E-07 6.0977E-07 4.38E-06 6.07E-06   0.137 0.6000 7.4992E-06   1176.943
12381.00 0.87996483 4.4559E-28            6.0344E-27 6.4325E-08 1.3336E-08 5.6037E-07 4.0316E-07 6.2469E-07 4.48E-06 6.08E-06   0.128 0.6000 7.5115E-06   1179.592
12391.00 0.87799740 4.2468E-28            5.7473E-27 6.4593E-08 1.3436E-08 5.6157E-07 4.0404E-07 6.2616E-07 4.49E-06 6.12E-06   0.130 0.6000 7.5618E-06   1180.539
12401.00 0.87725431 4.0523E-28            5.4813E-27 6.5040E-08 1.3580E-08 5.6507E-07 4.0681E-07 6.3011E-07 4.52E-06 6.17E-06   0.131 0.6000 7.6275E-06   1181.794
12411.00 0.88088107 3.9013E-28            5.2544E-27 6.5397E-08 1.3548E-08 5.6644E-07 4.0713E-07 6.3184E-07 4.52E-06 6.13E-06   0.127 0.6000 7.5712E-06   1182.773
12421.00 0.87617052 3.7031E-28            4.9900E-27 6.2910E-08 1.3129E-08 5.4392E-07 3.9126E-07 6.0683E-07 4.35E-06 5.95E-06   0.132 0.6000 7.3492E-06   1180.379
12431.00 0.85516542 3.4059E-28            4.6472E-27 6.0587E-08 1.3241E-08 5.2534E-07 3.8009E-07 5.8593E-07 4.22E-06 6.09E-06   0.156 0.6000 7.5224E-06   1178.413
12441.00 0.85773194 3.2738E-28            4.4504E-27 6.1573E-08 1.3360E-08 5.3230E-07 3.8443E-07 5.9388E-07 4.27E-06 6.12E-06   0.153 0.6000 7.5586E-06   1180.221
12451.00 0.85493165 3.1141E-28            4.2348E-27 6.0385E-08 1.3200E-08 5.2158E-07 3.7691E-07 5.8197E-07 4.19E-06 6.04E-06   0.157 0.6000 7.4655E-06   1179.407
12461.00 0.84865856 2.9380E-28            4.0114E-27 5.9655E-08 1.3302E-08 5.1623E-07 3.7378E-07 5.7589E-07 4.15E-06 6.11E-06   0.164 0.6000 7.5531E-06   1179.353
12471.00 0.86013937 2.8756E-28            3.8826E-27 6.2604E-08 1.3537E-08 5.3799E-07 3.8790E-07 6.0059E-07 4.31E-06 6.14E-06   0.151 0.6000 7.5917E-06   1183.381
12481.00 0.84839672 2.7001E-28            3.6546E-27 6.1326E-08 1.3427E-08 5.2466E-07 3.7893E-07 5.8599E-07 4.21E-06 6.13E-06   0.164 0.6000 7.5823E-06   1182.223
12491.00 0.85453606 2.6079E-28            3.5138E-27 6.1812E-08 1.3409E-08 5.2824E-07 3.8088E-07 5.9005E-07 4.23E-06 6.08E-06   0.157 0.6000 7.5158E-06   1183.521
12501.00 0.85773766 2.5021E-28            3.3656E-27 6.1418E-08 1.3313E-08 5.2461E-07 3.7797E-07 5.8602E-07 4.20E-06 6.01E-06   0.153 0.6000 7.4276E-06   1183.748
12511.00 0.87465012 2.4645E-28            3.2772E-27 6.5718E-08 1.3829E-08 5.5948E-07 4.0164E-07 6.2519E-07 4.46E-06 6.14E-06   0.134 0.6000 7.5963E-06   1189.573
12521.00 0.86418819 2.3143E-28            3.0908E-27 6.4027E-08 1.3733E-08 5.4468E-07 3.9192E-07 6.0871E-07 4.35E-06 6.14E-06   0.146 0.6000 7.5909E-06   1188.237
12531.00 0.87698579 2.2622E-28            2.9940E-27 6.6273E-08 1.3885E-08 5.6184E-07 4.0301E-07 6.2812E-07 4.48E-06 6.13E-06   0.131 0.6000 7.5761E-06   1191.464
12541.00 0.86479747 2.1188E-28            2.8185E-27 6.4222E-08 1.3760E-08 5.4432E-07 3.9159E-07 6.0854E-07 4.35E-06 6.12E-06   0.145 0.6000 7.5663E-06   1189.738
12551.00 0.84415150 1.9589E-28            2.6274E-27 6.1187E-08 1.3593E-08 5.1765E-07 3.7468E-07 5.7884E-07 4.16E-06 6.13E-06   0.169 0.6000 7.5782E-06   1186.584
12561.00 0.83466774 1.8375E-28            2.4768E-27 5.9204E-08 1.3400E-08 5.0110E-07 3.6320E-07 5.6030E-07 4.03E-06 6.08E-06   0.181 0.6000 7.5178E-06   1184.809
12571.00 0.87555087 1.8875E-28            2.4816E-27 6.6315E-08 1.3914E-08 5.5812E-07 4.0005E-07 6.2443E-07 4.44E-06 6.09E-06   0.133 0.6000 7.5341E-06   1194.048
12581.00 0.88132894 1.8234E-28            2.3842E-27 6.5199E-08 1.3518E-08 5.4677E-07 3.9120E-07 6.1197E-07 4.34E-06 5.88E-06   0.126 0.6000 7.2713E-06   1193.222
12591.00 0.88747239 1.7632E-28            2.2918E-27 6.6847E-08 1.3666E-08 5.5830E-07 3.9863E-07 6.2515E-07 4.43E-06 5.90E-06   0.119 0.6000 7.2954E-06   1195.662
12601.00 0.88031524 1.6667E-28            2.1709E-27 6.5770E-08 1.3613E-08 5.4858E-07 3.9218E-07 6.1435E-07 4.36E-06 5.90E-06   0.127 0.6000 7.2929E-06   1195.050
12611.00 0.85684788 1.5294E-28            2.0159E-27 6.3600E-08 1.3740E-08 5.3115E-07 3.8171E-07 5.9476E-07 4.24E-06 6.05E-06   0.154 0.6000 7.4861E-06   1193.261
12621.00 0.85641414 1.4624E-28            1.9238E-27 6.3695E-08 1.3767E-08 5.3122E-07 3.8200E-07 5.9491E-07 4.24E-06 6.05E-06   0.155 0.6000 7.4847E-06   1194.042
12631.00 0.86440277 1.4142E-28            1.8531E-27 6.3757E-08 1.3678E-08 5.3135E-07 3.8143E-07 5.9510E-07 4.24E-06 5.96E-06   0.146 0.6000 7.3759E-06   1194.826
12641.00 0.85254258 1.3262E-28            1.7445E-27 6.3361E-08 1.3847E-08 5.2725E-07 3.7940E-07 5.9061E-07 4.21E-06 6.08E-06   0.160 0.6000 7.5189E-06   1194.990
12651.00 0.85315228 1.2705E-28            1.6668E-27 6.4262E-08 1.3994E-08 5.3291E-07 3.8300E-07 5.9717E-07 4.25E-06 6.12E-06   0.159 0.6000 7.5744E-06   1196.617
12661.00 0.83903188 1.1845E-28            1.5650E-27 6.1818E-08 1.3843E-08 5.1250E-07 3.6982E-07 5.7432E-07 4.11E-06 6.11E-06   0.176 0.6000 7.5617E-06   1194.314
12671.00 0.85176229 1.1543E-28            1.5157E-27 6.3784E-08 1.4086E-08 5.2897E-07 3.8095E-07 5.9275E-07 4.23E-06 6.14E-06   0.160 0.6000 7.6006E-06   1197.551
12681.00 0.87171876 1.1442E-28            1.4808E-27 6.7324E-08 1.4271E-08 5.5520E-07 3.9742E-07 6.2252E-07 4.41E-06 6.11E-06   0.137 0.6000 7.5620E-06   1202.179
12691.00 0.86768478 1.0867E-28            1.4071E-27 6.6547E-08 1.4194E-08 5.4772E-07 3.9253E-07 6.1427E-07 4.36E-06 6.08E-06   0.142 0.6000 7.5242E-06   1201.883
12701.00 0.87510145 1.0524E-28            1.3546E-27 6.8474E-08 1.4403E-08 5.6171E-07 4.0145E-07 6.3019E-07 4.46E-06 6.12E-06   0.133 0.6000 7.5755E-06   1204.671
12711.00 0.87430120 1.0042E-28            1.2917E-27 6.8733E-08 1.4510E-08 5.6301E-07 4.0221E-07 6.3174E-07 4.47E-06 6.16E-06   0.134 0.6000 7.6222E-06   1205.628
12721.00 0.88766694 9.8445E-29            1.2519E-27 7.0340E-08 1.4406E-08 5.7307E-07 4.0777E-07 6.4341E-07 4.53E-06 6.03E-06   0.119 0.6000 7.4713E-06   1207.846
12731.00 0.88825762 9.4232E-29            1.1957E-27 7.0492E-08 1.4417E-08 5.7313E-07 4.0762E-07 6.4362E-07 4.53E-06 6.02E-06   0.118 0.6000 7.4573E-06   1208.634
12741.00 0.88835829 9.0125E-29            1.1415E-27 7.1865E-08 1.4691E-08 5.8300E-07 4.1450E-07 6.5486E-07 4.60E-06 6.12E-06   0.118 0.6000 7.5819E-06   1210.779
12751.00 0.88959509 8.6372E-29            1.0911E-27 7.2117E-08 1.4701E-08 5.8373E-07 4.1477E-07 6.5585E-07 4.61E-06 6.11E-06   0.117 0.6000 7.5638E-06   1211.660
12761.00 0.89127421 8.2849E-29            1.0434E-27 7.0830E-08 1.4377E-08 5.7182E-07 4.0599E-07 6.4265E-07 4.51E-06 5.95E-06   0.115 0.6000 7.3715E-06   1210.797
12771.00 0.89151686 7.9254E-29            9.9625E-28 7.2383E-08 1.4683E-08 5.8313E-07 4.1387E-07 6.5551E-07 4.60E-06 6.06E-06   0.115 0.6000 7.5108E-06   1213.143
12781.00 0.89158779 7.5790E-29            9.5101E-28 7.3354E-08 1.4880E-08 5.8989E-07 4.1855E-07 6.6325E-07 4.65E-06 6.13E-06   0.115 0.6000 7.5955E-06   1214.846
12791.00 0.89152998 7.2455E-29            9.0768E-28 7.3530E-08 1.4919E-08 5.9019E-07 4.1866E-07 6.6372E-07 4.65E-06 6.13E-06   0.115 0.6000 7.5991E-06   1215.665
12801.00 0.89174986 6.9305E-29            8.6660E-28 7.2525E-08 1.4708E-08 5.8091E-07 4.1192E-07 6.5343E-07 4.57E-06 6.03E-06   0.115 0.6000 7.4738E-06   1215.174
12811.00 0.89136344 6.6215E-29            8.2682E-28 7.3432E-08 1.4910E-08 5.8726E-07 4.1636E-07 6.6069E-07 4.62E-06 6.10E-06   0.115 0.6000 7.5630E-06   1216.822
12821.00 0.89156055 6.3333E-29            7.8938E-28 7.2758E-08 1.4767E-08 5.8072E-07 4.1158E-07 6.5348E-07 4.57E-06 6.03E-06   0.115 0.6000 7.4729E-06   1216.701
12831.00 0.89110518 6.0500E-29            7.5308E-28 7.3679E-08 1.4975E-08 5.8715E-07 4.1608E-07 6.6083E-07 4.62E-06 6.10E-06   0.115 0.6000 7.5645E-06   1218.362
12841.00 0.89128250 5.7865E-29            7.1896E-28 7.4111E-08 1.5057E-08 5.8939E-07 4.1753E-07 6.6351E-07 4.64E-06 6.12E-06   0.115 0.6000 7.5875E-06   1219.448
12851.00 0.89105433 5.5303E-29            6.8607E-28 7.4140E-08 1.5074E-08 5.8860E-07 4.1689E-07 6.6274E-07 4.63E-06 6.11E-06   0.115 0.6000 7.5802E-06   1220.117
12861.00 0.89097857 5.2868E-29            6.5479E-28 7.2781E-08 1.4801E-08 5.7671E-07 4.0835E-07 6.4949E-07 4.53E-06 5.99E-06   0.115 0.6000 7.4270E-06   1219.253
12871.00 0.89094669 5.0545E-29            6.2497E-28 7.4569E-08 1.5168E-08 5.8976E-07 4.1749E-07 6.6433E-07 4.64E-06 6.12E-06   0.115 0.6000 7.5937E-06   1221.833
12881.00 0.89073473 4.8307E-29            5.9639E-28 7.4519E-08 1.5168E-08 5.8836E-07 4.1641E-07 6.6288E-07 4.62E-06 6.11E-06   0.116 0.6000 7.5782E-06   1222.418
12891.00 0.89032370 4.6147E-29            5.6899E-28 7.4508E-08 1.5187E-08 5.8742E-07 4.1569E-07 6.6193E-07 4.62E-06 6.11E-06   0.116 0.6000 7.5729E-06   1223.063
12901.00 0.89020455 4.4114E-29            5.4302E-28 7.1055E-08 1.4489E-08 5.5918E-07 3.9562E-07 6.3024E-07 4.39E-06 5.81E-06   0.116 0.6000 7.2091E-06   1219.879
12911.00 0.88968784 4.2137E-29            5.1801E-28 7.2702E-08 1.4849E-08 5.7138E-07 4.0421E-07 6.4408E-07 4.49E-06 5.95E-06   0.117 0.6000 7.3749E-06   1222.383
12921.00 0.88943714 4.0269E-29            4.9429E-28 7.4850E-08 1.5302E-08 5.8737E-07 4.1544E-07 6.6222E-07 4.61E-06 6.12E-06   0.117 0.6000 7.5841E-06   1225.382
12931.00 0.88883734 3.8459E-29            4.7147E-28 7.4404E-08 1.5241E-08 5.8324E-07 4.1249E-07 6.5764E-07 4.58E-06 6.08E-06   0.118 0.6000 7.5411E-06   1225.582
12941.00 0.88798755 3.6713E-29            4.4958E-28 7.2516E-08 1.4895E-08 5.6799E-07 4.0172E-07 6.4051E-07 4.46E-06 5.94E-06   0.119 0.6000 7.3599E-06   1224.214
12951.00 0.88758671 3.5076E-29            4.2893E-28 7.3525E-08 1.5123E-08 5.7514E-07 4.0672E-07 6.4866E-07 4.52E-06 6.02E-06   0.119 0.6000 7.4590E-06   1225.993
12961.00 0.88697511 3.3498E-29            4.0912E-28 7.2545E-08 1.4947E-08 5.6676E-07 4.0078E-07 6.3930E-07 4.45E-06 5.93E-06   0.120 0.6000 7.3595E-06   1225.581
12971.00 0.88579065 3.1958E-29            3.8998E-28 7.3816E-08 1.5250E-08 5.7616E-07 4.0750E-07 6.4997E-07 4.53E-06 6.05E-06   0.121 0.6000 7.5010E-06   1227.675
12981.00 0.88108474 3.0289E-29            3.7025E-28 7.2316E-08 1.5137E-08 5.6677E-07 4.0156E-07 6.3909E-07 4.46E-06 6.02E-06   0.127 0.6000 7.4677E-06   1227.072
12991.00 0.87430382 2.8586E-29            3.5066E-28 7.0596E-08 1.5010E-08 5.5623E-07 3.9532E-07 6.2682E-07 4.39E-06 5.98E-06   0.134 0.6000 7.4373E-06   1226.270
13001.00 0.86299306 2.6779E-29            3.3037E-28 6.9071E-08 1.4937E-08 5.4608E-07 3.8955E-07 6.1515E-07 4.33E-06 5.99E-06   0.147 0.6000 7.4697E-06   1225.517
13011.00 0.85315186 2.5295E-29            3.1176E-28 6.8863E-08 1.4958E-08 5.4118E-07 3.8712E-07 6.1004E-07 4.30E-06 6.02E-06   0.159 0.6000 7.5399E-06   1225.604
13021.00 0.83043402 2.3360E-29            2.8967E-28 6.5701E-08 1.4581E-08 5.1622E-07 3.7076E-07 5.8192E-07 4.12E-06 5.97E-06   0.186 0.6000 7.5258E-06   1222.584
13031.00 0.80780435 2.4746E-29            2.6895E-28 6.2671E-08 1.4277E-08 4.9329E-07 3.5556E-07 5.5596E-07 3.95E-06 5.95E-06   0.213 0.6000 7.5545E-06   1219.708
13041.00 0.77040482 2.3308E-29            2.4486E-28 5.5347E-08 1.2970E-08 4.3607E-07 3.1426E-07 4.9141E-07 3.49E-06 5.56E-06   0.261 0.6000 7.1580E-06   1210.742
13051.00 0.73261225 2.0912E-29            2.2227E-28 4.8180E-08 1.2104E-08 3.8356E-07 2.7992E-07 4.3174E-07 3.11E-06 5.42E-06   0.311 0.6000 7.0679E-06   1201.455
13061.00 0.67102480 1.9017E-29            1.9443E-28 4.2808E-08 1.1463E-08 3.4125E-07 2.5002E-07 3.8406E-07 2.78E-06 5.46E-06   0.399 0.6000 7.3488E-06   1193.265
13071.00 0.60295200 1.8050E-29            1.6682E-28 3.7619E-08 1.0525E-08 2.9508E-07 2.1462E-07 3.3270E-07 2.38E-06 5.39E-06   0.506 0.6000 7.5912E-06   1183.222
13081.00 0.54457223 1.7140E-29            1.4372E-28 3.1156E-08 9.4006E-09 2.4354E-07 1.7844E-07 2.7470E-07 1.98E-06 5.20E-06   0.608 0.6000 7.5900E-06   1169.857
13091.00 0.47242367 1.6414E-29            1.1894E-28 2.4015E-08 8.0112E-09 1.8414E-07 1.3632E-07 2.0816E-07 1.51E-06 4.91E-06   0.750 0.6000 7.5855E-06   1150.747
13101.00 0.43807951 1.5138E-29            1.0524E-28 2.0882E-08 7.2820E-09 1.5658E-07 1.1594E-07 1.7746E-07 1.29E-06 4.73E-06   0.825 0.6000 7.5818E-06   1140.351
13111.00 0.46944618 1.3474E-29            1.0752E-28 2.2598E-08 7.6600E-09 1.7069E-07 1.2600E-07 1.9329E-07 1.40E-06 4.75E-06   0.756 0.6000 7.5031E-06   1146.991
13121.00 0.66624290 1.3691E-29            1.4560E-28 4.1336E-08 1.0859E-08 3.2314E-07 2.3290E-07 3.6447E-07 2.59E-06 5.20E-06   0.406 0.6000 7.2390E-06   1193.738
13131.00 0.43703201 1.4064E-29            9.1798E-29 1.9508E-08 7.0644E-09 1.4426E-07 1.0882E-07 1.6377E-07 1.21E-06 4.66E-06   0.828 0.6000 7.4454E-06   1136.967
13141.00 0.24650247 1.6808E-29            4.9293E-29 7.3158E-09 4.0462E-09 3.8328E-08 3.0805E-08 4.5644E-08 3.42E-07 4.01E-06   1.400 0.6000 7.4787E-06   1056.462
13151.00 0.22227141 1.5400E-29            4.2171E-29 7.3188E-09 4.0003E-09 3.6919E-08 3.0038E-08 4.4238E-08 3.34E-07 3.94E-06   1.504 0.6000 7.4464E-06   1055.287
13161.00 0.40037677 1.6347E-29            7.2182E-29 2.1123E-08 7.5905E-09 1.5092E-07 1.1594E-07 1.7204E-07 1.29E-06 4.89E-06   0.915 0.6000 7.5141E-06   1142.482
13171.00 0.82677984 1.3327E-29            1.4299E-28 6.8575E-08 1.4951E-08 5.1905E-07 3.6747E-07 5.8763E-07 4.08E-06 5.93E-06   0.190 0.6000 7.4986E-06   1234.687
13181.00 0.88496292 1.2416E-29            1.4639E-28 7.5087E-08 1.5576E-08 5.6260E-07 3.9547E-07 6.3769E-07 4.39E-06 5.90E-06   0.122 0.6000 7.3163E-06   1242.055
13191.00 0.88598108 1.1892E-29            1.3989E-28 7.7401E-08 1.6004E-08 5.7790E-07 4.0598E-07 6.5531E-07 4.51E-06 6.04E-06   0.121 0.6000 7.4903E-06   1245.035
13201.00 0.88594496 1.1368E-29            1.3351E-28 7.7131E-08 1.5950E-08 5.7480E-07 4.0369E-07 6.5193E-07 4.48E-06 6.00E-06   0.121 0.6000 7.4493E-06   1245.371
13211.00 0.88594460 1.0868E-29            1.2742E-28 7.7283E-08 1.5982E-08 5.7481E-07 4.0357E-07 6.5209E-07 4.48E-06 6.00E-06   0.121 0.6000 7.4483E-06   1246.149
13221.00 0.88574708 1.0386E-29            1.2159E-28 7.7137E-08 1.5963E-08 5.7276E-07 4.0205E-07 6.4990E-07 4.46E-06 5.98E-06   0.121 0.6000 7.4250E-06   1246.632
13231.00 0.88552123 9.9250E-30            1.1602E-28 7.6818E-08 1.5908E-08 5.6939E-07 3.9959E-07 6.4621E-07 4.44E-06 5.95E-06   0.122 0.6000 7.3850E-06   1246.923
13241.00 0.88535374 9.4860E-30            1.1071E-28 7.8214E-08 1.6205E-08 5.7871E-07 4.0604E-07 6.5692E-07 4.51E-06 6.05E-06   0.122 0.6000 7.5083E-06   1249.026
13251.00 0.88526130 9.0673E-30            1.0566E-28 7.8573E-08 1.6284E-08 5.8028E-07 4.0703E-07 6.5886E-07 4.52E-06 6.06E-06   0.122 0.6000 7.5299E-06   1250.024
13261.00 0.88489175 8.6625E-30            1.0080E-28 7.8866E-08 1.6363E-08 5.8150E-07 4.0782E-07 6.6037E-07 4.53E-06 6.08E-06   0.122 0.6000 7.5529E-06   1250.970
13271.00 0.88488847 8.2816E-30            9.6206E-29 7.8208E-08 1.6227E-08 5.7555E-07 4.0352E-07 6.5376E-07 4.48E-06 6.02E-06   0.122 0.6000 7.4749E-06   1250.903
13281.00 0.88469845 7.9146E-30            9.1802E-29 7.7625E-08 1.6116E-08 5.7025E-07 3.9971E-07 6.4788E-07 4.44E-06 5.96E-06   0.123 0.6000 7.4093E-06   1250.920
13291.00 0.88448334 7.5634E-30            8.7597E-29 7.7444E-08 1.6089E-08 5.6792E-07 3.9799E-07 6.4537E-07 4.42E-06 5.94E-06   0.123 0.6000 7.3830E-06   1251.359
13301.00 0.88413835 7.2259E-30            8.3572E-29 7.8546E-08 1.6334E-08 5.7502E-07 4.0289E-07 6.5357E-07 4.47E-06 6.02E-06   0.123 0.6000 7.4823E-06   1253.151
13311.00 0.88408047 6.9073E-30            7.9758E-29 7.6287E-08 1.5868E-08 5.5747E-07 3.9048E-07 6.3375E-07 4.34E-06 5.84E-06   0.123 0.6000 7.2543E-06   1251.385
13321.00 0.88346434 6.5955E-30            7.6069E-29 7.8622E-08 1.6381E-08 5.7362E-07 4.0176E-07 6.5224E-07 4.46E-06 6.01E-06   0.124 0.6000 7.4775E-06   1254.498
13331.00 0.88341868 6.3045E-30            7.2598E-29 7.8041E-08 1.6264E-08 5.6836E-07 3.9797E-07 6.4640E-07 4.42E-06 5.96E-06   0.124 0.6000 7.4089E-06   1254.516
13341.00 0.88327181 6.0256E-30            6.9277E-29 7.6377E-08 1.5925E-08 5.5523E-07 3.8867E-07 6.3161E-07 4.32E-06 5.82E-06   0.124 0.6000 7.2399E-06   1253.375
13351.00 0.88330626 5.7612E-30            6.6122E-29 7.8886E-08 1.6447E-08 5.7240E-07 4.0056E-07 6.5129E-07 4.45E-06 6.00E-06   0.124 0.6000 7.4618E-06   1256.647
13361.00 0.88308567 5.5051E-30            6.3092E-29 7.8517E-08 1.6382E-08 5.6874E-07 3.9791E-07 6.4725E-07 4.42E-06 5.96E-06   0.124 0.6000 7.4177E-06   1256.893
13371.00 0.88244915 5.2562E-30            6.0172E-29 7.8440E-08 1.6394E-08 5.6725E-07 3.9684E-07 6.4569E-07 4.41E-06 5.96E-06   0.125 0.6000 7.4110E-06   1257.450
13381.00 0.88211840 5.0222E-30            5.7408E-29 7.8962E-08 1.6519E-08 5.7008E-07 3.9875E-07 6.4905E-07 4.43E-06 5.99E-06   0.125 0.6000 7.4538E-06   1258.633
13391.00 0.88193399 4.7993E-30            5.4778E-29 7.9101E-08 1.6559E-08 5.7012E-07 3.9868E-07 6.4922E-07 4.43E-06 5.99E-06   0.126 0.6000 7.4568E-06   1259.412
13401.00 0.88144952 4.5837E-30            5.2253E-29 7.8527E-08 1.6460E-08 5.6498E-07 3.9503E-07 6.4350E-07 4.39E-06 5.95E-06   0.126 0.6000 7.3986E-06   1259.439
13411.00 0.88023102 4.3711E-30            4.9801E-29 7.9103E-08 1.6638E-08 5.6842E-07 3.9747E-07 6.4752E-07 4.41E-06 6.00E-06   0.128 0.6000 7.4693E-06   1260.707
13421.00 0.88092411 4.1847E-30            4.7567E-29 7.7753E-08 1.6323E-08 5.5746E-07 3.8960E-07 6.3521E-07 4.33E-06 5.87E-06   0.127 0.6000 7.3080E-06   1259.883
13431.00 0.87905550 3.9861E-30            4.5304E-29 7.6460E-08 1.6127E-08 5.4742E-07 3.8271E-07 6.2388E-07 4.25E-06 5.80E-06   0.129 0.6000 7.2145E-06   1259.159
13441.00 0.87836283 3.8050E-30            4.3201E-29 7.8928E-08 1.6679E-08 5.6420E-07 3.9440E-07 6.4313E-07 4.38E-06 5.99E-06   0.130 0.6000 7.4488E-06   1262.413
13451.00 0.87980616 3.6483E-30            4.1300E-29 7.9498E-08 1.6739E-08 5.6696E-07 3.9602E-07 6.4646E-07 4.40E-06 5.99E-06   0.128 0.6000 7.4513E-06   1263.594
13461.00 0.87339288 3.4450E-30            3.9133E-29 7.7321E-08 1.6536E-08 5.5136E-07 3.8577E-07 6.2868E-07 4.28E-06 5.93E-06   0.135 0.6000 7.3809E-06   1262.053
13471.00 0.87221336 3.2847E-30            3.7291E-29 7.4429E-08 1.5973E-08 5.3005E-07 3.7095E-07 6.0448E-07 4.12E-06 5.72E-06   0.137 0.6000 7.1206E-06   1259.585
13481.00 0.87177169 3.1383E-30            3.5578E-29 7.4581E-08 1.6016E-08 5.3020E-07 3.7094E-07 6.0478E-07 4.12E-06 5.73E-06   0.137 0.6000 7.1258E-06   1260.378
13491.00 0.86466235 2.9597E-30            3.3677E-29 7.2960E-08 1.5924E-08 5.1847E-07 3.6345E-07 5.9143E-07 4.04E-06 5.71E-06   0.145 0.6000 7.1079E-06   1259.305
13501.00 0.87071204 2.8612E-30            3.2364E-29 7.6527E-08 1.6495E-08 5.4228E-07 3.7932E-07 6.1881E-07 4.21E-06 5.88E-06   0.138 0.6000 7.3132E-06   1263.766
13511.00 0.86082721 2.6870E-30            3.0546E-29 7.4474E-08 1.6394E-08 5.2736E-07 3.6981E-07 6.0183E-07 4.11E-06 5.87E-06   0.150 0.6000 7.3098E-06   1262.236
13521.00 0.84908092 2.5130E-30            2.8750E-29 7.2276E-08 1.6296E-08 5.1138E-07 3.5975E-07 5.8366E-07 4.00E-06 5.88E-06   0.164 0.6000 7.3173E-06   1260.478
13531.00 0.85302055 2.4186E-30            2.7556E-29 7.0886E-08 1.5858E-08 5.0051E-07 3.5172E-07 5.7140E-07 3.91E-06 5.69E-06   0.159 0.6000 7.0827E-06   1259.497
13541.00 0.83833730 2.2530E-30            2.5857E-29 7.0251E-08 1.6173E-08 4.9520E-07 3.4925E-07 5.6545E-07 3.88E-06 5.86E-06   0.176 0.6000 7.2893E-06   1259.395
13551.00 0.85310698 2.2092E-30            2.5106E-29 7.4590E-08 1.6725E-08 5.2517E-07 3.6878E-07 5.9976E-07 4.10E-06 5.98E-06   0.159 0.6000 7.4378E-06   1264.961
13561.00 0.83853090 2.0602E-30            2.3565E-29 7.2159E-08 1.6604E-08 5.0717E-07 3.5736E-07 5.7933E-07 3.97E-06 5.99E-06   0.176 0.6000 7.4514E-06   1262.873
13571.00 0.82108980 1.9073E-30            2.2011E-29 6.8709E-08 1.6308E-08 4.8146E-07 3.4089E-07 5.5017E-07 3.79E-06 5.94E-06   0.197 0.6000 7.3967E-06   1259.413
13581.00 0.81698382 1.8061E-30            2.0900E-29 6.6900E-08 1.6129E-08 4.6963E-07 3.3345E-07 5.3653E-07 3.70E-06 5.89E-06   0.202 0.6000 7.3305E-06   1258.126
13591.00 0.83484203 1.7835E-30            2.0381E-29 6.9915E-08 1.6294E-08 4.9006E-07 3.4595E-07 5.5998E-07 3.84E-06 5.85E-06   0.181 0.6000 7.2885E-06   1262.349
13601.00 0.82089669 1.6689E-30            1.9136E-29 6.9304E-08 1.6394E-08 4.8173E-07 3.4025E-07 5.5103E-07 3.78E-06 5.93E-06   0.197 0.6000 7.3844E-06   1261.787
13611.00 0.82200968 1.5966E-30            1.8278E-29 7.0169E-08 1.6593E-08 4.8784E-07 3.4480E-07 5.5801E-07 3.83E-06 5.99E-06   0.196 0.6000 7.4548E-06   1263.560
13621.00 0.85009450 1.6042E-30            1.8043E-29 7.5574E-08 1.7028E-08 5.2529E-07 3.6823E-07 6.0086E-07 4.09E-06 6.00E-06   0.162 0.6000 7.4763E-06   1270.372
13631.00 0.79574388 1.5808E-30            1.6127E-29 6.6403E-08 1.6233E-08 4.5728E-07 3.2489E-07 5.2369E-07 3.61E-06 5.94E-06   0.228 0.6000 7.3964E-06   1259.898
13641.00 0.80827236 1.5410E-30            1.5625E-29 6.6992E-08 1.6138E-08 4.6120E-07 3.2591E-07 5.2819E-07 3.62E-06 5.84E-06   0.213 0.6000 7.2736E-06   1261.338
13651.00 0.81677616 1.4149E-30            1.5069E-29 6.8466E-08 1.6284E-08 4.7192E-07 3.3285E-07 5.4039E-07 3.70E-06 5.85E-06   0.202 0.6000 7.2899E-06   1263.938
13661.00 0.73076779 1.4633E-30            1.2876E-29 5.7305E-08 1.5463E-08 3.8658E-07 2.7745E-07 4.4388E-07 3.08E-06 5.92E-06   0.314 0.6000 7.3809E-06   1248.877
13671.00 0.72374707 1.3255E-30            1.2171E-29 5.4114E-08 1.5260E-08 3.6587E-07 2.6464E-07 4.1999E-07 2.94E-06 5.87E-06   0.323 0.6000 7.3220E-06   1245.239
13681.00 0.73664123 1.2772E-30            1.1815E-29 5.6650E-08 1.5205E-08 3.8072E-07 2.7317E-07 4.3737E-07 3.03E-06 5.78E-06   0.306 0.6000 7.2028E-06   1249.183
13691.00 0.69178039 1.3035E-30            1.0579E-29 5.2159E-08 1.5099E-08 3.4491E-07 2.5012E-07 3.9707E-07 2.78E-06 5.93E-06   0.368 0.6000 7.3972E-06   1242.303
13701.00 0.75492156 1.1257E-30            1.1035E-29 5.9273E-08 1.5838E-08 4.0224E-07 2.8914E-07 4.6152E-07 3.21E-06 5.90E-06   0.281 0.6000 7.3541E-06   1254.941
13711.00 0.65697771 1.0684E-30            9.1626E-30 4.5221E-08 1.3976E-08 2.9460E-07 2.1684E-07 3.3982E-07 2.41E-06 5.63E-06   0.420 0.6000 7.0258E-06   1231.684
13721.00 0.76271170 1.1232E-30            1.0133E-29 6.0916E-08 1.5450E-08 4.0773E-07 2.9068E-07 4.6864E-07 3.23E-06 5.70E-06   0.271 0.6000 7.1045E-06   1257.649
13731.00 0.73068035 1.0319E-30            9.2980E-30 5.6541E-08 1.5481E-08 3.7693E-07 2.7030E-07 4.3347E-07 3.00E-06 5.86E-06   0.314 0.6000 7.3140E-06   1252.168
13741.00 0.62432426 1.3260E-30            7.5547E-30 4.5569E-08 1.4267E-08 2.8606E-07 2.0844E-07 3.3163E-07 2.31E-06 5.89E-06   0.471 0.6000 7.3536E-06   1231.997
13751.00 0.74505544 8.5413E-31            8.6111E-30 6.0665E-08 1.6031E-08 4.0351E-07 2.8761E-07 4.6418E-07 3.19E-06 5.96E-06   0.294 0.6000 7.4416E-06   1259.105
13761.00 0.67396206 8.9845E-31            7.4449E-30 5.1469E-08 1.4989E-08 3.3258E-07 2.4133E-07 3.8405E-07 2.68E-06 5.90E-06   0.395 0.6000 7.3658E-06   1244.836
13771.00 0.71572369 7.9453E-31            7.5358E-30 5.3342E-08 1.5429E-08 3.5392E-07 2.5696E-07 4.0726E-07 2.85E-06 5.85E-06   0.334 0.6000 7.2949E-06   1250.182
13781.00 0.66554654 1.0958E-30            6.6998E-30 5.2419E-08 1.5015E-08 3.3585E-07 2.4206E-07 3.8827E-07 2.69E-06 5.91E-06   0.407 0.6000 7.3832E-06   1247.161
13791.00 0.70170784 8.2199E-31            6.7228E-30 5.4152E-08 1.5413E-08 3.5412E-07 2.5578E-07 4.0828E-07 2.84E-06 5.88E-06   0.354 0.6000 7.3406E-06   1251.850
13801.00 0.66228467 9.1992E-31            6.0686E-30 5.2058E-08 1.4950E-08 3.3002E-07 2.3908E-07 3.8208E-07 2.66E-06 5.88E-06   0.412 0.6000 7.3445E-06   1247.368
13811.00 0.69020212 7.2796E-31            6.0305E-30 5.5141E-08 1.5342E-08 3.5593E-07 2.5495E-07 4.1107E-07 2.83E-06 5.89E-06   0.371 0.6000 7.3600E-06   1253.861
13821.00 0.63857085 8.9980E-31            5.3168E-30 4.9772E-08 1.4809E-08 3.1054E-07 2.2462E-07 3.6031E-07 2.49E-06 5.93E-06   0.449 0.6000 7.4156E-06   1244.251
13831.00 0.77369374 6.6916E-31            6.1547E-30 6.5057E-08 1.6466E-08 4.3038E-07 3.0448E-07 4.9544E-07 3.38E-06 5.88E-06   0.257 0.6000 7.3440E-06   1270.292
13841.00 0.79481411 6.2185E-31            6.0331E-30 6.6629E-08 1.6258E-08 4.4156E-07 3.1145E-07 5.0819E-07 3.46E-06 5.69E-06   0.230 0.6000 7.1063E-06   1273.101
13851.00 0.79725069 5.7338E-31            5.7799E-30 6.7358E-08 1.6796E-08 4.4844E-07 3.1693E-07 5.1580E-07 3.52E-06 5.87E-06   0.227 0.6000 7.3322E-06   1275.055
13861.00 0.80047709 5.3988E-31            5.5387E-30 6.8060E-08 1.6830E-08 4.5194E-07 3.1919E-07 5.2000E-07 3.54E-06 5.85E-06   0.223 0.6000 7.3065E-06   1276.461
13871.00 0.69617099 5.5707E-31            4.6022E-30 5.3322E-08 1.4931E-08 3.4109E-07 2.4522E-07 3.9441E-07 2.72E-06 5.64E-06   0.362 0.6000 7.0523E-06   1255.003
13881.00 0.60639346 6.6218E-31            3.8221E-30 4.5400E-08 1.4316E-08 2.7724E-07 2.0188E-07 3.2264E-07 2.24E-06 5.83E-06   0.500 0.6000 7.3060E-06   1240.076
13891.00 0.63531411 6.3603E-31            3.8166E-30 4.6189E-08 1.4617E-08 2.8831E-07 2.1142E-07 3.3450E-07 2.35E-06 5.78E-06   0.454 0.6000 7.2275E-06   1243.590
13901.00 0.62064773 6.2863E-31            3.5567E-30 4.5778E-08 1.4141E-08 2.7747E-07 2.0201E-07 3.2325E-07 2.24E-06 5.65E-06   0.477 0.6000 7.0741E-06   1241.675
13911.00 0.57759970 6.4535E-31            3.1662E-30 4.3163E-08 1.3588E-08 2.5355E-07 1.8440E-07 2.9671E-07 2.05E-06 5.61E-06   0.549 0.6000 7.0323E-06   1235.831
13921.00 0.66509598 5.1133E-31            3.4728E-30 5.1511E-08 1.4890E-08 3.2040E-07 2.3086E-07 3.7191E-07 2.56E-06 5.69E-06   0.408 0.6000 7.1195E-06   1254.043
13931.00 0.63179570 4.8869E-31            3.1526E-30 4.7328E-08 1.4827E-08 2.9149E-07 2.1354E-07 3.3882E-07 2.37E-06 5.80E-06   0.459 0.6000 7.2560E-06   1247.497
13941.00 0.64389342 5.1342E-31            3.0618E-30 4.8425E-08 1.5320E-08 2.9942E-07 2.1911E-07 3.4785E-07 2.43E-06 5.90E-06   0.440 0.6000 7.3884E-06   1250.271
13951.00 0.73879921 3.4326E-31            3.3503E-30 5.7127E-08 1.5865E-08 3.6604E-07 2.6175E-07 4.2317E-07 2.91E-06 5.67E-06   0.303 0.6000 7.0864E-06   1266.471
13961.00 0.82375324 3.2879E-31            3.5689E-30 7.2786E-08 1.7423E-08 4.7554E-07 3.3257E-07 5.4832E-07 3.69E-06 5.82E-06   0.194 0.6000 7.2741E-06   1288.264
13971.00 0.83939040 3.2375E-31            3.4707E-30 7.6386E-08 1.7734E-08 4.9873E-07 3.4732E-07 5.7512E-07 3.86E-06 5.84E-06   0.175 0.6000 7.3034E-06   1292.965
13981.00 0.83304405 3.0590E-31            3.2882E-30 7.2935E-08 1.7179E-08 4.7572E-07 3.3166E-07 5.4865E-07 3.68E-06 5.68E-06   0.183 0.6000 7.1012E-06   1289.804
13991.00 0.84601974 2.9975E-31            3.1860E-30 7.6545E-08 1.7514E-08 4.9844E-07 3.4603E-07 5.7499E-07 3.84E-06 5.72E-06   0.167 0.6000 7.1508E-06   1294.441
14001.00 0.85181326 2.8970E-31            3.0617E-30 8.0180E-08 1.8144E-08 5.2103E-07 3.6103E-07 6.0121E-07 4.01E-06 5.88E-06   0.160 0.6000 7.3618E-06   1298.911
14011.00 0.85666376 2.7960E-31            2.9383E-30 8.1210E-08 1.8156E-08 5.2607E-07 3.6378E-07 6.0728E-07 4.04E-06 5.85E-06   0.155 0.6000 7.3230E-06   1300.502
14021.00 0.85118908 2.6422E-31            2.7864E-30 7.7932E-08 1.7706E-08 5.0498E-07 3.4980E-07 5.8291E-07 3.88E-06 5.72E-06   0.161 0.6000 7.1568E-06   1297.822
14031.00 0.85942489 2.5673E-31            2.6845E-30 8.1513E-08 1.8130E-08 5.2591E-07 3.6315E-07 6.0742E-07 4.03E-06 5.81E-06   0.151 0.6000 7.2644E-06   1302.018
14041.00 0.85729957 2.4450E-31            2.5558E-30 8.1082E-08 1.8108E-08 5.2244E-07 3.6098E-07 6.0353E-07 4.01E-06 5.80E-06   0.154 0.6000 7.2526E-06   1302.227
14051.00 0.85966969 2.3474E-31            2.4456E-30 8.1716E-08 1.8157E-08 5.2534E-07 3.6255E-07 6.0706E-07 4.03E-06 5.79E-06   0.151 0.6000 7.2437E-06   1303.465
14061.00 0.85491276 2.2227E-31            2.3212E-30 8.0710E-08 1.8165E-08 5.1864E-07 3.5835E-07 5.9935E-07 3.98E-06 5.80E-06   0.157 0.6000 7.2598E-06   1303.140
14071.00 0.85280973 2.1158E-31            2.2095E-30 8.1684E-08 1.8469E-08 5.2412E-07 3.6222E-07 6.0581E-07 4.02E-06 5.90E-06   0.159 0.6000 7.3793E-06   1304.787
14081.00 0.85070324 2.0132E-31            2.1033E-30 8.1251E-08 1.8498E-08 5.2103E-07 3.6029E-07 6.0228E-07 4.00E-06 5.90E-06   0.162 0.6000 7.3891E-06   1305.045
14091.00 0.85365951 1.9355E-31            2.0141E-30 8.1452E-08 1.8391E-08 5.2066E-07 3.5967E-07 6.0211E-07 3.99E-06 5.84E-06   0.158 0.6000 7.3099E-06   1305.769
14101.00 0.85011208 1.8399E-31            1.9144E-30 8.0024E-08 1.8161E-08 5.1002E-07 3.5229E-07 5.9004E-07 3.91E-06 5.77E-06   0.162 0.6000 7.2252E-06   1304.814
14111.00 0.85677797 1.7808E-31            1.8408E-30 8.1446E-08 1.8215E-08 5.1797E-07 3.5700E-07 5.9942E-07 3.96E-06 5.75E-06   0.155 0.6000 7.1951E-06   1306.887
14121.00 0.84086889 1.6504E-31            1.7246E-30 7.9894E-08 1.8542E-08 5.0820E-07 3.5198E-07 5.8810E-07 3.91E-06 5.91E-06   0.173 0.6000 7.4015E-06   1306.031
14131.00 0.84582311 1.5912E-31            1.6550E-30 8.0791E-08 1.8588E-08 5.1343E-07 3.5498E-07 5.9422E-07 3.94E-06 5.89E-06   0.167 0.6000 7.3775E-06   1307.648
14141.00 0.85155231 1.5391E-31            1.5903E-30 7.9592E-08 1.8057E-08 5.0439E-07 3.4800E-07 5.8398E-07 3.86E-06 5.68E-06   0.161 0.6000 7.1188E-06   1306.934
14151.00 0.83734101 1.4314E-31            1.4922E-30 7.8453E-08 1.8349E-08 4.9689E-07 3.4444E-07 5.7534E-07 3.83E-06 5.82E-06   0.178 0.6000 7.2975E-06   1306.429
14161.00 0.83881134 1.3717E-31            1.4265E-30 7.8737E-08 1.8377E-08 4.9840E-07 3.4541E-07 5.7713E-07 3.84E-06 5.82E-06   0.176 0.6000 7.2867E-06   1307.436
14171.00 0.83138818 1.2958E-31            1.3496E-30 7.7681E-08 1.8299E-08 4.8955E-07 3.3940E-07 5.6723E-07 3.77E-06 5.81E-06   0.185 0.6000 7.2819E-06   1306.730
14181.00 0.82713240 1.2272E-31            1.2805E-30 7.7979E-08 1.8530E-08 4.9034E-07 3.4014E-07 5.6832E-07 3.78E-06 5.89E-06   0.190 0.6000 7.3827E-06   1307.635
14191.00 0.84928048 1.2226E-31            1.2551E-30 8.2690E-08 1.8843E-08 5.1923E-07 3.5790E-07 6.0192E-07 3.97E-06 5.88E-06   0.163 0.6000 7.3659E-06   1313.214
14201.00 0.81374037 1.0992E-31            1.1480E-30 7.5303E-08 1.8135E-08 4.7009E-07 3.2648E-07 5.4539E-07 3.63E-06 5.80E-06   0.206 0.6000 7.2675E-06   1305.680
14211.00 0.85068995 1.1231E-31            1.1444E-30 8.3093E-08 1.8675E-08 5.1778E-07 3.5590E-07 6.0087E-07 3.95E-06 5.79E-06   0.162 0.6000 7.2579E-06   1314.561
14221.00 0.82807052 1.0316E-31            1.0645E-30 7.8268E-08 1.8389E-08 4.8742E-07 3.3720E-07 5.6569E-07 3.74E-06 5.79E-06   0.189 0.6000 7.2581E-06   1310.225
14231.00 0.79983687 9.3343E-32            9.7989E-31 7.1434E-08 1.7730E-08 4.4398E-07 3.0963E-07 5.1542E-07 3.44E-06 5.69E-06   0.223 0.6000 7.1422E-06   1303.204
14241.00 0.81796372 9.2103E-32            9.5680E-31 7.5036E-08 1.8142E-08 4.6775E-07 3.2498E-07 5.4279E-07 3.61E-06 5.73E-06   0.201 0.6000 7.1894E-06   1308.252
14251.00 0.80541402 8.6143E-32            8.9861E-31 7.1740E-08 1.7614E-08 4.4443E-07 3.0918E-07 5.1617E-07 3.43E-06 5.60E-06   0.216 0.6000 7.0286E-06   1304.806
14261.00 0.82096350 8.4548E-32            8.7440E-31 7.5937E-08 1.8307E-08 4.7093E-07 3.2637E-07 5.4686E-07 3.62E-06 5.75E-06   0.197 0.6000 7.2140E-06   1310.363
14271.00 0.79486489 7.6989E-32            8.0792E-31 7.0610E-08 1.7851E-08 4.3621E-07 3.0416E-07 5.0682E-07 3.38E-06 5.71E-06   0.230 0.6000 7.1715E-06   1304.770
14281.00 0.81731486 7.7088E-32            7.9289E-31 7.6133E-08 1.8241E-08 4.6876E-07 3.2425E-07 5.4489E-07 3.60E-06 5.72E-06   0.202 0.6000 7.1755E-06   1311.546
 -9999.
