T F 2    2    2    1    2    2    2    2    2    2    1    0    0 294.200   0.40
    1    1    1    0   18    0  23.00000   0.00000   0.00000   0.00000   0.00000
   1.000  10.000   0.140
 -99.00000 -99.00000 -99.00000  2.922432  0.000710 ! H2O & O3 COLUMNS [GM/CM2]
   40MID-LATITUDE SUMMER 
   3.00000   0.00000 180.00000   3.00000   0.00000   0.00000    0        0.00000
    0    2    1    0
   0.00000   0.00000   0.00000  20.00413   0.00000 270.00000   0.00000   0.00000
    9091.0   14286.0      10.0      10.0RN              
    0   0    0.000  0    0.000  0    1.000
    FREQ  TOT_TRANS  PTH_THRML  THRML_SCT  SURF_EMIS   SOL_SCAT  SING_SCAT  GRND_RFLT  DRCT_RFLT  TOTAL_RAD  REF_SOL  SOL@OBS   DEPTH DIR_EM    TOA_SUN BBODY_T[K]
 9091.00 0.73442876 5.7049E-21            1.9383E-20 4.3417E-08 7.4948E-09 5.1661E-07 4.0696E-07 5.6003E-07 3.40E-06 5.81E-06   0.309 0.6000 7.3883E-06    915.702
 9101.00 0.76956868 4.7988E-21            1.9397E-20 4.6788E-08 7.6812E-09 5.4692E-07 4.2731E-07 5.9371E-07 3.57E-06 5.77E-06   0.262 0.6000 7.2084E-06    920.258
 9111.00 0.80825388 3.8031E-21            1.9449E-20 5.4192E-08 8.1779E-09 6.1299E-07 4.7431E-07 6.6718E-07 3.96E-06 5.86E-06   0.213 0.6000 7.2268E-06    928.669
 9121.00 0.80813229 3.5889E-21            1.8617E-20 5.4214E-08 8.1752E-09 6.1275E-07 4.7397E-07 6.6696E-07 3.96E-06 5.84E-06   0.213 0.6000 7.2128E-06    929.450
 9131.00 0.80046195 3.5904E-21            1.7596E-20 5.2434E-08 8.0486E-09 5.9542E-07 4.6112E-07 6.4785E-07 3.85E-06 5.79E-06   0.223 0.6000 7.1706E-06    928.342
 9141.00 0.84143287 2.7363E-21            1.7668E-20 5.6640E-08 8.1796E-09 6.2913E-07 4.8421E-07 6.8577E-07 4.05E-06 5.65E-06   0.173 0.6000 6.8786E-06    932.891
 9151.00 0.80040002 3.2318E-21            1.6064E-20 5.5775E-08 8.2858E-09 6.1811E-07 4.7830E-07 6.7388E-07 4.00E-06 5.89E-06   0.223 0.6000 7.3243E-06    932.539
 9161.00 0.87741309 1.8794E-21            1.6821E-20 6.8961E-08 9.2854E-09 7.4254E-07 5.6694E-07 8.1150E-07 4.74E-06 6.14E-06   0.131 0.6000 7.4023E-06    945.786
 9171.00 0.83036321 2.5007E-21            1.5214E-20 6.1077E-08 8.8142E-09 6.7377E-07 5.1848E-07 7.3485E-07 4.33E-06 6.08E-06   0.186 0.6000 7.4596E-06    939.906
 9181.00 0.85226554 2.1039E-21            1.4914E-20 6.3091E-08 8.9242E-09 6.9084E-07 5.3005E-07 7.5393E-07 4.43E-06 6.04E-06   0.160 0.6000 7.3374E-06    942.432
 9191.00 0.87587315 1.6676E-21            1.4648E-20 6.7916E-08 9.2014E-09 7.2898E-07 5.5629E-07 7.9690E-07 4.65E-06 6.07E-06   0.133 0.6000 7.3153E-06    946.983
 9201.00 0.84348702 2.0102E-21            1.3483E-20 6.1715E-08 8.7531E-09 6.7191E-07 5.1591E-07 7.3362E-07 4.31E-06 5.93E-06   0.170 0.6000 7.2365E-06    942.211
 9211.00 0.84711134 1.8793E-21            1.2920E-20 6.4935E-08 9.1401E-09 7.0412E-07 5.3990E-07 7.6906E-07 4.51E-06 6.15E-06   0.166 0.6000 7.5017E-06    946.192
 9221.00 0.86550397 1.5823E-21            1.2624E-20 6.7065E-08 9.2807E-09 7.2250E-07 5.5226E-07 7.8956E-07 4.62E-06 6.15E-06   0.144 0.6000 7.4389E-06    948.782
 9231.00 0.86231166 1.5433E-21            1.2007E-20 6.5873E-08 9.0413E-09 7.0415E-07 5.3818E-07 7.7002E-07 4.50E-06 5.98E-06   0.148 0.6000 7.2538E-06    947.891
 9241.00 0.88223267 1.2461E-21            1.1745E-20 6.9426E-08 9.2773E-09 7.3423E-07 5.5893E-07 8.0365E-07 4.67E-06 6.02E-06   0.125 0.6000 7.2418E-06    951.601
 9251.00 0.86505556 1.3810E-21            1.1000E-20 6.7364E-08 9.2570E-09 7.1906E-07 5.4939E-07 7.8643E-07 4.59E-06 6.08E-06   0.145 0.6000 7.3662E-06    950.935
 9261.00 0.87422419 1.2215E-21            1.0616E-20 7.0583E-08 9.5108E-09 7.4556E-07 5.6807E-07 8.1614E-07 4.75E-06 6.18E-06   0.134 0.6000 7.4664E-06    954.271
 9271.00 0.88884032 1.0201E-21            1.0316E-20 7.2241E-08 9.5343E-09 7.5562E-07 5.7389E-07 8.2786E-07 4.80E-06 6.11E-06   0.118 0.6000 7.3400E-06    956.056
 9281.00 0.86434907 1.2083E-21            9.5825E-21 6.9181E-08 9.4668E-09 7.3115E-07 5.5744E-07 8.0033E-07 4.66E-06 6.20E-06   0.146 0.6000 7.5074E-06    954.552
 9291.00 0.89217687 8.9824E-22            9.4497E-21 7.4764E-08 9.7997E-09 7.7716E-07 5.8942E-07 8.5192E-07 4.93E-06 6.23E-06   0.114 0.6000 7.4866E-06    959.644
 9301.00 0.87986284 9.6616E-22            8.9059E-21 7.0662E-08 9.4605E-09 7.3935E-07 5.6232E-07 8.1001E-07 4.70E-06 6.07E-06   0.128 0.6000 7.3267E-06    956.989
 9311.00 0.88703191 8.6384E-22            8.5730E-21 7.3688E-08 9.7314E-09 7.6555E-07 5.8102E-07 8.3924E-07 4.86E-06 6.19E-06   0.120 0.6000 7.4561E-06    960.231
 9321.00 0.88589984 8.3262E-22            8.1828E-21 7.1892E-08 9.5804E-09 7.4952E-07 5.6887E-07 8.2141E-07 4.75E-06 6.10E-06   0.121 0.6000 7.3505E-06    959.564
 9331.00 0.88799918 7.7939E-22            7.8342E-21 7.3734E-08 9.7920E-09 7.6677E-07 5.8154E-07 8.4050E-07 4.86E-06 6.21E-06   0.119 0.6000 7.4831E-06    961.953
 9341.00 0.88854128 7.3785E-22            7.4902E-21 7.3610E-08 9.7655E-09 7.6408E-07 5.7925E-07 8.3769E-07 4.84E-06 6.17E-06   0.118 0.6000 7.4501E-06    962.532
 9351.00 0.88444018 7.3527E-22            7.1216E-21 6.9663E-08 9.3415E-09 7.2590E-07 5.5080E-07 7.9556E-07 4.60E-06 5.92E-06   0.123 0.6000 7.1583E-06    959.795
 9361.00 0.88909805 6.6736E-22            6.8399E-21 7.2774E-08 9.6882E-09 7.5583E-07 5.7271E-07 8.2861E-07 4.79E-06 6.10E-06   0.118 0.6000 7.3810E-06    963.398
 9371.00 0.88791484 6.4523E-22            6.5253E-21 7.3518E-08 9.8165E-09 7.6335E-07 5.7842E-07 8.3686E-07 4.83E-06 6.18E-06   0.119 0.6000 7.4787E-06    964.890
 9381.00 0.88989079 6.0283E-22            6.2479E-21 7.3785E-08 9.8107E-09 7.6353E-07 5.7811E-07 8.3732E-07 4.83E-06 6.15E-06   0.117 0.6000 7.4430E-06    965.736
 9391.00 0.88838345 5.8503E-22            5.9585E-21 7.4833E-08 9.9799E-09 7.7376E-07 5.8588E-07 8.4860E-07 4.90E-06 6.25E-06   0.118 0.6000 7.5710E-06    967.471
 9401.00 0.89040715 5.4715E-22            5.7053E-21 7.5153E-08 9.9578E-09 7.7286E-07 5.8472E-07 8.4801E-07 4.89E-06 6.21E-06   0.116 0.6000 7.5142E-06    968.232
 9411.00 0.88955206 5.2770E-22            5.4451E-21 7.5040E-08 9.9489E-09 7.6989E-07 5.8240E-07 8.4493E-07 4.87E-06 6.20E-06   0.117 0.6000 7.4958E-06    968.788
 9421.00 0.89118654 4.9551E-22            5.2113E-21 7.5637E-08 9.9723E-09 7.7212E-07 5.8367E-07 8.4776E-07 4.88E-06 6.19E-06   0.115 0.6000 7.4780E-06    969.828
 9431.00 0.89157039 4.7147E-22            4.9805E-21 7.5621E-08 9.9476E-09 7.6928E-07 5.8128E-07 8.4490E-07 4.86E-06 6.16E-06   0.115 0.6000 7.4376E-06    970.402
 9441.00 0.89175075 4.4956E-22            4.7589E-21 7.5746E-08 9.9476E-09 7.6809E-07 5.8017E-07 8.4383E-07 4.85E-06 6.14E-06   0.115 0.6000 7.4170E-06    971.123
 9451.00 0.89222735 4.2750E-22            4.5486E-21 7.6535E-08 1.0022E-08 7.7295E-07 5.8359E-07 8.4949E-07 4.88E-06 6.17E-06   0.114 0.6000 7.4469E-06    972.394
 9461.00 0.89296651 4.0532E-22            4.3488E-21 7.8346E-08 1.0223E-08 7.8782E-07 5.9453E-07 8.6616E-07 4.97E-06 6.28E-06   0.113 0.6000 7.5672E-06    974.557
 9471.00 0.89338565 3.8564E-22            4.1564E-21 7.8841E-08 1.0259E-08 7.8965E-07 5.9567E-07 8.6849E-07 4.98E-06 6.28E-06   0.113 0.6000 7.5686E-06    975.554
 9481.00 0.89388645 3.6650E-22            3.9728E-21 7.9264E-08 1.0284E-08 7.9080E-07 5.9629E-07 8.7007E-07 4.98E-06 6.28E-06   0.112 0.6000 7.5627E-06    976.489
 9491.00 0.89428276 3.4866E-22            3.7968E-21 7.9026E-08 1.0231E-08 7.8574E-07 5.9224E-07 8.6477E-07 4.95E-06 6.23E-06   0.112 0.6000 7.5010E-06    976.870
 9501.00 0.89429623 3.3306E-22            3.6271E-21 7.9739E-08 1.0312E-08 7.9062E-07 5.9575E-07 8.7036E-07 4.98E-06 6.27E-06   0.112 0.6000 7.5429E-06    978.130
 9511.00 0.89441335 3.1783E-22            3.4654E-21 8.0125E-08 1.0348E-08 7.9210E-07 5.9668E-07 8.7223E-07 4.99E-06 6.28E-06   0.112 0.6000 7.5499E-06    979.088
 9521.00 0.89466417 3.0271E-22            3.3113E-21 8.0383E-08 1.0367E-08 7.9250E-07 5.9678E-07 8.7288E-07 4.99E-06 6.28E-06   0.111 0.6000 7.5456E-06    979.949
 9531.00 0.89471453 2.8895E-22            3.1634E-21 8.0782E-08 1.0411E-08 7.9455E-07 5.9816E-07 8.7534E-07 5.00E-06 6.29E-06   0.111 0.6000 7.5615E-06    980.954
 9541.00 0.89480793 2.7579E-22            3.0222E-21 8.1128E-08 1.0441E-08 7.9551E-07 5.9869E-07 8.7664E-07 5.00E-06 6.29E-06   0.111 0.6000 7.5625E-06    981.867
 9551.00 0.89475608 2.6358E-22            2.8869E-21 8.0572E-08 1.0364E-08 7.8826E-07 5.9308E-07 8.6883E-07 4.96E-06 6.24E-06   0.111 0.6000 7.4917E-06    982.047
 9561.00 0.89474285 2.5176E-22            2.7577E-21 7.9920E-08 1.0276E-08 7.8014E-07 5.8681E-07 8.6006E-07 4.90E-06 6.17E-06   0.111 0.6000 7.4123E-06    982.143
 9571.00 0.89459282 2.4086E-22            2.6339E-21 8.1571E-08 1.0487E-08 7.9464E-07 5.9759E-07 8.7621E-07 4.99E-06 6.29E-06   0.111 0.6000 7.5504E-06    984.257
 9581.00 0.89465725 2.2986E-22            2.5162E-21 8.1920E-08 1.0524E-08 7.9616E-07 5.9855E-07 8.7808E-07 5.00E-06 6.29E-06   0.111 0.6000 7.5610E-06    985.214
 9591.00 0.89440948 2.2011E-22            2.4030E-21 8.1485E-08 1.0471E-08 7.9055E-07 5.9422E-07 8.7204E-07 4.97E-06 6.25E-06   0.112 0.6000 7.5108E-06    985.536
 9601.00 0.89407426 2.1097E-22            2.2946E-21 8.2307E-08 1.0583E-08 7.9727E-07 5.9917E-07 8.7957E-07 5.01E-06 6.31E-06   0.112 0.6000 7.5795E-06    986.950
 9611.00 0.89419425 2.0122E-22            2.1922E-21 8.2059E-08 1.0543E-08 7.9304E-07 5.9581E-07 8.7510E-07 4.98E-06 6.27E-06   0.112 0.6000 7.5350E-06    987.398
 9621.00 0.89402419 1.9251E-22            2.0937E-21 8.2151E-08 1.0555E-08 7.9237E-07 5.9517E-07 8.7452E-07 4.97E-06 6.27E-06   0.112 0.6000 7.5299E-06    988.159
 9631.00 0.89383042 1.8426E-22            1.9996E-21 8.2224E-08 1.0566E-08 7.9163E-07 5.9449E-07 8.7386E-07 4.97E-06 6.26E-06   0.112 0.6000 7.5249E-06    988.912
 9641.00 0.89374328 1.7610E-22            1.9099E-21 8.1826E-08 1.0516E-08 7.8640E-07 5.9040E-07 8.6822E-07 4.93E-06 6.22E-06   0.112 0.6000 7.4759E-06    989.262
 9651.00 0.89334553 1.6892E-22            1.8236E-21 8.3146E-08 1.0692E-08 7.9776E-07 5.9883E-07 8.8091E-07 5.01E-06 6.32E-06   0.113 0.6000 7.5893E-06    991.094
 9661.00 0.89364928 1.6078E-22            1.7425E-21 8.2481E-08 1.0591E-08 7.8928E-07 5.9225E-07 8.7177E-07 4.95E-06 6.24E-06   0.112 0.6000 7.4997E-06    991.163
 9671.00 0.89301819 1.5457E-22            1.6634E-21 8.2474E-08 1.0606E-08 7.8830E-07 5.9145E-07 8.7078E-07 4.94E-06 6.24E-06   0.113 0.6000 7.5015E-06    991.889
 9681.00 0.89292324 1.4781E-22            1.5887E-21 8.2407E-08 1.0595E-08 7.8610E-07 5.8965E-07 8.6851E-07 4.93E-06 6.23E-06   0.113 0.6000 7.4807E-06    992.511
 9691.00 0.89224619 1.4212E-22            1.5165E-21 8.3534E-08 1.0757E-08 7.9602E-07 5.9702E-07 8.7955E-07 4.99E-06 6.31E-06   0.114 0.6000 7.5873E-06    994.212
 9701.00 0.89166301 1.3664E-22            1.4476E-21 8.3410E-08 1.0754E-08 7.9381E-07 5.9530E-07 8.7722E-07 4.98E-06 6.30E-06   0.115 0.6000 7.5768E-06    994.830
 9711.00 0.89171124 1.3038E-22            1.3828E-21 8.3420E-08 1.0752E-08 7.9238E-07 5.9406E-07 8.7580E-07 4.97E-06 6.29E-06   0.115 0.6000 7.5604E-06    995.521
 9721.00 0.88929719 1.2770E-22            1.3173E-21 8.2860E-08 1.0746E-08 7.8794E-07 5.9093E-07 8.7080E-07 4.94E-06 6.29E-06   0.117 0.6000 7.5664E-06    995.921
 9731.00 0.88689822 1.2490E-22            1.2550E-21 8.2746E-08 1.0791E-08 7.8749E-07 5.9080E-07 8.7024E-07 4.94E-06 6.32E-06   0.120 0.6000 7.6088E-06    996.681
 9741.00 0.88974631 1.1589E-22            1.2026E-21 8.3690E-08 1.0834E-08 7.9222E-07 5.9376E-07 8.7591E-07 4.96E-06 6.31E-06   0.117 0.6000 7.5946E-06    997.948
 9751.00 0.88935882 1.1112E-22            1.1482E-21 8.3831E-08 1.0865E-08 7.9268E-07 5.9401E-07 8.7651E-07 4.96E-06 6.32E-06   0.117 0.6000 7.6062E-06    998.802
 9761.00 0.88686103 1.0864E-22            1.0938E-21 8.3162E-08 1.0829E-08 7.8637E-07 5.8947E-07 8.6953E-07 4.93E-06 6.31E-06   0.120 0.6000 7.5918E-06    999.039
 9771.00 0.88157028 1.0944E-22            1.0384E-21 8.1714E-08 1.0787E-08 7.7643E-07 5.8265E-07 8.5814E-07 4.87E-06 6.31E-06   0.126 0.6000 7.6047E-06    998.907
 9781.00 0.88839298 9.7674E-23            9.9960E-22 8.3193E-08 1.0790E-08 7.8236E-07 5.8593E-07 8.6555E-07 4.90E-06 6.25E-06   0.118 0.6000 7.5202E-06   1000.323
 9791.00 0.88819027 9.3513E-23            9.5458E-22 8.3182E-08 1.0799E-08 7.8128E-07 5.8501E-07 8.6446E-07 4.89E-06 6.24E-06   0.119 0.6000 7.5133E-06   1001.037
 9801.00 0.88854313 8.8895E-23            9.1223E-22 8.3705E-08 1.0850E-08 7.8415E-07 5.8693E-07 8.6786E-07 4.91E-06 6.26E-06   0.118 0.6000 7.5312E-06   1002.121
 9811.00 0.88277686 8.9838E-23            8.6563E-22 8.1269E-08 1.0665E-08 7.6389E-07 5.7230E-07 8.4516E-07 4.78E-06 6.18E-06   0.125 0.6000 7.4494E-06   1001.041
 9821.00 0.88997144 7.9910E-23            8.3363E-22 8.4662E-08 1.0925E-08 7.8838E-07 5.8956E-07 8.7304E-07 4.93E-06 6.27E-06   0.117 0.6000 7.5386E-06   1004.154
 9831.00 0.88720435 7.8511E-23            7.9377E-22 8.4039E-08 1.0926E-08 7.8410E-07 5.8663E-07 8.6814E-07 4.90E-06 6.27E-06   0.120 0.6000 7.5540E-06   1004.557
 9841.00 0.88864768 7.3862E-23            7.5945E-22 8.4523E-08 1.0937E-08 7.8525E-07 5.8712E-07 8.6977E-07 4.91E-06 6.26E-06   0.118 0.6000 7.5312E-06   1005.495
 9851.00 0.88577783 7.2593E-23            7.2306E-22 8.3650E-08 1.0907E-08 7.7877E-07 5.8256E-07 8.6242E-07 4.87E-06 6.25E-06   0.121 0.6000 7.5270E-06   1005.693
 9861.00 0.88747525 6.8205E-23            6.9192E-22 8.5004E-08 1.1034E-08 7.8820E-07 5.8916E-07 8.7320E-07 4.92E-06 6.30E-06   0.119 0.6000 7.5825E-06   1007.384
 9871.00 0.88782334 6.4846E-23            6.6122E-22 8.5425E-08 1.1072E-08 7.9001E-07 5.9031E-07 8.7544E-07 4.93E-06 6.30E-06   0.119 0.6000 7.5902E-06   1008.371
 9881.00 0.88333809 6.4711E-23            6.2837E-22 8.4110E-08 1.1025E-08 7.8071E-07 5.8386E-07 8.6482E-07 4.88E-06 6.30E-06   0.124 0.6000 7.5923E-06   1008.301
 9891.00 0.88651752 5.9917E-23            6.0238E-22 8.5362E-08 1.1100E-08 7.8789E-07 5.8861E-07 8.7326E-07 4.92E-06 6.31E-06   0.120 0.6000 7.5945E-06   1009.800
 9901.00 0.87655884 6.2783E-23            5.6896E-22 8.2386E-08 1.0989E-08 7.6863E-07 5.7561E-07 8.5102E-07 4.81E-06 6.30E-06   0.132 0.6000 7.6106E-06   1008.758
 9911.00 0.87569708 6.0506E-23            5.4277E-22 8.2162E-08 1.0965E-08 7.6492E-07 5.7271E-07 8.4709E-07 4.79E-06 6.28E-06   0.133 0.6000 7.5896E-06   1009.229
 9921.00 0.88175583 5.4640E-23            5.2208E-22 8.4456E-08 1.1093E-08 7.7868E-07 5.8192E-07 8.6314E-07 4.86E-06 6.30E-06   0.126 0.6000 7.5966E-06   1011.374
 9931.00 0.88569373 5.0238E-23            5.0090E-22 8.5356E-08 1.1110E-08 7.8243E-07 5.8400E-07 8.6778E-07 4.88E-06 6.27E-06   0.121 0.6000 7.5522E-06   1012.562
 9941.00 0.88374245 4.8870E-23            4.7740E-22 8.2145E-08 1.0733E-08 7.5286E-07 5.6206E-07 8.3500E-07 4.70E-06 6.06E-06   0.124 0.6000 7.3019E-06   1010.608
 9951.00 0.88337010 4.6864E-23            4.5578E-22 8.0499E-08 1.0523E-08 7.3631E-07 5.4960E-07 8.1681E-07 4.59E-06 5.93E-06   0.124 0.6000 7.1481E-06   1009.838
 9961.00 0.88139373 4.5597E-23            4.3433E-22 8.4009E-08 1.1022E-08 7.6822E-07 5.7348E-07 8.5223E-07 4.79E-06 6.21E-06   0.126 0.6000 7.4944E-06   1013.672
 9971.00 0.88143027 4.3467E-23            4.1496E-22 8.4945E-08 1.1153E-08 7.7589E-07 5.7914E-07 8.6084E-07 4.84E-06 6.27E-06   0.126 0.6000 7.5675E-06   1015.195
 9981.00 0.86758316 4.7023E-23            3.9001E-22 8.1623E-08 1.1055E-08 7.5488E-07 5.6557E-07 8.3650E-07 4.73E-06 6.29E-06   0.142 0.6000 7.6271E-06   1013.940
 9991.00 0.88466442 3.8478E-23            3.7989E-22 8.6997E-08 1.1324E-08 7.8849E-07 5.8770E-07 8.7549E-07 4.91E-06 6.32E-06   0.123 0.6000 7.6202E-06   1018.014
10001.00 0.88033879 3.8287E-23            3.6108E-22 8.5320E-08 1.1222E-08 7.7555E-07 5.7854E-07 8.6087E-07 4.84E-06 6.28E-06   0.127 0.6000 7.5822E-06   1017.603
10011.00 0.88247359 3.5857E-23            3.4570E-22 8.6335E-08 1.1296E-08 7.8155E-07 5.8255E-07 8.6788E-07 4.87E-06 6.30E-06   0.125 0.6000 7.5949E-06   1018.989
10021.00 0.88347691 3.3885E-23            3.3057E-22 8.7074E-08 1.1357E-08 7.8568E-07 5.8528E-07 8.7275E-07 4.89E-06 6.31E-06   0.124 0.6000 7.6120E-06   1020.195
10031.00 0.88361871 3.2331E-23            3.1579E-22 8.7335E-08 1.1383E-08 7.8618E-07 5.8546E-07 8.7351E-07 4.89E-06 6.31E-06   0.124 0.6000 7.6128E-06   1021.060
10041.00 0.88244933 3.1235E-23            3.0122E-22 8.6905E-08 1.1362E-08 7.8207E-07 5.8245E-07 8.6897E-07 4.87E-06 6.30E-06   0.125 0.6000 7.5964E-06   1021.485
10051.00 0.88415766 2.9319E-23            2.8826E-22 8.7711E-08 1.1413E-08 7.8623E-07 5.8509E-07 8.7394E-07 4.89E-06 6.30E-06   0.123 0.6000 7.5992E-06   1022.699
10061.00 0.88078922 2.8909E-23            2.7428E-22 8.6860E-08 1.1399E-08 7.8026E-07 5.8099E-07 8.6712E-07 4.86E-06 6.31E-06   0.127 0.6000 7.6105E-06   1022.933
10071.00 0.86320668 3.2103E-23            2.5673E-22 8.2111E-08 1.1146E-08 7.4553E-07 5.5708E-07 8.2764E-07 4.66E-06 6.27E-06   0.147 0.6000 7.6024E-06   1020.375
10081.00 0.87841386 2.6973E-23            2.4952E-22 8.6105E-08 1.1362E-08 7.7259E-07 5.7534E-07 8.5870E-07 4.81E-06 6.28E-06   0.130 0.6000 7.5822E-06   1023.830
10091.00 0.87134862 2.7374E-23            2.3644E-22 8.3960E-08 1.1246E-08 7.5664E-07 5.6424E-07 8.4060E-07 4.72E-06 6.25E-06   0.138 0.6000 7.5624E-06   1023.092
10101.00 0.85602540 2.9660E-23            2.2180E-22 7.9035E-08 1.0965E-08 7.2124E-07 5.3981E-07 8.0027E-07 4.51E-06 6.18E-06   0.155 0.6000 7.5113E-06   1020.357
10111.00 0.87504512 2.4245E-23            2.1656E-22 8.4571E-08 1.1245E-08 7.5708E-07 5.6384E-07 8.4165E-07 4.71E-06 6.20E-06   0.133 0.6000 7.4926E-06   1024.781
10121.00 0.85389316 2.7250E-23            2.0193E-22 8.0927E-08 1.1119E-08 7.3132E-07 5.4714E-07 8.1225E-07 4.57E-06 6.24E-06   0.158 0.6000 7.5886E-06   1023.018
10131.00 0.84555012 2.7791E-23            1.9083E-22 7.8111E-08 1.0953E-08 7.1009E-07 5.3227E-07 7.8820E-07 4.45E-06 6.20E-06   0.168 0.6000 7.5528E-06   1021.660
10141.00 0.86135697 2.3633E-23            1.8577E-22 8.1947E-08 1.1204E-08 7.3718E-07 5.5043E-07 8.1913E-07 4.60E-06 6.23E-06   0.149 0.6000 7.5589E-06   1025.221
10151.00 0.80324978 3.2270E-23            1.6551E-22 6.9838E-08 1.0477E-08 6.4620E-07 4.8987E-07 7.1604E-07 4.09E-06 6.13E-06   0.219 0.6000 7.5928E-06   1016.415
10161.00 0.82099813 2.7979E-23            1.6145E-22 7.3586E-08 1.0699E-08 6.7340E-07 5.0686E-07 7.4698E-07 4.24E-06 6.16E-06   0.197 0.6000 7.5665E-06   1020.210
10171.00 0.78248131 3.1695E-23            1.4712E-22 6.7871E-08 1.0223E-08 6.2389E-07 4.7227E-07 6.9176E-07 3.95E-06 6.06E-06   0.245 0.6000 7.5666E-06   1015.562
10181.00 0.77689290 3.1630E-23            1.3933E-22 6.5731E-08 1.0182E-08 6.0945E-07 4.6297E-07 6.7518E-07 3.87E-06 6.09E-06   0.252 0.6000 7.6043E-06   1014.644
10191.00 0.80394506 2.6684E-23            1.3776E-22 7.0259E-08 1.0564E-08 6.4727E-07 4.8893E-07 7.1753E-07 4.09E-06 6.15E-06   0.218 0.6000 7.6154E-06   1019.730
10201.00 0.72243285 3.4351E-23            1.1832E-22 5.7677E-08 9.4328E-09 5.3794E-07 4.1157E-07 5.9562E-07 3.44E-06 5.86E-06   0.325 0.6000 7.5497E-06   1007.477
10211.00 0.69834065 3.5422E-23            1.0912E-22 5.3051E-08 9.0622E-09 5.0013E-07 3.8433E-07 5.5318E-07 3.21E-06 5.77E-06   0.359 0.6000 7.5097E-06   1003.172
10221.00 0.71036774 3.2482E-23            1.0607E-22 5.5376E-08 9.2612E-09 5.1862E-07 3.9770E-07 5.7399E-07 3.32E-06 5.80E-06   0.342 0.6000 7.5283E-06   1006.491
10231.00 0.76537830 2.5912E-23            1.0914E-22 6.4548E-08 1.0047E-08 5.9258E-07 4.4979E-07 6.5713E-07 3.76E-06 5.99E-06   0.267 0.6000 7.5645E-06   1016.684
10241.00 0.64335537 3.5380E-23            8.7706E-23 4.6402E-08 8.3643E-09 4.3569E-07 3.3539E-07 4.8209E-07 2.80E-06 5.62E-06   0.441 0.6000 7.5088E-06    996.164
10251.00 0.66537279 3.1922E-23            8.6477E-23 4.9326E-08 8.7723E-09 4.6393E-07 3.5787E-07 5.1326E-07 2.99E-06 5.71E-06   0.407 0.6000 7.5975E-06   1001.180
10261.00 0.66658235 3.0257E-23            8.2875E-23 4.8576E-08 8.6208E-09 4.5654E-07 3.5064E-07 5.0512E-07 2.93E-06 5.62E-06   0.406 0.6000 7.4726E-06   1000.871
10271.00 0.66229284 2.9535E-23            7.8460E-23 4.8833E-08 8.6378E-09 4.5711E-07 3.5072E-07 5.0595E-07 2.93E-06 5.66E-06   0.412 0.6000 7.4992E-06   1001.760
10281.00 0.71709478 2.4331E-23            8.1203E-23 5.6718E-08 9.4934E-09 5.2507E-07 4.0086E-07 5.8179E-07 3.35E-06 5.88E-06   0.333 0.6000 7.5867E-06   1012.118
10291.00 0.74393547 2.0464E-23            8.0495E-23 6.2988E-08 9.9218E-09 5.7330E-07 4.3348E-07 6.3629E-07 3.62E-06 5.93E-06   0.296 0.6000 7.6000E-06   1019.143
10301.00 0.75395721 1.9005E-23            7.7997E-23 6.4079E-08 9.9790E-09 5.8063E-07 4.3854E-07 6.4471E-07 3.67E-06 5.92E-06   0.282 0.6000 7.5360E-06   1020.852
10311.00 0.73486203 2.0051E-23            7.2476E-23 6.0323E-08 9.8151E-09 5.5186E-07 4.1937E-07 6.1218E-07 3.51E-06 5.95E-06   0.308 0.6000 7.5858E-06   1018.009
10321.00 0.72436160 1.9729E-23            6.8349E-23 5.7853E-08 9.6250E-09 5.3186E-07 4.0461E-07 5.8971E-07 3.38E-06 5.91E-06   0.322 0.6000 7.5612E-06   1016.186
10331.00 0.73172069 1.7433E-23            6.5825E-23 6.1967E-08 9.7152E-09 5.5779E-07 4.2074E-07 6.1976E-07 3.52E-06 5.81E-06   0.312 0.6000 7.5159E-06   1020.438
10341.00 0.56663233 2.5663E-23            4.8900E-23 3.8303E-08 7.5629E-09 3.5795E-07 2.7791E-07 3.9626E-07 2.32E-06 5.38E-06   0.568 0.6000 7.5583E-06    990.805
10351.00 0.54501247 2.6341E-23            4.4659E-23 3.2796E-08 7.1014E-09 3.1432E-07 2.4728E-07 3.4712E-07 2.07E-06 5.24E-06   0.607 0.6000 7.4168E-06    982.908
10361.00 0.54580045 2.4634E-23            4.2847E-23 3.3590E-08 7.2611E-09 3.2347E-07 2.5446E-07 3.5706E-07 2.13E-06 5.31E-06   0.606 0.6000 7.5170E-06    985.506
10371.00 0.49556834 2.4117E-23            3.7107E-23 3.3048E-08 6.7047E-09 3.0448E-07 2.3624E-07 3.3753E-07 1.97E-06 5.05E-06   0.702 0.6000 7.4998E-06    982.614
10381.00 0.56758195 2.1315E-23            4.0637E-23 3.8875E-08 7.6049E-09 3.5926E-07 2.7732E-07 3.9814E-07 2.32E-06 5.38E-06   0.566 0.6000 7.5039E-06    994.185
10391.00 0.42424071 2.5183E-23            2.8939E-23 2.3311E-08 5.7516E-09 2.1698E-07 1.7240E-07 2.4029E-07 1.44E-06 4.82E-06   0.857 0.6000 7.4884E-06    962.604
10401.00 0.51691514 2.1258E-23            3.3775E-23 3.3380E-08 7.1122E-09 3.0886E-07 2.4177E-07 3.4224E-07 2.02E-06 5.28E-06   0.660 0.6000 7.5955E-06    985.794
10411.00 0.47331044 2.1707E-23            2.9462E-23 2.7411E-08 6.3467E-09 2.5621E-07 2.0163E-07 2.8362E-07 1.69E-06 5.01E-06   0.748 0.6000 7.4817E-06    974.496
10421.00 0.35015321 2.3379E-23            2.0907E-23 1.6899E-08 4.8677E-09 1.5761E-07 1.2736E-07 1.7451E-07 1.06E-06 4.55E-06   1.049 0.6000 7.5892E-06    945.385
10431.00 0.42403528 2.0238E-23            2.4042E-23 2.4710E-08 5.8771E-09 2.2741E-07 1.7894E-07 2.5212E-07 1.50E-06 4.85E-06   0.858 0.6000 7.6090E-06    968.587
10441.00 0.52140653 1.7232E-23            2.8280E-23 3.3229E-08 7.0470E-09 3.0634E-07 2.3841E-07 3.3957E-07 1.99E-06 5.18E-06   0.651 0.6000 7.5062E-06    988.326
10451.00 0.35062379 2.0036E-23            1.8170E-23 1.8274E-08 4.8875E-09 1.6234E-07 1.2843E-07 1.8061E-07 1.07E-06 4.52E-06   1.048 0.6000 7.5160E-06    949.648
10461.00 0.35800487 1.9031E-23            1.7742E-23 1.8739E-08 4.9508E-09 1.6920E-07 1.3426E-07 1.8793E-07 1.12E-06 4.52E-06   1.027 0.6000 7.4884E-06    952.776
10471.00 0.38456887 1.7979E-23            1.8201E-23 1.8345E-08 5.0243E-09 1.6816E-07 1.3434E-07 1.8651E-07 1.12E-06 4.42E-06   0.956 0.6000 7.0966E-06    953.055
10481.00 0.41825917 1.6583E-23            1.8825E-23 2.2211E-08 5.6943E-09 2.0261E-07 1.6060E-07 2.2482E-07 1.34E-06 4.76E-06   0.872 0.6000 7.3966E-06    965.198
10491.00 0.36999303 1.6544E-23            1.6015E-23 1.8731E-08 5.1425E-09 1.7022E-07 1.3626E-07 1.8895E-07 1.14E-06 4.61E-06   0.994 0.6000 7.5336E-06    955.315
10501.00 0.24649596 1.7102E-23            1.0135E-23 9.8149E-09 3.5634E-09 8.1781E-08 6.6673E-08 9.1596E-08 5.57E-07 4.01E-06   1.400 0.6000 7.5876E-06    914.166
10511.00 0.48929149 1.3770E-23            1.9168E-23 2.7540E-08 6.7033E-09 2.5211E-07 1.9850E-07 2.7965E-07 1.66E-06 5.22E-06   0.715 0.6000 7.5650E-06    981.127
10521.00 0.30101955 1.4297E-23            1.1412E-23 1.5089E-08 4.2563E-09 1.3105E-07 1.0347E-07 1.4614E-07 8.65E-07 4.16E-06   1.201 0.6000 7.5614E-06    942.214
10531.00 0.31809896 1.3574E-23            1.1306E-23 1.6682E-08 4.5609E-09 1.4480E-07 1.1394E-07 1.6148E-07 9.52E-07 4.29E-06   1.145 0.6000 7.6148E-06    948.838
10541.00 0.36412677 1.2716E-23            1.2534E-23 1.8668E-08 5.1008E-09 1.6668E-07 1.3191E-07 1.8535E-07 1.10E-06 4.51E-06   1.010 0.6000 7.6042E-06    957.837
10551.00 0.31768110 1.2663E-23            1.0367E-23 1.5922E-08 4.5313E-09 1.3926E-07 1.1043E-07 1.5519E-07 9.23E-07 4.32E-06   1.147 0.6000 7.5920E-06    947.942
10561.00 0.32555535 1.2229E-23            1.0185E-23 1.5550E-08 4.6015E-09 1.3702E-07 1.0936E-07 1.5257E-07 9.14E-07 4.38E-06   1.122 0.6000 7.5532E-06    947.666
10571.00 0.26083678 1.1576E-23            7.7661E-24 1.1900E-08 3.7435E-09 9.9157E-08 7.8665E-08 1.1106E-07 6.57E-07 3.91E-06   1.344 0.6000 7.5396E-06    929.979
10581.00 0.35933447 1.0878E-23            1.0258E-23 1.8175E-08 5.0119E-09 1.5850E-07 1.2515E-07 1.7668E-07 1.05E-06 4.50E-06   1.024 0.6000 7.4809E-06    957.886
10591.00 0.23978177 1.0481E-23            6.4679E-24 1.1321E-08 3.4252E-09 9.2146E-08 7.2376E-08 1.0347E-07 6.05E-07 3.66E-06   1.428 0.6000 7.3912E-06    927.402
10601.00 0.30663699 9.6627E-24            8.0077E-24 1.5609E-08 4.2964E-09 1.3055E-07 1.0160E-07 1.4616E-07 8.49E-07 4.07E-06   1.182 0.6000 7.4831E-06    948.046
10611.00 0.36501732 9.4418E-24            9.0177E-24 1.7777E-08 5.0325E-09 1.5296E-07 1.2047E-07 1.7074E-07 1.01E-06 4.51E-06   1.008 0.6000 7.4735E-06    958.028
10621.00 0.39956787 9.0629E-24            9.4758E-24 1.8882E-08 5.2069E-09 1.6498E-07 1.2998E-07 1.8386E-07 1.09E-06 4.54E-06   0.917 0.6000 7.1416E-06    963.235
10631.00 0.39636189 8.9078E-24            8.9548E-24 1.8097E-08 5.4170E-09 1.6473E-07 1.3308E-07 1.8282E-07 1.11E-06 4.72E-06   0.925 0.6000 7.3919E-06    963.628
10641.00 0.51215523 7.3076E-24            1.1051E-23 3.0446E-08 7.1553E-09 2.7330E-07 2.1403E-07 3.0374E-07 1.79E-06 5.27E-06   0.669 0.6000 7.5446E-06    996.219
10651.00 0.33169913 7.6684E-24            6.8879E-24 1.7516E-08 4.7254E-09 1.4932E-07 1.1686E-07 1.6683E-07 9.77E-07 4.27E-06   1.104 0.6000 7.5639E-06    959.567
10661.00 0.19455847 8.0130E-24            3.8320E-24 7.3032E-09 2.9240E-09 5.4629E-08 4.4219E-08 6.1932E-08 3.70E-07 3.60E-06   1.637 0.6000 7.5933E-06    904.203
10671.00 0.18371205 7.7334E-24            3.4489E-24 6.7528E-09 2.7993E-09 4.9851E-08 4.0566E-08 5.6604E-08 3.39E-07 3.58E-06   1.694 0.6000 7.5846E-06    900.127
10681.00 0.20928118 7.1946E-24            3.7806E-24 8.0130E-09 3.0810E-09 6.0623E-08 4.8767E-08 6.8636E-08 4.08E-07 3.61E-06   1.564 0.6000 7.5010E-06    911.117
10691.00 0.25151610 6.5185E-24            4.2994E-24 1.1297E-08 3.6696E-09 9.0237E-08 7.1315E-08 1.0153E-07 5.96E-07 3.78E-06   1.380 0.6000 7.5250E-06    933.486
10701.00 0.12782530 6.2395E-24            2.1051E-24 4.8452E-09 2.0909E-09 3.2264E-08 2.6053E-08 3.7109E-08 2.18E-07 3.00E-06   2.057 0.6000 7.6028E-06    880.430
10711.00 0.18166310 6.5246E-24            2.8226E-24 6.8397E-09 2.8813E-09 4.9118E-08 4.0203E-08 5.5957E-08 3.36E-07 3.69E-06   1.706 0.6000 7.6107E-06    902.300
10721.00 0.21600595 6.1442E-24            3.2321E-24 8.9535E-09 3.3436E-09 6.7322E-08 5.4278E-08 7.6276E-08 4.54E-07 3.87E-06   1.532 0.6000 7.5927E-06    919.672
10731.00 0.26361731 5.4885E-24            3.7463E-24 1.2414E-08 3.9797E-09 1.0209E-07 8.1852E-08 1.1451E-07 6.84E-07 3.95E-06   1.333 0.6000 7.5570E-06    943.219
10741.00 0.37811261 5.0631E-24            5.1447E-24 2.0842E-08 5.6130E-09 1.7967E-07 1.4263E-07 2.0051E-07 1.19E-06 4.69E-06   0.973 0.6000 7.5987E-06    977.383
10751.00 0.42501265 4.7678E-24            5.5268E-24 2.4181E-08 6.2557E-09 2.1246E-07 1.6864E-07 2.3664E-07 1.41E-06 4.96E-06   0.856 0.6000 7.5686E-06    988.476
10761.00 0.51216871 4.2259E-24            6.3585E-24 3.1976E-08 7.4232E-09 2.8241E-07 2.2251E-07 3.1439E-07 1.86E-06 5.32E-06   0.669 0.6000 7.5094E-06   1007.506
10771.00 0.53831547 3.8491E-24            6.3794E-24 3.5575E-08 7.8485E-09 3.1214E-07 2.4289E-07 3.4771E-07 2.03E-06 5.46E-06   0.619 0.6000 7.6113E-06   1014.912
10781.00 0.66349542 2.8692E-24            7.4986E-24 5.1735E-08 9.6003E-09 4.4727E-07 3.4062E-07 4.9901E-07 2.85E-06 5.83E-06   0.410 0.6000 7.6222E-06   1040.275
10791.00 0.73903972 2.1924E-24            8.0004E-24 6.3299E-08 1.0550E-08 5.3615E-07 4.0343E-07 5.9945E-07 3.37E-06 5.90E-06   0.302 0.6000 7.4710E-06   1054.006
10801.00 0.73666531 2.1107E-24            7.6054E-24 6.0882E-08 1.0234E-08 5.1781E-07 3.9061E-07 5.7869E-07 3.26E-06 5.73E-06   0.306 0.6000 7.2822E-06   1052.267
10811.00 0.71076328 2.1567E-24            7.0136E-24 5.9427E-08 1.0126E-08 5.0483E-07 3.8165E-07 5.6425E-07 3.19E-06 5.77E-06   0.341 0.6000 7.4552E-06   1051.246
10821.00 0.69739676 2.1780E-24            6.5669E-24 5.5453E-08 9.8523E-09 4.7633E-07 3.6166E-07 5.3179E-07 3.02E-06 5.72E-06   0.360 0.6000 7.3925E-06   1047.825
10831.00 0.74444896 1.7753E-24            6.6920E-24 6.1939E-08 1.0164E-08 5.2148E-07 3.9197E-07 5.8342E-07 3.28E-06 5.60E-06   0.295 0.6000 7.1062E-06   1055.177
10841.00 0.76208723 1.5314E-24            6.5505E-24 7.0635E-08 1.0873E-08 5.8192E-07 4.3406E-07 6.5255E-07 3.63E-06 5.80E-06   0.272 0.6000 7.3512E-06   1064.020
10851.00 0.72025609 1.7322E-24            5.9036E-24 6.1167E-08 1.0188E-08 5.1347E-07 3.8799E-07 5.7463E-07 3.24E-06 5.67E-06   0.328 0.6000 7.3041E-06   1055.645
10861.00 0.78473192 1.3158E-24            6.1410E-24 7.4251E-08 1.1379E-08 6.1026E-07 4.5443E-07 6.8451E-07 3.80E-06 5.97E-06   0.242 0.6000 7.4621E-06   1069.067
10871.00 0.71008229 1.5324E-24            5.3170E-24 6.6849E-08 1.0511E-08 5.4717E-07 4.0914E-07 6.1402E-07 3.42E-06 5.81E-06   0.342 0.6000 7.5693E-06   1061.954
10881.00 0.71850318 1.4836E-24            5.1348E-24 6.4633E-08 1.0650E-08 5.3814E-07 4.0452E-07 6.0278E-07 3.38E-06 5.89E-06   0.331 0.6000 7.6132E-06   1061.401
10891.00 0.61949593 1.8034E-24            4.2337E-24 4.8625E-08 9.0921E-09 4.1361E-07 3.1482E-07 4.6223E-07 2.63E-06 5.54E-06   0.479 0.6000 7.5649E-06   1043.402
10901.00 0.60337251 1.8111E-24            3.9171E-24 4.5682E-08 8.7682E-09 3.8565E-07 2.9347E-07 4.3134E-07 2.45E-06 5.48E-06   0.505 0.6000 7.5041E-06   1039.381
10911.00 0.68734658 1.4246E-24            4.2781E-24 5.8827E-08 1.0153E-08 4.9018E-07 3.6913E-07 5.4901E-07 3.09E-06 5.81E-06   0.375 0.6000 7.5967E-06   1057.040
10921.00 0.53453845 1.8117E-24            3.1747E-24 3.8882E-08 7.9493E-09 3.2996E-07 2.5341E-07 3.6884E-07 2.12E-06 5.27E-06   0.626 0.6000 7.6235E-06   1030.227
10931.00 0.69982940 1.2919E-24            3.9621E-24 5.7812E-08 1.0237E-08 4.8595E-07 3.6720E-07 5.4376E-07 3.07E-06 5.83E-06   0.357 0.6000 7.5345E-06   1057.902
10941.00 0.58111268 1.5100E-24            3.1555E-24 4.5683E-08 8.7131E-09 3.8321E-07 2.9223E-07 4.2889E-07 2.44E-06 5.43E-06   0.543 0.6000 7.6639E-06   1042.044
10951.00 0.57620490 1.5122E-24            2.9695E-24 4.3790E-08 8.6853E-09 3.6922E-07 2.8278E-07 4.1301E-07 2.36E-06 5.51E-06   0.551 0.6000 7.7036E-06   1040.209
10961.00 0.66803175 1.1442E-24            3.3027E-24 5.8374E-08 9.9328E-09 4.7800E-07 3.5843E-07 5.3638E-07 3.00E-06 5.65E-06   0.403 0.6000 7.5273E-06   1059.245
10971.00 0.69249904 1.0450E-24            3.2644E-24 6.0870E-08 1.0173E-08 4.9779E-07 3.7280E-07 5.5866E-07 3.12E-06 5.68E-06   0.367 0.6000 7.4388E-06   1062.922
10981.00 0.61835426 1.1919E-24            2.7827E-24 5.1233E-08 9.2737E-09 4.2190E-07 3.1996E-07 4.7313E-07 2.67E-06 5.53E-06   0.481 0.6000 7.5628E-06   1051.927
10991.00 0.63523161 1.1144E-24            2.7288E-24 5.0533E-08 9.3199E-09 4.2153E-07 3.2090E-07 4.7206E-07 2.68E-06 5.49E-06   0.454 0.6000 7.4267E-06   1052.535
11001.00 0.62655449 1.0344E-24            2.5709E-24 5.1209E-08 9.1712E-09 4.2153E-07 3.1875E-07 4.7274E-07 2.66E-06 5.35E-06   0.468 0.6000 7.3350E-06   1053.402
11011.00 0.62485766 9.8955E-25            2.4476E-24 5.4137E-08 9.3580E-09 4.3828E-07 3.2935E-07 4.9242E-07 2.75E-06 5.44E-06   0.470 0.6000 7.4859E-06   1057.037
11021.00 0.63251889 9.2803E-25            2.3662E-24 5.3957E-08 9.6210E-09 4.4068E-07 3.3228E-07 4.9464E-07 2.78E-06 5.56E-06   0.458 0.6000 7.6420E-06   1058.122
11031.00 0.69553924 7.9524E-25            2.4836E-24 6.1258E-08 1.0393E-08 5.0026E-07 3.7607E-07 5.6152E-07 3.14E-06 5.71E-06   0.363 0.6000 7.4670E-06   1067.926
11041.00 0.76604605 5.8908E-25            2.6138E-24 7.7308E-08 1.1775E-08 6.1316E-07 4.5353E-07 6.9047E-07 3.79E-06 6.02E-06   0.267 0.6000 7.6479E-06   1083.770
11051.00 0.77436179 5.5920E-25            2.5228E-24 7.8355E-08 1.1978E-08 6.2125E-07 4.6077E-07 6.9960E-07 3.85E-06 6.10E-06   0.256 0.6000 7.6989E-06   1085.524
11061.00 0.78957832 5.0315E-25            2.4548E-24 8.1763E-08 1.2230E-08 6.4260E-07 4.7487E-07 7.2437E-07 3.97E-06 6.14E-06   0.236 0.6000 7.6847E-06   1088.891
11071.00 0.71320021 6.0910E-25            2.1223E-24 6.6627E-08 1.0919E-08 5.3478E-07 3.9936E-07 6.0141E-07 3.34E-06 5.83E-06   0.338 0.6000 7.6118E-06   1075.980
11081.00 0.63883591 6.8595E-25            1.8115E-24 5.4216E-08 9.5009E-09 4.3644E-07 3.2718E-07 4.9065E-07 2.73E-06 5.40E-06   0.448 0.6000 7.3949E-06   1062.155
11091.00 0.64908379 6.5426E-25            1.7578E-24 5.2612E-08 9.2681E-09 4.2541E-07 3.2040E-07 4.7802E-07 2.68E-06 5.23E-06   0.432 0.6000 7.0888E-06   1061.078
11101.00 0.60246360 6.9724E-25            1.5593E-24 4.8206E-08 9.0243E-09 3.9355E-07 2.9925E-07 4.4176E-07 2.50E-06 5.33E-06   0.507 0.6000 7.4018E-06   1056.304
11111.00 0.67251098 5.3675E-25            1.6591E-24 6.2891E-08 1.0218E-08 4.9465E-07 3.6726E-07 5.5754E-07 3.07E-06 5.53E-06   0.397 0.6000 7.4567E-06   1073.591
11121.00 0.50354254 7.3200E-25            1.1876E-24 3.8976E-08 7.8285E-09 3.1112E-07 2.3692E-07 3.5010E-07 1.98E-06 5.11E-06   0.686 0.6000 7.6365E-06   1041.812
11131.00 0.67461050 4.9531E-25            1.5168E-24 6.4454E-08 1.0521E-08 5.0589E-07 3.7635E-07 5.7034E-07 3.15E-06 5.69E-06   0.394 0.6000 7.6345E-06   1076.775
11141.00 0.65573478 5.2581E-25            1.4098E-24 5.7527E-08 1.0174E-08 4.6302E-07 3.4995E-07 5.2054E-07 2.92E-06 5.68E-06   0.422 0.6000 7.5875E-06   1070.970
11151.00 0.64205658 5.1378E-25            1.3178E-24 5.6672E-08 1.0018E-08 4.5335E-07 3.4301E-07 5.1002E-07 2.87E-06 5.62E-06   0.443 0.6000 7.5845E-06   1070.278
11161.00 0.71141100 4.1447E-25            1.3942E-24 6.8795E-08 1.1302E-08 5.4314E-07 4.0666E-07 6.1193E-07 3.40E-06 5.95E-06   0.341 0.6000 7.7213E-06   1084.219
11171.00 0.73823351 3.7338E-25            1.3800E-24 7.0913E-08 1.1437E-08 5.5711E-07 4.1673E-07 6.2803E-07 3.48E-06 5.90E-06   0.303 0.6000 7.5224E-06   1086.899
11181.00 0.79443771 2.8470E-25            1.4186E-24 8.3734E-08 1.2392E-08 6.4243E-07 4.7313E-07 7.2617E-07 3.95E-06 6.06E-06   0.230 0.6000 7.5350E-06   1098.458
11191.00 0.80413949 2.5792E-25            1.3723E-24 8.6618E-08 1.2680E-08 6.6193E-07 4.8581E-07 7.4854E-07 4.06E-06 6.14E-06   0.218 0.6000 7.6181E-06   1101.521
11201.00 0.83648789 2.0683E-25            1.3617E-24 9.3331E-08 1.2947E-08 6.9983E-07 5.0941E-07 7.9316E-07 4.26E-06 6.07E-06   0.179 0.6000 7.4492E-06   1106.686
11211.00 0.84931356 1.8105E-25            1.3209E-24 9.8435E-08 1.3436E-08 7.3460E-07 5.3318E-07 8.3303E-07 4.46E-06 6.21E-06   0.163 0.6000 7.6049E-06   1111.212
11221.00 0.86154765 1.5837E-25            1.2794E-24 1.0349E-07 1.3768E-08 7.6360E-07 5.5238E-07 8.6709E-07 4.62E-06 6.27E-06   0.149 0.6000 7.6441E-06   1115.076
11231.00 0.85976583 1.5292E-25            1.2192E-24 1.0359E-07 1.3845E-08 7.6506E-07 5.5352E-07 8.6866E-07 4.63E-06 6.31E-06   0.151 0.6000 7.6983E-06   1116.003
11241.00 0.86302781 1.4246E-25            1.1683E-24 1.0395E-07 1.3794E-08 7.6442E-07 5.5237E-07 8.6837E-07 4.62E-06 6.25E-06   0.147 0.6000 7.6234E-06   1116.765
11251.00 0.86469823 1.3397E-25            1.1179E-24 1.0536E-07 1.3891E-08 7.7103E-07 5.5665E-07 8.7639E-07 4.65E-06 6.27E-06   0.145 0.6000 7.6427E-06   1118.262
11261.00 0.85690546 1.3583E-25            1.0575E-24 1.0202E-07 1.3654E-08 7.4947E-07 5.4198E-07 8.5149E-07 4.53E-06 6.20E-06   0.154 0.6000 7.5795E-06   1116.827
11271.00 0.86471242 1.2219E-25            1.0191E-24 1.0286E-07 1.3572E-08 7.5075E-07 5.4174E-07 8.5361E-07 4.53E-06 6.11E-06   0.145 0.6000 7.4414E-06   1117.805
11281.00 0.85996234 1.2093E-25            9.6775E-25 9.7916E-08 1.3053E-08 7.1624E-07 5.1736E-07 8.1416E-07 4.32E-06 5.89E-06   0.151 0.6000 7.1947E-06   1114.956
11291.00 0.85987020 1.1572E-25            9.2370E-25 1.0383E-07 1.3833E-08 7.5798E-07 5.4728E-07 8.6181E-07 4.57E-06 6.23E-06   0.151 0.6000 7.6089E-06   1120.117
11301.00 0.86664629 1.0474E-25            8.8900E-25 1.0668E-07 1.3998E-08 7.7282E-07 5.5681E-07 8.7950E-07 4.65E-06 6.25E-06   0.143 0.6000 7.6142E-06   1122.475
11311.00 0.86593223 1.0051E-25            8.4818E-25 1.0511E-07 1.3817E-08 7.6087E-07 5.4814E-07 8.6598E-07 4.58E-06 6.17E-06   0.144 0.6000 7.5111E-06   1122.063
11321.00 0.86490881 9.6818E-26            8.0882E-25 1.0624E-07 1.3993E-08 7.6823E-07 5.5344E-07 8.7447E-07 4.63E-06 6.24E-06   0.145 0.6000 7.6030E-06   1123.606
11331.00 0.86482346 9.2417E-26            7.7226E-25 1.0416E-07 1.3723E-08 7.5214E-07 5.4173E-07 8.5631E-07 4.53E-06 6.11E-06   0.145 0.6000 7.4450E-06   1122.767
11341.00 0.86486977 8.8245E-26            7.3733E-25 1.0620E-07 1.3981E-08 7.6528E-07 5.5099E-07 8.7147E-07 4.61E-06 6.21E-06   0.145 0.6000 7.5703E-06   1124.913
11351.00 0.86572313 8.3651E-26            7.0470E-25 1.0091E-07 1.3254E-08 7.2525E-07 5.2187E-07 8.2616E-07 4.36E-06 5.87E-06   0.144 0.6000 7.1571E-06   1121.572
11361.00 0.86573339 7.9860E-26            6.7284E-25 1.0694E-07 1.4040E-08 7.6716E-07 5.5183E-07 8.7411E-07 4.61E-06 6.21E-06   0.144 0.6000 7.5666E-06   1126.721
11371.00 0.86713499 7.5357E-26            6.4348E-25 1.0635E-07 1.3905E-08 7.6027E-07 5.4646E-07 8.6662E-07 4.57E-06 6.13E-06   0.143 0.6000 7.4662E-06   1126.839
11381.00 0.86592793 7.2653E-26            6.1353E-25 1.0859E-07 1.4240E-08 7.7598E-07 5.5778E-07 8.8457E-07 4.66E-06 6.27E-06   0.144 0.6000 7.6453E-06   1129.219
11391.00 0.86668354 6.8937E-26            5.8629E-25 1.0823E-07 1.4158E-08 7.7130E-07 5.5411E-07 8.7953E-07 4.63E-06 6.22E-06   0.143 0.6000 7.5803E-06   1129.561
11401.00 0.86675984 6.5767E-26            5.5983E-25 1.0876E-07 1.4221E-08 7.7364E-07 5.5560E-07 8.8241E-07 4.64E-06 6.24E-06   0.143 0.6000 7.5997E-06   1130.603
11411.00 0.86636984 6.2976E-26            5.3428E-25 1.0837E-07 1.4180E-08 7.6982E-07 5.5275E-07 8.7819E-07 4.62E-06 6.21E-06   0.143 0.6000 7.5687E-06   1131.016
11421.00 0.86670578 5.9953E-26            5.1031E-25 1.0549E-07 1.3786E-08 7.4774E-07 5.3666E-07 8.5324E-07 4.49E-06 6.03E-06   0.143 0.6000 7.3425E-06   1129.559
11431.00 0.86655635 5.7301E-26            4.8715E-25 1.0735E-07 1.4029E-08 7.5964E-07 5.4505E-07 8.6699E-07 4.56E-06 6.12E-06   0.143 0.6000 7.4607E-06   1131.588
11441.00 0.86636168 5.4784E-26            4.6501E-25 1.0808E-07 1.4128E-08 7.6366E-07 5.4779E-07 8.7174E-07 4.58E-06 6.16E-06   0.143 0.6000 7.5024E-06   1132.799
11451.00 0.86650085 5.2237E-26            4.4405E-25 1.0925E-07 1.4271E-08 7.7042E-07 5.5243E-07 8.7967E-07 4.62E-06 6.21E-06   0.143 0.6000 7.5639E-06   1134.292
11461.00 0.86644053 4.9888E-26            4.2394E-25 1.1068E-07 1.4456E-08 7.7917E-07 5.5853E-07 8.8986E-07 4.67E-06 6.28E-06   0.143 0.6000 7.6494E-06   1135.978
11471.00 0.86628503 4.7684E-26            4.0469E-25 1.0899E-07 1.4236E-08 7.6601E-07 5.4895E-07 8.7501E-07 4.59E-06 6.17E-06   0.144 0.6000 7.5218E-06   1135.448
11481.00 0.86597699 4.5634E-26            3.8624E-25 1.0972E-07 1.4339E-08 7.7004E-07 5.5171E-07 8.7976E-07 4.61E-06 6.21E-06   0.144 0.6000 7.5664E-06   1136.657
11491.00 0.86596686 4.3565E-26            3.6877E-25 1.0983E-07 1.4349E-08 7.6944E-07 5.5111E-07 8.7927E-07 4.61E-06 6.20E-06   0.144 0.6000 7.5587E-06   1137.400
11501.00 0.86582339 4.1634E-26            3.5203E-25 1.0733E-07 1.4023E-08 7.5073E-07 5.3756E-07 8.5806E-07 4.49E-06 6.05E-06   0.144 0.6000 7.3764E-06   1136.276
11511.00 0.86566740 3.9793E-26            3.3604E-25 1.0681E-07 1.3957E-08 7.4585E-07 5.3391E-07 8.5266E-07 4.46E-06 6.01E-06   0.144 0.6000 7.3299E-06   1136.568
11521.00 0.86542726 3.8061E-26            3.2075E-25 1.0732E-07 1.4028E-08 7.4830E-07 5.3553E-07 8.5562E-07 4.48E-06 6.03E-06   0.145 0.6000 7.3570E-06   1137.622
11531.00 0.86526090 3.6380E-26            3.0617E-25 1.0344E-07 1.3524E-08 7.2019E-07 5.1529E-07 8.2364E-07 4.31E-06 5.81E-06   0.145 0.6000 7.0826E-06   1135.438
11541.00 0.86513603 3.4762E-26            2.9228E-25 8.2391E-08 1.0773E-08 5.7271E-07 4.0965E-07 6.5510E-07 3.42E-06 4.62E-06   0.145 0.6000 5.6333E-06   1118.696
11551.00 0.86483580 3.3264E-26            2.7896E-25 1.0485E-07 1.3716E-08 7.2775E-07 5.2043E-07 8.3260E-07 4.35E-06 5.87E-06   0.145 0.6000 7.1627E-06   1137.846
11561.00 0.86460620 3.1814E-26            2.6626E-25 1.1026E-07 1.4427E-08 7.6412E-07 5.4629E-07 8.7438E-07 4.57E-06 6.16E-06   0.145 0.6000 7.5239E-06   1142.458
11571.00 0.86452174 3.0390E-26            2.5419E-25 1.1248E-07 1.4714E-08 7.7812E-07 5.5613E-07 8.9059E-07 4.65E-06 6.28E-06   0.146 0.6000 7.6619E-06   1144.686
11581.00 0.86422604 2.9076E-26            2.4260E-25 1.1182E-07 1.4637E-08 7.7255E-07 5.5203E-07 8.8437E-07 4.61E-06 6.24E-06   0.146 0.6000 7.6124E-06   1144.920
11591.00 0.86338836 2.7943E-26            2.3140E-25 1.1170E-07 1.4650E-08 7.7109E-07 5.5096E-07 8.8278E-07 4.60E-06 6.24E-06   0.147 0.6000 7.6150E-06   1145.563
11601.00 0.86375523 2.6597E-26            2.2101E-25 1.1027E-07 1.4443E-08 7.5952E-07 5.4245E-07 8.6979E-07 4.53E-06 6.13E-06   0.146 0.6000 7.4906E-06   1145.182
11611.00 0.86272496 2.5595E-26            2.1076E-25 1.0987E-07 1.4426E-08 7.5633E-07 5.4017E-07 8.6620E-07 4.51E-06 6.12E-06   0.148 0.6000 7.4800E-06   1145.640
11621.00 0.86301798 2.4362E-26            2.0129E-25 1.1131E-07 1.4598E-08 7.6459E-07 5.4584E-07 8.7590E-07 4.56E-06 6.18E-06   0.147 0.6000 7.5536E-06   1147.300
11631.00 0.86195588 2.3434E-26            1.9195E-25 1.1027E-07 1.4498E-08 7.5697E-07 5.4041E-07 8.6725E-07 4.52E-06 6.14E-06   0.149 0.6000 7.5002E-06   1147.302
11641.00 0.86101580 2.2539E-26            1.8305E-25 1.0987E-07 1.4480E-08 7.5385E-07 5.3817E-07 8.6372E-07 4.50E-06 6.12E-06   0.150 0.6000 7.4886E-06   1147.765
11651.00 0.86170268 2.1396E-26            1.7490E-25 1.1040E-07 1.4518E-08 7.5557E-07 5.3909E-07 8.6597E-07 4.51E-06 6.13E-06   0.149 0.6000 7.4886E-06   1148.753
11661.00 0.85785764 2.1023E-26            1.6624E-25 1.1083E-07 1.4722E-08 7.6057E-07 5.4316E-07 8.7140E-07 4.54E-06 6.23E-06   0.153 0.6000 7.6222E-06   1150.029
11671.00 0.86068165 1.9652E-26            1.5923E-25 1.1252E-07 1.4828E-08 7.6827E-07 5.4797E-07 8.8079E-07 4.58E-06 6.24E-06   0.150 0.6000 7.6343E-06   1151.659
11681.00 0.85873562 1.9026E-26            1.5169E-25 1.1001E-07 1.4569E-08 7.5156E-07 5.3622E-07 8.6157E-07 4.48E-06 6.13E-06   0.152 0.6000 7.5086E-06   1150.701
11691.00 0.85755712 1.8333E-26            1.4461E-25 1.0629E-07 1.4115E-08 7.2582E-07 5.1790E-07 8.3211E-07 4.33E-06 5.94E-06   0.154 0.6000 7.2750E-06   1148.748
11701.00 0.85628676 1.7652E-26            1.3787E-25 7.9544E-08 1.0578E-08 5.4254E-07 3.8709E-07 6.2208E-07 3.24E-06 4.45E-06   0.155 0.6000 5.4498E-06   1127.141
11711.00 0.85392177 1.7149E-26            1.3125E-25 9.4294E-08 1.2616E-08 6.4377E-07 4.5948E-07 7.3806E-07 3.84E-06 5.31E-06   0.158 0.6000 6.5087E-06   1140.969
11721.00 0.85759532 1.5933E-26            1.2585E-25 1.0886E-07 1.4445E-08 7.3955E-07 5.2714E-07 8.4841E-07 4.41E-06 6.05E-06   0.154 0.6000 7.4074E-06   1152.617
11731.00 0.85408044 1.5593E-26            1.1966E-25 1.0932E-07 1.4627E-08 7.4398E-07 5.3072E-07 8.5330E-07 4.44E-06 6.14E-06   0.158 0.6000 7.5244E-06   1153.852
11741.00 0.84994924 1.5319E-26            1.1369E-25 1.0463E-07 1.4137E-08 7.1376E-07 5.0966E-07 8.1839E-07 4.26E-06 5.95E-06   0.163 0.6000 7.3045E-06   1151.347
11751.00 0.85327750 1.4300E-26            1.0895E-25 1.1001E-07 1.4726E-08 7.4627E-07 5.3208E-07 8.5628E-07 4.45E-06 6.16E-06   0.159 0.6000 7.5574E-06   1155.691
11761.00 0.85575730 1.3413E-26            1.0433E-25 9.8517E-08 1.3114E-08 6.6574E-07 4.7418E-07 7.6425E-07 3.96E-06 5.46E-06   0.156 0.6000 6.6941E-06   1147.556
11771.00 0.85514021 1.2854E-26            9.9532E-26 1.0557E-07 1.4073E-08 7.1270E-07 5.0754E-07 8.1827E-07 4.24E-06 5.86E-06   0.156 0.6000 7.1784E-06   1153.675
11781.00 0.85462296 1.2317E-26            9.4964E-26 1.1213E-07 1.4958E-08 7.5601E-07 5.3833E-07 8.6814E-07 4.50E-06 6.22E-06   0.157 0.6000 7.6220E-06   1159.126
11791.00 0.85330689 1.1871E-26            9.0522E-26 1.1167E-07 1.4948E-08 7.5272E-07 5.3601E-07 8.6439E-07 4.48E-06 6.21E-06   0.159 0.6000 7.6178E-06   1159.564
11801.00 0.85816759 1.0944E-26            8.6913E-26 1.1158E-07 1.4741E-08 7.4665E-07 5.3070E-07 8.5823E-07 4.44E-06 6.08E-06   0.153 0.6000 7.4468E-06   1159.780
11811.00 0.85558212 1.0638E-26            8.2734E-26 1.1108E-07 1.4763E-08 7.4390E-07 5.2900E-07 8.5498E-07 4.42E-06 6.10E-06   0.156 0.6000 7.4721E-06   1160.260
11821.00 0.85415596 1.0267E-26            7.8842E-26 1.1252E-07 1.5001E-08 7.5332E-07 5.3577E-07 8.6584E-07 4.48E-06 6.19E-06   0.158 0.6000 7.5939E-06   1162.043
11831.00 0.85429794 9.7882E-27            7.5289E-26 1.1242E-07 1.5000E-08 7.5194E-07 5.3461E-07 8.6436E-07 4.47E-06 6.18E-06   0.157 0.6000 7.5796E-06   1162.688
11841.00 0.84894502 9.6964E-27            7.1431E-26 1.0920E-07 1.4751E-08 7.3286E-07 5.2180E-07 8.4206E-07 4.36E-06 6.10E-06   0.164 0.6000 7.4967E-06   1161.396
11851.00 0.84226155 9.6730E-27            6.7651E-26 1.0553E-07 1.4464E-08 7.1088E-07 5.0688E-07 8.1641E-07 4.24E-06 6.02E-06   0.172 0.6000 7.4088E-06   1159.731
11861.00 0.84771961 8.9121E-27            6.4999E-26 1.0987E-07 1.4884E-08 7.3571E-07 5.2358E-07 8.4559E-07 4.38E-06 6.15E-06   0.165 0.6000 7.5539E-06   1163.288
11871.00 0.84881473 8.3314E-27            6.2150E-26 1.1010E-07 1.4828E-08 7.3387E-07 5.2192E-07 8.4397E-07 4.36E-06 6.10E-06   0.164 0.6000 7.4948E-06   1163.916
11881.00 0.83738881 8.4772E-27            5.8524E-26 1.0675E-07 1.4749E-08 7.1727E-07 5.1173E-07 8.2403E-07 4.28E-06 6.14E-06   0.177 0.6000 7.5634E-06   1162.801
11891.00 0.83077824 8.4000E-27            5.5430E-26 1.0546E-07 1.4763E-08 7.1015E-07 5.0732E-07 8.1561E-07 4.24E-06 6.18E-06   0.185 0.6000 7.6272E-06   1162.769
11901.00 0.83919156 7.6665E-27            5.3457E-26 1.0786E-07 1.4861E-08 7.2153E-07 5.1430E-07 8.2939E-07 4.30E-06 6.15E-06   0.175 0.6000 7.5712E-06   1164.873
11911.00 0.83887446 7.3299E-27            5.1005E-26 1.0761E-07 1.4807E-08 7.1799E-07 5.1148E-07 8.2560E-07 4.27E-06 6.12E-06   0.176 0.6000 7.5362E-06   1165.289
11921.00 0.82690316 7.4670E-27            4.8012E-26 9.9919E-08 1.4147E-08 6.7238E-07 4.8039E-07 7.7230E-07 4.02E-06 5.92E-06   0.190 0.6000 7.3140E-06   1160.801
11931.00 0.82479304 7.1891E-27            4.5728E-26 1.0403E-07 1.4657E-08 6.9655E-07 4.9752E-07 8.0058E-07 4.16E-06 6.12E-06   0.193 0.6000 7.5712E-06   1164.410
11941.00 0.81491596 7.2320E-27            4.3107E-26 1.0166E-07 1.4591E-08 6.8377E-07 4.8965E-07 7.8543E-07 4.09E-06 6.14E-06   0.205 0.6000 7.6217E-06   1163.681
11951.00 0.81587023 6.8401E-27            4.1217E-26 1.0178E-07 1.4455E-08 6.8018E-07 4.8661E-07 7.8196E-07 4.07E-06 6.06E-06   0.203 0.6000 7.5194E-06   1164.108
11961.00 0.79735249 7.1314E-27            3.8455E-26 9.7276E-08 1.4269E-08 6.5543E-07 4.7168E-07 7.5270E-07 3.94E-06 6.08E-06   0.226 0.6000 7.5871E-06   1161.885
11971.00 0.80412364 6.5931E-27            3.7009E-26 9.8950E-08 1.4367E-08 6.6367E-07 4.7584E-07 7.6262E-07 3.98E-06 6.08E-06   0.218 0.6000 7.5688E-06   1163.687
11981.00 0.81093937 6.0718E-27            3.5653E-26 9.9516E-08 1.4255E-08 6.6307E-07 4.7419E-07 7.6259E-07 3.96E-06 5.98E-06   0.210 0.6000 7.4366E-06   1164.459
11991.00 0.76946718 6.9120E-27            3.2287E-26 8.8837E-08 1.3551E-08 5.9995E-07 4.3382E-07 6.8878E-07 3.63E-06 5.90E-06   0.262 0.6000 7.4512E-06   1157.278
12001.00 0.76947421 6.5664E-27            3.0806E-26 8.6558E-08 1.3368E-08 5.8942E-07 4.2638E-07 6.7598E-07 3.56E-06 5.82E-06   0.262 0.6000 7.3525E-06   1156.594
12011.00 0.76008308 5.9308E-27            2.9098E-26 9.1494E-08 1.3496E-08 6.0957E-07 4.3723E-07 7.0107E-07 3.65E-06 5.82E-06   0.274 0.6000 7.4651E-06   1160.195
12021.00 0.72953993 6.5925E-27            2.6606E-26 8.2419E-08 1.3104E-08 5.6136E-07 4.0893E-07 6.4377E-07 3.42E-06 5.83E-06   0.315 0.6000 7.5463E-06   1154.360
12031.00 0.77946401 5.4254E-27            2.7171E-26 9.1576E-08 1.3762E-08 6.1513E-07 4.4297E-07 7.0671E-07 3.70E-06 5.87E-06   0.249 0.6000 7.4160E-06   1162.362
12041.00 0.74461180 5.7200E-27            2.4761E-26 8.6426E-08 1.3347E-08 5.8180E-07 4.2140E-07 6.6822E-07 3.52E-06 5.82E-06   0.295 0.6000 7.5039E-06   1158.778
12051.00 0.74049062 5.3327E-27            2.3526E-26 8.6568E-08 1.3303E-08 5.7932E-07 4.1731E-07 6.6588E-07 3.49E-06 5.83E-06   0.300 0.6000 7.5169E-06   1159.275
12061.00 0.71188956 4.3685E-27            2.1574E-26 8.1448E-08 1.2930E-08 5.4785E-07 3.9701E-07 6.2930E-07 3.32E-06 5.79E-06   0.340 0.6000 7.5939E-06   1155.678
12071.00 0.71955770 3.8923E-27            2.0840E-26 8.3726E-08 1.3173E-08 5.6156E-07 4.0639E-07 6.4528E-07 3.40E-06 5.83E-06   0.329 0.6000 7.6428E-06   1158.379
12081.00 0.68259209 3.9908E-27            1.8856E-26 7.3563E-08 1.2399E-08 5.0223E-07 3.6737E-07 5.7580E-07 3.07E-06 5.70E-06   0.382 0.6000 7.6030E-06   1150.406
12091.00 0.79413837 3.2132E-27            2.0933E-26 9.9841E-08 1.4547E-08 6.5784E-07 4.7036E-07 7.5768E-07 3.93E-06 6.05E-06   0.230 0.6000 7.6166E-06   1172.468
12101.00 0.75429362 3.3039E-27            1.9012E-26 8.9387E-08 1.3783E-08 5.9756E-07 4.3086E-07 6.8694E-07 3.60E-06 5.93E-06   0.282 0.6000 7.6091E-06   1165.543
12111.00 0.74979758 3.1627E-27            1.8003E-26 8.8809E-08 1.3652E-08 5.9137E-07 4.2622E-07 6.8018E-07 3.56E-06 5.87E-06   0.288 0.6000 7.5626E-06   1165.541
12121.00 0.80201763 2.7529E-27            1.8415E-26 1.0094E-07 1.4526E-08 6.5868E-07 4.6946E-07 7.5962E-07 3.92E-06 5.98E-06   0.221 0.6000 7.4981E-06   1174.990
12131.00 0.75393307 2.9501E-27            1.6512E-26 8.7719E-08 1.3700E-08 5.8388E-07 4.2160E-07 6.7160E-07 3.52E-06 5.90E-06   0.282 0.6000 7.5446E-06   1166.089
12141.00 0.65023220 3.1705E-27            1.3642E-26 6.7196E-08 1.1726E-08 4.5495E-07 3.3423E-07 5.2214E-07 2.79E-06 5.50E-06   0.430 0.6000 7.4416E-06   1147.562
12151.00 0.49596587 3.5015E-27            9.8751E-27 4.2976E-08 9.0301E-09 2.9637E-07 2.2236E-07 3.3935E-07 1.86E-06 4.95E-06   0.701 0.6000 7.5107E-06   1116.714
12161.00 0.73024833 2.6013E-27            1.3902E-26 8.2348E-08 1.3027E-08 5.4750E-07 3.9532E-07 6.2985E-07 3.30E-06 5.68E-06   0.314 0.6000 7.3702E-06   1163.409
12171.00 0.77680236 2.3185E-27            1.4131E-26 9.2113E-08 1.3950E-08 6.0813E-07 4.3614E-07 7.0024E-07 3.65E-06 5.84E-06   0.253 0.6000 7.4020E-06   1172.432
12181.00 0.81045425 2.0770E-27            1.4068E-26 1.0216E-07 1.4694E-08 6.6243E-07 4.7152E-07 7.6459E-07 3.94E-06 5.95E-06   0.210 0.6000 7.4299E-06   1180.148
12191.00 0.70323837 2.3364E-27            1.1678E-26 7.7090E-08 1.2575E-08 5.1321E-07 3.7188E-07 5.9030E-07 3.11E-06 5.58E-06   0.352 0.6000 7.3655E-06   1160.703
12201.00 0.69508433 2.1785E-27            1.1001E-26 7.6163E-08 1.2323E-08 5.0280E-07 3.6306E-07 5.7896E-07 3.03E-06 5.46E-06   0.364 0.6000 7.2879E-06   1159.978
12211.00 0.69280320 2.1233E-27            1.0462E-26 7.6048E-08 1.2539E-08 5.0557E-07 3.6629E-07 5.8162E-07 3.06E-06 5.57E-06   0.367 0.6000 7.4288E-06   1161.092
12221.00 0.63367409 2.1812E-27            9.1574E-27 6.4494E-08 1.1427E-08 4.3263E-07 3.1648E-07 4.9712E-07 2.65E-06 5.39E-06   0.456 0.6000 7.4096E-06   1149.926
12231.00 0.68506169 1.9493E-27            9.4222E-27 7.7772E-08 1.2772E-08 5.1385E-07 3.7186E-07 5.9162E-07 3.11E-06 5.69E-06   0.378 0.6000 7.6019E-06   1163.927
12241.00 0.63178807 2.0233E-27            8.3153E-27 6.7585E-08 1.1757E-08 4.4868E-07 3.2702E-07 5.1626E-07 2.73E-06 5.50E-06   0.459 0.6000 7.5712E-06   1154.290
12251.00 0.63769937 1.6776E-27            7.9826E-27 6.9407E-08 1.1909E-08 4.5792E-07 3.3411E-07 5.2733E-07 2.79E-06 5.49E-06   0.450 0.6000 7.5568E-06   1156.654
12261.00 0.65788180 1.3651E-27            7.8845E-27 6.9814E-08 1.2273E-08 4.6604E-07 3.4248E-07 5.3585E-07 2.86E-06 5.63E-06   0.419 0.6000 7.5676E-06   1158.631
12271.00 0.66105205 1.1732E-27            7.5537E-27 6.9227E-08 1.2343E-08 4.6474E-07 3.4153E-07 5.3397E-07 2.85E-06 5.69E-06   0.414 0.6000 7.5742E-06   1159.122
12281.00 0.70376396 9.9735E-28            7.6783E-27 7.8577E-08 1.3265E-08 5.2152E-07 3.8191E-07 6.0010E-07 3.19E-06 5.83E-06   0.351 0.6000 7.5993E-06   1168.839
12291.00 0.69019377 1.1093E-27            7.1905E-27 7.6532E-08 1.2998E-08 5.0530E-07 3.6721E-07 5.8183E-07 3.07E-06 5.81E-06   0.371 0.6000 7.6171E-06   1167.216
12301.00 0.77341831 8.6094E-28            7.6899E-27 9.5539E-08 1.4565E-08 6.1543E-07 4.4059E-07 7.1097E-07 3.68E-06 6.01E-06   0.257 0.6000 7.5809E-06   1183.634
12311.00 0.78370947 8.3369E-28            7.4369E-27 9.6825E-08 1.4741E-08 6.2440E-07 4.4578E-07 7.2123E-07 3.73E-06 6.03E-06   0.244 0.6000 7.5827E-06   1185.539
12321.00 0.79041773 8.0826E-28            7.1647E-27 9.9378E-08 1.4883E-08 6.3751E-07 4.5437E-07 7.3689E-07 3.80E-06 6.03E-06   0.235 0.6000 7.5619E-06   1188.016
12331.00 0.80743086 7.9578E-28            6.9837E-27 1.0478E-07 1.5299E-08 6.6692E-07 4.7341E-07 7.7171E-07 3.96E-06 6.08E-06   0.214 0.6000 7.5814E-06   1192.475
12341.00 0.82146192 7.8149E-28            6.7846E-27 1.0845E-07 1.5409E-08 6.8342E-07 4.8271E-07 7.9186E-07 4.03E-06 6.03E-06   0.197 0.6000 7.4845E-06   1195.319
12351.00 0.81984133 7.4483E-28            6.4621E-27 1.0657E-07 1.5193E-08 6.7197E-07 4.7463E-07 7.7854E-07 3.97E-06 5.94E-06   0.199 0.6000 7.3918E-06   1194.727
12361.00 0.82930875 7.2548E-28            6.2414E-27 1.1173E-07 1.5554E-08 6.9699E-07 4.9053E-07 8.0872E-07 4.10E-06 6.01E-06   0.187 0.6000 7.4500E-06   1198.563
12371.00 0.83169973 6.9630E-28            5.9739E-27 1.1333E-07 1.5730E-08 7.0573E-07 4.9625E-07 8.1906E-07 4.15E-06 6.05E-06   0.184 0.6000 7.4992E-06   1200.365
12381.00 0.83744550 6.7326E-28            5.7428E-27 1.1641E-07 1.5913E-08 7.1936E-07 5.0473E-07 8.3577E-07 4.22E-06 6.07E-06   0.177 0.6000 7.5115E-06   1202.776
12391.00 0.83584678 6.4187E-28            5.4714E-27 1.1684E-07 1.6012E-08 7.2137E-07 5.0612E-07 8.3822E-07 4.23E-06 6.11E-06   0.179 0.6000 7.5618E-06   1203.789
12401.00 0.83500844 6.1237E-28            5.2174E-27 1.1759E-07 1.6165E-08 7.2599E-07 5.0956E-07 8.4358E-07 4.26E-06 6.16E-06   0.180 0.6000 7.6275E-06   1205.082
12411.00 0.83793414 5.8887E-28            4.9982E-27 1.1821E-07 1.6134E-08 7.2666E-07 5.0924E-07 8.4487E-07 4.26E-06 6.12E-06   0.177 0.6000 7.5712E-06   1205.982
12421.00 0.83422381 5.5947E-28            4.7509E-27 1.1365E-07 1.5604E-08 6.9880E-07 4.9004E-07 8.1244E-07 4.10E-06 5.93E-06   0.181 0.6000 7.3492E-06   1203.576
12431.00 0.81758183 5.1782E-28            4.4431E-27 1.0951E-07 1.5625E-08 6.8184E-07 4.8069E-07 7.9135E-07 4.02E-06 6.04E-06   0.201 0.6000 7.5224E-06   1202.219
12441.00 0.81981802 4.9754E-28            4.2536E-27 1.1132E-07 1.5772E-08 6.8999E-07 4.8562E-07 8.0131E-07 4.06E-06 6.07E-06   0.199 0.6000 7.5586E-06   1204.003
12451.00 0.81739783 4.7348E-28            4.0487E-27 1.0916E-07 1.5556E-08 6.7703E-07 4.7672E-07 7.8619E-07 3.98E-06 5.99E-06   0.202 0.6000 7.4655E-06   1203.234
12461.00 0.81286639 4.4820E-28            3.8423E-27 1.0801E-07 1.5640E-08 6.7351E-07 4.7507E-07 7.8152E-07 3.97E-06 6.05E-06   0.207 0.6000 7.5531E-06   1203.524
12471.00 0.82144845 4.3630E-28            3.7078E-27 1.1309E-07 1.5956E-08 6.9653E-07 4.8939E-07 8.0962E-07 4.09E-06 6.10E-06   0.197 0.6000 7.5917E-06   1207.158
12481.00 0.81181818 4.1028E-28            3.4971E-27 1.1054E-07 1.5756E-08 6.8073E-07 4.7900E-07 7.9127E-07 4.00E-06 6.07E-06   0.208 0.6000 7.5823E-06   1206.070
12491.00 0.81672329 3.9568E-28            3.3583E-27 1.1147E-07 1.5757E-08 6.8392E-07 4.8047E-07 7.9539E-07 4.02E-06 6.03E-06   0.202 0.6000 7.5158E-06   1207.263
12501.00 0.81951648 3.7973E-28            3.2158E-27 1.1087E-07 1.5653E-08 6.7949E-07 4.7700E-07 7.9035E-07 3.99E-06 5.97E-06   0.199 0.6000 7.4276E-06   1207.519
12511.00 0.83273911 3.7202E-28            3.1201E-27 1.1851E-07 1.6328E-08 7.1963E-07 5.0334E-07 8.3815E-07 4.21E-06 6.13E-06   0.183 0.6000 7.5963E-06   1213.072
12521.00 0.82444894 3.5029E-28            2.9487E-27 1.1542E-07 1.6153E-08 7.0339E-07 4.9299E-07 8.1881E-07 4.12E-06 6.10E-06   0.193 0.6000 7.5909E-06   1211.939
12531.00 0.83428049 3.4097E-28            2.8482E-27 1.1938E-07 1.6381E-08 7.2151E-07 5.0415E-07 8.4090E-07 4.21E-06 6.12E-06   0.181 0.6000 7.5761E-06   1214.886
12541.00 0.82468849 3.2030E-28            2.6877E-27 1.1563E-07 1.6165E-08 7.0233E-07 4.9203E-07 8.1796E-07 4.11E-06 6.08E-06   0.193 0.6000 7.5663E-06   1213.399
12551.00 0.80775809 2.9684E-28            2.5139E-27 1.0983E-07 1.5850E-08 6.7286E-07 4.7398E-07 7.8269E-07 3.96E-06 6.06E-06   0.213 0.6000 7.5782E-06   1210.584
12561.00 0.80058903 2.7968E-28            2.3760E-27 1.0640E-07 1.5571E-08 6.5398E-07 4.6123E-07 7.6038E-07 3.85E-06 5.99E-06   0.222 0.6000 7.5178E-06   1209.011
12571.00 0.83310539 2.8431E-28            2.3613E-27 1.1927E-07 1.6366E-08 7.1652E-07 5.0010E-07 8.3579E-07 4.18E-06 6.07E-06   0.183 0.6000 7.5341E-06   1217.480
12581.00 0.83758122 2.7409E-28            2.2659E-27 1.1718E-07 1.5915E-08 7.0009E-07 4.8775E-07 8.1727E-07 4.08E-06 5.87E-06   0.177 0.6000 7.2713E-06   1216.419
12591.00 0.84225905 2.6440E-28            2.1751E-27 1.2002E-07 1.6107E-08 7.1256E-07 4.9544E-07 8.3258E-07 4.14E-06 5.90E-06   0.172 0.6000 7.2954E-06   1218.710
12601.00 0.83656710 2.5033E-28            2.0629E-27 1.1805E-07 1.6000E-08 7.0194E-07 4.8861E-07 8.1999E-07 4.08E-06 5.88E-06   0.178 0.6000 7.2929E-06   1218.234
12611.00 0.81803447 2.3121E-28            1.9247E-27 1.1417E-07 1.6026E-08 6.8579E-07 4.7969E-07 7.9996E-07 4.01E-06 6.00E-06   0.201 0.6000 7.4861E-06   1216.984
12621.00 0.81737602 2.2079E-28            1.8361E-27 1.1419E-07 1.6042E-08 6.8535E-07 4.7954E-07 7.9954E-07 4.01E-06 5.99E-06   0.202 0.6000 7.4847E-06   1217.713
12631.00 0.82397425 2.1337E-28            1.7664E-27 1.1444E-07 1.5968E-08 6.8485E-07 4.7837E-07 7.9929E-07 4.00E-06 5.92E-06   0.194 0.6000 7.3759E-06   1218.457
12641.00 0.81427920 2.0047E-28            1.6663E-27 1.1360E-07 1.6094E-08 6.8194E-07 4.7739E-07 7.9554E-07 3.99E-06 6.01E-06   0.205 0.6000 7.5189E-06   1218.844
12651.00 0.81448698 1.9191E-28            1.5913E-27 1.1517E-07 1.6254E-08 6.8863E-07 4.8155E-07 8.0380E-07 4.02E-06 6.06E-06   0.205 0.6000 7.5744E-06   1220.459
12661.00 0.80326605 1.7959E-28            1.4982E-27 1.1069E-07 1.5994E-08 6.6604E-07 4.6739E-07 7.7673E-07 3.91E-06 6.03E-06   0.219 0.6000 7.5617E-06   1218.431
12671.00 0.81339478 1.7453E-28            1.4475E-27 1.1430E-07 1.6330E-08 6.8552E-07 4.8010E-07 7.9982E-07 4.01E-06 6.08E-06   0.207 0.6000 7.6006E-06   1221.594
12681.00 0.82920396 1.7199E-28            1.4086E-27 1.2059E-07 1.6637E-08 7.1321E-07 4.9665E-07 8.3380E-07 4.15E-06 6.08E-06   0.187 0.6000 7.5620E-06   1225.781
12691.00 0.82571769 1.6337E-28            1.3391E-27 1.1905E-07 1.6512E-08 7.0406E-07 4.9072E-07 8.2311E-07 4.10E-06 6.05E-06   0.192 0.6000 7.5242E-06   1225.490
12701.00 0.83165467 1.5795E-28            1.2873E-27 1.2252E-07 1.6784E-08 7.2011E-07 5.0062E-07 8.4262E-07 4.18E-06 6.10E-06   0.184 0.6000 7.5755E-06   1228.192
12711.00 0.83106166 1.5080E-28            1.2278E-27 1.2303E-07 1.6893E-08 7.2258E-07 5.0217E-07 8.4561E-07 4.20E-06 6.14E-06   0.185 0.6000 7.6222E-06   1229.256
12721.00 0.84157276 1.4712E-28            1.1869E-27 1.2574E-07 1.6830E-08 7.3052E-07 5.0569E-07 8.5626E-07 4.23E-06 6.03E-06   0.172 0.6000 7.4713E-06   1231.064
12731.00 0.84199274 1.4076E-28            1.1335E-27 1.2596E-07 1.6835E-08 7.3031E-07 5.0527E-07 8.5627E-07 4.22E-06 6.02E-06   0.172 0.6000 7.4573E-06   1231.837
12741.00 0.84201777 1.3459E-28            1.0820E-27 1.2836E-07 1.7144E-08 7.4276E-07 5.1368E-07 8.7111E-07 4.29E-06 6.12E-06   0.172 0.6000 7.5819E-06   1234.036
12751.00 0.84292972 1.2889E-28            1.0339E-27 1.2875E-07 1.7152E-08 7.4315E-07 5.1361E-07 8.7190E-07 4.29E-06 6.11E-06   0.171 0.6000 7.5638E-06   1234.884
12761.00 0.84422481 1.2353E-28            9.8835E-28 1.2638E-07 1.6771E-08 7.2726E-07 5.0220E-07 8.5364E-07 4.20E-06 5.95E-06   0.169 0.6000 7.3715E-06   1233.899
12771.00 0.84436357 1.1813E-28            9.4355E-28 1.2909E-07 1.7118E-08 7.4147E-07 5.1181E-07 8.7057E-07 4.28E-06 6.06E-06   0.169 0.6000 7.5108E-06   1236.302
12781.00 0.84438848 1.1294E-28            9.0066E-28 1.3079E-07 1.7338E-08 7.5003E-07 5.1751E-07 8.8082E-07 4.33E-06 6.13E-06   0.169 0.6000 7.5955E-06   1238.050
12791.00 0.84428275 1.0795E-28            8.5958E-28 1.3107E-07 1.7371E-08 7.5035E-07 5.1756E-07 8.8142E-07 4.33E-06 6.13E-06   0.169 0.6000 7.5991E-06   1238.880
12801.00 0.84440202 1.0322E-28            8.2059E-28 1.2922E-07 1.7114E-08 7.3841E-07 5.0910E-07 8.6763E-07 4.26E-06 6.03E-06   0.169 0.6000 7.4738E-06   1238.338
12811.00 0.84405214 9.8609E-29            7.8294E-28 1.3081E-07 1.7337E-08 7.4660E-07 5.1462E-07 8.7741E-07 4.30E-06 6.10E-06   0.170 0.6000 7.5630E-06   1240.045
12821.00 0.84415239 9.4287E-29            7.4740E-28 1.2956E-07 1.7160E-08 7.3812E-07 5.0858E-07 8.6768E-07 4.25E-06 6.03E-06   0.169 0.6000 7.4729E-06   1239.888
12831.00 0.84374660 9.0064E-29            7.1305E-28 1.3118E-07 1.7388E-08 7.4644E-07 5.1420E-07 8.7761E-07 4.30E-06 6.10E-06   0.170 0.6000 7.5645E-06   1241.609
12841.00 0.84382308 8.6114E-29            6.8067E-28 1.3189E-07 1.7471E-08 7.4913E-07 5.1584E-07 8.8102E-07 4.31E-06 6.12E-06   0.170 0.6000 7.5875E-06   1242.705
12851.00 0.84359926 8.2287E-29            6.4953E-28 1.3190E-07 1.7478E-08 7.4814E-07 5.1501E-07 8.8004E-07 4.30E-06 6.11E-06   0.170 0.6000 7.5802E-06   1243.384
12861.00 0.84348851 7.8646E-29            6.1989E-28 1.2944E-07 1.7150E-08 7.3298E-07 5.0440E-07 8.6242E-07 4.22E-06 5.99E-06   0.170 0.6000 7.4270E-06   1242.467
12871.00 0.84341282 7.5173E-29            5.9163E-28 1.3257E-07 1.7562E-08 7.4951E-07 5.1560E-07 8.8208E-07 4.31E-06 6.12E-06   0.170 0.6000 7.5937E-06   1245.123
12881.00 0.84320021 7.1832E-29            5.6456E-28 1.3244E-07 1.7550E-08 7.4774E-07 5.1424E-07 8.8018E-07 4.30E-06 6.11E-06   0.171 0.6000 7.5782E-06   1245.715
12891.00 0.84283078 6.8619E-29            5.3863E-28 1.3240E-07 1.7557E-08 7.4665E-07 5.1338E-07 8.7905E-07 4.29E-06 6.11E-06   0.171 0.6000 7.5729E-06   1246.379
12901.00 0.84271657 6.5581E-29            5.1405E-28 1.2623E-07 1.6739E-08 7.1074E-07 4.8854E-07 8.3697E-07 4.08E-06 5.81E-06   0.171 0.6000 7.2091E-06   1243.054
12911.00 0.84232026 6.2643E-29            4.9043E-28 1.2920E-07 1.7142E-08 7.2673E-07 4.9922E-07 8.5593E-07 4.17E-06 5.94E-06   0.172 0.6000 7.3749E-06   1245.693
12921.00 0.84211648 5.9860E-29            4.6799E-28 1.3300E-07 1.7652E-08 7.4710E-07 5.1308E-07 8.8010E-07 4.29E-06 6.11E-06   0.172 0.6000 7.5841E-06   1248.794
12931.00 0.84168494 5.7175E-29            4.4646E-28 1.3216E-07 1.7568E-08 7.4177E-07 5.0954E-07 8.7392E-07 4.26E-06 6.08E-06   0.172 0.6000 7.5411E-06   1248.975
12941.00 0.84111518 5.4594E-29            4.2585E-28 1.2884E-07 1.7157E-08 7.2278E-07 4.9646E-07 8.5162E-07 4.15E-06 5.93E-06   0.173 0.6000 7.3599E-06   1247.582
12951.00 0.84081542 5.2159E-29            4.0632E-28 1.3063E-07 1.7408E-08 7.3201E-07 5.0269E-07 8.6263E-07 4.20E-06 6.01E-06   0.173 0.6000 7.4590E-06   1249.428
12961.00 0.84037572 4.9818E-29            3.8763E-28 1.2888E-07 1.7192E-08 7.2152E-07 4.9541E-07 8.5040E-07 4.14E-06 5.92E-06   0.174 0.6000 7.3595E-06   1249.003
12971.00 0.83958530 4.7551E-29            3.6964E-28 1.3114E-07 1.7528E-08 7.3385E-07 5.0388E-07 8.6499E-07 4.21E-06 6.03E-06   0.175 0.6000 7.5010E-06   1251.197
12981.00 0.83672154 4.5197E-29            3.5161E-28 1.2881E-07 1.7384E-08 7.2393E-07 4.9772E-07 8.5274E-07 4.16E-06 5.99E-06   0.178 0.6000 7.4677E-06   1250.773
12991.00 0.83216095 4.2811E-29            3.3376E-28 1.2594E-07 1.7215E-08 7.1222E-07 4.9080E-07 8.3816E-07 4.10E-06 5.94E-06   0.184 0.6000 7.4373E-06   1250.099
13001.00 0.82453871 4.0329E-29            3.1565E-28 1.2325E-07 1.7105E-08 7.0177E-07 4.8505E-07 8.2502E-07 4.05E-06 5.92E-06   0.193 0.6000 7.4697E-06   1249.548
13011.00 0.81607109 3.7964E-29            2.9820E-28 1.2209E-07 1.7099E-08 6.9661E-07 4.8288E-07 8.1870E-07 4.04E-06 5.93E-06   0.203 0.6000 7.5399E-06   1249.674
13021.00 0.79891652 3.5216E-29            2.7866E-28 1.1633E-07 1.6631E-08 6.6883E-07 4.6558E-07 7.8515E-07 3.89E-06 5.81E-06   0.224 0.6000 7.5258E-06   1246.960
13031.00 0.78246915 3.2802E-29            2.6050E-28 1.1129E-07 1.6255E-08 6.4495E-07 4.5062E-07 7.5623E-07 3.77E-06 5.73E-06   0.245 0.6000 7.5545E-06   1244.618
13041.00 0.75501513 3.3332E-29            2.3994E-28 9.8938E-08 1.4737E-08 5.7689E-07 4.0354E-07 6.7583E-07 3.37E-06 5.26E-06   0.281 0.6000 7.1580E-06   1236.160
13051.00 0.73083365 3.0247E-29            2.2169E-28 8.6927E-08 1.3724E-08 5.2050E-07 3.6809E-07 6.0743E-07 3.08E-06 5.00E-06   0.314 0.6000 7.0679E-06   1228.287
13061.00 0.68719405 2.9351E-29            1.9905E-28 7.8355E-08 1.2952E-08 4.7692E-07 3.3881E-07 5.5528E-07 2.83E-06 4.85E-06   0.375 0.6000 7.3488E-06   1221.870
13071.00 0.63717335 3.1478E-29            1.7621E-28 7.0194E-08 1.1862E-08 4.2686E-07 3.0185E-07 4.9706E-07 2.52E-06 4.58E-06   0.451 0.6000 7.5912E-06   1213.882
13081.00 0.59767640 2.8145E-29            1.5768E-28 5.9196E-08 1.0550E-08 3.6662E-07 2.6086E-07 4.2582E-07 2.18E-06 4.21E-06   0.515 0.6000 7.5900E-06   1202.624
13091.00 0.54514122 2.5486E-29            1.3722E-28 4.6389E-08 8.9283E-09 2.9438E-07 2.1161E-07 3.4077E-07 1.77E-06 3.72E-06   0.607 0.6000 7.5855E-06   1186.479
13101.00 0.52152830 2.5991E-29            1.2528E-28 4.0998E-08 8.1110E-09 2.6082E-07 1.8760E-07 3.0181E-07 1.57E-06 3.46E-06   0.651 0.6000 7.5818E-06   1178.204
13111.00 0.54777211 2.6207E-29            1.2551E-28 4.4541E-08 8.6175E-09 2.8194E-07 2.0213E-07 3.2648E-07 1.69E-06 3.60E-06   0.602 0.6000 7.5031E-06   1184.752
13121.00 0.69148701 2.3549E-29            1.5118E-28 7.7631E-08 1.2384E-08 4.5958E-07 3.2158E-07 5.3721E-07 2.69E-06 4.58E-06   0.369 0.6000 7.2390E-06   1223.757
13131.00 0.52600044 2.0851E-29            1.1025E-28 3.7510E-08 7.8534E-09 2.4416E-07 1.7882E-07 2.8167E-07 1.49E-06 3.37E-06   0.642 0.6000 7.4454E-06   1175.324
13141.00 0.36989102 2.4240E-29            7.3888E-29 1.3300E-08 4.1272E-09 9.4427E-08 7.3285E-08 1.0773E-07 6.13E-07 2.24E-06   0.995 0.6000 7.4787E-06   1109.709
13151.00 0.33056745 2.7739E-29            6.2809E-29 1.2172E-08 3.9372E-09 8.7101E-08 6.8422E-08 9.9273E-08 5.72E-07 2.17E-06   1.107 0.6000 7.4464E-06   1105.104
13161.00 0.47047466 2.1763E-29            8.5035E-29 3.6039E-08 8.0353E-09 2.3770E-07 1.7844E-07 2.7374E-07 1.49E-06 3.54E-06   0.754 0.6000 7.5141E-06   1175.419
13171.00 0.79492110 1.8590E-29            1.3754E-28 1.2139E-07 1.6871E-08 6.6961E-07 4.5995E-07 7.9101E-07 3.84E-06 5.76E-06   0.230 0.6000 7.4986E-06   1259.068
13181.00 0.83740556 1.8371E-29            1.3853E-28 1.3234E-07 1.7634E-08 7.1546E-07 4.8757E-07 8.4780E-07 4.08E-06 5.88E-06   0.177 0.6000 7.3163E-06   1265.663
13191.00 0.83786345 1.7578E-29            1.3229E-28 1.3620E-07 1.8104E-08 7.3413E-07 4.9997E-07 8.7033E-07 4.18E-06 6.02E-06   0.177 0.6000 7.4903E-06   1268.652
13201.00 0.83776933 1.6800E-29            1.2625E-28 1.3567E-07 1.8031E-08 7.3011E-07 4.9706E-07 8.6578E-07 4.15E-06 5.99E-06   0.177 0.6000 7.4493E-06   1268.976
13211.00 0.83770853 1.6057E-29            1.2049E-28 1.3589E-07 1.8055E-08 7.3007E-07 4.9684E-07 8.6596E-07 4.15E-06 5.98E-06   0.177 0.6000 7.4483E-06   1269.762
13221.00 0.83749986 1.5342E-29            1.1497E-28 1.3561E-07 1.8021E-08 7.2750E-07 4.9495E-07 8.6311E-07 4.14E-06 5.97E-06   0.177 0.6000 7.4250E-06   1270.251
13231.00 0.83727944 1.4659E-29            1.0970E-28 1.3501E-07 1.7946E-08 7.2326E-07 4.9192E-07 8.5827E-07 4.11E-06 5.93E-06   0.178 0.6000 7.3850E-06   1270.542
13241.00 0.83711034 1.4008E-29            1.0468E-28 1.3742E-07 1.8268E-08 7.3511E-07 4.9982E-07 8.7253E-07 4.18E-06 6.03E-06   0.178 0.6000 7.5083E-06   1272.709
13251.00 0.83698612 1.3386E-29            9.9896E-29 1.3800E-07 1.8345E-08 7.3707E-07 5.0100E-07 8.7507E-07 4.19E-06 6.05E-06   0.178 0.6000 7.5299E-06   1273.725
13261.00 0.83665413 1.2787E-29            9.5306E-29 1.3849E-07 1.8421E-08 7.3873E-07 5.0200E-07 8.7722E-07 4.20E-06 6.06E-06   0.178 0.6000 7.5529E-06   1274.702
13271.00 0.83659995 1.2222E-29            9.0956E-29 1.3729E-07 1.8256E-08 7.3116E-07 4.9665E-07 8.6845E-07 4.15E-06 6.00E-06   0.178 0.6000 7.4749E-06   1274.616
13281.00 0.83640838 1.1678E-29            8.6791E-29 1.3624E-07 1.8118E-08 7.2446E-07 4.9195E-07 8.6070E-07 4.11E-06 5.94E-06   0.179 0.6000 7.4093E-06   1274.621
13291.00 0.83617485 1.1158E-29            8.2813E-29 1.3588E-07 1.8075E-08 7.2154E-07 4.8981E-07 8.5743E-07 4.09E-06 5.92E-06   0.179 0.6000 7.3830E-06   1275.065
13301.00 0.83587629 1.0659E-29            7.9010E-29 1.3779E-07 1.8337E-08 7.3068E-07 4.9589E-07 8.6847E-07 4.14E-06 6.00E-06   0.179 0.6000 7.4823E-06   1276.921
13311.00 0.83578235 1.0187E-29            7.5400E-29 1.3378E-07 1.7803E-08 7.0835E-07 4.8056E-07 8.4213E-07 4.02E-06 5.82E-06   0.179 0.6000 7.2543E-06   1275.070
13321.00 0.83525896 9.7270E-30            7.1919E-29 1.3786E-07 1.8364E-08 7.2910E-07 4.9455E-07 8.6696E-07 4.13E-06 5.99E-06   0.180 0.6000 7.4775E-06   1278.308
13331.00 0.83516246 9.2959E-30            6.8632E-29 1.3680E-07 1.8220E-08 7.2237E-07 4.8982E-07 8.5917E-07 4.09E-06 5.94E-06   0.180 0.6000 7.4089E-06   1278.307
13341.00 0.83499002 8.8827E-30            6.5490E-29 1.3384E-07 1.7828E-08 7.0569E-07 4.7834E-07 8.3952E-07 4.00E-06 5.80E-06   0.180 0.6000 7.2399E-06   1277.105
13351.00 0.83498460 8.4906E-30            6.2504E-29 1.3819E-07 1.8401E-08 7.2745E-07 4.9291E-07 8.6564E-07 4.12E-06 5.98E-06   0.180 0.6000 7.4618E-06   1280.481
13361.00 0.83475077 8.1122E-30            5.9639E-29 1.3751E-07 1.8315E-08 7.2283E-07 4.8963E-07 8.6033E-07 4.09E-06 5.94E-06   0.181 0.6000 7.4177E-06   1280.724
13371.00 0.83419853 7.7453E-30            5.6882E-29 1.3734E-07 1.8313E-08 7.2113E-07 4.8840E-07 8.5848E-07 4.08E-06 5.93E-06   0.181 0.6000 7.4110E-06   1281.306
13381.00 0.83389920 7.3993E-30            5.4270E-29 1.3822E-07 1.8439E-08 7.2482E-07 4.9077E-07 8.6304E-07 4.10E-06 5.97E-06   0.182 0.6000 7.4538E-06   1282.526
13391.00 0.83371067 7.0697E-30            5.1783E-29 1.3842E-07 1.8470E-08 7.2489E-07 4.9066E-07 8.6331E-07 4.10E-06 5.97E-06   0.182 0.6000 7.4568E-06   1283.319
13401.00 0.83324569 6.7516E-30            4.9396E-29 1.3738E-07 1.8344E-08 7.1845E-07 4.8620E-07 8.5583E-07 4.06E-06 5.92E-06   0.182 0.6000 7.3986E-06   1283.342
13411.00 0.83223528 6.4401E-30            4.7086E-29 1.3837E-07 1.8523E-08 7.2326E-07 4.8946E-07 8.6164E-07 4.09E-06 5.98E-06   0.184 0.6000 7.4693E-06   1284.687
13421.00 0.83274198 6.1619E-30            4.4965E-29 1.3594E-07 1.8164E-08 7.0897E-07 4.7950E-07 8.4490E-07 4.01E-06 5.85E-06   0.183 0.6000 7.3080E-06   1283.777
13431.00 0.83118463 5.8717E-30            4.2837E-29 1.3365E-07 1.7923E-08 6.9682E-07 4.7139E-07 8.3046E-07 3.94E-06 5.77E-06   0.185 0.6000 7.2145E-06   1283.072
13441.00 0.83059031 5.6052E-30            4.0852E-29 1.3793E-07 1.8520E-08 7.1839E-07 4.8590E-07 8.5633E-07 4.06E-06 5.96E-06   0.186 0.6000 7.4488E-06   1286.457
13451.00 0.83169913 5.3701E-30            3.9042E-29 1.3885E-07 1.8583E-08 7.2128E-07 4.8745E-07 8.6014E-07 4.07E-06 5.96E-06   0.184 0.6000 7.4513E-06   1287.603
13461.00 0.82657456 5.0812E-30            3.7035E-29 1.3508E-07 1.8308E-08 7.0374E-07 4.7634E-07 8.3883E-07 3.98E-06 5.89E-06   0.190 0.6000 7.3809E-06   1286.223
13471.00 0.82556534 4.8458E-30            3.5297E-29 1.3000E-07 1.7665E-08 6.7689E-07 4.5822E-07 8.0689E-07 3.83E-06 5.68E-06   0.192 0.6000 7.1206E-06   1283.679
13481.00 0.82519865 4.6293E-30            3.3677E-29 1.3023E-07 1.7700E-08 6.7715E-07 4.5823E-07 8.0737E-07 3.83E-06 5.69E-06   0.192 0.6000 7.1258E-06   1284.494
13491.00 0.81950939 4.3751E-30            3.1918E-29 1.2738E-07 1.7544E-08 6.6438E-07 4.5039E-07 7.9176E-07 3.76E-06 5.66E-06   0.199 0.6000 7.1079E-06   1283.598
13501.00 0.82424092 4.2204E-30            3.0637E-29 1.3357E-07 1.8197E-08 6.9299E-07 4.6879E-07 8.2656E-07 3.92E-06 5.84E-06   0.193 0.6000 7.3132E-06   1288.023
13511.00 0.81639421 3.9748E-30            2.8968E-29 1.2995E-07 1.8014E-08 6.7699E-07 4.5904E-07 8.0694E-07 3.84E-06 5.82E-06   0.203 0.6000 7.3098E-06   1286.738
13521.00 0.80703437 3.7301E-30            2.7326E-29 1.2604E-07 1.7823E-08 6.5979E-07 4.4869E-07 7.8583E-07 3.75E-06 5.81E-06   0.214 0.6000 7.3173E-06   1285.247
13531.00 0.80999327 3.5838E-30            2.6167E-29 1.2355E-07 1.7354E-08 6.4439E-07 4.3770E-07 7.6794E-07 3.66E-06 5.62E-06   0.211 0.6000 7.0827E-06   1284.055
13541.00 0.79814059 3.3501E-30            2.4617E-29 1.2233E-07 1.7599E-08 6.4163E-07 4.3736E-07 7.6396E-07 3.66E-06 5.77E-06   0.225 0.6000 7.2893E-06   1284.376
13551.00 0.81020314 3.2744E-30            2.3844E-29 1.3004E-07 1.8285E-08 6.7682E-07 4.5937E-07 8.0686E-07 3.84E-06 5.91E-06   0.210 0.6000 7.4378E-06   1289.781
13561.00 0.79846025 3.0639E-30            2.2437E-29 1.2566E-07 1.8050E-08 6.5699E-07 4.4733E-07 7.8264E-07 3.74E-06 5.89E-06   0.225 0.6000 7.4514E-06   1287.949
13571.00 0.78401619 2.8466E-30            2.1017E-29 1.1935E-07 1.7602E-08 6.2732E-07 4.2903E-07 7.4667E-07 3.59E-06 5.82E-06   0.243 0.6000 7.3967E-06   1284.721
13581.00 0.78110617 2.7002E-30            1.9983E-29 1.1622E-07 1.7378E-08 6.1428E-07 4.2107E-07 7.3050E-07 3.52E-06 5.76E-06   0.247 0.6000 7.3305E-06   1283.631
13591.00 0.79554754 2.6543E-30            1.9423E-29 1.2164E-07 1.7659E-08 6.3641E-07 4.3386E-07 7.5805E-07 3.63E-06 5.75E-06   0.229 0.6000 7.2885E-06   1287.521
13601.00 0.78326106 2.4871E-30            1.8258E-29 1.2021E-07 1.7649E-08 6.2696E-07 4.2782E-07 7.4717E-07 3.58E-06 5.81E-06   0.244 0.6000 7.3844E-06   1287.056
13611.00 0.78455985 2.3789E-30            1.7445E-29 1.2170E-07 1.7870E-08 6.3488E-07 4.3334E-07 7.5658E-07 3.62E-06 5.87E-06   0.243 0.6000 7.4548E-06   1288.877
13621.00 0.80743587 2.3751E-30            1.7138E-29 1.3144E-07 1.8512E-08 6.7703E-07 4.5850E-07 8.0847E-07 3.83E-06 5.93E-06   0.214 0.6000 7.4763E-06   1295.290
13631.00 0.76161706 2.0878E-30            1.5435E-29 1.1438E-07 1.7279E-08 5.9796E-07 4.1022E-07 7.1234E-07 3.43E-06 5.77E-06   0.272 0.6000 7.3964E-06   1285.301
13641.00 0.77273923 2.0358E-30            1.4938E-29 1.1593E-07 1.7253E-08 6.0251E-07 4.1131E-07 7.1844E-07 3.44E-06 5.70E-06   0.258 0.6000 7.2736E-06   1286.778
13651.00 0.78030205 2.0051E-30            1.4396E-29 1.1866E-07 1.7461E-08 6.1505E-07 4.1896E-07 7.3371E-07 3.50E-06 5.72E-06   0.248 0.6000 7.2899E-06   1289.313
13661.00 0.70722771 1.9339E-30            1.2460E-29 9.7667E-08 1.5993E-08 5.1665E-07 3.5816E-07 6.1432E-07 2.99E-06 5.62E-06   0.346 0.6000 7.3809E-06   1275.206
13671.00 0.70328403 1.5482E-30            1.1826E-29 9.2367E-08 1.5737E-08 4.9549E-07 3.4574E-07 5.8785E-07 2.89E-06 5.57E-06   0.352 0.6000 7.3220E-06   1272.324
13681.00 0.71149367 1.6733E-30            1.1412E-29 9.6391E-08 1.5745E-08 5.0906E-07 3.5279E-07 6.0545E-07 2.95E-06 5.48E-06   0.340 0.6000 7.2028E-06   1275.506
13691.00 0.67361939 1.7034E-30            1.0302E-29 8.7794E-08 1.5314E-08 4.6914E-07 3.2848E-07 5.5693E-07 2.75E-06 5.54E-06   0.395 0.6000 7.3972E-06   1269.388
13701.00 0.72876644 1.4207E-30            1.0651E-29 1.0148E-07 1.6520E-08 5.3688E-07 3.7208E-07 6.3836E-07 3.11E-06 5.66E-06   0.316 0.6000 7.3541E-06   1281.402
13711.00 0.64391708 1.3311E-30            8.9806E-30 7.5029E-08 1.3935E-08 4.0682E-07 2.8857E-07 4.8185E-07 2.41E-06 5.17E-06   0.440 0.6000 7.0258E-06   1259.137
13721.00 0.73247594 1.3656E-30            9.7321E-30 1.0364E-07 1.6154E-08 5.3766E-07 3.7007E-07 6.4131E-07 3.09E-06 5.43E-06   0.311 0.6000 7.1045E-06   1283.292
13731.00 0.70923650 1.2757E-30            9.0225E-30 9.6469E-08 1.5965E-08 5.0737E-07 3.5118E-07 6.0384E-07 2.94E-06 5.55E-06   0.344 0.6000 7.3140E-06   1279.040
13741.00 0.61610430 1.3461E-30            7.4572E-30 7.4881E-08 1.3964E-08 3.9745E-07 2.8010E-07 4.7233E-07 2.34E-06 5.31E-06   0.484 0.6000 7.3536E-06   1259.761
13751.00 0.71881723 1.2316E-30            8.3083E-30 1.0350E-07 1.6611E-08 5.3810E-07 3.7037E-07 6.4161E-07 3.10E-06 5.66E-06   0.330 0.6000 7.4416E-06   1285.590
13761.00 0.65668589 1.2623E-30            7.2529E-30 8.5612E-08 1.5032E-08 4.5254E-07 3.1702E-07 5.3815E-07 2.65E-06 5.42E-06   0.421 0.6000 7.3658E-06   1271.813
13771.00 0.69628996 9.8374E-31            7.3316E-30 9.0474E-08 1.5757E-08 4.8177E-07 3.3691E-07 5.7225E-07 2.82E-06 5.53E-06   0.362 0.6000 7.2949E-06   1277.600
13781.00 0.64859831 1.2402E-30            6.5283E-30 8.6908E-08 1.4966E-08 4.5316E-07 3.1564E-07 5.4006E-07 2.64E-06 5.41E-06   0.433 0.6000 7.3832E-06   1273.595
13791.00 0.68206495 9.8443E-31            6.5355E-30 9.1122E-08 1.5619E-08 4.7869E-07 3.3340E-07 5.6982E-07 2.79E-06 5.50E-06   0.383 0.6000 7.3406E-06   1278.745
13801.00 0.64323694 1.0167E-30            5.8938E-30 8.5613E-08 1.4872E-08 4.4669E-07 3.1249E-07 5.3230E-07 2.61E-06 5.33E-06   0.441 0.6000 7.3445E-06   1273.903
13811.00 0.66958058 1.0109E-30            5.8501E-30 9.2559E-08 1.5471E-08 4.7892E-07 3.3118E-07 5.7148E-07 2.77E-06 5.42E-06   0.401 0.6000 7.3600E-06   1280.482
13821.00 0.62522084 1.0190E-30            5.2065E-30 8.1555E-08 1.4548E-08 4.2448E-07 2.9680E-07 5.0604E-07 2.48E-06 5.34E-06   0.470 0.6000 7.4156E-06   1271.268
13831.00 0.74271923 8.2905E-31            5.9086E-30 1.1127E-07 1.7176E-08 5.6751E-07 3.8742E-07 6.7877E-07 3.24E-06 5.65E-06   0.297 0.6000 7.3440E-06   1296.346
13841.00 0.75963569 8.0452E-31            5.7663E-30 1.1399E-07 1.7096E-08 5.7711E-07 3.9261E-07 6.9110E-07 3.28E-06 5.50E-06   0.275 0.6000 7.1063E-06   1298.623
13851.00 0.76355910 7.7110E-31            5.5354E-30 1.1578E-07 1.7659E-08 5.8984E-07 4.0183E-07 7.0562E-07 3.36E-06 5.69E-06   0.270 0.6000 7.3322E-06   1301.141
13861.00 0.76563507 7.4015E-31            5.2974E-30 1.1682E-07 1.7703E-08 5.9302E-07 4.0370E-07 7.0984E-07 3.37E-06 5.68E-06   0.267 0.6000 7.3065E-06   1302.403
13871.00 0.67462528 7.1720E-31            4.4591E-30 8.8948E-08 1.5041E-08 4.5962E-07 3.1881E-07 5.4857E-07 2.66E-06 5.20E-06   0.394 0.6000 7.0523E-06   1281.592
13881.00 0.59682316 7.5969E-31            3.7615E-30 7.3535E-08 1.3777E-08 3.8435E-07 2.7030E-07 4.5788E-07 2.26E-06 5.14E-06   0.516 0.6000 7.3060E-06   1267.630
13891.00 0.62469757 5.9404E-31            3.7531E-30 7.5642E-08 1.4259E-08 3.9938E-07 2.8212E-07 4.7502E-07 2.36E-06 5.23E-06   0.470 0.6000 7.2275E-06   1271.334
13901.00 0.61018002 7.3272E-31            3.4973E-30 7.3975E-08 1.3663E-08 3.8229E-07 2.6865E-07 4.5627E-07 2.25E-06 5.06E-06   0.494 0.6000 7.0741E-06   1268.823
13911.00 0.56902838 8.3011E-31            3.1189E-30 6.8355E-08 1.2819E-08 3.5011E-07 2.4619E-07 4.1847E-07 2.06E-06 4.88E-06   0.564 0.6000 7.0323E-06   1262.637
13921.00 0.64558619 6.2116E-31            3.3710E-30 8.4788E-08 1.4709E-08 4.3430E-07 3.0191E-07 5.1909E-07 2.52E-06 5.17E-06   0.438 0.6000 7.1195E-06   1280.780
13931.00 0.61941105 5.4198E-31            3.0905E-30 7.6925E-08 1.4351E-08 4.0063E-07 2.8256E-07 4.7755E-07 2.36E-06 5.26E-06   0.479 0.6000 7.2560E-06   1274.726
13941.00 0.63175029 4.5143E-31            3.0043E-30 7.9349E-08 1.4903E-08 4.1305E-07 2.9104E-07 4.9240E-07 2.43E-06 5.43E-06   0.459 0.6000 7.3884E-06   1277.955
13951.00 0.71340466 4.4338E-31            3.2356E-30 9.6743E-08 1.6143E-08 4.9292E-07 3.3960E-07 5.8967E-07 2.84E-06 5.41E-06   0.338 0.6000 7.0864E-06   1293.551
13961.00 0.78480530 4.8713E-31            3.4003E-30 1.2519E-07 1.8367E-08 6.1980E-07 4.1762E-07 7.4499E-07 3.49E-06 5.70E-06   0.242 0.6000 7.2741E-06   1314.097
13971.00 0.79723907 4.7708E-31            3.2965E-30 1.3140E-07 1.8786E-08 6.4526E-07 4.3291E-07 7.7666E-07 3.62E-06 5.75E-06   0.227 0.6000 7.3034E-06   1318.444
13981.00 0.79257286 4.5196E-31            3.1284E-30 1.2552E-07 1.8151E-08 6.1793E-07 4.1502E-07 7.4345E-07 3.47E-06 5.58E-06   0.232 0.6000 7.1012E-06   1315.431
13991.00 0.80285817 4.4078E-31            3.0235E-30 1.3174E-07 1.8582E-08 6.4294E-07 4.2998E-07 7.7468E-07 3.59E-06 5.63E-06   0.220 0.6000 7.1508E-06   1319.739
14001.00 0.80740541 4.2512E-31            2.9021E-30 1.3796E-07 1.9275E-08 6.7037E-07 4.4747E-07 8.0833E-07 3.74E-06 5.80E-06   0.214 0.6000 7.3618E-06   1324.187
14011.00 0.81112921 4.0943E-31            2.7822E-30 1.3963E-07 1.9306E-08 6.7495E-07 4.4961E-07 8.1458E-07 3.76E-06 5.78E-06   0.209 0.6000 7.3230E-06   1325.617
14021.00 0.80682975 3.8773E-31            2.6412E-30 1.3407E-07 1.8781E-08 6.5029E-07 4.3389E-07 7.8436E-07 3.63E-06 5.64E-06   0.215 0.6000 7.1568E-06   1323.088
14031.00 0.81308401 3.7536E-31            2.5398E-30 1.4004E-07 1.9270E-08 6.7380E-07 4.4816E-07 8.1384E-07 3.75E-06 5.74E-06   0.207 0.6000 7.2644E-06   1327.057
14041.00 0.81136793 3.5758E-31            2.4189E-30 1.3923E-07 1.9221E-08 6.6972E-07 4.4563E-07 8.0895E-07 3.72E-06 5.72E-06   0.209 0.6000 7.2526E-06   1327.290
14051.00 0.81318247 3.4296E-31            2.3134E-30 1.4027E-07 1.9276E-08 6.7268E-07 4.4706E-07 8.1295E-07 3.74E-06 5.72E-06   0.207 0.6000 7.2437E-06   1328.480
14061.00 0.80948603 3.2532E-31            2.1978E-30 1.3860E-07 1.9241E-08 6.6612E-07 4.4320E-07 8.0472E-07 3.70E-06 5.73E-06   0.211 0.6000 7.2598E-06   1328.350
14071.00 0.80787325 3.0988E-31            2.0931E-30 1.4026E-07 1.9540E-08 6.7390E-07 4.4844E-07 8.1416E-07 3.75E-06 5.82E-06   0.213 0.6000 7.3793E-06   1330.128
14081.00 0.80622602 2.9508E-31            1.9934E-30 1.3954E-07 1.9544E-08 6.7098E-07 4.4671E-07 8.1051E-07 3.73E-06 5.82E-06   0.215 0.6000 7.3891E-06   1330.494
14091.00 0.80822164 2.8316E-31            1.9069E-30 1.3972E-07 1.9434E-08 6.6884E-07 4.4478E-07 8.0855E-07 3.72E-06 5.76E-06   0.213 0.6000 7.3099E-06   1331.041
14101.00 0.80545026 2.6937E-31            1.8138E-30 1.3720E-07 1.9156E-08 6.5609E-07 4.3630E-07 7.9329E-07 3.65E-06 5.69E-06   0.216 0.6000 7.2252E-06   1330.136
14111.00 0.81068856 2.6007E-31            1.7418E-30 1.3957E-07 1.9246E-08 6.6400E-07 4.4055E-07 8.0357E-07 3.68E-06 5.67E-06   0.210 0.6000 7.1951E-06   1332.018
14121.00 0.79824734 2.4242E-31            1.6371E-30 1.3693E-07 1.9474E-08 6.5712E-07 4.3801E-07 7.9404E-07 3.66E-06 5.81E-06   0.225 0.6000 7.4015E-06   1331.734
14131.00 0.80219948 2.3336E-31            1.5696E-30 1.3852E-07 1.9546E-08 6.6258E-07 4.4087E-07 8.0110E-07 3.68E-06 5.80E-06   0.220 0.6000 7.3775E-06   1333.265
14141.00 0.80652601 2.2508E-31            1.5062E-30 1.3635E-07 1.9010E-08 6.4855E-07 4.3060E-07 7.8490E-07 3.60E-06 5.60E-06   0.215 0.6000 7.1188E-06   1332.238
14151.00 0.79516488 2.1023E-31            1.4170E-30 1.3427E-07 1.9208E-08 6.4295E-07 4.2872E-07 7.7722E-07 3.58E-06 5.72E-06   0.229 0.6000 7.2975E-06   1332.137
14161.00 0.79638928 2.0134E-31            1.3544E-30 1.3474E-07 1.9240E-08 6.4447E-07 4.2955E-07 7.7921E-07 3.59E-06 5.71E-06   0.228 0.6000 7.2867E-06   1333.117
14171.00 0.79037893 1.9047E-31            1.2830E-30 1.3279E-07 1.9096E-08 6.3442E-07 4.2306E-07 7.6721E-07 3.54E-06 5.70E-06   0.235 0.6000 7.2819E-06   1332.520
14181.00 0.78701800 1.8068E-31            1.2184E-30 1.3326E-07 1.9295E-08 6.3677E-07 4.2486E-07 7.7003E-07 3.55E-06 5.77E-06   0.240 0.6000 7.3827E-06   1333.596
14191.00 0.80451131 1.7871E-31            1.1889E-30 1.4140E-07 1.9762E-08 6.6804E-07 4.4295E-07 8.0944E-07 3.70E-06 5.79E-06   0.218 0.6000 7.3659E-06   1338.720
14201.00 0.77587044 1.6201E-31            1.0945E-30 1.2828E-07 1.8769E-08 6.1169E-07 4.0861E-07 7.3997E-07 3.42E-06 5.65E-06   0.254 0.6000 7.2675E-06   1331.643
14211.00 0.80524927 1.6376E-31            1.0834E-30 1.4177E-07 1.9570E-08 6.6372E-07 4.3887E-07 8.0549E-07 3.67E-06 5.70E-06   0.217 0.6000 7.2579E-06   1339.805
14221.00 0.78713763 1.5131E-31            1.0117E-30 1.3335E-07 1.9105E-08 6.3059E-07 4.1951E-07 7.6394E-07 3.51E-06 5.66E-06   0.239 0.6000 7.2581E-06   1335.927
14231.00 0.76472509 1.3811E-31            9.3693E-31 1.2146E-07 1.8222E-08 5.8136E-07 3.8970E-07 7.0282E-07 3.26E-06 5.52E-06   0.268 0.6000 7.1422E-06   1329.445
14241.00 0.77939987 1.3568E-31            9.1168E-31 1.2791E-07 1.8768E-08 6.0913E-07 4.0672E-07 7.3704E-07 3.40E-06 5.59E-06   0.249 0.6000 7.1894E-06   1334.316
14251.00 0.76903605 1.2717E-31            8.5806E-31 1.2200E-07 1.8128E-08 5.8077E-07 3.8837E-07 7.0277E-07 3.25E-06 5.45E-06   0.263 0.6000 7.0286E-06   1330.943
14261.00 0.78190511 1.2452E-31            8.3279E-31 1.2950E-07 1.8928E-08 6.1342E-07 4.0867E-07 7.4292E-07 3.42E-06 5.62E-06   0.246 0.6000 7.2140E-06   1336.514
14271.00 0.76174259 1.1440E-31            7.7425E-31 1.2024E-07 1.8281E-08 5.7491E-07 3.8526E-07 6.9515E-07 3.22E-06 5.54E-06   0.272 0.6000 7.1715E-06   1331.505
14281.00 0.77837646 1.1332E-31            7.5510E-31 1.2948E-07 1.8810E-08 6.0913E-07 4.0510E-07 7.3861E-07 3.39E-06 5.58E-06   0.251 0.6000 7.1755E-06   1337.516
 -9999.
