T F 2    2    2    0    2    2    2    2    2    2    1    0    0   0.0000.00000
    1    1    1    0    0    0  50.00000   0.00000   0.00000   0.00000   0.00000
 -99.000 -99.000 -99.000
 -99.00000 -99.00000 -99.00000  2.922360  0.000710 ! H2O & O3 COLUMNS [GM/CM2]
   36MID-LATITUDE SUMMER 
   5.00000   5.00000  90.00803   2.00016   0.01797   0.00000    1        0.00000
    0    0  172    0
   0.00000   0.00000   0.00000  70.02525   0.00000 180.00000   0.00000   0.00000
    9091.0   14286.0      10.0      10.0NW              
    0   0    0.000  0    0.000  0    1.000
    FREQ  TOT_TRANS  PTH_THRML  THRML_SCT  SURF_EMIS   SOL_SCAT  SING_SCAT  GRND_RFLT  DRCT_RFLT  TOTAL_RAD  REF_SOL  SOL@OBS   DEPTH DIR_EM    TOA_SUN BBODY_T[K]
 9091.00 0.97178882 6.6588E-26 0.0000E+00 0.0000E+00 3.0291E-09 3.0291E-09 0.0000E+00 0.0000E+00 3.0291E-09 6.18E-06 6.31E-06   0.029 1.0000 6.9214E-06    670.636
 9101.00 0.98004860 2.9935E-26 0.0000E+00 0.0000E+00 3.0141E-09 3.0141E-09 0.0000E+00 0.0000E+00 3.0141E-09 6.15E-06 6.25E-06   0.020 1.0000 6.7529E-06    671.089
 9111.00 0.98549670 1.2011E-26 0.0000E+00 0.0000E+00 3.0745E-09 3.0745E-09 0.0000E+00 0.0000E+00 3.0745E-09 6.26E-06 6.35E-06   0.015 1.0000 6.7702E-06    672.397
 9121.00 0.98461127 1.3913E-26 0.0000E+00 0.0000E+00 3.0721E-09 3.0721E-09 0.0000E+00 0.0000E+00 3.0721E-09 6.24E-06 6.33E-06   0.016 1.0000 6.7570E-06    672.995
 9131.00 0.98231369 2.3215E-26 0.0000E+00 0.0000E+00 3.0524E-09 3.0524E-09 0.0000E+00 0.0000E+00 3.0524E-09 6.18E-06 6.27E-06   0.018 1.0000 6.7175E-06    673.397
 9141.00 0.98907608 6.8917E-27 0.0000E+00 0.0000E+00 2.9854E-09 2.9854E-09 0.0000E+00 0.0000E+00 2.9854E-09 6.04E-06 6.10E-06   0.011 1.0000 6.4440E-06    673.255
 9151.00 0.97957933 3.0932E-26 0.0000E+00 0.0000E+00 3.1255E-09 3.1255E-09 0.0000E+00 0.0000E+00 3.1255E-09 6.29E-06 6.38E-06   0.021 1.0000 6.8615E-06    675.464
 9161.00 0.99035108 6.8769E-27 0.0000E+00 0.0000E+00 3.2621E-09 3.2621E-09 0.0000E+00 0.0000E+00 3.2621E-09 6.57E-06 6.62E-06   0.010 1.0000 6.9345E-06    677.576
 9171.00 0.98476779 1.3274E-26 0.0000E+00 0.0000E+00 3.2375E-09 3.2375E-09 0.0000E+00 0.0000E+00 3.2375E-09 6.48E-06 6.57E-06   0.015 1.0000 6.9883E-06    677.937
 9181.00 0.98900050 4.0215E-27 0.0000E+00 0.0000E+00 3.2258E-09 3.2258E-09 0.0000E+00 0.0000E+00 3.2258E-09 6.45E-06 6.52E-06   0.011 1.0000 6.8738E-06    678.436
 9191.00 0.99143803 1.9652E-27 0.0000E+00 0.0000E+00 3.2519E-09 3.2519E-09 0.0000E+00 0.0000E+00 3.2519E-09 6.49E-06 6.54E-06   0.009 1.0000 6.8531E-06    679.343
 9201.00 0.98763436 7.3377E-27 0.0000E+00 0.0000E+00 3.1876E-09 3.1876E-09 0.0000E+00 0.0000E+00 3.1876E-09 6.34E-06 6.40E-06   0.012 1.0000 6.7792E-06    679.271
 9211.00 0.98741704 7.7159E-27 0.0000E+00 0.0000E+00 3.3154E-09 3.3154E-09 0.0000E+00 0.0000E+00 3.3154E-09 6.57E-06 6.64E-06   0.013 1.0000 7.0277E-06    681.269
 9221.00 0.99052674 2.2783E-27 0.0000E+00 0.0000E+00 3.3229E-09 3.3229E-09 0.0000E+00 0.0000E+00 3.3229E-09 6.57E-06 6.63E-06   0.010 1.0000 6.9689E-06    681.974
 9231.00 0.98996937 2.8424E-27 0.0000E+00 0.0000E+00 3.2418E-09 3.2418E-09 0.0000E+00 0.0000E+00 3.2418E-09 6.39E-06 6.45E-06   0.010 1.0000 6.7955E-06    681.733
 9241.00 0.99147427 1.4869E-27 0.0000E+00 0.0000E+00 3.2669E-09 3.2669E-09 0.0000E+00 0.0000E+00 3.2669E-09 6.43E-06 6.48E-06   0.009 1.0000 6.7842E-06    682.629
 9251.00 0.99071914 1.7996E-27 0.0000E+00 0.0000E+00 3.3156E-09 3.3156E-09 0.0000E+00 0.0000E+00 3.3156E-09 6.50E-06 6.56E-06   0.009 1.0000 6.9007E-06    683.773
 9261.00 0.99122190 1.5698E-27 0.0000E+00 0.0000E+00 3.3772E-09 3.3772E-09 0.0000E+00 0.0000E+00 3.3772E-09 6.60E-06 6.66E-06   0.009 1.0000 6.9947E-06    685.046
 9271.00 0.99207366 1.0479E-27 0.0000E+00 0.0000E+00 3.3434E-09 3.3434E-09 0.0000E+00 0.0000E+00 3.3434E-09 6.52E-06 6.57E-06   0.008 1.0000 6.8762E-06    685.317
 9281.00 0.99101323 1.3738E-27 0.0000E+00 0.0000E+00 3.4046E-09 3.4046E-09 0.0000E+00 0.0000E+00 3.4046E-09 6.62E-06 6.68E-06   0.009 1.0000 7.0330E-06    686.582
 9291.00 0.99196029 9.7321E-28 0.0000E+00 0.0000E+00 3.4273E-09 3.4273E-09 0.0000E+00 0.0000E+00 3.4273E-09 6.65E-06 6.70E-06   0.008 1.0000 7.0135E-06    687.443
 9301.00 0.99157131 1.0233E-27 0.0000E+00 0.0000E+00 3.3509E-09 3.3509E-09 0.0000E+00 0.0000E+00 3.3509E-09 6.48E-06 6.53E-06   0.008 1.0000 6.8637E-06    687.271
 9311.00 0.99154586 9.7726E-28 0.0000E+00 0.0000E+00 3.4215E-09 3.4215E-09 0.0000E+00 0.0000E+00 3.4215E-09 6.60E-06 6.65E-06   0.008 1.0000 6.9849E-06    688.633
 9321.00 0.99127400 9.8567E-28 0.0000E+00 0.0000E+00 3.3773E-09 3.3773E-09 0.0000E+00 0.0000E+00 3.3773E-09 6.49E-06 6.55E-06   0.009 1.0000 6.8861E-06    688.799
 9331.00 0.99111766 9.6855E-28 0.0000E+00 0.0000E+00 3.4436E-09 3.4436E-09 0.0000E+00 0.0000E+00 3.4436E-09 6.60E-06 6.66E-06   0.009 1.0000 7.0103E-06    690.113
 9341.00 0.99086410 9.7326E-28 0.0000E+00 0.0000E+00 3.4316E-09 3.4316E-09 0.0000E+00 0.0000E+00 3.4316E-09 6.56E-06 6.62E-06   0.009 1.0000 6.9794E-06    690.615
 9351.00 0.99047053 1.0069E-27 0.0000E+00 0.0000E+00 3.2959E-09 3.2959E-09 0.0000E+00 0.0000E+00 3.2959E-09 6.28E-06 6.34E-06   0.010 1.0000 6.7060E-06    689.810
 9361.00 0.99000996 1.0524E-27 0.0000E+00 0.0000E+00 3.3977E-09 3.3977E-09 0.0000E+00 0.0000E+00 3.3977E-09 6.45E-06 6.52E-06   0.010 1.0000 6.9146E-06    691.512
 9371.00 0.98980886 1.0414E-27 0.0000E+00 0.0000E+00 3.4487E-09 3.4487E-09 0.0000E+00 0.0000E+00 3.4487E-09 6.53E-06 6.60E-06   0.010 1.0000 7.0062E-06    692.667
 9381.00 0.98971099 1.0092E-27 0.0000E+00 0.0000E+00 3.4408E-09 3.4408E-09 0.0000E+00 0.0000E+00 3.4408E-09 6.50E-06 6.56E-06   0.010 1.0000 6.9727E-06    693.211
 9391.00 0.98965704 9.7039E-28 0.0000E+00 0.0000E+00 3.5091E-09 3.5091E-09 0.0000E+00 0.0000E+00 3.5091E-09 6.61E-06 6.68E-06   0.010 1.0000 7.0927E-06    694.537
 9401.00 0.98991746 8.7599E-28 0.0000E+00 0.0000E+00 3.4975E-09 3.4975E-09 0.0000E+00 0.0000E+00 3.4975E-09 6.57E-06 6.64E-06   0.010 1.0000 7.0394E-06    695.044
 9411.00 0.99007058 8.0736E-28 0.0000E+00 0.0000E+00 3.5030E-09 3.5030E-09 0.0000E+00 0.0000E+00 3.5030E-09 6.56E-06 6.63E-06   0.010 1.0000 7.0221E-06    695.725
 9421.00 0.99023217 7.4250E-28 0.0000E+00 0.0000E+00 3.5087E-09 3.5087E-09 0.0000E+00 0.0000E+00 3.5087E-09 6.55E-06 6.62E-06   0.010 1.0000 7.0055E-06    696.408
 9431.00 0.99033976 6.9024E-28 0.0000E+00 0.0000E+00 3.5020E-09 3.5020E-09 0.0000E+00 0.0000E+00 3.5020E-09 6.52E-06 6.59E-06   0.010 1.0000 6.9676E-06    696.966
 9441.00 0.99047011 6.3858E-28 0.0000E+00 0.0000E+00 3.5045E-09 3.5045E-09 0.0000E+00 0.0000E+00 3.5045E-09 6.51E-06 6.57E-06   0.010 1.0000 6.9484E-06    697.617
 9451.00 0.99067754 5.8089E-28 0.0000E+00 0.0000E+00 3.5320E-09 3.5320E-09 0.0000E+00 0.0000E+00 3.5320E-09 6.55E-06 6.61E-06   0.009 1.0000 6.9764E-06    698.522
 9461.00 0.99091035 5.2487E-28 0.0000E+00 0.0000E+00 3.6025E-09 3.6025E-09 0.0000E+00 0.0000E+00 3.6025E-09 6.67E-06 6.73E-06   0.009 1.0000 7.0891E-06    699.857
 9471.00 0.99113017 4.7499E-28 0.0000E+00 0.0000E+00 3.6162E-09 3.6162E-09 0.0000E+00 0.0000E+00 3.6162E-09 6.68E-06 6.74E-06   0.009 1.0000 7.0904E-06    700.619
 9481.00 0.99131268 4.3301E-28 0.0000E+00 0.0000E+00 3.6254E-09 3.6254E-09 0.0000E+00 0.0000E+00 3.6254E-09 6.68E-06 6.74E-06   0.009 1.0000 7.0848E-06    701.337
 9491.00 0.99145454 3.9820E-28 0.0000E+00 0.0000E+00 3.6067E-09 3.6067E-09 0.0000E+00 0.0000E+00 3.6067E-09 6.63E-06 6.69E-06   0.009 1.0000 7.0271E-06    701.776
 9501.00 0.99154317 3.7064E-28 0.0000E+00 0.0000E+00 3.6366E-09 3.6366E-09 0.0000E+00 0.0000E+00 3.6366E-09 6.67E-06 6.73E-06   0.008 1.0000 7.0663E-06    702.700
 9511.00 0.99164069 3.4428E-28 0.0000E+00 0.0000E+00 3.6504E-09 3.6504E-09 0.0000E+00 0.0000E+00 3.6504E-09 6.68E-06 6.74E-06   0.008 1.0000 7.0729E-06    703.462
 9521.00 0.99168682 3.2351E-28 0.0000E+00 0.0000E+00 3.6569E-09 3.6569E-09 0.0000E+00 0.0000E+00 3.6569E-09 6.68E-06 6.74E-06   0.008 1.0000 7.0689E-06    704.151
 9531.00 0.99174225 3.0358E-28 0.0000E+00 0.0000E+00 3.6729E-09 3.6729E-09 0.0000E+00 0.0000E+00 3.6729E-09 6.70E-06 6.75E-06   0.008 1.0000 7.0837E-06    704.935
 9541.00 0.99186575 2.7988E-28 0.0000E+00 0.0000E+00 3.6860E-09 3.6860E-09 0.0000E+00 0.0000E+00 3.6860E-09 6.71E-06 6.76E-06   0.008 1.0000 7.0847E-06    705.690
 9551.00 0.99189913 2.6385E-28 0.0000E+00 0.0000E+00 3.6601E-09 3.6601E-09 0.0000E+00 0.0000E+00 3.6601E-09 6.65E-06 6.70E-06   0.008 1.0000 7.0183E-06    706.060
 9561.00 0.99192268 2.4933E-28 0.0000E+00 0.0000E+00 3.6296E-09 3.6296E-09 0.0000E+00 0.0000E+00 3.6296E-09 6.58E-06 6.63E-06   0.008 1.0000 6.9440E-06    706.381
 9571.00 0.99194115 2.3592E-28 0.0000E+00 0.0000E+00 3.7057E-09 3.7057E-09 0.0000E+00 0.0000E+00 3.7057E-09 6.70E-06 6.75E-06   0.008 1.0000 7.0733E-06    707.760
 9581.00 0.99195653 2.2340E-28 0.0000E+00 0.0000E+00 3.7193E-09 3.7193E-09 0.0000E+00 0.0000E+00 3.7193E-09 6.71E-06 6.76E-06   0.008 1.0000 7.0833E-06    708.519
 9591.00 0.99195844 2.1224E-28 0.0000E+00 0.0000E+00 3.7025E-09 3.7025E-09 0.0000E+00 0.0000E+00 3.7025E-09 6.67E-06 6.72E-06   0.008 1.0000 7.0362E-06    708.979
 9601.00 0.99194932 2.0220E-28 0.0000E+00 0.0000E+00 3.7440E-09 3.7440E-09 0.0000E+00 0.0000E+00 3.7440E-09 6.73E-06 6.78E-06   0.008 1.0000 7.1006E-06    710.011
 9611.00 0.99194896 1.9223E-28 0.0000E+00 0.0000E+00 3.7298E-09 3.7298E-09 0.0000E+00 0.0000E+00 3.7298E-09 6.69E-06 6.74E-06   0.008 1.0000 7.0589E-06    710.498
 9621.00 0.99193925 1.8315E-28 0.0000E+00 0.0000E+00 3.7350E-09 3.7350E-09 0.0000E+00 0.0000E+00 3.7350E-09 6.68E-06 6.74E-06   0.008 1.0000 7.0542E-06    711.174
 9631.00 0.99194056 1.7403E-28 0.0000E+00 0.0000E+00 3.7406E-09 3.7406E-09 0.0000E+00 0.0000E+00 3.7406E-09 6.68E-06 6.73E-06   0.008 1.0000 7.0494E-06    711.854
 9641.00 0.99190253 1.6702E-28 0.0000E+00 0.0000E+00 3.7231E-09 3.7231E-09 0.0000E+00 0.0000E+00 3.7231E-09 6.63E-06 6.69E-06   0.008 1.0000 7.0036E-06    712.307
 9651.00 0.99194151 1.5721E-28 0.0000E+00 0.0000E+00 3.7885E-09 3.7885E-09 0.0000E+00 0.0000E+00 3.7885E-09 6.73E-06 6.79E-06   0.008 1.0000 7.1097E-06    713.571
 9661.00 0.99194658 1.4924E-28 0.0000E+00 0.0000E+00 3.7524E-09 3.7524E-09 0.0000E+00 0.0000E+00 3.7524E-09 6.66E-06 6.71E-06   0.008 1.0000 7.0258E-06    713.845
 9671.00 0.99193221 1.4236E-28 0.0000E+00 0.0000E+00 3.7607E-09 3.7607E-09 0.0000E+00 0.0000E+00 3.7607E-09 6.66E-06 6.71E-06   0.008 1.0000 7.0276E-06    714.551
 9681.00 0.99193120 1.3537E-28 0.0000E+00 0.0000E+00 3.7580E-09 3.7580E-09 0.0000E+00 0.0000E+00 3.7580E-09 6.64E-06 6.69E-06   0.008 1.0000 7.0080E-06    715.150
 9691.00 0.99187982 1.3032E-28 0.0000E+00 0.0000E+00 3.8187E-09 3.8187E-09 0.0000E+00 0.0000E+00 3.8187E-09 6.73E-06 6.78E-06   0.008 1.0000 7.1079E-06    716.364
 9701.00 0.99187487 1.2406E-28 0.0000E+00 0.0000E+00 3.8209E-09 3.8209E-09 0.0000E+00 0.0000E+00 3.8209E-09 6.72E-06 6.77E-06   0.008 1.0000 7.0980E-06    717.010
 9711.00 0.99186319 1.1822E-28 0.0000E+00 0.0000E+00 3.8205E-09 3.8205E-09 0.0000E+00 0.0000E+00 3.8205E-09 6.70E-06 6.76E-06   0.008 1.0000 7.0827E-06    717.631
 9721.00 0.99173653 1.1614E-28 0.0000E+00 0.0000E+00 3.8291E-09 3.8291E-09 0.0000E+00 0.0000E+00 3.8291E-09 6.71E-06 6.76E-06   0.008 1.0000 7.0883E-06    718.339
 9731.00 0.99151063 1.1723E-28 0.0000E+00 0.0000E+00 3.8555E-09 3.8555E-09 0.0000E+00 0.0000E+00 3.8555E-09 6.74E-06 6.79E-06   0.009 1.0000 7.1280E-06    719.218
 9741.00 0.99167961 1.0652E-28 0.0000E+00 0.0000E+00 3.8593E-09 3.8593E-09 0.0000E+00 0.0000E+00 3.8593E-09 6.73E-06 6.79E-06   0.008 1.0000 7.1148E-06    719.880
 9751.00 0.99159664 1.0335E-28 0.0000E+00 0.0000E+00 3.8725E-09 3.8725E-09 0.0000E+00 0.0000E+00 3.8725E-09 6.74E-06 6.79E-06   0.008 1.0000 7.1256E-06    720.631
 9761.00 0.99128413 1.0816E-28 0.0000E+00 0.0000E+00 3.8698E-09 3.8698E-09 0.0000E+00 0.0000E+00 3.8698E-09 6.72E-06 6.78E-06   0.009 1.0000 7.1121E-06    721.231
 9771.00 0.99079484 1.1678E-28 0.0000E+00 0.0000E+00 3.8779E-09 3.8779E-09 0.0000E+00 0.0000E+00 3.8779E-09 6.72E-06 6.78E-06   0.009 1.0000 7.1242E-06    721.933
 9781.00 0.99137127 9.5386E-29 0.0000E+00 0.0000E+00 3.8505E-09 3.8505E-09 0.0000E+00 0.0000E+00 3.8505E-09 6.66E-06 6.71E-06   0.009 1.0000 7.0450E-06    722.295
 9791.00 0.99145329 8.8171E-29 0.0000E+00 0.0000E+00 3.8553E-09 3.8553E-09 0.0000E+00 0.0000E+00 3.8553E-09 6.65E-06 6.71E-06   0.009 1.0000 7.0386E-06    722.966
 9801.00 0.99137849 8.5429E-29 0.0000E+00 0.0000E+00 3.8722E-09 3.8722E-09 0.0000E+00 0.0000E+00 3.8722E-09 6.67E-06 6.72E-06   0.009 1.0000 7.0554E-06    723.753
 9811.00 0.99057192 1.0293E-28 0.0000E+00 0.0000E+00 3.8300E-09 3.8300E-09 0.0000E+00 0.0000E+00 3.8300E-09 6.58E-06 6.64E-06   0.009 1.0000 6.9787E-06    723.971
 9821.00 0.99161267 7.2104E-29 0.0000E+00 0.0000E+00 3.8941E-09 3.8941E-09 0.0000E+00 0.0000E+00 3.8941E-09 6.68E-06 6.73E-06   0.008 1.0000 7.0623E-06    725.213
 9831.00 0.99136335 7.3019E-29 0.0000E+00 0.0000E+00 3.9068E-09 3.9068E-09 0.0000E+00 0.0000E+00 3.9068E-09 6.68E-06 6.74E-06   0.009 1.0000 7.0767E-06    725.958
 9841.00 0.99136180 7.0385E-29 0.0000E+00 0.0000E+00 3.9042E-09 3.9042E-09 0.0000E+00 0.0000E+00 3.9042E-09 6.66E-06 6.72E-06   0.009 1.0000 7.0554E-06    726.559
 9851.00 0.99102098 7.3215E-29 0.0000E+00 0.0000E+00 3.9062E-09 3.9062E-09 0.0000E+00 0.0000E+00 3.9062E-09 6.65E-06 6.71E-06   0.009 1.0000 7.0514E-06    727.202
 9861.00 0.99127907 6.4103E-29 0.0000E+00 0.0000E+00 3.9455E-09 3.9455E-09 0.0000E+00 0.0000E+00 3.9455E-09 6.71E-06 6.77E-06   0.009 1.0000 7.1034E-06    728.201
 9871.00 0.99126363 6.1629E-29 0.0000E+00 0.0000E+00 3.9576E-09 3.9576E-09 0.0000E+00 0.0000E+00 3.9576E-09 6.71E-06 6.77E-06   0.009 1.0000 7.1106E-06    728.940
 9881.00 0.99062592 7.1113E-29 0.0000E+00 0.0000E+00 3.9602E-09 3.9602E-09 0.0000E+00 0.0000E+00 3.9602E-09 6.70E-06 6.76E-06   0.009 1.0000 7.1125E-06    729.589
 9891.00 0.99122077 5.5621E-29 0.0000E+00 0.0000E+00 3.9746E-09 3.9746E-09 0.0000E+00 0.0000E+00 3.9746E-09 6.71E-06 6.77E-06   0.009 1.0000 7.1147E-06    730.350
 9901.00 0.98980039 7.4709E-29 0.0000E+00 0.0000E+00 3.9763E-09 3.9763E-09 0.0000E+00 0.0000E+00 3.9763E-09 6.70E-06 6.77E-06   0.010 1.0000 7.1297E-06    730.990
 9911.00 0.98957986 7.6977E-29 0.0000E+00 0.0000E+00 3.9715E-09 3.9715E-09 0.0000E+00 0.0000E+00 3.9715E-09 6.68E-06 6.75E-06   0.010 1.0000 7.1100E-06    731.570
 9921.00 0.99072599 5.5681E-29 0.0000E+00 0.0000E+00 3.9935E-09 3.9935E-09 0.0000E+00 0.0000E+00 3.9935E-09 6.70E-06 6.76E-06   0.009 1.0000 7.1166E-06    732.402
 9931.00 0.99115789 4.6118E-29 0.0000E+00 0.0000E+00 3.9834E-09 3.9834E-09 0.0000E+00 0.0000E+00 3.9834E-09 6.67E-06 6.73E-06   0.009 1.0000 7.0750E-06    732.931
 9941.00 0.99100298 4.5857E-29 0.0000E+00 0.0000E+00 3.8566E-09 3.8566E-09 0.0000E+00 0.0000E+00 3.8566E-09 6.45E-06 6.51E-06   0.009 1.0000 6.8405E-06    732.341
 9951.00 0.99115098 4.2016E-29 0.0000E+00 0.0000E+00 3.7836E-09 3.7836E-09 0.0000E+00 0.0000E+00 3.7836E-09 6.31E-06 6.37E-06   0.009 1.0000 6.6965E-06    732.247
 9961.00 0.99077916 4.4446E-29 0.0000E+00 0.0000E+00 3.9713E-09 3.9713E-09 0.0000E+00 0.0000E+00 3.9713E-09 6.61E-06 6.67E-06   0.009 1.0000 7.0208E-06    734.690
 9971.00 0.99095273 3.9638E-29 0.0000E+00 0.0000E+00 4.0190E-09 4.0190E-09 0.0000E+00 0.0000E+00 4.0190E-09 6.68E-06 6.74E-06   0.009 1.0000 7.0893E-06    735.764
 9981.00 0.98978937 4.9639E-29 0.0000E+00 0.0000E+00 4.0410E-09 4.0410E-09 0.0000E+00 0.0000E+00 4.0410E-09 6.70E-06 6.76E-06   0.010 1.0000 7.1451E-06    736.595
 9991.00 0.99128544 3.2826E-29 0.0000E+00 0.0000E+00 4.0673E-09 4.0673E-09 0.0000E+00 0.0000E+00 4.0673E-09 6.73E-06 6.79E-06   0.009 1.0000 7.1388E-06    737.464
10001.00 0.99096113 3.4003E-29 0.0000E+00 0.0000E+00 4.0500E-09 4.0500E-09 0.0000E+00 0.0000E+00 4.0500E-09 6.69E-06 6.75E-06   0.009 1.0000 7.1031E-06    737.927
10011.00 0.99116063 3.0706E-29 0.0000E+00 0.0000E+00 4.0677E-09 4.0677E-09 0.0000E+00 0.0000E+00 4.0677E-09 6.70E-06 6.76E-06   0.009 1.0000 7.1150E-06    738.716
10021.00 0.99113053 2.9380E-29 0.0000E+00 0.0000E+00 4.0851E-09 4.0851E-09 0.0000E+00 0.0000E+00 4.0851E-09 6.72E-06 6.78E-06   0.009 1.0000 7.1310E-06    739.503
10031.00 0.99129981 2.6644E-29 0.0000E+00 0.0000E+00 4.0948E-09 4.0948E-09 0.0000E+00 0.0000E+00 4.0948E-09 6.72E-06 6.78E-06   0.009 1.0000 7.1318E-06    740.217
10041.00 0.99127001 2.5469E-29 0.0000E+00 0.0000E+00 4.0930E-09 4.0930E-09 0.0000E+00 0.0000E+00 4.0930E-09 6.70E-06 6.76E-06   0.009 1.0000 7.1164E-06    740.825
10051.00 0.99127489 2.4190E-29 0.0000E+00 0.0000E+00 4.1034E-09 4.1034E-09 0.0000E+00 0.0000E+00 4.1034E-09 6.71E-06 6.76E-06   0.009 1.0000 7.1191E-06    741.546
10061.00 0.99116367 2.3594E-29 0.0000E+00 0.0000E+00 4.1145E-09 4.1145E-09 0.0000E+00 0.0000E+00 4.1145E-09 6.71E-06 6.77E-06   0.009 1.0000 7.1296E-06    742.273
10071.00 0.99060595 2.5925E-29 0.0000E+00 0.0000E+00 4.1016E-09 4.1016E-09 0.0000E+00 0.0000E+00 4.1016E-09 6.67E-06 6.74E-06   0.009 1.0000 7.1221E-06    742.777
10081.00 0.99100226 2.2181E-29 0.0000E+00 0.0000E+00 4.1126E-09 4.1126E-09 0.0000E+00 0.0000E+00 4.1126E-09 6.68E-06 6.74E-06   0.009 1.0000 7.1031E-06    743.503
10091.00 0.99079221 2.2107E-29 0.0000E+00 0.0000E+00 4.1029E-09 4.1029E-09 0.0000E+00 0.0000E+00 4.1029E-09 6.65E-06 6.71E-06   0.009 1.0000 7.0846E-06    744.038
10101.00 0.99049592 2.2453E-29 0.0000E+00 0.0000E+00 4.0720E-09 4.0720E-09 0.0000E+00 0.0000E+00 4.0720E-09 6.58E-06 6.65E-06   0.010 1.0000 7.0367E-06    744.374
10111.00 0.99108303 1.8627E-29 0.0000E+00 0.0000E+00 4.0886E-09 4.0886E-09 0.0000E+00 0.0000E+00 4.0886E-09 6.60E-06 6.66E-06   0.009 1.0000 7.0192E-06    745.152
10121.00 0.99053466 2.0234E-29 0.0000E+00 0.0000E+00 4.1283E-09 4.1283E-09 0.0000E+00 0.0000E+00 4.1283E-09 6.65E-06 6.71E-06   0.010 1.0000 7.1091E-06    746.145
10131.00 0.99024481 2.0556E-29 0.0000E+00 0.0000E+00 4.1091E-09 4.1091E-09 0.0000E+00 0.0000E+00 4.1091E-09 6.60E-06 6.67E-06   0.010 1.0000 7.0756E-06    746.590
10141.00 0.99052727 1.8196E-29 0.0000E+00 0.0000E+00 4.1367E-09 4.1367E-09 0.0000E+00 0.0000E+00 4.1367E-09 6.63E-06 6.70E-06   0.010 1.0000 7.0813E-06    747.471
10151.00 0.98815203 2.8168E-29 0.0000E+00 0.0000E+00 4.0936E-09 4.0936E-09 0.0000E+00 0.0000E+00 4.0936E-09 6.55E-06 6.62E-06   0.012 1.0000 7.1130E-06    747.694
10161.00 0.98918021 2.2573E-29 0.0000E+00 0.0000E+00 4.1122E-09 4.1122E-09 0.0000E+00 0.0000E+00 4.1122E-09 6.56E-06 6.63E-06   0.011 1.0000 7.0884E-06    748.490
10171.00 0.98680121 3.9415E-29 0.0000E+00 0.0000E+00 4.0635E-09 4.0635E-09 0.0000E+00 0.0000E+00 4.0635E-09 6.47E-06 6.55E-06   0.013 1.0000 7.0885E-06    748.657
10181.00 0.98616767 3.9278E-29 0.0000E+00 0.0000E+00 4.0883E-09 4.0883E-09 0.0000E+00 0.0000E+00 4.0883E-09 6.49E-06 6.57E-06   0.014 1.0000 7.1238E-06    749.513
10191.00 0.98602527 3.9646E-29 0.0000E+00 0.0000E+00 4.1319E-09 4.1319E-09 0.0000E+00 0.0000E+00 4.1319E-09 6.55E-06 6.63E-06   0.014 1.0000 7.1342E-06    750.544
10201.00 0.97654295 1.4967E-28 0.0000E+00 0.0000E+00 3.9675E-09 3.9675E-09 0.0000E+00 0.0000E+00 3.9675E-09 6.26E-06 6.37E-06   0.024 1.0000 7.0727E-06    749.609
10211.00 0.97450280 2.0043E-28 0.0000E+00 0.0000E+00 3.9196E-09 3.9196E-09 0.0000E+00 0.0000E+00 3.9196E-09 6.17E-06 6.28E-06   0.026 1.0000 7.0352E-06    749.767
10221.00 0.97003365 2.9019E-28 0.0000E+00 0.0000E+00 3.9381E-09 3.9381E-09 0.0000E+00 0.0000E+00 3.9381E-09 6.18E-06 6.30E-06   0.030 1.0000 7.0526E-06    750.569
10231.00 0.97843534 1.0712E-28 0.0000E+00 0.0000E+00 4.0577E-09 4.0577E-09 0.0000E+00 0.0000E+00 4.0577E-09 6.36E-06 6.47E-06   0.022 1.0000 7.0865E-06    752.340
10241.00 0.96209365 4.4628E-28 0.0000E+00 0.0000E+00 3.8361E-09 3.8361E-09 0.0000E+00 0.0000E+00 3.8361E-09 5.98E-06 6.13E-06   0.039 1.0000 7.0343E-06    750.807
10251.00 0.95330602 7.1612E-28 0.0000E+00 0.0000E+00 3.9013E-09 3.9013E-09 0.0000E+00 0.0000E+00 3.9013E-09 6.07E-06 6.22E-06   0.048 1.0000 7.1175E-06    752.075
10261.00 0.95190048 7.6975E-28 0.0000E+00 0.0000E+00 3.8411E-09 3.8411E-09 0.0000E+00 0.0000E+00 3.8411E-09 5.96E-06 6.12E-06   0.049 1.0000 7.0004E-06    752.099
10271.00 0.96009922 4.1620E-28 0.0000E+00 0.0000E+00 3.8750E-09 3.8750E-09 0.0000E+00 0.0000E+00 3.8750E-09 6.00E-06 6.16E-06   0.041 1.0000 7.0253E-06    753.057
10281.00 0.96337229 3.8982E-28 0.0000E+00 0.0000E+00 4.0206E-09 4.0206E-09 0.0000E+00 0.0000E+00 4.0206E-09 6.22E-06 6.37E-06   0.037 1.0000 7.1074E-06    755.097
10291.00 0.96232647 6.2510E-28 0.0000E+00 0.0000E+00 4.0582E-09 4.0582E-09 0.0000E+00 0.0000E+00 4.0582E-09 6.27E-06 6.41E-06   0.038 1.0000 7.1198E-06    756.079
10301.00 0.96771842 4.5727E-28 0.0000E+00 0.0000E+00 4.0550E-09 4.0550E-09 0.0000E+00 0.0000E+00 4.0550E-09 6.26E-06 6.39E-06   0.033 1.0000 7.0598E-06    756.670
10311.00 0.97226453 3.1544E-28 0.0000E+00 0.0000E+00 4.0981E-09 4.0981E-09 0.0000E+00 0.0000E+00 4.0981E-09 6.31E-06 6.44E-06   0.028 1.0000 7.1065E-06    757.701
10321.00 0.97207546 2.9071E-28 0.0000E+00 0.0000E+00 4.0799E-09 4.0799E-09 0.0000E+00 0.0000E+00 4.0799E-09 6.28E-06 6.40E-06   0.028 1.0000 7.0834E-06    758.151
10331.00 0.96106827 5.8327E-28 0.0000E+00 0.0000E+00 4.0166E-09 4.0166E-09 0.0000E+00 0.0000E+00 4.0166E-09 6.16E-06 6.30E-06   0.040 1.0000 7.0410E-06    758.168
10341.00 0.93667412 9.0473E-28 0.0000E+00 0.0000E+00 3.7554E-09 3.7554E-09 0.0000E+00 0.0000E+00 3.7554E-09 5.71E-06 5.92E-06   0.065 1.0000 7.0807E-06    756.196
10351.00 0.93290740 7.6787E-28 0.0000E+00 0.0000E+00 3.6585E-09 3.6585E-09 0.0000E+00 0.0000E+00 3.6585E-09 5.54E-06 5.76E-06   0.069 1.0000 6.9482E-06    755.812
10361.00 0.94781446 5.4191E-28 0.0000E+00 0.0000E+00 3.7321E-09 3.7321E-09 0.0000E+00 0.0000E+00 3.7321E-09 5.66E-06 5.84E-06   0.054 1.0000 7.0420E-06    757.196
10371.00 0.93298584 1.1484E-27 0.0000E+00 0.0000E+00 3.5927E-09 3.5927E-09 0.0000E+00 0.0000E+00 3.5927E-09 5.43E-06 5.62E-06   0.069 1.0000 7.0259E-06    756.353
10381.00 0.95011169 5.6379E-28 0.0000E+00 0.0000E+00 3.8003E-09 3.8003E-09 0.0000E+00 0.0000E+00 3.8003E-09 5.75E-06 5.92E-06   0.051 1.0000 7.0297E-06    759.133
10391.00 0.90779775 1.3165E-27 0.0000E+00 0.0000E+00 3.4422E-09 3.4422E-09 0.0000E+00 0.0000E+00 3.4422E-09 5.15E-06 5.40E-06   0.097 1.0000 7.0152E-06    755.950
10401.00 0.95510197 3.4320E-28 0.0000E+00 0.0000E+00 3.7876E-09 3.7876E-09 0.0000E+00 0.0000E+00 3.7876E-09 5.71E-06 5.87E-06   0.046 1.0000 7.1156E-06    760.243
10411.00 0.91898698 8.2497E-28 0.0000E+00 0.0000E+00 3.5662E-09 3.5662E-09 0.0000E+00 0.0000E+00 3.5662E-09 5.32E-06 5.56E-06   0.084 1.0000 7.0090E-06    758.542
10421.00 0.90880769 7.4728E-28 0.0000E+00 0.0000E+00 3.3126E-09 3.3126E-09 0.0000E+00 0.0000E+00 3.3126E-09 4.93E-06 5.16E-06   0.096 1.0000 7.1097E-06    756.335
10431.00 0.92628759 6.3573E-28 0.0000E+00 0.0000E+00 3.5212E-09 3.5212E-09 0.0000E+00 0.0000E+00 3.5212E-09 5.25E-06 5.45E-06   0.077 1.0000 7.1282E-06    759.290
10441.00 0.93712896 4.6793E-28 0.0000E+00 0.0000E+00 3.7143E-09 3.7143E-09 0.0000E+00 0.0000E+00 3.7143E-09 5.54E-06 5.72E-06   0.065 1.0000 7.0319E-06    761.964
10451.00 0.91187793 6.3631E-28 0.0000E+00 0.0000E+00 3.3409E-09 3.3409E-09 0.0000E+00 0.0000E+00 3.3409E-09 4.96E-06 5.15E-06   0.092 1.0000 7.0411E-06    758.508
10461.00 0.90539354 5.8887E-28 0.0000E+00 0.0000E+00 3.3112E-09 3.3112E-09 0.0000E+00 0.0000E+00 3.3112E-09 4.88E-06 5.12E-06   0.099 1.0000 7.0152E-06    758.781
10471.00 0.91021204 1.1600E-27 0.0000E+00 0.0000E+00 3.2405E-09 3.2405E-09 0.0000E+00 0.0000E+00 3.2405E-09 4.79E-06 4.98E-06   0.094 1.0000 6.6482E-06    758.572
10481.00 0.91571426 9.3479E-28 0.0000E+00 0.0000E+00 3.4794E-09 3.4794E-09 0.0000E+00 0.0000E+00 3.4794E-09 5.14E-06 5.33E-06   0.088 1.0000 6.9292E-06    761.915
10491.00 0.90132612 9.1868E-28 0.0000E+00 0.0000E+00 3.3826E-09 3.3826E-09 0.0000E+00 0.0000E+00 3.3826E-09 4.96E-06 5.20E-06   0.104 1.0000 7.0576E-06    761.447
10501.00 0.83995026 2.5614E-27 0.0000E+00 0.0000E+00 3.0022E-09 3.0022E-09 0.0000E+00 0.0000E+00 3.0022E-09 4.36E-06 4.64E-06   0.174 1.0000 7.1082E-06    757.505
10511.00 0.93893367 4.2895E-28 0.0000E+00 0.0000E+00 3.8003E-09 3.8003E-09 0.0000E+00 0.0000E+00 3.8003E-09 5.58E-06 5.78E-06   0.063 1.0000 7.0870E-06    767.183
10521.00 0.86158580 2.4543E-27 0.0000E+00 0.0000E+00 3.0980E-09 3.0980E-09 0.0000E+00 0.0000E+00 3.0980E-09 4.49E-06 4.77E-06   0.149 1.0000 7.0837E-06    759.926
10531.00 0.86265290 2.1315E-27 0.0000E+00 0.0000E+00 3.2070E-09 3.2070E-09 0.0000E+00 0.0000E+00 3.2070E-09 4.64E-06 4.91E-06   0.148 1.0000 7.1337E-06    761.862
10541.00 0.85615790 2.4479E-27 0.0000E+00 0.0000E+00 3.3157E-09 3.3157E-09 0.0000E+00 0.0000E+00 3.3157E-09 4.78E-06 5.09E-06   0.155 1.0000 7.1238E-06    763.756
10551.00 0.86986899 1.4112E-27 0.0000E+00 0.0000E+00 3.2143E-09 3.2143E-09 0.0000E+00 0.0000E+00 3.2143E-09 4.62E-06 4.92E-06   0.139 1.0000 7.1123E-06    763.179
10561.00 0.87128323 1.2448E-27 0.0000E+00 0.0000E+00 3.2230E-09 3.2230E-09 0.0000E+00 0.0000E+00 3.2230E-09 4.60E-06 4.98E-06   0.138 1.0000 7.0759E-06    763.896
10571.00 0.81147605 2.4421E-27 0.0000E+00 0.0000E+00 2.9309E-09 2.9309E-09 0.0000E+00 0.0000E+00 2.9309E-09 4.16E-06 4.51E-06   0.209 1.0000 7.0632E-06    760.877
10581.00 0.87800676 1.1528E-27 0.0000E+00 0.0000E+00 3.3465E-09 3.3465E-09 0.0000E+00 0.0000E+00 3.3465E-09 4.79E-06 5.09E-06   0.130 1.0000 7.0083E-06    766.573
10591.00 0.77359003 4.1245E-27 0.0000E+00 0.0000E+00 2.7566E-09 2.7566E-09 0.0000E+00 0.0000E+00 2.7566E-09 3.88E-06 4.25E-06   0.257 1.0000 6.9242E-06    759.770
10601.00 0.79958880 3.2758E-27 0.0000E+00 0.0000E+00 3.0413E-09 3.0413E-09 0.0000E+00 0.0000E+00 3.0413E-09 4.30E-06 4.65E-06   0.224 1.0000 7.0103E-06    764.125
10611.00 0.85426664 1.8230E-27 0.0000E+00 0.0000E+00 3.3505E-09 3.3505E-09 0.0000E+00 0.0000E+00 3.3505E-09 4.75E-06 5.08E-06   0.158 1.0000 7.0013E-06    768.464
10621.00 0.88815242 5.8855E-28 0.0000E+00 0.0000E+00 3.3545E-09 3.3545E-09 0.0000E+00 0.0000E+00 3.3545E-09 4.75E-06 5.07E-06   0.119 1.0000 6.6904E-06    769.126
10631.00 0.88758647 4.1834E-28 0.0000E+00 0.0000E+00 3.4908E-09 3.4908E-09 0.0000E+00 0.0000E+00 3.4908E-09 4.93E-06 5.27E-06   0.119 1.0000 6.9249E-06    771.286
10641.00 0.91982877 3.0521E-28 0.0000E+00 0.0000E+00 3.8896E-09 3.8896E-09 0.0000E+00 0.0000E+00 3.8896E-09 5.54E-06 5.80E-06   0.084 1.0000 7.0679E-06    776.135
10651.00 0.82297254 1.7636E-27 0.0000E+00 0.0000E+00 3.1782E-09 3.1782E-09 0.0000E+00 0.0000E+00 3.1782E-09 4.43E-06 4.83E-06   0.195 1.0000 7.0860E-06    768.882
10661.00 0.75035000 3.0364E-27 0.0000E+00 0.0000E+00 2.7323E-09 2.7323E-09 0.0000E+00 0.0000E+00 2.7323E-09 3.75E-06 4.20E-06   0.287 1.0000 7.1135E-06    763.702
10671.00 0.75826877 2.6351E-27 0.0000E+00 0.0000E+00 2.7356E-09 2.7356E-09 0.0000E+00 0.0000E+00 2.7356E-09 3.75E-06 4.19E-06   0.277 1.0000 7.1053E-06    764.358
10681.00 0.77051824 2.0270E-27 0.0000E+00 0.0000E+00 2.7696E-09 2.7696E-09 0.0000E+00 0.0000E+00 2.7696E-09 3.83E-06 4.19E-06   0.261 1.0000 7.0271E-06    765.437
10691.00 0.79945934 1.8889E-27 0.0000E+00 0.0000E+00 2.9208E-09 2.9208E-09 0.0000E+00 0.0000E+00 2.9208E-09 4.07E-06 4.37E-06   0.224 1.0000 7.0496E-06    768.081
10701.00 0.72660750 2.4407E-27 0.0000E+00 0.0000E+00 2.3949E-09 2.3949E-09 0.0000E+00 0.0000E+00 2.3949E-09 3.28E-06 3.63E-06   0.319 1.0000 7.1224E-06    761.147
10711.00 0.82768589 7.8247E-28 0.0000E+00 0.0000E+00 2.9300E-09 2.9300E-09 0.0000E+00 0.0000E+00 2.9300E-09 4.06E-06 4.37E-06   0.189 1.0000 7.1299E-06    769.423
10721.00 0.85276681 4.4548E-28 0.0000E+00 0.0000E+00 3.0731E-09 3.0731E-09 0.0000E+00 0.0000E+00 3.0731E-09 4.28E-06 4.54E-06   0.159 1.0000 7.1129E-06    771.871
10731.00 0.86764091 4.2830E-28 0.0000E+00 0.0000E+00 3.0950E-09 3.0950E-09 0.0000E+00 0.0000E+00 3.0950E-09 4.31E-06 4.57E-06   0.142 1.0000 7.0795E-06    772.758
10741.00 0.92302418 1.6022E-28 0.0000E+00 0.0000E+00 3.6667E-09 3.6667E-09 0.0000E+00 0.0000E+00 3.6667E-09 5.15E-06 5.32E-06   0.080 1.0000 7.1186E-06    779.986
10751.00 0.95719892 2.6442E-29 0.0000E+00 0.0000E+00 3.8620E-09 3.8620E-09 0.0000E+00 0.0000E+00 3.8620E-09 5.43E-06 5.58E-06   0.044 1.0000 7.0904E-06    782.651
10761.00 0.97164994 9.8894E-30 0.0000E+00 0.0000E+00 4.0989E-09 4.0989E-09 0.0000E+00 0.0000E+00 4.0989E-09 5.77E-06 5.90E-06   0.029 1.0000 7.0349E-06    785.635
10771.00 0.95945191 3.6005E-29 0.0000E+00 0.0000E+00 4.1708E-09 4.1708E-09 0.0000E+00 0.0000E+00 4.1708E-09 5.84E-06 6.01E-06   0.041 1.0000 7.1304E-06    786.948
10781.00 0.97142786 1.7085E-29 0.0000E+00 0.0000E+00 4.4114E-09 4.4114E-09 0.0000E+00 0.0000E+00 4.4114E-09 6.18E-06 6.32E-06   0.029 1.0000 7.1406E-06    789.816
10791.00 0.97921681 5.2866E-30 0.0000E+00 0.0000E+00 4.4613E-09 4.4613E-09 0.0000E+00 0.0000E+00 4.4613E-09 6.25E-06 6.37E-06   0.021 1.0000 6.9990E-06    790.890
10801.00 0.97632837 6.9943E-30 0.0000E+00 0.0000E+00 4.3312E-09 4.3312E-09 0.0000E+00 0.0000E+00 4.3312E-09 6.05E-06 6.17E-06   0.024 1.0000 6.8221E-06    790.319
10811.00 0.96670085 1.4855E-29 0.0000E+00 0.0000E+00 4.3624E-09 4.3624E-09 0.0000E+00 0.0000E+00 4.3624E-09 6.07E-06 6.23E-06   0.034 1.0000 6.9842E-06    791.228
10821.00 0.97409928 6.5177E-30 0.0000E+00 0.0000E+00 4.3497E-09 4.3497E-09 0.0000E+00 0.0000E+00 4.3497E-09 6.05E-06 6.19E-06   0.026 1.0000 6.9254E-06    791.731
10831.00 0.97720951 4.5497E-30 0.0000E+00 0.0000E+00 4.2535E-09 4.2535E-09 0.0000E+00 0.0000E+00 4.2535E-09 5.91E-06 6.03E-06   0.023 1.0000 6.6572E-06    791.451
10841.00 0.97786862 4.8890E-30 0.0000E+00 0.0000E+00 4.4191E-09 4.4191E-09 0.0000E+00 0.0000E+00 4.4191E-09 6.13E-06 6.25E-06   0.022 1.0000 6.8867E-06    793.609
10851.00 0.97436082 7.7067E-30 0.0000E+00 0.0000E+00 4.3395E-09 4.3395E-09 0.0000E+00 0.0000E+00 4.3395E-09 6.00E-06 6.13E-06   0.026 1.0000 6.8426E-06    793.496
10861.00 0.98327279 1.8192E-30 0.0000E+00 0.0000E+00 4.5659E-09 4.5659E-09 0.0000E+00 0.0000E+00 4.5659E-09 6.32E-06 6.42E-06   0.017 1.0000 6.9906E-06    796.173
10871.00 0.97763991 4.2688E-30 0.0000E+00 0.0000E+00 4.4742E-09 4.4742E-09 0.0000E+00 0.0000E+00 4.4742E-09 6.17E-06 6.29E-06   0.023 1.0000 7.0910E-06    795.972
10881.00 0.97047710 9.9884E-30 0.0000E+00 0.0000E+00 4.5268E-09 4.5268E-09 0.0000E+00 0.0000E+00 4.5268E-09 6.22E-06 6.36E-06   0.030 1.0000 7.1322E-06    797.066
10891.00 0.95179951 2.1300E-29 0.0000E+00 0.0000E+00 4.2755E-09 4.2755E-09 0.0000E+00 0.0000E+00 4.2755E-09 5.83E-06 6.03E-06   0.049 1.0000 7.0869E-06    795.374
10901.00 0.95412040 1.9689E-29 0.0000E+00 0.0000E+00 4.2432E-09 4.2432E-09 0.0000E+00 0.0000E+00 4.2432E-09 5.78E-06 5.97E-06   0.047 1.0000 7.0299E-06    795.687
10911.00 0.96648359 1.0108E-29 0.0000E+00 0.0000E+00 4.4829E-09 4.4829E-09 0.0000E+00 0.0000E+00 4.4829E-09 6.11E-06 6.28E-06   0.034 1.0000 7.1167E-06    798.532
10921.00 0.93069285 3.6115E-29 0.0000E+00 0.0000E+00 4.0987E-09 4.0987E-09 0.0000E+00 0.0000E+00 4.0987E-09 5.53E-06 5.77E-06   0.072 1.0000 7.1418E-06    795.527
10931.00 0.97308338 4.6333E-30 0.0000E+00 0.0000E+00 4.5184E-09 4.5184E-09 0.0000E+00 0.0000E+00 4.5184E-09 6.15E-06 6.29E-06   0.027 1.0000 7.0585E-06    800.093
10941.00 0.93270671 3.5070E-29 0.0000E+00 0.0000E+00 4.2340E-09 4.2340E-09 0.0000E+00 0.0000E+00 4.2340E-09 5.71E-06 5.93E-06   0.070 1.0000 7.1797E-06    798.074
10951.00 0.93860799 2.8695E-29 0.0000E+00 0.0000E+00 4.2929E-09 4.2929E-09 0.0000E+00 0.0000E+00 4.2929E-09 5.77E-06 6.01E-06   0.063 1.0000 7.2169E-06    799.252
10961.00 0.94844937 2.7619E-29 0.0000E+00 0.0000E+00 4.3958E-09 4.3958E-09 0.0000E+00 0.0000E+00 4.3958E-09 5.92E-06 6.11E-06   0.053 1.0000 7.0517E-06    800.834
10971.00 0.96370554 1.1442E-29 0.0000E+00 0.0000E+00 4.4355E-09 4.4355E-09 0.0000E+00 0.0000E+00 4.4355E-09 5.98E-06 6.14E-06   0.037 1.0000 6.9688E-06    801.818
10981.00 0.94665164 2.1022E-29 0.0000E+00 0.0000E+00 4.3402E-09 4.3402E-09 0.0000E+00 0.0000E+00 4.3402E-09 5.82E-06 6.01E-06   0.055 1.0000 7.0849E-06    801.554
10991.00 0.94669646 1.9856E-29 0.0000E+00 0.0000E+00 4.3025E-09 4.3025E-09 0.0000E+00 0.0000E+00 4.3025E-09 5.75E-06 5.95E-06   0.055 1.0000 6.9574E-06    801.817
11001.00 0.94441295 2.7613E-29 0.0000E+00 0.0000E+00 4.2204E-09 4.2204E-09 0.0000E+00 0.0000E+00 4.2204E-09 5.64E-06 5.82E-06   0.057 1.0000 6.8715E-06    801.653
11011.00 0.93425077 2.6484E-29 0.0000E+00 0.0000E+00 4.2808E-09 4.2808E-09 0.0000E+00 0.0000E+00 4.2808E-09 5.69E-06 5.91E-06   0.068 1.0000 7.0129E-06    802.849
11021.00 0.92870295 3.8210E-29 0.0000E+00 0.0000E+00 4.3911E-09 4.3911E-09 0.0000E+00 0.0000E+00 4.3911E-09 5.83E-06 6.04E-06   0.074 1.0000 7.1591E-06    804.504
11031.00 0.95963341 9.0887E-30 0.0000E+00 0.0000E+00 4.4990E-09 4.4990E-09 0.0000E+00 0.0000E+00 4.4990E-09 5.99E-06 6.16E-06   0.041 1.0000 6.9952E-06    806.116
11041.00 0.96884865 7.0488E-30 0.0000E+00 0.0000E+00 4.7492E-09 4.7492E-09 0.0000E+00 0.0000E+00 4.7492E-09 6.33E-06 6.47E-06   0.032 1.0000 7.1647E-06    808.958
11051.00 0.97393346 3.4732E-30 0.0000E+00 0.0000E+00 4.8230E-09 4.8230E-09 0.0000E+00 0.0000E+00 4.8230E-09 6.42E-06 6.55E-06   0.026 1.0000 7.2125E-06    810.216
11061.00 0.97795850 2.2252E-30 0.0000E+00 0.0000E+00 4.8619E-09 4.8619E-09 0.0000E+00 0.0000E+00 4.8619E-09 6.47E-06 6.58E-06   0.022 1.0000 7.1991E-06    811.169
11071.00 0.95216757 1.8562E-29 0.0000E+00 0.0000E+00 4.6259E-09 4.6259E-09 0.0000E+00 0.0000E+00 4.6259E-09 6.11E-06 6.28E-06   0.049 1.0000 7.1309E-06    809.736
11081.00 0.92435658 3.6190E-29 0.0000E+00 0.0000E+00 4.2984E-09 4.2984E-09 0.0000E+00 0.0000E+00 4.2984E-09 5.64E-06 5.85E-06   0.079 1.0000 6.9276E-06    807.342
11091.00 0.93867987 1.6960E-29 0.0000E+00 0.0000E+00 4.1813E-09 4.1813E-09 0.0000E+00 0.0000E+00 4.1813E-09 5.49E-06 5.67E-06   0.063 1.0000 6.6409E-06    806.833
11101.00 0.93809581 1.3572E-29 0.0000E+00 0.0000E+00 4.2829E-09 4.2829E-09 0.0000E+00 0.0000E+00 4.2829E-09 5.60E-06 5.80E-06   0.064 1.0000 6.9341E-06    808.431
11111.00 0.94250965 1.8369E-29 0.0000E+00 0.0000E+00 4.4453E-09 4.4453E-09 0.0000E+00 0.0000E+00 4.4453E-09 5.83E-06 5.99E-06   0.059 1.0000 6.9855E-06    810.575
11121.00 0.91514361 2.2805E-29 0.0000E+00 0.0000E+00 4.1660E-09 4.1660E-09 0.0000E+00 0.0000E+00 4.1660E-09 5.42E-06 5.64E-06   0.089 1.0000 7.1540E-06    808.534
11131.00 0.95490557 8.4523E-30 0.0000E+00 0.0000E+00 4.6017E-09 4.6017E-09 0.0000E+00 0.0000E+00 4.6017E-09 6.02E-06 6.17E-06   0.046 1.0000 7.1521E-06    813.238
11141.00 0.96550339 3.0553E-30 0.0000E+00 0.0000E+00 4.6106E-09 4.6106E-09 0.0000E+00 0.0000E+00 4.6106E-09 6.02E-06 6.16E-06   0.035 1.0000 7.1081E-06    813.936
11151.00 0.96671730 2.2735E-30 0.0000E+00 0.0000E+00 4.5849E-09 4.5849E-09 0.0000E+00 0.0000E+00 4.5849E-09 5.98E-06 6.11E-06   0.034 1.0000 7.1052E-06    814.325
11161.00 0.97701079 9.4652E-31 0.0000E+00 0.0000E+00 4.8413E-09 4.8413E-09 0.0000E+00 0.0000E+00 4.8413E-09 6.32E-06 6.43E-06   0.023 1.0000 7.2334E-06    817.200
11171.00 0.98346126 4.2077E-31 0.0000E+00 0.0000E+00 4.8061E-09 4.8061E-09 0.0000E+00 0.0000E+00 4.8061E-09 6.27E-06 6.36E-06   0.017 1.0000 7.0471E-06    817.517
11181.00 0.98736542 1.6833E-31 0.0000E+00 0.0000E+00 4.9249E-09 4.9249E-09 0.0000E+00 0.0000E+00 4.9249E-09 6.42E-06 6.50E-06   0.013 1.0000 7.0589E-06    819.155
11191.00 0.98620296 2.1931E-31 0.0000E+00 0.0000E+00 4.9933E-09 4.9933E-09 0.0000E+00 0.0000E+00 4.9933E-09 6.49E-06 6.58E-06   0.014 1.0000 7.1368E-06    820.351
11201.00 0.98753852 1.6849E-31 0.0000E+00 0.0000E+00 4.9349E-09 4.9349E-09 0.0000E+00 0.0000E+00 4.9349E-09 6.41E-06 6.48E-06   0.013 1.0000 6.9786E-06    820.481
11211.00 0.98741889 1.4990E-31 0.0000E+00 0.0000E+00 5.0573E-09 5.0573E-09 0.0000E+00 0.0000E+00 5.0573E-09 6.55E-06 6.63E-06   0.013 1.0000 7.1244E-06    822.127
11221.00 0.98909849 9.6787E-32 0.0000E+00 0.0000E+00 5.1165E-09 5.1165E-09 0.0000E+00 0.0000E+00 5.1165E-09 6.62E-06 6.69E-06   0.011 1.0000 7.1611E-06    823.236
11231.00 0.98850274 1.0359E-31 0.0000E+00 0.0000E+00 5.1545E-09 5.1545E-09 0.0000E+00 0.0000E+00 5.1545E-09 6.65E-06 6.73E-06   0.012 1.0000 7.2119E-06    824.168
11241.00 0.98860931 9.6371E-32 0.0000E+00 0.0000E+00 5.1174E-09 5.1174E-09 0.0000E+00 0.0000E+00 5.1174E-09 6.59E-06 6.67E-06   0.011 1.0000 7.1417E-06    824.486
11251.00 0.98885727 8.7326E-32 0.0000E+00 0.0000E+00 5.1427E-09 5.1427E-09 0.0000E+00 0.0000E+00 5.1427E-09 6.62E-06 6.69E-06   0.011 1.0000 7.1598E-06    825.315
11261.00 0.98833609 9.3272E-32 0.0000E+00 0.0000E+00 5.0975E-09 5.0975E-09 0.0000E+00 0.0000E+00 5.0975E-09 6.54E-06 6.62E-06   0.012 1.0000 7.1006E-06    825.565
11271.00 0.98879731 7.9445E-32 0.0000E+00 0.0000E+00 5.0254E-09 5.0254E-09 0.0000E+00 0.0000E+00 5.0254E-09 6.44E-06 6.51E-06   0.011 1.0000 6.9712E-06    825.586
11281.00 0.98842245 8.1560E-32 0.0000E+00 0.0000E+00 4.8599E-09 4.8599E-09 0.0000E+00 0.0000E+00 4.8599E-09 6.21E-06 6.29E-06   0.012 1.0000 6.7401E-06    824.801
11291.00 0.98854822 7.5718E-32 0.0000E+00 0.0000E+00 5.1504E-09 5.1504E-09 0.0000E+00 0.0000E+00 5.1504E-09 6.57E-06 6.65E-06   0.012 1.0000 7.1282E-06    827.863
11301.00 0.98901778 6.5095E-32 0.0000E+00 0.0000E+00 5.1738E-09 5.1738E-09 0.0000E+00 0.0000E+00 5.1738E-09 6.59E-06 6.67E-06   0.011 1.0000 7.1331E-06    828.675
11311.00 0.98890728 6.3111E-32 0.0000E+00 0.0000E+00 5.1117E-09 5.1117E-09 0.0000E+00 0.0000E+00 5.1117E-09 6.50E-06 6.57E-06   0.011 1.0000 7.0365E-06    828.787
11321.00 0.98894852 5.9547E-32 0.0000E+00 0.0000E+00 5.1832E-09 5.1832E-09 0.0000E+00 0.0000E+00 5.1832E-09 6.58E-06 6.65E-06   0.011 1.0000 7.1226E-06    829.994
11331.00 0.98888963 5.7124E-32 0.0000E+00 0.0000E+00 5.0842E-09 5.0842E-09 0.0000E+00 0.0000E+00 5.0842E-09 6.44E-06 6.51E-06   0.011 1.0000 6.9746E-06    829.800
11341.00 0.98888284 5.4385E-32 0.0000E+00 0.0000E+00 5.1792E-09 5.1792E-09 0.0000E+00 0.0000E+00 5.1792E-09 6.55E-06 6.62E-06   0.011 1.0000 7.0920E-06    831.203
11351.00 0.98890406 5.1450E-32 0.0000E+00 0.0000E+00 4.9062E-09 4.9062E-09 0.0000E+00 0.0000E+00 4.9062E-09 6.19E-06 6.26E-06   0.011 1.0000 6.7048E-06    829.536
11361.00 0.98890215 4.8906E-32 0.0000E+00 0.0000E+00 5.1966E-09 5.1966E-09 0.0000E+00 0.0000E+00 5.1966E-09 6.55E-06 6.62E-06   0.011 1.0000 7.0885E-06    832.587
11371.00 0.98895532 4.5988E-32 0.0000E+00 0.0000E+00 5.1386E-09 5.1386E-09 0.0000E+00 0.0000E+00 5.1386E-09 6.46E-06 6.53E-06   0.011 1.0000 6.9944E-06    832.732
11381.00 0.98892242 4.3953E-32 0.0000E+00 0.0000E+00 5.2699E-09 5.2699E-09 0.0000E+00 0.0000E+00 5.2699E-09 6.61E-06 6.69E-06   0.011 1.0000 7.1623E-06    834.424
11391.00 0.98891449 4.1821E-32 0.0000E+00 0.0000E+00 5.2351E-09 5.2351E-09 0.0000E+00 0.0000E+00 5.2351E-09 6.56E-06 6.63E-06   0.011 1.0000 7.1013E-06    834.764
11401.00 0.98889542 3.9870E-32 0.0000E+00 0.0000E+00 5.2580E-09 5.2580E-09 0.0000E+00 0.0000E+00 5.2580E-09 6.57E-06 6.65E-06   0.011 1.0000 7.1195E-06    835.570
11411.00 0.98887312 3.8031E-32 0.0000E+00 0.0000E+00 5.2452E-09 5.2452E-09 0.0000E+00 0.0000E+00 5.2452E-09 6.54E-06 6.62E-06   0.011 1.0000 7.0904E-06    836.087
11421.00 0.98886412 3.6193E-32 0.0000E+00 0.0000E+00 5.0979E-09 5.0979E-09 0.0000E+00 0.0000E+00 5.0979E-09 6.35E-06 6.42E-06   0.011 1.0000 6.8786E-06    835.496
11431.00 0.98884040 3.4531E-32 0.0000E+00 0.0000E+00 5.1889E-09 5.1889E-09 0.0000E+00 0.0000E+00 5.1889E-09 6.45E-06 6.52E-06   0.011 1.0000 6.9893E-06    836.868
11441.00 0.98881584 3.2952E-32 0.0000E+00 0.0000E+00 5.2266E-09 5.2266E-09 0.0000E+00 0.0000E+00 5.2266E-09 6.48E-06 6.56E-06   0.011 1.0000 7.0284E-06    837.798
11451.00 0.98880273 3.1381E-32 0.0000E+00 0.0000E+00 5.2788E-09 5.2788E-09 0.0000E+00 0.0000E+00 5.2788E-09 6.54E-06 6.61E-06   0.011 1.0000 7.0859E-06    838.842
11461.00 0.98878199 2.9925E-32 0.0000E+00 0.0000E+00 5.3475E-09 5.3475E-09 0.0000E+00 0.0000E+00 5.3475E-09 6.61E-06 6.68E-06   0.011 1.0000 7.1660E-06    840.016
11471.00 0.98876113 2.8536E-32 0.0000E+00 0.0000E+00 5.2670E-09 5.2670E-09 0.0000E+00 0.0000E+00 5.2670E-09 6.50E-06 6.57E-06   0.011 1.0000 7.0465E-06    839.988
11481.00 0.98873395 2.7244E-32 0.0000E+00 0.0000E+00 5.3069E-09 5.3069E-09 0.0000E+00 0.0000E+00 5.3069E-09 6.53E-06 6.61E-06   0.011 1.0000 7.0883E-06    840.931
11491.00 0.98871750 2.5958E-32 0.0000E+00 0.0000E+00 5.3106E-09 5.3106E-09 0.0000E+00 0.0000E+00 5.3106E-09 6.53E-06 6.60E-06   0.011 1.0000 7.0811E-06    841.582
11501.00 0.98869216 2.4773E-32 0.0000E+00 0.0000E+00 5.1908E-09 5.1908E-09 0.0000E+00 0.0000E+00 5.1908E-09 6.37E-06 6.44E-06   0.011 1.0000 6.9103E-06    841.225
11511.00 0.98867708 2.3599E-32 0.0000E+00 0.0000E+00 5.1672E-09 5.1672E-09 0.0000E+00 0.0000E+00 5.1672E-09 6.33E-06 6.40E-06   0.011 1.0000 6.8667E-06    841.650
11521.00 0.98865986 2.2489E-32 0.0000E+00 0.0000E+00 5.1949E-09 5.1949E-09 0.0000E+00 0.0000E+00 5.1949E-09 6.35E-06 6.42E-06   0.011 1.0000 6.8922E-06    842.498
11531.00 0.98863846 2.1447E-32 0.0000E+00 0.0000E+00 5.0090E-09 5.0090E-09 0.0000E+00 0.0000E+00 5.0090E-09 6.11E-06 6.18E-06   0.011 1.0000 6.6351E-06    841.560
11541.00 0.98861593 2.0456E-32 0.0000E+00 0.0000E+00 3.9905E-09 3.9905E-09 0.0000E+00 0.0000E+00 3.9905E-09 4.86E-06 4.91E-06   0.011 1.0000 5.2774E-06    832.580
11551.00 0.98859245 1.9515E-32 0.0000E+00 0.0000E+00 5.0823E-09 5.0823E-09 0.0000E+00 0.0000E+00 5.0823E-09 6.17E-06 6.25E-06   0.011 1.0000 6.7102E-06    843.419
11561.00 0.98856801 1.8620E-32 0.0000E+00 0.0000E+00 5.3471E-09 5.3471E-09 0.0000E+00 0.0000E+00 5.3471E-09 6.48E-06 6.56E-06   0.011 1.0000 7.0485E-06    846.218
11571.00 0.98855019 1.7745E-32 0.0000E+00 0.0000E+00 5.4539E-09 5.4539E-09 0.0000E+00 0.0000E+00 5.4539E-09 6.60E-06 6.68E-06   0.012 1.0000 7.1778E-06    847.691
11581.00 0.98852301 1.6939E-32 0.0000E+00 0.0000E+00 5.4267E-09 5.4267E-09 0.0000E+00 0.0000E+00 5.4267E-09 6.56E-06 6.63E-06   0.012 1.0000 7.1315E-06    848.096
11591.00 0.98848617 1.6196E-32 0.0000E+00 0.0000E+00 5.4361E-09 5.4361E-09 0.0000E+00 0.0000E+00 5.4361E-09 6.56E-06 6.63E-06   0.012 1.0000 7.1338E-06    848.792
11601.00 0.98847800 1.5410E-32 0.0000E+00 0.0000E+00 5.3567E-09 5.3567E-09 0.0000E+00 0.0000E+00 5.3567E-09 6.45E-06 6.52E-06   0.012 1.0000 7.0173E-06    848.776
11611.00 0.98843867 1.4739E-32 0.0000E+00 0.0000E+00 5.3569E-09 5.3569E-09 0.0000E+00 0.0000E+00 5.3569E-09 6.44E-06 6.51E-06   0.012 1.0000 7.0074E-06    849.398
11621.00 0.98841345 1.4065E-32 0.0000E+00 0.0000E+00 5.4184E-09 5.4184E-09 0.0000E+00 0.0000E+00 5.4184E-09 6.50E-06 6.57E-06   0.012 1.0000 7.0763E-06    850.511
11631.00 0.98835826 1.3488E-32 0.0000E+00 0.0000E+00 5.3873E-09 5.3873E-09 0.0000E+00 0.0000E+00 5.3873E-09 6.45E-06 6.52E-06   0.012 1.0000 7.0263E-06    850.882
11641.00 0.98828727 1.2977E-32 0.0000E+00 0.0000E+00 5.3860E-09 5.3860E-09 0.0000E+00 0.0000E+00 5.3860E-09 6.43E-06 6.51E-06   0.012 1.0000 7.0154E-06    851.492
11651.00 0.98827350 1.2355E-32 0.0000E+00 0.0000E+00 5.3955E-09 5.3955E-09 0.0000E+00 0.0000E+00 5.3955E-09 6.43E-06 6.51E-06   0.012 1.0000 7.0154E-06    852.188
11661.00 0.98812783 1.2035E-32 0.0000E+00 0.0000E+00 5.4957E-09 5.4957E-09 0.0000E+00 0.0000E+00 5.4957E-09 6.54E-06 6.62E-06   0.012 1.0000 7.1406E-06    853.607
11671.00 0.98816824 1.1361E-32 0.0000E+00 0.0000E+00 5.5169E-09 5.5169E-09 0.0000E+00 0.0000E+00 5.5169E-09 6.55E-06 6.63E-06   0.012 1.0000 7.1519E-06    854.394
11681.00 0.98804325 1.1024E-32 0.0000E+00 0.0000E+00 5.4321E-09 5.4321E-09 0.0000E+00 0.0000E+00 5.4321E-09 6.44E-06 6.52E-06   0.012 1.0000 7.0342E-06    854.341
11691.00 0.98795491 1.0638E-32 0.0000E+00 0.0000E+00 5.2699E-09 5.2699E-09 0.0000E+00 0.0000E+00 5.2699E-09 6.24E-06 6.31E-06   0.012 1.0000 6.8153E-06    853.646
11701.00 0.98786694 1.0288E-32 0.0000E+00 0.0000E+00 3.9531E-09 3.9531E-09 0.0000E+00 0.0000E+00 3.9531E-09 4.67E-06 4.73E-06   0.012 1.0000 5.1054E-06    841.980
11711.00 0.98760980 1.0214E-32 0.0000E+00 0.0000E+00 4.7267E-09 4.7267E-09 0.0000E+00 0.0000E+00 4.7267E-09 5.57E-06 5.64E-06   0.012 1.0000 6.0975E-06    850.191
11721.00 0.98779547 9.3708E-33 0.0000E+00 0.0000E+00 5.3928E-09 5.3928E-09 0.0000E+00 0.0000E+00 5.3928E-09 6.34E-06 6.42E-06   0.012 1.0000 6.9393E-06    856.504
11731.00 0.98748171 9.4354E-33 0.0000E+00 0.0000E+00 5.4819E-09 5.4819E-09 0.0000E+00 0.0000E+00 5.4819E-09 6.44E-06 6.52E-06   0.013 1.0000 7.0489E-06    857.837
11741.00 0.98686510 1.0041E-32 0.0000E+00 0.0000E+00 5.3227E-09 5.3227E-09 0.0000E+00 0.0000E+00 5.3227E-09 6.24E-06 6.32E-06   0.013 1.0000 6.8430E-06    857.174
11751.00 0.98720843 9.0146E-33 0.0000E+00 0.0000E+00 5.5238E-09 5.5238E-09 0.0000E+00 0.0000E+00 5.5238E-09 6.46E-06 6.54E-06   0.013 1.0000 7.0799E-06    859.409
11761.00 0.98764879 7.8398E-33 0.0000E+00 0.0000E+00 4.9072E-09 4.9072E-09 0.0000E+00 0.0000E+00 4.9072E-09 5.73E-06 5.80E-06   0.012 1.0000 6.2711E-06    854.886
11771.00 0.98738664 7.7969E-33 0.0000E+00 0.0000E+00 5.2703E-09 5.2703E-09 0.0000E+00 0.0000E+00 5.2703E-09 6.14E-06 6.22E-06   0.013 1.0000 6.7248E-06    858.599
11781.00 0.98718524 7.7380E-33 0.0000E+00 0.0000E+00 5.6045E-09 5.6045E-09 0.0000E+00 0.0000E+00 5.6045E-09 6.52E-06 6.60E-06   0.013 1.0000 7.1404E-06    861.903
11791.00 0.98721725 7.2782E-33 0.0000E+00 0.0000E+00 5.6107E-09 5.6107E-09 0.0000E+00 0.0000E+00 5.6107E-09 6.51E-06 6.60E-06   0.013 1.0000 7.1364E-06    862.572
11801.00 0.98775089 6.2617E-33 0.0000E+00 0.0000E+00 5.5040E-09 5.5040E-09 0.0000E+00 0.0000E+00 5.5040E-09 6.38E-06 6.46E-06   0.012 1.0000 6.9763E-06    862.350
11811.00 0.98744738 6.3257E-33 0.0000E+00 0.0000E+00 5.5282E-09 5.5282E-09 0.0000E+00 0.0000E+00 5.5282E-09 6.40E-06 6.48E-06   0.013 1.0000 7.0000E-06    863.162
11821.00 0.98721808 6.3022E-33 0.0000E+00 0.0000E+00 5.6256E-09 5.6256E-09 0.0000E+00 0.0000E+00 5.6256E-09 6.50E-06 6.58E-06   0.013 1.0000 7.1140E-06    864.548
11831.00 0.98727494 5.8155E-33 0.0000E+00 0.0000E+00 5.6258E-09 5.6258E-09 0.0000E+00 0.0000E+00 5.6258E-09 6.48E-06 6.57E-06   0.013 1.0000 7.1007E-06    865.170
11841.00 0.98676211 6.0457E-33 0.0000E+00 0.0000E+00 5.5648E-09 5.5648E-09 0.0000E+00 0.0000E+00 5.5648E-09 6.40E-06 6.49E-06   0.013 1.0000 7.0230E-06    865.310
11851.00 0.98585093 6.8449E-33 0.0000E+00 0.0000E+00 5.4960E-09 5.4960E-09 0.0000E+00 0.0000E+00 5.4960E-09 6.31E-06 6.40E-06   0.014 1.0000 6.9407E-06    865.382
11861.00 0.98641801 5.9029E-33 0.0000E+00 0.0000E+00 5.6239E-09 5.6239E-09 0.0000E+00 0.0000E+00 5.6239E-09 6.44E-06 6.53E-06   0.014 1.0000 7.0767E-06    867.014
11871.00 0.98679942 5.2135E-33 0.0000E+00 0.0000E+00 5.5940E-09 5.5940E-09 0.0000E+00 0.0000E+00 5.5940E-09 6.40E-06 6.48E-06   0.013 1.0000 7.0212E-06    867.398
11881.00 0.98562473 6.1368E-33 0.0000E+00 0.0000E+00 5.6339E-09 5.6339E-09 0.0000E+00 0.0000E+00 5.6339E-09 6.43E-06 6.52E-06   0.014 1.0000 7.0855E-06    868.330
11891.00 0.98572409 5.6739E-33 0.0000E+00 0.0000E+00 5.6836E-09 5.6836E-09 0.0000E+00 0.0000E+00 5.6836E-09 6.47E-06 6.57E-06   0.014 1.0000 7.1453E-06    869.338
11901.00 0.98660272 4.5902E-33 0.0000E+00 0.0000E+00 5.6696E-09 5.6696E-09 0.0000E+00 0.0000E+00 5.6696E-09 6.45E-06 6.54E-06   0.013 1.0000 7.0928E-06    869.848
11911.00 0.98657471 4.3663E-33 0.0000E+00 0.0000E+00 5.6513E-09 5.6513E-09 0.0000E+00 0.0000E+00 5.6513E-09 6.42E-06 6.50E-06   0.014 1.0000 7.0600E-06    870.325
11921.00 0.98579866 4.6795E-33 0.0000E+00 0.0000E+00 5.4765E-09 5.4765E-09 0.0000E+00 0.0000E+00 5.4765E-09 6.20E-06 6.29E-06   0.014 1.0000 6.8519E-06    869.557
11931.00 0.98653823 3.9548E-33 0.0000E+00 0.0000E+00 5.6805E-09 5.6805E-09 0.0000E+00 0.0000E+00 5.6805E-09 6.42E-06 6.51E-06   0.014 1.0000 7.0928E-06    871.792
11941.00 0.98619503 3.9731E-33 0.0000E+00 0.0000E+00 5.7137E-09 5.7137E-09 0.0000E+00 0.0000E+00 5.7137E-09 6.45E-06 6.54E-06   0.014 1.0000 7.1401E-06    872.670
11951.00 0.98621279 3.7999E-33 0.0000E+00 0.0000E+00 5.6453E-09 5.6453E-09 0.0000E+00 0.0000E+00 5.6453E-09 6.36E-06 6.45E-06   0.014 1.0000 7.0443E-06    872.755
11961.00 0.98570144 3.8439E-33 0.0000E+00 0.0000E+00 5.6772E-09 5.6772E-09 0.0000E+00 0.0000E+00 5.6772E-09 6.38E-06 6.47E-06   0.014 1.0000 7.1078E-06    873.624
11971.00 0.98596412 3.5207E-33 0.0000E+00 0.0000E+00 5.6850E-09 5.6850E-09 0.0000E+00 0.0000E+00 5.6850E-09 6.38E-06 6.47E-06   0.014 1.0000 7.0906E-06    874.304
11981.00 0.98546022 3.7420E-33 0.0000E+00 0.0000E+00 5.5989E-09 5.5989E-09 0.0000E+00 0.0000E+00 5.5989E-09 6.27E-06 6.36E-06   0.015 1.0000 6.9668E-06    874.246
11991.00 0.98332626 4.9133E-33 0.0000E+00 0.0000E+00 5.5487E-09 5.5487E-09 0.0000E+00 0.0000E+00 5.5487E-09 6.20E-06 6.30E-06   0.017 1.0000 6.9804E-06    874.465
12001.00 0.98325509 4.8159E-33 0.0000E+00 0.0000E+00 5.4791E-09 5.4791E-09 0.0000E+00 0.0000E+00 5.4791E-09 6.11E-06 6.21E-06   0.017 1.0000 6.8879E-06    874.524
12011.00 0.97714829 1.8923E-32 0.0000E+00 0.0000E+00 5.4927E-09 5.4927E-09 0.0000E+00 0.0000E+00 5.4927E-09 6.11E-06 6.22E-06   0.023 1.0000 6.9934E-06    875.252
12021.00 0.97543341 1.5881E-32 0.0000E+00 0.0000E+00 5.5190E-09 5.5190E-09 0.0000E+00 0.0000E+00 5.5190E-09 6.12E-06 6.24E-06   0.025 1.0000 7.0695E-06    876.082
12031.00 0.98028052 8.6905E-33 0.0000E+00 0.0000E+00 5.5530E-09 5.5530E-09 0.0000E+00 0.0000E+00 5.5530E-09 6.16E-06 6.26E-06   0.020 1.0000 6.9475E-06    876.973
12041.00 0.97186422 1.9354E-32 0.0000E+00 0.0000E+00 5.5217E-09 5.5217E-09 0.0000E+00 0.0000E+00 5.5217E-09 6.10E-06 6.22E-06   0.029 1.0000 7.0298E-06    877.340
12051.00 0.97315836 2.0627E-32 0.0000E+00 0.0000E+00 5.5355E-09 5.5355E-09 0.0000E+00 0.0000E+00 5.5355E-09 6.10E-06 6.23E-06   0.027 1.0000 7.0419E-06    878.069
12061.00 0.96324015 3.7395E-32 0.0000E+00 0.0000E+00 5.5090E-09 5.5090E-09 0.0000E+00 0.0000E+00 5.5090E-09 6.05E-06 6.20E-06   0.037 1.0000 7.1140E-06    878.473
12071.00 0.95944643 5.1004E-32 0.0000E+00 0.0000E+00 5.5505E-09 5.5505E-09 0.0000E+00 0.0000E+00 5.5505E-09 6.08E-06 6.24E-06   0.041 1.0000 7.1599E-06    879.425
12081.00 0.95135432 5.8731E-32 0.0000E+00 0.0000E+00 5.4302E-09 5.4302E-09 0.0000E+00 0.0000E+00 5.4302E-09 5.92E-06 6.11E-06   0.050 1.0000 7.1226E-06    879.067
12091.00 0.97688913 1.2497E-32 0.0000E+00 0.0000E+00 5.7652E-09 5.7652E-09 0.0000E+00 0.0000E+00 5.7652E-09 6.31E-06 6.44E-06   0.023 1.0000 7.1353E-06    882.355
12101.00 0.96684420 2.5191E-32 0.0000E+00 0.0000E+00 5.6566E-09 5.6566E-09 0.0000E+00 0.0000E+00 5.6566E-09 6.17E-06 6.32E-06   0.034 1.0000 7.1283E-06    882.124
12111.00 0.96473420 3.2624E-32 0.0000E+00 0.0000E+00 5.6123E-09 5.6123E-09 0.0000E+00 0.0000E+00 5.6123E-09 6.11E-06 6.26E-06   0.036 1.0000 7.0848E-06    882.391
12121.00 0.97767037 1.1687E-32 0.0000E+00 0.0000E+00 5.7214E-09 5.7214E-09 0.0000E+00 0.0000E+00 5.7214E-09 6.24E-06 6.35E-06   0.023 1.0000 7.0243E-06    883.869
12131.00 0.97066724 1.7645E-32 0.0000E+00 0.0000E+00 5.6634E-09 5.6634E-09 0.0000E+00 0.0000E+00 5.6634E-09 6.15E-06 6.29E-06   0.030 1.0000 7.0679E-06    884.031
12141.00 0.95332187 4.5354E-32 0.0000E+00 0.0000E+00 5.3217E-09 5.3217E-09 0.0000E+00 0.0000E+00 5.3217E-09 5.75E-06 5.91E-06   0.048 1.0000 6.9714E-06    881.870
12151.00 0.90874666 1.2556E-31 0.0000E+00 0.0000E+00 4.8131E-09 4.8131E-09 0.0000E+00 0.0000E+00 4.8131E-09 5.14E-06 5.40E-06   0.096 1.0000 7.0361E-06    878.035
12161.00 0.96454793 2.1208E-32 0.0000E+00 0.0000E+00 5.4690E-09 5.4690E-09 0.0000E+00 0.0000E+00 5.4690E-09 5.89E-06 6.05E-06   0.036 1.0000 6.9045E-06    884.322
12171.00 0.97229856 1.0952E-32 0.0000E+00 0.0000E+00 5.6224E-09 5.6224E-09 0.0000E+00 0.0000E+00 5.6224E-09 6.06E-06 6.20E-06   0.028 1.0000 6.9343E-06    886.177
12181.00 0.98069924 3.6898E-33 0.0000E+00 0.0000E+00 5.7490E-09 5.7490E-09 0.0000E+00 0.0000E+00 5.7490E-09 6.20E-06 6.31E-06   0.019 1.0000 6.9604E-06    887.794
12191.00 0.94965363 4.5300E-32 0.0000E+00 0.0000E+00 5.3872E-09 5.3872E-09 0.0000E+00 0.0000E+00 5.3872E-09 5.75E-06 5.95E-06   0.052 1.0000 6.9001E-06    885.498
12201.00 0.94210082 6.9013E-32 0.0000E+00 0.0000E+00 5.2932E-09 5.2932E-09 0.0000E+00 0.0000E+00 5.2932E-09 5.65E-06 5.83E-06   0.060 1.0000 6.8274E-06    885.327
12211.00 0.94570750 5.1042E-32 0.0000E+00 0.0000E+00 5.4127E-09 5.4127E-09 0.0000E+00 0.0000E+00 5.4127E-09 5.76E-06 5.95E-06   0.056 1.0000 6.9594E-06    886.942
12221.00 0.93672097 4.5628E-32 0.0000E+00 0.0000E+00 5.2428E-09 5.2428E-09 0.0000E+00 0.0000E+00 5.2428E-09 5.55E-06 5.78E-06   0.065 1.0000 6.9415E-06    886.131
12231.00 0.95121187 3.5737E-32 0.0000E+00 0.0000E+00 5.5597E-09 5.5597E-09 0.0000E+00 0.0000E+00 5.5597E-09 5.90E-06 6.08E-06   0.050 1.0000 7.1216E-06    889.377
12241.00 0.94419229 3.7352E-32 0.0000E+00 0.0000E+00 5.4018E-09 5.4018E-09 0.0000E+00 0.0000E+00 5.4018E-09 5.72E-06 5.91E-06   0.057 1.0000 7.0928E-06    888.700
12251.00 0.94693339 3.1025E-32 0.0000E+00 0.0000E+00 5.4180E-09 5.4180E-09 0.0000E+00 0.0000E+00 5.4180E-09 5.74E-06 5.91E-06   0.055 1.0000 7.0794E-06    889.450
12261.00 0.96282440 8.6220E-33 0.0000E+00 0.0000E+00 5.5560E-09 5.5560E-09 0.0000E+00 0.0000E+00 5.5560E-09 5.88E-06 6.04E-06   0.038 1.0000 7.0894E-06    891.198
12271.00 0.97047436 4.4786E-33 0.0000E+00 0.0000E+00 5.6238E-09 5.6238E-09 0.0000E+00 0.0000E+00 5.6238E-09 5.94E-06 6.09E-06   0.030 1.0000 7.0956E-06    892.361
12281.00 0.97689950 2.5363E-33 0.0000E+00 0.0000E+00 5.7711E-09 5.7711E-09 0.0000E+00 0.0000E+00 5.7711E-09 6.11E-06 6.23E-06   0.023 1.0000 7.1191E-06    894.146
12291.00 0.97566545 2.8881E-33 0.0000E+00 0.0000E+00 5.7610E-09 5.7610E-09 0.0000E+00 0.0000E+00 5.7610E-09 6.08E-06 6.21E-06   0.025 1.0000 7.1358E-06    894.684
12301.00 0.98376983 9.0742E-34 0.0000E+00 0.0000E+00 5.9469E-09 5.9469E-09 0.0000E+00 0.0000E+00 5.9469E-09 6.28E-06 6.38E-06   0.016 1.0000 7.1019E-06    896.742
12311.00 0.98354673 8.6312E-34 0.0000E+00 0.0000E+00 5.9762E-09 5.9762E-09 0.0000E+00 0.0000E+00 5.9762E-09 6.30E-06 6.40E-06   0.017 1.0000 7.1036E-06    897.584
12321.00 0.98338103 8.4940E-34 0.0000E+00 0.0000E+00 5.9779E-09 5.9779E-09 0.0000E+00 0.0000E+00 5.9779E-09 6.29E-06 6.39E-06   0.017 1.0000 7.0841E-06    898.215
12331.00 0.98502433 6.3089E-34 0.0000E+00 0.0000E+00 6.0401E-09 6.0401E-09 0.0000E+00 0.0000E+00 6.0401E-09 6.35E-06 6.44E-06   0.015 1.0000 7.1024E-06    899.305
12341.00 0.98513275 5.8916E-34 0.0000E+00 0.0000E+00 5.9921E-09 5.9921E-09 0.0000E+00 0.0000E+00 5.9921E-09 6.29E-06 6.38E-06   0.015 1.0000 7.0116E-06    899.560
12351.00 0.98352468 7.2108E-34 0.0000E+00 0.0000E+00 5.9133E-09 5.9133E-09 0.0000E+00 0.0000E+00 5.9133E-09 6.19E-06 6.29E-06   0.017 1.0000 6.9247E-06    899.574
12361.00 0.98491442 5.5190E-34 0.0000E+00 0.0000E+00 5.9922E-09 5.9922E-09 0.0000E+00 0.0000E+00 5.9922E-09 6.26E-06 6.36E-06   0.015 1.0000 6.9793E-06    900.797
12371.00 0.98509812 5.0583E-34 0.0000E+00 0.0000E+00 6.0465E-09 6.0465E-09 0.0000E+00 0.0000E+00 6.0465E-09 6.31E-06 6.40E-06   0.015 1.0000 7.0253E-06    901.826
12381.00 0.98558342 4.5010E-34 0.0000E+00 0.0000E+00 6.0776E-09 6.0776E-09 0.0000E+00 0.0000E+00 6.0776E-09 6.33E-06 6.42E-06   0.015 1.0000 7.0369E-06    902.679
12391.00 0.98536384 4.5067E-34 0.0000E+00 0.0000E+00 6.1257E-09 6.1257E-09 0.0000E+00 0.0000E+00 6.1257E-09 6.37E-06 6.46E-06   0.015 1.0000 7.0840E-06    903.659
12401.00 0.98599970 3.7627E-34 0.0000E+00 0.0000E+00 6.1928E-09 6.1928E-09 0.0000E+00 0.0000E+00 6.1928E-09 6.43E-06 6.52E-06   0.014 1.0000 7.1455E-06    904.776
12411.00 0.98607063 3.5319E-34 0.0000E+00 0.0000E+00 6.1619E-09 6.1619E-09 0.0000E+00 0.0000E+00 6.1619E-09 6.39E-06 6.48E-06   0.014 1.0000 7.0929E-06    905.165
12421.00 0.98503649 4.0975E-34 0.0000E+00 0.0000E+00 5.9795E-09 5.9795E-09 0.0000E+00 0.0000E+00 5.9795E-09 6.18E-06 6.28E-06   0.015 1.0000 6.8849E-06    904.407
12431.00 0.98367375 4.6650E-34 0.0000E+00 0.0000E+00 6.0985E-09 6.0985E-09 0.0000E+00 0.0000E+00 6.0985E-09 6.29E-06 6.39E-06   0.016 1.0000 7.0471E-06    905.927
12441.00 0.98330975 4.6194E-34 0.0000E+00 0.0000E+00 6.1387E-09 6.1387E-09 0.0000E+00 0.0000E+00 6.1387E-09 6.32E-06 6.42E-06   0.017 1.0000 7.0810E-06    906.847
12451.00 0.98378348 4.0510E-34 0.0000E+00 0.0000E+00 6.0730E-09 6.0730E-09 0.0000E+00 0.0000E+00 6.0730E-09 6.24E-06 6.34E-06   0.016 1.0000 6.9937E-06    906.970
12461.00 0.98247951 4.5473E-34 0.0000E+00 0.0000E+00 6.1395E-09 6.1395E-09 0.0000E+00 0.0000E+00 6.1395E-09 6.29E-06 6.41E-06   0.018 1.0000 7.0759E-06    908.089
12471.00 0.98383379 3.7051E-34 0.0000E+00 0.0000E+00 6.2021E-09 6.2021E-09 0.0000E+00 0.0000E+00 6.2021E-09 6.35E-06 6.45E-06   0.016 1.0000 7.1120E-06    909.174
12481.00 0.98218185 4.7083E-34 0.0000E+00 0.0000E+00 6.1776E-09 6.1776E-09 0.0000E+00 0.0000E+00 6.1776E-09 6.31E-06 6.42E-06   0.018 1.0000 7.1032E-06    909.610
12491.00 0.98262852 4.3225E-34 0.0000E+00 0.0000E+00 6.1453E-09 6.1453E-09 0.0000E+00 0.0000E+00 6.1453E-09 6.27E-06 6.38E-06   0.018 1.0000 7.0410E-06    909.986
12501.00 0.98283434 3.9387E-34 0.0000E+00 0.0000E+00 6.0905E-09 6.0905E-09 0.0000E+00 0.0000E+00 6.0905E-09 6.20E-06 6.31E-06   0.017 1.0000 6.9583E-06    910.191
12511.00 0.98472214 2.6094E-34 0.0000E+00 0.0000E+00 6.2693E-09 6.2693E-09 0.0000E+00 0.0000E+00 6.2693E-09 6.38E-06 6.48E-06   0.015 1.0000 7.1163E-06    912.144
12521.00 0.98325521 3.2294E-34 0.0000E+00 0.0000E+00 6.2534E-09 6.2534E-09 0.0000E+00 0.0000E+00 6.2534E-09 6.35E-06 6.45E-06   0.017 1.0000 7.1113E-06    912.645
12531.00 0.98531336 2.1471E-34 0.0000E+00 0.0000E+00 6.2796E-09 6.2796E-09 0.0000E+00 0.0000E+00 6.2796E-09 6.37E-06 6.46E-06   0.015 1.0000 7.0974E-06    913.457
12541.00 0.98335391 2.8830E-34 0.0000E+00 0.0000E+00 6.2544E-09 6.2544E-09 0.0000E+00 0.0000E+00 6.2544E-09 6.32E-06 6.43E-06   0.017 1.0000 7.0882E-06    913.888
12551.00 0.98204547 3.1163E-34 0.0000E+00 0.0000E+00 6.2385E-09 6.2385E-09 0.0000E+00 0.0000E+00 6.2385E-09 6.29E-06 6.41E-06   0.018 1.0000 7.0994E-06    914.389
12561.00 0.97944522 4.2252E-34 0.0000E+00 0.0000E+00 6.1709E-09 6.1709E-09 0.0000E+00 0.0000E+00 6.1709E-09 6.21E-06 6.33E-06   0.021 1.0000 7.0428E-06    914.502
12571.00 0.98432529 2.0638E-34 0.0000E+00 0.0000E+00 6.2754E-09 6.2754E-09 0.0000E+00 0.0000E+00 6.2754E-09 6.31E-06 6.41E-06   0.016 1.0000 7.0580E-06    915.898
12581.00 0.98481041 1.8098E-34 0.0000E+00 0.0000E+00 6.0748E-09 6.0748E-09 0.0000E+00 0.0000E+00 6.0748E-09 6.10E-06 6.20E-06   0.015 1.0000 6.8119E-06    915.010
12591.00 0.98543608 1.5568E-34 0.0000E+00 0.0000E+00 6.1158E-09 6.1158E-09 0.0000E+00 0.0000E+00 6.1158E-09 6.14E-06 6.23E-06   0.015 1.0000 6.8345E-06    915.939
12601.00 0.98449099 1.8303E-34 0.0000E+00 0.0000E+00 6.1088E-09 6.1088E-09 0.0000E+00 0.0000E+00 6.1088E-09 6.11E-06 6.21E-06   0.016 1.0000 6.8321E-06    916.503
12611.00 0.98100054 3.0703E-34 0.0000E+00 0.0000E+00 6.2306E-09 6.2306E-09 0.0000E+00 0.0000E+00 6.2306E-09 6.22E-06 6.33E-06   0.019 1.0000 7.0130E-06    918.036
12621.00 0.98097599 2.8360E-34 0.0000E+00 0.0000E+00 6.2373E-09 6.2373E-09 0.0000E+00 0.0000E+00 6.2373E-09 6.21E-06 6.33E-06   0.019 1.0000 7.0117E-06    918.704
12631.00 0.98283547 1.9131E-34 0.0000E+00 0.0000E+00 6.1774E-09 6.1774E-09 0.0000E+00 0.0000E+00 6.1774E-09 6.15E-06 6.25E-06   0.017 1.0000 6.9099E-06    918.872
12641.00 0.98135239 2.2548E-34 0.0000E+00 0.0000E+00 6.2818E-09 6.2818E-09 0.0000E+00 0.0000E+00 6.2818E-09 6.23E-06 6.35E-06   0.019 1.0000 7.0438E-06    920.269
12651.00 0.98249143 1.8595E-34 0.0000E+00 0.0000E+00 6.3449E-09 6.3449E-09 0.0000E+00 0.0000E+00 6.3449E-09 6.29E-06 6.40E-06   0.018 1.0000 7.0958E-06    921.352
12661.00 0.98121887 2.0249E-34 0.0000E+00 0.0000E+00 6.3181E-09 6.3181E-09 0.0000E+00 0.0000E+00 6.3181E-09 6.25E-06 6.36E-06   0.019 1.0000 7.0839E-06    921.773
12671.00 0.98352915 1.3465E-34 0.0000E+00 0.0000E+00 6.3930E-09 6.3930E-09 0.0000E+00 0.0000E+00 6.3930E-09 6.32E-06 6.42E-06   0.017 1.0000 7.1204E-06    922.940
12681.00 0.98491371 1.0412E-34 0.0000E+00 0.0000E+00 6.4037E-09 6.4037E-09 0.0000E+00 0.0000E+00 6.4037E-09 6.32E-06 6.42E-06   0.015 1.0000 7.0842E-06    923.636
12691.00 0.98491871 9.9142E-35 0.0000E+00 0.0000E+00 6.3766E-09 6.3766E-09 0.0000E+00 0.0000E+00 6.3766E-09 6.28E-06 6.38E-06   0.015 1.0000 7.0488E-06    924.056
12701.00 0.98536980 8.7889E-35 0.0000E+00 0.0000E+00 6.4424E-09 6.4424E-09 0.0000E+00 0.0000E+00 6.4424E-09 6.34E-06 6.43E-06   0.015 1.0000 7.0968E-06    925.154
12711.00 0.98539698 8.3130E-35 0.0000E+00 0.0000E+00 6.4915E-09 6.4915E-09 0.0000E+00 0.0000E+00 6.4915E-09 6.37E-06 6.47E-06   0.015 1.0000 7.1406E-06    926.128
12721.00 0.98581159 7.4211E-35 0.0000E+00 0.0000E+00 6.3894E-09 6.3894E-09 0.0000E+00 0.0000E+00 6.3894E-09 6.26E-06 6.35E-06   0.014 1.0000 6.9992E-06    926.002
12731.00 0.98578358 7.0765E-35 0.0000E+00 0.0000E+00 6.3872E-09 6.3872E-09 0.0000E+00 0.0000E+00 6.3872E-09 6.25E-06 6.34E-06   0.014 1.0000 6.9861E-06    926.603
12741.00 0.98576134 6.7442E-35 0.0000E+00 0.0000E+00 6.5030E-09 6.5030E-09 0.0000E+00 0.0000E+00 6.5030E-09 6.35E-06 6.45E-06   0.014 1.0000 7.1028E-06    928.064
12751.00 0.98580563 6.3630E-35 0.0000E+00 0.0000E+00 6.4980E-09 6.4980E-09 0.0000E+00 0.0000E+00 6.4980E-09 6.34E-06 6.43E-06   0.014 1.0000 7.0859E-06    928.646
12761.00 0.98577261 6.0722E-35 0.0000E+00 0.0000E+00 6.3429E-09 6.3429E-09 0.0000E+00 0.0000E+00 6.3429E-09 6.18E-06 6.26E-06   0.014 1.0000 6.9058E-06    928.128
12771.00 0.98578095 5.7609E-35 0.0000E+00 0.0000E+00 6.4721E-09 6.4721E-09 0.0000E+00 0.0000E+00 6.4721E-09 6.29E-06 6.38E-06   0.014 1.0000 7.0362E-06    929.693
12781.00 0.98574287 5.5007E-35 0.0000E+00 0.0000E+00 6.5536E-09 6.5536E-09 0.0000E+00 0.0000E+00 6.5536E-09 6.36E-06 6.45E-06   0.014 1.0000 7.1156E-06    930.900
12791.00 0.98573202 5.2328E-35 0.0000E+00 0.0000E+00 6.5662E-09 6.5662E-09 0.0000E+00 0.0000E+00 6.5662E-09 6.36E-06 6.45E-06   0.014 1.0000 7.1190E-06    931.608
12801.00 0.98571736 4.9803E-35 0.0000E+00 0.0000E+00 6.4675E-09 6.4675E-09 0.0000E+00 0.0000E+00 6.4675E-09 6.25E-06 6.34E-06   0.014 1.0000 7.0016E-06    931.511
12811.00 0.98567545 4.7583E-35 0.0000E+00 0.0000E+00 6.5535E-09 6.5535E-09 0.0000E+00 0.0000E+00 6.5535E-09 6.32E-06 6.42E-06   0.014 1.0000 7.0852E-06    932.752
12821.00 0.98566461 4.5262E-35 0.0000E+00 0.0000E+00 6.4852E-09 6.4852E-09 0.0000E+00 0.0000E+00 6.4852E-09 6.25E-06 6.34E-06   0.014 1.0000 7.0007E-06    932.875
12831.00 0.98561913 4.3266E-35 0.0000E+00 0.0000E+00 6.5738E-09 6.5738E-09 0.0000E+00 0.0000E+00 6.5738E-09 6.32E-06 6.41E-06   0.014 1.0000 7.0866E-06    934.133
12841.00 0.98561835 4.1097E-35 0.0000E+00 0.0000E+00 6.6047E-09 6.6047E-09 0.0000E+00 0.0000E+00 6.6047E-09 6.34E-06 6.43E-06   0.014 1.0000 7.1081E-06    934.973
12851.00 0.98559219 3.9176E-35 0.0000E+00 0.0000E+00 6.6087E-09 6.6087E-09 0.0000E+00 0.0000E+00 6.6087E-09 6.33E-06 6.42E-06   0.015 1.0000 7.1013E-06    935.618
12861.00 0.98556930 3.7329E-35 0.0000E+00 0.0000E+00 6.4855E-09 6.4855E-09 0.0000E+00 0.0000E+00 6.4855E-09 6.20E-06 6.29E-06   0.015 1.0000 6.9577E-06    935.346
12871.00 0.98555130 3.5543E-35 0.0000E+00 0.0000E+00 6.6421E-09 6.6421E-09 0.0000E+00 0.0000E+00 6.6421E-09 6.34E-06 6.43E-06   0.015 1.0000 7.1139E-06    937.093
12881.00 0.98552680 3.3873E-35 0.0000E+00 0.0000E+00 6.6392E-09 6.6392E-09 0.0000E+00 0.0000E+00 6.6392E-09 6.33E-06 6.42E-06   0.015 1.0000 7.0994E-06    937.689
12891.00 0.98549932 3.2296E-35 0.0000E+00 0.0000E+00 6.6450E-09 6.6450E-09 0.0000E+00 0.0000E+00 6.6450E-09 6.32E-06 6.42E-06   0.015 1.0000 7.0944E-06    938.348
12901.00 0.98547846 3.0763E-35 0.0000E+00 0.0000E+00 6.3360E-09 6.3360E-09 0.0000E+00 0.0000E+00 6.3360E-09 6.02E-06 6.11E-06   0.015 1.0000 6.7536E-06    936.710
12911.00 0.98545057 2.9331E-35 0.0000E+00 0.0000E+00 6.4918E-09 6.4918E-09 0.0000E+00 0.0000E+00 6.4918E-09 6.15E-06 6.25E-06   0.015 1.0000 6.9089E-06    938.476
12921.00 0.98543036 2.7936E-35 0.0000E+00 0.0000E+00 6.6864E-09 6.6864E-09 0.0000E+00 0.0000E+00 6.6864E-09 6.33E-06 6.42E-06   0.015 1.0000 7.1049E-06    940.496
12931.00 0.98540419 2.6629E-35 0.0000E+00 0.0000E+00 6.6576E-09 6.6576E-09 0.0000E+00 0.0000E+00 6.6576E-09 6.29E-06 6.38E-06   0.015 1.0000 7.0646E-06    940.907
12941.00 0.98537683 2.5387E-35 0.0000E+00 0.0000E+00 6.5050E-09 6.5050E-09 0.0000E+00 0.0000E+00 6.5050E-09 6.13E-06 6.23E-06   0.015 1.0000 6.8949E-06    940.422
12951.00 0.98535293 2.4191E-35 0.0000E+00 0.0000E+00 6.6019E-09 6.6019E-09 0.0000E+00 0.0000E+00 6.6019E-09 6.21E-06 6.31E-06   0.015 1.0000 6.9877E-06    941.742
12961.00 0.98532689 2.3058E-35 0.0000E+00 0.0000E+00 6.5222E-09 6.5222E-09 0.0000E+00 0.0000E+00 6.5222E-09 6.13E-06 6.22E-06   0.015 1.0000 6.8945E-06    941.781
12971.00 0.98529696 2.1990E-35 0.0000E+00 0.0000E+00 6.6529E-09 6.6529E-09 0.0000E+00 0.0000E+00 6.6529E-09 6.24E-06 6.33E-06   0.015 1.0000 7.0270E-06    943.343
12981.00 0.98524040 2.1047E-35 0.0000E+00 0.0000E+00 6.6084E-09 6.6084E-09 0.0000E+00 0.0000E+00 6.6084E-09 6.19E-06 6.28E-06   0.015 1.0000 6.9958E-06    943.639
12991.00 0.98512596 2.0311E-35 0.0000E+00 0.0000E+00 6.5574E-09 6.5574E-09 0.0000E+00 0.0000E+00 6.5574E-09 6.13E-06 6.22E-06   0.015 1.0000 6.9674E-06    943.887
13001.00 0.98482555 2.0137E-35 0.0000E+00 0.0000E+00 6.5354E-09 6.5354E-09 0.0000E+00 0.0000E+00 6.5354E-09 6.10E-06 6.19E-06   0.015 1.0000 6.9977E-06    944.343
13011.00 0.98386681 2.2204E-35 0.0000E+00 0.0000E+00 6.5515E-09 6.5515E-09 0.0000E+00 0.0000E+00 6.5515E-09 6.10E-06 6.20E-06   0.016 1.0000 7.0635E-06    945.077
13021.00 0.98113763 3.3375E-35 0.0000E+00 0.0000E+00 6.4039E-09 6.4039E-09 0.0000E+00 0.0000E+00 6.4039E-09 5.95E-06 6.05E-06   0.019 1.0000 7.0503E-06    944.606
13031.00 0.97544885 7.3140E-35 0.0000E+00 0.0000E+00 6.2865E-09 6.2865E-09 0.0000E+00 0.0000E+00 6.2865E-09 5.83E-06 5.93E-06   0.025 1.0000 7.0771E-06    944.341
13041.00 0.96366179 2.2713E-34 0.0000E+00 0.0000E+00 5.7219E-09 5.7219E-09 0.0000E+00 0.0000E+00 5.7219E-09 5.30E-06 5.39E-06   0.037 1.0000 6.7057E-06    940.499
13051.00 0.95237482 4.1781E-34 0.0000E+00 0.0000E+00 5.3592E-09 5.3592E-09 0.0000E+00 0.0000E+00 5.3592E-09 4.94E-06 5.05E-06   0.049 1.0000 6.6213E-06    938.033
13061.00 0.92811924 1.1451E-33 0.0000E+00 0.0000E+00 5.0701E-09 5.0701E-09 0.0000E+00 0.0000E+00 5.0701E-09 4.66E-06 4.78E-06   0.075 1.0000 6.8845E-06    936.052
13071.00 0.88858092 2.8339E-33 0.0000E+00 0.0000E+00 4.6277E-09 4.6277E-09 0.0000E+00 0.0000E+00 4.6277E-09 4.23E-06 4.37E-06   0.118 1.0000 7.1115E-06    932.421
13081.00 0.85633296 4.4714E-33 0.0000E+00 0.0000E+00 4.0744E-09 4.0744E-09 0.0000E+00 0.0000E+00 4.0744E-09 3.70E-06 3.86E-06   0.155 1.0000 7.1104E-06    927.175
13091.00 0.80760866 6.6661E-33 0.0000E+00 0.0000E+00 3.4068E-09 3.4068E-09 0.0000E+00 0.0000E+00 3.4068E-09 3.06E-06 3.25E-06   0.214 1.0000 7.1062E-06    919.673
13101.00 0.77133054 8.6523E-33 0.0000E+00 0.0000E+00 3.0204E-09 3.0204E-09 0.0000E+00 0.0000E+00 3.0204E-09 2.69E-06 2.90E-06   0.260 1.0000 7.1028E-06    914.896
13111.00 0.77515525 7.9739E-33 0.0000E+00 0.0000E+00 3.1876E-09 3.1876E-09 0.0000E+00 0.0000E+00 3.1876E-09 2.83E-06 3.05E-06   0.255 1.0000 7.0290E-06    917.892
13121.00 0.87840545 3.3417E-33 0.0000E+00 0.0000E+00 4.6318E-09 4.6318E-09 0.0000E+00 0.0000E+00 4.6318E-09 4.18E-06 4.36E-06   0.130 1.0000 6.7816E-06    935.498
13131.00 0.76470965 5.9368E-33 0.0000E+00 0.0000E+00 2.8896E-09 2.8896E-09 0.0000E+00 0.0000E+00 2.8896E-09 2.55E-06 2.77E-06   0.268 1.0000 6.9749E-06    914.720
13141.00 0.67342037 8.8991E-33 0.0000E+00 0.0000E+00 1.4866E-09 1.4866E-09 0.0000E+00 0.0000E+00 1.4866E-09 1.27E-06 1.46E-06   0.395 1.0000 7.0062E-06    886.782
13151.00 0.68854350 7.6867E-33 0.0000E+00 0.0000E+00 1.5834E-09 1.5834E-09 0.0000E+00 0.0000E+00 1.5834E-09 1.38E-06 1.52E-06   0.373 1.0000 6.9759E-06    889.995
13161.00 0.86512160 1.6020E-33 0.0000E+00 0.0000E+00 3.3877E-09 3.3877E-09 0.0000E+00 0.0000E+00 3.3877E-09 3.04E-06 3.15E-06   0.145 1.0000 7.0394E-06    923.616
13171.00 0.97859532 3.2104E-35 0.0000E+00 0.0000E+00 6.4891E-09 6.4891E-09 0.0000E+00 0.0000E+00 6.4891E-09 5.87E-06 5.97E-06   0.022 1.0000 7.0248E-06    954.471
13181.00 0.98470634 8.0430E-36 0.0000E+00 0.0000E+00 6.7104E-09 6.7104E-09 0.0000E+00 0.0000E+00 6.7104E-09 6.07E-06 6.16E-06   0.015 1.0000 6.8540E-06    956.701
13191.00 0.98474103 7.6036E-36 0.0000E+00 0.0000E+00 6.8874E-09 6.8874E-09 0.0000E+00 0.0000E+00 6.8874E-09 6.22E-06 6.31E-06   0.015 1.0000 7.0170E-06    958.576
13201.00 0.98472875 7.2328E-36 0.0000E+00 0.0000E+00 6.8598E-09 6.8598E-09 0.0000E+00 0.0000E+00 6.8598E-09 6.18E-06 6.28E-06   0.015 1.0000 6.9786E-06    958.998
13211.00 0.98471016 6.8860E-36 0.0000E+00 0.0000E+00 6.8685E-09 6.8685E-09 0.0000E+00 0.0000E+00 6.8685E-09 6.18E-06 6.27E-06   0.015 1.0000 6.9776E-06    959.676
13221.00 0.98467964 6.5659E-36 0.0000E+00 0.0000E+00 6.8561E-09 6.8561E-09 0.0000E+00 0.0000E+00 6.8561E-09 6.16E-06 6.25E-06   0.015 1.0000 6.9558E-06    960.204
13231.00 0.98464346 6.2657E-36 0.0000E+00 0.0000E+00 6.8281E-09 6.8281E-09 0.0000E+00 0.0000E+00 6.8281E-09 6.12E-06 6.22E-06   0.015 1.0000 6.9184E-06    960.622
13241.00 0.98461860 5.9698E-36 0.0000E+00 0.0000E+00 6.9510E-09 6.9510E-09 0.0000E+00 0.0000E+00 6.9510E-09 6.22E-06 6.32E-06   0.016 1.0000 7.0339E-06    962.105
13251.00 0.98459357 5.6885E-36 0.0000E+00 0.0000E+00 6.9801E-09 6.9801E-09 0.0000E+00 0.0000E+00 6.9801E-09 6.24E-06 6.33E-06   0.016 1.0000 7.0541E-06    962.924
13261.00 0.98455489 5.4299E-36 0.0000E+00 0.0000E+00 7.0100E-09 7.0100E-09 0.0000E+00 0.0000E+00 7.0100E-09 6.25E-06 6.35E-06   0.016 1.0000 7.0756E-06    963.749
13271.00 0.98453408 5.1708E-36 0.0000E+00 0.0000E+00 6.9465E-09 6.9465E-09 0.0000E+00 0.0000E+00 6.9465E-09 6.18E-06 6.28E-06   0.016 1.0000 7.0026E-06    963.922
13281.00 0.98450255 4.9310E-36 0.0000E+00 0.0000E+00 6.8940E-09 6.8940E-09 0.0000E+00 0.0000E+00 6.8940E-09 6.13E-06 6.22E-06   0.016 1.0000 6.9412E-06    964.169
13291.00 0.98447722 4.6984E-36 0.0000E+00 0.0000E+00 6.8779E-09 6.8779E-09 0.0000E+00 0.0000E+00 6.8779E-09 6.10E-06 6.20E-06   0.016 1.0000 6.9165E-06    964.672
13301.00 0.98442698 4.4913E-36 0.0000E+00 0.0000E+00 6.9784E-09 6.9784E-09 0.0000E+00 0.0000E+00 6.9784E-09 6.18E-06 6.28E-06   0.016 1.0000 7.0096E-06    965.995
13311.00 0.98441780 4.2703E-36 0.0000E+00 0.0000E+00 6.7743E-09 6.7743E-09 0.0000E+00 0.0000E+00 6.7743E-09 5.99E-06 6.08E-06   0.016 1.0000 6.7959E-06    965.165
13321.00 0.98435932 4.0865E-36 0.0000E+00 0.0000E+00 6.9904E-09 6.9904E-09 0.0000E+00 0.0000E+00 6.9904E-09 6.17E-06 6.27E-06   0.016 1.0000 7.0050E-06    967.311
13331.00 0.98435128 3.8851E-36 0.0000E+00 0.0000E+00 6.9350E-09 6.9350E-09 0.0000E+00 0.0000E+00 6.9350E-09 6.11E-06 6.21E-06   0.016 1.0000 6.9407E-06    967.538
13341.00 0.98434025 3.6949E-36 0.0000E+00 0.0000E+00 6.7856E-09 6.7856E-09 0.0000E+00 0.0000E+00 6.7856E-09 5.97E-06 6.06E-06   0.016 1.0000 6.7825E-06    967.092
13351.00 0.98430723 3.5239E-36 0.0000E+00 0.0000E+00 7.0026E-09 7.0026E-09 0.0000E+00 0.0000E+00 7.0026E-09 6.15E-06 6.25E-06   0.016 1.0000 6.9903E-06    969.245
13361.00 0.98428541 3.3561E-36 0.0000E+00 0.0000E+00 6.9706E-09 6.9706E-09 0.0000E+00 0.0000E+00 6.9706E-09 6.11E-06 6.21E-06   0.016 1.0000 6.9490E-06    969.637
13371.00 0.98424786 3.2026E-36 0.0000E+00 0.0000E+00 6.9734E-09 6.9734E-09 0.0000E+00 0.0000E+00 6.9734E-09 6.10E-06 6.20E-06   0.016 1.0000 6.9428E-06    970.272
13381.00 0.98421162 3.0555E-36 0.0000E+00 0.0000E+00 7.0234E-09 7.0234E-09 0.0000E+00 0.0000E+00 7.0234E-09 6.13E-06 6.23E-06   0.016 1.0000 6.9829E-06    971.238
13391.00 0.98416412 2.9199E-36 0.0000E+00 0.0000E+00 7.0361E-09 7.0361E-09 0.0000E+00 0.0000E+00 7.0361E-09 6.13E-06 6.23E-06   0.016 1.0000 6.9856E-06    971.942
13401.00 0.98416263 2.7732E-36 0.0000E+00 0.0000E+00 6.9917E-09 6.9917E-09 0.0000E+00 0.0000E+00 6.9917E-09 6.09E-06 6.18E-06   0.016 1.0000 6.9311E-06    972.248
13411.00 0.98411465 2.6498E-36 0.0000E+00 0.0000E+00 7.0677E-09 7.0677E-09 0.0000E+00 0.0000E+00 7.0677E-09 6.14E-06 6.24E-06   0.016 1.0000 6.9973E-06    973.395
13421.00 0.98410457 2.5199E-36 0.0000E+00 0.0000E+00 6.9267E-09 6.9267E-09 0.0000E+00 0.0000E+00 6.9267E-09 6.01E-06 6.11E-06   0.016 1.0000 6.8463E-06    973.021
13431.00 0.98407096 2.4031E-36 0.0000E+00 0.0000E+00 6.8472E-09 6.8472E-09 0.0000E+00 0.0000E+00 6.8472E-09 5.93E-06 6.02E-06   0.016 1.0000 6.7587E-06    973.070
13441.00 0.98403585 2.2925E-36 0.0000E+00 0.0000E+00 7.0800E-09 7.0800E-09 0.0000E+00 0.0000E+00 7.0800E-09 6.12E-06 6.22E-06   0.016 1.0000 6.9782E-06    975.327
13451.00 0.98402160 2.1810E-36 0.0000E+00 0.0000E+00 7.0950E-09 7.0950E-09 0.0000E+00 0.0000E+00 7.0950E-09 6.12E-06 6.22E-06   0.016 1.0000 6.9805E-06    976.047
13461.00 0.98388773 2.1062E-36 0.0000E+00 0.0000E+00 7.0315E-09 7.0315E-09 0.0000E+00 0.0000E+00 7.0315E-09 6.06E-06 6.16E-06   0.016 1.0000 6.9145E-06    976.221
13471.00 0.98383546 2.0143E-36 0.0000E+00 0.0000E+00 6.7927E-09 6.7927E-09 0.0000E+00 0.0000E+00 6.7927E-09 5.84E-06 5.94E-06   0.016 1.0000 6.6706E-06    975.138
13481.00 0.98378748 1.9236E-36 0.0000E+00 0.0000E+00 6.8078E-09 6.8078E-09 0.0000E+00 0.0000E+00 6.8078E-09 5.84E-06 5.94E-06   0.016 1.0000 6.6756E-06    975.862
13491.00 0.98354983 1.8838E-36 0.0000E+00 0.0000E+00 6.7915E-09 6.7915E-09 0.0000E+00 0.0000E+00 6.7915E-09 5.82E-06 5.92E-06   0.017 1.0000 6.6588E-06    976.358
13501.00 0.98368180 1.7580E-36 0.0000E+00 0.0000E+00 7.0075E-09 7.0075E-09 0.0000E+00 0.0000E+00 7.0075E-09 5.99E-06 6.09E-06   0.016 1.0000 6.8511E-06    978.514
13511.00 0.98325300 1.7655E-36 0.0000E+00 0.0000E+00 6.9992E-09 6.9992E-09 0.0000E+00 0.0000E+00 6.9992E-09 5.98E-06 6.08E-06   0.017 1.0000 6.8479E-06    979.071
13521.00 0.98264837 1.8157E-36 0.0000E+00 0.0000E+00 6.9966E-09 6.9966E-09 0.0000E+00 0.0000E+00 6.9966E-09 5.96E-06 6.07E-06   0.018 1.0000 6.8549E-06    979.667
13531.00 0.98281205 1.6970E-36 0.0000E+00 0.0000E+00 6.7893E-09 6.7893E-09 0.0000E+00 0.0000E+00 6.7893E-09 5.78E-06 5.88E-06   0.017 1.0000 6.6352E-06    978.800
13541.00 0.98184305 1.8337E-36 0.0000E+00 0.0000E+00 6.9724E-09 6.9724E-09 0.0000E+00 0.0000E+00 6.9724E-09 5.92E-06 6.03E-06   0.018 1.0000 6.8288E-06    980.727
13551.00 0.98262340 1.5549E-36 0.0000E+00 0.0000E+00 7.1513E-09 7.1513E-09 0.0000E+00 0.0000E+00 7.1513E-09 6.06E-06 6.17E-06   0.018 1.0000 6.9678E-06    982.595
13561.00 0.98117036 1.8210E-36 0.0000E+00 0.0000E+00 7.1439E-09 7.1439E-09 0.0000E+00 0.0000E+00 7.1439E-09 6.04E-06 6.16E-06   0.019 1.0000 6.9805E-06    983.159
13571.00 0.98021078 1.9886E-36 0.0000E+00 0.0000E+00 7.0730E-09 7.0730E-09 0.0000E+00 0.0000E+00 7.0730E-09 5.97E-06 6.09E-06   0.020 1.0000 6.9293E-06    983.280
13581.00 0.97879010 2.1718E-36 0.0000E+00 0.0000E+00 7.0030E-09 7.0030E-09 0.0000E+00 0.0000E+00 7.0030E-09 5.90E-06 6.02E-06   0.021 1.0000 6.8674E-06    983.402
13591.00 0.98025978 1.7060E-36 0.0000E+00 0.0000E+00 7.0079E-09 7.0079E-09 0.0000E+00 0.0000E+00 7.0079E-09 5.89E-06 6.01E-06   0.020 1.0000 6.8280E-06    984.052
13601.00 0.98138779 1.3991E-36 0.0000E+00 0.0000E+00 7.1030E-09 7.1030E-09 0.0000E+00 0.0000E+00 7.1030E-09 5.97E-06 6.08E-06   0.019 1.0000 6.9178E-06    985.335
13611.00 0.97999150 1.6586E-36 0.0000E+00 0.0000E+00 7.1711E-09 7.1711E-09 0.0000E+00 0.0000E+00 7.1711E-09 6.01E-06 6.13E-06   0.020 1.0000 6.9838E-06    986.423
13621.00 0.98164314 1.2800E-36 0.0000E+00 0.0000E+00 7.2534E-09 7.2534E-09 0.0000E+00 0.0000E+00 7.2534E-09 6.07E-06 6.19E-06   0.019 1.0000 7.0039E-06    987.607
13631.00 0.97940439 1.6062E-36 0.0000E+00 0.0000E+00 7.0875E-09 7.0875E-09 0.0000E+00 0.0000E+00 7.0875E-09 5.92E-06 6.04E-06   0.021 1.0000 6.9291E-06    987.071
13641.00 0.98089439 1.2336E-36 0.0000E+00 0.0000E+00 7.0139E-09 7.0139E-09 0.0000E+00 0.0000E+00 7.0139E-09 5.85E-06 5.96E-06   0.019 1.0000 6.8141E-06    987.167
13651.00 0.97841084 1.6892E-36 0.0000E+00 0.0000E+00 7.0307E-09 7.0307E-09 0.0000E+00 0.0000E+00 7.0307E-09 5.85E-06 5.97E-06   0.022 1.0000 6.8293E-06    987.901
13661.00 0.97316265 2.5010E-36 0.0000E+00 0.0000E+00 6.9387E-09 6.9387E-09 0.0000E+00 0.0000E+00 6.9387E-09 5.75E-06 5.90E-06   0.027 1.0000 6.9146E-06    987.860
13671.00 0.97208047 2.4697E-36 0.0000E+00 0.0000E+00 6.8869E-09 6.8869E-09 0.0000E+00 0.0000E+00 6.8869E-09 5.69E-06 5.85E-06   0.028 1.0000 6.8594E-06    988.102
13681.00 0.97265267 2.5168E-36 0.0000E+00 0.0000E+00 6.7898E-09 6.7898E-09 0.0000E+00 0.0000E+00 6.7898E-09 5.61E-06 5.75E-06   0.028 1.0000 6.7477E-06    988.011
13691.00 0.96873772 3.2123E-36 0.0000E+00 0.0000E+00 6.8794E-09 6.8794E-09 0.0000E+00 0.0000E+00 6.8794E-09 5.67E-06 5.82E-06   0.032 1.0000 6.9298E-06    989.276
13701.00 0.97401035 1.8415E-36 0.0000E+00 0.0000E+00 7.0199E-09 7.0199E-09 0.0000E+00 0.0000E+00 7.0199E-09 5.78E-06 5.93E-06   0.026 1.0000 6.8895E-06    990.896
13711.00 0.95903331 5.7708E-36 0.0000E+00 0.0000E+00 6.4344E-09 6.4344E-09 0.0000E+00 0.0000E+00 6.4344E-09 5.27E-06 5.45E-06   0.042 1.0000 6.5819E-06    987.189
13721.00 0.96968126 3.1858E-36 0.0000E+00 0.0000E+00 6.7621E-09 6.7621E-09 0.0000E+00 0.0000E+00 6.7621E-09 5.55E-06 5.69E-06   0.031 1.0000 6.6556E-06    990.261
13731.00 0.96593529 3.4612E-36 0.0000E+00 0.0000E+00 6.9047E-09 6.9047E-09 0.0000E+00 0.0000E+00 6.9047E-09 5.64E-06 5.81E-06   0.035 1.0000 6.8519E-06    991.913
13741.00 0.94780421 9.2543E-36 0.0000E+00 0.0000E+00 6.6309E-09 6.6309E-09 0.0000E+00 0.0000E+00 6.6309E-09 5.38E-06 5.60E-06   0.054 1.0000 6.8890E-06    990.515
13751.00 0.96594858 5.1930E-36 0.0000E+00 0.0000E+00 7.0734E-09 7.0734E-09 0.0000E+00 0.0000E+00 7.0734E-09 5.77E-06 5.93E-06   0.035 1.0000 6.9714E-06    994.345
13761.00 0.95157105 9.4491E-36 0.0000E+00 0.0000E+00 6.7821E-09 6.7821E-09 0.0000E+00 0.0000E+00 6.7821E-09 5.50E-06 5.69E-06   0.050 1.0000 6.9003E-06    992.861
13771.00 0.96953642 2.0212E-36 0.0000E+00 0.0000E+00 6.9341E-09 6.9341E-09 0.0000E+00 0.0000E+00 6.9341E-09 5.63E-06 5.79E-06   0.031 1.0000 6.8340E-06    994.579
13781.00 0.95329452 7.0449E-36 0.0000E+00 0.0000E+00 6.7945E-09 6.7945E-09 0.0000E+00 0.0000E+00 6.7945E-09 5.49E-06 5.69E-06   0.048 1.0000 6.9166E-06    994.177
13791.00 0.96252340 4.3292E-36 0.0000E+00 0.0000E+00 6.9113E-09 6.9113E-09 0.0000E+00 0.0000E+00 6.9113E-09 5.59E-06 5.76E-06   0.038 1.0000 6.8767E-06    995.641
13801.00 0.95002395 8.9663E-36 0.0000E+00 0.0000E+00 6.7401E-09 6.7401E-09 0.0000E+00 0.0000E+00 6.7401E-09 5.44E-06 5.62E-06   0.051 1.0000 6.8804E-06    995.003
13811.00 0.94930363 1.0865E-35 0.0000E+00 0.0000E+00 6.8314E-09 6.8314E-09 0.0000E+00 0.0000E+00 6.8314E-09 5.49E-06 5.69E-06   0.052 1.0000 6.8949E-06    996.287
13821.00 0.93749899 1.2014E-35 0.0000E+00 0.0000E+00 6.7334E-09 6.7334E-09 0.0000E+00 0.0000E+00 6.7334E-09 5.39E-06 5.62E-06   0.065 1.0000 6.9471E-06    996.178
13831.00 0.96831745 2.7011E-36 0.0000E+00 0.0000E+00 7.1230E-09 7.1230E-09 0.0000E+00 0.0000E+00 7.1230E-09 5.73E-06 5.89E-06   0.032 1.0000 6.8800E-06    999.606
13841.00 0.97099930 1.8956E-36 0.0000E+00 0.0000E+00 6.9548E-09 6.9548E-09 0.0000E+00 0.0000E+00 6.9548E-09 5.59E-06 5.73E-06   0.029 1.0000 6.6572E-06    999.021
13851.00 0.97268188 1.2896E-36 0.0000E+00 0.0000E+00 7.2016E-09 7.2016E-09 0.0000E+00 0.0000E+00 7.2016E-09 5.78E-06 5.93E-06   0.028 1.0000 6.8689E-06   1001.386
13861.00 0.97379726 1.1024E-36 0.0000E+00 0.0000E+00 7.1981E-09 7.1981E-09 0.0000E+00 0.0000E+00 7.1981E-09 5.77E-06 5.91E-06   0.027 1.0000 6.8448E-06   1001.976
13871.00 0.94378215 8.8542E-36 0.0000E+00 0.0000E+00 6.6015E-09 6.6015E-09 0.0000E+00 0.0000E+00 6.6015E-09 5.25E-06 5.45E-06   0.058 1.0000 6.6067E-06    998.250
13881.00 0.92353415 1.2578E-35 0.0000E+00 0.0000E+00 6.5298E-09 6.5298E-09 0.0000E+00 0.0000E+00 6.5298E-09 5.16E-06 5.41E-06   0.080 1.0000 6.8443E-06    998.317
13891.00 0.94405609 5.2970E-36 0.0000E+00 0.0000E+00 6.6508E-09 6.6508E-09 0.0000E+00 0.0000E+00 6.6508E-09 5.26E-06 5.49E-06   0.058 1.0000 6.7708E-06    999.846
13901.00 0.94149274 5.6158E-36 0.0000E+00 0.0000E+00 6.4670E-09 6.4670E-09 0.0000E+00 0.0000E+00 6.4670E-09 5.11E-06 5.32E-06   0.060 1.0000 6.6271E-06    999.057
13911.00 0.93352723 7.1438E-36 0.0000E+00 0.0000E+00 6.2817E-09 6.2817E-09 0.0000E+00 0.0000E+00 6.2817E-09 4.95E-06 5.16E-06   0.069 1.0000 6.5880E-06    998.219
13921.00 0.95461571 3.8529E-36 0.0000E+00 0.0000E+00 6.6635E-09 6.6635E-09 0.0000E+00 0.0000E+00 6.6635E-09 5.27E-06 5.44E-06   0.046 1.0000 6.6696E-06   1001.776
13931.00 0.96224952 1.3353E-36 0.0000E+00 0.0000E+00 6.7823E-09 6.7823E-09 0.0000E+00 0.0000E+00 6.7823E-09 5.35E-06 5.53E-06   0.038 1.0000 6.7975E-06   1003.274
13941.00 0.96988040 6.9999E-37 0.0000E+00 0.0000E+00 7.0266E-09 7.0266E-09 0.0000E+00 0.0000E+00 7.0266E-09 5.55E-06 5.70E-06   0.031 1.0000 6.9216E-06   1005.668
13951.00 0.97722024 3.2969E-37 0.0000E+00 0.0000E+00 6.9877E-09 6.9877E-09 0.0000E+00 0.0000E+00 6.9877E-09 5.52E-06 5.65E-06   0.023 1.0000 6.6387E-06   1006.001
13961.00 0.98061121 1.7990E-37 0.0000E+00 0.0000E+00 7.3445E-09 7.3445E-09 0.0000E+00 0.0000E+00 7.3445E-09 5.80E-06 5.92E-06   0.020 1.0000 6.8145E-06   1009.132
13971.00 0.98132193 1.3950E-37 0.0000E+00 0.0000E+00 7.4083E-09 7.4083E-09 0.0000E+00 0.0000E+00 7.4083E-09 5.85E-06 5.96E-06   0.019 1.0000 6.8419E-06   1010.185
13981.00 0.98042804 1.4566E-37 0.0000E+00 0.0000E+00 7.1957E-09 7.1957E-09 0.0000E+00 0.0000E+00 7.1957E-09 5.67E-06 5.78E-06   0.020 1.0000 6.6525E-06   1009.321
13991.00 0.98054302 1.4031E-37 0.0000E+00 0.0000E+00 7.2740E-09 7.2740E-09 0.0000E+00 0.0000E+00 7.2740E-09 5.72E-06 5.83E-06   0.020 1.0000 6.6990E-06   1010.483
14001.00 0.98114455 1.1488E-37 0.0000E+00 0.0000E+00 7.5102E-09 7.5102E-09 0.0000E+00 0.0000E+00 7.5102E-09 5.90E-06 6.01E-06   0.019 1.0000 6.8966E-06   1012.722
14011.00 0.98138326 8.8417E-38 0.0000E+00 0.0000E+00 7.4897E-09 7.4897E-09 0.0000E+00 0.0000E+00 7.4897E-09 5.87E-06 5.98E-06   0.019 1.0000 6.8603E-06   1013.196
14021.00 0.98136526 8.2025E-38 0.0000E+00 0.0000E+00 7.3245E-09 7.3245E-09 0.0000E+00 0.0000E+00 7.3245E-09 5.73E-06 5.84E-06   0.019 1.0000 6.7046E-06   1012.675
14031.00 0.98183727 3.7959E-38 0.0000E+00 0.0000E+00 7.4597E-09 7.4597E-09 0.0000E+00 0.0000E+00 7.4597E-09 5.83E-06 5.94E-06   0.018 1.0000 6.8054E-06   1014.220
14041.00 0.98164678 4.0033E-38 0.0000E+00 0.0000E+00 7.4527E-09 7.4527E-09 0.0000E+00 0.0000E+00 7.4527E-09 5.81E-06 5.92E-06   0.019 1.0000 6.7943E-06   1014.786
14051.00 0.98179317 2.4016E-38 0.0000E+00 0.0000E+00 7.4584E-09 7.4584E-09 0.0000E+00 0.0000E+00 7.4584E-09 5.81E-06 5.92E-06   0.018 1.0000 6.7860E-06   1015.439
14061.00 0.98146188 1.2603E-38 0.0000E+00 0.0000E+00 7.4774E-09 7.4774E-09 0.0000E+00 0.0000E+00 7.4774E-09 5.81E-06 5.92E-06   0.019 1.0000 6.8011E-06   1016.182
14071.00 0.98125529 1.3040E-38 0.0000E+00 0.0000E+00 7.6058E-09 7.6058E-09 0.0000E+00 0.0000E+00 7.6058E-09 5.90E-06 6.02E-06   0.019 1.0000 6.9130E-06   1017.666
14081.00 0.98115247 0.0000E+00 0.0000E+00 0.0000E+00 7.6225E-09 7.6225E-09 0.0000E+00 0.0000E+00 7.6225E-09 5.91E-06 6.02E-06   0.019 1.0000 6.9222E-06   1018.393
14091.00 0.98161912 0.0000E+00 0.0000E+00 0.0000E+00 7.5601E-09 7.5601E-09 0.0000E+00 0.0000E+00 7.5601E-09 5.85E-06 5.96E-06   0.019 1.0000 6.8480E-06   1018.586
14101.00 0.98135632 0.0000E+00 0.0000E+00 0.0000E+00 7.4744E-09 7.4744E-09 0.0000E+00 0.0000E+00 7.4744E-09 5.77E-06 5.88E-06   0.019 1.0000 6.7686E-06   1018.617
14111.00 0.98140162 0.0000E+00 0.0000E+00 0.0000E+00 7.4625E-09 7.4625E-09 0.0000E+00 0.0000E+00 7.4625E-09 5.75E-06 5.86E-06   0.019 1.0000 6.7405E-06   1019.149
14121.00 0.98052669 0.0000E+00 0.0000E+00 0.0000E+00 7.6583E-09 7.6583E-09 0.0000E+00 0.0000E+00 7.6583E-09 5.89E-06 6.01E-06   0.020 1.0000 6.9338E-06   1021.089
14131.00 0.98077941 0.0000E+00 0.0000E+00 0.0000E+00 7.6519E-09 7.6519E-09 0.0000E+00 0.0000E+00 7.6519E-09 5.88E-06 5.99E-06   0.019 1.0000 6.9114E-06   1021.660
14141.00 0.98108768 0.0000E+00 0.0000E+00 0.0000E+00 7.4036E-09 7.4036E-09 0.0000E+00 0.0000E+00 7.4036E-09 5.68E-06 5.79E-06   0.019 1.0000 6.6690E-06   1020.583
14151.00 0.98047131 0.0000E+00 0.0000E+00 0.0000E+00 7.5742E-09 7.5742E-09 0.0000E+00 0.0000E+00 7.5742E-09 5.80E-06 5.91E-06   0.020 1.0000 6.8364E-06   1022.364
14161.00 0.97990721 0.0000E+00 0.0000E+00 0.0000E+00 7.5703E-09 7.5703E-09 0.0000E+00 0.0000E+00 7.5703E-09 5.78E-06 5.90E-06   0.020 1.0000 6.8263E-06   1022.952
14171.00 0.97949636 0.0000E+00 0.0000E+00 0.0000E+00 7.5603E-09 7.5603E-09 0.0000E+00 0.0000E+00 7.5603E-09 5.77E-06 5.89E-06   0.021 1.0000 6.8218E-06   1023.497
14181.00 0.97950739 1.1957E-38 0.0000E+00 0.0000E+00 7.6691E-09 7.6691E-09 0.0000E+00 0.0000E+00 7.6691E-09 5.84E-06 5.96E-06   0.021 1.0000 6.9162E-06   1024.845
14191.00 0.98072702 0.0000E+00 0.0000E+00 0.0000E+00 7.7057E-09 7.7057E-09 0.0000E+00 0.0000E+00 7.7057E-09 5.86E-06 5.98E-06   0.019 1.0000 6.9005E-06   1025.704
14201.00 0.97747386 4.2172E-38 0.0000E+00 0.0000E+00 7.5297E-09 7.5297E-09 0.0000E+00 0.0000E+00 7.5297E-09 5.71E-06 5.84E-06   0.023 1.0000 6.8083E-06   1025.129
14211.00 0.98059785 1.2015E-38 0.0000E+00 0.0000E+00 7.6120E-09 7.6120E-09 0.0000E+00 0.0000E+00 7.6120E-09 5.77E-06 5.88E-06   0.020 1.0000 6.7993E-06   1026.302
14221.00 0.97863817 1.8096E-38 0.0000E+00 0.0000E+00 7.5721E-09 7.5721E-09 0.0000E+00 0.0000E+00 7.5721E-09 5.73E-06 5.85E-06   0.022 1.0000 6.7995E-06   1026.644
14231.00 0.97516418 4.4653E-38 0.0000E+00 0.0000E+00 7.3907E-09 7.3907E-09 0.0000E+00 0.0000E+00 7.3907E-09 5.57E-06 5.71E-06   0.025 1.0000 6.6909E-06   1026.009
14241.00 0.97666281 1.5720E-38 0.0000E+00 0.0000E+00 7.4929E-09 7.4929E-09 0.0000E+00 0.0000E+00 7.4929E-09 5.64E-06 5.77E-06   0.024 1.0000 6.7352E-06   1027.328
14251.00 0.97553247 5.1062E-38 0.0000E+00 0.0000E+00 7.3092E-09 7.3092E-09 0.0000E+00 0.0000E+00 7.3092E-09 5.49E-06 5.62E-06   0.025 1.0000 6.5845E-06   1026.664
14261.00 0.97826874 0.0000E+00 0.0000E+00 0.0000E+00 7.5535E-09 7.5535E-09 0.0000E+00 0.0000E+00 7.5535E-09 5.67E-06 5.80E-06   0.022 1.0000 6.7582E-06   1028.970
14271.00 0.97320807 5.2613E-38 0.0000E+00 0.0000E+00 7.4409E-09 7.4409E-09 0.0000E+00 0.0000E+00 7.4409E-09 5.57E-06 5.71E-06   0.027 1.0000 6.7184E-06   1028.808
14281.00 0.97737658 1.9411E-38 0.0000E+00 0.0000E+00 7.5145E-09 7.5145E-09 0.0000E+00 0.0000E+00 7.5145E-09 5.62E-06 5.75E-06   0.023 1.0000 6.7221E-06   1029.928
 -9999.
