T F 2    2    2    0    2    2    2    2    2    2    1    0    0   0.0000.00000
    1    1    1    0    0    0   2.00000   0.00000   0.00000   0.00000   0.00000
 -99.000 -99.000 -99.000
 -99.00000 -99.00000 -99.00000  2.922360  0.000710 ! H2O & O3 COLUMNS [GM/CM2]
   36MID-LATITUDE SUMMER 
   5.00000   3.00000  92.49141  50.00084   0.44901   0.00000    0        0.00000
    0    0  172    0
   0.00000   0.00000   0.00000  70.02525   0.00000 180.00000   0.00000   0.00000
    9091.0   14286.0      10.0      10.0NW              
    0   0    0.000  0    0.000  0    1.000
    FREQ  TOT_TRANS  PTH_THRML  THRML_SCT  SURF_EMIS   SOL_SCAT  SING_SCAT  GRND_RFLT  DRCT_RFLT  TOTAL_RAD  REF_SOL  SOL@OBS   DEPTH DIR_EM    TOA_SUN BBODY_T[K]
 9091.00 0.41809693 9.2175E-22 0.0000E+00 0.0000E+00 9.9028E-08 9.9028E-08 0.0000E+00 0.0000E+00 9.9028E-08 2.54E-06 6.31E-06   0.872 1.0000 6.9214E-06    816.646
 9101.00 0.46052390 8.3593E-22 0.0000E+00 0.0000E+00 1.0261E-07 1.0261E-07 0.0000E+00 0.0000E+00 1.0261E-07 2.74E-06 6.25E-06   0.775 1.0000 6.7529E-06    819.193
 9111.00 0.53278172 7.0960E-22 0.0000E+00 0.0000E+00 1.1233E-07 1.1233E-07 0.0000E+00 0.0000E+00 1.1233E-07 3.24E-06 6.35E-06   0.630 1.0000 6.7702E-06    824.594
 9121.00 0.53142089 6.7332E-22 0.0000E+00 0.0000E+00 1.1218E-07 1.1218E-07 0.0000E+00 0.0000E+00 1.1218E-07 3.22E-06 6.33E-06   0.632 1.0000 6.7570E-06    825.255
 9131.00 0.51384354 6.6396E-22 0.0000E+00 0.0000E+00 1.0975E-07 1.0975E-07 0.0000E+00 0.0000E+00 1.0975E-07 3.08E-06 6.27E-06   0.666 1.0000 6.7175E-06    824.855
 9141.00 0.58238959 5.6638E-22 0.0000E+00 0.0000E+00 1.1401E-07 1.1401E-07 0.0000E+00 0.0000E+00 1.1401E-07 3.39E-06 6.10E-06   0.541 1.0000 6.4440E-06    827.569
 9151.00 0.53224862 5.7316E-22 0.0000E+00 0.0000E+00 1.1434E-07 1.1434E-07 0.0000E+00 0.0000E+00 1.1434E-07 3.29E-06 6.38E-06   0.631 1.0000 6.8615E-06    828.454
 9161.00 0.65067917 4.4525E-22 0.0000E+00 0.0000E+00 1.3215E-07 1.3215E-07 0.0000E+00 0.0000E+00 1.3215E-07 4.13E-06 6.62E-06   0.430 1.0000 6.9345E-06    836.808
 9171.00 0.57379633 4.8776E-22 0.0000E+00 0.0000E+00 1.2301E-07 1.2301E-07 0.0000E+00 0.0000E+00 1.2301E-07 3.63E-06 6.57E-06   0.555 1.0000 6.9883E-06    833.754
 9181.00 0.59879166 4.5015E-22 0.0000E+00 0.0000E+00 1.2504E-07 1.2504E-07 0.0000E+00 0.0000E+00 1.2504E-07 3.73E-06 6.52E-06   0.513 1.0000 6.8738E-06    835.354
 9191.00 0.64074200 3.9374E-22 0.0000E+00 0.0000E+00 1.3055E-07 1.3055E-07 0.0000E+00 0.0000E+00 1.3055E-07 4.01E-06 6.54E-06   0.445 1.0000 6.8531E-06    838.375
 9201.00 0.59186733 4.1058E-22 0.0000E+00 0.0000E+00 1.2298E-07 1.2298E-07 0.0000E+00 0.0000E+00 1.2298E-07 3.64E-06 6.40E-06   0.524 1.0000 6.7792E-06    835.949
 9211.00 0.59760875 3.8766E-22 0.0000E+00 0.0000E+00 1.2860E-07 1.2860E-07 0.0000E+00 0.0000E+00 1.2860E-07 3.81E-06 6.64E-06   0.515 1.0000 7.0277E-06    839.056
 9221.00 0.61853713 3.5681E-22 0.0000E+00 0.0000E+00 1.3096E-07 1.3096E-07 0.0000E+00 0.0000E+00 1.3096E-07 3.92E-06 6.63E-06   0.480 1.0000 6.9689E-06    840.759
 9231.00 0.62526208 3.3147E-22 0.0000E+00 0.0000E+00 1.2832E-07 1.2832E-07 0.0000E+00 0.0000E+00 1.2832E-07 3.86E-06 6.45E-06   0.470 1.0000 6.7955E-06    840.415
 9241.00 0.65221417 2.9981E-22 0.0000E+00 0.0000E+00 1.3229E-07 1.3229E-07 0.0000E+00 0.0000E+00 1.3229E-07 4.04E-06 6.48E-06   0.427 1.0000 6.7842E-06    842.776
 9251.00 0.62485695 3.0233E-22 0.0000E+00 0.0000E+00 1.3136E-07 1.3136E-07 0.0000E+00 0.0000E+00 1.3136E-07 3.92E-06 6.56E-06   0.470 1.0000 6.9007E-06    843.136
 9261.00 0.64222729 2.7694E-22 0.0000E+00 0.0000E+00 1.3560E-07 1.3560E-07 0.0000E+00 0.0000E+00 1.3560E-07 4.09E-06 6.66E-06   0.443 1.0000 6.9947E-06    845.578
 9271.00 0.66294456 2.5266E-22 0.0000E+00 0.0000E+00 1.3644E-07 1.3644E-07 0.0000E+00 0.0000E+00 1.3644E-07 4.16E-06 6.57E-06   0.411 1.0000 6.8762E-06    846.646
 9281.00 0.61898977 2.6376E-22 0.0000E+00 0.0000E+00 1.3394E-07 1.3394E-07 0.0000E+00 0.0000E+00 1.3394E-07 3.95E-06 6.68E-06   0.480 1.0000 7.0330E-06    846.392
 9291.00 0.66564751 2.2772E-22 0.0000E+00 0.0000E+00 1.4014E-07 1.4014E-07 0.0000E+00 0.0000E+00 1.4014E-07 4.26E-06 6.70E-06   0.407 1.0000 7.0135E-06    849.567
 9301.00 0.64436364 2.2688E-22 0.0000E+00 0.0000E+00 1.3462E-07 1.3462E-07 0.0000E+00 0.0000E+00 1.3462E-07 4.02E-06 6.53E-06   0.439 1.0000 6.8637E-06    848.144
 9311.00 0.65459704 2.1139E-22 0.0000E+00 0.0000E+00 1.3861E-07 1.3861E-07 0.0000E+00 0.0000E+00 1.3861E-07 4.16E-06 6.65E-06   0.424 1.0000 6.9849E-06    850.455
 9321.00 0.64325809 2.0751E-22 0.0000E+00 0.0000E+00 1.3554E-07 1.3554E-07 0.0000E+00 0.0000E+00 1.3554E-07 4.01E-06 6.55E-06   0.441 1.0000 6.8861E-06    849.985
 9331.00 0.64412612 1.9731E-22 0.0000E+00 0.0000E+00 1.3826E-07 1.3826E-07 0.0000E+00 0.0000E+00 1.3826E-07 4.08E-06 6.66E-06   0.440 1.0000 7.0103E-06    851.797
 9341.00 0.64144289 1.8863E-22 0.0000E+00 0.0000E+00 1.3741E-07 1.3741E-07 0.0000E+00 0.0000E+00 1.3741E-07 4.04E-06 6.62E-06   0.444 1.0000 6.9794E-06    852.204
 9351.00 0.62834513 1.8517E-22 0.0000E+00 0.0000E+00 1.3053E-07 1.3053E-07 0.0000E+00 0.0000E+00 1.3053E-07 3.78E-06 6.34E-06   0.465 1.0000 6.7060E-06    850.174
 9361.00 0.63041383 1.7517E-22 0.0000E+00 0.0000E+00 1.3469E-07 1.3469E-07 0.0000E+00 0.0000E+00 1.3469E-07 3.90E-06 6.52E-06   0.461 1.0000 6.9146E-06    852.598
 9371.00 0.62567216 1.6858E-22 0.0000E+00 0.0000E+00 1.3614E-07 1.3614E-07 0.0000E+00 0.0000E+00 1.3614E-07 3.91E-06 6.60E-06   0.469 1.0000 7.0062E-06    853.917
 9381.00 0.62788481 1.5961E-22 0.0000E+00 0.0000E+00 1.3605E-07 1.3605E-07 0.0000E+00 0.0000E+00 1.3605E-07 3.91E-06 6.56E-06   0.465 1.0000 6.9727E-06    854.620
 9391.00 0.62433183 1.5335E-22 0.0000E+00 0.0000E+00 1.3836E-07 1.3836E-07 0.0000E+00 0.0000E+00 1.3836E-07 3.95E-06 6.68E-06   0.471 1.0000 7.0927E-06    856.269
 9401.00 0.63127506 1.4363E-22 0.0000E+00 0.0000E+00 1.3869E-07 1.3869E-07 0.0000E+00 0.0000E+00 1.3869E-07 3.97E-06 6.64E-06   0.460 1.0000 7.0394E-06    857.137
 9411.00 0.63131458 1.3690E-22 0.0000E+00 0.0000E+00 1.3894E-07 1.3894E-07 0.0000E+00 0.0000E+00 1.3894E-07 3.97E-06 6.63E-06   0.460 1.0000 7.0221E-06    857.973
 9421.00 0.63731790 1.2849E-22 0.0000E+00 0.0000E+00 1.3985E-07 1.3985E-07 0.0000E+00 0.0000E+00 1.3985E-07 4.01E-06 6.62E-06   0.450 1.0000 7.0055E-06    859.067
 9431.00 0.63968182 1.2168E-22 0.0000E+00 0.0000E+00 1.3986E-07 1.3986E-07 0.0000E+00 0.0000E+00 1.3986E-07 4.00E-06 6.59E-06   0.447 1.0000 6.9676E-06    859.810
 9441.00 0.64184111 1.1530E-22 0.0000E+00 0.0000E+00 1.4022E-07 1.4022E-07 0.0000E+00 0.0000E+00 1.4022E-07 4.01E-06 6.57E-06   0.443 1.0000 6.9484E-06    860.688
 9451.00 0.64584935 1.0878E-22 0.0000E+00 0.0000E+00 1.4180E-07 1.4180E-07 0.0000E+00 0.0000E+00 1.4180E-07 4.06E-06 6.61E-06   0.437 1.0000 6.9764E-06    862.038
 9461.00 0.65080172 1.0237E-22 0.0000E+00 0.0000E+00 1.4522E-07 1.4522E-07 0.0000E+00 0.0000E+00 1.4522E-07 4.17E-06 6.73E-06   0.430 1.0000 7.0891E-06    864.082
 9471.00 0.65491176 9.6541E-23 0.0000E+00 0.0000E+00 1.4628E-07 1.4628E-07 0.0000E+00 0.0000E+00 1.4628E-07 4.20E-06 6.74E-06   0.423 1.0000 7.0904E-06    865.219
 9481.00 0.65871090 9.1082E-23 0.0000E+00 0.0000E+00 1.4711E-07 1.4711E-07 0.0000E+00 0.0000E+00 1.4711E-07 4.23E-06 6.74E-06   0.417 1.0000 7.0848E-06    866.270
 9491.00 0.66169262 8.6092E-23 0.0000E+00 0.0000E+00 1.4670E-07 1.4670E-07 0.0000E+00 0.0000E+00 1.4670E-07 4.22E-06 6.69E-06   0.413 1.0000 7.0271E-06    866.857
 9501.00 0.66333437 8.1658E-23 0.0000E+00 0.0000E+00 1.4812E-07 1.4812E-07 0.0000E+00 0.0000E+00 1.4812E-07 4.26E-06 6.73E-06   0.410 1.0000 7.0663E-06    868.125
 9511.00 0.66515118 7.7419E-23 0.0000E+00 0.0000E+00 1.4890E-07 1.4890E-07 0.0000E+00 0.0000E+00 1.4890E-07 4.28E-06 6.74E-06   0.408 1.0000 7.0729E-06    869.155
 9521.00 0.66658193 7.3435E-23 0.0000E+00 0.0000E+00 1.4932E-07 1.4932E-07 0.0000E+00 0.0000E+00 1.4932E-07 4.29E-06 6.74E-06   0.406 1.0000 7.0689E-06    870.051
 9531.00 0.66714871 6.9827E-23 0.0000E+00 0.0000E+00 1.5003E-07 1.5003E-07 0.0000E+00 0.0000E+00 1.5003E-07 4.30E-06 6.75E-06   0.405 1.0000 7.0837E-06    871.052
 9541.00 0.66923779 6.6156E-23 0.0000E+00 0.0000E+00 1.5082E-07 1.5082E-07 0.0000E+00 0.0000E+00 1.5082E-07 4.32E-06 6.76E-06   0.402 1.0000 7.0847E-06    872.084
 9551.00 0.66967964 6.2928E-23 0.0000E+00 0.0000E+00 1.4980E-07 1.4980E-07 0.0000E+00 0.0000E+00 1.4980E-07 4.29E-06 6.70E-06   0.401 1.0000 7.0183E-06    872.450
 9561.00 0.67004108 5.9862E-23 0.0000E+00 0.0000E+00 1.4859E-07 1.4859E-07 0.0000E+00 0.0000E+00 1.4859E-07 4.24E-06 6.63E-06   0.400 1.0000 6.9440E-06    872.738
 9571.00 0.67004383 5.7005E-23 0.0000E+00 0.0000E+00 1.5170E-07 1.5170E-07 0.0000E+00 0.0000E+00 1.5170E-07 4.32E-06 6.75E-06   0.400 1.0000 7.0733E-06    874.624
 9581.00 0.67048794 5.4212E-23 0.0000E+00 0.0000E+00 1.5229E-07 1.5229E-07 0.0000E+00 0.0000E+00 1.5229E-07 4.33E-06 6.76E-06   0.400 1.0000 7.0833E-06    875.582
 9591.00 0.66996831 5.1693E-23 0.0000E+00 0.0000E+00 1.5153E-07 1.5153E-07 0.0000E+00 0.0000E+00 1.5153E-07 4.30E-06 6.72E-06   0.401 1.0000 7.0362E-06    876.043
 9601.00 0.66914666 4.9330E-23 0.0000E+00 0.0000E+00 1.5312E-07 1.5312E-07 0.0000E+00 0.0000E+00 1.5312E-07 4.33E-06 6.78E-06   0.402 1.0000 7.1006E-06    877.364
 9611.00 0.66951901 4.6919E-23 0.0000E+00 0.0000E+00 1.5257E-07 1.5257E-07 0.0000E+00 0.0000E+00 1.5257E-07 4.31E-06 6.74E-06   0.401 1.0000 7.0589E-06    877.902
 9621.00 0.66919720 4.4709E-23 0.0000E+00 0.0000E+00 1.5273E-07 1.5273E-07 0.0000E+00 0.0000E+00 1.5273E-07 4.30E-06 6.74E-06   0.402 1.0000 7.0542E-06    878.701
 9631.00 0.66881907 4.2617E-23 0.0000E+00 0.0000E+00 1.5290E-07 1.5290E-07 0.0000E+00 0.0000E+00 1.5290E-07 4.30E-06 6.73E-06   0.402 1.0000 7.0494E-06    879.503
 9641.00 0.66818655 4.0636E-23 0.0000E+00 0.0000E+00 1.5209E-07 1.5209E-07 0.0000E+00 0.0000E+00 1.5209E-07 4.27E-06 6.69E-06   0.403 1.0000 7.0036E-06    879.946
 9651.00 0.66765809 3.8754E-23 0.0000E+00 0.0000E+00 1.5469E-07 1.5469E-07 0.0000E+00 0.0000E+00 1.5469E-07 4.33E-06 6.79E-06   0.404 1.0000 7.1097E-06    881.632
 9661.00 0.66864955 3.6800E-23 0.0000E+00 0.0000E+00 1.5332E-07 1.5332E-07 0.0000E+00 0.0000E+00 1.5332E-07 4.28E-06 6.71E-06   0.402 1.0000 7.0258E-06    881.873
 9671.00 0.66701156 3.5190E-23 0.0000E+00 0.0000E+00 1.5345E-07 1.5345E-07 0.0000E+00 0.0000E+00 1.5345E-07 4.27E-06 6.71E-06   0.405 1.0000 7.0276E-06    882.660
 9681.00 0.66679144 3.3530E-23 0.0000E+00 0.0000E+00 1.5330E-07 1.5330E-07 0.0000E+00 0.0000E+00 1.5330E-07 4.26E-06 6.69E-06   0.405 1.0000 7.0080E-06    883.343
 9691.00 0.66485786 3.2078E-23 0.0000E+00 0.0000E+00 1.5553E-07 1.5553E-07 0.0000E+00 0.0000E+00 1.5553E-07 4.31E-06 6.78E-06   0.408 1.0000 7.1079E-06    884.892
 9701.00 0.66330719 3.0679E-23 0.0000E+00 0.0000E+00 1.5541E-07 1.5541E-07 0.0000E+00 0.0000E+00 1.5541E-07 4.29E-06 6.77E-06   0.411 1.0000 7.0980E-06    885.590
 9711.00 0.66332144 2.9204E-23 0.0000E+00 0.0000E+00 1.5538E-07 1.5538E-07 0.0000E+00 0.0000E+00 1.5538E-07 4.28E-06 6.76E-06   0.410 1.0000 7.0827E-06    886.318
 9721.00 0.65687513 2.8275E-23 0.0000E+00 0.0000E+00 1.5493E-07 1.5493E-07 0.0000E+00 0.0000E+00 1.5493E-07 4.23E-06 6.76E-06   0.420 1.0000 7.0883E-06    886.893
 9731.00 0.65085000 2.7305E-23 0.0000E+00 0.0000E+00 1.5525E-07 1.5525E-07 0.0000E+00 0.0000E+00 1.5525E-07 4.21E-06 6.79E-06   0.429 1.0000 7.1280E-06    887.748
 9741.00 0.65772307 2.5569E-23 0.0000E+00 0.0000E+00 1.5623E-07 1.5623E-07 0.0000E+00 0.0000E+00 1.5623E-07 4.26E-06 6.79E-06   0.419 1.0000 7.1148E-06    888.841
 9751.00 0.65617400 2.4448E-23 0.0000E+00 0.0000E+00 1.5656E-07 1.5656E-07 0.0000E+00 0.0000E+00 1.5656E-07 4.25E-06 6.79E-06   0.421 1.0000 7.1256E-06    889.700
 9761.00 0.65077388 2.3532E-23 0.0000E+00 0.0000E+00 1.5577E-07 1.5577E-07 0.0000E+00 0.0000E+00 1.5577E-07 4.20E-06 6.78E-06   0.430 1.0000 7.1121E-06    890.151
 9771.00 0.63640046 2.3231E-23 0.0000E+00 0.0000E+00 1.5431E-07 1.5431E-07 0.0000E+00 0.0000E+00 1.5431E-07 4.11E-06 6.78E-06   0.452 1.0000 7.1242E-06    890.360
 9781.00 0.65376163 2.1202E-23 0.0000E+00 0.0000E+00 1.5533E-07 1.5533E-07 0.0000E+00 0.0000E+00 1.5533E-07 4.18E-06 6.71E-06   0.425 1.0000 7.0450E-06    891.468
 9791.00 0.65277386 2.0261E-23 0.0000E+00 0.0000E+00 1.5540E-07 1.5540E-07 0.0000E+00 0.0000E+00 1.5540E-07 4.17E-06 6.71E-06   0.427 1.0000 7.0386E-06    892.232
 9801.00 0.65358794 1.9231E-23 0.0000E+00 0.0000E+00 1.5616E-07 1.5616E-07 0.0000E+00 0.0000E+00 1.5616E-07 4.19E-06 6.72E-06   0.425 1.0000 7.0554E-06    893.245
 9811.00 0.63774133 1.9018E-23 0.0000E+00 0.0000E+00 1.5251E-07 1.5251E-07 0.0000E+00 0.0000E+00 1.5251E-07 4.03E-06 6.64E-06   0.450 1.0000 6.9787E-06    892.649
 9821.00 0.65771818 1.7252E-23 0.0000E+00 0.0000E+00 1.5751E-07 1.5751E-07 0.0000E+00 0.0000E+00 1.5751E-07 4.22E-06 6.73E-06   0.419 1.0000 7.0623E-06    895.209
 9831.00 0.64985365 1.6759E-23 0.0000E+00 0.0000E+00 1.5703E-07 1.5703E-07 0.0000E+00 0.0000E+00 1.5703E-07 4.17E-06 6.74E-06   0.431 1.0000 7.0767E-06    895.777
 9841.00 0.65459365 1.5749E-23 0.0000E+00 0.0000E+00 1.5750E-07 1.5750E-07 0.0000E+00 0.0000E+00 1.5750E-07 4.19E-06 6.72E-06   0.424 1.0000 7.0554E-06    896.683
 9851.00 0.64661890 1.5290E-23 0.0000E+00 0.0000E+00 1.5658E-07 1.5658E-07 0.0000E+00 0.0000E+00 1.5658E-07 4.13E-06 6.71E-06   0.436 1.0000 7.0514E-06    897.090
 9861.00 0.65017825 1.4454E-23 0.0000E+00 0.0000E+00 1.5859E-07 1.5859E-07 0.0000E+00 0.0000E+00 1.5859E-07 4.19E-06 6.77E-06   0.431 1.0000 7.1034E-06    898.551
 9871.00 0.65154999 1.3697E-23 0.0000E+00 0.0000E+00 1.5922E-07 1.5922E-07 0.0000E+00 0.0000E+00 1.5922E-07 4.20E-06 6.77E-06   0.428 1.0000 7.1106E-06    899.515
 9881.00 0.63951916 1.3421E-23 0.0000E+00 0.0000E+00 1.5780E-07 1.5780E-07 0.0000E+00 0.0000E+00 1.5780E-07 4.12E-06 6.76E-06   0.447 1.0000 7.1125E-06    899.743
 9891.00 0.64761966 1.2542E-23 0.0000E+00 0.0000E+00 1.5938E-07 1.5938E-07 0.0000E+00 0.0000E+00 1.5938E-07 4.18E-06 6.77E-06   0.434 1.0000 7.1147E-06    901.047
 9901.00 0.62242633 1.2637E-23 0.0000E+00 0.0000E+00 1.5626E-07 1.5626E-07 0.0000E+00 0.0000E+00 1.5626E-07 4.00E-06 6.77E-06   0.474 1.0000 7.1297E-06    900.658
 9911.00 0.61999315 1.2105E-23 0.0000E+00 0.0000E+00 1.5573E-07 1.5573E-07 0.0000E+00 0.0000E+00 1.5573E-07 3.97E-06 6.75E-06   0.478 1.0000 7.1100E-06    901.204
 9921.00 0.63580126 1.1124E-23 0.0000E+00 0.0000E+00 1.5858E-07 1.5858E-07 0.0000E+00 0.0000E+00 1.5858E-07 4.09E-06 6.76E-06   0.453 1.0000 7.1166E-06    902.975
 9931.00 0.64490503 1.0375E-23 0.0000E+00 0.0000E+00 1.5932E-07 1.5932E-07 0.0000E+00 0.0000E+00 1.5932E-07 4.13E-06 6.73E-06   0.439 1.0000 7.0750E-06    903.977
 9941.00 0.64063257 9.9659E-24 0.0000E+00 0.0000E+00 1.5369E-07 1.5369E-07 0.0000E+00 0.0000E+00 1.5369E-07 3.96E-06 6.51E-06   0.445 1.0000 6.8405E-06    902.662
 9951.00 0.63989443 9.5111E-24 0.0000E+00 0.0000E+00 1.5066E-07 1.5066E-07 0.0000E+00 0.0000E+00 1.5066E-07 3.87E-06 6.37E-06   0.446 1.0000 6.6965E-06    902.262
 9961.00 0.63432515 9.1704E-24 0.0000E+00 0.0000E+00 1.5743E-07 1.5743E-07 0.0000E+00 0.0000E+00 1.5743E-07 4.02E-06 6.67E-06   0.455 1.0000 7.0208E-06    905.507
 9971.00 0.63498038 8.7110E-24 0.0000E+00 0.0000E+00 1.5938E-07 1.5938E-07 0.0000E+00 0.0000E+00 1.5938E-07 4.07E-06 6.74E-06   0.454 1.0000 7.0893E-06    906.948
 9981.00 0.60671258 8.8072E-24 0.0000E+00 0.0000E+00 1.5659E-07 1.5659E-07 0.0000E+00 0.0000E+00 1.5659E-07 3.90E-06 6.76E-06   0.500 1.0000 7.1451E-06    906.674
 9991.00 0.64231879 7.7726E-24 0.0000E+00 0.0000E+00 1.6222E-07 1.6222E-07 0.0000E+00 0.0000E+00 1.6222E-07 4.15E-06 6.79E-06   0.443 1.0000 7.1388E-06    909.438
10001.00 0.63166076 7.5847E-24 0.0000E+00 0.0000E+00 1.6014E-07 1.6014E-07 0.0000E+00 0.0000E+00 1.6014E-07 4.05E-06 6.75E-06   0.459 1.0000 7.1031E-06    909.433
10011.00 0.63720626 7.1310E-24 0.0000E+00 0.0000E+00 1.6154E-07 1.6154E-07 0.0000E+00 0.0000E+00 1.6154E-07 4.10E-06 6.76E-06   0.451 1.0000 7.1150E-06    910.671
10021.00 0.63934964 6.7483E-24 0.0000E+00 0.0000E+00 1.6248E-07 1.6248E-07 0.0000E+00 0.0000E+00 1.6248E-07 4.12E-06 6.78E-06   0.447 1.0000 7.1310E-06    911.743
10031.00 0.63981527 6.4239E-24 0.0000E+00 0.0000E+00 1.6292E-07 1.6292E-07 0.0000E+00 0.0000E+00 1.6292E-07 4.12E-06 6.78E-06   0.447 1.0000 7.1318E-06    912.634
10041.00 0.63708115 6.1584E-24 0.0000E+00 0.0000E+00 1.6248E-07 1.6248E-07 0.0000E+00 0.0000E+00 1.6248E-07 4.09E-06 6.76E-06   0.451 1.0000 7.1164E-06    913.218
10051.00 0.64078093 5.8074E-24 0.0000E+00 0.0000E+00 1.6335E-07 1.6335E-07 0.0000E+00 0.0000E+00 1.6335E-07 4.12E-06 6.76E-06   0.445 1.0000 7.1191E-06    914.261
10061.00 0.63234192 5.6422E-24 0.0000E+00 0.0000E+00 1.6267E-07 1.6267E-07 0.0000E+00 0.0000E+00 1.6267E-07 4.06E-06 6.77E-06   0.458 1.0000 7.1296E-06    914.758
10071.00 0.59736991 5.7791E-24 0.0000E+00 0.0000E+00 1.5743E-07 1.5743E-07 0.0000E+00 0.0000E+00 1.5743E-07 3.81E-06 6.74E-06   0.515 1.0000 7.1221E-06    913.604
10081.00 0.62665308 5.1829E-24 0.0000E+00 0.0000E+00 1.6181E-07 1.6181E-07 0.0000E+00 0.0000E+00 1.6181E-07 4.01E-06 6.74E-06   0.467 1.0000 7.1031E-06    915.926
10091.00 0.61010420 5.1122E-24 0.0000E+00 0.0000E+00 1.5922E-07 1.5922E-07 0.0000E+00 0.0000E+00 1.5922E-07 3.88E-06 6.71E-06   0.494 1.0000 7.0846E-06    915.728
10101.00 0.57557702 5.2442E-24 0.0000E+00 0.0000E+00 1.5345E-07 1.5345E-07 0.0000E+00 0.0000E+00 1.5345E-07 3.61E-06 6.65E-06   0.552 1.0000 7.0367E-06    914.333
10111.00 0.61940980 4.5529E-24 0.0000E+00 0.0000E+00 1.5988E-07 1.5988E-07 0.0000E+00 0.0000E+00 1.5988E-07 3.91E-06 6.66E-06   0.479 1.0000 7.0192E-06    917.437
10121.00 0.58732486 4.5816E-24 0.0000E+00 0.0000E+00 1.5702E-07 1.5702E-07 0.0000E+00 0.0000E+00 1.5702E-07 3.74E-06 6.71E-06   0.532 1.0000 7.1091E-06    917.132
10131.00 0.56766421 4.5477E-24 0.0000E+00 0.0000E+00 1.5356E-07 1.5356E-07 0.0000E+00 0.0000E+00 1.5356E-07 3.58E-06 6.67E-06   0.566 1.0000 7.0756E-06    916.579
10141.00 0.59092391 4.1665E-24 0.0000E+00 0.0000E+00 1.5789E-07 1.5789E-07 0.0000E+00 0.0000E+00 1.5789E-07 3.74E-06 6.70E-06   0.526 1.0000 7.0813E-06    918.919
10151.00 0.50700468 4.5227E-24 0.0000E+00 0.0000E+00 1.4487E-07 1.4487E-07 0.0000E+00 0.0000E+00 1.4487E-07 3.18E-06 6.62E-06   0.679 1.0000 7.1130E-06    914.699
10161.00 0.53284150 4.1348E-24 0.0000E+00 0.0000E+00 1.4885E-07 1.4885E-07 0.0000E+00 0.0000E+00 1.4885E-07 3.35E-06 6.63E-06   0.630 1.0000 7.0884E-06    916.987
10171.00 0.49379304 4.0853E-24 0.0000E+00 0.0000E+00 1.4169E-07 1.4169E-07 0.0000E+00 0.0000E+00 1.4169E-07 3.09E-06 6.55E-06   0.706 1.0000 7.0885E-06    914.890
10181.00 0.47415757 4.0386E-24 0.0000E+00 0.0000E+00 1.3974E-07 1.3974E-07 0.0000E+00 0.0000E+00 1.3974E-07 2.96E-06 6.57E-06   0.746 1.0000 7.1238E-06    914.827
10191.00 0.50038654 3.7441E-24 0.0000E+00 0.0000E+00 1.4511E-07 1.4511E-07 0.0000E+00 0.0000E+00 1.4511E-07 3.14E-06 6.63E-06   0.692 1.0000 7.1342E-06    917.718
10201.00 0.41114113 3.9028E-24 0.0000E+00 0.0000E+00 1.2739E-07 1.2739E-07 0.0000E+00 0.0000E+00 1.2739E-07 2.52E-06 6.37E-06   0.889 1.0000 7.0727E-06    911.028
10211.00 0.38202441 3.8333E-24 0.0000E+00 0.0000E+00 1.2148E-07 1.2148E-07 0.0000E+00 0.0000E+00 1.2148E-07 2.30E-06 6.28E-06   0.962 1.0000 7.0352E-06    909.072
10221.00 0.39270422 3.6087E-24 0.0000E+00 0.0000E+00 1.2399E-07 1.2399E-07 0.0000E+00 0.0000E+00 1.2399E-07 2.38E-06 6.30E-06   0.935 1.0000 7.0526E-06    910.950
10231.00 0.45406905 3.2243E-24 0.0000E+00 0.0000E+00 1.3625E-07 1.3625E-07 0.0000E+00 0.0000E+00 1.3625E-07 2.80E-06 6.47E-06   0.790 1.0000 7.0865E-06    917.032
10241.00 0.31836373 3.4191E-24 0.0000E+00 0.0000E+00 1.0905E-07 1.0905E-07 0.0000E+00 0.0000E+00 1.0905E-07 1.90E-06 6.13E-06   1.145 1.0000 7.0343E-06    905.201
10251.00 0.33823350 3.2662E-24 0.0000E+00 0.0000E+00 1.1514E-07 1.1514E-07 0.0000E+00 0.0000E+00 1.1514E-07 2.04E-06 6.22E-06   1.084 1.0000 7.1175E-06    908.959
10261.00 0.32962874 3.1210E-24 0.0000E+00 0.0000E+00 1.1158E-07 1.1158E-07 0.0000E+00 0.0000E+00 1.1158E-07 1.95E-06 6.12E-06   1.110 1.0000 7.0004E-06    907.925
10271.00 0.33097672 2.9349E-24 0.0000E+00 0.0000E+00 1.1225E-07 1.1225E-07 0.0000E+00 0.0000E+00 1.1225E-07 1.98E-06 6.16E-06   1.106 1.0000 7.0253E-06    908.981
10281.00 0.38944778 2.7191E-24 0.0000E+00 0.0000E+00 1.2624E-07 1.2624E-07 0.0000E+00 0.0000E+00 1.2624E-07 2.37E-06 6.37E-06   0.943 1.0000 7.1074E-06    916.321
10291.00 0.43073118 2.4489E-24 0.0000E+00 0.0000E+00 1.3375E-07 1.3375E-07 0.0000E+00 0.0000E+00 1.3375E-07 2.65E-06 6.41E-06   0.842 1.0000 7.1198E-06    920.342
10301.00 0.44364119 2.2856E-24 0.0000E+00 0.0000E+00 1.3495E-07 1.3495E-07 0.0000E+00 0.0000E+00 1.3495E-07 2.72E-06 6.39E-06   0.813 1.0000 7.0598E-06    921.582
10311.00 0.41688320 2.2651E-24 0.0000E+00 0.0000E+00 1.3199E-07 1.3199E-07 0.0000E+00 0.0000E+00 1.3199E-07 2.56E-06 6.44E-06   0.875 1.0000 7.1065E-06    921.037
10321.00 0.39726239 2.2051E-24 0.0000E+00 0.0000E+00 1.2818E-07 1.2818E-07 0.0000E+00 0.0000E+00 1.2818E-07 2.42E-06 6.40E-06   0.923 1.0000 7.0834E-06    920.091
10331.00 0.42374104 1.9895E-24 0.0000E+00 0.0000E+00 1.3072E-07 1.3072E-07 0.0000E+00 0.0000E+00 1.3072E-07 2.58E-06 6.30E-06   0.859 1.0000 7.0410E-06    921.937
10341.00 0.25365624 2.1275E-24 0.0000E+00 0.0000E+00 9.6703E-08 9.6703E-08 0.0000E+00 0.0000E+00 9.6703E-08 1.49E-06 5.92E-06   1.372 1.0000 7.0807E-06    905.734
10351.00 0.22162320 2.0967E-24 0.0000E+00 0.0000E+00 8.9211E-08 8.9211E-08 0.0000E+00 0.0000E+00 8.9211E-08 1.25E-06 5.76E-06   1.507 1.0000 6.9482E-06    902.023
10361.00 0.22741477 1.9873E-24 0.0000E+00 0.0000E+00 9.2261E-08 9.2261E-08 0.0000E+00 0.0000E+00 9.2261E-08 1.31E-06 5.84E-06   1.481 1.0000 7.0420E-06    904.578
10371.00 0.21971126 1.7746E-24 0.0000E+00 0.0000E+00 8.6596E-08 8.6596E-08 0.0000E+00 0.0000E+00 8.6596E-08 1.28E-06 5.62E-06   1.515 1.0000 7.0259E-06    901.825
10381.00 0.25509971 1.7425E-24 0.0000E+00 0.0000E+00 9.7579E-08 9.7579E-08 0.0000E+00 0.0000E+00 9.7579E-08 1.50E-06 5.92E-06   1.366 1.0000 7.0297E-06    909.096
10391.00 0.14432797 1.6981E-24 0.0000E+00 0.0000E+00 7.1333E-08 7.1333E-08 0.0000E+00 0.0000E+00 7.1333E-08 8.05E-07 5.40E-06   1.936 1.0000 7.0152E-06    892.790
10401.00 0.21608537 1.6331E-24 0.0000E+00 0.0000E+00 9.1476E-08 9.1476E-08 0.0000E+00 0.0000E+00 9.1476E-08 1.26E-06 5.87E-06   1.532 1.0000 7.1156E-06    906.964
10411.00 0.17151617 1.5479E-24 0.0000E+00 0.0000E+00 7.8551E-08 7.8551E-08 0.0000E+00 0.0000E+00 7.8551E-08 9.62E-07 5.56E-06   1.763 1.0000 7.0090E-06    899.376
10421.00 0.09761781 1.4242E-24 0.0000E+00 0.0000E+00 5.8958E-08 5.8958E-08 0.0000E+00 0.0000E+00 5.8958E-08 5.27E-07 5.16E-06   2.327 1.0000 7.1097E-06    884.842
10431.00 0.14917605 1.3686E-24 0.0000E+00 0.0000E+00 7.3092E-08 7.3092E-08 0.0000E+00 0.0000E+00 7.3092E-08 8.43E-07 5.45E-06   1.903 1.0000 7.1282E-06    896.914
10441.00 0.20911294 1.3330E-24 0.0000E+00 0.0000E+00 8.8586E-08 8.8586E-08 0.0000E+00 0.0000E+00 8.8586E-08 1.19E-06 5.72E-06   1.565 1.0000 7.0319E-06    908.051
10451.00 0.10171237 1.2212E-24 0.0000E+00 0.0000E+00 5.9570E-08 5.9570E-08 0.0000E+00 0.0000E+00 5.9570E-08 5.49E-07 5.15E-06   2.286 1.0000 7.0411E-06    887.479
10461.00 0.10678769 1.1503E-24 0.0000E+00 0.0000E+00 6.0029E-08 6.0029E-08 0.0000E+00 0.0000E+00 6.0029E-08 5.78E-07 5.12E-06   2.237 1.0000 7.0152E-06    888.581
10471.00 0.10870856 1.1459E-24 0.0000E+00 0.0000E+00 6.0670E-08 6.0670E-08 0.0000E+00 0.0000E+00 6.0670E-08 5.49E-07 4.98E-06   2.219 1.0000 6.6482E-06    889.837
10481.00 0.12734519 1.1082E-24 0.0000E+00 0.0000E+00 6.9200E-08 6.9200E-08 0.0000E+00 0.0000E+00 6.9200E-08 6.81E-07 5.33E-06   2.061 1.0000 6.9292E-06    897.509
10491.00 0.10474694 1.0152E-24 0.0000E+00 0.0000E+00 6.1858E-08 6.1858E-08 0.0000E+00 0.0000E+00 6.1858E-08 5.62E-07 5.20E-06   2.256 1.0000 7.0576E-06    892.257
10501.00 0.04180798 8.8263E-25 0.0000E+00 0.0000E+00 4.0983E-08 4.0983E-08 0.0000E+00 0.0000E+00 4.0983E-08 2.06E-07 4.64E-06   3.175 1.0000 7.1082E-06    871.746
10511.00 0.15533775 9.9913E-25 0.0000E+00 0.0000E+00 8.0890E-08 8.0890E-08 0.0000E+00 0.0000E+00 8.0890E-08 8.45E-07 5.78E-06   1.862 1.0000 7.0870E-06    908.051
10521.00 0.07582834 8.1200E-25 0.0000E+00 0.0000E+00 5.0263E-08 5.0263E-08 0.0000E+00 0.0000E+00 5.0263E-08 3.98E-07 4.77E-06   2.579 1.0000 7.0837E-06    883.521
10531.00 0.08531472 7.8221E-25 0.0000E+00 0.0000E+00 5.4524E-08 5.4524E-08 0.0000E+00 0.0000E+00 5.4524E-08 4.61E-07 4.91E-06   2.461 1.0000 7.1337E-06    888.432
10541.00 0.09635931 7.8422E-25 0.0000E+00 0.0000E+00 6.0174E-08 6.0174E-08 0.0000E+00 0.0000E+00 6.0174E-08 5.13E-07 5.09E-06   2.340 1.0000 7.1238E-06    894.297
10551.00 0.07864679 7.1774E-25 0.0000E+00 0.0000E+00 5.3301E-08 5.3301E-08 0.0000E+00 0.0000E+00 5.3301E-08 4.13E-07 4.92E-06   2.543 1.0000 7.1123E-06    888.640
10561.00 0.07631969 6.9536E-25 0.0000E+00 0.0000E+00 5.3550E-08 5.3550E-08 0.0000E+00 0.0000E+00 5.3550E-08 3.92E-07 4.98E-06   2.573 1.0000 7.0759E-06    889.578
10571.00 0.05067444 6.1670E-25 0.0000E+00 0.0000E+00 4.2750E-08 4.2750E-08 0.0000E+00 0.0000E+00 4.2750E-08 2.51E-07 4.51E-06   2.982 1.0000 7.0632E-06    878.687
10581.00 0.08980444 6.4941E-25 0.0000E+00 0.0000E+00 5.8496E-08 5.8496E-08 0.0000E+00 0.0000E+00 5.8496E-08 4.63E-07 5.09E-06   2.410 1.0000 7.0083E-06    895.597
10591.00 0.04966699 5.3267E-25 0.0000E+00 0.0000E+00 3.9284E-08 3.9284E-08 0.0000E+00 0.0000E+00 3.9284E-08 2.49E-07 4.25E-06   3.002 1.0000 6.9242E-06    875.784
10601.00 0.07066018 5.4642E-25 0.0000E+00 0.0000E+00 4.9182E-08 4.9182E-08 0.0000E+00 0.0000E+00 4.9182E-08 3.57E-07 4.65E-06   2.650 1.0000 7.0103E-06    887.934
10611.00 0.08263483 5.6482E-25 0.0000E+00 0.0000E+00 5.7514E-08 5.7514E-08 0.0000E+00 0.0000E+00 5.7514E-08 4.10E-07 5.08E-06   2.493 1.0000 7.0013E-06    896.795
10621.00 0.09537681 5.5178E-25 0.0000E+00 0.0000E+00 5.9245E-08 5.9245E-08 0.0000E+00 0.0000E+00 5.9245E-08 4.57E-07 5.07E-06   2.350 1.0000 6.6904E-06    899.056
10631.00 0.09236000 5.2986E-25 0.0000E+00 0.0000E+00 6.2006E-08 6.2006E-08 0.0000E+00 0.0000E+00 6.2006E-08 4.66E-07 5.27E-06   2.382 1.0000 6.9249E-06    902.171
10641.00 0.16817966 5.2708E-25 0.0000E+00 0.0000E+00 8.6059E-08 8.6059E-08 0.0000E+00 0.0000E+00 8.6059E-08 9.16E-07 5.80E-06   1.783 1.0000 7.0679E-06    920.667
10651.00 0.08308107 4.3422E-25 0.0000E+00 0.0000E+00 5.4519E-08 5.4519E-08 0.0000E+00 0.0000E+00 5.4519E-08 4.35E-07 4.83E-06   2.488 1.0000 7.0860E-06    896.764
10661.00 0.02211542 3.6264E-25 0.0000E+00 0.0000E+00 3.1701E-08 3.1701E-08 0.0000E+00 0.0000E+00 3.1701E-08 9.92E-08 4.20E-06   3.811 1.0000 7.1135E-06    869.863
10671.00 0.02085906 3.3815E-25 0.0000E+00 0.0000E+00 3.0489E-08 3.0489E-08 0.0000E+00 0.0000E+00 3.0489E-08 9.42E-08 4.19E-06   3.870 1.0000 7.1053E-06    868.619
10681.00 0.02610290 3.3559E-25 0.0000E+00 0.0000E+00 3.3691E-08 3.3691E-08 0.0000E+00 0.0000E+00 3.3691E-08 1.19E-07 4.19E-06   3.646 1.0000 7.0271E-06    874.234
10691.00 0.04442790 3.3470E-25 0.0000E+00 0.0000E+00 4.1568E-08 4.1568E-08 0.0000E+00 0.0000E+00 4.1568E-08 2.12E-07 4.37E-06   3.114 1.0000 7.0496E-06    885.495
10701.00 0.01382616 2.6359E-25 0.0000E+00 0.0000E+00 2.3615E-08 2.3615E-08 0.0000E+00 0.0000E+00 2.3615E-08 6.27E-08 3.63E-06   4.281 1.0000 7.1224E-06    858.248
10711.00 0.02159369 2.8285E-25 0.0000E+00 0.0000E+00 3.2470E-08 3.2470E-08 0.0000E+00 0.0000E+00 3.2470E-08 1.01E-07 4.37E-06   3.835 1.0000 7.1299E-06    874.434
10721.00 0.03249025 2.8545E-25 0.0000E+00 0.0000E+00 3.8397E-08 3.8397E-08 0.0000E+00 0.0000E+00 3.8397E-08 1.56E-07 4.54E-06   3.427 1.0000 7.1129E-06    883.515
10731.00 0.05694893 2.8267E-25 0.0000E+00 0.0000E+00 4.7287E-08 4.7287E-08 0.0000E+00 0.0000E+00 4.7287E-08 2.89E-07 4.57E-06   2.866 1.0000 7.0795E-06    894.871
10741.00 0.11074090 2.9960E-25 0.0000E+00 0.0000E+00 6.8707E-08 6.8707E-08 0.0000E+00 0.0000E+00 6.8707E-08 5.94E-07 5.32E-06   2.201 1.0000 7.1186E-06    915.379
10751.00 0.13846792 2.9171E-25 0.0000E+00 0.0000E+00 7.7701E-08 7.7701E-08 0.0000E+00 0.0000E+00 7.7701E-08 7.61E-07 5.58E-06   1.977 1.0000 7.0904E-06    922.803
10761.00 0.19613381 2.8361E-25 0.0000E+00 0.0000E+00 9.3935E-08 9.3935E-08 0.0000E+00 0.0000E+00 9.3935E-08 1.10E-06 5.90E-06   1.629 1.0000 7.0349E-06    934.079
10771.00 0.21036460 2.6736E-25 0.0000E+00 0.0000E+00 9.8457E-08 9.8457E-08 0.0000E+00 0.0000E+00 9.8457E-08 1.21E-06 6.01E-06   1.559 1.0000 7.1304E-06    937.448
10781.00 0.30620953 2.4840E-25 0.0000E+00 0.0000E+00 1.2217E-07 1.2217E-07 0.0000E+00 0.0000E+00 1.2217E-07 1.81E-06 6.32E-06   1.183 1.0000 7.1406E-06    950.565
10791.00 0.38870761 2.2394E-25 0.0000E+00 0.0000E+00 1.3810E-07 1.3810E-07 0.0000E+00 0.0000E+00 1.3810E-07 2.31E-06 6.37E-06   0.945 1.0000 6.9990E-06    958.482
10801.00 0.38595384 2.1247E-25 0.0000E+00 0.0000E+00 1.3358E-07 1.3358E-07 0.0000E+00 0.0000E+00 1.3358E-07 2.23E-06 6.17E-06   0.952 1.0000 6.8221E-06    957.240
10811.00 0.36660501 2.0052E-25 0.0000E+00 0.0000E+00 1.3160E-07 1.3160E-07 0.0000E+00 0.0000E+00 1.3160E-07 2.17E-06 6.23E-06   1.003 1.0000 6.9842E-06    957.084
10821.00 0.34317377 1.9701E-25 0.0000E+00 0.0000E+00 1.2676E-07 1.2676E-07 0.0000E+00 0.0000E+00 1.2676E-07 2.00E-06 6.19E-06   1.070 1.0000 6.9254E-06    955.604
10831.00 0.40185139 1.7798E-25 0.0000E+00 0.0000E+00 1.3353E-07 1.3353E-07 0.0000E+00 0.0000E+00 1.3353E-07 2.28E-06 6.03E-06   0.912 1.0000 6.6572E-06    959.386
10841.00 0.44702297 1.5791E-25 0.0000E+00 0.0000E+00 1.4613E-07 1.4613E-07 0.0000E+00 0.0000E+00 1.4613E-07 2.66E-06 6.25E-06   0.805 1.0000 6.8867E-06    965.469
10851.00 0.38876468 1.6137E-25 0.0000E+00 0.0000E+00 1.3435E-07 1.3435E-07 0.0000E+00 0.0000E+00 1.3435E-07 2.26E-06 6.13E-06   0.945 1.0000 6.8426E-06    961.194
10861.00 0.45918632 1.4447E-25 0.0000E+00 0.0000E+00 1.5256E-07 1.5256E-07 0.0000E+00 0.0000E+00 1.5256E-07 2.77E-06 6.42E-06   0.778 1.0000 6.9906E-06    969.500
10871.00 0.40982935 1.3518E-25 0.0000E+00 0.0000E+00 1.4080E-07 1.4080E-07 0.0000E+00 0.0000E+00 1.4080E-07 2.50E-06 6.29E-06   0.892 1.0000 7.0910E-06    965.423
10881.00 0.38829017 1.3795E-25 0.0000E+00 0.0000E+00 1.4023E-07 1.4023E-07 0.0000E+00 0.0000E+00 1.4023E-07 2.36E-06 6.36E-06   0.946 1.0000 7.1322E-06    965.906
10891.00 0.28109190 1.4002E-25 0.0000E+00 0.0000E+00 1.1487E-07 1.1487E-07 0.0000E+00 0.0000E+00 1.1487E-07 1.65E-06 6.03E-06   1.269 1.0000 7.0869E-06    954.876
10901.00 0.25742701 1.3555E-25 0.0000E+00 0.0000E+00 1.0909E-07 1.0909E-07 0.0000E+00 0.0000E+00 1.0909E-07 1.49E-06 5.97E-06   1.357 1.0000 7.0299E-06    952.600
10911.00 0.34459478 1.2305E-25 0.0000E+00 0.0000E+00 1.3097E-07 1.3097E-07 0.0000E+00 0.0000E+00 1.3097E-07 2.07E-06 6.28E-06   1.065 1.0000 7.1167E-06    964.012
10921.00 0.21862182 1.1973E-25 0.0000E+00 0.0000E+00 9.8686E-08 9.8686E-08 0.0000E+00 0.0000E+00 9.8686E-08 1.27E-06 5.77E-06   1.520 1.0000 7.1418E-06    948.256
10931.00 0.33724552 1.1537E-25 0.0000E+00 0.0000E+00 1.3044E-07 1.3044E-07 0.0000E+00 0.0000E+00 1.3044E-07 1.98E-06 6.29E-06   1.087 1.0000 7.0585E-06    965.214
10941.00 0.25789869 1.0751E-25 0.0000E+00 0.0000E+00 1.0961E-07 1.0961E-07 0.0000E+00 0.0000E+00 1.0961E-07 1.53E-06 5.93E-06   1.355 1.0000 7.1797E-06    955.730
10951.00 0.24210522 1.0484E-25 0.0000E+00 0.0000E+00 1.0796E-07 1.0796E-07 0.0000E+00 0.0000E+00 1.0796E-07 1.43E-06 6.01E-06   1.418 1.0000 7.2169E-06    955.567
10961.00 0.33308113 9.4963E-26 0.0000E+00 0.0000E+00 1.2774E-07 1.2774E-07 0.0000E+00 0.0000E+00 1.2774E-07 2.00E-06 6.11E-06   1.099 1.0000 7.0517E-06    966.135
10971.00 0.36190861 8.8882E-26 0.0000E+00 0.0000E+00 1.3253E-07 1.3253E-07 0.0000E+00 0.0000E+00 1.3253E-07 2.14E-06 6.14E-06   1.016 1.0000 6.9688E-06    969.040
10981.00 0.29763520 8.6908E-26 0.0000E+00 0.0000E+00 1.1923E-07 1.1923E-07 0.0000E+00 0.0000E+00 1.1923E-07 1.77E-06 6.01E-06   1.212 1.0000 7.0849E-06    963.505
10991.00 0.29928508 8.4415E-26 0.0000E+00 0.0000E+00 1.1888E-07 1.1888E-07 0.0000E+00 0.0000E+00 1.1888E-07 1.73E-06 5.95E-06   1.206 1.0000 6.9574E-06    964.049
11001.00 0.30293608 7.9040E-26 0.0000E+00 0.0000E+00 1.1800E-07 1.1800E-07 0.0000E+00 0.0000E+00 1.1800E-07 1.75E-06 5.82E-06   1.194 1.0000 6.8715E-06    964.332
11011.00 0.31068212 7.2596E-26 0.0000E+00 0.0000E+00 1.2050E-07 1.2050E-07 0.0000E+00 0.0000E+00 1.2050E-07 1.85E-06 5.91E-06   1.169 1.0000 7.0129E-06    966.279
11021.00 0.29794678 7.2833E-26 0.0000E+00 0.0000E+00 1.2233E-07 1.2233E-07 0.0000E+00 0.0000E+00 1.2233E-07 1.76E-06 6.04E-06   1.211 1.0000 7.1591E-06    967.885
11031.00 0.35426936 6.7808E-26 0.0000E+00 0.0000E+00 1.3444E-07 1.3444E-07 0.0000E+00 0.0000E+00 1.3444E-07 2.10E-06 6.16E-06   1.038 1.0000 6.9952E-06    974.217
11041.00 0.44275197 5.9314E-26 0.0000E+00 0.0000E+00 1.5685E-07 1.5685E-07 0.0000E+00 0.0000E+00 1.5685E-07 2.73E-06 6.47E-06   0.815 1.0000 7.1647E-06    984.250
11051.00 0.44820389 5.6347E-26 0.0000E+00 0.0000E+00 1.5942E-07 1.5942E-07 0.0000E+00 0.0000E+00 1.5942E-07 2.78E-06 6.55E-06   0.803 1.0000 7.2125E-06    985.969
11061.00 0.46677503 5.2819E-26 0.0000E+00 0.0000E+00 1.6364E-07 1.6364E-07 0.0000E+00 0.0000E+00 1.6364E-07 2.90E-06 6.58E-06   0.762 1.0000 7.1991E-06    988.297
11071.00 0.37681180 5.4279E-26 0.0000E+00 0.0000E+00 1.4218E-07 1.4218E-07 0.0000E+00 0.0000E+00 1.4218E-07 2.27E-06 6.28E-06   0.976 1.0000 7.1309E-06    980.466
11081.00 0.30417952 5.3564E-26 0.0000E+00 0.0000E+00 1.2072E-07 1.2072E-07 0.0000E+00 0.0000E+00 1.2072E-07 1.75E-06 5.85E-06   1.190 1.0000 6.9276E-06    971.408
11091.00 0.31538504 5.0851E-26 0.0000E+00 0.0000E+00 1.1861E-07 1.1861E-07 0.0000E+00 0.0000E+00 1.1861E-07 1.74E-06 5.67E-06   1.154 1.0000 6.6409E-06    971.079
11101.00 0.27639288 4.8961E-26 0.0000E+00 0.0000E+00 1.1452E-07 1.1452E-07 0.0000E+00 0.0000E+00 1.1452E-07 1.58E-06 5.80E-06   1.286 1.0000 6.9341E-06    969.724
11111.00 0.35454705 4.3960E-26 0.0000E+00 0.0000E+00 1.3327E-07 1.3327E-07 0.0000E+00 0.0000E+00 1.3327E-07 2.09E-06 5.99E-06   1.037 1.0000 6.9855E-06    979.455
11121.00 0.20403741 4.3375E-26 0.0000E+00 0.0000E+00 9.6662E-08 9.6662E-08 0.0000E+00 0.0000E+00 9.6662E-08 1.19E-06 5.64E-06   1.589 1.0000 7.1540E-06    961.262
11131.00 0.36096111 3.9433E-26 0.0000E+00 0.0000E+00 1.3801E-07 1.3801E-07 0.0000E+00 0.0000E+00 1.3801E-07 2.18E-06 6.17E-06   1.019 1.0000 7.1521E-06    982.995
11141.00 0.33341846 3.9209E-26 0.0000E+00 0.0000E+00 1.3276E-07 1.3276E-07 0.0000E+00 0.0000E+00 1.3276E-07 1.98E-06 6.16E-06   1.098 1.0000 7.1081E-06    981.379
11151.00 0.32765523 3.7151E-26 0.0000E+00 0.0000E+00 1.3116E-07 1.3116E-07 0.0000E+00 0.0000E+00 1.3116E-07 1.95E-06 6.11E-06   1.116 1.0000 7.1052E-06    981.372
11161.00 0.38961440 3.4362E-26 0.0000E+00 0.0000E+00 1.4968E-07 1.4968E-07 0.0000E+00 0.0000E+00 1.4968E-07 2.40E-06 6.43E-06   0.943 1.0000 7.2334E-06    990.089
11171.00 0.41651526 3.2166E-26 0.0000E+00 0.0000E+00 1.5251E-07 1.5251E-07 0.0000E+00 0.0000E+00 1.5251E-07 2.51E-06 6.36E-06   0.876 1.0000 7.0471E-06    991.956
11181.00 0.48523968 2.8465E-26 0.0000E+00 0.0000E+00 1.6807E-07 1.6807E-07 0.0000E+00 0.0000E+00 1.6807E-07 2.97E-06 6.50E-06   0.723 1.0000 7.0589E-06    998.668
11191.00 0.48803741 2.7143E-26 0.0000E+00 0.0000E+00 1.7107E-07 1.7107E-07 0.0000E+00 0.0000E+00 1.7107E-07 3.02E-06 6.58E-06   0.717 1.0000 7.1368E-06   1000.494
11201.00 0.53353262 2.4352E-26 0.0000E+00 0.0000E+00 1.7664E-07 1.7664E-07 0.0000E+00 0.0000E+00 1.7664E-07 3.25E-06 6.48E-06   0.628 1.0000 6.9786E-06   1003.216
11211.00 0.54665244 2.2770E-26 0.0000E+00 0.0000E+00 1.8326E-07 1.8326E-07 0.0000E+00 0.0000E+00 1.8326E-07 3.40E-06 6.63E-06   0.604 1.0000 7.1244E-06   1006.249
11221.00 0.57241595 2.0769E-26 0.0000E+00 0.0000E+00 1.8972E-07 1.8972E-07 0.0000E+00 0.0000E+00 1.8972E-07 3.60E-06 6.69E-06   0.558 1.0000 7.1611E-06   1009.161
11231.00 0.56571549 1.9977E-26 0.0000E+00 0.0000E+00 1.8998E-07 1.8998E-07 0.0000E+00 0.0000E+00 1.8998E-07 3.57E-06 6.73E-06   0.570 1.0000 7.2119E-06   1009.976
11241.00 0.57169622 1.8828E-26 0.0000E+00 0.0000E+00 1.8958E-07 1.8958E-07 0.0000E+00 0.0000E+00 1.8958E-07 3.58E-06 6.67E-06   0.559 1.0000 7.1417E-06   1010.573
11251.00 0.57772094 1.7666E-26 0.0000E+00 0.0000E+00 1.9148E-07 1.9148E-07 0.0000E+00 0.0000E+00 1.9148E-07 3.63E-06 6.69E-06   0.549 1.0000 7.1598E-06   1011.934
11261.00 0.56270152 1.7254E-26 0.0000E+00 0.0000E+00 1.8723E-07 1.8723E-07 0.0000E+00 0.0000E+00 1.8723E-07 3.50E-06 6.62E-06   0.575 1.0000 7.1006E-06   1011.246
11271.00 0.57625163 1.6064E-26 0.0000E+00 0.0000E+00 1.8686E-07 1.8686E-07 0.0000E+00 0.0000E+00 1.8686E-07 3.53E-06 6.51E-06   0.551 1.0000 6.9712E-06   1011.853
11281.00 0.56624681 1.5549E-26 0.0000E+00 0.0000E+00 1.7899E-07 1.7899E-07 0.0000E+00 0.0000E+00 1.7899E-07 3.34E-06 6.29E-06   0.569 1.0000 6.7401E-06   1009.869
11291.00 0.56554717 1.4841E-26 0.0000E+00 0.0000E+00 1.8965E-07 1.8965E-07 0.0000E+00 0.0000E+00 1.8965E-07 3.53E-06 6.65E-06   0.570 1.0000 7.1282E-06   1014.249
11301.00 0.58026993 1.3748E-26 0.0000E+00 0.0000E+00 1.9295E-07 1.9295E-07 0.0000E+00 0.0000E+00 1.9295E-07 3.64E-06 6.67E-06   0.544 1.0000 7.1331E-06   1016.074
11311.00 0.57777596 1.3147E-26 0.0000E+00 0.0000E+00 1.9020E-07 1.9020E-07 0.0000E+00 0.0000E+00 1.9020E-07 3.57E-06 6.57E-06   0.549 1.0000 7.0365E-06   1015.893
11321.00 0.57600635 1.2558E-26 0.0000E+00 0.0000E+00 1.9253E-07 1.9253E-07 0.0000E+00 0.0000E+00 1.9253E-07 3.60E-06 6.65E-06   0.552 1.0000 7.1226E-06   1017.396
11331.00 0.57565325 1.1950E-26 0.0000E+00 0.0000E+00 1.8874E-07 1.8874E-07 0.0000E+00 0.0000E+00 1.8874E-07 3.52E-06 6.51E-06   0.552 1.0000 6.9746E-06   1016.863
11341.00 0.57577753 1.1371E-26 0.0000E+00 0.0000E+00 1.9229E-07 1.9229E-07 0.0000E+00 0.0000E+00 1.9229E-07 3.58E-06 6.62E-06   0.552 1.0000 7.0920E-06   1018.775
11351.00 0.57735574 1.0788E-26 0.0000E+00 0.0000E+00 1.8235E-07 1.8235E-07 0.0000E+00 0.0000E+00 1.8235E-07 3.39E-06 6.26E-06   0.549 1.0000 6.7048E-06   1016.141
11361.00 0.57706231 1.0275E-26 0.0000E+00 0.0000E+00 1.9312E-07 1.9312E-07 0.0000E+00 0.0000E+00 1.9312E-07 3.59E-06 6.62E-06   0.550 1.0000 7.0885E-06   1020.509
11371.00 0.58036828 9.7119E-27 0.0000E+00 0.0000E+00 1.9148E-07 1.9148E-07 0.0000E+00 0.0000E+00 1.9148E-07 3.56E-06 6.53E-06   0.544 1.0000 6.9944E-06   1020.698
11381.00 0.57737464 9.2997E-27 0.0000E+00 0.0000E+00 1.9585E-07 1.9585E-07 0.0000E+00 0.0000E+00 1.9585E-07 3.63E-06 6.69E-06   0.549 1.0000 7.1623E-06   1022.868
11391.00 0.57905132 8.8182E-27 0.0000E+00 0.0000E+00 1.9481E-07 1.9481E-07 0.0000E+00 0.0000E+00 1.9481E-07 3.61E-06 6.63E-06   0.546 1.0000 7.1013E-06   1023.256
11401.00 0.57902813 8.3913E-27 0.0000E+00 0.0000E+00 1.9563E-07 1.9563E-07 0.0000E+00 0.0000E+00 1.9563E-07 3.62E-06 6.65E-06   0.546 1.0000 7.1195E-06   1024.256
11411.00 0.57794535 8.0025E-27 0.0000E+00 0.0000E+00 1.9496E-07 1.9496E-07 0.0000E+00 0.0000E+00 1.9496E-07 3.59E-06 6.62E-06   0.548 1.0000 7.0904E-06   1024.764
11421.00 0.57862222 7.6042E-27 0.0000E+00 0.0000E+00 1.8956E-07 1.8956E-07 0.0000E+00 0.0000E+00 1.8956E-07 3.49E-06 6.42E-06   0.547 1.0000 6.8786E-06   1023.701
11431.00 0.57807904 7.2438E-27 0.0000E+00 0.0000E+00 1.9283E-07 1.9283E-07 0.0000E+00 0.0000E+00 1.9283E-07 3.54E-06 6.52E-06   0.548 1.0000 6.9893E-06   1025.521
11441.00 0.57738870 6.9025E-27 0.0000E+00 0.0000E+00 1.9409E-07 1.9409E-07 0.0000E+00 0.0000E+00 1.9409E-07 3.56E-06 6.56E-06   0.549 1.0000 7.0284E-06   1026.670
11451.00 0.57757014 6.5656E-27 0.0000E+00 0.0000E+00 1.9603E-07 1.9603E-07 0.0000E+00 0.0000E+00 1.9603E-07 3.59E-06 6.61E-06   0.549 1.0000 7.0859E-06   1028.037
11461.00 0.57727158 6.2510E-27 0.0000E+00 0.0000E+00 1.9851E-07 1.9851E-07 0.0000E+00 0.0000E+00 1.9851E-07 3.62E-06 6.68E-06   0.549 1.0000 7.1660E-06   1029.571
11471.00 0.57672262 5.9547E-27 0.0000E+00 0.0000E+00 1.9540E-07 1.9540E-07 0.0000E+00 0.0000E+00 1.9540E-07 3.56E-06 6.57E-06   0.550 1.0000 7.0465E-06   1029.288
11481.00 0.57577425 5.6773E-27 0.0000E+00 0.0000E+00 1.9669E-07 1.9669E-07 0.0000E+00 0.0000E+00 1.9669E-07 3.57E-06 6.61E-06   0.552 1.0000 7.0883E-06   1030.441
11491.00 0.57560742 5.4039E-27 0.0000E+00 0.0000E+00 1.9678E-07 1.9678E-07 0.0000E+00 0.0000E+00 1.9678E-07 3.57E-06 6.60E-06   0.552 1.0000 7.0811E-06   1031.199
11501.00 0.57499194 5.1481E-27 0.0000E+00 0.0000E+00 1.9221E-07 1.9221E-07 0.0000E+00 0.0000E+00 1.9221E-07 3.48E-06 6.44E-06   0.553 1.0000 6.9103E-06   1030.419
11511.00 0.57447898 4.9037E-27 0.0000E+00 0.0000E+00 1.9122E-07 1.9122E-07 0.0000E+00 0.0000E+00 1.9122E-07 3.45E-06 6.40E-06   0.554 1.0000 6.8667E-06   1030.816
11521.00 0.57378078 4.6726E-27 0.0000E+00 0.0000E+00 1.9211E-07 1.9211E-07 0.0000E+00 0.0000E+00 1.9211E-07 3.46E-06 6.42E-06   0.556 1.0000 6.8922E-06   1031.842
11531.00 0.57311606 4.4520E-27 0.0000E+00 0.0000E+00 1.8510E-07 1.8510E-07 0.0000E+00 0.0000E+00 1.8510E-07 3.32E-06 6.18E-06   0.557 1.0000 6.6351E-06   1030.189
11541.00 0.57259464 4.2406E-27 0.0000E+00 0.0000E+00 1.4737E-07 1.4737E-07 0.0000E+00 0.0000E+00 1.4737E-07 2.64E-06 4.91E-06   0.558 1.0000 5.2774E-06   1016.530
11551.00 0.57177824 4.0416E-27 0.0000E+00 0.0000E+00 1.8754E-07 1.8754E-07 0.0000E+00 0.0000E+00 1.8754E-07 3.35E-06 6.25E-06   0.559 1.0000 6.7102E-06   1032.479
11561.00 0.57119989 3.8505E-27 0.0000E+00 0.0000E+00 1.9719E-07 1.9719E-07 0.0000E+00 0.0000E+00 1.9719E-07 3.51E-06 6.56E-06   0.560 1.0000 7.0485E-06   1036.438
11571.00 0.57080793 3.6667E-27 0.0000E+00 0.0000E+00 2.0104E-07 2.0104E-07 0.0000E+00 0.0000E+00 2.0104E-07 3.57E-06 6.68E-06   0.561 1.0000 7.1778E-06   1038.416
11581.00 0.56970620 3.4962E-27 0.0000E+00 0.0000E+00 1.9981E-07 1.9981E-07 0.0000E+00 0.0000E+00 1.9981E-07 3.54E-06 6.63E-06   0.563 1.0000 7.1315E-06   1038.749
11591.00 0.56747001 3.3419E-27 0.0000E+00 0.0000E+00 1.9974E-07 1.9974E-07 0.0000E+00 0.0000E+00 1.9974E-07 3.53E-06 6.63E-06   0.567 1.0000 7.1338E-06   1039.457
11601.00 0.56834579 3.1743E-27 0.0000E+00 0.0000E+00 1.9695E-07 1.9695E-07 0.0000E+00 0.0000E+00 1.9695E-07 3.47E-06 6.52E-06   0.565 1.0000 7.0173E-06   1039.273
11611.00 0.56591326 3.0352E-27 0.0000E+00 0.0000E+00 1.9652E-07 1.9652E-07 0.0000E+00 0.0000E+00 1.9652E-07 3.45E-06 6.51E-06   0.569 1.0000 7.0074E-06   1039.860
11621.00 0.56645656 2.8851E-27 0.0000E+00 0.0000E+00 1.9884E-07 1.9884E-07 0.0000E+00 0.0000E+00 1.9884E-07 3.49E-06 6.57E-06   0.568 1.0000 7.0763E-06   1041.351
11631.00 0.56386167 2.7588E-27 0.0000E+00 0.0000E+00 1.9722E-07 1.9722E-07 0.0000E+00 0.0000E+00 1.9722E-07 3.44E-06 6.52E-06   0.573 1.0000 7.0263E-06   1041.548
11641.00 0.56131512 2.6387E-27 0.0000E+00 0.0000E+00 1.9671E-07 1.9671E-07 0.0000E+00 0.0000E+00 1.9671E-07 3.42E-06 6.51E-06   0.577 1.0000 7.0154E-06   1042.108
11651.00 0.56260341 2.5042E-27 0.0000E+00 0.0000E+00 1.9727E-07 1.9727E-07 0.0000E+00 0.0000E+00 1.9727E-07 3.43E-06 6.51E-06   0.575 1.0000 7.0154E-06   1043.020
11661.00 0.55340075 2.4249E-27 0.0000E+00 0.0000E+00 1.9927E-07 1.9927E-07 0.0000E+00 0.0000E+00 1.9927E-07 3.42E-06 6.62E-06   0.592 1.0000 7.1406E-06   1044.405
11671.00 0.55977827 2.2797E-27 0.0000E+00 0.0000E+00 2.0114E-07 2.0114E-07 0.0000E+00 0.0000E+00 2.0114E-07 3.47E-06 6.63E-06   0.580 1.0000 7.1519E-06   1045.742
11681.00 0.55509371 2.1874E-27 0.0000E+00 0.0000E+00 1.9721E-07 1.9721E-07 0.0000E+00 0.0000E+00 1.9721E-07 3.38E-06 6.52E-06   0.589 1.0000 7.0342E-06   1045.185
11691.00 0.55249226 2.0914E-27 0.0000E+00 0.0000E+00 1.9084E-07 1.9084E-07 0.0000E+00 0.0000E+00 1.9084E-07 3.26E-06 6.31E-06   0.593 1.0000 6.8153E-06   1043.781
11701.00 0.55004078 1.9968E-27 0.0000E+00 0.0000E+00 1.4289E-07 1.4289E-07 0.0000E+00 0.0000E+00 1.4289E-07 2.43E-06 4.73E-06   0.598 1.0000 5.1054E-06   1026.089
11711.00 0.54343981 1.9243E-27 0.0000E+00 0.0000E+00 1.6988E-07 1.6988E-07 0.0000E+00 0.0000E+00 1.6988E-07 2.87E-06 5.64E-06   0.610 1.0000 6.0975E-06   1037.743
11721.00 0.55108970 1.8068E-27 0.0000E+00 0.0000E+00 1.9498E-07 1.9498E-07 0.0000E+00 0.0000E+00 1.9498E-07 3.31E-06 6.42E-06   0.596 1.0000 6.9393E-06   1047.356
11731.00 0.54348081 1.7413E-27 0.0000E+00 0.0000E+00 1.9681E-07 1.9681E-07 0.0000E+00 0.0000E+00 1.9681E-07 3.31E-06 6.52E-06   0.610 1.0000 7.0489E-06   1048.692
11741.00 0.53424168 1.6813E-27 0.0000E+00 0.0000E+00 1.8941E-07 1.8941E-07 0.0000E+00 0.0000E+00 1.8941E-07 3.15E-06 6.32E-06   0.627 1.0000 6.8430E-06   1046.926
11751.00 0.54152668 1.5810E-27 0.0000E+00 0.0000E+00 1.9794E-07 1.9794E-07 0.0000E+00 0.0000E+00 1.9794E-07 3.31E-06 6.54E-06   0.613 1.0000 7.0799E-06   1050.517
11761.00 0.54660159 1.4931E-27 0.0000E+00 0.0000E+00 1.7665E-07 1.7665E-07 0.0000E+00 0.0000E+00 1.7665E-07 2.96E-06 5.80E-06   0.604 1.0000 6.2711E-06   1043.867
11771.00 0.54438108 1.4260E-27 0.0000E+00 0.0000E+00 1.8930E-07 1.8930E-07 0.0000E+00 0.0000E+00 1.8930E-07 3.16E-06 6.22E-06   0.608 1.0000 6.7248E-06   1049.066
11781.00 0.54392397 1.3565E-27 0.0000E+00 0.0000E+00 2.0119E-07 2.0119E-07 0.0000E+00 0.0000E+00 2.0119E-07 3.35E-06 6.60E-06   0.609 1.0000 7.1404E-06   1053.765
11791.00 0.53996646 1.3013E-27 0.0000E+00 0.0000E+00 2.0067E-07 2.0067E-07 0.0000E+00 0.0000E+00 2.0067E-07 3.32E-06 6.60E-06   0.616 1.0000 7.1364E-06   1054.325
11801.00 0.55162585 1.2132E-27 0.0000E+00 0.0000E+00 1.9890E-07 1.9890E-07 0.0000E+00 0.0000E+00 1.9890E-07 3.33E-06 6.46E-06   0.595 1.0000 6.9763E-06   1054.471
11811.00 0.54618603 1.1643E-27 0.0000E+00 0.0000E+00 1.9875E-07 1.9875E-07 0.0000E+00 0.0000E+00 1.9875E-07 3.30E-06 6.48E-06   0.605 1.0000 7.0000E-06   1055.149
11821.00 0.54300565 1.1141E-27 0.0000E+00 0.0000E+00 2.0167E-07 2.0167E-07 0.0000E+00 0.0000E+00 2.0167E-07 3.33E-06 6.58E-06   0.611 1.0000 7.1140E-06   1056.833
11831.00 0.54160011 1.0642E-27 0.0000E+00 0.0000E+00 2.0143E-07 2.0143E-07 0.0000E+00 0.0000E+00 2.0143E-07 3.32E-06 6.57E-06   0.613 1.0000 7.1007E-06   1057.480
11841.00 0.53095198 1.0293E-27 0.0000E+00 0.0000E+00 1.9727E-07 1.9727E-07 0.0000E+00 0.0000E+00 1.9727E-07 3.21E-06 6.49E-06   0.633 1.0000 7.0230E-06   1056.840
11851.00 0.51612067 1.0024E-27 0.0000E+00 0.0000E+00 1.9213E-07 1.9213E-07 0.0000E+00 0.0000E+00 1.9213E-07 3.07E-06 6.40E-06   0.661 1.0000 6.9407E-06   1055.838
11861.00 0.52629185 9.4055E-28 0.0000E+00 0.0000E+00 1.9844E-07 1.9844E-07 0.0000E+00 0.0000E+00 1.9844E-07 3.20E-06 6.53E-06   0.642 1.0000 7.0767E-06   1058.679
11871.00 0.53230727 8.8374E-28 0.0000E+00 0.0000E+00 1.9847E-07 1.9847E-07 0.0000E+00 0.0000E+00 1.9847E-07 3.22E-06 6.48E-06   0.631 1.0000 7.0212E-06   1059.415
11881.00 0.50986034 8.6990E-28 0.0000E+00 0.0000E+00 1.9564E-07 1.9564E-07 0.0000E+00 0.0000E+00 1.9564E-07 3.09E-06 6.52E-06   0.674 1.0000 7.0855E-06   1059.198
11891.00 0.49692273 8.4419E-28 0.0000E+00 0.0000E+00 1.9481E-07 1.9481E-07 0.0000E+00 0.0000E+00 1.9481E-07 3.03E-06 6.57E-06   0.699 1.0000 7.1453E-06   1059.645
11901.00 0.51267928 7.8730E-28 0.0000E+00 0.0000E+00 1.9739E-07 1.9739E-07 0.0000E+00 0.0000E+00 1.9739E-07 3.11E-06 6.54E-06   0.668 1.0000 7.0928E-06   1061.234
11911.00 0.51142901 7.5024E-28 0.0000E+00 0.0000E+00 1.9646E-07 1.9646E-07 0.0000E+00 0.0000E+00 1.9646E-07 3.09E-06 6.50E-06   0.671 1.0000 7.0600E-06   1061.652
11921.00 0.48514327 7.4371E-28 0.0000E+00 0.0000E+00 1.8554E-07 1.8554E-07 0.0000E+00 0.0000E+00 1.8554E-07 2.82E-06 6.29E-06   0.723 1.0000 6.8519E-06   1058.625
11931.00 0.49078441 6.9699E-28 0.0000E+00 0.0000E+00 1.9333E-07 1.9333E-07 0.0000E+00 0.0000E+00 1.9333E-07 2.97E-06 6.51E-06   0.712 1.0000 7.0928E-06   1062.046
11941.00 0.47654516 6.7554E-28 0.0000E+00 0.0000E+00 1.9168E-07 1.9168E-07 0.0000E+00 0.0000E+00 1.9168E-07 2.89E-06 6.54E-06   0.741 1.0000 7.1401E-06   1062.207
11951.00 0.48419985 6.3200E-28 0.0000E+00 0.0000E+00 1.9073E-07 1.9073E-07 0.0000E+00 0.0000E+00 1.9073E-07 2.91E-06 6.45E-06   0.725 1.0000 7.0443E-06   1062.604
11961.00 0.46122116 6.1670E-28 0.0000E+00 0.0000E+00 1.8733E-07 1.8733E-07 0.0000E+00 0.0000E+00 1.8733E-07 2.78E-06 6.47E-06   0.774 1.0000 7.1078E-06   1062.151
11971.00 0.46515274 5.8701E-28 0.0000E+00 0.0000E+00 1.8828E-07 1.8828E-07 0.0000E+00 0.0000E+00 1.8828E-07 2.80E-06 6.47E-06   0.765 1.0000 7.0906E-06   1063.206
11981.00 0.47156379 5.5465E-28 0.0000E+00 0.0000E+00 1.8671E-07 1.8671E-07 0.0000E+00 0.0000E+00 1.8671E-07 2.79E-06 6.36E-06   0.752 1.0000 6.9668E-06   1063.380
11991.00 0.42142174 5.5335E-28 0.0000E+00 0.0000E+00 1.7529E-07 1.7529E-07 0.0000E+00 0.0000E+00 1.7529E-07 2.48E-06 6.30E-06   0.864 1.0000 6.9804E-06   1059.977
12001.00 0.41778368 5.3161E-28 0.0000E+00 0.0000E+00 1.7239E-07 1.7239E-07 0.0000E+00 0.0000E+00 1.7239E-07 2.41E-06 6.21E-06   0.873 1.0000 6.8879E-06   1059.609
12011.00 0.43036759 4.8237E-28 0.0000E+00 0.0000E+00 1.7602E-07 1.7602E-07 0.0000E+00 0.0000E+00 1.7602E-07 2.54E-06 6.22E-06   0.843 1.0000 6.9934E-06   1061.687
12021.00 0.38779113 4.8317E-28 0.0000E+00 0.0000E+00 1.6870E-07 1.6870E-07 0.0000E+00 0.0000E+00 1.6870E-07 2.29E-06 6.24E-06   0.947 1.0000 7.0695E-06   1059.644
12031.00 0.43186033 4.5082E-28 0.0000E+00 0.0000E+00 1.7805E-07 1.7805E-07 0.0000E+00 0.0000E+00 1.7805E-07 2.52E-06 6.26E-06   0.840 1.0000 6.9475E-06   1063.881
12041.00 0.40334997 4.3225E-28 0.0000E+00 0.0000E+00 1.7209E-07 1.7209E-07 0.0000E+00 0.0000E+00 1.7209E-07 2.37E-06 6.22E-06   0.908 1.0000 7.0298E-06   1062.377
12051.00 0.39622051 4.1129E-28 0.0000E+00 0.0000E+00 1.7066E-07 1.7066E-07 0.0000E+00 0.0000E+00 1.7066E-07 2.34E-06 6.23E-06   0.926 1.0000 7.0419E-06   1062.556
12061.00 0.37014052 3.9576E-28 0.0000E+00 0.0000E+00 1.6490E-07 1.6490E-07 0.0000E+00 0.0000E+00 1.6490E-07 2.19E-06 6.20E-06   0.994 1.0000 7.1140E-06   1061.040
12071.00 0.37608525 3.7682E-28 0.0000E+00 0.0000E+00 1.6804E-07 1.6804E-07 0.0000E+00 0.0000E+00 1.6804E-07 2.24E-06 6.24E-06   0.978 1.0000 7.1599E-06   1062.987
12081.00 0.32975212 3.7103E-28 0.0000E+00 0.0000E+00 1.5509E-07 1.5509E-07 0.0000E+00 0.0000E+00 1.5509E-07 1.93E-06 6.11E-06   1.109 1.0000 7.1226E-06   1058.510
12091.00 0.44981825 3.2656E-28 0.0000E+00 0.0000E+00 1.8854E-07 1.8854E-07 0.0000E+00 0.0000E+00 1.8854E-07 2.70E-06 6.44E-06   0.799 1.0000 7.1353E-06   1071.973
12101.00 0.40135702 3.2278E-28 0.0000E+00 0.0000E+00 1.7580E-07 1.7580E-07 0.0000E+00 0.0000E+00 1.7580E-07 2.38E-06 6.32E-06   0.913 1.0000 7.1283E-06   1068.093
12111.00 0.40138963 3.0519E-28 0.0000E+00 0.0000E+00 1.7443E-07 1.7443E-07 0.0000E+00 0.0000E+00 1.7443E-07 2.37E-06 6.26E-06   0.913 1.0000 7.0848E-06   1068.300
12121.00 0.45786360 2.7940E-28 0.0000E+00 0.0000E+00 1.8833E-07 1.8833E-07 0.0000E+00 0.0000E+00 1.8833E-07 2.71E-06 6.35E-06   0.781 1.0000 7.0243E-06   1074.069
12131.00 0.39326087 2.8301E-28 0.0000E+00 0.0000E+00 1.7368E-07 1.7368E-07 0.0000E+00 0.0000E+00 1.7368E-07 2.31E-06 6.29E-06   0.933 1.0000 7.0679E-06   1069.455
12141.00 0.30166480 2.7742E-28 0.0000E+00 0.0000E+00 1.4550E-07 1.4550E-07 0.0000E+00 0.0000E+00 1.4550E-07 1.72E-06 5.91E-06   1.198 1.0000 6.9714E-06   1058.692
12151.00 0.18299222 2.5930E-28 0.0000E+00 0.0000E+00 1.0737E-07 1.0737E-07 0.0000E+00 0.0000E+00 1.0737E-07 1.01E-06 5.40E-06   1.698 1.0000 7.0361E-06   1040.250
12161.00 0.37829188 2.4238E-28 0.0000E+00 0.0000E+00 1.6500E-07 1.6500E-07 0.0000E+00 0.0000E+00 1.6500E-07 2.15E-06 6.05E-06   0.972 1.0000 6.9045E-06   1068.260
12171.00 0.41958135 2.2641E-28 0.0000E+00 0.0000E+00 1.7792E-07 1.7792E-07 0.0000E+00 0.0000E+00 1.7792E-07 2.42E-06 6.20E-06   0.868 1.0000 6.9343E-06   1073.922
12181.00 0.46566805 2.0648E-28 0.0000E+00 0.0000E+00 1.9062E-07 1.9062E-07 0.0000E+00 0.0000E+00 1.9062E-07 2.73E-06 6.31E-06   0.764 1.0000 6.9604E-06   1079.204
12191.00 0.34924284 2.0983E-28 0.0000E+00 0.0000E+00 1.5728E-07 1.5728E-07 0.0000E+00 0.0000E+00 1.5728E-07 1.99E-06 5.95E-06   1.052 1.0000 6.9001E-06   1067.294
12201.00 0.34450099 2.0110E-28 0.0000E+00 0.0000E+00 1.5409E-07 1.5409E-07 0.0000E+00 0.0000E+00 1.5409E-07 1.92E-06 5.83E-06   1.066 1.0000 6.8274E-06   1066.678
12211.00 0.33537176 1.9423E-28 0.0000E+00 0.0000E+00 1.5583E-07 1.5583E-07 0.0000E+00 0.0000E+00 1.5583E-07 1.90E-06 5.95E-06   1.093 1.0000 6.9594E-06   1068.124
12221.00 0.28194132 1.8614E-28 0.0000E+00 0.0000E+00 1.3937E-07 1.3937E-07 0.0000E+00 0.0000E+00 1.3937E-07 1.58E-06 5.78E-06   1.266 1.0000 6.9415E-06   1061.631
12231.00 0.33579466 1.7291E-28 0.0000E+00 0.0000E+00 1.5934E-07 1.5934E-07 0.0000E+00 0.0000E+00 1.5934E-07 1.96E-06 6.08E-06   1.091 1.0000 7.1216E-06   1071.002
12241.00 0.29010609 1.6636E-28 0.0000E+00 0.0000E+00 1.4499E-07 1.4499E-07 0.0000E+00 0.0000E+00 1.4499E-07 1.67E-06 5.91E-06   1.238 1.0000 7.0928E-06   1065.597
12251.00 0.30078837 1.5758E-28 0.0000E+00 0.0000E+00 1.4816E-07 1.4816E-07 0.0000E+00 0.0000E+00 1.4816E-07 1.73E-06 5.91E-06   1.201 1.0000 7.0794E-06   1067.707
12261.00 0.30750057 1.5318E-28 0.0000E+00 0.0000E+00 1.5244E-07 1.5244E-07 0.0000E+00 0.0000E+00 1.5244E-07 1.77E-06 6.04E-06   1.179 1.0000 7.0894E-06   1070.265
12271.00 0.30600476 1.4606E-28 0.0000E+00 0.0000E+00 1.5293E-07 1.5293E-07 0.0000E+00 0.0000E+00 1.5293E-07 1.77E-06 6.09E-06   1.184 1.0000 7.0956E-06   1071.188
12281.00 0.35196871 1.3714E-28 0.0000E+00 0.0000E+00 1.6760E-07 1.6760E-07 0.0000E+00 0.0000E+00 1.6760E-07 2.06E-06 6.23E-06   1.044 1.0000 7.1191E-06   1077.894
12291.00 0.32972339 1.3174E-28 0.0000E+00 0.0000E+00 1.6164E-07 1.6164E-07 0.0000E+00 0.0000E+00 1.6164E-07 1.92E-06 6.21E-06   1.110 1.0000 7.1358E-06   1076.232
12301.00 0.41541111 1.1990E-28 0.0000E+00 0.0000E+00 1.8575E-07 1.8575E-07 0.0000E+00 0.0000E+00 1.8575E-07 2.45E-06 6.38E-06   0.878 1.0000 7.1019E-06   1086.135
12311.00 0.41454715 1.1568E-28 0.0000E+00 0.0000E+00 1.8660E-07 1.8660E-07 0.0000E+00 0.0000E+00 1.8660E-07 2.44E-06 6.40E-06   0.881 1.0000 7.1036E-06   1087.162
12321.00 0.42939216 1.0772E-28 0.0000E+00 0.0000E+00 1.8977E-07 1.8977E-07 0.0000E+00 0.0000E+00 1.8977E-07 2.53E-06 6.39E-06   0.845 1.0000 7.0841E-06   1089.007
12331.00 0.45099887 1.0089E-28 0.0000E+00 0.0000E+00 1.9649E-07 1.9649E-07 0.0000E+00 0.0000E+00 1.9649E-07 2.68E-06 6.44E-06   0.796 1.0000 7.1024E-06   1092.063
12341.00 0.46861118 9.4201E-29 0.0000E+00 0.0000E+00 1.9866E-07 1.9866E-07 0.0000E+00 0.0000E+00 1.9866E-07 2.75E-06 6.38E-06   0.758 1.0000 7.0116E-06   1093.525
12351.00 0.46368659 8.9933E-29 0.0000E+00 0.0000E+00 1.9503E-07 1.9503E-07 0.0000E+00 0.0000E+00 1.9503E-07 2.69E-06 6.29E-06   0.769 1.0000 6.9247E-06   1093.006
12361.00 0.48150805 8.3568E-29 0.0000E+00 0.0000E+00 2.0122E-07 2.0122E-07 0.0000E+00 0.0000E+00 2.0122E-07 2.83E-06 6.36E-06   0.731 1.0000 6.9793E-06   1095.834
12371.00 0.48352534 7.9497E-29 0.0000E+00 0.0000E+00 2.0345E-07 2.0345E-07 0.0000E+00 0.0000E+00 2.0345E-07 2.86E-06 6.40E-06   0.727 1.0000 7.0253E-06   1097.301
12381.00 0.49669328 7.4084E-29 0.0000E+00 0.0000E+00 2.0706E-07 2.0706E-07 0.0000E+00 0.0000E+00 2.0706E-07 2.95E-06 6.42E-06   0.700 1.0000 7.0369E-06   1099.217
12391.00 0.49374941 7.0734E-29 0.0000E+00 0.0000E+00 2.0808E-07 2.0808E-07 0.0000E+00 0.0000E+00 2.0808E-07 2.95E-06 6.46E-06   0.706 1.0000 7.0840E-06   1100.272
12401.00 0.49354491 6.7366E-29 0.0000E+00 0.0000E+00 2.1026E-07 2.1026E-07 0.0000E+00 0.0000E+00 2.1026E-07 2.98E-06 6.52E-06   0.706 1.0000 7.1455E-06   1101.703
12411.00 0.49731672 6.3800E-29 0.0000E+00 0.0000E+00 2.0997E-07 2.0997E-07 0.0000E+00 0.0000E+00 2.0997E-07 2.98E-06 6.48E-06   0.699 1.0000 7.0929E-06   1102.335
12421.00 0.49144784 6.0971E-29 0.0000E+00 0.0000E+00 2.0253E-07 2.0253E-07 0.0000E+00 0.0000E+00 2.0253E-07 2.85E-06 6.28E-06   0.710 1.0000 6.8849E-06   1100.606
12431.00 0.45998284 6.0523E-29 0.0000E+00 0.0000E+00 2.0006E-07 2.0006E-07 0.0000E+00 0.0000E+00 2.0006E-07 2.71E-06 6.39E-06   0.777 1.0000 7.0471E-06   1100.498
12441.00 0.46248227 5.7321E-29 0.0000E+00 0.0000E+00 2.0194E-07 2.0194E-07 0.0000E+00 0.0000E+00 2.0194E-07 2.74E-06 6.42E-06   0.771 1.0000 7.0810E-06   1101.855
12451.00 0.45786652 5.4953E-29 0.0000E+00 0.0000E+00 1.9882E-07 1.9882E-07 0.0000E+00 0.0000E+00 1.9882E-07 2.68E-06 6.34E-06   0.781 1.0000 6.9937E-06   1101.520
12461.00 0.44484633 5.3305E-29 0.0000E+00 0.0000E+00 1.9824E-07 1.9824E-07 0.0000E+00 0.0000E+00 1.9824E-07 2.62E-06 6.41E-06   0.810 1.0000 7.0759E-06   1102.043
12471.00 0.46454993 4.9316E-29 0.0000E+00 0.0000E+00 2.0431E-07 2.0431E-07 0.0000E+00 0.0000E+00 2.0431E-07 2.76E-06 6.45E-06   0.767 1.0000 7.1120E-06   1104.812
12481.00 0.45402136 4.7088E-29 0.0000E+00 0.0000E+00 2.0109E-07 2.0109E-07 0.0000E+00 0.0000E+00 2.0109E-07 2.70E-06 6.42E-06   0.790 1.0000 7.1032E-06   1104.454
12491.00 0.46048152 4.4570E-29 0.0000E+00 0.0000E+00 2.0157E-07 2.0157E-07 0.0000E+00 0.0000E+00 2.0157E-07 2.72E-06 6.38E-06   0.775 1.0000 7.0410E-06   1105.337
12501.00 0.46048391 4.2657E-29 0.0000E+00 0.0000E+00 1.9992E-07 1.9992E-07 0.0000E+00 0.0000E+00 1.9992E-07 2.68E-06 6.31E-06   0.775 1.0000 6.9583E-06   1105.502
12511.00 0.48303556 3.9558E-29 0.0000E+00 0.0000E+00 2.1040E-07 2.1040E-07 0.0000E+00 0.0000E+00 2.1040E-07 2.88E-06 6.48E-06   0.728 1.0000 7.1163E-06   1109.708
12521.00 0.46983179 3.8138E-29 0.0000E+00 0.0000E+00 2.0705E-07 2.0705E-07 0.0000E+00 0.0000E+00 2.0705E-07 2.80E-06 6.45E-06   0.755 1.0000 7.1113E-06   1109.332
12531.00 0.48745564 3.5594E-29 0.0000E+00 0.0000E+00 2.1161E-07 2.1161E-07 0.0000E+00 0.0000E+00 2.1161E-07 2.91E-06 6.46E-06   0.719 1.0000 7.0974E-06   1111.545
12541.00 0.47113273 3.4447E-29 0.0000E+00 0.0000E+00 2.0730E-07 2.0730E-07 0.0000E+00 0.0000E+00 2.0730E-07 2.80E-06 6.43E-06   0.753 1.0000 7.0882E-06   1110.860
12551.00 0.44685027 3.3567E-29 0.0000E+00 0.0000E+00 2.0151E-07 2.0151E-07 0.0000E+00 0.0000E+00 2.0151E-07 2.64E-06 6.41E-06   0.806 1.0000 7.0994E-06   1109.646
12561.00 0.43431887 3.2304E-29 0.0000E+00 0.0000E+00 1.9662E-07 1.9662E-07 0.0000E+00 0.0000E+00 1.9662E-07 2.54E-06 6.33E-06   0.834 1.0000 7.0428E-06   1108.696
12571.00 0.48535943 2.9132E-29 0.0000E+00 0.0000E+00 2.1090E-07 2.1090E-07 0.0000E+00 0.0000E+00 2.1090E-07 2.88E-06 6.41E-06   0.723 1.0000 7.0580E-06   1114.206
12581.00 0.49345449 2.7431E-29 0.0000E+00 0.0000E+00 2.0568E-07 2.0568E-07 0.0000E+00 0.0000E+00 2.0568E-07 2.82E-06 6.20E-06   0.706 1.0000 6.8119E-06   1113.208
12591.00 0.50267631 2.5776E-29 0.0000E+00 0.0000E+00 2.0898E-07 2.0898E-07 0.0000E+00 0.0000E+00 2.0898E-07 2.89E-06 6.23E-06   0.688 1.0000 6.8345E-06   1115.022
12601.00 0.49298751 2.4773E-29 0.0000E+00 0.0000E+00 2.0674E-07 2.0674E-07 0.0000E+00 0.0000E+00 2.0674E-07 2.83E-06 6.21E-06   0.707 1.0000 6.8321E-06   1115.004
12611.00 0.46245649 2.4367E-29 0.0000E+00 0.0000E+00 2.0446E-07 2.0446E-07 0.0000E+00 0.0000E+00 2.0446E-07 2.71E-06 6.33E-06   0.771 1.0000 7.0130E-06   1114.968
12621.00 0.46409005 2.3087E-29 0.0000E+00 0.0000E+00 2.0501E-07 2.0501E-07 0.0000E+00 0.0000E+00 2.0501E-07 2.72E-06 6.33E-06   0.768 1.0000 7.0117E-06   1115.871
12631.00 0.46962926 2.1978E-29 0.0000E+00 0.0000E+00 2.0410E-07 2.0410E-07 0.0000E+00 0.0000E+00 2.0410E-07 2.71E-06 6.25E-06   0.756 1.0000 6.9099E-06   1116.289
12641.00 0.45607990 2.1166E-29 0.0000E+00 0.0000E+00 2.0467E-07 2.0467E-07 0.0000E+00 0.0000E+00 2.0467E-07 2.68E-06 6.35E-06   0.785 1.0000 7.0438E-06   1117.202
12651.00 0.45737943 2.0106E-29 0.0000E+00 0.0000E+00 2.0691E-07 2.0691E-07 0.0000E+00 0.0000E+00 2.0691E-07 2.71E-06 6.40E-06   0.782 1.0000 7.0958E-06   1118.670
12661.00 0.44037771 1.9430E-29 0.0000E+00 0.0000E+00 2.0225E-07 2.0225E-07 0.0000E+00 0.0000E+00 2.0225E-07 2.59E-06 6.36E-06   0.820 1.0000 7.0839E-06   1117.826
12671.00 0.45172140 1.8446E-29 0.0000E+00 0.0000E+00 2.0721E-07 2.0721E-07 0.0000E+00 0.0000E+00 2.0721E-07 2.67E-06 6.42E-06   0.795 1.0000 7.1204E-06   1120.211
12681.00 0.47779208 1.7029E-29 0.0000E+00 0.0000E+00 2.1321E-07 2.1321E-07 0.0000E+00 0.0000E+00 2.1321E-07 2.83E-06 6.42E-06   0.739 1.0000 7.0842E-06   1122.901
12691.00 0.47473490 1.6223E-29 0.0000E+00 0.0000E+00 2.1160E-07 2.1160E-07 0.0000E+00 0.0000E+00 2.1160E-07 2.80E-06 6.38E-06   0.745 1.0000 7.0488E-06   1123.099
12701.00 0.48323026 1.5297E-29 0.0000E+00 0.0000E+00 2.1561E-07 2.1561E-07 0.0000E+00 0.0000E+00 2.1561E-07 2.87E-06 6.43E-06   0.727 1.0000 7.0968E-06   1125.118
12711.00 0.47979209 1.4659E-29 0.0000E+00 0.0000E+00 2.1649E-07 2.1649E-07 0.0000E+00 0.0000E+00 2.1649E-07 2.86E-06 6.47E-06   0.734 1.0000 7.1406E-06   1126.123
12721.00 0.49996072 1.3546E-29 0.0000E+00 0.0000E+00 2.1734E-07 2.1734E-07 0.0000E+00 0.0000E+00 2.1734E-07 2.93E-06 6.35E-06   0.693 1.0000 6.9992E-06   1127.120
12731.00 0.50053012 1.2874E-29 0.0000E+00 0.0000E+00 2.1737E-07 2.1737E-07 0.0000E+00 0.0000E+00 2.1737E-07 2.93E-06 6.34E-06   0.692 1.0000 6.9861E-06   1127.852
12741.00 0.50052792 1.2245E-29 0.0000E+00 0.0000E+00 2.2128E-07 2.2128E-07 0.0000E+00 0.0000E+00 2.2128E-07 2.98E-06 6.45E-06   0.692 1.0000 7.1028E-06   1129.812
12751.00 0.50230402 1.1617E-29 0.0000E+00 0.0000E+00 2.2146E-07 2.2146E-07 0.0000E+00 0.0000E+00 2.2146E-07 2.98E-06 6.43E-06   0.689 1.0000 7.0859E-06   1130.592
12761.00 0.50472051 1.1006E-29 0.0000E+00 0.0000E+00 2.1664E-07 2.1664E-07 0.0000E+00 0.0000E+00 2.1664E-07 2.92E-06 6.26E-06   0.684 1.0000 6.9058E-06   1129.783
12771.00 0.50493830 1.0466E-29 0.0000E+00 0.0000E+00 2.2107E-07 2.2107E-07 0.0000E+00 0.0000E+00 2.2107E-07 2.98E-06 6.38E-06   0.683 1.0000 7.0362E-06   1131.913
12781.00 0.50466293 9.9597E-30 0.0000E+00 0.0000E+00 2.2376E-07 2.2376E-07 0.0000E+00 0.0000E+00 2.2376E-07 3.01E-06 6.45E-06   0.684 1.0000 7.1156E-06   1133.481
12791.00 0.50437212 9.4793E-30 0.0000E+00 0.0000E+00 2.2410E-07 2.2410E-07 0.0000E+00 0.0000E+00 2.2410E-07 3.01E-06 6.45E-06   0.684 1.0000 7.1190E-06   1134.309
12801.00 0.50436437 9.0173E-30 0.0000E+00 0.0000E+00 2.2069E-07 2.2069E-07 0.0000E+00 0.0000E+00 2.2069E-07 2.96E-06 6.34E-06   0.684 1.0000 7.0016E-06   1133.962
12811.00 0.50337577 8.5915E-30 0.0000E+00 0.0000E+00 2.2338E-07 2.2338E-07 0.0000E+00 0.0000E+00 2.2338E-07 2.99E-06 6.42E-06   0.686 1.0000 7.0852E-06   1135.532
12821.00 0.50346440 8.1716E-30 0.0000E+00 0.0000E+00 2.2104E-07 2.2104E-07 0.0000E+00 0.0000E+00 2.2104E-07 2.95E-06 6.34E-06   0.686 1.0000 7.0007E-06   1135.517
12831.00 0.50232279 7.7880E-30 0.0000E+00 0.0000E+00 2.2379E-07 2.2379E-07 0.0000E+00 0.0000E+00 2.2379E-07 2.98E-06 6.41E-06   0.689 1.0000 7.0866E-06   1137.103
12841.00 0.50240487 7.4074E-30 0.0000E+00 0.0000E+00 2.2482E-07 2.2482E-07 0.0000E+00 0.0000E+00 2.2482E-07 2.99E-06 6.43E-06   0.688 1.0000 7.1081E-06   1138.150
12851.00 0.50172848 7.0541E-30 0.0000E+00 0.0000E+00 2.2478E-07 2.2478E-07 0.0000E+00 0.0000E+00 2.2478E-07 2.98E-06 6.42E-06   0.690 1.0000 7.1013E-06   1138.859
12861.00 0.50128055 6.7153E-30 0.0000E+00 0.0000E+00 2.2047E-07 2.2047E-07 0.0000E+00 0.0000E+00 2.2047E-07 2.91E-06 6.29E-06   0.691 1.0000 6.9577E-06   1138.223
12871.00 0.50091958 6.3917E-30 0.0000E+00 0.0000E+00 2.2568E-07 2.2568E-07 0.0000E+00 0.0000E+00 2.2568E-07 2.98E-06 6.43E-06   0.691 1.0000 7.1139E-06   1140.583
12881.00 0.50022316 6.0869E-30 0.0000E+00 0.0000E+00 2.2539E-07 2.2539E-07 0.0000E+00 0.0000E+00 2.2539E-07 2.97E-06 6.42E-06   0.693 1.0000 7.0994E-06   1141.217
12891.00 0.49914932 5.7999E-30 0.0000E+00 0.0000E+00 2.2532E-07 2.2532E-07 0.0000E+00 0.0000E+00 2.2532E-07 2.96E-06 6.42E-06   0.695 1.0000 7.0944E-06   1141.916
12901.00 0.49849039 5.5225E-30 0.0000E+00 0.0000E+00 2.1467E-07 2.1467E-07 0.0000E+00 0.0000E+00 2.1467E-07 2.81E-06 6.11E-06   0.696 1.0000 6.7536E-06   1139.244
12911.00 0.49704206 5.2643E-30 0.0000E+00 0.0000E+00 2.1960E-07 2.1960E-07 0.0000E+00 0.0000E+00 2.1960E-07 2.87E-06 6.25E-06   0.699 1.0000 6.9089E-06   1141.552
12921.00 0.49608999 5.0145E-30 0.0000E+00 0.0000E+00 2.2594E-07 2.2594E-07 0.0000E+00 0.0000E+00 2.2594E-07 2.94E-06 6.42E-06   0.701 1.0000 7.1049E-06   1144.275
12931.00 0.49439359 4.7810E-30 0.0000E+00 0.0000E+00 2.2454E-07 2.2454E-07 0.0000E+00 0.0000E+00 2.2454E-07 2.91E-06 6.38E-06   0.704 1.0000 7.0646E-06   1144.562
12941.00 0.49193862 4.5630E-30 0.0000E+00 0.0000E+00 2.1881E-07 2.1881E-07 0.0000E+00 0.0000E+00 2.1881E-07 2.82E-06 6.23E-06   0.709 1.0000 6.8949E-06   1143.463
12951.00 0.49067181 4.3479E-30 0.0000E+00 0.0000E+00 2.2174E-07 2.2174E-07 0.0000E+00 0.0000E+00 2.2174E-07 2.85E-06 6.31E-06   0.712 1.0000 6.9877E-06   1145.121
12961.00 0.48932299 4.1418E-30 0.0000E+00 0.0000E+00 2.1877E-07 2.1877E-07 0.0000E+00 0.0000E+00 2.1877E-07 2.81E-06 6.22E-06   0.715 1.0000 6.8945E-06   1144.891
12971.00 0.48742047 3.9445E-30 0.0000E+00 0.0000E+00 2.2274E-07 2.2274E-07 0.0000E+00 0.0000E+00 2.2274E-07 2.85E-06 6.33E-06   0.719 1.0000 7.0270E-06   1146.880
12981.00 0.47843021 3.7831E-30 0.0000E+00 0.0000E+00 2.1923E-07 2.1923E-07 0.0000E+00 0.0000E+00 2.1923E-07 2.78E-06 6.28E-06   0.737 1.0000 6.9958E-06   1146.480
12991.00 0.46967021 3.6175E-30 0.0000E+00 0.0000E+00 2.1584E-07 2.1584E-07 0.0000E+00 0.0000E+00 2.1584E-07 2.71E-06 6.22E-06   0.756 1.0000 6.9674E-06   1146.105
13001.00 0.45556179 3.4656E-30 0.0000E+00 0.0000E+00 2.1248E-07 2.1248E-07 0.0000E+00 0.0000E+00 2.1248E-07 2.63E-06 6.19E-06   0.786 1.0000 6.9977E-06   1145.723
13011.00 0.44636896 3.3020E-30 0.0000E+00 0.0000E+00 2.1127E-07 2.1127E-07 0.0000E+00 0.0000E+00 2.1127E-07 2.60E-06 6.20E-06   0.807 1.0000 7.0635E-06   1146.042
13021.00 0.42064184 3.1635E-30 0.0000E+00 0.0000E+00 2.0156E-07 2.0156E-07 0.0000E+00 0.0000E+00 2.0156E-07 2.43E-06 6.05E-06   0.866 1.0000 7.0503E-06   1143.469
13031.00 0.39060688 3.0503E-30 0.0000E+00 0.0000E+00 1.9184E-07 1.9184E-07 0.0000E+00 0.0000E+00 1.9184E-07 2.24E-06 5.93E-06   0.940 1.0000 7.0771E-06   1140.744
13041.00 0.34736657 2.9261E-30 0.0000E+00 0.0000E+00 1.6739E-07 1.6739E-07 0.0000E+00 0.0000E+00 1.6739E-07 1.87E-06 5.39E-06   1.057 1.0000 6.7057E-06   1132.072
13051.00 0.29762360 2.8239E-30 0.0000E+00 0.0000E+00 1.4625E-07 1.4625E-07 0.0000E+00 0.0000E+00 1.4625E-07 1.53E-06 5.05E-06   1.212 1.0000 6.6213E-06   1123.630
13061.00 0.23959278 2.6415E-30 0.0000E+00 0.0000E+00 1.2748E-07 1.2748E-07 0.0000E+00 0.0000E+00 1.2748E-07 1.23E-06 4.78E-06   1.429 1.0000 6.8845E-06   1115.171
13071.00 0.18447199 2.4108E-30 0.0000E+00 0.0000E+00 1.0620E-07 1.0620E-07 0.0000E+00 0.0000E+00 1.0620E-07 9.36E-07 4.37E-06   1.690 1.0000 7.1115E-06   1103.909
13081.00 0.14030081 2.2102E-30 0.0000E+00 0.0000E+00 8.5381E-08 8.5381E-08 0.0000E+00 0.0000E+00 8.5381E-08 6.70E-07 3.86E-06   1.964 1.0000 7.1104E-06   1090.639
13091.00 0.09404341 1.9761E-30 0.0000E+00 0.0000E+00 6.2598E-08 6.2598E-08 0.0000E+00 0.0000E+00 6.2598E-08 4.11E-07 3.25E-06   2.364 1.0000 7.1062E-06   1072.048
13101.00 0.07341261 1.8064E-30 0.0000E+00 0.0000E+00 5.1318E-08 5.1318E-08 0.0000E+00 0.0000E+00 5.1318E-08 2.96E-07 2.90E-06   2.612 1.0000 7.1028E-06   1060.732
13111.00 0.08327945 1.7885E-30 0.0000E+00 0.0000E+00 5.5673E-08 5.5673E-08 0.0000E+00 0.0000E+00 5.5673E-08 3.29E-07 3.05E-06   2.486 1.0000 7.0290E-06   1066.292
13121.00 0.22850721 1.9373E-30 0.0000E+00 0.0000E+00 1.1555E-07 1.1555E-07 0.0000E+00 0.0000E+00 1.1555E-07 1.08E-06 4.36E-06   1.476 1.0000 6.7816E-06   1112.895
13131.00 0.07346760 1.5453E-30 0.0000E+00 0.0000E+00 4.8892E-08 4.8892E-08 0.0000E+00 0.0000E+00 4.8892E-08 3.04E-07 2.77E-06   2.611 1.0000 6.9749E-06   1059.864
13141.00 0.00716200 1.0931E-30 0.0000E+00 0.0000E+00 1.2707E-08 1.2707E-08 0.0000E+00 0.0000E+00 1.2707E-08 1.47E-08 1.46E-06   4.939 1.0000 7.0062E-06    986.009
13151.00 0.00672819 1.0096E-30 0.0000E+00 0.0000E+00 1.3631E-08 1.3631E-08 0.0000E+00 0.0000E+00 1.3631E-08 1.65E-08 1.52E-06   5.001 1.0000 6.9759E-06    990.270
13161.00 0.08561835 1.2540E-30 0.0000E+00 0.0000E+00 5.9457E-08 5.9457E-08 0.0000E+00 0.0000E+00 5.9457E-08 4.43E-07 3.15E-06   2.458 1.0000 7.0394E-06   1073.656
13171.00 0.41924196 1.4804E-30 0.0000E+00 0.0000E+00 2.0403E-07 2.0403E-07 0.0000E+00 0.0000E+00 2.0403E-07 2.40E-06 5.97E-06   0.869 1.0000 7.0248E-06   1155.076
13181.00 0.48045105 1.4002E-30 0.0000E+00 0.0000E+00 2.2243E-07 2.2243E-07 0.0000E+00 0.0000E+00 2.2243E-07 2.72E-06 6.16E-06   0.733 1.0000 6.8540E-06   1161.908
13191.00 0.48328397 1.3272E-30 0.0000E+00 0.0000E+00 2.2899E-07 2.2899E-07 0.0000E+00 0.0000E+00 2.2899E-07 2.81E-06 6.31E-06   0.727 1.0000 7.0170E-06   1164.700
13201.00 0.48308140 1.2629E-30 0.0000E+00 0.0000E+00 2.2799E-07 2.2799E-07 0.0000E+00 0.0000E+00 2.2799E-07 2.79E-06 6.28E-06   0.728 1.0000 6.9786E-06   1165.108
13211.00 0.48278207 1.2019E-30 0.0000E+00 0.0000E+00 2.2818E-07 2.2818E-07 0.0000E+00 0.0000E+00 2.2818E-07 2.79E-06 6.27E-06   0.728 1.0000 6.9776E-06   1165.888
13221.00 0.48215151 1.1443E-30 0.0000E+00 0.0000E+00 2.2759E-07 2.2759E-07 0.0000E+00 0.0000E+00 2.2759E-07 2.77E-06 6.25E-06   0.729 1.0000 6.9558E-06   1166.424
13231.00 0.48147076 1.0896E-30 0.0000E+00 0.0000E+00 2.2648E-07 2.2648E-07 0.0000E+00 0.0000E+00 2.2648E-07 2.75E-06 6.22E-06   0.731 1.0000 6.9184E-06   1166.793
13241.00 0.48092800 1.0373E-30 0.0000E+00 0.0000E+00 2.3040E-07 2.3040E-07 0.0000E+00 0.0000E+00 2.3040E-07 2.79E-06 6.32E-06   0.732 1.0000 7.0339E-06   1168.741
13251.00 0.48047543 9.8734E-31 0.0000E+00 0.0000E+00 2.3123E-07 2.3123E-07 0.0000E+00 0.0000E+00 2.3123E-07 2.80E-06 6.33E-06   0.733 1.0000 7.0541E-06   1169.718
13261.00 0.47957194 9.4043E-31 0.0000E+00 0.0000E+00 2.3198E-07 2.3198E-07 0.0000E+00 0.0000E+00 2.3198E-07 2.80E-06 6.35E-06   0.735 1.0000 7.0756E-06   1170.672
13271.00 0.47926873 8.9493E-31 0.0000E+00 0.0000E+00 2.2977E-07 2.2977E-07 0.0000E+00 0.0000E+00 2.2977E-07 2.77E-06 6.28E-06   0.735 1.0000 7.0026E-06   1170.706
13281.00 0.47866595 8.5203E-31 0.0000E+00 0.0000E+00 2.2786E-07 2.2786E-07 0.0000E+00 0.0000E+00 2.2786E-07 2.74E-06 6.22E-06   0.737 1.0000 6.9412E-06   1170.827
13291.00 0.47801280 8.1124E-31 0.0000E+00 0.0000E+00 2.2715E-07 2.2715E-07 0.0000E+00 0.0000E+00 2.2715E-07 2.72E-06 6.20E-06   0.738 1.0000 6.9165E-06   1171.322
13301.00 0.47710699 7.7269E-31 0.0000E+00 0.0000E+00 2.3023E-07 2.3023E-07 0.0000E+00 0.0000E+00 2.3023E-07 2.75E-06 6.28E-06   0.740 1.0000 7.0096E-06   1173.009
13311.00 0.47677785 7.3533E-31 0.0000E+00 0.0000E+00 2.2339E-07 2.2339E-07 0.0000E+00 0.0000E+00 2.2339E-07 2.66E-06 6.08E-06   0.741 1.0000 6.7959E-06   1171.562
13321.00 0.47540992 7.0087E-31 0.0000E+00 0.0000E+00 2.3017E-07 2.3017E-07 0.0000E+00 0.0000E+00 2.3017E-07 2.74E-06 6.27E-06   0.744 1.0000 7.0050E-06   1174.429
13331.00 0.47512847 6.6694E-31 0.0000E+00 0.0000E+00 2.2824E-07 2.2824E-07 0.0000E+00 0.0000E+00 2.2824E-07 2.71E-06 6.21E-06   0.744 1.0000 6.9407E-06   1174.544
13341.00 0.47464314 6.3486E-31 0.0000E+00 0.0000E+00 2.2319E-07 2.2319E-07 0.0000E+00 0.0000E+00 2.2319E-07 2.64E-06 6.06E-06   0.745 1.0000 6.7825E-06   1173.653
13351.00 0.47437117 6.0409E-31 0.0000E+00 0.0000E+00 2.3023E-07 2.3023E-07 0.0000E+00 0.0000E+00 2.3023E-07 2.72E-06 6.25E-06   0.746 1.0000 6.9903E-06   1176.606
13361.00 0.47376505 5.7512E-31 0.0000E+00 0.0000E+00 2.2901E-07 2.2901E-07 0.0000E+00 0.0000E+00 2.2901E-07 2.70E-06 6.21E-06   0.747 1.0000 6.9490E-06   1176.942
13371.00 0.47247690 5.4812E-31 0.0000E+00 0.0000E+00 2.2877E-07 2.2877E-07 0.0000E+00 0.0000E+00 2.2877E-07 2.69E-06 6.20E-06   0.750 1.0000 6.9428E-06   1177.587
13381.00 0.47163305 5.2199E-31 0.0000E+00 0.0000E+00 2.3018E-07 2.3018E-07 0.0000E+00 0.0000E+00 2.3018E-07 2.70E-06 6.23E-06   0.752 1.0000 6.9829E-06   1178.749
13391.00 0.47099346 4.9699E-31 0.0000E+00 0.0000E+00 2.3041E-07 2.3041E-07 0.0000E+00 0.0000E+00 2.3041E-07 2.69E-06 6.23E-06   0.753 1.0000 6.9856E-06   1179.541
13401.00 0.47008571 4.7334E-31 0.0000E+00 0.0000E+00 2.2871E-07 2.2871E-07 0.0000E+00 0.0000E+00 2.2871E-07 2.67E-06 6.18E-06   0.755 1.0000 6.9311E-06   1179.724
13411.00 0.46782088 4.5181E-31 0.0000E+00 0.0000E+00 2.3066E-07 2.3066E-07 0.0000E+00 0.0000E+00 2.3066E-07 2.68E-06 6.24E-06   0.760 1.0000 6.9973E-06   1181.055
13421.00 0.46862403 4.2923E-31 0.0000E+00 0.0000E+00 2.2620E-07 2.2620E-07 0.0000E+00 0.0000E+00 2.2620E-07 2.62E-06 6.11E-06   0.758 1.0000 6.8463E-06   1180.363
13431.00 0.46564886 4.1000E-31 0.0000E+00 0.0000E+00 2.2289E-07 2.2289E-07 0.0000E+00 0.0000E+00 2.2289E-07 2.57E-06 6.02E-06   0.764 1.0000 6.7587E-06   1180.020
13441.00 0.46422946 3.9089E-31 0.0000E+00 0.0000E+00 2.3013E-07 2.3013E-07 0.0000E+00 0.0000E+00 2.3013E-07 2.64E-06 6.22E-06   0.767 1.0000 6.9782E-06   1183.045
13451.00 0.46601412 3.7079E-31 0.0000E+00 0.0000E+00 2.3099E-07 2.3099E-07 0.0000E+00 0.0000E+00 2.3099E-07 2.66E-06 6.22E-06   0.764 1.0000 6.9805E-06   1184.033
13461.00 0.45615634 3.5751E-31 0.0000E+00 0.0000E+00 2.2660E-07 2.2660E-07 0.0000E+00 0.0000E+00 2.2660E-07 2.57E-06 6.16E-06   0.785 1.0000 6.9145E-06   1183.365
13471.00 0.45449308 3.4087E-31 0.0000E+00 0.0000E+00 2.1845E-07 2.1845E-07 0.0000E+00 0.0000E+00 2.1845E-07 2.47E-06 5.94E-06   0.789 1.0000 6.6706E-06   1181.439
13481.00 0.45324630 3.2471E-31 0.0000E+00 0.0000E+00 2.1869E-07 2.1869E-07 0.0000E+00 0.0000E+00 2.1869E-07 2.46E-06 5.94E-06   0.791 1.0000 6.6756E-06   1182.235
13491.00 0.44334325 3.1255E-31 0.0000E+00 0.0000E+00 2.1584E-07 2.1584E-07 0.0000E+00 0.0000E+00 2.1584E-07 2.40E-06 5.92E-06   0.813 1.0000 6.6588E-06   1182.007
13501.00 0.45088330 2.9493E-31 0.0000E+00 0.0000E+00 2.2446E-07 2.2446E-07 0.0000E+00 0.0000E+00 2.2446E-07 2.51E-06 6.09E-06   0.797 1.0000 6.8511E-06   1185.550
13511.00 0.43748090 2.8462E-31 0.0000E+00 0.0000E+00 2.2087E-07 2.2087E-07 0.0000E+00 0.0000E+00 2.2087E-07 2.42E-06 6.08E-06   0.827 1.0000 6.8479E-06   1185.101
13521.00 0.42284060 2.7466E-31 0.0000E+00 0.0000E+00 2.1716E-07 2.1716E-07 0.0000E+00 0.0000E+00 2.1716E-07 2.34E-06 6.07E-06   0.861 1.0000 6.8549E-06   1184.592
13531.00 0.42848444 2.5980E-31 0.0000E+00 0.0000E+00 2.1200E-07 2.1200E-07 0.0000E+00 0.0000E+00 2.1200E-07 2.29E-06 5.88E-06   0.848 1.0000 6.6352E-06   1183.577
13541.00 0.40975112 2.5179E-31 0.0000E+00 0.0000E+00 2.1323E-07 2.1323E-07 0.0000E+00 0.0000E+00 2.1323E-07 2.24E-06 6.03E-06   0.892 1.0000 6.8288E-06   1184.709
13551.00 0.42452863 2.3682E-31 0.0000E+00 0.0000E+00 2.2250E-07 2.2250E-07 0.0000E+00 0.0000E+00 2.2250E-07 2.38E-06 6.17E-06   0.857 1.0000 6.9678E-06   1188.499
13561.00 0.40907189 2.2761E-31 0.0000E+00 0.0000E+00 2.1834E-07 2.1834E-07 0.0000E+00 0.0000E+00 2.1834E-07 2.29E-06 6.16E-06   0.894 1.0000 6.9805E-06   1187.849
13571.00 0.39220542 2.1918E-31 0.0000E+00 0.0000E+00 2.1187E-07 2.1187E-07 0.0000E+00 0.0000E+00 2.1187E-07 2.17E-06 6.09E-06   0.936 1.0000 6.9293E-06   1186.392
13581.00 0.38354954 2.1068E-31 0.0000E+00 0.0000E+00 2.0782E-07 2.0782E-07 0.0000E+00 0.0000E+00 2.0782E-07 2.10E-06 6.02E-06   0.958 1.0000 6.8674E-06   1185.716
13591.00 0.40194878 1.9762E-31 0.0000E+00 0.0000E+00 2.1249E-07 2.1249E-07 0.0000E+00 0.0000E+00 2.1249E-07 2.20E-06 6.01E-06   0.911 1.0000 6.8280E-06   1188.034
13601.00 0.39222044 1.8871E-31 0.0000E+00 0.0000E+00 2.1238E-07 2.1238E-07 0.0000E+00 0.0000E+00 2.1238E-07 2.17E-06 6.08E-06   0.936 1.0000 6.9178E-06   1188.711
13611.00 0.39233497 1.7923E-31 0.0000E+00 0.0000E+00 2.1471E-07 2.1471E-07 0.0000E+00 0.0000E+00 2.1471E-07 2.19E-06 6.13E-06   0.936 1.0000 6.9838E-06   1190.214
13621.00 0.42026848 1.6725E-31 0.0000E+00 0.0000E+00 2.2441E-07 2.2441E-07 0.0000E+00 0.0000E+00 2.2441E-07 2.37E-06 6.19E-06   0.867 1.0000 7.0039E-06   1194.135
13631.00 0.37261024 1.6314E-31 0.0000E+00 0.0000E+00 2.0695E-07 2.0695E-07 0.0000E+00 0.0000E+00 2.0695E-07 2.06E-06 6.04E-06   0.987 1.0000 6.9291E-06   1188.985
13641.00 0.37799570 1.5596E-31 0.0000E+00 0.0000E+00 2.0614E-07 2.0614E-07 0.0000E+00 0.0000E+00 2.0614E-07 2.05E-06 5.96E-06   0.973 1.0000 6.8141E-06   1189.414
13651.00 0.38520458 1.4720E-31 0.0000E+00 0.0000E+00 2.0854E-07 2.0854E-07 0.0000E+00 0.0000E+00 2.0854E-07 2.10E-06 5.97E-06   0.954 1.0000 6.8293E-06   1190.963
13661.00 0.31112370 1.4400E-31 0.0000E+00 0.0000E+00 1.8621E-07 1.8621E-07 0.0000E+00 0.0000E+00 1.8621E-07 1.68E-06 5.90E-06   1.168 1.0000 6.9146E-06   1183.549
13671.00 0.29274341 1.4063E-31 0.0000E+00 0.0000E+00 1.8054E-07 1.8054E-07 0.0000E+00 0.0000E+00 1.8054E-07 1.55E-06 5.85E-06   1.228 1.0000 6.8594E-06   1182.059
13681.00 0.31334153 1.3138E-31 0.0000E+00 0.0000E+00 1.8332E-07 1.8332E-07 0.0000E+00 0.0000E+00 1.8332E-07 1.64E-06 5.75E-06   1.160 1.0000 6.7477E-06   1183.853
13691.00 0.27465492 1.2652E-31 0.0000E+00 0.0000E+00 1.7544E-07 1.7544E-07 0.0000E+00 0.0000E+00 1.7544E-07 1.46E-06 5.82E-06   1.292 1.0000 6.9298E-06   1181.442
13701.00 0.32396090 1.1918E-31 0.0000E+00 0.0000E+00 1.9248E-07 1.9248E-07 0.0000E+00 0.0000E+00 1.9248E-07 1.75E-06 5.93E-06   1.127 1.0000 6.8895E-06   1188.759
13711.00 0.24649230 1.1492E-31 0.0000E+00 0.0000E+00 1.5741E-07 1.5741E-07 0.0000E+00 0.0000E+00 1.5741E-07 1.23E-06 5.45E-06   1.400 1.0000 6.5819E-06   1175.218
13721.00 0.34103945 1.0531E-31 0.0000E+00 0.0000E+00 1.9035E-07 1.9035E-07 0.0000E+00 0.0000E+00 1.9035E-07 1.79E-06 5.69E-06   1.076 1.0000 6.6556E-06   1189.382
13731.00 0.29933983 1.0258E-31 0.0000E+00 0.0000E+00 1.8237E-07 1.8237E-07 0.0000E+00 0.0000E+00 1.8237E-07 1.59E-06 5.81E-06   1.206 1.0000 6.8519E-06   1187.028
13741.00 0.22213304 9.7222E-32 0.0000E+00 0.0000E+00 1.5452E-07 1.5452E-07 0.0000E+00 0.0000E+00 1.5452E-07 1.16E-06 5.60E-06   1.504 1.0000 6.8890E-06   1176.028
13751.00 0.31642482 9.2477E-32 0.0000E+00 0.0000E+00 1.9241E-07 1.9241E-07 0.0000E+00 0.0000E+00 1.9241E-07 1.72E-06 5.93E-06   1.151 1.0000 6.9714E-06   1192.285
13761.00 0.26371673 8.8185E-32 0.0000E+00 0.0000E+00 1.7103E-07 1.7103E-07 0.0000E+00 0.0000E+00 1.7103E-07 1.39E-06 5.69E-06   1.333 1.0000 6.9003E-06   1184.588
13771.00 0.28178620 8.6103E-32 0.0000E+00 0.0000E+00 1.7900E-07 1.7900E-07 0.0000E+00 0.0000E+00 1.7900E-07 1.48E-06 5.79E-06   1.267 1.0000 6.8340E-06   1188.531
13781.00 0.26695487 7.8000E-32 0.0000E+00 0.0000E+00 1.7123E-07 1.7123E-07 0.0000E+00 0.0000E+00 1.7123E-07 1.42E-06 5.69E-06   1.321 1.0000 6.9166E-06   1186.083
13791.00 0.28295320 7.5988E-32 0.0000E+00 0.0000E+00 1.7872E-07 1.7872E-07 0.0000E+00 0.0000E+00 1.7872E-07 1.50E-06 5.76E-06   1.262 1.0000 6.8767E-06   1189.837
13801.00 0.26477632 7.1252E-32 0.0000E+00 0.0000E+00 1.7081E-07 1.7081E-07 0.0000E+00 0.0000E+00 1.7081E-07 1.40E-06 5.62E-06   1.329 1.0000 6.8804E-06   1187.323
13811.00 0.28152743 6.7431E-32 0.0000E+00 0.0000E+00 1.7736E-07 1.7736E-07 0.0000E+00 0.0000E+00 1.7736E-07 1.50E-06 5.69E-06   1.268 1.0000 6.8949E-06   1190.705
13821.00 0.24182746 6.4105E-32 0.0000E+00 0.0000E+00 1.6350E-07 1.6350E-07 0.0000E+00 0.0000E+00 1.6350E-07 1.28E-06 5.62E-06   1.420 1.0000 6.9471E-06   1185.633
13831.00 0.34108204 6.1301E-32 0.0000E+00 0.0000E+00 2.0022E-07 2.0022E-07 0.0000E+00 0.0000E+00 2.0022E-07 1.83E-06 5.89E-06   1.076 1.0000 6.8800E-06   1200.842
13841.00 0.36335710 5.7542E-32 0.0000E+00 0.0000E+00 2.0149E-07 2.0149E-07 0.0000E+00 0.0000E+00 2.0149E-07 1.91E-06 5.73E-06   1.012 1.0000 6.6572E-06   1202.011
13851.00 0.35593826 5.5633E-32 0.0000E+00 0.0000E+00 2.0613E-07 2.0613E-07 0.0000E+00 0.0000E+00 2.0613E-07 1.91E-06 5.93E-06   1.033 1.0000 6.8689E-06   1204.376
13861.00 0.36077654 5.2749E-32 0.0000E+00 0.0000E+00 2.0736E-07 2.0736E-07 0.0000E+00 0.0000E+00 2.0736E-07 1.93E-06 5.91E-06   1.019 1.0000 6.8448E-06   1205.521
13871.00 0.28046638 5.0594E-32 0.0000E+00 0.0000E+00 1.7131E-07 1.7131E-07 0.0000E+00 0.0000E+00 1.7131E-07 1.42E-06 5.45E-06   1.271 1.0000 6.6067E-06   1192.471
13881.00 0.21582387 4.7615E-32 0.0000E+00 0.0000E+00 1.5232E-07 1.5232E-07 0.0000E+00 0.0000E+00 1.5232E-07 1.11E-06 5.41E-06   1.533 1.0000 6.8443E-06   1184.858
13891.00 0.22989900 4.6175E-32 0.0000E+00 0.0000E+00 1.5835E-07 1.5835E-07 0.0000E+00 0.0000E+00 1.5835E-07 1.17E-06 5.49E-06   1.470 1.0000 6.7708E-06   1188.296
13901.00 0.22772147 4.2840E-32 0.0000E+00 0.0000E+00 1.5179E-07 1.5179E-07 0.0000E+00 0.0000E+00 1.5179E-07 1.14E-06 5.32E-06   1.480 1.0000 6.6271E-06   1186.014
13911.00 0.20799859 3.9848E-32 0.0000E+00 0.0000E+00 1.4264E-07 1.4264E-07 0.0000E+00 0.0000E+00 1.4264E-07 1.04E-06 5.16E-06   1.570 1.0000 6.5880E-06   1182.360
13921.00 0.26228628 3.9255E-32 0.0000E+00 0.0000E+00 1.6740E-07 1.6740E-07 0.0000E+00 0.0000E+00 1.6740E-07 1.33E-06 5.44E-06   1.338 1.0000 6.6696E-06   1194.350
13931.00 0.23696564 3.7260E-32 0.0000E+00 0.0000E+00 1.6134E-07 1.6134E-07 0.0000E+00 0.0000E+00 1.6134E-07 1.22E-06 5.53E-06   1.440 1.0000 6.7975E-06   1192.431
13941.00 0.23810279 3.6131E-32 0.0000E+00 0.0000E+00 1.6706E-07 1.6706E-07 0.0000E+00 0.0000E+00 1.6706E-07 1.24E-06 5.70E-06   1.435 1.0000 6.9216E-06   1195.614
13951.00 0.30030790 3.4982E-32 0.0000E+00 0.0000E+00 1.8422E-07 1.8422E-07 0.0000E+00 0.0000E+00 1.8422E-07 1.52E-06 5.65E-06   1.203 1.0000 6.6387E-06   1203.331
13961.00 0.37783292 3.1883E-32 0.0000E+00 0.0000E+00 2.1534E-07 2.1534E-07 0.0000E+00 0.0000E+00 2.1534E-07 2.02E-06 5.92E-06   0.973 1.0000 6.8145E-06   1215.411
13971.00 0.39619955 2.9819E-32 0.0000E+00 0.0000E+00 2.2187E-07 2.2187E-07 0.0000E+00 0.0000E+00 2.2187E-07 2.13E-06 5.96E-06   0.926 1.0000 6.8419E-06   1218.324
13981.00 0.38566366 2.8638E-32 0.0000E+00 0.0000E+00 2.1279E-07 2.1279E-07 0.0000E+00 0.0000E+00 2.1279E-07 2.01E-06 5.78E-06   0.953 1.0000 6.6525E-06   1215.958
13991.00 0.40191990 2.6792E-32 0.0000E+00 0.0000E+00 2.1937E-07 2.1937E-07 0.0000E+00 0.0000E+00 2.1937E-07 2.12E-06 5.83E-06   0.912 1.0000 6.6990E-06   1218.914
14001.00 0.40854898 2.5329E-32 0.0000E+00 0.0000E+00 2.2807E-07 2.2807E-07 0.0000E+00 0.0000E+00 2.2807E-07 2.22E-06 6.01E-06   0.895 1.0000 6.8966E-06   1222.504
14011.00 0.41515735 2.3914E-32 0.0000E+00 0.0000E+00 2.2909E-07 2.2909E-07 0.0000E+00 0.0000E+00 2.2909E-07 2.25E-06 5.98E-06   0.879 1.0000 6.8603E-06   1223.551
14021.00 0.40594381 2.3036E-32 0.0000E+00 0.0000E+00 2.2177E-07 2.2177E-07 0.0000E+00 0.0000E+00 2.2177E-07 2.14E-06 5.84E-06   0.902 1.0000 6.7046E-06   1221.856
14031.00 0.41811305 2.1603E-32 0.0000E+00 0.0000E+00 2.2891E-07 2.2891E-07 0.0000E+00 0.0000E+00 2.2891E-07 2.25E-06 5.94E-06   0.872 1.0000 6.8054E-06   1224.922
14041.00 0.41606295 2.0553E-32 0.0000E+00 0.0000E+00 2.2808E-07 2.2808E-07 0.0000E+00 0.0000E+00 2.2808E-07 2.23E-06 5.92E-06   0.877 1.0000 6.7943E-06   1225.366
14051.00 0.41854906 1.9509E-32 0.0000E+00 0.0000E+00 2.2889E-07 2.2889E-07 0.0000E+00 0.0000E+00 2.2889E-07 2.24E-06 5.92E-06   0.871 1.0000 6.7860E-06   1226.340
14061.00 0.41042545 1.8746E-32 0.0000E+00 0.0000E+00 2.2738E-07 2.2738E-07 0.0000E+00 0.0000E+00 2.2738E-07 2.20E-06 5.92E-06   0.891 1.0000 6.8011E-06   1226.562
14071.00 0.40686983 1.7897E-32 0.0000E+00 0.0000E+00 2.3033E-07 2.3033E-07 0.0000E+00 0.0000E+00 2.3033E-07 2.21E-06 6.02E-06   0.899 1.0000 6.9130E-06   1228.237
14081.00 0.40267673 1.7118E-32 0.0000E+00 0.0000E+00 2.2972E-07 2.2972E-07 0.0000E+00 0.0000E+00 2.2972E-07 2.19E-06 6.02E-06   0.910 1.0000 6.9222E-06   1228.753
14091.00 0.40878892 1.6162E-32 0.0000E+00 0.0000E+00 2.2937E-07 2.2937E-07 0.0000E+00 0.0000E+00 2.2937E-07 2.20E-06 5.96E-06   0.895 1.0000 6.8480E-06   1229.355
14101.00 0.40406415 1.5424E-32 0.0000E+00 0.0000E+00 2.2541E-07 2.2541E-07 0.0000E+00 0.0000E+00 2.2541E-07 2.15E-06 5.88E-06   0.906 1.0000 6.7686E-06   1228.770
14111.00 0.41257286 1.4538E-32 0.0000E+00 0.0000E+00 2.2723E-07 2.2723E-07 0.0000E+00 0.0000E+00 2.2723E-07 2.19E-06 5.86E-06   0.885 1.0000 6.7405E-06   1230.081
14121.00 0.39048091 1.4145E-32 0.0000E+00 0.0000E+00 2.2731E-07 2.2731E-07 0.0000E+00 0.0000E+00 2.2731E-07 2.11E-06 6.01E-06   0.940 1.0000 6.9338E-06   1230.822
14131.00 0.39508510 1.3422E-32 0.0000E+00 0.0000E+00 2.2841E-07 2.2841E-07 0.0000E+00 0.0000E+00 2.2841E-07 2.13E-06 5.99E-06   0.929 1.0000 6.9114E-06   1231.894
14141.00 0.40369254 1.2639E-32 0.0000E+00 0.0000E+00 2.2312E-07 2.2312E-07 0.0000E+00 0.0000E+00 2.2312E-07 2.11E-06 5.79E-06   0.907 1.0000 6.6690E-06   1230.862
14151.00 0.38732669 1.2186E-32 0.0000E+00 0.0000E+00 2.2383E-07 2.2383E-07 0.0000E+00 0.0000E+00 2.2383E-07 2.06E-06 5.91E-06   0.948 1.0000 6.8364E-06   1231.811
14161.00 0.38864505 1.1568E-32 0.0000E+00 0.0000E+00 2.2414E-07 2.2414E-07 0.0000E+00 0.0000E+00 2.2414E-07 2.07E-06 5.90E-06   0.945 1.0000 6.8263E-06   1232.625
14171.00 0.38088951 1.1044E-32 0.0000E+00 0.0000E+00 2.2160E-07 2.2160E-07 0.0000E+00 0.0000E+00 2.2160E-07 2.02E-06 5.89E-06   0.965 1.0000 6.8218E-06   1232.488
14181.00 0.37545472 1.0559E-32 0.0000E+00 0.0000E+00 2.2326E-07 2.2326E-07 0.0000E+00 0.0000E+00 2.2326E-07 2.02E-06 5.96E-06   0.980 1.0000 6.9162E-06   1233.757
14191.00 0.39984399 9.8687E-33 0.0000E+00 0.0000E+00 2.3105E-07 2.3105E-07 0.0000E+00 0.0000E+00 2.3105E-07 2.16E-06 5.98E-06   0.917 1.0000 6.9005E-06   1237.034
14201.00 0.36536407 9.5340E-33 0.0000E+00 0.0000E+00 2.1636E-07 2.1636E-07 0.0000E+00 0.0000E+00 2.1636E-07 1.93E-06 5.84E-06   1.007 1.0000 6.8083E-06   1232.841
14211.00 0.40579051 8.8187E-33 0.0000E+00 0.0000E+00 2.2962E-07 2.2962E-07 0.0000E+00 0.0000E+00 2.2962E-07 2.16E-06 5.88E-06   0.902 1.0000 6.7993E-06   1237.995
14221.00 0.38043699 8.5439E-33 0.0000E+00 0.0000E+00 2.2162E-07 2.2162E-07 0.0000E+00 0.0000E+00 2.2162E-07 2.01E-06 5.85E-06   0.966 1.0000 6.7995E-06   1236.054
14231.00 0.34977880 8.2855E-33 0.0000E+00 0.0000E+00 2.0814E-07 2.0814E-07 0.0000E+00 0.0000E+00 2.0814E-07 1.80E-06 5.71E-06   1.050 1.0000 6.6909E-06   1232.096
14241.00 0.36500376 7.8537E-33 0.0000E+00 0.0000E+00 2.1554E-07 2.1554E-07 0.0000E+00 0.0000E+00 2.1554E-07 1.90E-06 5.77E-06   1.008 1.0000 6.7352E-06   1235.402
14251.00 0.35308185 7.5116E-33 0.0000E+00 0.0000E+00 2.0719E-07 2.0719E-07 0.0000E+00 0.0000E+00 2.0719E-07 1.80E-06 5.62E-06   1.041 1.0000 6.5845E-06   1233.175
14261.00 0.36486584 7.1357E-33 0.0000E+00 0.0000E+00 2.1684E-07 2.1684E-07 0.0000E+00 0.0000E+00 2.1684E-07 1.90E-06 5.80E-06   1.008 1.0000 6.7582E-06   1237.271
14271.00 0.33535391 6.8888E-33 0.0000E+00 0.0000E+00 2.0578E-07 2.0578E-07 0.0000E+00 0.0000E+00 2.0578E-07 1.73E-06 5.71E-06   1.093 1.0000 6.7184E-06   1234.086
14281.00 0.36565202 6.3987E-33 0.0000E+00 0.0000E+00 2.1575E-07 2.1575E-07 0.0000E+00 0.0000E+00 2.1575E-07 1.90E-06 5.75E-06   1.006 1.0000 6.7221E-06   1238.317
 -9999.
