T F 2    2    2    0    2    2    2    2    2    2    1    0    0   0.0000.00000
    1    1    1    0    0    0  23.00000   0.00000   0.00000   0.00000   0.00000
 -99.000 -99.000 -99.000
 -99.00000 -99.00000 -99.00000  2.922360  0.000710 ! H2O & O3 COLUMNS [GM/CM2]
   36MID-LATITUDE SUMMER 
  10.00000   3.00000 101.67749  35.00049   0.30808   0.00000    0        0.00000
    0    0  172    0
   0.00000   0.00000   0.00000  20.00194   0.00000 180.00000   0.00000   0.00000
    9091.0   14286.0      10.0      10.0NW              
    0   0    0.000  0    0.000  0    1.000
    FREQ  TOT_TRANS  PTH_THRML  THRML_SCT  SURF_EMIS   SOL_SCAT  SING_SCAT  GRND_RFLT  DRCT_RFLT  TOTAL_RAD  REF_SOL  SOL@OBS   DEPTH DIR_EM    TOA_SUN BBODY_T[K]
 9091.00 0.72144264 3.0105E-22 0.0000E+00 0.0000E+00 4.6994E-08 4.6994E-08 0.0000E+00 0.0000E+00 4.6994E-08 4.70E-06 6.89E-06   0.327 1.0000 6.9214E-06    780.331
 9101.00 0.75342566 2.6375E-22 0.0000E+00 0.0000E+00 4.7136E-08 4.7136E-08 0.0000E+00 0.0000E+00 4.7136E-08 4.81E-06 6.72E-06   0.283 1.0000 6.7529E-06    781.176
 9111.00 0.79489332 2.1083E-22 0.0000E+00 0.0000E+00 4.8772E-08 4.8772E-08 0.0000E+00 0.0000E+00 4.8772E-08 5.13E-06 6.74E-06   0.230 1.0000 6.7702E-06    783.475
 9121.00 0.79324383 1.9861E-22 0.0000E+00 0.0000E+00 4.8731E-08 4.8731E-08 0.0000E+00 0.0000E+00 4.8731E-08 5.12E-06 6.73E-06   0.232 1.0000 6.7570E-06    784.143
 9131.00 0.78471488 1.9764E-22 0.0000E+00 0.0000E+00 4.8301E-08 4.8301E-08 0.0000E+00 0.0000E+00 4.8301E-08 5.02E-06 6.69E-06   0.242 1.0000 6.7175E-06    784.432
 9141.00 0.82779318 1.5522E-22 0.0000E+00 0.0000E+00 4.7860E-08 4.7860E-08 0.0000E+00 0.0000E+00 4.7860E-08 5.11E-06 6.42E-06   0.189 1.0000 6.4440E-06    784.708
 9151.00 0.78717333 1.7206E-22 0.0000E+00 0.0000E+00 4.9599E-08 4.9599E-08 0.0000E+00 0.0000E+00 4.9599E-08 5.15E-06 6.83E-06   0.239 1.0000 6.8615E-06    787.089
 9161.00 0.86461079 1.0914E-22 0.0000E+00 0.0000E+00 5.3010E-08 5.3010E-08 0.0000E+00 0.0000E+00 5.3010E-08 5.80E-06 6.90E-06   0.145 1.0000 6.9345E-06    790.938
 9171.00 0.81516588 1.3698E-22 0.0000E+00 0.0000E+00 5.1808E-08 5.1808E-08 0.0000E+00 0.0000E+00 5.1808E-08 5.46E-06 6.96E-06   0.204 1.0000 6.9883E-06    790.558
 9181.00 0.83604842 1.2002E-22 0.0000E+00 0.0000E+00 5.1890E-08 5.1890E-08 0.0000E+00 0.0000E+00 5.1890E-08 5.52E-06 6.84E-06   0.179 1.0000 6.8738E-06    791.340
 9191.00 0.86042207 9.8183E-23 0.0000E+00 0.0000E+00 5.2730E-08 5.2730E-08 0.0000E+00 0.0000E+00 5.2730E-08 5.69E-06 6.82E-06   0.150 1.0000 6.8531E-06    792.809
 9201.00 0.82956427 1.1086E-22 0.0000E+00 0.0000E+00 5.1215E-08 5.1215E-08 0.0000E+00 0.0000E+00 5.1215E-08 5.40E-06 6.75E-06   0.187 1.0000 6.7792E-06    792.133
 9211.00 0.83265686 1.0346E-22 0.0000E+00 0.0000E+00 5.3341E-08 5.3341E-08 0.0000E+00 0.0000E+00 5.3341E-08 5.63E-06 7.00E-06   0.183 1.0000 7.0277E-06    794.773
 9221.00 0.84875625 9.1361E-23 0.0000E+00 0.0000E+00 5.3669E-08 5.3669E-08 0.0000E+00 0.0000E+00 5.3669E-08 5.70E-06 6.94E-06   0.164 1.0000 6.9689E-06    795.774
 9231.00 0.84699720 8.6493E-23 0.0000E+00 0.0000E+00 5.2352E-08 5.2352E-08 0.0000E+00 0.0000E+00 5.2352E-08 5.54E-06 6.76E-06   0.166 1.0000 6.7955E-06    795.296
 9241.00 0.86552525 7.2961E-23 0.0000E+00 0.0000E+00 5.3078E-08 5.3078E-08 0.0000E+00 0.0000E+00 5.3078E-08 5.67E-06 6.75E-06   0.144 1.0000 6.7842E-06    796.660
 9251.00 0.84909075 7.7625E-23 0.0000E+00 0.0000E+00 5.3580E-08 5.3580E-08 0.0000E+00 0.0000E+00 5.3580E-08 5.65E-06 6.87E-06   0.164 1.0000 6.9007E-06    797.816
 9261.00 0.85764891 6.9538E-23 0.0000E+00 0.0000E+00 5.4731E-08 5.4731E-08 0.0000E+00 0.0000E+00 5.4731E-08 5.79E-06 6.96E-06   0.154 1.0000 6.9947E-06    799.543
 9271.00 0.87086713 6.0316E-23 0.0000E+00 0.0000E+00 5.4412E-08 5.4412E-08 0.0000E+00 0.0000E+00 5.4412E-08 5.79E-06 6.84E-06   0.138 1.0000 6.8762E-06    799.970
 9281.00 0.84538156 6.8784E-23 0.0000E+00 0.0000E+00 5.4919E-08 5.4919E-08 0.0000E+00 0.0000E+00 5.4919E-08 5.72E-06 7.00E-06   0.168 1.0000 7.0330E-06    801.123
 9291.00 0.87168622 5.3782E-23 0.0000E+00 0.0000E+00 5.5805E-08 5.5805E-08 0.0000E+00 0.0000E+00 5.5805E-08 5.91E-06 6.98E-06   0.137 1.0000 7.0135E-06    802.601
 9301.00 0.85923779 5.5955E-23 0.0000E+00 0.0000E+00 5.4325E-08 5.4325E-08 0.0000E+00 0.0000E+00 5.4325E-08 5.69E-06 6.83E-06   0.152 1.0000 6.8637E-06    802.015
 9311.00 0.86411762 5.1063E-23 0.0000E+00 0.0000E+00 5.5578E-08 5.5578E-08 0.0000E+00 0.0000E+00 5.5578E-08 5.83E-06 6.95E-06   0.146 1.0000 6.9849E-06    803.821
 9321.00 0.86017680 4.9904E-23 0.0000E+00 0.0000E+00 5.4780E-08 5.4780E-08 0.0000E+00 0.0000E+00 5.4780E-08 5.71E-06 6.85E-06   0.151 1.0000 6.8861E-06    803.831
 9331.00 0.85976666 4.7178E-23 0.0000E+00 0.0000E+00 5.5859E-08 5.5859E-08 0.0000E+00 0.0000E+00 5.5859E-08 5.81E-06 6.97E-06   0.151 1.0000 7.0103E-06    805.480
 9341.00 0.85737789 4.5100E-23 0.0000E+00 0.0000E+00 5.5629E-08 5.5629E-08 0.0000E+00 0.0000E+00 5.5629E-08 5.76E-06 6.94E-06   0.154 1.0000 6.9794E-06    805.988
 9351.00 0.85019261 4.4834E-23 0.0000E+00 0.0000E+00 5.3304E-08 5.3304E-08 0.0000E+00 0.0000E+00 5.3304E-08 5.48E-06 6.67E-06   0.162 1.0000 6.7060E-06    804.636
 9361.00 0.84940833 4.1903E-23 0.0000E+00 0.0000E+00 5.4969E-08 5.4969E-08 0.0000E+00 0.0000E+00 5.4969E-08 5.64E-06 6.87E-06   0.163 1.0000 6.9146E-06    806.825
 9371.00 0.84675026 4.0503E-23 0.0000E+00 0.0000E+00 5.5739E-08 5.5739E-08 0.0000E+00 0.0000E+00 5.5739E-08 5.69E-06 6.96E-06   0.166 1.0000 7.0062E-06    808.206
 9381.00 0.84741533 3.8160E-23 0.0000E+00 0.0000E+00 5.5630E-08 5.5630E-08 0.0000E+00 0.0000E+00 5.5630E-08 5.67E-06 6.93E-06   0.166 1.0000 6.9727E-06    808.818
 9391.00 0.84615254 3.6764E-23 0.0000E+00 0.0000E+00 5.6707E-08 5.6707E-08 0.0000E+00 0.0000E+00 5.6707E-08 5.76E-06 7.05E-06   0.167 1.0000 7.0927E-06    810.457
 9401.00 0.84951329 3.4269E-23 0.0000E+00 0.0000E+00 5.6580E-08 5.6580E-08 0.0000E+00 0.0000E+00 5.6580E-08 5.74E-06 6.99E-06   0.163 1.0000 7.0394E-06    811.055
 9411.00 0.85041767 3.2687E-23 0.0000E+00 0.0000E+00 5.6674E-08 5.6674E-08 0.0000E+00 0.0000E+00 5.6674E-08 5.73E-06 6.98E-06   0.162 1.0000 7.0221E-06    811.843
 9421.00 0.85336572 3.0559E-23 0.0000E+00 0.0000E+00 5.6821E-08 5.6821E-08 0.0000E+00 0.0000E+00 5.6821E-08 5.75E-06 6.96E-06   0.159 1.0000 7.0055E-06    812.677
 9431.00 0.85474366 2.8896E-23 0.0000E+00 0.0000E+00 5.6738E-08 5.6738E-08 0.0000E+00 0.0000E+00 5.6738E-08 5.73E-06 6.93E-06   0.157 1.0000 6.9676E-06    813.314
 9441.00 0.85616654 2.7349E-23 0.0000E+00 0.0000E+00 5.6804E-08 5.6804E-08 0.0000E+00 0.0000E+00 5.6804E-08 5.72E-06 6.91E-06   0.155 1.0000 6.9484E-06    814.078
 9451.00 0.85859519 2.5750E-23 0.0000E+00 0.0000E+00 5.7292E-08 5.7292E-08 0.0000E+00 0.0000E+00 5.7292E-08 5.77E-06 6.94E-06   0.152 1.0000 6.9764E-06    815.203
 9461.00 0.86148393 2.4168E-23 0.0000E+00 0.0000E+00 5.8488E-08 5.8488E-08 0.0000E+00 0.0000E+00 5.8488E-08 5.88E-06 7.05E-06   0.149 1.0000 7.0891E-06    816.922
 9471.00 0.86401016 2.2742E-23 0.0000E+00 0.0000E+00 5.8757E-08 5.8757E-08 0.0000E+00 0.0000E+00 5.8757E-08 5.91E-06 7.05E-06   0.146 1.0000 7.0904E-06    817.855
 9481.00 0.86622632 2.1412E-23 0.0000E+00 0.0000E+00 5.8949E-08 5.8949E-08 0.0000E+00 0.0000E+00 5.8949E-08 5.92E-06 7.05E-06   0.144 1.0000 7.0848E-06    818.723
 9491.00 0.86793554 2.0203E-23 0.0000E+00 0.0000E+00 5.8678E-08 5.8678E-08 0.0000E+00 0.0000E+00 5.8678E-08 5.89E-06 6.99E-06   0.142 1.0000 7.0271E-06    819.205
 9501.00 0.86900687 1.9146E-23 0.0000E+00 0.0000E+00 5.9187E-08 5.9187E-08 0.0000E+00 0.0000E+00 5.9187E-08 5.93E-06 7.03E-06   0.140 1.0000 7.0663E-06    820.338
 9511.00 0.87018925 1.8133E-23 0.0000E+00 0.0000E+00 5.9433E-08 5.9433E-08 0.0000E+00 0.0000E+00 5.9433E-08 5.95E-06 7.04E-06   0.139 1.0000 7.0729E-06    821.249
 9521.00 0.87090331 1.7185E-23 0.0000E+00 0.0000E+00 5.9556E-08 5.9556E-08 0.0000E+00 0.0000E+00 5.9556E-08 5.95E-06 7.03E-06   0.138 1.0000 7.0689E-06    822.059
 9531.00 0.87122732 1.6334E-23 0.0000E+00 0.0000E+00 5.9823E-08 5.9823E-08 0.0000E+00 0.0000E+00 5.9823E-08 5.96E-06 7.05E-06   0.138 1.0000 7.0837E-06    822.989
 9541.00 0.87276196 1.5461E-23 0.0000E+00 0.0000E+00 6.0055E-08 6.0055E-08 0.0000E+00 0.0000E+00 6.0055E-08 5.98E-06 7.05E-06   0.136 1.0000 7.0847E-06    823.888
 9551.00 0.87310559 1.4702E-23 0.0000E+00 0.0000E+00 5.9640E-08 5.9640E-08 0.0000E+00 0.0000E+00 5.9640E-08 5.92E-06 6.98E-06   0.136 1.0000 7.0183E-06    824.252
 9561.00 0.87337154 1.3981E-23 0.0000E+00 0.0000E+00 5.9148E-08 5.9148E-08 0.0000E+00 0.0000E+00 5.9148E-08 5.86E-06 6.91E-06   0.135 1.0000 6.9440E-06    824.551
 9571.00 0.87347811 1.3314E-23 0.0000E+00 0.0000E+00 6.0388E-08 6.0388E-08 0.0000E+00 0.0000E+00 6.0388E-08 5.97E-06 7.04E-06   0.135 1.0000 7.0733E-06    826.285
 9581.00 0.87372649 1.2656E-23 0.0000E+00 0.0000E+00 6.0614E-08 6.0614E-08 0.0000E+00 0.0000E+00 6.0614E-08 5.98E-06 7.05E-06   0.135 1.0000 7.0833E-06    827.178
 9591.00 0.87358320 1.2071E-23 0.0000E+00 0.0000E+00 6.0336E-08 6.0336E-08 0.0000E+00 0.0000E+00 6.0336E-08 5.94E-06 7.00E-06   0.135 1.0000 7.0362E-06    827.658
 9601.00 0.87328959 1.1526E-23 0.0000E+00 0.0000E+00 6.1006E-08 6.1006E-08 0.0000E+00 0.0000E+00 6.1006E-08 6.00E-06 7.07E-06   0.135 1.0000 7.1006E-06    828.915
 9611.00 0.87341714 1.0956E-23 0.0000E+00 0.0000E+00 6.0778E-08 6.0778E-08 0.0000E+00 0.0000E+00 6.0778E-08 5.96E-06 7.02E-06   0.135 1.0000 7.0589E-06    829.437
 9621.00 0.87329495 1.0441E-23 0.0000E+00 0.0000E+00 6.0861E-08 6.0861E-08 0.0000E+00 0.0000E+00 6.0861E-08 5.96E-06 7.02E-06   0.135 1.0000 7.0542E-06    830.212
 9631.00 0.87322390 9.9548E-24 0.0000E+00 0.0000E+00 6.0950E-08 6.0950E-08 0.0000E+00 0.0000E+00 6.0950E-08 5.95E-06 7.01E-06   0.136 1.0000 7.0494E-06    830.992
 9641.00 0.87281299 9.4948E-24 0.0000E+00 0.0000E+00 6.0659E-08 6.0659E-08 0.0000E+00 0.0000E+00 6.0659E-08 5.91E-06 6.97E-06   0.136 1.0000 7.0036E-06    831.462
 9651.00 0.87280208 9.0590E-24 0.0000E+00 0.0000E+00 6.1720E-08 6.1720E-08 0.0000E+00 0.0000E+00 6.1720E-08 6.00E-06 7.07E-06   0.136 1.0000 7.1097E-06    833.034
 9661.00 0.87325609 8.5936E-24 0.0000E+00 0.0000E+00 6.1139E-08 6.1139E-08 0.0000E+00 0.0000E+00 6.1139E-08 5.93E-06 6.99E-06   0.136 1.0000 7.0258E-06    833.270
 9671.00 0.87263131 8.2276E-24 0.0000E+00 0.0000E+00 6.1262E-08 6.1262E-08 0.0000E+00 0.0000E+00 6.1262E-08 5.93E-06 6.99E-06   0.136 1.0000 7.0276E-06    834.077
 9681.00 0.87253302 7.8412E-24 0.0000E+00 0.0000E+00 6.1215E-08 6.1215E-08 0.0000E+00 0.0000E+00 6.1215E-08 5.91E-06 6.97E-06   0.136 1.0000 7.0080E-06    834.746
 9691.00 0.87174076 7.5123E-24 0.0000E+00 0.0000E+00 6.2187E-08 6.2187E-08 0.0000E+00 0.0000E+00 6.2187E-08 5.99E-06 7.07E-06   0.137 1.0000 7.1079E-06    836.243
 9701.00 0.87116271 7.1911E-24 0.0000E+00 0.0000E+00 6.2209E-08 6.2209E-08 0.0000E+00 0.0000E+00 6.2209E-08 5.98E-06 7.06E-06   0.138 1.0000 7.0980E-06    836.968
 9711.00 0.87117910 6.8426E-24 0.0000E+00 0.0000E+00 6.2204E-08 6.2204E-08 0.0000E+00 0.0000E+00 6.2204E-08 5.96E-06 7.05E-06   0.138 1.0000 7.0827E-06    837.671
 9721.00 0.86848861 6.6662E-24 0.0000E+00 0.0000E+00 6.2283E-08 6.2283E-08 0.0000E+00 0.0000E+00 6.2283E-08 5.94E-06 7.05E-06   0.141 1.0000 7.0883E-06    838.443
 9731.00 0.86564904 6.4883E-24 0.0000E+00 0.0000E+00 6.2653E-08 6.2653E-08 0.0000E+00 0.0000E+00 6.2653E-08 5.96E-06 7.09E-06   0.144 1.0000 7.1280E-06    839.448
 9741.00 0.86876208 6.0206E-24 0.0000E+00 0.0000E+00 6.2785E-08 6.2785E-08 0.0000E+00 0.0000E+00 6.2785E-08 5.97E-06 7.08E-06   0.141 1.0000 7.1148E-06    840.261
 9751.00 0.86816269 5.7589E-24 0.0000E+00 0.0000E+00 6.2987E-08 6.2987E-08 0.0000E+00 0.0000E+00 6.2987E-08 5.97E-06 7.09E-06   0.141 1.0000 7.1256E-06    841.131
 9761.00 0.86527961 5.5962E-24 0.0000E+00 0.0000E+00 6.2885E-08 6.2885E-08 0.0000E+00 0.0000E+00 6.2885E-08 5.94E-06 7.08E-06   0.145 1.0000 7.1121E-06    841.756
 9771.00 0.85900688 5.6068E-24 0.0000E+00 0.0000E+00 6.2880E-08 6.2880E-08 0.0000E+00 0.0000E+00 6.2880E-08 5.90E-06 7.09E-06   0.152 1.0000 7.1242E-06    842.459
 9781.00 0.86678153 5.0143E-24 0.0000E+00 0.0000E+00 6.2604E-08 6.2604E-08 0.0000E+00 0.0000E+00 6.2604E-08 5.89E-06 7.01E-06   0.143 1.0000 7.0450E-06    842.945
 9791.00 0.86671227 4.7824E-24 0.0000E+00 0.0000E+00 6.2679E-08 6.2679E-08 0.0000E+00 0.0000E+00 6.2679E-08 5.89E-06 7.00E-06   0.143 1.0000 7.0386E-06    843.712
 9801.00 0.86686718 4.5375E-24 0.0000E+00 0.0000E+00 6.2960E-08 6.2960E-08 0.0000E+00 0.0000E+00 6.2960E-08 5.90E-06 7.02E-06   0.143 1.0000 7.0554E-06    844.645
 9811.00 0.85968041 4.5688E-24 0.0000E+00 0.0000E+00 6.2128E-08 6.2128E-08 0.0000E+00 0.0000E+00 6.2128E-08 5.78E-06 6.94E-06   0.151 1.0000 6.9787E-06    844.679
 9821.00 0.86862147 4.0524E-24 0.0000E+00 0.0000E+00 6.3353E-08 6.3353E-08 0.0000E+00 0.0000E+00 6.3353E-08 5.92E-06 7.03E-06   0.141 1.0000 7.0623E-06    846.374
 9831.00 0.86533612 3.9641E-24 0.0000E+00 0.0000E+00 6.3486E-08 6.3486E-08 0.0000E+00 0.0000E+00 6.3486E-08 5.91E-06 7.04E-06   0.145 1.0000 7.0767E-06    847.187
 9841.00 0.86696774 3.7167E-24 0.0000E+00 0.0000E+00 6.3485E-08 6.3485E-08 0.0000E+00 0.0000E+00 6.3485E-08 5.90E-06 7.02E-06   0.143 1.0000 7.0554E-06    847.894
 9851.00 0.86346918 3.6374E-24 0.0000E+00 0.0000E+00 6.3443E-08 6.3443E-08 0.0000E+00 0.0000E+00 6.3443E-08 5.87E-06 7.01E-06   0.147 1.0000 7.0514E-06    848.567
 9861.00 0.86541104 3.4144E-24 0.0000E+00 0.0000E+00 6.4122E-08 6.4122E-08 0.0000E+00 0.0000E+00 6.4122E-08 5.93E-06 7.07E-06   0.145 1.0000 7.1034E-06    849.814
 9871.00 0.86575192 3.2356E-24 0.0000E+00 0.0000E+00 6.4328E-08 6.4328E-08 0.0000E+00 0.0000E+00 6.4328E-08 5.94E-06 7.07E-06   0.144 1.0000 7.1106E-06    850.685
 9881.00 0.86024618 3.2134E-24 0.0000E+00 0.0000E+00 6.4255E-08 6.4255E-08 0.0000E+00 0.0000E+00 6.4255E-08 5.90E-06 7.07E-06   0.151 1.0000 7.1125E-06    851.334
 9891.00 0.86423004 2.9680E-24 0.0000E+00 0.0000E+00 6.4568E-08 6.4568E-08 0.0000E+00 0.0000E+00 6.4568E-08 5.93E-06 7.08E-06   0.146 1.0000 7.1147E-06    852.289
 9901.00 0.85215932 3.0826E-24 0.0000E+00 0.0000E+00 6.4344E-08 6.4344E-08 0.0000E+00 0.0000E+00 6.4344E-08 5.84E-06 7.09E-06   0.160 1.0000 7.1297E-06    852.818
 9911.00 0.85089606 2.9645E-24 0.0000E+00 0.0000E+00 6.4243E-08 6.4243E-08 0.0000E+00 0.0000E+00 6.4243E-08 5.82E-06 7.07E-06   0.161 1.0000 7.1100E-06    853.444
 9921.00 0.85862648 2.6713E-24 0.0000E+00 0.0000E+00 6.4756E-08 6.4756E-08 0.0000E+00 0.0000E+00 6.4756E-08 5.89E-06 7.08E-06   0.152 1.0000 7.1166E-06    854.557
 9931.00 0.86308205 2.4574E-24 0.0000E+00 0.0000E+00 6.4688E-08 6.4688E-08 0.0000E+00 0.0000E+00 6.4688E-08 5.89E-06 7.04E-06   0.147 1.0000 7.0750E-06    855.210
 9941.00 0.86079377 2.3783E-24 0.0000E+00 0.0000E+00 6.2580E-08 6.2580E-08 0.0000E+00 0.0000E+00 6.2580E-08 5.67E-06 6.80E-06   0.150 1.0000 6.8405E-06    854.223
 9951.00 0.86070490 2.2683E-24 0.0000E+00 0.0000E+00 6.1388E-08 6.1388E-08 0.0000E+00 0.0000E+00 6.1388E-08 5.55E-06 6.66E-06   0.150 1.0000 6.6965E-06    853.948
 9961.00 0.85793245 2.2034E-24 0.0000E+00 0.0000E+00 6.4380E-08 6.4380E-08 0.0000E+00 0.0000E+00 6.4380E-08 5.80E-06 6.98E-06   0.153 1.0000 7.0208E-06    857.085
 9971.00 0.85839421 2.0872E-24 0.0000E+00 0.0000E+00 6.5160E-08 6.5160E-08 0.0000E+00 0.0000E+00 6.5160E-08 5.86E-06 7.05E-06   0.153 1.0000 7.0893E-06    858.409
 9981.00 0.84361559 2.2013E-24 0.0000E+00 0.0000E+00 6.5197E-08 6.5197E-08 0.0000E+00 0.0000E+00 6.5197E-08 5.79E-06 7.11E-06   0.170 1.0000 7.1451E-06    859.144
 9991.00 0.86193335 1.8432E-24 0.0000E+00 0.0000E+00 6.6025E-08 6.6025E-08 0.0000E+00 0.0000E+00 6.6025E-08 5.93E-06 7.10E-06   0.149 1.0000 7.1388E-06    860.500
10001.00 0.85715115 1.8202E-24 0.0000E+00 0.0000E+00 6.5636E-08 6.5636E-08 0.0000E+00 0.0000E+00 6.5636E-08 5.86E-06 7.06E-06   0.154 1.0000 7.1031E-06    860.902
10011.00 0.85964602 1.7002E-24 0.0000E+00 0.0000E+00 6.5980E-08 6.5980E-08 0.0000E+00 0.0000E+00 6.5980E-08 5.89E-06 7.08E-06   0.151 1.0000 7.1150E-06    861.878
10021.00 0.86029577 1.6070E-24 0.0000E+00 0.0000E+00 6.6282E-08 6.6282E-08 0.0000E+00 0.0000E+00 6.6282E-08 5.91E-06 7.09E-06   0.150 1.0000 7.1310E-06    862.820
10031.00 0.86089945 1.5245E-24 0.0000E+00 0.0000E+00 6.6452E-08 6.6452E-08 0.0000E+00 0.0000E+00 6.6452E-08 5.92E-06 7.09E-06   0.150 1.0000 7.1318E-06    863.659
10041.00 0.85991323 1.4635E-24 0.0000E+00 0.0000E+00 6.6404E-08 6.6404E-08 0.0000E+00 0.0000E+00 6.6404E-08 5.89E-06 7.08E-06   0.151 1.0000 7.1164E-06    864.328
10051.00 0.86120993 1.3761E-24 0.0000E+00 0.0000E+00 6.6608E-08 6.6608E-08 0.0000E+00 0.0000E+00 6.6608E-08 5.91E-06 7.08E-06   0.149 1.0000 7.1191E-06    865.193
10061.00 0.85778242 1.3466E-24 0.0000E+00 0.0000E+00 6.6706E-08 6.6706E-08 0.0000E+00 0.0000E+00 6.6706E-08 5.89E-06 7.09E-06   0.153 1.0000 7.1296E-06    865.975
10071.00 0.84061348 1.4526E-24 0.0000E+00 0.0000E+00 6.6085E-08 6.6085E-08 0.0000E+00 0.0000E+00 6.6085E-08 5.74E-06 7.08E-06   0.174 1.0000 7.1221E-06    866.197
10081.00 0.85528237 1.2438E-24 0.0000E+00 0.0000E+00 6.6622E-08 6.6622E-08 0.0000E+00 0.0000E+00 6.6622E-08 5.84E-06 7.06E-06   0.156 1.0000 7.1031E-06    867.323
10091.00 0.84774977 1.2513E-24 0.0000E+00 0.0000E+00 6.6285E-08 6.6285E-08 0.0000E+00 0.0000E+00 6.6285E-08 5.77E-06 7.04E-06   0.165 1.0000 7.0846E-06    867.766
10101.00 0.83304167 1.3275E-24 0.0000E+00 0.0000E+00 6.5418E-08 6.5418E-08 0.0000E+00 0.0000E+00 6.5418E-08 5.61E-06 7.00E-06   0.183 1.0000 7.0367E-06    867.788
10111.00 0.85263908 1.0978E-24 0.0000E+00 0.0000E+00 6.6152E-08 6.6152E-08 0.0000E+00 0.0000E+00 6.6152E-08 5.75E-06 6.98E-06   0.159 1.0000 7.0192E-06    869.072
10121.00 0.83329511 1.1805E-24 0.0000E+00 0.0000E+00 6.6346E-08 6.6346E-08 0.0000E+00 0.0000E+00 6.6346E-08 5.68E-06 7.07E-06   0.182 1.0000 7.1091E-06    869.930
10131.00 0.82453954 1.1955E-24 0.0000E+00 0.0000E+00 6.5813E-08 6.5813E-08 0.0000E+00 0.0000E+00 6.5813E-08 5.58E-06 7.03E-06   0.193 1.0000 7.0756E-06    870.216
10141.00 0.83941811 1.0382E-24 0.0000E+00 0.0000E+00 6.6612E-08 6.6612E-08 0.0000E+00 0.0000E+00 6.6612E-08 5.70E-06 7.04E-06   0.175 1.0000 7.0813E-06    871.549
10151.00 0.78695446 1.2838E-24 0.0000E+00 0.0000E+00 6.4783E-08 6.4783E-08 0.0000E+00 0.0000E+00 6.4783E-08 5.32E-06 7.07E-06   0.240 1.0000 7.1130E-06    870.806
10161.00 0.80207235 1.1505E-24 0.0000E+00 0.0000E+00 6.5369E-08 6.5369E-08 0.0000E+00 0.0000E+00 6.5369E-08 5.42E-06 7.05E-06   0.221 1.0000 7.0884E-06    871.978
10171.00 0.76915628 1.2243E-24 0.0000E+00 0.0000E+00 6.3961E-08 6.3961E-08 0.0000E+00 0.0000E+00 6.3961E-08 5.17E-06 7.05E-06   0.262 1.0000 7.0885E-06    871.552
10181.00 0.76132107 1.2261E-24 0.0000E+00 0.0000E+00 6.4126E-08 6.4126E-08 0.0000E+00 0.0000E+00 6.4126E-08 5.13E-06 7.08E-06   0.273 1.0000 7.1238E-06    872.389
10191.00 0.78259492 1.0767E-24 0.0000E+00 0.0000E+00 6.5294E-08 6.5294E-08 0.0000E+00 0.0000E+00 6.5294E-08 5.30E-06 7.09E-06   0.245 1.0000 7.1342E-06    874.032
10201.00 0.71233028 1.2551E-24 0.0000E+00 0.0000E+00 6.1473E-08 6.1473E-08 0.0000E+00 0.0000E+00 6.1473E-08 4.73E-06 7.03E-06   0.339 1.0000 7.0727E-06    871.604
10211.00 0.69153225 1.2780E-24 0.0000E+00 0.0000E+00 6.0290E-08 6.0290E-08 0.0000E+00 0.0000E+00 6.0290E-08 4.54E-06 6.99E-06   0.369 1.0000 7.0352E-06    871.301
10221.00 0.69918489 1.1724E-24 0.0000E+00 0.0000E+00 6.0844E-08 6.0844E-08 0.0000E+00 0.0000E+00 6.0844E-08 4.62E-06 7.00E-06   0.358 1.0000 7.0526E-06    872.476
10231.00 0.74584359 9.8158E-25 0.0000E+00 0.0000E+00 6.3535E-08 6.3535E-08 0.0000E+00 0.0000E+00 6.3535E-08 4.99E-06 7.04E-06   0.293 1.0000 7.0865E-06    875.425
10241.00 0.63243479 1.2605E-24 0.0000E+00 0.0000E+00 5.7850E-08 5.7850E-08 0.0000E+00 0.0000E+00 5.7850E-08 4.12E-06 6.98E-06   0.458 1.0000 7.0343E-06    871.271
10251.00 0.65635377 1.1247E-24 0.0000E+00 0.0000E+00 5.9601E-08 5.9601E-08 0.0000E+00 0.0000E+00 5.9601E-08 4.34E-06 7.06E-06   0.421 1.0000 7.1175E-06    873.511
10261.00 0.64988804 1.0944E-24 0.0000E+00 0.0000E+00 5.8485E-08 5.8485E-08 0.0000E+00 0.0000E+00 5.8485E-08 4.21E-06 6.95E-06   0.431 1.0000 7.0004E-06    873.235
10271.00 0.64607286 1.0615E-24 0.0000E+00 0.0000E+00 5.8797E-08 5.8797E-08 0.0000E+00 0.0000E+00 5.8797E-08 4.21E-06 6.97E-06   0.437 1.0000 7.0253E-06    874.210
10281.00 0.70290434 8.7480E-25 0.0000E+00 0.0000E+00 6.2270E-08 6.2270E-08 0.0000E+00 0.0000E+00 6.2270E-08 4.67E-06 7.06E-06   0.353 1.0000 7.1074E-06    877.889
10291.00 0.72766238 7.4750E-25 0.0000E+00 0.0000E+00 6.3503E-08 6.3503E-08 0.0000E+00 0.0000E+00 6.3503E-08 4.88E-06 7.07E-06   0.318 1.0000 7.1198E-06    879.615
10301.00 0.73465085 7.0105E-25 0.0000E+00 0.0000E+00 6.3476E-08 6.3476E-08 0.0000E+00 0.0000E+00 6.3476E-08 4.88E-06 7.01E-06   0.308 1.0000 7.0598E-06    880.294
10311.00 0.72025108 7.2948E-25 0.0000E+00 0.0000E+00 6.3627E-08 6.3627E-08 0.0000E+00 0.0000E+00 6.3627E-08 4.80E-06 7.06E-06   0.328 1.0000 7.1065E-06    881.121
10321.00 0.70738363 7.2790E-25 0.0000E+00 0.0000E+00 6.2970E-08 6.2970E-08 0.0000E+00 0.0000E+00 6.2970E-08 4.68E-06 7.03E-06   0.346 1.0000 7.0834E-06    881.280
10331.00 0.71281302 6.3796E-25 0.0000E+00 0.0000E+00 6.2504E-08 6.2504E-08 0.0000E+00 0.0000E+00 6.2504E-08 4.71E-06 6.99E-06   0.339 1.0000 7.0410E-06    881.594
10341.00 0.56251448 8.5366E-25 0.0000E+00 0.0000E+00 5.5579E-08 5.5579E-08 0.0000E+00 0.0000E+00 5.5579E-08 3.63E-06 7.02E-06   0.575 1.0000 7.0807E-06    876.193
10351.00 0.54061419 8.6275E-25 0.0000E+00 0.0000E+00 5.3629E-08 5.3629E-08 0.0000E+00 0.0000E+00 5.3629E-08 3.39E-06 6.89E-06   0.615 1.0000 6.9482E-06    875.051
10361.00 0.54408723 8.0673E-25 0.0000E+00 0.0000E+00 5.4679E-08 5.4679E-08 0.0000E+00 0.0000E+00 5.4679E-08 3.48E-06 6.98E-06   0.609 1.0000 7.0420E-06    876.746
10371.00 0.50193316 7.6587E-25 0.0000E+00 0.0000E+00 5.2055E-08 5.2055E-08 0.0000E+00 0.0000E+00 5.2055E-08 3.21E-06 6.96E-06   0.689 1.0000 7.0259E-06    874.913
10381.00 0.56384772 7.0797E-25 0.0000E+00 0.0000E+00 5.5971E-08 5.5971E-08 0.0000E+00 0.0000E+00 5.5971E-08 3.63E-06 6.97E-06   0.573 1.0000 7.0297E-06    879.347
10391.00 0.43863487 7.7774E-25 0.0000E+00 0.0000E+00 4.8921E-08 4.8921E-08 0.0000E+00 0.0000E+00 4.8921E-08 2.73E-06 6.94E-06   0.824 1.0000 7.0152E-06    873.125
10401.00 0.53242338 6.7666E-25 0.0000E+00 0.0000E+00 5.5263E-08 5.5263E-08 0.0000E+00 0.0000E+00 5.5263E-08 3.44E-06 7.06E-06   0.630 1.0000 7.1156E-06    880.083
10411.00 0.47620583 6.8310E-25 0.0000E+00 0.0000E+00 5.1215E-08 5.1215E-08 0.0000E+00 0.0000E+00 5.1215E-08 2.98E-06 6.94E-06   0.742 1.0000 7.0090E-06    876.857
10421.00 0.36603513 7.0636E-25 0.0000E+00 0.0000E+00 4.5571E-08 4.5571E-08 0.0000E+00 0.0000E+00 4.5571E-08 2.26E-06 7.03E-06   1.005 1.0000 7.1097E-06    871.595
10431.00 0.43702674 6.2807E-25 0.0000E+00 0.0000E+00 4.9828E-08 4.9828E-08 0.0000E+00 0.0000E+00 4.9828E-08 2.77E-06 7.05E-06   0.828 1.0000 7.1282E-06    876.836
10441.00 0.52354532 5.5078E-25 0.0000E+00 0.0000E+00 5.4192E-08 5.4192E-08 0.0000E+00 0.0000E+00 5.4192E-08 3.33E-06 6.97E-06   0.647 1.0000 7.0319E-06    881.855
10451.00 0.37386653 6.1730E-25 0.0000E+00 0.0000E+00 4.5967E-08 4.5967E-08 0.0000E+00 0.0000E+00 4.5967E-08 2.28E-06 6.95E-06   0.984 1.0000 7.0411E-06    874.106
10461.00 0.37252310 5.7046E-25 0.0000E+00 0.0000E+00 4.5622E-08 4.5622E-08 0.0000E+00 0.0000E+00 4.5622E-08 2.28E-06 6.93E-06   0.987 1.0000 7.0152E-06    874.413
10471.00 0.40237692 5.4466E-25 0.0000E+00 0.0000E+00 4.5186E-08 4.5186E-08 0.0000E+00 0.0000E+00 4.5186E-08 2.35E-06 6.56E-06   0.910 1.0000 6.6482E-06    874.615
10481.00 0.43435952 5.0898E-25 0.0000E+00 0.0000E+00 4.9169E-08 4.9169E-08 0.0000E+00 0.0000E+00 4.9169E-08 2.67E-06 6.85E-06   0.834 1.0000 6.9292E-06    879.618
10491.00 0.38351390 4.9462E-25 0.0000E+00 0.0000E+00 4.6899E-08 4.6899E-08 0.0000E+00 0.0000E+00 4.6899E-08 2.36E-06 6.97E-06   0.958 1.0000 7.0576E-06    877.891
10501.00 0.26669708 4.9625E-25 0.0000E+00 0.0000E+00 3.9747E-08 3.9747E-08 0.0000E+00 0.0000E+00 3.9747E-08 1.57E-06 6.97E-06   1.322 1.0000 7.1082E-06    870.208
10511.00 0.49625888 4.3375E-25 0.0000E+00 0.0000E+00 5.4515E-08 5.4515E-08 0.0000E+00 0.0000E+00 5.4515E-08 3.12E-06 7.02E-06   0.701 1.0000 7.0870E-06    887.033
10521.00 0.31529462 4.1115E-25 0.0000E+00 0.0000E+00 4.2172E-08 4.2172E-08 0.0000E+00 0.0000E+00 4.2172E-08 1.91E-06 6.95E-06   1.154 1.0000 7.0837E-06    874.562
10531.00 0.33494052 3.9450E-25 0.0000E+00 0.0000E+00 4.4065E-08 4.4065E-08 0.0000E+00 0.0000E+00 4.4065E-08 2.07E-06 7.01E-06   1.094 1.0000 7.1337E-06    877.474
10541.00 0.37329847 3.7066E-25 0.0000E+00 0.0000E+00 4.6426E-08 4.6426E-08 0.0000E+00 0.0000E+00 4.6426E-08 2.31E-06 7.00E-06   0.985 1.0000 7.1238E-06    880.825
10551.00 0.32975930 3.6118E-25 0.0000E+00 0.0000E+00 4.3962E-08 4.3962E-08 0.0000E+00 0.0000E+00 4.3962E-08 2.02E-06 7.00E-06   1.109 1.0000 7.1123E-06    878.732
10561.00 0.33698705 3.4990E-25 0.0000E+00 0.0000E+00 4.4475E-08 4.4475E-08 0.0000E+00 0.0000E+00 4.4475E-08 2.04E-06 6.97E-06   1.088 1.0000 7.0759E-06    880.012
10571.00 0.27537271 3.2511E-25 0.0000E+00 0.0000E+00 3.9737E-08 3.9737E-08 0.0000E+00 0.0000E+00 3.9737E-08 1.63E-06 6.91E-06   1.290 1.0000 7.0632E-06    874.992
10581.00 0.37061122 3.2010E-25 0.0000E+00 0.0000E+00 4.6491E-08 4.6491E-08 0.0000E+00 0.0000E+00 4.6491E-08 2.24E-06 6.91E-06   0.993 1.0000 7.0083E-06    883.656
10591.00 0.25396836 2.8943E-25 0.0000E+00 0.0000E+00 3.7282E-08 3.7282E-08 0.0000E+00 0.0000E+00 3.7282E-08 1.47E-06 6.73E-06   1.371 1.0000 6.9242E-06    873.159
10601.00 0.31582153 2.7538E-25 0.0000E+00 0.0000E+00 4.1989E-08 4.1989E-08 0.0000E+00 0.0000E+00 4.1989E-08 1.88E-06 6.83E-06   1.153 1.0000 7.0103E-06    879.835
10611.00 0.37208864 2.7767E-25 0.0000E+00 0.0000E+00 4.6610E-08 4.6610E-08 0.0000E+00 0.0000E+00 4.6610E-08 2.22E-06 6.87E-06   0.989 1.0000 7.0013E-06    885.857
10621.00 0.39829510 2.7109E-25 0.0000E+00 0.0000E+00 4.6643E-08 4.6643E-08 0.0000E+00 0.0000E+00 4.6643E-08 2.27E-06 6.60E-06   0.921 1.0000 6.6904E-06    886.581
10631.00 0.39518043 2.6142E-25 0.0000E+00 0.0000E+00 4.8598E-08 4.8598E-08 0.0000E+00 0.0000E+00 4.8598E-08 2.35E-06 6.84E-06   0.928 1.0000 6.9249E-06    889.390
10641.00 0.51297247 2.2081E-25 0.0000E+00 0.0000E+00 5.6585E-08 5.6585E-08 0.0000E+00 0.0000E+00 5.6585E-08 3.23E-06 7.00E-06   0.668 1.0000 7.0679E-06    898.025
10651.00 0.33324236 2.1034E-25 0.0000E+00 0.0000E+00 4.4169E-08 4.4169E-08 0.0000E+00 0.0000E+00 4.4169E-08 2.03E-06 6.95E-06   1.099 1.0000 7.0860E-06    885.851
10661.00 0.20449491 2.1369E-25 0.0000E+00 0.0000E+00 3.5914E-08 3.5914E-08 0.0000E+00 0.0000E+00 3.5914E-08 1.16E-06 6.90E-06   1.587 1.0000 7.1135E-06    876.062
10671.00 0.19369538 2.0593E-25 0.0000E+00 0.0000E+00 3.5452E-08 3.5452E-08 0.0000E+00 0.0000E+00 3.5452E-08 1.09E-06 6.90E-06   1.641 1.0000 7.1053E-06    876.095
10681.00 0.22092219 1.9252E-25 0.0000E+00 0.0000E+00 3.6575E-08 3.6575E-08 0.0000E+00 0.0000E+00 3.6575E-08 1.25E-06 6.84E-06   1.510 1.0000 7.0271E-06    878.339
10691.00 0.26857767 1.7503E-25 0.0000E+00 0.0000E+00 3.9606E-08 3.9606E-08 0.0000E+00 0.0000E+00 3.9606E-08 1.58E-06 6.88E-06   1.315 1.0000 7.0496E-06    883.036
10701.00 0.14508528 1.5474E-25 0.0000E+00 0.0000E+00 3.0708E-08 3.0708E-08 0.0000E+00 0.0000E+00 3.0708E-08 8.08E-07 6.87E-06   1.930 1.0000 7.1224E-06    871.000
10711.00 0.20207764 1.7702E-25 0.0000E+00 0.0000E+00 3.7391E-08 3.7391E-08 0.0000E+00 0.0000E+00 3.7391E-08 1.15E-06 6.98E-06   1.599 1.0000 7.1299E-06    881.492
10721.00 0.23977874 1.6859E-25 0.0000E+00 0.0000E+00 4.0000E-08 4.0000E-08 0.0000E+00 0.0000E+00 4.0000E-08 1.39E-06 6.98E-06   1.428 1.0000 7.1129E-06    885.591
10731.00 0.28984401 1.4709E-25 0.0000E+00 0.0000E+00 4.2274E-08 4.2274E-08 0.0000E+00 0.0000E+00 4.2274E-08 1.74E-06 6.96E-06   1.238 1.0000 7.0795E-06    889.097
10741.00 0.40479839 1.4319E-25 0.0000E+00 0.0000E+00 5.1216E-08 5.1216E-08 0.0000E+00 0.0000E+00 5.1216E-08 2.52E-06 7.03E-06   0.904 1.0000 7.1186E-06    899.722
10751.00 0.44810557 1.3596E-25 0.0000E+00 0.0000E+00 5.4357E-08 5.4357E-08 0.0000E+00 0.0000E+00 5.4357E-08 2.81E-06 7.02E-06   0.803 1.0000 7.0904E-06    903.544
10761.00 0.52971083 1.2192E-25 0.0000E+00 0.0000E+00 5.9146E-08 5.9146E-08 0.0000E+00 0.0000E+00 5.9146E-08 3.35E-06 6.98E-06   0.635 1.0000 7.0349E-06    908.718
10771.00 0.54313630 1.1289E-25 0.0000E+00 0.0000E+00 6.0662E-08 6.0662E-08 0.0000E+00 0.0000E+00 6.0662E-08 3.49E-06 7.07E-06   0.610 1.0000 7.1304E-06    910.766
10781.00 0.64562416 9.0294E-26 0.0000E+00 0.0000E+00 6.6477E-08 6.6477E-08 0.0000E+00 0.0000E+00 6.6477E-08 4.24E-06 7.09E-06   0.438 1.0000 7.1406E-06    916.391
10791.00 0.71723342 7.1112E-26 0.0000E+00 0.0000E+00 6.8960E-08 6.8960E-08 0.0000E+00 0.0000E+00 6.8960E-08 4.68E-06 6.95E-06   0.332 1.0000 6.9990E-06    919.081
10801.00 0.71102053 6.8134E-26 0.0000E+00 0.0000E+00 6.6870E-08 6.6870E-08 0.0000E+00 0.0000E+00 6.6870E-08 4.51E-06 6.77E-06   0.341 1.0000 6.8221E-06    918.110
10811.00 0.68291545 6.7478E-26 0.0000E+00 0.0000E+00 6.6952E-08 6.6952E-08 0.0000E+00 0.0000E+00 6.6952E-08 4.43E-06 6.93E-06   0.381 1.0000 6.9842E-06    918.876
10821.00 0.67092770 6.8669E-26 0.0000E+00 0.0000E+00 6.6178E-08 6.6178E-08 0.0000E+00 0.0000E+00 6.6178E-08 4.30E-06 6.87E-06   0.399 1.0000 6.9254E-06    918.943
10831.00 0.71517980 5.7264E-26 0.0000E+00 0.0000E+00 6.5795E-08 6.5795E-08 0.0000E+00 0.0000E+00 6.5795E-08 4.44E-06 6.61E-06   0.335 1.0000 6.6572E-06    919.327
10841.00 0.73659980 4.8412E-26 0.0000E+00 0.0000E+00 6.9042E-08 6.9042E-08 0.0000E+00 0.0000E+00 6.9042E-08 4.77E-06 6.84E-06   0.306 1.0000 6.8867E-06    922.647
10851.00 0.69890672 5.2756E-26 0.0000E+00 0.0000E+00 6.6899E-08 6.6899E-08 0.0000E+00 0.0000E+00 6.6899E-08 4.46E-06 6.79E-06   0.358 1.0000 6.8426E-06    921.629
10861.00 0.75628114 4.2944E-26 0.0000E+00 0.0000E+00 7.1574E-08 7.1574E-08 0.0000E+00 0.0000E+00 7.1574E-08 4.98E-06 6.94E-06   0.279 1.0000 6.9906E-06    926.020
10871.00 0.68952596 4.5640E-26 0.0000E+00 0.0000E+00 6.8734E-08 6.8734E-08 0.0000E+00 0.0000E+00 6.8734E-08 4.58E-06 7.04E-06   0.372 1.0000 7.0910E-06    924.503
10881.00 0.69565064 4.4957E-26 0.0000E+00 0.0000E+00 6.9843E-08 6.9843E-08 0.0000E+00 0.0000E+00 6.9843E-08 4.63E-06 7.08E-06   0.363 1.0000 7.1322E-06    926.078
10891.00 0.59818310 5.2392E-26 0.0000E+00 0.0000E+00 6.4038E-08 6.4038E-08 0.0000E+00 0.0000E+00 6.4038E-08 3.89E-06 7.03E-06   0.514 1.0000 7.0869E-06    922.046
10901.00 0.58064598 5.3274E-26 0.0000E+00 0.0000E+00 6.2920E-08 6.2920E-08 0.0000E+00 0.0000E+00 6.2920E-08 3.72E-06 6.97E-06   0.544 1.0000 7.0299E-06    921.789
10911.00 0.66040522 4.3058E-26 0.0000E+00 0.0000E+00 6.8255E-08 6.8255E-08 0.0000E+00 0.0000E+00 6.8255E-08 4.35E-06 7.06E-06   0.415 1.0000 7.1167E-06    926.918
10921.00 0.51924425 4.9785E-26 0.0000E+00 0.0000E+00 5.9938E-08 5.9938E-08 0.0000E+00 0.0000E+00 5.9938E-08 3.35E-06 7.07E-06   0.655 1.0000 7.1418E-06    920.555
10931.00 0.66990310 3.9874E-26 0.0000E+00 0.0000E+00 6.8735E-08 6.8735E-08 0.0000E+00 0.0000E+00 6.8735E-08 4.36E-06 7.00E-06   0.401 1.0000 7.0585E-06    928.700
10941.00 0.56196874 4.2060E-26 0.0000E+00 0.0000E+00 6.2951E-08 6.2951E-08 0.0000E+00 0.0000E+00 6.2951E-08 3.67E-06 7.11E-06   0.576 1.0000 7.1797E-06    924.600
10951.00 0.55654550 4.2229E-26 0.0000E+00 0.0000E+00 6.3525E-08 6.3525E-08 0.0000E+00 0.0000E+00 6.3525E-08 3.64E-06 7.15E-06   0.586 1.0000 7.2169E-06    925.790
10961.00 0.64146769 3.3499E-26 0.0000E+00 0.0000E+00 6.7037E-08 6.7037E-08 0.0000E+00 0.0000E+00 6.7037E-08 4.21E-06 6.99E-06   0.444 1.0000 7.0517E-06    929.425
10971.00 0.66730666 3.0785E-26 0.0000E+00 0.0000E+00 6.7849E-08 6.7849E-08 0.0000E+00 0.0000E+00 6.7849E-08 4.32E-06 6.91E-06   0.405 1.0000 6.9688E-06    930.783
10981.00 0.60214156 3.2874E-26 0.0000E+00 0.0000E+00 6.5231E-08 6.5231E-08 0.0000E+00 0.0000E+00 6.5231E-08 3.92E-06 7.02E-06   0.507 1.0000 7.0849E-06    929.325
10991.00 0.61434460 3.0986E-26 0.0000E+00 0.0000E+00 6.4922E-08 6.4922E-08 0.0000E+00 0.0000E+00 6.4922E-08 3.93E-06 6.89E-06   0.487 1.0000 6.9574E-06    929.763
11001.00 0.61056739 2.8615E-26 0.0000E+00 0.0000E+00 6.3836E-08 6.3836E-08 0.0000E+00 0.0000E+00 6.3836E-08 3.88E-06 6.81E-06   0.493 1.0000 6.8715E-06    929.537
11011.00 0.60317224 2.7076E-26 0.0000E+00 0.0000E+00 6.4750E-08 6.4750E-08 0.0000E+00 0.0000E+00 6.4750E-08 3.92E-06 6.94E-06   0.506 1.0000 7.0129E-06    931.011
11021.00 0.61485022 2.5612E-26 0.0000E+00 0.0000E+00 6.6763E-08 6.6763E-08 0.0000E+00 0.0000E+00 6.6763E-08 4.05E-06 7.08E-06   0.486 1.0000 7.1591E-06    933.386
11031.00 0.66962034 2.2712E-26 0.0000E+00 0.0000E+00 6.9094E-08 6.9094E-08 0.0000E+00 0.0000E+00 6.9094E-08 4.36E-06 6.93E-06   0.401 1.0000 6.9952E-06    935.974
11041.00 0.73699588 1.7645E-26 0.0000E+00 0.0000E+00 7.4508E-08 7.4508E-08 0.0000E+00 0.0000E+00 7.4508E-08 4.97E-06 7.11E-06   0.305 1.0000 7.1647E-06    940.857
11051.00 0.74322486 1.6881E-26 0.0000E+00 0.0000E+00 7.5607E-08 7.5607E-08 0.0000E+00 0.0000E+00 7.5607E-08 5.04E-06 7.15E-06   0.297 1.0000 7.2125E-06    942.375
11061.00 0.75873625 1.5401E-26 0.0000E+00 0.0000E+00 7.6520E-08 7.6520E-08 0.0000E+00 0.0000E+00 7.6520E-08 5.14E-06 7.14E-06   0.276 1.0000 7.1991E-06    943.747
11071.00 0.68655878 1.7459E-26 0.0000E+00 0.0000E+00 7.1622E-08 7.1622E-08 0.0000E+00 0.0000E+00 7.1622E-08 4.56E-06 7.06E-06   0.376 1.0000 7.1309E-06    940.759
11081.00 0.61802018 1.8859E-26 0.0000E+00 0.0000E+00 6.5510E-08 6.5510E-08 0.0000E+00 0.0000E+00 6.5510E-08 3.94E-06 6.85E-06   0.481 1.0000 6.9276E-06    936.525
11091.00 0.62895578 1.7865E-26 0.0000E+00 0.0000E+00 6.3663E-08 6.3663E-08 0.0000E+00 0.0000E+00 6.3663E-08 3.85E-06 6.57E-06   0.464 1.0000 6.6409E-06    935.649
11101.00 0.58714563 1.8330E-26 0.0000E+00 0.0000E+00 6.4260E-08 6.4260E-08 0.0000E+00 0.0000E+00 6.4260E-08 3.73E-06 6.86E-06   0.532 1.0000 6.9341E-06    936.858
11111.00 0.65348268 1.4686E-26 0.0000E+00 0.0000E+00 6.8416E-08 6.8416E-08 0.0000E+00 0.0000E+00 6.8416E-08 4.25E-06 6.91E-06   0.425 1.0000 6.9855E-06    941.012
11121.00 0.49414831 1.8877E-26 0.0000E+00 0.0000E+00 6.0591E-08 6.0591E-08 0.0000E+00 0.0000E+00 6.0591E-08 3.17E-06 7.07E-06   0.705 1.0000 7.1540E-06    935.025
11131.00 0.65679526 1.3451E-26 0.0000E+00 0.0000E+00 7.0617E-08 7.0617E-08 0.0000E+00 0.0000E+00 7.0617E-08 4.36E-06 7.08E-06   0.420 1.0000 7.1521E-06    944.166
11141.00 0.64335746 1.3924E-26 0.0000E+00 0.0000E+00 7.0021E-08 7.0021E-08 0.0000E+00 0.0000E+00 7.0021E-08 4.22E-06 7.04E-06   0.441 1.0000 7.1081E-06    944.392
11151.00 0.63380247 1.3338E-26 0.0000E+00 0.0000E+00 6.9508E-08 6.9508E-08 0.0000E+00 0.0000E+00 6.9508E-08 4.16E-06 7.04E-06   0.456 1.0000 7.1052E-06    944.680
11161.00 0.69497502 1.1235E-26 0.0000E+00 0.0000E+00 7.4691E-08 7.4691E-08 0.0000E+00 0.0000E+00 7.4691E-08 4.69E-06 7.17E-06   0.364 1.0000 7.2334E-06    949.398
11171.00 0.71950889 1.0320E-26 0.0000E+00 0.0000E+00 7.4479E-08 7.4479E-08 0.0000E+00 0.0000E+00 7.4479E-08 4.74E-06 6.99E-06   0.329 1.0000 7.0471E-06    949.937
11181.00 0.76979101 8.3306E-27 0.0000E+00 0.0000E+00 7.7558E-08 7.7558E-08 0.0000E+00 0.0000E+00 7.7558E-08 5.13E-06 7.00E-06   0.262 1.0000 7.0589E-06    952.918
11191.00 0.77514273 7.7196E-27 0.0000E+00 0.0000E+00 7.8812E-08 7.8812E-08 0.0000E+00 0.0000E+00 7.8812E-08 5.22E-06 7.08E-06   0.255 1.0000 7.1368E-06    954.526
11201.00 0.80426139 6.4448E-27 0.0000E+00 0.0000E+00 7.8674E-08 7.8674E-08 0.0000E+00 0.0000E+00 7.8674E-08 5.33E-06 6.92E-06   0.218 1.0000 6.9786E-06    955.128
11211.00 0.81312591 5.8173E-27 0.0000E+00 0.0000E+00 8.0882E-08 8.0882E-08 0.0000E+00 0.0000E+00 8.0882E-08 5.50E-06 7.07E-06   0.207 1.0000 7.1244E-06    957.399
11221.00 0.82733232 5.1081E-27 0.0000E+00 0.0000E+00 8.2211E-08 8.2211E-08 0.0000E+00 0.0000E+00 8.2211E-08 5.65E-06 7.10E-06   0.190 1.0000 7.1611E-06    959.028
11231.00 0.82348830 4.9533E-27 0.0000E+00 0.0000E+00 8.2723E-08 8.2723E-08 0.0000E+00 0.0000E+00 8.2723E-08 5.65E-06 7.15E-06   0.194 1.0000 7.2119E-06    960.085
11241.00 0.82655174 4.6252E-27 0.0000E+00 0.0000E+00 8.2219E-08 8.2219E-08 0.0000E+00 0.0000E+00 8.2219E-08 5.62E-06 7.08E-06   0.190 1.0000 7.1417E-06    960.439
11251.00 0.82870185 4.3278E-27 0.0000E+00 0.0000E+00 8.2691E-08 8.2691E-08 0.0000E+00 0.0000E+00 8.2691E-08 5.66E-06 7.10E-06   0.188 1.0000 7.1598E-06    961.467
11261.00 0.82033902 4.3358E-27 0.0000E+00 0.0000E+00 8.1726E-08 8.1726E-08 0.0000E+00 0.0000E+00 8.1726E-08 5.54E-06 7.04E-06   0.198 1.0000 7.1006E-06    961.500
11271.00 0.82831997 3.9293E-27 0.0000E+00 0.0000E+00 8.0795E-08 8.0795E-08 0.0000E+00 0.0000E+00 8.0795E-08 5.50E-06 6.91E-06   0.188 1.0000 6.9712E-06    961.548
11281.00 0.82292467 3.8623E-27 0.0000E+00 0.0000E+00 7.7982E-08 7.7982E-08 0.0000E+00 0.0000E+00 7.7982E-08 5.28E-06 6.68E-06   0.195 1.0000 6.7401E-06    960.232
11291.00 0.82289219 3.6843E-27 0.0000E+00 0.0000E+00 8.2646E-08 8.2646E-08 0.0000E+00 0.0000E+00 8.2646E-08 5.58E-06 7.07E-06   0.195 1.0000 7.1282E-06    964.245
11301.00 0.83027482 3.3428E-27 0.0000E+00 0.0000E+00 8.3233E-08 8.3233E-08 0.0000E+00 0.0000E+00 8.3233E-08 5.65E-06 7.07E-06   0.186 1.0000 7.1331E-06    965.352
11311.00 0.82920295 3.2002E-27 0.0000E+00 0.0000E+00 8.2203E-08 8.2203E-08 0.0000E+00 0.0000E+00 8.2203E-08 5.56E-06 6.98E-06   0.187 1.0000 7.0365E-06    965.341
11321.00 0.82835716 3.0650E-27 0.0000E+00 0.0000E+00 8.3323E-08 8.3323E-08 0.0000E+00 0.0000E+00 8.3323E-08 5.62E-06 7.06E-06   0.188 1.0000 7.1226E-06    966.818
11331.00 0.82802647 2.9179E-27 0.0000E+00 0.0000E+00 8.1721E-08 8.1721E-08 0.0000E+00 0.0000E+00 8.1721E-08 5.50E-06 6.92E-06   0.189 1.0000 6.9746E-06    966.407
11341.00 0.82798976 2.7773E-27 0.0000E+00 0.0000E+00 8.3250E-08 8.3250E-08 0.0000E+00 0.0000E+00 8.3250E-08 5.60E-06 7.03E-06   0.189 1.0000 7.0920E-06    968.172
11351.00 0.82872468 2.6280E-27 0.0000E+00 0.0000E+00 7.8881E-08 7.8881E-08 0.0000E+00 0.0000E+00 7.8881E-08 5.29E-06 6.65E-06   0.188 1.0000 6.7048E-06    965.785
11361.00 0.82862473 2.5020E-27 0.0000E+00 0.0000E+00 8.3550E-08 8.3550E-08 0.0000E+00 0.0000E+00 8.3550E-08 5.60E-06 7.03E-06   0.188 1.0000 7.0885E-06    969.782
11371.00 0.83002657 2.3564E-27 0.0000E+00 0.0000E+00 8.2661E-08 8.2661E-08 0.0000E+00 0.0000E+00 8.2661E-08 5.53E-06 6.94E-06   0.186 1.0000 6.9944E-06    969.868
11381.00 0.82876837 2.2613E-27 0.0000E+00 0.0000E+00 8.4737E-08 8.4737E-08 0.0000E+00 0.0000E+00 8.4737E-08 5.66E-06 7.10E-06   0.188 1.0000 7.1623E-06    971.998
11391.00 0.82934445 2.1417E-27 0.0000E+00 0.0000E+00 8.4197E-08 8.4197E-08 0.0000E+00 0.0000E+00 8.4197E-08 5.61E-06 7.04E-06   0.187 1.0000 7.1013E-06    972.331
11401.00 0.82927775 2.0374E-27 0.0000E+00 0.0000E+00 8.4565E-08 8.4565E-08 0.0000E+00 0.0000E+00 8.4565E-08 5.63E-06 7.06E-06   0.187 1.0000 7.1195E-06    973.284
11411.00 0.82877916 1.9442E-27 0.0000E+00 0.0000E+00 8.4346E-08 8.4346E-08 0.0000E+00 0.0000E+00 8.4346E-08 5.60E-06 7.03E-06   0.188 1.0000 7.0904E-06    973.837
11421.00 0.82898837 1.8463E-27 0.0000E+00 0.0000E+00 8.1985E-08 8.1985E-08 0.0000E+00 0.0000E+00 8.1985E-08 5.43E-06 6.82E-06   0.188 1.0000 6.8786E-06    972.900
11431.00 0.82870245 1.7592E-27 0.0000E+00 0.0000E+00 8.3441E-08 8.3441E-08 0.0000E+00 0.0000E+00 8.3441E-08 5.52E-06 6.93E-06   0.188 1.0000 6.9893E-06    974.616
11441.00 0.82834530 1.6770E-27 0.0000E+00 0.0000E+00 8.4041E-08 8.4041E-08 0.0000E+00 0.0000E+00 8.4041E-08 5.55E-06 6.97E-06   0.188 1.0000 7.0284E-06    975.731
11451.00 0.82835037 1.5946E-27 0.0000E+00 0.0000E+00 8.4883E-08 8.4883E-08 0.0000E+00 0.0000E+00 8.4883E-08 5.59E-06 7.03E-06   0.188 1.0000 7.0859E-06    977.010
11461.00 0.82815194 1.5184E-27 0.0000E+00 0.0000E+00 8.5986E-08 8.5986E-08 0.0000E+00 0.0000E+00 8.5986E-08 5.65E-06 7.11E-06   0.189 1.0000 7.1660E-06    978.460
11471.00 0.82785481 1.4468E-27 0.0000E+00 0.0000E+00 8.4687E-08 8.4687E-08 0.0000E+00 0.0000E+00 8.4687E-08 5.56E-06 6.99E-06   0.189 1.0000 7.0465E-06    978.278
11481.00 0.82739282 1.3801E-27 0.0000E+00 0.0000E+00 8.5319E-08 8.5319E-08 0.0000E+00 0.0000E+00 8.5319E-08 5.59E-06 7.03E-06   0.189 1.0000 7.0883E-06    979.411
11491.00 0.82725734 1.3136E-27 0.0000E+00 0.0000E+00 8.5378E-08 8.5378E-08 0.0000E+00 0.0000E+00 8.5378E-08 5.58E-06 7.02E-06   0.190 1.0000 7.0811E-06    980.152
11501.00 0.82689047 1.2518E-27 0.0000E+00 0.0000E+00 8.3445E-08 8.3445E-08 0.0000E+00 0.0000E+00 8.3445E-08 5.44E-06 6.85E-06   0.190 1.0000 6.9103E-06    979.524
11511.00 0.82662451 1.1928E-27 0.0000E+00 0.0000E+00 8.3060E-08 8.3060E-08 0.0000E+00 0.0000E+00 8.3060E-08 5.40E-06 6.81E-06   0.190 1.0000 6.8667E-06    979.956
11521.00 0.82628232 1.1371E-27 0.0000E+00 0.0000E+00 8.3498E-08 8.3498E-08 0.0000E+00 0.0000E+00 8.3498E-08 5.42E-06 6.83E-06   0.191 1.0000 6.8922E-06    980.962
11531.00 0.82591128 1.0837E-27 0.0000E+00 0.0000E+00 8.0506E-08 8.0506E-08 0.0000E+00 0.0000E+00 8.0506E-08 5.22E-06 6.58E-06   0.191 1.0000 6.6351E-06    979.547
11541.00 0.82561219 1.0324E-27 0.0000E+00 0.0000E+00 6.4134E-08 6.4134E-08 0.0000E+00 0.0000E+00 6.4134E-08 4.15E-06 5.23E-06   0.192 1.0000 5.2774E-06    967.263
11551.00 0.82520443 9.8460E-28 0.0000E+00 0.0000E+00 8.1674E-08 8.1674E-08 0.0000E+00 0.0000E+00 8.1674E-08 5.27E-06 6.65E-06   0.192 1.0000 6.7102E-06    981.780
11561.00 0.82493949 9.3836E-28 0.0000E+00 0.0000E+00 8.5929E-08 8.5929E-08 0.0000E+00 0.0000E+00 8.5929E-08 5.53E-06 6.99E-06   0.192 1.0000 7.0485E-06    985.434
11571.00 0.82470345 8.9364E-28 0.0000E+00 0.0000E+00 8.7646E-08 8.7646E-08 0.0000E+00 0.0000E+00 8.7646E-08 5.63E-06 7.11E-06   0.193 1.0000 7.1778E-06    987.292
11581.00 0.82410735 8.5264E-28 0.0000E+00 0.0000E+00 8.7198E-08 8.7198E-08 0.0000E+00 0.0000E+00 8.7198E-08 5.59E-06 7.07E-06   0.193 1.0000 7.1315E-06    987.694
11591.00 0.82311308 8.1608E-28 0.0000E+00 0.0000E+00 8.7326E-08 8.7326E-08 0.0000E+00 0.0000E+00 8.7326E-08 5.58E-06 7.07E-06   0.195 1.0000 7.1338E-06    988.481
11601.00 0.82342231 7.7469E-28 0.0000E+00 0.0000E+00 8.6068E-08 8.6068E-08 0.0000E+00 0.0000E+00 8.6068E-08 5.49E-06 6.95E-06   0.194 1.0000 7.0173E-06    988.332
11611.00 0.82240158 7.4219E-28 0.0000E+00 0.0000E+00 8.6048E-08 8.6048E-08 0.0000E+00 0.0000E+00 8.6048E-08 5.48E-06 6.94E-06   0.196 1.0000 7.0074E-06    989.019
11621.00 0.82255858 7.0507E-28 0.0000E+00 0.0000E+00 8.7053E-08 8.7053E-08 0.0000E+00 0.0000E+00 8.7053E-08 5.53E-06 7.01E-06   0.195 1.0000 7.0763E-06    990.400
11631.00 0.82137805 6.7559E-28 0.0000E+00 0.0000E+00 8.6525E-08 8.6525E-08 0.0000E+00 0.0000E+00 8.6525E-08 5.48E-06 6.96E-06   0.197 1.0000 7.0263E-06    990.744
11641.00 0.82020581 6.4755E-28 0.0000E+00 0.0000E+00 8.6477E-08 8.6477E-08 0.0000E+00 0.0000E+00 8.6477E-08 5.46E-06 6.95E-06   0.198 1.0000 7.0154E-06    991.412
11651.00 0.82070583 6.1347E-28 0.0000E+00 0.0000E+00 8.6656E-08 8.6656E-08 0.0000E+00 0.0000E+00 8.6656E-08 5.47E-06 6.95E-06   0.198 1.0000 7.0154E-06    992.234
11661.00 0.81664044 5.9905E-28 0.0000E+00 0.0000E+00 8.8141E-08 8.8141E-08 0.0000E+00 0.0000E+00 8.8141E-08 5.53E-06 7.07E-06   0.203 1.0000 7.1406E-06    993.933
11671.00 0.81931752 5.5986E-28 0.0000E+00 0.0000E+00 8.8575E-08 8.8575E-08 0.0000E+00 0.0000E+00 8.8575E-08 5.56E-06 7.08E-06   0.199 1.0000 7.1519E-06    994.924
11681.00 0.81710178 5.3963E-28 0.0000E+00 0.0000E+00 8.7152E-08 8.7152E-08 0.0000E+00 0.0000E+00 8.7152E-08 5.45E-06 6.97E-06   0.202 1.0000 7.0342E-06    994.670
11691.00 0.81574565 5.1766E-28 0.0000E+00 0.0000E+00 8.4513E-08 8.4513E-08 0.0000E+00 0.0000E+00 8.4513E-08 5.27E-06 6.75E-06   0.204 1.0000 6.8153E-06    993.563
11701.00 0.81426418 4.9622E-28 0.0000E+00 0.0000E+00 6.3374E-08 6.3374E-08 0.0000E+00 0.0000E+00 6.3374E-08 3.94E-06 5.05E-06   0.205 1.0000 5.1054E-06    977.642
11711.00 0.81134301 4.8057E-28 0.0000E+00 0.0000E+00 7.5707E-08 7.5707E-08 0.0000E+00 0.0000E+00 7.5707E-08 4.69E-06 6.04E-06   0.209 1.0000 6.0975E-06    988.538
11721.00 0.81509000 4.4682E-28 0.0000E+00 0.0000E+00 8.6478E-08 8.6478E-08 0.0000E+00 0.0000E+00 8.6478E-08 5.36E-06 6.87E-06   0.204 1.0000 6.9393E-06    997.013
11731.00 0.81118625 4.3462E-28 0.0000E+00 0.0000E+00 8.7786E-08 8.7786E-08 0.0000E+00 0.0000E+00 8.7786E-08 5.42E-06 6.98E-06   0.209 1.0000 7.0489E-06    998.599
11741.00 0.80619955 4.2476E-28 0.0000E+00 0.0000E+00 8.5092E-08 8.5092E-08 0.0000E+00 0.0000E+00 8.5092E-08 5.22E-06 6.77E-06   0.215 1.0000 6.8430E-06    997.460
11751.00 0.80980158 3.9620E-28 0.0000E+00 0.0000E+00 8.8416E-08 8.8416E-08 0.0000E+00 0.0000E+00 8.8416E-08 5.43E-06 7.01E-06   0.211 1.0000 7.0799E-06   1000.422
11761.00 0.81284660 3.7073E-28 0.0000E+00 0.0000E+00 7.8616E-08 7.8616E-08 0.0000E+00 0.0000E+00 7.8616E-08 4.83E-06 6.21E-06   0.207 1.0000 6.2711E-06    994.213
11771.00 0.81166273 3.5472E-28 0.0000E+00 0.0000E+00 8.4396E-08 8.4396E-08 0.0000E+00 0.0000E+00 8.4396E-08 5.17E-06 6.66E-06   0.209 1.0000 6.7248E-06    999.073
11781.00 0.81093550 3.3846E-28 0.0000E+00 0.0000E+00 8.9725E-08 8.9725E-08 0.0000E+00 0.0000E+00 8.9725E-08 5.49E-06 7.07E-06   0.210 1.0000 7.1404E-06   1003.395
11791.00 0.80954546 3.2500E-28 0.0000E+00 0.0000E+00 8.9769E-08 8.9769E-08 0.0000E+00 0.0000E+00 8.9769E-08 5.47E-06 7.07E-06   0.211 1.0000 7.1364E-06   1004.125
11801.00 0.81506658 2.9924E-28 0.0000E+00 0.0000E+00 8.8222E-08 8.8222E-08 0.0000E+00 0.0000E+00 8.8222E-08 5.39E-06 6.91E-06   0.204 1.0000 6.9763E-06   1003.792
11811.00 0.81218058 2.8923E-28 0.0000E+00 0.0000E+00 8.8519E-08 8.8519E-08 0.0000E+00 0.0000E+00 8.8519E-08 5.39E-06 6.93E-06   0.208 1.0000 7.0000E-06   1004.691
11821.00 0.81045145 2.7798E-28 0.0000E+00 0.0000E+00 9.0027E-08 9.0027E-08 0.0000E+00 0.0000E+00 9.0027E-08 5.46E-06 7.04E-06   0.210 1.0000 7.1140E-06   1006.396
11831.00 0.81039715 2.6470E-28 0.0000E+00 0.0000E+00 9.0024E-08 9.0024E-08 0.0000E+00 0.0000E+00 9.0024E-08 5.45E-06 7.03E-06   0.210 1.0000 7.1007E-06   1007.094
11841.00 0.80450356 2.6005E-28 0.0000E+00 0.0000E+00 8.8867E-08 8.8867E-08 0.0000E+00 0.0000E+00 8.8867E-08 5.34E-06 6.95E-06   0.218 1.0000 7.0230E-06   1007.024
11851.00 0.79663676 2.5792E-28 0.0000E+00 0.0000E+00 8.7538E-08 8.7538E-08 0.0000E+00 0.0000E+00 8.7538E-08 5.22E-06 6.87E-06   0.227 1.0000 6.9407E-06   1006.827
11861.00 0.80261236 2.3801E-28 0.0000E+00 0.0000E+00 8.9752E-08 8.9752E-08 0.0000E+00 0.0000E+00 8.9752E-08 5.37E-06 7.01E-06   0.220 1.0000 7.0767E-06   1009.014
11871.00 0.80475342 2.2328E-28 0.0000E+00 0.0000E+00 8.9342E-08 8.9342E-08 0.0000E+00 0.0000E+00 8.9342E-08 5.35E-06 6.95E-06   0.217 1.0000 7.0212E-06   1009.440
11881.00 0.79229480 2.2693E-28 0.0000E+00 0.0000E+00 8.9596E-08 8.9596E-08 0.0000E+00 0.0000E+00 8.9596E-08 5.30E-06 7.02E-06   0.233 1.0000 7.0855E-06   1010.309
11891.00 0.78573829 2.2381E-28 0.0000E+00 0.0000E+00 9.0153E-08 9.0153E-08 0.0000E+00 0.0000E+00 9.0153E-08 5.29E-06 7.07E-06   0.241 1.0000 7.1453E-06   1011.379
11901.00 0.79547668 2.0318E-28 0.0000E+00 0.0000E+00 9.0233E-08 9.0233E-08 0.0000E+00 0.0000E+00 9.0233E-08 5.32E-06 7.02E-06   0.229 1.0000 7.0928E-06   1012.132
11911.00 0.79450125 1.9414E-28 0.0000E+00 0.0000E+00 8.9912E-08 8.9912E-08 0.0000E+00 0.0000E+00 8.9912E-08 5.29E-06 6.99E-06   0.230 1.0000 7.0600E-06   1012.618
11921.00 0.78189510 1.9736E-28 0.0000E+00 0.0000E+00 8.6729E-08 8.6729E-08 0.0000E+00 0.0000E+00 8.6729E-08 5.04E-06 6.78E-06   0.246 1.0000 6.8519E-06   1011.165
11931.00 0.78193414 1.8710E-28 0.0000E+00 0.0000E+00 8.9952E-08 8.9952E-08 0.0000E+00 0.0000E+00 8.9952E-08 5.22E-06 7.02E-06   0.246 1.0000 7.0928E-06   1014.044
11941.00 0.77288735 1.8590E-28 0.0000E+00 0.0000E+00 9.0192E-08 9.0192E-08 0.0000E+00 0.0000E+00 9.0192E-08 5.18E-06 7.07E-06   0.258 1.0000 7.1401E-06   1014.903
11951.00 0.77448726 1.7383E-28 0.0000E+00 0.0000E+00 8.9188E-08 8.9188E-08 0.0000E+00 0.0000E+00 8.9188E-08 5.13E-06 6.97E-06   0.256 1.0000 7.0443E-06   1014.931
11961.00 0.75845259 1.7664E-28 0.0000E+00 0.0000E+00 8.9204E-08 8.9204E-08 0.0000E+00 0.0000E+00 8.9204E-08 5.05E-06 7.04E-06   0.276 1.0000 7.1078E-06   1015.641
11971.00 0.76336503 1.6569E-28 0.0000E+00 0.0000E+00 8.9452E-08 8.9452E-08 0.0000E+00 0.0000E+00 8.9452E-08 5.08E-06 7.02E-06   0.270 1.0000 7.0906E-06   1016.506
11981.00 0.76823580 1.5355E-28 0.0000E+00 0.0000E+00 8.8281E-08 8.8281E-08 0.0000E+00 0.0000E+00 8.8281E-08 5.02E-06 6.90E-06   0.264 1.0000 6.9668E-06   1016.414
11991.00 0.73129463 1.6763E-28 0.0000E+00 0.0000E+00 8.6415E-08 8.6415E-08 0.0000E+00 0.0000E+00 8.6415E-08 4.76E-06 6.91E-06   0.313 1.0000 6.9804E-06   1015.833
12001.00 0.73048097 1.5967E-28 0.0000E+00 0.0000E+00 8.5290E-08 8.5290E-08 0.0000E+00 0.0000E+00 8.5290E-08 4.68E-06 6.82E-06   0.314 1.0000 6.8879E-06   1015.747
12011.00 0.72376484 1.4334E-28 0.0000E+00 0.0000E+00 8.5790E-08 8.5790E-08 0.0000E+00 0.0000E+00 8.5790E-08 4.73E-06 6.92E-06   0.323 1.0000 6.9934E-06   1016.793
12021.00 0.69669127 1.5214E-28 0.0000E+00 0.0000E+00 8.5382E-08 8.5382E-08 0.0000E+00 0.0000E+00 8.5382E-08 4.58E-06 6.99E-06   0.361 1.0000 7.0695E-06   1017.205
12031.00 0.73950982 1.3068E-28 0.0000E+00 0.0000E+00 8.6925E-08 8.6925E-08 0.0000E+00 0.0000E+00 8.6925E-08 4.80E-06 6.87E-06   0.302 1.0000 6.9475E-06   1018.975
12041.00 0.70911920 1.3204E-28 0.0000E+00 0.0000E+00 8.5909E-08 8.5909E-08 0.0000E+00 0.0000E+00 8.5909E-08 4.64E-06 6.95E-06   0.344 1.0000 7.0298E-06   1018.967
12051.00 0.70252174 1.2814E-28 0.0000E+00 0.0000E+00 8.5858E-08 8.5858E-08 0.0000E+00 0.0000E+00 8.5858E-08 4.60E-06 6.96E-06   0.353 1.0000 7.0419E-06   1019.629
12061.00 0.67683601 1.2873E-28 0.0000E+00 0.0000E+00 8.4963E-08 8.4963E-08 0.0000E+00 0.0000E+00 8.4963E-08 4.46E-06 7.03E-06   0.390 1.0000 7.1140E-06   1019.698
12071.00 0.68418682 1.1847E-28 0.0000E+00 0.0000E+00 8.6014E-08 8.6014E-08 0.0000E+00 0.0000E+00 8.6014E-08 4.54E-06 7.08E-06   0.380 1.0000 7.1599E-06   1021.132
12081.00 0.64638251 1.2455E-28 0.0000E+00 0.0000E+00 8.3183E-08 8.3183E-08 0.0000E+00 0.0000E+00 8.3183E-08 4.24E-06 7.04E-06   0.436 1.0000 7.1226E-06   1019.821
12091.00 0.74924195 9.2395E-29 0.0000E+00 0.0000E+00 9.0725E-08 9.0725E-08 0.0000E+00 0.0000E+00 9.0725E-08 5.00E-06 7.06E-06   0.289 1.0000 7.1353E-06   1025.740
12101.00 0.71069795 9.7847E-29 0.0000E+00 0.0000E+00 8.8145E-08 8.8145E-08 0.0000E+00 0.0000E+00 8.8145E-08 4.71E-06 7.05E-06   0.342 1.0000 7.1283E-06   1024.695
12111.00 0.70715141 9.3552E-29 0.0000E+00 0.0000E+00 8.7436E-08 8.7436E-08 0.0000E+00 0.0000E+00 8.7436E-08 4.66E-06 7.00E-06   0.347 1.0000 7.0848E-06   1024.905
12121.00 0.75641817 7.7718E-29 0.0000E+00 0.0000E+00 9.0214E-08 9.0214E-08 0.0000E+00 0.0000E+00 9.0214E-08 4.97E-06 6.95E-06   0.279 1.0000 7.0243E-06   1027.492
12131.00 0.71058017 8.7056E-29 0.0000E+00 0.0000E+00 8.8039E-08 8.8039E-08 0.0000E+00 0.0000E+00 8.8039E-08 4.66E-06 6.99E-06   0.342 1.0000 7.0679E-06   1026.714
12141.00 0.62031156 9.8373E-29 0.0000E+00 0.0000E+00 8.0716E-08 8.0716E-08 0.0000E+00 0.0000E+00 8.0716E-08 3.97E-06 6.88E-06   0.478 1.0000 6.9714E-06   1022.190
12151.00 0.47649994 1.1023E-28 0.0000E+00 0.0000E+00 7.0264E-08 7.0264E-08 0.0000E+00 0.0000E+00 7.0264E-08 2.98E-06 6.93E-06   0.741 1.0000 7.0361E-06   1014.651
12161.00 0.68913317 7.6627E-29 0.0000E+00 0.0000E+00 8.4706E-08 8.4706E-08 0.0000E+00 0.0000E+00 8.4706E-08 4.40E-06 6.82E-06   0.372 1.0000 6.9045E-06   1026.475
12171.00 0.72859806 6.6421E-29 0.0000E+00 0.0000E+00 8.8033E-08 8.8033E-08 0.0000E+00 0.0000E+00 8.8033E-08 4.70E-06 6.85E-06   0.317 1.0000 6.9343E-06   1029.497
12181.00 0.76257521 5.7049E-29 0.0000E+00 0.0000E+00 9.0828E-08 9.0828E-08 0.0000E+00 0.0000E+00 9.0828E-08 4.97E-06 6.88E-06   0.271 1.0000 6.9604E-06   1032.090
12191.00 0.65922219 6.9815E-29 0.0000E+00 0.0000E+00 8.2994E-08 8.2994E-08 0.0000E+00 0.0000E+00 8.2994E-08 4.19E-06 6.81E-06   0.417 1.0000 6.9001E-06   1027.332
12201.00 0.65751278 6.5300E-29 0.0000E+00 0.0000E+00 8.1756E-08 8.1756E-08 0.0000E+00 0.0000E+00 8.1756E-08 4.12E-06 6.74E-06   0.419 1.0000 6.8274E-06   1027.122
12211.00 0.65358073 6.3496E-29 0.0000E+00 0.0000E+00 8.3397E-08 8.3397E-08 0.0000E+00 0.0000E+00 8.3397E-08 4.18E-06 6.87E-06   0.425 1.0000 6.9594E-06   1029.012
12221.00 0.59657079 6.7540E-29 0.0000E+00 0.0000E+00 7.9337E-08 7.9337E-08 0.0000E+00 0.0000E+00 7.9337E-08 3.76E-06 6.85E-06   0.517 1.0000 6.9415E-06   1026.706
12231.00 0.64662474 5.8519E-29 0.0000E+00 0.0000E+00 8.5302E-08 8.5302E-08 0.0000E+00 0.0000E+00 8.5302E-08 4.24E-06 7.03E-06   0.436 1.0000 7.1216E-06   1031.766
12241.00 0.59990066 6.0570E-29 0.0000E+00 0.0000E+00 8.1680E-08 8.1680E-08 0.0000E+00 0.0000E+00 8.1680E-08 3.88E-06 6.99E-06   0.511 1.0000 7.0928E-06   1029.841
12251.00 0.60953003 5.6240E-29 0.0000E+00 0.0000E+00 8.2297E-08 8.2297E-08 0.0000E+00 0.0000E+00 8.2297E-08 3.95E-06 6.98E-06   0.495 1.0000 7.0794E-06   1030.989
12261.00 0.62655175 5.4140E-29 0.0000E+00 0.0000E+00 8.4292E-08 8.4292E-08 0.0000E+00 0.0000E+00 8.4292E-08 4.06E-06 7.00E-06   0.468 1.0000 7.0894E-06   1033.130
12271.00 0.62670475 5.3038E-29 0.0000E+00 0.0000E+00 8.4907E-08 8.4907E-08 0.0000E+00 0.0000E+00 8.4907E-08 4.06E-06 7.01E-06   0.467 1.0000 7.0956E-06   1034.264
12281.00 0.67169559 4.5723E-29 0.0000E+00 0.0000E+00 8.8485E-08 8.8485E-08 0.0000E+00 0.0000E+00 8.8485E-08 4.40E-06 7.03E-06   0.398 1.0000 7.1191E-06   1037.467
12291.00 0.65332925 4.5790E-29 0.0000E+00 0.0000E+00 8.7635E-08 8.7635E-08 0.0000E+00 0.0000E+00 8.7635E-08 4.27E-06 7.05E-06   0.426 1.0000 7.1358E-06   1037.575
12301.00 0.73000497 3.6068E-29 0.0000E+00 0.0000E+00 9.2710E-08 9.2710E-08 0.0000E+00 0.0000E+00 9.2710E-08 4.82E-06 7.02E-06   0.315 1.0000 7.1019E-06   1041.712
12311.00 0.73564541 3.4096E-29 0.0000E+00 0.0000E+00 9.3306E-08 9.3306E-08 0.0000E+00 0.0000E+00 9.3306E-08 4.85E-06 7.02E-06   0.307 1.0000 7.1036E-06   1042.802
12321.00 0.74253231 3.1294E-29 0.0000E+00 0.0000E+00 9.3604E-08 9.3604E-08 0.0000E+00 0.0000E+00 9.3604E-08 4.89E-06 7.00E-06   0.298 1.0000 7.0841E-06   1043.695
12331.00 0.75956988 2.7980E-29 0.0000E+00 0.0000E+00 9.5121E-08 9.5121E-08 0.0000E+00 0.0000E+00 9.5121E-08 5.04E-06 7.02E-06   0.275 1.0000 7.1024E-06   1045.382
12341.00 0.77153599 2.5169E-29 0.0000E+00 0.0000E+00 9.4784E-08 9.4784E-08 0.0000E+00 0.0000E+00 9.4784E-08 5.06E-06 6.93E-06   0.259 1.0000 7.0116E-06   1045.861
12351.00 0.76701277 2.4280E-29 0.0000E+00 0.0000E+00 9.3437E-08 9.3437E-08 0.0000E+00 0.0000E+00 9.3437E-08 4.97E-06 6.84E-06   0.265 1.0000 6.9247E-06   1045.677
12361.00 0.77739471 2.2015E-29 0.0000E+00 0.0000E+00 9.5006E-08 9.5006E-08 0.0000E+00 0.0000E+00 9.5006E-08 5.09E-06 6.90E-06   0.252 1.0000 6.9793E-06   1047.401
12371.00 0.77928454 2.0786E-29 0.0000E+00 0.0000E+00 9.5919E-08 9.5919E-08 0.0000E+00 0.0000E+00 9.5919E-08 5.13E-06 6.94E-06   0.249 1.0000 7.0253E-06   1048.689
12381.00 0.78559297 1.9116E-29 0.0000E+00 0.0000E+00 9.6621E-08 9.6621E-08 0.0000E+00 0.0000E+00 9.6621E-08 5.19E-06 6.95E-06   0.241 1.0000 7.0369E-06   1049.838
12391.00 0.78372514 1.8344E-29 0.0000E+00 0.0000E+00 9.7323E-08 9.7323E-08 0.0000E+00 0.0000E+00 9.7323E-08 5.21E-06 7.00E-06   0.244 1.0000 7.0840E-06   1050.984
12401.00 0.78376967 1.7486E-29 0.0000E+00 0.0000E+00 9.8361E-08 9.8361E-08 0.0000E+00 0.0000E+00 9.8361E-08 5.26E-06 7.06E-06   0.244 1.0000 7.1455E-06   1052.340
12411.00 0.78620547 1.6420E-29 0.0000E+00 0.0000E+00 9.7955E-08 9.7955E-08 0.0000E+00 0.0000E+00 9.7955E-08 5.24E-06 7.01E-06   0.241 1.0000 7.0929E-06   1052.782
12421.00 0.78150976 1.5905E-29 0.0000E+00 0.0000E+00 9.4931E-08 9.4931E-08 0.0000E+00 0.0000E+00 9.4931E-08 5.05E-06 6.80E-06   0.247 1.0000 6.8849E-06   1051.536
12431.00 0.76369172 1.6464E-29 0.0000E+00 0.0000E+00 9.6219E-08 9.6219E-08 0.0000E+00 0.0000E+00 9.6219E-08 5.03E-06 6.96E-06   0.270 1.0000 7.0471E-06   1053.068
12441.00 0.76478761 1.5543E-29 0.0000E+00 0.0000E+00 9.6913E-08 9.6913E-08 0.0000E+00 0.0000E+00 9.6913E-08 5.06E-06 7.00E-06   0.268 1.0000 7.0810E-06   1054.212
12451.00 0.76294243 1.4935E-29 0.0000E+00 0.0000E+00 9.5792E-08 9.5792E-08 0.0000E+00 0.0000E+00 9.5792E-08 4.99E-06 6.91E-06   0.271 1.0000 6.9937E-06   1054.187
12461.00 0.75636286 1.4639E-29 0.0000E+00 0.0000E+00 9.6633E-08 9.6633E-08 0.0000E+00 0.0000E+00 9.6633E-08 4.99E-06 6.99E-06   0.279 1.0000 7.0759E-06   1055.427
12471.00 0.76676023 1.3266E-29 0.0000E+00 0.0000E+00 9.7965E-08 9.7965E-08 0.0000E+00 0.0000E+00 9.7965E-08 5.10E-06 7.03E-06   0.266 1.0000 7.1120E-06   1056.976
12481.00 0.75633192 1.3089E-29 0.0000E+00 0.0000E+00 9.7277E-08 9.7277E-08 0.0000E+00 0.0000E+00 9.7277E-08 5.01E-06 7.02E-06   0.279 1.0000 7.1032E-06   1057.235
12491.00 0.76140380 1.2201E-29 0.0000E+00 0.0000E+00 9.6949E-08 9.6949E-08 0.0000E+00 0.0000E+00 9.6949E-08 5.01E-06 6.96E-06   0.273 1.0000 7.0410E-06   1057.722
12501.00 0.76369959 1.1553E-29 0.0000E+00 0.0000E+00 9.6159E-08 9.6159E-08 0.0000E+00 0.0000E+00 9.6159E-08 4.97E-06 6.87E-06   0.270 1.0000 6.9583E-06   1057.910
12511.00 0.77813739 1.0312E-29 0.0000E+00 0.0000E+00 9.9434E-08 9.9434E-08 0.0000E+00 0.0000E+00 9.9434E-08 5.19E-06 7.03E-06   0.251 1.0000 7.1163E-06   1060.696
12521.00 0.76884907 1.0200E-29 0.0000E+00 0.0000E+00 9.8904E-08 9.8904E-08 0.0000E+00 0.0000E+00 9.8904E-08 5.11E-06 7.03E-06   0.263 1.0000 7.1113E-06   1061.060
12531.00 0.78049052 9.2332E-30 0.0000E+00 0.0000E+00 9.9674E-08 9.9674E-08 0.0000E+00 0.0000E+00 9.9674E-08 5.19E-06 7.01E-06   0.248 1.0000 7.0974E-06   1062.242
12541.00 0.76926666 9.1968E-30 0.0000E+00 0.0000E+00 9.8944E-08 9.8944E-08 0.0000E+00 0.0000E+00 9.8944E-08 5.10E-06 7.00E-06   0.262 1.0000 7.0882E-06   1062.480
12551.00 0.75253946 9.3403E-30 0.0000E+00 0.0000E+00 9.8145E-08 9.8145E-08 0.0000E+00 0.0000E+00 9.8145E-08 4.98E-06 7.01E-06   0.284 1.0000 7.0994E-06   1062.671
12561.00 0.74270189 9.2231E-30 0.0000E+00 0.0000E+00 9.6821E-08 9.6821E-08 0.0000E+00 0.0000E+00 9.6821E-08 4.86E-06 6.96E-06   0.297 1.0000 7.0428E-06   1062.519
12571.00 0.77747321 7.6212E-30 0.0000E+00 0.0000E+00 9.9560E-08 9.9560E-08 0.0000E+00 0.0000E+00 9.9560E-08 5.14E-06 6.97E-06   0.252 1.0000 7.0580E-06   1064.962
12581.00 0.78217310 7.0887E-30 0.0000E+00 0.0000E+00 9.6526E-08 9.6526E-08 0.0000E+00 0.0000E+00 9.6526E-08 5.00E-06 6.73E-06   0.246 1.0000 6.8119E-06   1063.721
12591.00 0.78744620 6.5686E-30 0.0000E+00 0.0000E+00 9.7360E-08 9.7360E-08 0.0000E+00 0.0000E+00 9.7360E-08 5.05E-06 6.75E-06   0.239 1.0000 6.8345E-06   1064.956
12601.00 0.78100008 6.4204E-30 0.0000E+00 0.0000E+00 9.7063E-08 9.7063E-08 0.0000E+00 0.0000E+00 9.7063E-08 5.00E-06 6.75E-06   0.247 1.0000 6.8321E-06   1065.461
12611.00 0.76025981 6.6682E-30 0.0000E+00 0.0000E+00 9.8388E-08 9.8388E-08 0.0000E+00 0.0000E+00 9.8388E-08 4.98E-06 6.92E-06   0.274 1.0000 7.0130E-06   1067.008
12621.00 0.76027745 6.3171E-30 0.0000E+00 0.0000E+00 9.8514E-08 9.8514E-08 0.0000E+00 0.0000E+00 9.8514E-08 4.98E-06 6.92E-06   0.274 1.0000 7.0117E-06   1067.785
12631.00 0.76673299 5.9010E-30 0.0000E+00 0.0000E+00 9.7715E-08 9.7715E-08 0.0000E+00 0.0000E+00 9.7715E-08 4.95E-06 6.82E-06   0.266 1.0000 6.9099E-06   1067.970
12641.00 0.75661737 5.8271E-30 0.0000E+00 0.0000E+00 9.9075E-08 9.9075E-08 0.0000E+00 0.0000E+00 9.9075E-08 4.97E-06 6.95E-06   0.279 1.0000 7.0438E-06   1069.536
12651.00 0.75765914 5.5257E-30 0.0000E+00 0.0000E+00 1.0008E-07 1.0008E-07 0.0000E+00 0.0000E+00 1.0008E-07 5.02E-06 7.00E-06   0.278 1.0000 7.0958E-06   1070.865
12661.00 0.74551088 5.5155E-30 0.0000E+00 0.0000E+00 9.9253E-08 9.9253E-08 0.0000E+00 0.0000E+00 9.9253E-08 4.91E-06 6.99E-06   0.294 1.0000 7.0839E-06   1071.042
12671.00 0.75688118 5.0643E-30 0.0000E+00 0.0000E+00 1.0076E-07 1.0076E-07 0.0000E+00 0.0000E+00 1.0076E-07 5.02E-06 7.03E-06   0.279 1.0000 7.1204E-06   1072.689
12681.00 0.77321821 4.4835E-30 0.0000E+00 0.0000E+00 1.0151E-07 1.0151E-07 0.0000E+00 0.0000E+00 1.0151E-07 5.12E-06 6.99E-06   0.257 1.0000 7.0842E-06   1073.852
12691.00 0.77035964 4.3160E-30 0.0000E+00 0.0000E+00 1.0099E-07 1.0099E-07 0.0000E+00 0.0000E+00 1.0099E-07 5.08E-06 6.96E-06   0.261 1.0000 7.0488E-06   1074.225
12701.00 0.77622491 4.0019E-30 0.0000E+00 0.0000E+00 1.0224E-07 1.0224E-07 0.0000E+00 0.0000E+00 1.0224E-07 5.15E-06 7.00E-06   0.253 1.0000 7.0968E-06   1075.701
12711.00 0.77536553 3.8303E-30 0.0000E+00 0.0000E+00 1.0299E-07 1.0299E-07 0.0000E+00 0.0000E+00 1.0299E-07 5.18E-06 7.05E-06   0.254 1.0000 7.1406E-06   1076.860
12721.00 0.78574514 3.4477E-30 0.0000E+00 0.0000E+00 1.0176E-07 1.0176E-07 0.0000E+00 0.0000E+00 1.0176E-07 5.16E-06 6.91E-06   0.241 1.0000 6.9992E-06   1076.801
12731.00 0.78591555 3.2739E-30 0.0000E+00 0.0000E+00 1.0175E-07 1.0175E-07 0.0000E+00 0.0000E+00 1.0175E-07 5.15E-06 6.89E-06   0.241 1.0000 6.9861E-06   1077.489
12741.00 0.78579444 3.1140E-30 0.0000E+00 0.0000E+00 1.0361E-07 1.0361E-07 0.0000E+00 0.0000E+00 1.0361E-07 5.23E-06 7.01E-06   0.241 1.0000 7.1028E-06   1079.334
12751.00 0.78659171 2.9473E-30 0.0000E+00 0.0000E+00 1.0357E-07 1.0357E-07 0.0000E+00 0.0000E+00 1.0357E-07 5.23E-06 6.99E-06   0.240 1.0000 7.0859E-06   1080.011
12761.00 0.78752309 2.7857E-30 0.0000E+00 0.0000E+00 1.0115E-07 1.0115E-07 0.0000E+00 0.0000E+00 1.0115E-07 5.10E-06 6.81E-06   0.239 1.0000 6.9058E-06   1079.208
12771.00 0.78753185 2.6480E-30 0.0000E+00 0.0000E+00 1.0323E-07 1.0323E-07 0.0000E+00 0.0000E+00 1.0323E-07 5.20E-06 6.94E-06   0.239 1.0000 7.0362E-06   1081.196
12781.00 0.78728491 2.5202E-30 0.0000E+00 0.0000E+00 1.0454E-07 1.0454E-07 0.0000E+00 0.0000E+00 1.0454E-07 5.25E-06 7.02E-06   0.239 1.0000 7.1156E-06   1082.696
12791.00 0.78707945 2.3992E-30 0.0000E+00 0.0000E+00 1.0475E-07 1.0475E-07 0.0000E+00 0.0000E+00 1.0475E-07 5.25E-06 7.02E-06   0.239 1.0000 7.1190E-06   1083.519
12801.00 0.78699452 2.2816E-30 0.0000E+00 0.0000E+00 1.0318E-07 1.0318E-07 0.0000E+00 0.0000E+00 1.0318E-07 5.16E-06 6.90E-06   0.240 1.0000 7.0016E-06   1083.255
12811.00 0.78645408 2.1757E-30 0.0000E+00 0.0000E+00 1.0454E-07 1.0454E-07 0.0000E+00 0.0000E+00 1.0454E-07 5.22E-06 6.99E-06   0.240 1.0000 7.0852E-06   1084.790
12821.00 0.78640771 2.0690E-30 0.0000E+00 0.0000E+00 1.0346E-07 1.0346E-07 0.0000E+00 0.0000E+00 1.0346E-07 5.16E-06 6.90E-06   0.240 1.0000 7.0007E-06   1084.823
12831.00 0.78580976 1.9734E-30 0.0000E+00 0.0000E+00 1.0486E-07 1.0486E-07 0.0000E+00 0.0000E+00 1.0486E-07 5.22E-06 6.99E-06   0.241 1.0000 7.0866E-06   1086.379
12841.00 0.78576988 1.8766E-30 0.0000E+00 0.0000E+00 1.0536E-07 1.0536E-07 0.0000E+00 0.0000E+00 1.0536E-07 5.23E-06 7.01E-06   0.241 1.0000 7.1081E-06   1087.377
12851.00 0.78538084 1.7881E-30 0.0000E+00 0.0000E+00 1.0541E-07 1.0541E-07 0.0000E+00 0.0000E+00 1.0541E-07 5.22E-06 7.00E-06   0.242 1.0000 7.1013E-06   1088.104
12861.00 0.78510624 1.7025E-30 0.0000E+00 0.0000E+00 1.0343E-07 1.0343E-07 0.0000E+00 0.0000E+00 1.0343E-07 5.12E-06 6.86E-06   0.242 1.0000 6.9577E-06   1087.592
12871.00 0.78486353 1.6207E-30 0.0000E+00 0.0000E+00 1.0592E-07 1.0592E-07 0.0000E+00 0.0000E+00 1.0592E-07 5.23E-06 7.01E-06   0.242 1.0000 7.1139E-06   1089.809
12881.00 0.78445852 1.5442E-30 0.0000E+00 0.0000E+00 1.0585E-07 1.0585E-07 0.0000E+00 0.0000E+00 1.0585E-07 5.21E-06 7.00E-06   0.243 1.0000 7.0994E-06   1090.467
12891.00 0.78386122 1.4727E-30 0.0000E+00 0.0000E+00 1.0592E-07 1.0592E-07 0.0000E+00 0.0000E+00 1.0592E-07 5.21E-06 6.99E-06   0.244 1.0000 7.0944E-06   1091.203
12901.00 0.78344673 1.4027E-30 0.0000E+00 0.0000E+00 1.0097E-07 1.0097E-07 0.0000E+00 0.0000E+00 1.0097E-07 4.95E-06 6.66E-06   0.244 1.0000 6.7536E-06   1088.837
12911.00 0.78259146 1.3386E-30 0.0000E+00 0.0000E+00 1.0341E-07 1.0341E-07 0.0000E+00 0.0000E+00 1.0341E-07 5.06E-06 6.81E-06   0.245 1.0000 6.9089E-06   1091.060
12921.00 0.78198403 1.2758E-30 0.0000E+00 0.0000E+00 1.0648E-07 1.0648E-07 0.0000E+00 0.0000E+00 1.0648E-07 5.20E-06 7.00E-06   0.246 1.0000 7.1049E-06   1093.634
12931.00 0.78090769 1.2181E-30 0.0000E+00 0.0000E+00 1.0597E-07 1.0597E-07 0.0000E+00 0.0000E+00 1.0597E-07 5.16E-06 6.96E-06   0.247 1.0000 7.0646E-06   1094.023
12941.00 0.77936488 1.1647E-30 0.0000E+00 0.0000E+00 1.0348E-07 1.0348E-07 0.0000E+00 0.0000E+00 1.0348E-07 5.03E-06 6.80E-06   0.249 1.0000 6.8949E-06   1093.188
12951.00 0.77854508 1.1109E-30 0.0000E+00 0.0000E+00 1.0498E-07 1.0498E-07 0.0000E+00 0.0000E+00 1.0498E-07 5.09E-06 6.89E-06   0.250 1.0000 6.9877E-06   1094.813
12961.00 0.77750301 1.0599E-30 0.0000E+00 0.0000E+00 1.0368E-07 1.0368E-07 0.0000E+00 0.0000E+00 1.0368E-07 5.01E-06 6.80E-06   0.252 1.0000 6.8945E-06   1094.705
12971.00 0.77571744 1.0124E-30 0.0000E+00 0.0000E+00 1.0569E-07 1.0569E-07 0.0000E+00 0.0000E+00 1.0569E-07 5.09E-06 6.93E-06   0.254 1.0000 7.0270E-06   1096.641
12981.00 0.76849246 9.7984E-31 0.0000E+00 0.0000E+00 1.0472E-07 1.0472E-07 0.0000E+00 0.0000E+00 1.0472E-07 5.02E-06 6.89E-06   0.263 1.0000 6.9958E-06   1096.744
12991.00 0.76031786 9.4362E-31 0.0000E+00 0.0000E+00 1.0369E-07 1.0369E-07 0.0000E+00 0.0000E+00 1.0369E-07 4.94E-06 6.86E-06   0.274 1.0000 6.9674E-06   1096.799
13001.00 0.74666524 9.1364E-31 0.0000E+00 0.0000E+00 1.0298E-07 1.0298E-07 0.0000E+00 0.0000E+00 1.0298E-07 4.87E-06 6.87E-06   0.292 1.0000 6.9977E-06   1097.052
13011.00 0.73630661 8.7565E-31 0.0000E+00 0.0000E+00 1.0296E-07 1.0296E-07 0.0000E+00 0.0000E+00 1.0296E-07 4.84E-06 6.91E-06   0.306 1.0000 7.0635E-06   1097.736
13021.00 0.70869529 8.5472E-31 0.0000E+00 0.0000E+00 9.9942E-08 9.9942E-08 0.0000E+00 0.0000E+00 9.9942E-08 4.63E-06 6.85E-06   0.344 1.0000 7.0503E-06   1096.519
13031.00 0.67873359 8.4114E-31 0.0000E+00 0.0000E+00 9.7345E-08 9.7345E-08 0.0000E+00 0.0000E+00 9.7345E-08 4.42E-06 6.83E-06   0.388 1.0000 7.0771E-06   1095.525
13041.00 0.63155442 8.2536E-31 0.0000E+00 0.0000E+00 8.7767E-08 8.7767E-08 0.0000E+00 0.0000E+00 8.7767E-08 3.89E-06 6.39E-06   0.460 1.0000 6.7057E-06   1089.625
13051.00 0.57718736 8.2791E-31 0.0000E+00 0.0000E+00 8.0868E-08 8.0868E-08 0.0000E+00 0.0000E+00 8.0868E-08 3.44E-06 6.25E-06   0.550 1.0000 6.6213E-06   1085.156
13061.00 0.50084072 7.9927E-31 0.0000E+00 0.0000E+00 7.5264E-08 7.5264E-08 0.0000E+00 0.0000E+00 7.5264E-08 3.04E-06 6.33E-06   0.691 1.0000 6.8845E-06   1081.356
13071.00 0.41998059 7.4949E-31 0.0000E+00 0.0000E+00 6.7668E-08 6.7668E-08 0.0000E+00 0.0000E+00 6.7668E-08 2.57E-06 6.28E-06   0.868 1.0000 7.1115E-06   1075.458
13081.00 0.35174331 6.9030E-31 0.0000E+00 0.0000E+00 5.9051E-08 5.9051E-08 0.0000E+00 0.0000E+00 5.9051E-08 2.09E-06 6.09E-06   1.045 1.0000 7.1104E-06   1067.823
13091.00 0.27340463 6.2097E-31 0.0000E+00 0.0000E+00 4.8764E-08 4.8764E-08 0.0000E+00 0.0000E+00 4.8764E-08 1.56E-06 5.81E-06   1.297 1.0000 7.1062E-06   1057.023
13101.00 0.23475185 5.6511E-31 0.0000E+00 0.0000E+00 4.3332E-08 4.3332E-08 0.0000E+00 0.0000E+00 4.3332E-08 1.29E-06 5.62E-06   1.449 1.0000 7.1028E-06   1050.732
13111.00 0.25758448 5.6442E-31 0.0000E+00 0.0000E+00 4.5905E-08 4.5905E-08 0.0000E+00 0.0000E+00 4.5905E-08 1.40E-06 5.63E-06   1.356 1.0000 7.0290E-06   1054.791
13121.00 0.47663206 5.6902E-31 0.0000E+00 0.0000E+00 7.0076E-08 7.0076E-08 0.0000E+00 0.0000E+00 7.0076E-08 2.76E-06 6.05E-06   0.741 1.0000 6.7816E-06   1081.025
13131.00 0.22776535 4.8710E-31 0.0000E+00 0.0000E+00 4.1612E-08 4.1612E-08 0.0000E+00 0.0000E+00 4.1612E-08 1.20E-06 5.55E-06   1.479 1.0000 6.9749E-06   1050.364
13141.00 0.07018775 3.2487E-31 0.0000E+00 0.0000E+00 2.0718E-08 2.0718E-08 0.0000E+00 0.0000E+00 2.0718E-08 2.85E-07 4.91E-06   2.657 1.0000 7.0062E-06   1011.807
13151.00 0.06920198 3.0127E-31 0.0000E+00 0.0000E+00 2.0918E-08 2.0918E-08 0.0000E+00 0.0000E+00 2.0918E-08 3.01E-07 4.80E-06   2.671 1.0000 6.9759E-06   1012.973
13161.00 0.23639999 4.2691E-31 0.0000E+00 0.0000E+00 4.5981E-08 4.5981E-08 0.0000E+00 0.0000E+00 4.5981E-08 1.37E-06 5.77E-06   1.442 1.0000 7.0394E-06   1058.236
13171.00 0.70350403 4.0000E-31 0.0000E+00 0.0000E+00 1.0145E-07 1.0145E-07 0.0000E+00 0.0000E+00 1.0145E-07 4.57E-06 6.81E-06   0.352 1.0000 7.0248E-06   1107.893
13181.00 0.77236986 3.5984E-31 0.0000E+00 0.0000E+00 1.0655E-07 1.0655E-07 0.0000E+00 0.0000E+00 1.0655E-07 4.94E-06 6.75E-06   0.258 1.0000 6.8540E-06   1111.777
13191.00 0.77427149 3.4046E-31 0.0000E+00 0.0000E+00 1.0945E-07 1.0945E-07 0.0000E+00 0.0000E+00 1.0945E-07 5.07E-06 6.91E-06   0.256 1.0000 7.0170E-06   1114.226
13201.00 0.77413225 3.2399E-31 0.0000E+00 0.0000E+00 1.0902E-07 1.0902E-07 0.0000E+00 0.0000E+00 1.0902E-07 5.04E-06 6.87E-06   0.256 1.0000 6.9786E-06   1114.662
13211.00 0.77391440 3.0834E-31 0.0000E+00 0.0000E+00 1.0916E-07 1.0916E-07 0.0000E+00 0.0000E+00 1.0916E-07 5.04E-06 6.87E-06   0.256 1.0000 6.9776E-06   1115.443
13221.00 0.77353090 2.9369E-31 0.0000E+00 0.0000E+00 1.0896E-07 1.0896E-07 0.0000E+00 0.0000E+00 1.0896E-07 5.02E-06 6.85E-06   0.257 1.0000 6.9558E-06   1116.020
13231.00 0.77311134 2.7980E-31 0.0000E+00 0.0000E+00 1.0852E-07 1.0852E-07 0.0000E+00 0.0000E+00 1.0852E-07 4.99E-06 6.81E-06   0.257 1.0000 6.9184E-06   1116.447
13241.00 0.77276295 2.6646E-31 0.0000E+00 0.0000E+00 1.1048E-07 1.1048E-07 0.0000E+00 0.0000E+00 1.1048E-07 5.07E-06 6.93E-06   0.258 1.0000 7.0339E-06   1118.315
13251.00 0.77246290 2.5369E-31 0.0000E+00 0.0000E+00 1.1094E-07 1.1094E-07 0.0000E+00 0.0000E+00 1.1094E-07 5.08E-06 6.95E-06   0.258 1.0000 7.0541E-06   1119.288
13261.00 0.77194047 2.4180E-31 0.0000E+00 0.0000E+00 1.1142E-07 1.1142E-07 0.0000E+00 0.0000E+00 1.1142E-07 5.09E-06 6.97E-06   0.259 1.0000 7.0756E-06   1120.264
13271.00 0.77170223 2.3014E-31 0.0000E+00 0.0000E+00 1.1042E-07 1.1042E-07 0.0000E+00 0.0000E+00 1.1042E-07 5.04E-06 6.89E-06   0.259 1.0000 7.0026E-06   1120.367
13281.00 0.77131718 2.1920E-31 0.0000E+00 0.0000E+00 1.0959E-07 1.0959E-07 0.0000E+00 0.0000E+00 1.0959E-07 4.99E-06 6.83E-06   0.260 1.0000 6.9412E-06   1120.568
13291.00 0.77092403 2.0877E-31 0.0000E+00 0.0000E+00 1.0934E-07 1.0934E-07 0.0000E+00 0.0000E+00 1.0934E-07 4.97E-06 6.81E-06   0.260 1.0000 6.9165E-06   1121.113
13301.00 0.77039623 1.9898E-31 0.0000E+00 0.0000E+00 1.1094E-07 1.1094E-07 0.0000E+00 0.0000E+00 1.1094E-07 5.03E-06 6.90E-06   0.261 1.0000 7.0096E-06   1122.764
13311.00 0.77014750 1.8939E-31 0.0000E+00 0.0000E+00 1.0771E-07 1.0771E-07 0.0000E+00 0.0000E+00 1.0771E-07 4.87E-06 6.69E-06   0.261 1.0000 6.7959E-06   1121.513
13321.00 0.76940888 1.8069E-31 0.0000E+00 0.0000E+00 1.1113E-07 1.1113E-07 0.0000E+00 0.0000E+00 1.1113E-07 5.02E-06 6.89E-06   0.262 1.0000 7.0050E-06   1124.271
13331.00 0.76917541 1.7199E-31 0.0000E+00 0.0000E+00 1.1026E-07 1.1026E-07 0.0000E+00 0.0000E+00 1.1026E-07 4.97E-06 6.83E-06   0.262 1.0000 6.9407E-06   1124.448
13341.00 0.76886564 1.6376E-31 0.0000E+00 0.0000E+00 1.0790E-07 1.0790E-07 0.0000E+00 0.0000E+00 1.0790E-07 4.85E-06 6.67E-06   0.263 1.0000 6.7825E-06   1123.713
13351.00 0.76862651 1.5585E-31 0.0000E+00 0.0000E+00 1.1136E-07 1.1136E-07 0.0000E+00 0.0000E+00 1.1136E-07 5.00E-06 6.87E-06   0.263 1.0000 6.9903E-06   1126.488
13361.00 0.76826113 1.4844E-31 0.0000E+00 0.0000E+00 1.1085E-07 1.1085E-07 0.0000E+00 0.0000E+00 1.1085E-07 4.96E-06 6.83E-06   0.264 1.0000 6.9490E-06   1126.880
13371.00 0.76758885 1.4161E-31 0.0000E+00 0.0000E+00 1.1087E-07 1.1087E-07 0.0000E+00 0.0000E+00 1.1087E-07 4.95E-06 6.83E-06   0.265 1.0000 6.9428E-06   1127.592
13381.00 0.76709419 1.3496E-31 0.0000E+00 0.0000E+00 1.1166E-07 1.1166E-07 0.0000E+00 0.0000E+00 1.1166E-07 4.98E-06 6.87E-06   0.265 1.0000 6.9829E-06   1128.753
13391.00 0.76669228 1.2856E-31 0.0000E+00 0.0000E+00 1.1185E-07 1.1185E-07 0.0000E+00 0.0000E+00 1.1185E-07 4.98E-06 6.87E-06   0.266 1.0000 6.9856E-06   1129.562
13401.00 0.76620382 1.2254E-31 0.0000E+00 0.0000E+00 1.1113E-07 1.1113E-07 0.0000E+00 0.0000E+00 1.1113E-07 4.93E-06 6.81E-06   0.266 1.0000 6.9311E-06   1129.827
13411.00 0.76510745 1.1717E-31 0.0000E+00 0.0000E+00 1.1229E-07 1.1229E-07 0.0000E+00 0.0000E+00 1.1229E-07 4.97E-06 6.88E-06   0.268 1.0000 6.9973E-06   1131.215
13421.00 0.76537913 1.1123E-31 0.0000E+00 0.0000E+00 1.1006E-07 1.1006E-07 0.0000E+00 0.0000E+00 1.1006E-07 4.87E-06 6.73E-06   0.267 1.0000 6.8463E-06   1130.581
13431.00 0.76390761 1.0655E-31 0.0000E+00 0.0000E+00 1.0874E-07 1.0874E-07 0.0000E+00 0.0000E+00 1.0874E-07 4.79E-06 6.64E-06   0.269 1.0000 6.7587E-06   1130.473
13441.00 0.76320767 1.0170E-31 0.0000E+00 0.0000E+00 1.1241E-07 1.1241E-07 0.0000E+00 0.0000E+00 1.1241E-07 4.94E-06 6.86E-06   0.270 1.0000 6.9782E-06   1133.368
13451.00 0.76393396 9.6281E-32 0.0000E+00 0.0000E+00 1.1268E-07 1.1268E-07 0.0000E+00 0.0000E+00 1.1268E-07 4.95E-06 6.86E-06   0.269 1.0000 6.9805E-06   1134.221
13461.00 0.75903577 9.3841E-32 0.0000E+00 0.0000E+00 1.1146E-07 1.1146E-07 0.0000E+00 0.0000E+00 1.1146E-07 4.87E-06 6.80E-06   0.276 1.0000 6.9145E-06   1134.197
13471.00 0.75801325 8.9728E-32 0.0000E+00 0.0000E+00 1.0764E-07 1.0764E-07 0.0000E+00 0.0000E+00 1.0764E-07 4.69E-06 6.56E-06   0.277 1.0000 6.6706E-06   1132.573
13481.00 0.75736105 8.5519E-32 0.0000E+00 0.0000E+00 1.0785E-07 1.0785E-07 0.0000E+00 0.0000E+00 1.0785E-07 4.69E-06 6.56E-06   0.278 1.0000 6.6756E-06   1133.401
13491.00 0.75166982 8.3514E-32 0.0000E+00 0.0000E+00 1.0737E-07 1.0737E-07 0.0000E+00 0.0000E+00 1.0737E-07 4.63E-06 6.55E-06   0.285 1.0000 6.6588E-06   1133.797
13501.00 0.75623608 7.7773E-32 0.0000E+00 0.0000E+00 1.1097E-07 1.1097E-07 0.0000E+00 0.0000E+00 1.1097E-07 4.80E-06 6.73E-06   0.279 1.0000 6.8511E-06   1136.679
13511.00 0.74822652 7.6578E-32 0.0000E+00 0.0000E+00 1.1051E-07 1.1051E-07 0.0000E+00 0.0000E+00 1.1051E-07 4.74E-06 6.73E-06   0.290 1.0000 6.8479E-06   1137.098
13521.00 0.73859686 7.5820E-32 0.0000E+00 0.0000E+00 1.1009E-07 1.1009E-07 0.0000E+00 0.0000E+00 1.1009E-07 4.67E-06 6.74E-06   0.303 1.0000 6.8549E-06   1137.539
13531.00 0.74189776 7.1160E-32 0.0000E+00 0.0000E+00 1.0696E-07 1.0696E-07 0.0000E+00 0.0000E+00 1.0696E-07 4.54E-06 6.52E-06   0.299 1.0000 6.6352E-06   1136.315
13541.00 0.73028517 7.0730E-32 0.0000E+00 0.0000E+00 1.0942E-07 1.0942E-07 0.0000E+00 0.0000E+00 1.0942E-07 4.59E-06 6.71E-06   0.314 1.0000 6.8288E-06   1138.516
13551.00 0.74092627 6.4642E-32 0.0000E+00 0.0000E+00 1.1265E-07 1.1265E-07 0.0000E+00 0.0000E+00 1.1265E-07 4.76E-06 6.85E-06   0.300 1.0000 6.9678E-06   1141.151
13561.00 0.72905540 6.4054E-32 0.0000E+00 0.0000E+00 1.1210E-07 1.1210E-07 0.0000E+00 0.0000E+00 1.1210E-07 4.68E-06 6.86E-06   0.316 1.0000 6.9805E-06   1141.521
13571.00 0.71632379 6.3893E-32 0.0000E+00 0.0000E+00 1.1051E-07 1.1051E-07 0.0000E+00 0.0000E+00 1.1051E-07 4.56E-06 6.81E-06   0.334 1.0000 6.9293E-06   1141.258
13581.00 0.71139073 6.1678E-32 0.0000E+00 0.0000E+00 1.0928E-07 1.0928E-07 0.0000E+00 0.0000E+00 1.0928E-07 4.48E-06 6.75E-06   0.341 1.0000 6.8674E-06   1141.206
13591.00 0.72482443 5.5974E-32 0.0000E+00 0.0000E+00 1.0985E-07 1.0985E-07 0.0000E+00 0.0000E+00 1.0985E-07 4.55E-06 6.71E-06   0.322 1.0000 6.8280E-06   1142.248
13601.00 0.71679515 5.5097E-32 0.0000E+00 0.0000E+00 1.1094E-07 1.1094E-07 0.0000E+00 0.0000E+00 1.1094E-07 4.55E-06 6.80E-06   0.333 1.0000 6.9178E-06   1143.598
13611.00 0.71576446 5.2332E-32 0.0000E+00 0.0000E+00 1.1206E-07 1.1206E-07 0.0000E+00 0.0000E+00 1.1206E-07 4.59E-06 6.86E-06   0.334 1.0000 6.9838E-06   1144.961
13621.00 0.73702371 4.5989E-32 0.0000E+00 0.0000E+00 1.1418E-07 1.1418E-07 0.0000E+00 0.0000E+00 1.1418E-07 4.76E-06 6.88E-06   0.305 1.0000 7.0039E-06   1146.913
13631.00 0.69723123 4.9851E-32 0.0000E+00 0.0000E+00 1.1007E-07 1.1007E-07 0.0000E+00 0.0000E+00 1.1007E-07 4.42E-06 6.81E-06   0.361 1.0000 6.9291E-06   1145.150
13641.00 0.70594513 4.6646E-32 0.0000E+00 0.0000E+00 1.0918E-07 1.0918E-07 0.0000E+00 0.0000E+00 1.0918E-07 4.41E-06 6.69E-06   0.348 1.0000 6.8141E-06   1145.300
13651.00 0.70958376 4.3391E-32 0.0000E+00 0.0000E+00 1.0971E-07 1.0971E-07 0.0000E+00 0.0000E+00 1.0971E-07 4.44E-06 6.71E-06   0.343 1.0000 6.8293E-06   1146.316
13661.00 0.64398938 4.8953E-32 0.0000E+00 0.0000E+00 1.0589E-07 1.0589E-07 0.0000E+00 0.0000E+00 1.0589E-07 4.02E-06 6.79E-06   0.440 1.0000 6.9146E-06   1144.645
13671.00 0.63661659 4.8172E-32 0.0000E+00 0.0000E+00 1.0478E-07 1.0478E-07 0.0000E+00 0.0000E+00 1.0478E-07 3.93E-06 6.73E-06   0.452 1.0000 6.8594E-06   1144.636
13681.00 0.64935774 4.3443E-32 0.0000E+00 0.0000E+00 1.0393E-07 1.0393E-07 0.0000E+00 0.0000E+00 1.0393E-07 3.96E-06 6.62E-06   0.432 1.0000 6.7477E-06   1144.784
13691.00 0.61432940 4.4888E-32 0.0000E+00 0.0000E+00 1.0408E-07 1.0408E-07 0.0000E+00 0.0000E+00 1.0408E-07 3.82E-06 6.80E-06   0.487 1.0000 6.9298E-06   1145.571
13701.00 0.66193891 3.8902E-32 0.0000E+00 0.0000E+00 1.0783E-07 1.0783E-07 0.0000E+00 0.0000E+00 1.0783E-07 4.13E-06 6.76E-06   0.413 1.0000 6.8895E-06   1148.624
13711.00 0.58548099 4.2514E-32 0.0000E+00 0.0000E+00 9.6729E-08 9.6729E-08 0.0000E+00 0.0000E+00 9.6729E-08 3.44E-06 6.46E-06   0.535 1.0000 6.5819E-06   1142.086
13721.00 0.66824377 3.3325E-32 0.0000E+00 0.0000E+00 1.0453E-07 1.0453E-07 0.0000E+00 0.0000E+00 1.0453E-07 4.05E-06 6.53E-06   0.403 1.0000 6.6556E-06   1147.931
13731.00 0.63714480 3.4912E-32 0.0000E+00 0.0000E+00 1.0539E-07 1.0539E-07 0.0000E+00 0.0000E+00 1.0539E-07 3.93E-06 6.72E-06   0.451 1.0000 6.8519E-06   1149.168
13741.00 0.55494255 3.8287E-32 0.0000E+00 0.0000E+00 9.8817E-08 9.8817E-08 0.0000E+00 0.0000E+00 9.8817E-08 3.38E-06 6.75E-06   0.589 1.0000 6.8890E-06   1145.567
13751.00 0.65255791 3.0165E-32 0.0000E+00 0.0000E+00 1.0877E-07 1.0877E-07 0.0000E+00 0.0000E+00 1.0877E-07 4.12E-06 6.84E-06   0.427 1.0000 6.9714E-06   1152.662
13761.00 0.59746915 3.1552E-32 0.0000E+00 0.0000E+00 1.0280E-07 1.0280E-07 0.0000E+00 0.0000E+00 1.0280E-07 3.69E-06 6.76E-06   0.515 1.0000 6.9003E-06   1149.576
13771.00 0.62901878 2.9738E-32 0.0000E+00 0.0000E+00 1.0543E-07 1.0543E-07 0.0000E+00 0.0000E+00 1.0543E-07 3.86E-06 6.70E-06   0.464 1.0000 6.8340E-06   1151.955
13781.00 0.59026772 2.8635E-32 0.0000E+00 0.0000E+00 1.0271E-07 1.0271E-07 0.0000E+00 0.0000E+00 1.0271E-07 3.66E-06 6.78E-06   0.527 1.0000 6.9166E-06   1150.898
13791.00 0.61837780 2.6649E-32 0.0000E+00 0.0000E+00 1.0510E-07 1.0510E-07 0.0000E+00 0.0000E+00 1.0510E-07 3.82E-06 6.74E-06   0.481 1.0000 6.8767E-06   1153.127
13801.00 0.59104455 2.5342E-32 0.0000E+00 0.0000E+00 1.0229E-07 1.0229E-07 0.0000E+00 0.0000E+00 1.0229E-07 3.65E-06 6.74E-06   0.526 1.0000 6.8804E-06   1152.000
13811.00 0.60819840 2.3401E-32 0.0000E+00 0.0000E+00 1.0422E-07 1.0422E-07 0.0000E+00 0.0000E+00 1.0422E-07 3.78E-06 6.76E-06   0.497 1.0000 6.8949E-06   1153.944
13821.00 0.56667536 2.4224E-32 0.0000E+00 0.0000E+00 1.0144E-07 1.0144E-07 0.0000E+00 0.0000E+00 1.0144E-07 3.51E-06 6.80E-06   0.568 1.0000 6.9471E-06   1152.825
13831.00 0.67291987 1.9090E-32 0.0000E+00 0.0000E+00 1.1039E-07 1.1039E-07 0.0000E+00 0.0000E+00 1.1039E-07 4.21E-06 6.74E-06   0.396 1.0000 6.8800E-06   1159.192
13841.00 0.68995547 1.7275E-32 0.0000E+00 0.0000E+00 1.0843E-07 1.0843E-07 0.0000E+00 0.0000E+00 1.0843E-07 4.20E-06 6.53E-06   0.371 1.0000 6.6572E-06   1158.678
13851.00 0.68992376 1.6724E-32 0.0000E+00 0.0000E+00 1.1209E-07 1.1209E-07 0.0000E+00 0.0000E+00 1.1209E-07 4.31E-06 6.73E-06   0.371 1.0000 6.8689E-06   1161.609
13861.00 0.69344866 1.5719E-32 0.0000E+00 0.0000E+00 1.1218E-07 1.1218E-07 0.0000E+00 0.0000E+00 1.1218E-07 4.32E-06 6.71E-06   0.366 1.0000 6.8448E-06   1162.357
13871.00 0.61195904 1.7323E-32 0.0000E+00 0.0000E+00 1.0104E-07 1.0104E-07 0.0000E+00 0.0000E+00 1.0104E-07 3.63E-06 6.47E-06   0.491 1.0000 6.6067E-06   1156.005
13881.00 0.53926730 1.8357E-32 0.0000E+00 0.0000E+00 9.8022E-08 9.8022E-08 0.0000E+00 0.0000E+00 9.8022E-08 3.27E-06 6.69E-06   0.618 1.0000 6.8443E-06   1154.662
13891.00 0.56286794 1.7508E-32 0.0000E+00 0.0000E+00 9.9931E-08 9.9931E-08 0.0000E+00 0.0000E+00 9.9931E-08 3.38E-06 6.63E-06   0.575 1.0000 6.7708E-06   1156.640
13901.00 0.55137002 1.6856E-32 0.0000E+00 0.0000E+00 9.6738E-08 9.6738E-08 0.0000E+00 0.0000E+00 9.6738E-08 3.23E-06 6.48E-06   0.595 1.0000 6.6271E-06   1155.157
13911.00 0.52047485 1.6272E-32 0.0000E+00 0.0000E+00 9.3365E-08 9.3365E-08 0.0000E+00 0.0000E+00 9.3365E-08 3.03E-06 6.44E-06   0.653 1.0000 6.5880E-06   1153.480
13921.00 0.59165716 1.4001E-32 0.0000E+00 0.0000E+00 1.0113E-07 1.0113E-07 0.0000E+00 0.0000E+00 1.0113E-07 3.53E-06 6.53E-06   0.525 1.0000 6.6696E-06   1159.507
13931.00 0.56408113 1.4425E-32 0.0000E+00 0.0000E+00 1.0132E-07 1.0132E-07 0.0000E+00 0.0000E+00 1.0132E-07 3.40E-06 6.65E-06   0.573 1.0000 6.7975E-06   1160.321
13941.00 0.57557237 1.4018E-32 0.0000E+00 0.0000E+00 1.0494E-07 1.0494E-07 0.0000E+00 0.0000E+00 1.0494E-07 3.53E-06 6.78E-06   0.552 1.0000 6.9216E-06   1163.374
13951.00 0.64964515 1.1644E-32 0.0000E+00 0.0000E+00 1.0703E-07 1.0703E-07 0.0000E+00 0.0000E+00 1.0703E-07 3.87E-06 6.50E-06   0.431 1.0000 6.6387E-06   1165.390
13961.00 0.71034801 9.2160E-33 0.0000E+00 0.0000E+00 1.1501E-07 1.1501E-07 0.0000E+00 0.0000E+00 1.1501E-07 4.42E-06 6.67E-06   0.342 1.0000 6.8145E-06   1170.970
13971.00 0.72181833 8.3725E-33 0.0000E+00 0.0000E+00 1.1649E-07 1.1649E-07 0.0000E+00 0.0000E+00 1.1649E-07 4.52E-06 6.70E-06   0.326 1.0000 6.8419E-06   1172.538
13981.00 0.71520162 8.1393E-33 0.0000E+00 0.0000E+00 1.1291E-07 1.1291E-07 0.0000E+00 0.0000E+00 1.1291E-07 4.34E-06 6.51E-06   0.335 1.0000 6.6525E-06   1171.094
13991.00 0.72453642 7.4408E-33 0.0000E+00 0.0000E+00 1.1457E-07 1.1457E-07 0.0000E+00 0.0000E+00 1.1457E-07 4.44E-06 6.56E-06   0.322 1.0000 6.6990E-06   1172.786
14001.00 0.72886378 6.9574E-33 0.0000E+00 0.0000E+00 1.1846E-07 1.1846E-07 0.0000E+00 0.0000E+00 1.1846E-07 4.60E-06 6.75E-06   0.316 1.0000 6.8966E-06   1175.761
14011.00 0.73251152 6.5135E-33 0.0000E+00 0.0000E+00 1.1830E-07 1.1830E-07 0.0000E+00 0.0000E+00 1.1830E-07 4.61E-06 6.72E-06   0.311 1.0000 6.8603E-06   1176.360
14021.00 0.72836554 6.3159E-33 0.0000E+00 0.0000E+00 1.1550E-07 1.1550E-07 0.0000E+00 0.0000E+00 1.1550E-07 4.47E-06 6.56E-06   0.317 1.0000 6.7046E-06   1175.415
14031.00 0.73483890 5.8401E-33 0.0000E+00 0.0000E+00 1.1792E-07 1.1792E-07 0.0000E+00 0.0000E+00 1.1792E-07 4.59E-06 6.66E-06   0.308 1.0000 6.8054E-06   1177.526
14041.00 0.73275381 5.5907E-33 0.0000E+00 0.0000E+00 1.1773E-07 1.1773E-07 0.0000E+00 0.0000E+00 1.1773E-07 4.56E-06 6.65E-06   0.311 1.0000 6.7943E-06   1178.111
14051.00 0.73442286 5.2806E-33 0.0000E+00 0.0000E+00 1.1790E-07 1.1790E-07 0.0000E+00 0.0000E+00 1.1790E-07 4.57E-06 6.64E-06   0.309 1.0000 6.7860E-06   1178.902
14061.00 0.73036993 5.1106E-33 0.0000E+00 0.0000E+00 1.1804E-07 1.1804E-07 0.0000E+00 0.0000E+00 1.1804E-07 4.55E-06 6.66E-06   0.314 1.0000 6.8011E-06   1179.672
14071.00 0.72818661 4.9013E-33 0.0000E+00 0.0000E+00 1.1999E-07 1.1999E-07 0.0000E+00 0.0000E+00 1.1999E-07 4.61E-06 6.77E-06   0.317 1.0000 6.9130E-06   1181.492
14081.00 0.72616374 4.7007E-33 0.0000E+00 0.0000E+00 1.2017E-07 1.2017E-07 0.0000E+00 0.0000E+00 1.2017E-07 4.60E-06 6.77E-06   0.320 1.0000 6.9222E-06   1182.289
14091.00 0.72924495 4.4169E-33 0.0000E+00 0.0000E+00 1.1932E-07 1.1932E-07 0.0000E+00 0.0000E+00 1.1932E-07 4.57E-06 6.70E-06   0.316 1.0000 6.8480E-06   1182.494
14101.00 0.72595364 4.2494E-33 0.0000E+00 0.0000E+00 1.1784E-07 1.1784E-07 0.0000E+00 0.0000E+00 1.1784E-07 4.49E-06 6.62E-06   0.320 1.0000 6.7686E-06   1182.326
14111.00 0.73060888 3.9592E-33 0.0000E+00 0.0000E+00 1.1788E-07 1.1788E-07 0.0000E+00 0.0000E+00 1.1788E-07 4.51E-06 6.59E-06   0.314 1.0000 6.7405E-06   1183.039
14121.00 0.71776646 3.9656E-33 0.0000E+00 0.0000E+00 1.2042E-07 1.2042E-07 0.0000E+00 0.0000E+00 1.2042E-07 4.54E-06 6.78E-06   0.332 1.0000 6.9338E-06   1185.206
14131.00 0.72117287 3.7241E-33 0.0000E+00 0.0000E+00 1.2049E-07 1.2049E-07 0.0000E+00 0.0000E+00 1.2049E-07 4.55E-06 6.76E-06   0.327 1.0000 6.9114E-06   1185.936
14141.00 0.72570306 3.4715E-33 0.0000E+00 0.0000E+00 1.1678E-07 1.1678E-07 0.0000E+00 0.0000E+00 1.1678E-07 4.42E-06 6.52E-06   0.321 1.0000 6.6690E-06   1184.470
14151.00 0.71457523 3.4460E-33 0.0000E+00 0.0000E+00 1.1901E-07 1.1901E-07 0.0000E+00 0.0000E+00 1.1901E-07 4.45E-06 6.69E-06   0.336 1.0000 6.8364E-06   1186.464
14161.00 0.71490622 3.2631E-33 0.0000E+00 0.0000E+00 1.1901E-07 1.1901E-07 0.0000E+00 0.0000E+00 1.1901E-07 4.45E-06 6.68E-06   0.336 1.0000 6.8263E-06   1187.159
14171.00 0.70876366 3.1667E-33 0.0000E+00 0.0000E+00 1.1861E-07 1.1861E-07 0.0000E+00 0.0000E+00 1.1861E-07 4.40E-06 6.67E-06   0.344 1.0000 6.8218E-06   1187.616
14181.00 0.70533204 3.0577E-33 0.0000E+00 0.0000E+00 1.2017E-07 1.2017E-07 0.0000E+00 0.0000E+00 1.2017E-07 4.44E-06 6.76E-06   0.349 1.0000 6.9162E-06   1189.212
14191.00 0.72275752 2.7255E-33 0.0000E+00 0.0000E+00 1.2150E-07 1.2150E-07 0.0000E+00 0.0000E+00 1.2150E-07 4.55E-06 6.75E-06   0.325 1.0000 6.9005E-06   1190.671
14201.00 0.69403011 2.8377E-33 0.0000E+00 0.0000E+00 1.1764E-07 1.1764E-07 0.0000E+00 0.0000E+00 1.1764E-07 4.29E-06 6.65E-06   0.365 1.0000 6.8083E-06   1189.121
14211.00 0.72351021 2.4451E-33 0.0000E+00 0.0000E+00 1.2012E-07 1.2012E-07 0.0000E+00 0.0000E+00 1.2012E-07 4.49E-06 6.65E-06   0.324 1.0000 6.7993E-06   1191.260
14221.00 0.70546806 2.4684E-33 0.0000E+00 0.0000E+00 1.1879E-07 1.1879E-07 0.0000E+00 0.0000E+00 1.1879E-07 4.36E-06 6.65E-06   0.349 1.0000 6.7995E-06   1191.177
14231.00 0.68185800 2.5313E-33 0.0000E+00 0.0000E+00 1.1508E-07 1.1508E-07 0.0000E+00 0.0000E+00 1.1508E-07 4.13E-06 6.54E-06   0.383 1.0000 6.6909E-06   1189.674
14241.00 0.69593948 2.3071E-33 0.0000E+00 0.0000E+00 1.1726E-07 1.1726E-07 0.0000E+00 0.0000E+00 1.1726E-07 4.26E-06 6.58E-06   0.362 1.0000 6.7352E-06   1191.666
14251.00 0.68627155 2.2611E-33 0.0000E+00 0.0000E+00 1.1406E-07 1.1406E-07 0.0000E+00 0.0000E+00 1.1406E-07 4.10E-06 6.43E-06   0.376 1.0000 6.5845E-06   1190.439
14261.00 0.69815040 2.0876E-33 0.0000E+00 0.0000E+00 1.1822E-07 1.1822E-07 0.0000E+00 0.0000E+00 1.1822E-07 4.28E-06 6.60E-06   0.359 1.0000 6.7582E-06   1193.608
14271.00 0.67444533 2.1249E-33 0.0000E+00 0.0000E+00 1.1566E-07 1.1566E-07 0.0000E+00 0.0000E+00 1.1566E-07 4.09E-06 6.56E-06   0.394 1.0000 6.7184E-06   1192.784
14281.00 0.69489330 1.8877E-33 0.0000E+00 0.0000E+00 1.1758E-07 1.1758E-07 0.0000E+00 0.0000E+00 1.1758E-07 4.23E-06 6.57E-06   0.364 1.0000 6.7221E-06   1194.612
 -9999.
