T F 2    2    2    0    2    2    2    2    2    2    1    0    0   0.0000.00000
    1    1    1    0    0    0   5.00000   0.00000   0.00000   0.00000   0.00000
 -99.000 -99.000 -99.000
 -99.00000 -99.00000 -99.00000  2.922360  0.000710 ! H2O & O3 COLUMNS [GM/CM2]
   36MID-LATITUDE SUMMER 
  20.00000  15.00000 104.56131  20.00069   0.17368   0.00000    0        0.00000
    0    0  172    0
   0.00000   0.00000   0.00000  70.00331   0.00000 180.00000   0.00000   0.00000
    9091.0   14286.0      10.0      10.0NW              
    0   0    0.000  0    0.000  0    1.000
    FREQ  TOT_TRANS  PTH_THRML  THRML_SCT  SURF_EMIS   SOL_SCAT  SING_SCAT  GRND_RFLT  DRCT_RFLT  TOTAL_RAD  REF_SOL  SOL@OBS   DEPTH DIR_EM    TOA_SUN BBODY_T[K]
 9091.00 0.99565315 2.5004E-29 0.0000E+00 0.0000E+00 2.1288E-09 2.1288E-09 0.0000E+00 0.0000E+00 2.1288E-09 6.85E-06 6.90E-06   0.004 1.0000 6.9214E-06    658.724
 9101.00 0.99566764 2.3412E-29 0.0000E+00 0.0000E+00 2.0840E-09 2.0840E-09 0.0000E+00 0.0000E+00 2.0840E-09 6.68E-06 6.73E-06   0.004 1.0000 6.7529E-06    658.633
 9111.00 0.99566305 2.2007E-29 0.0000E+00 0.0000E+00 2.0965E-09 2.0965E-09 0.0000E+00 0.0000E+00 2.0965E-09 6.70E-06 6.75E-06   0.004 1.0000 6.7702E-06    659.446
 9121.00 0.99564230 2.0755E-29 0.0000E+00 0.0000E+00 2.0994E-09 2.0994E-09 0.0000E+00 0.0000E+00 2.0994E-09 6.69E-06 6.74E-06   0.004 1.0000 6.7570E-06    660.107
 9131.00 0.99561346 1.9613E-29 0.0000E+00 0.0000E+00 2.0941E-09 2.0941E-09 0.0000E+00 0.0000E+00 2.0941E-09 6.65E-06 6.70E-06   0.004 1.0000 6.7175E-06    660.637
 9141.00 0.99561793 1.8403E-29 0.0000E+00 0.0000E+00 2.0157E-09 2.0157E-09 0.0000E+00 0.0000E+00 2.0157E-09 6.38E-06 6.43E-06   0.004 1.0000 6.4440E-06    659.985
 9151.00 0.99556547 1.7472E-29 0.0000E+00 0.0000E+00 2.1534E-09 2.1534E-09 0.0000E+00 0.0000E+00 2.1534E-09 6.79E-06 6.84E-06   0.004 1.0000 6.8615E-06    662.796
 9161.00 0.99558818 1.6332E-29 0.0000E+00 0.0000E+00 2.1836E-09 2.1836E-09 0.0000E+00 0.0000E+00 2.1836E-09 6.86E-06 6.91E-06   0.004 1.0000 6.9345E-06    663.877
 9171.00 0.99555105 1.5456E-29 0.0000E+00 0.0000E+00 2.2078E-09 2.2078E-09 0.0000E+00 0.0000E+00 2.2078E-09 6.91E-06 6.97E-06   0.004 1.0000 6.9883E-06    664.860
 9181.00 0.99554586 1.4532E-29 0.0000E+00 0.0000E+00 2.1788E-09 2.1788E-09 0.0000E+00 0.0000E+00 2.1788E-09 6.80E-06 6.85E-06   0.004 1.0000 6.8738E-06    665.033
 9191.00 0.99553323 1.3682E-29 0.0000E+00 0.0000E+00 2.1796E-09 2.1796E-09 0.0000E+00 0.0000E+00 2.1796E-09 6.78E-06 6.83E-06   0.004 1.0000 6.8531E-06    665.660
 9201.00 0.99549615 1.2946E-29 0.0000E+00 0.0000E+00 2.1633E-09 2.1633E-09 0.0000E+00 0.0000E+00 2.1633E-09 6.71E-06 6.76E-06   0.005 1.0000 6.7792E-06    666.024
 9211.00 0.99547315 1.2217E-29 0.0000E+00 0.0000E+00 2.2500E-09 2.2500E-09 0.0000E+00 0.0000E+00 2.2500E-09 6.95E-06 7.01E-06   0.005 1.0000 7.0277E-06    667.959
 9221.00 0.99546170 1.1497E-29 0.0000E+00 0.0000E+00 2.2387E-09 2.2387E-09 0.0000E+00 0.0000E+00 2.2387E-09 6.89E-06 6.95E-06   0.005 1.0000 6.9689E-06    668.404
 9231.00 0.99543238 1.0861E-29 0.0000E+00 0.0000E+00 2.1901E-09 2.1901E-09 0.0000E+00 0.0000E+00 2.1901E-09 6.72E-06 6.77E-06   0.005 1.0000 6.7955E-06    668.281
 9241.00 0.99540937 1.0245E-29 0.0000E+00 0.0000E+00 2.1938E-09 2.1938E-09 0.0000E+00 0.0000E+00 2.1938E-09 6.71E-06 6.76E-06   0.005 1.0000 6.7842E-06    668.953
 9251.00 0.99537152 9.6929E-30 0.0000E+00 0.0000E+00 2.2388E-09 2.2388E-09 0.0000E+00 0.0000E+00 2.2388E-09 6.82E-06 6.88E-06   0.005 1.0000 6.9007E-06    670.252
 9261.00 0.99533522 9.1665E-30 0.0000E+00 0.0000E+00 2.2767E-09 2.2767E-09 0.0000E+00 0.0000E+00 2.2767E-09 6.92E-06 6.97E-06   0.005 1.0000 6.9947E-06    671.434
 9271.00 0.99529588 8.6729E-30 0.0000E+00 0.0000E+00 2.2455E-09 2.2455E-09 0.0000E+00 0.0000E+00 2.2455E-09 6.80E-06 6.86E-06   0.005 1.0000 6.8762E-06    671.583
 9281.00 0.99523664 8.2367E-30 0.0000E+00 0.0000E+00 2.3042E-09 2.3042E-09 0.0000E+00 0.0000E+00 2.3042E-09 6.95E-06 7.01E-06   0.005 1.0000 7.0330E-06    673.072
 9291.00 0.99517608 7.8224E-30 0.0000E+00 0.0000E+00 2.3054E-09 2.3054E-09 0.0000E+00 0.0000E+00 2.3054E-09 6.93E-06 6.99E-06   0.005 1.0000 7.0135E-06    673.705
 9301.00 0.99509597 7.4544E-30 0.0000E+00 0.0000E+00 2.2635E-09 2.2635E-09 0.0000E+00 0.0000E+00 2.2635E-09 6.78E-06 6.84E-06   0.005 1.0000 6.8637E-06    673.698
 9311.00 0.99499875 7.1243E-30 0.0000E+00 0.0000E+00 2.3109E-09 2.3109E-09 0.0000E+00 0.0000E+00 2.3109E-09 6.90E-06 6.96E-06   0.005 1.0000 6.9849E-06    675.016
 9321.00 0.99487823 6.8342E-30 0.0000E+00 0.0000E+00 2.2855E-09 2.2855E-09 0.0000E+00 0.0000E+00 2.2855E-09 6.80E-06 6.86E-06   0.005 1.0000 6.8861E-06    675.256
 9331.00 0.99472469 6.5903E-30 0.0000E+00 0.0000E+00 2.3340E-09 2.3340E-09 0.0000E+00 0.0000E+00 2.3340E-09 6.92E-06 6.99E-06   0.005 1.0000 7.0103E-06    676.587
 9341.00 0.99457133 6.3492E-30 0.0000E+00 0.0000E+00 2.3310E-09 2.3310E-09 0.0000E+00 0.0000E+00 2.3310E-09 6.89E-06 6.96E-06   0.005 1.0000 6.9794E-06    677.158
 9351.00 0.99437225 6.1587E-30 0.0000E+00 0.0000E+00 2.2466E-09 2.2466E-09 0.0000E+00 0.0000E+00 2.2466E-09 6.62E-06 6.68E-06   0.006 1.0000 6.7060E-06    676.516
 9361.00 0.99392515 6.2076E-30 0.0000E+00 0.0000E+00 2.3230E-09 2.3230E-09 0.0000E+00 0.0000E+00 2.3230E-09 6.82E-06 6.89E-06   0.006 1.0000 6.9146E-06    678.270
 9371.00 0.99393976 5.8161E-30 0.0000E+00 0.0000E+00 2.3616E-09 2.3616E-09 0.0000E+00 0.0000E+00 2.3616E-09 6.91E-06 6.98E-06   0.006 1.0000 7.0062E-06    679.449
 9381.00 0.99390143 5.4887E-30 0.0000E+00 0.0000E+00 2.3580E-09 2.3580E-09 0.0000E+00 0.0000E+00 2.3580E-09 6.88E-06 6.95E-06   0.006 1.0000 6.9727E-06    680.012
 9391.00 0.99390632 5.1526E-30 0.0000E+00 0.0000E+00 2.4063E-09 2.4063E-09 0.0000E+00 0.0000E+00 2.4063E-09 6.99E-06 7.07E-06   0.006 1.0000 7.0927E-06    681.324
 9401.00 0.99400461 4.7675E-30 0.0000E+00 0.0000E+00 2.3962E-09 2.3962E-09 0.0000E+00 0.0000E+00 2.3962E-09 6.94E-06 7.01E-06   0.006 1.0000 7.0394E-06    681.795
 9411.00 0.99415898 4.3691E-30 0.0000E+00 0.0000E+00 2.3985E-09 2.3985E-09 0.0000E+00 0.0000E+00 2.3985E-09 6.93E-06 7.00E-06   0.006 1.0000 7.0221E-06    682.444
 9421.00 0.99423456 4.0537E-30 0.0000E+00 0.0000E+00 2.4007E-09 2.4007E-09 0.0000E+00 0.0000E+00 2.4007E-09 6.91E-06 6.98E-06   0.006 1.0000 7.0055E-06    683.091
 9431.00 0.99427575 3.7825E-30 0.0000E+00 0.0000E+00 2.3956E-09 2.3956E-09 0.0000E+00 0.0000E+00 2.3956E-09 6.88E-06 6.94E-06   0.006 1.0000 6.9676E-06    683.632
 9441.00 0.99432760 3.5237E-30 0.0000E+00 0.0000E+00 2.3965E-09 2.3965E-09 0.0000E+00 0.0000E+00 2.3965E-09 6.86E-06 6.92E-06   0.006 1.0000 6.9484E-06    684.261
 9451.00 0.99440992 3.2664E-30 0.0000E+00 0.0000E+00 2.4135E-09 2.4135E-09 0.0000E+00 0.0000E+00 2.4135E-09 6.89E-06 6.95E-06   0.006 1.0000 6.9764E-06    685.121
 9461.00 0.99450117 3.0232E-30 0.0000E+00 0.0000E+00 2.4596E-09 2.4596E-09 0.0000E+00 0.0000E+00 2.4596E-09 7.00E-06 7.07E-06   0.006 1.0000 7.0891E-06    686.390
 9471.00 0.99458551 2.8007E-30 0.0000E+00 0.0000E+00 2.4672E-09 2.4672E-09 0.0000E+00 0.0000E+00 2.4672E-09 7.00E-06 7.07E-06   0.005 1.0000 7.0904E-06    687.113
 9481.00 0.99464285 2.6059E-30 0.0000E+00 0.0000E+00 2.4723E-09 2.4723E-09 0.0000E+00 0.0000E+00 2.4723E-09 7.00E-06 7.06E-06   0.005 1.0000 7.0848E-06    687.800
 9491.00 0.99466610 2.4387E-30 0.0000E+00 0.0000E+00 2.4591E-09 2.4591E-09 0.0000E+00 0.0000E+00 2.4591E-09 6.94E-06 7.00E-06   0.005 1.0000 7.0271E-06    688.229
 9501.00 0.99466175 2.2931E-30 0.0000E+00 0.0000E+00 2.4797E-09 2.4797E-09 0.0000E+00 0.0000E+00 2.4797E-09 6.98E-06 7.04E-06   0.005 1.0000 7.0663E-06    689.135
 9511.00 0.99470919 2.1369E-30 0.0000E+00 0.0000E+00 2.4891E-09 2.4891E-09 0.0000E+00 0.0000E+00 2.4891E-09 6.98E-06 7.05E-06   0.005 1.0000 7.0729E-06    689.881
 9521.00 0.99467546 2.0184E-30 0.0000E+00 0.0000E+00 2.4944E-09 2.4944E-09 0.0000E+00 0.0000E+00 2.4944E-09 6.98E-06 7.04E-06   0.005 1.0000 7.0689E-06    690.572
 9531.00 0.99465781 1.9034E-30 0.0000E+00 0.0000E+00 2.5066E-09 2.5066E-09 0.0000E+00 0.0000E+00 2.5066E-09 6.99E-06 7.06E-06   0.005 1.0000 7.0837E-06    691.357
 9541.00 0.99483585 1.7313E-30 0.0000E+00 0.0000E+00 2.5146E-09 2.5146E-09 0.0000E+00 0.0000E+00 2.5146E-09 7.00E-06 7.06E-06   0.005 1.0000 7.0847E-06    692.085
 9551.00 0.99484068 1.6246E-30 0.0000E+00 0.0000E+00 2.4981E-09 2.4981E-09 0.0000E+00 0.0000E+00 2.4981E-09 6.93E-06 6.99E-06   0.005 1.0000 7.0183E-06    692.470
 9561.00 0.99483919 1.5263E-30 0.0000E+00 0.0000E+00 2.4785E-09 2.4785E-09 0.0000E+00 0.0000E+00 2.4785E-09 6.86E-06 6.92E-06   0.005 1.0000 6.9440E-06    692.811
 9571.00 0.99484795 1.4308E-30 0.0000E+00 0.0000E+00 2.5319E-09 2.5319E-09 0.0000E+00 0.0000E+00 2.5319E-09 6.99E-06 7.05E-06   0.005 1.0000 7.0733E-06    694.171
 9581.00 0.99485278 1.3422E-30 0.0000E+00 0.0000E+00 2.5426E-09 2.5426E-09 0.0000E+00 0.0000E+00 2.5426E-09 7.00E-06 7.06E-06   0.005 1.0000 7.0833E-06    694.934
 9591.00 0.99484915 1.2611E-30 0.0000E+00 0.0000E+00 2.5328E-09 2.5328E-09 0.0000E+00 0.0000E+00 2.5328E-09 6.95E-06 7.01E-06   0.005 1.0000 7.0362E-06    695.414
 9601.00 0.99483639 1.1868E-30 0.0000E+00 0.0000E+00 2.5631E-09 2.5631E-09 0.0000E+00 0.0000E+00 2.5631E-09 7.01E-06 7.08E-06   0.005 1.0000 7.1006E-06    696.446
 9611.00 0.99481452 1.1188E-30 0.0000E+00 0.0000E+00 2.5551E-09 2.5551E-09 0.0000E+00 0.0000E+00 2.5551E-09 6.97E-06 7.03E-06   0.005 1.0000 7.0589E-06    696.952
 9621.00 0.99479693 1.0538E-30 0.0000E+00 0.0000E+00 2.5605E-09 2.5605E-09 0.0000E+00 0.0000E+00 2.5605E-09 6.97E-06 7.03E-06   0.005 1.0000 7.0542E-06    697.641
 9631.00 0.99480146 9.8867E-31 0.0000E+00 0.0000E+00 2.5659E-09 2.5659E-09 0.0000E+00 0.0000E+00 2.5659E-09 6.96E-06 7.03E-06   0.005 1.0000 7.0494E-06    698.332
 9641.00 0.99474460 9.3777E-31 0.0000E+00 0.0000E+00 2.5562E-09 2.5562E-09 0.0000E+00 0.0000E+00 2.5562E-09 6.92E-06 6.98E-06   0.005 1.0000 7.0036E-06    698.814
 9651.00 0.99479109 8.7345E-31 0.0000E+00 0.0000E+00 2.6024E-09 2.6024E-09 0.0000E+00 0.0000E+00 2.6024E-09 7.02E-06 7.09E-06   0.005 1.0000 7.1097E-06    700.061
 9661.00 0.99480224 8.1837E-31 0.0000E+00 0.0000E+00 2.5789E-09 2.5789E-09 0.0000E+00 0.0000E+00 2.5789E-09 6.94E-06 7.00E-06   0.005 1.0000 7.0258E-06    700.356
 9671.00 0.99479181 7.6984E-31 0.0000E+00 0.0000E+00 2.5867E-09 2.5867E-09 0.0000E+00 0.0000E+00 2.5867E-09 6.94E-06 7.00E-06   0.005 1.0000 7.0276E-06    701.079
 9681.00 0.99478102 7.2424E-31 0.0000E+00 0.0000E+00 2.5867E-09 2.5867E-09 0.0000E+00 0.0000E+00 2.5867E-09 6.92E-06 6.98E-06   0.005 1.0000 7.0080E-06    701.693
 9691.00 0.99476933 6.8143E-31 0.0000E+00 0.0000E+00 2.6308E-09 2.6308E-09 0.0000E+00 0.0000E+00 2.6308E-09 7.02E-06 7.08E-06   0.005 1.0000 7.1079E-06    702.907
 9701.00 0.99475741 6.4117E-31 0.0000E+00 0.0000E+00 2.6344E-09 2.6344E-09 0.0000E+00 0.0000E+00 2.6344E-09 7.01E-06 7.07E-06   0.005 1.0000 7.0980E-06    703.571
 9711.00 0.99474496 6.0334E-31 0.0000E+00 0.0000E+00 2.6359E-09 2.6359E-09 0.0000E+00 0.0000E+00 2.6359E-09 6.99E-06 7.06E-06   0.005 1.0000 7.0827E-06    704.208
 9721.00 0.99473172 5.6782E-31 0.0000E+00 0.0000E+00 2.6454E-09 2.6454E-09 0.0000E+00 0.0000E+00 2.6454E-09 7.00E-06 7.06E-06   0.005 1.0000 7.0883E-06    704.950
 9731.00 0.99471813 5.3440E-31 0.0000E+00 0.0000E+00 2.6676E-09 2.6676E-09 0.0000E+00 0.0000E+00 2.6676E-09 7.04E-06 7.10E-06   0.005 1.0000 7.1280E-06    705.862
 9741.00 0.99470586 5.0284E-31 0.0000E+00 0.0000E+00 2.6700E-09 2.6700E-09 0.0000E+00 0.0000E+00 2.6700E-09 7.03E-06 7.09E-06   0.005 1.0000 7.1148E-06    706.510
 9751.00 0.99469221 4.7326E-31 0.0000E+00 0.0000E+00 2.6814E-09 2.6814E-09 0.0000E+00 0.0000E+00 2.6814E-09 7.04E-06 7.10E-06   0.005 1.0000 7.1256E-06    707.278
 9761.00 0.99467760 4.4548E-31 0.0000E+00 0.0000E+00 2.6837E-09 2.6837E-09 0.0000E+00 0.0000E+00 2.6837E-09 7.02E-06 7.09E-06   0.005 1.0000 7.1121E-06    707.924
 9771.00 0.99466205 4.1941E-31 0.0000E+00 0.0000E+00 2.6957E-09 2.6957E-09 0.0000E+00 0.0000E+00 2.6957E-09 7.03E-06 7.10E-06   0.005 1.0000 7.1242E-06    708.699
 9781.00 0.99465013 3.9460E-31 0.0000E+00 0.0000E+00 2.6730E-09 2.6730E-09 0.0000E+00 0.0000E+00 2.6730E-09 6.96E-06 7.02E-06   0.005 1.0000 7.0450E-06    709.012
 9791.00 0.99463576 3.7142E-31 0.0000E+00 0.0000E+00 2.6779E-09 2.6779E-09 0.0000E+00 0.0000E+00 2.6779E-09 6.95E-06 7.01E-06   0.005 1.0000 7.0386E-06    709.693
 9801.00 0.99462050 3.4965E-31 0.0000E+00 0.0000E+00 2.6917E-09 2.6917E-09 0.0000E+00 0.0000E+00 2.6917E-09 6.97E-06 7.03E-06   0.005 1.0000 7.0554E-06    710.492
 9811.00 0.99460346 3.2926E-31 0.0000E+00 0.0000E+00 2.6698E-09 2.6698E-09 0.0000E+00 0.0000E+00 2.6698E-09 6.89E-06 6.95E-06   0.005 1.0000 6.9787E-06    710.815
 9821.00 0.99459165 3.0976E-31 0.0000E+00 0.0000E+00 2.7092E-09 2.7092E-09 0.0000E+00 0.0000E+00 2.7092E-09 6.97E-06 7.04E-06   0.005 1.0000 7.0623E-06    711.956
 9831.00 0.99457544 2.9164E-31 0.0000E+00 0.0000E+00 2.7222E-09 2.7222E-09 0.0000E+00 0.0000E+00 2.7222E-09 6.99E-06 7.05E-06   0.005 1.0000 7.0767E-06    712.742
 9841.00 0.99456024 2.7453E-31 0.0000E+00 0.0000E+00 2.7215E-09 2.7215E-09 0.0000E+00 0.0000E+00 2.7215E-09 6.96E-06 7.03E-06   0.005 1.0000 7.0554E-06    713.348
 9851.00 0.99454451 2.5845E-31 0.0000E+00 0.0000E+00 2.7274E-09 2.7274E-09 0.0000E+00 0.0000E+00 2.7274E-09 6.96E-06 7.03E-06   0.005 1.0000 7.0514E-06    714.042
 9861.00 0.99452996 2.4325E-31 0.0000E+00 0.0000E+00 2.7550E-09 2.7550E-09 0.0000E+00 0.0000E+00 2.7550E-09 7.01E-06 7.08E-06   0.005 1.0000 7.1034E-06    715.020
 9871.00 0.99451393 2.2901E-31 0.0000E+00 0.0000E+00 2.7653E-09 2.7653E-09 0.0000E+00 0.0000E+00 2.7653E-09 7.02E-06 7.08E-06   0.006 1.0000 7.1106E-06    715.770
 9881.00 0.99449646 2.1565E-31 0.0000E+00 0.0000E+00 2.7736E-09 2.7736E-09 0.0000E+00 0.0000E+00 2.7736E-09 7.02E-06 7.09E-06   0.006 1.0000 7.1125E-06    716.494
 9891.00 0.99448282 2.0293E-31 0.0000E+00 0.0000E+00 2.7820E-09 2.7820E-09 0.0000E+00 0.0000E+00 2.7820E-09 7.02E-06 7.09E-06   0.006 1.0000 7.1147E-06    717.218
 9901.00 0.99446261 1.9117E-31 0.0000E+00 0.0000E+00 2.7954E-09 2.7954E-09 0.0000E+00 0.0000E+00 2.7954E-09 7.04E-06 7.10E-06   0.006 1.0000 7.1297E-06    718.008
 9911.00 0.99444497 1.8003E-31 0.0000E+00 0.0000E+00 2.7952E-09 2.7952E-09 0.0000E+00 0.0000E+00 2.7952E-09 7.02E-06 7.08E-06   0.006 1.0000 7.1100E-06    718.621
 9921.00 0.99443245 1.6937E-31 0.0000E+00 0.0000E+00 2.8055E-09 2.8055E-09 0.0000E+00 0.0000E+00 2.8055E-09 7.02E-06 7.09E-06   0.006 1.0000 7.1166E-06    719.369
 9931.00 0.99441636 1.5945E-31 0.0000E+00 0.0000E+00 2.7967E-09 2.7967E-09 0.0000E+00 0.0000E+00 2.7967E-09 6.98E-06 7.05E-06   0.006 1.0000 7.0750E-06    719.870
 9941.00 0.99439764 1.5017E-31 0.0000E+00 0.0000E+00 2.7113E-09 2.7113E-09 0.0000E+00 0.0000E+00 2.7113E-09 6.75E-06 6.81E-06   0.006 1.0000 6.8405E-06    719.362
 9951.00 0.99438220 1.4135E-31 0.0000E+00 0.0000E+00 2.6615E-09 2.6615E-09 0.0000E+00 0.0000E+00 2.6615E-09 6.61E-06 6.67E-06   0.006 1.0000 6.6965E-06    719.307
 9961.00 0.99436140 1.3318E-31 0.0000E+00 0.0000E+00 2.7979E-09 2.7979E-09 0.0000E+00 0.0000E+00 2.7979E-09 6.93E-06 6.99E-06   0.006 1.0000 7.0208E-06    721.732
 9971.00 0.99434406 1.2540E-31 0.0000E+00 0.0000E+00 2.8329E-09 2.8329E-09 0.0000E+00 0.0000E+00 2.8329E-09 6.99E-06 7.06E-06   0.006 1.0000 7.0893E-06    722.799
 9981.00 0.99432063 1.1819E-31 0.0000E+00 0.0000E+00 2.8628E-09 2.8628E-09 0.0000E+00 0.0000E+00 2.8628E-09 7.05E-06 7.12E-06   0.006 1.0000 7.1451E-06    723.798
 9991.00 0.99430549 1.1125E-31 0.0000E+00 0.0000E+00 2.8680E-09 2.8680E-09 0.0000E+00 0.0000E+00 2.8680E-09 7.04E-06 7.11E-06   0.006 1.0000 7.1388E-06    724.479
10001.00 0.99428427 1.0481E-31 0.0000E+00 0.0000E+00 2.8613E-09 2.8613E-09 0.0000E+00 0.0000E+00 2.8613E-09 7.01E-06 7.08E-06   0.006 1.0000 7.1031E-06    725.009
10011.00 0.99426055 9.8804E-32 0.0000E+00 0.0000E+00 2.8738E-09 2.8738E-09 0.0000E+00 0.0000E+00 2.8738E-09 7.02E-06 7.09E-06   0.006 1.0000 7.1150E-06    725.784
10021.00 0.99423331 9.3193E-32 0.0000E+00 0.0000E+00 2.8879E-09 2.8879E-09 0.0000E+00 0.0000E+00 2.8879E-09 7.03E-06 7.10E-06   0.006 1.0000 7.1310E-06    726.579
10031.00 0.99420506 8.7918E-32 0.0000E+00 0.0000E+00 2.8959E-09 2.8959E-09 0.0000E+00 0.0000E+00 2.8959E-09 7.03E-06 7.10E-06   0.006 1.0000 7.1318E-06    727.295
10041.00 0.99417061 8.3032E-32 0.0000E+00 0.0000E+00 2.8972E-09 2.8972E-09 0.0000E+00 0.0000E+00 2.8972E-09 7.02E-06 7.09E-06   0.006 1.0000 7.1164E-06    727.927
10051.00 0.99413633 7.8414E-32 0.0000E+00 0.0000E+00 2.9060E-09 2.9060E-09 0.0000E+00 0.0000E+00 2.9060E-09 7.02E-06 7.09E-06   0.006 1.0000 7.1191E-06    728.653
10061.00 0.99411374 7.3890E-32 0.0000E+00 0.0000E+00 2.9180E-09 2.9180E-09 0.0000E+00 0.0000E+00 2.9180E-09 7.03E-06 7.10E-06   0.006 1.0000 7.1296E-06    729.421
10071.00 0.99409032 6.9629E-32 0.0000E+00 0.0000E+00 2.9228E-09 2.9228E-09 0.0000E+00 0.0000E+00 2.9228E-09 7.02E-06 7.09E-06   0.006 1.0000 7.1221E-06    730.096
10081.00 0.99405086 6.5812E-32 0.0000E+00 0.0000E+00 2.9225E-09 2.9225E-09 0.0000E+00 0.0000E+00 2.9225E-09 7.00E-06 7.07E-06   0.006 1.0000 7.1031E-06    730.708
10091.00 0.99402905 6.2009E-32 0.0000E+00 0.0000E+00 2.9227E-09 2.9227E-09 0.0000E+00 0.0000E+00 2.9227E-09 6.98E-06 7.05E-06   0.006 1.0000 7.0846E-06    731.326
10101.00 0.99406165 5.7847E-32 0.0000E+00 0.0000E+00 2.9113E-09 2.9113E-09 0.0000E+00 0.0000E+00 2.9113E-09 6.94E-06 7.01E-06   0.006 1.0000 7.0367E-06    731.797
10111.00 0.99408156 5.4089E-32 0.0000E+00 0.0000E+00 2.9124E-09 2.9124E-09 0.0000E+00 0.0000E+00 2.9124E-09 6.92E-06 6.99E-06   0.006 1.0000 7.0192E-06    732.426
10121.00 0.99407476 5.0816E-32 0.0000E+00 0.0000E+00 2.9578E-09 2.9578E-09 0.0000E+00 0.0000E+00 2.9578E-09 7.01E-06 7.08E-06   0.006 1.0000 7.1091E-06    733.611
10131.00 0.99406624 4.7758E-32 0.0000E+00 0.0000E+00 2.9519E-09 2.9519E-09 0.0000E+00 0.0000E+00 2.9519E-09 6.98E-06 7.05E-06   0.006 1.0000 7.0756E-06    734.153
10141.00 0.99406058 4.4864E-32 0.0000E+00 0.0000E+00 2.9623E-09 2.9623E-09 0.0000E+00 0.0000E+00 2.9623E-09 6.98E-06 7.05E-06   0.006 1.0000 7.0813E-06    734.899
10151.00 0.99403715 4.2264E-32 0.0000E+00 0.0000E+00 2.9835E-09 2.9835E-09 0.0000E+00 0.0000E+00 2.9835E-09 7.01E-06 7.08E-06   0.006 1.0000 7.1130E-06    735.778
10161.00 0.99403185 3.9704E-32 0.0000E+00 0.0000E+00 2.9812E-09 2.9812E-09 0.0000E+00 0.0000E+00 2.9812E-09 6.99E-06 7.06E-06   0.006 1.0000 7.0884E-06    736.365
10171.00 0.99400568 3.7420E-32 0.0000E+00 0.0000E+00 2.9893E-09 2.9893E-09 0.0000E+00 0.0000E+00 2.9893E-09 6.99E-06 7.06E-06   0.006 1.0000 7.0885E-06    737.080
10181.00 0.99399060 3.5211E-32 0.0000E+00 0.0000E+00 3.0122E-09 3.0122E-09 0.0000E+00 0.0000E+00 3.0122E-09 7.02E-06 7.10E-06   0.006 1.0000 7.1238E-06    737.980
10191.00 0.99397856 3.3113E-32 0.0000E+00 0.0000E+00 3.0247E-09 3.0247E-09 0.0000E+00 0.0000E+00 3.0247E-09 7.03E-06 7.11E-06   0.006 1.0000 7.1342E-06    738.749
10201.00 0.99390924 3.1416E-32 0.0000E+00 0.0000E+00 3.0064E-09 3.0064E-09 0.0000E+00 0.0000E+00 3.0064E-09 6.97E-06 7.04E-06   0.006 1.0000 7.0727E-06    739.138
10211.00 0.99388862 2.9587E-32 0.0000E+00 0.0000E+00 2.9984E-09 2.9984E-09 0.0000E+00 0.0000E+00 2.9984E-09 6.93E-06 7.01E-06   0.006 1.0000 7.0352E-06    739.654
10221.00 0.99385279 2.7924E-32 0.0000E+00 0.0000E+00 3.0139E-09 3.0139E-09 0.0000E+00 0.0000E+00 3.0139E-09 6.95E-06 7.02E-06   0.006 1.0000 7.0526E-06    740.461
10231.00 0.99388522 2.6087E-32 0.0000E+00 0.0000E+00 3.0366E-09 3.0366E-09 0.0000E+00 0.0000E+00 3.0366E-09 6.98E-06 7.06E-06   0.006 1.0000 7.0865E-06    741.356
10241.00 0.99378151 2.4868E-32 0.0000E+00 0.0000E+00 3.0220E-09 3.0220E-09 0.0000E+00 0.0000E+00 3.0220E-09 6.93E-06 7.00E-06   0.006 1.0000 7.0343E-06    741.791
10251.00 0.99370676 2.3612E-32 0.0000E+00 0.0000E+00 3.0655E-09 3.0655E-09 0.0000E+00 0.0000E+00 3.0655E-09 7.01E-06 7.09E-06   0.006 1.0000 7.1175E-06    742.941
10261.00 0.99368221 2.2250E-32 0.0000E+00 0.0000E+00 3.0231E-09 3.0231E-09 0.0000E+00 0.0000E+00 3.0231E-09 6.90E-06 6.97E-06   0.006 1.0000 7.0004E-06    743.035
10271.00 0.99374264 2.0701E-32 0.0000E+00 0.0000E+00 3.0424E-09 3.0424E-09 0.0000E+00 0.0000E+00 3.0424E-09 6.92E-06 7.00E-06   0.006 1.0000 7.0253E-06    743.887
10281.00 0.99374700 1.9417E-32 0.0000E+00 0.0000E+00 3.0861E-09 3.0861E-09 0.0000E+00 0.0000E+00 3.0861E-09 7.00E-06 7.08E-06   0.006 1.0000 7.1074E-06    745.037
10291.00 0.99371481 1.8318E-32 0.0000E+00 0.0000E+00 3.0996E-09 3.0996E-09 0.0000E+00 0.0000E+00 3.0996E-09 7.01E-06 7.09E-06   0.006 1.0000 7.1198E-06    745.817
10301.00 0.99372178 1.7173E-32 0.0000E+00 0.0000E+00 3.0818E-09 3.0818E-09 0.0000E+00 0.0000E+00 3.0818E-09 6.95E-06 7.03E-06   0.006 1.0000 7.0598E-06    746.215
10311.00 0.99371982 1.6134E-32 0.0000E+00 0.0000E+00 3.1105E-09 3.1105E-09 0.0000E+00 0.0000E+00 3.1105E-09 7.00E-06 7.08E-06   0.006 1.0000 7.1065E-06    747.178
10321.00 0.99368614 1.5215E-32 0.0000E+00 0.0000E+00 3.1085E-09 3.1085E-09 0.0000E+00 0.0000E+00 3.1085E-09 6.98E-06 7.05E-06   0.006 1.0000 7.0834E-06    747.770
10331.00 0.99362081 1.4427E-32 0.0000E+00 0.0000E+00 3.0979E-09 3.0979E-09 0.0000E+00 0.0000E+00 3.0979E-09 6.93E-06 7.01E-06   0.006 1.0000 7.0410E-06    748.255
10341.00 0.99350071 1.3773E-32 0.0000E+00 0.0000E+00 3.1231E-09 3.1231E-09 0.0000E+00 0.0000E+00 3.1231E-09 6.97E-06 7.05E-06   0.007 1.0000 7.0807E-06    749.176
10351.00 0.99346644 1.3004E-32 0.0000E+00 0.0000E+00 3.0726E-09 3.0726E-09 0.0000E+00 0.0000E+00 3.0726E-09 6.84E-06 6.92E-06   0.007 1.0000 6.9482E-06    749.176
10361.00 0.99349141 1.2155E-32 0.0000E+00 0.0000E+00 3.1226E-09 3.1226E-09 0.0000E+00 0.0000E+00 3.1226E-09 6.93E-06 7.01E-06   0.007 1.0000 7.0420E-06    750.400
10371.00 0.99334514 1.1654E-32 0.0000E+00 0.0000E+00 3.1231E-09 3.1231E-09 0.0000E+00 0.0000E+00 3.1231E-09 6.91E-06 6.99E-06   0.007 1.0000 7.0259E-06    751.021
10381.00 0.99345112 1.0776E-32 0.0000E+00 0.0000E+00 3.1336E-09 3.1336E-09 0.0000E+00 0.0000E+00 3.1336E-09 6.92E-06 7.00E-06   0.007 1.0000 7.0297E-06    751.763
10391.00 0.99322033 1.0451E-32 0.0000E+00 0.0000E+00 3.1344E-09 3.1344E-09 0.0000E+00 0.0000E+00 3.1344E-09 6.90E-06 6.98E-06   0.007 1.0000 7.0152E-06    752.387
10401.00 0.99341935 9.5369E-33 0.0000E+00 0.0000E+00 3.1886E-09 3.1886E-09 0.0000E+00 0.0000E+00 3.1886E-09 7.00E-06 7.08E-06   0.007 1.0000 7.1156E-06    753.652
10411.00 0.99326682 9.1503E-33 0.0000E+00 0.0000E+00 3.1485E-09 3.1485E-09 0.0000E+00 0.0000E+00 3.1485E-09 6.90E-06 6.98E-06   0.007 1.0000 7.0090E-06    753.786
10421.00 0.99316382 8.7091E-33 0.0000E+00 0.0000E+00 3.2016E-09 3.2016E-09 0.0000E+00 0.0000E+00 3.2016E-09 6.99E-06 7.08E-06   0.007 1.0000 7.1097E-06    755.036
10431.00 0.99318159 8.1581E-33 0.0000E+00 0.0000E+00 3.2185E-09 3.2185E-09 0.0000E+00 0.0000E+00 3.2185E-09 7.01E-06 7.09E-06   0.007 1.0000 7.1282E-06    755.852
10441.00 0.99324685 7.5921E-33 0.0000E+00 0.0000E+00 3.1838E-09 3.1838E-09 0.0000E+00 0.0000E+00 3.1838E-09 6.92E-06 7.00E-06   0.007 1.0000 7.0319E-06    756.054
10451.00 0.99295688 7.4124E-33 0.0000E+00 0.0000E+00 3.1949E-09 3.1949E-09 0.0000E+00 0.0000E+00 3.1949E-09 6.92E-06 7.01E-06   0.007 1.0000 7.0411E-06    756.802
10461.00 0.99297386 6.9406E-33 0.0000E+00 0.0000E+00 3.1917E-09 3.1917E-09 0.0000E+00 0.0000E+00 3.1917E-09 6.90E-06 6.98E-06   0.007 1.0000 7.0152E-06    757.378
10471.00 0.99282330 6.6423E-33 0.0000E+00 0.0000E+00 3.0320E-09 3.0320E-09 0.0000E+00 0.0000E+00 3.0320E-09 6.53E-06 6.61E-06   0.007 1.0000 6.6482E-06    756.041
10481.00 0.99290276 6.1820E-33 0.0000E+00 0.0000E+00 3.1692E-09 3.1692E-09 0.0000E+00 0.0000E+00 3.1692E-09 6.81E-06 6.89E-06   0.007 1.0000 6.9292E-06    758.337
10491.00 0.99286294 5.8215E-33 0.0000E+00 0.0000E+00 3.2360E-09 3.2360E-09 0.0000E+00 0.0000E+00 3.2360E-09 6.94E-06 7.02E-06   0.007 1.0000 7.0576E-06    759.749
10501.00 0.99212003 6.0062E-33 0.0000E+00 0.0000E+00 3.2642E-09 3.2642E-09 0.0000E+00 0.0000E+00 3.2642E-09 6.97E-06 7.07E-06   0.008 1.0000 7.1082E-06    760.696
10511.00 0.99303305 5.0288E-33 0.0000E+00 0.0000E+00 3.2675E-09 3.2675E-09 0.0000E+00 0.0000E+00 3.2675E-09 6.97E-06 7.05E-06   0.007 1.0000 7.0870E-06    761.349
10521.00 0.99203527 5.3374E-33 0.0000E+00 0.0000E+00 3.2697E-09 3.2697E-09 0.0000E+00 0.0000E+00 3.2697E-09 6.95E-06 7.04E-06   0.008 1.0000 7.0837E-06    761.991
10531.00 0.99211079 4.9824E-33 0.0000E+00 0.0000E+00 3.3018E-09 3.3018E-09 0.0000E+00 0.0000E+00 3.3018E-09 7.00E-06 7.09E-06   0.008 1.0000 7.1337E-06    762.980
10541.00 0.99199039 4.7252E-33 0.0000E+00 0.0000E+00 3.3054E-09 3.3054E-09 0.0000E+00 0.0000E+00 3.3054E-09 6.99E-06 7.08E-06   0.008 1.0000 7.1238E-06    763.637
10551.00 0.99230427 4.2939E-33 0.0000E+00 0.0000E+00 3.3100E-09 3.3100E-09 0.0000E+00 0.0000E+00 3.3100E-09 6.98E-06 7.07E-06   0.008 1.0000 7.1123E-06    764.306
10561.00 0.99231315 4.0116E-33 0.0000E+00 0.0000E+00 3.3017E-09 3.3017E-09 0.0000E+00 0.0000E+00 3.3017E-09 6.94E-06 7.04E-06   0.008 1.0000 7.0759E-06    764.824
10571.00 0.99163038 4.0931E-33 0.0000E+00 0.0000E+00 3.3009E-09 3.3009E-09 0.0000E+00 0.0000E+00 3.3009E-09 6.92E-06 7.02E-06   0.008 1.0000 7.0632E-06    765.429
10581.00 0.99235862 3.5180E-33 0.0000E+00 0.0000E+00 3.2873E-09 3.2873E-09 0.0000E+00 0.0000E+00 3.2873E-09 6.88E-06 6.97E-06   0.008 1.0000 7.0083E-06    765.885
10591.00 0.99067730 4.0022E-33 0.0000E+00 0.0000E+00 3.2489E-09 3.2489E-09 0.0000E+00 0.0000E+00 3.2489E-09 6.77E-06 6.88E-06   0.009 1.0000 6.9242E-06    766.047
10601.00 0.99078733 3.6939E-33 0.0000E+00 0.0000E+00 3.2987E-09 3.2987E-09 0.0000E+00 0.0000E+00 3.2987E-09 6.86E-06 6.96E-06   0.009 1.0000 7.0103E-06    767.248
10611.00 0.99165183 3.1784E-33 0.0000E+00 0.0000E+00 3.3070E-09 3.3070E-09 0.0000E+00 0.0000E+00 3.3070E-09 6.86E-06 6.96E-06   0.008 1.0000 7.0013E-06    767.959
10621.00 0.99240226 2.7178E-33 0.0000E+00 0.0000E+00 3.1719E-09 3.1719E-09 0.0000E+00 0.0000E+00 3.1719E-09 6.57E-06 6.65E-06   0.008 1.0000 6.6904E-06    766.964
10631.00 0.99253297 2.5100E-33 0.0000E+00 0.0000E+00 3.2925E-09 3.2925E-09 0.0000E+00 0.0000E+00 3.2925E-09 6.80E-06 6.89E-06   0.007 1.0000 6.9249E-06    769.018
10641.00 0.99271721 2.3005E-33 0.0000E+00 0.0000E+00 3.3704E-09 3.3704E-09 0.0000E+00 0.0000E+00 3.3704E-09 6.94E-06 7.03E-06   0.007 1.0000 7.0679E-06    770.538
10651.00 0.99160594 2.4599E-33 0.0000E+00 0.0000E+00 3.3828E-09 3.3828E-09 0.0000E+00 0.0000E+00 3.3828E-09 6.94E-06 7.04E-06   0.008 1.0000 7.0860E-06    771.296
10661.00 0.99026775 2.6619E-33 0.0000E+00 0.0000E+00 3.3988E-09 3.3988E-09 0.0000E+00 0.0000E+00 3.3988E-09 6.95E-06 7.06E-06   0.010 1.0000 7.1135E-06    772.093
10671.00 0.99054259 2.4349E-33 0.0000E+00 0.0000E+00 3.4050E-09 3.4050E-09 0.0000E+00 0.0000E+00 3.4050E-09 6.95E-06 7.06E-06   0.010 1.0000 7.1053E-06    772.779
10681.00 0.99085605 2.2043E-33 0.0000E+00 0.0000E+00 3.3777E-09 3.3777E-09 0.0000E+00 0.0000E+00 3.3777E-09 6.87E-06 6.98E-06   0.009 1.0000 7.0271E-06    773.081
10691.00 0.99100053 2.0476E-33 0.0000E+00 0.0000E+00 3.3983E-09 3.3983E-09 0.0000E+00 0.0000E+00 3.3983E-09 6.90E-06 7.00E-06   0.009 1.0000 7.0496E-06    773.932
10701.00 0.98973238 2.1770E-33 0.0000E+00 0.0000E+00 3.4360E-09 3.4360E-09 0.0000E+00 0.0000E+00 3.4360E-09 6.95E-06 7.07E-06   0.010 1.0000 7.1224E-06    774.977
10711.00 0.99154443 1.6978E-33 0.0000E+00 0.0000E+00 3.4573E-09 3.4573E-09 0.0000E+00 0.0000E+00 3.4573E-09 6.99E-06 7.09E-06   0.008 1.0000 7.1299E-06    775.833
10721.00 0.99192464 1.5242E-33 0.0000E+00 0.0000E+00 3.4599E-09 3.4599E-09 0.0000E+00 0.0000E+00 3.4599E-09 6.97E-06 7.07E-06   0.008 1.0000 7.1129E-06    776.477
10731.00 0.99199671 1.4198E-33 0.0000E+00 0.0000E+00 3.4529E-09 3.4529E-09 0.0000E+00 0.0000E+00 3.4529E-09 6.94E-06 7.04E-06   0.008 1.0000 7.0795E-06    777.013
10741.00 0.99248117 1.2566E-33 0.0000E+00 0.0000E+00 3.4837E-09 3.4837E-09 0.0000E+00 0.0000E+00 3.4837E-09 6.99E-06 7.08E-06   0.008 1.0000 7.1186E-06    777.975
10751.00 0.99274200 1.1410E-33 0.0000E+00 0.0000E+00 3.4803E-09 3.4803E-09 0.0000E+00 0.0000E+00 3.4803E-09 6.97E-06 7.05E-06   0.007 1.0000 7.0904E-06    778.552
10761.00 0.99282092 1.0600E-33 0.0000E+00 0.0000E+00 3.4626E-09 3.4626E-09 0.0000E+00 0.0000E+00 3.4626E-09 6.91E-06 7.00E-06   0.007 1.0000 7.0349E-06    778.967
10771.00 0.99276441 1.0020E-33 0.0000E+00 0.0000E+00 3.5185E-09 3.5185E-09 0.0000E+00 0.0000E+00 3.5185E-09 7.01E-06 7.09E-06   0.007 1.0000 7.1304E-06    780.210
10781.00 0.99280685 9.3564E-34 0.0000E+00 0.0000E+00 3.5330E-09 3.5330E-09 0.0000E+00 0.0000E+00 3.5330E-09 7.02E-06 7.11E-06   0.007 1.0000 7.1406E-06    780.986
10791.00 0.99282217 8.7626E-34 0.0000E+00 0.0000E+00 3.4719E-09 3.4719E-09 0.0000E+00 0.0000E+00 3.4719E-09 6.88E-06 6.96E-06   0.007 1.0000 6.9990E-06    780.916
10801.00 0.99279124 8.2581E-34 0.0000E+00 0.0000E+00 3.3929E-09 3.3929E-09 0.0000E+00 0.0000E+00 3.3929E-09 6.70E-06 6.79E-06   0.007 1.0000 6.8221E-06    780.627
10811.00 0.99274218 7.7998E-34 0.0000E+00 0.0000E+00 3.4822E-09 3.4822E-09 0.0000E+00 0.0000E+00 3.4822E-09 6.86E-06 6.95E-06   0.007 1.0000 6.9842E-06    782.261
10821.00 0.99274421 7.3190E-34 0.0000E+00 0.0000E+00 3.4619E-09 3.4619E-09 0.0000E+00 0.0000E+00 3.4619E-09 6.80E-06 6.89E-06   0.007 1.0000 6.9254E-06    782.645
10831.00 0.99273729 6.8759E-34 0.0000E+00 0.0000E+00 3.3364E-09 3.3364E-09 0.0000E+00 0.0000E+00 3.3364E-09 6.54E-06 6.62E-06   0.007 1.0000 6.6572E-06    781.809
10841.00 0.99271697 6.4702E-34 0.0000E+00 0.0000E+00 3.4604E-09 3.4604E-09 0.0000E+00 0.0000E+00 3.4604E-09 6.77E-06 6.85E-06   0.007 1.0000 6.8867E-06    783.857
10851.00 0.99268043 6.1016E-34 0.0000E+00 0.0000E+00 3.4469E-09 3.4469E-09 0.0000E+00 0.0000E+00 3.4469E-09 6.72E-06 6.81E-06   0.007 1.0000 6.8426E-06    784.317
10861.00 0.99269682 5.7151E-34 0.0000E+00 0.0000E+00 3.5308E-09 3.5308E-09 0.0000E+00 0.0000E+00 3.5308E-09 6.87E-06 6.96E-06   0.007 1.0000 6.9906E-06    785.879
10871.00 0.99264187 5.4012E-34 0.0000E+00 0.0000E+00 3.5904E-09 3.5904E-09 0.0000E+00 0.0000E+00 3.5904E-09 6.97E-06 7.06E-06   0.007 1.0000 7.0910E-06    787.156
10881.00 0.99260777 5.0912E-34 0.0000E+00 0.0000E+00 3.6204E-09 3.6204E-09 0.0000E+00 0.0000E+00 3.6204E-09 7.01E-06 7.10E-06   0.007 1.0000 7.1322E-06    788.101
10891.00 0.99250978 4.8369E-34 0.0000E+00 0.0000E+00 3.6062E-09 3.6062E-09 0.0000E+00 0.0000E+00 3.6062E-09 6.96E-06 7.05E-06   0.008 1.0000 7.0869E-06    788.560
10901.00 0.99249148 4.5526E-34 0.0000E+00 0.0000E+00 3.5864E-09 3.5864E-09 0.0000E+00 0.0000E+00 3.5864E-09 6.90E-06 6.99E-06   0.008 1.0000 7.0299E-06    788.956
10911.00 0.99252707 4.2528E-34 0.0000E+00 0.0000E+00 3.6402E-09 3.6402E-09 0.0000E+00 0.0000E+00 3.6402E-09 6.99E-06 7.08E-06   0.008 1.0000 7.1167E-06    790.163
10921.00 0.99233878 4.0856E-34 0.0000E+00 0.0000E+00 3.6614E-09 3.6614E-09 0.0000E+00 0.0000E+00 3.6614E-09 7.01E-06 7.10E-06   0.008 1.0000 7.1418E-06    791.008
10931.00 0.99250579 3.7578E-34 0.0000E+00 0.0000E+00 3.6289E-09 3.6289E-09 0.0000E+00 0.0000E+00 3.6289E-09 6.93E-06 7.02E-06   0.008 1.0000 7.0585E-06    791.268
10941.00 0.99230689 3.6123E-34 0.0000E+00 0.0000E+00 3.6996E-09 3.6996E-09 0.0000E+00 0.0000E+00 3.6996E-09 7.05E-06 7.14E-06   0.008 1.0000 7.1797E-06    792.652
10951.00 0.99231493 3.3901E-34 0.0000E+00 0.0000E+00 3.7283E-09 3.7283E-09 0.0000E+00 0.0000E+00 3.7283E-09 7.08E-06 7.18E-06   0.008 1.0000 7.2169E-06    793.576
10961.00 0.99231565 3.1805E-34 0.0000E+00 0.0000E+00 3.6523E-09 3.6523E-09 0.0000E+00 0.0000E+00 3.6523E-09 6.92E-06 7.01E-06   0.008 1.0000 7.0517E-06    793.368
10971.00 0.99235898 2.9709E-34 0.0000E+00 0.0000E+00 3.6189E-09 3.6189E-09 0.0000E+00 0.0000E+00 3.6189E-09 6.84E-06 6.93E-06   0.008 1.0000 6.9688E-06    793.616
10981.00 0.99225450 2.8235E-34 0.0000E+00 0.0000E+00 3.6879E-09 3.6879E-09 0.0000E+00 0.0000E+00 3.6879E-09 6.95E-06 7.05E-06   0.008 1.0000 7.0849E-06    794.986
10991.00 0.99224311 2.6550E-34 0.0000E+00 0.0000E+00 3.6307E-09 3.6307E-09 0.0000E+00 0.0000E+00 3.6307E-09 6.83E-06 6.92E-06   0.008 1.0000 6.9574E-06    794.975
11001.00 0.99216247 2.5159E-34 0.0000E+00 0.0000E+00 3.5947E-09 3.5947E-09 0.0000E+00 0.0000E+00 3.5947E-09 6.74E-06 6.83E-06   0.008 1.0000 6.8715E-06    795.190
11011.00 0.99211240 2.3760E-34 0.0000E+00 0.0000E+00 3.6777E-09 3.6777E-09 0.0000E+00 0.0000E+00 3.6777E-09 6.88E-06 6.97E-06   0.008 1.0000 7.0129E-06    796.718
11021.00 0.99200630 2.2586E-34 0.0000E+00 0.0000E+00 3.7633E-09 3.7633E-09 0.0000E+00 0.0000E+00 3.7633E-09 7.02E-06 7.12E-06   0.008 1.0000 7.1591E-06    798.256
11031.00 0.99215811 2.0831E-34 0.0000E+00 0.0000E+00 3.6872E-09 3.6872E-09 0.0000E+00 0.0000E+00 3.6872E-09 6.86E-06 6.96E-06   0.008 1.0000 6.9952E-06    798.050
11041.00 0.99216622 1.9536E-34 0.0000E+00 0.0000E+00 3.7862E-09 3.7862E-09 0.0000E+00 0.0000E+00 3.7862E-09 7.03E-06 7.12E-06   0.008 1.0000 7.1647E-06    799.730
11051.00 0.99214363 1.8391E-34 0.0000E+00 0.0000E+00 3.8209E-09 3.8209E-09 0.0000E+00 0.0000E+00 3.8209E-09 7.07E-06 7.17E-06   0.008 1.0000 7.2125E-06    800.712
11061.00 0.99212122 1.7313E-34 0.0000E+00 0.0000E+00 3.8234E-09 3.8234E-09 0.0000E+00 0.0000E+00 3.8234E-09 7.06E-06 7.16E-06   0.008 1.0000 7.1991E-06    801.353
11071.00 0.99196625 1.6543E-34 0.0000E+00 0.0000E+00 3.7958E-09 3.7958E-09 0.0000E+00 0.0000E+00 3.7958E-09 6.99E-06 7.09E-06   0.008 1.0000 7.1309E-06    801.677
11081.00 0.99177670 1.5876E-34 0.0000E+00 0.0000E+00 3.6959E-09 3.6959E-09 0.0000E+00 0.0000E+00 3.6959E-09 6.79E-06 6.89E-06   0.008 1.0000 6.9276E-06    801.215
11091.00 0.99179566 1.4875E-34 0.0000E+00 0.0000E+00 3.5520E-09 3.5520E-09 0.0000E+00 0.0000E+00 3.5520E-09 6.51E-06 6.60E-06   0.008 1.0000 6.6409E-06    800.232
11101.00 0.99180186 1.3947E-34 0.0000E+00 0.0000E+00 3.7183E-09 3.7183E-09 0.0000E+00 0.0000E+00 3.7183E-09 6.79E-06 6.89E-06   0.008 1.0000 6.9341E-06    802.687
11111.00 0.99175638 1.3166E-34 0.0000E+00 0.0000E+00 3.7550E-09 3.7550E-09 0.0000E+00 0.0000E+00 3.7550E-09 6.84E-06 6.94E-06   0.008 1.0000 6.9855E-06    803.698
11121.00 0.99159390 1.2583E-34 0.0000E+00 0.0000E+00 3.8543E-09 3.8543E-09 0.0000E+00 0.0000E+00 3.8543E-09 7.01E-06 7.11E-06   0.008 1.0000 7.1540E-06    805.368
11131.00 0.99177355 1.1578E-34 0.0000E+00 0.0000E+00 3.8641E-09 3.8641E-09 0.0000E+00 0.0000E+00 3.8641E-09 7.01E-06 7.11E-06   0.008 1.0000 7.1521E-06    806.087
11141.00 0.99180835 1.0822E-34 0.0000E+00 0.0000E+00 3.8503E-09 3.8503E-09 0.0000E+00 0.0000E+00 3.8503E-09 6.96E-06 7.06E-06   0.008 1.0000 7.1081E-06    806.557
11151.00 0.99179155 1.0175E-34 0.0000E+00 0.0000E+00 3.8586E-09 3.8586E-09 0.0000E+00 0.0000E+00 3.8586E-09 6.96E-06 7.06E-06   0.008 1.0000 7.1052E-06    807.258
11161.00 0.99183351 9.5025E-35 0.0000E+00 0.0000E+00 3.9385E-09 3.9385E-09 0.0000E+00 0.0000E+00 3.9385E-09 7.09E-06 7.19E-06   0.008 1.0000 7.2334E-06    808.707
11171.00 0.99185354 8.8962E-35 0.0000E+00 0.0000E+00 3.8470E-09 3.8470E-09 0.0000E+00 0.0000E+00 3.8470E-09 6.91E-06 7.00E-06   0.008 1.0000 7.0471E-06    808.365
11181.00 0.99186623 8.3348E-35 0.0000E+00 0.0000E+00 3.8637E-09 3.8637E-09 0.0000E+00 0.0000E+00 3.8637E-09 6.92E-06 7.02E-06   0.008 1.0000 7.0589E-06    809.156
11191.00 0.99185449 7.8307E-35 0.0000E+00 0.0000E+00 3.9162E-09 3.9162E-09 0.0000E+00 0.0000E+00 3.9162E-09 6.99E-06 7.09E-06   0.008 1.0000 7.1368E-06    810.320
11201.00 0.99184823 7.3534E-35 0.0000E+00 0.0000E+00 3.8392E-09 3.8392E-09 0.0000E+00 0.0000E+00 3.8392E-09 6.84E-06 6.94E-06   0.008 1.0000 6.9786E-06    810.126
11211.00 0.99183261 6.9127E-35 0.0000E+00 0.0000E+00 3.9294E-09 3.9294E-09 0.0000E+00 0.0000E+00 3.9294E-09 6.98E-06 7.08E-06   0.008 1.0000 7.1244E-06    811.687
11221.00 0.99181718 6.4989E-35 0.0000E+00 0.0000E+00 3.9596E-09 3.9596E-09 0.0000E+00 0.0000E+00 3.9596E-09 7.02E-06 7.12E-06   0.008 1.0000 7.1611E-06    812.614
11231.00 0.99179262 6.1163E-35 0.0000E+00 0.0000E+00 3.9975E-09 3.9975E-09 0.0000E+00 0.0000E+00 3.9975E-09 7.07E-06 7.17E-06   0.008 1.0000 7.2119E-06    813.620
11241.00 0.99177104 5.7543E-35 0.0000E+00 0.0000E+00 3.9685E-09 3.9685E-09 0.0000E+00 0.0000E+00 3.9685E-09 7.00E-06 7.10E-06   0.008 1.0000 7.1417E-06    813.936
11251.00 0.99175155 5.4122E-35 0.0000E+00 0.0000E+00 3.9886E-09 3.9886E-09 0.0000E+00 0.0000E+00 3.9886E-09 7.02E-06 7.12E-06   0.008 1.0000 7.1598E-06    814.758
11261.00 0.99173117 5.0907E-35 0.0000E+00 0.0000E+00 3.9655E-09 3.9655E-09 0.0000E+00 0.0000E+00 3.9655E-09 6.96E-06 7.06E-06   0.008 1.0000 7.1006E-06    815.135
11271.00 0.99171561 4.7854E-35 0.0000E+00 0.0000E+00 3.9030E-09 3.9030E-09 0.0000E+00 0.0000E+00 3.9030E-09 6.83E-06 6.93E-06   0.008 1.0000 6.9712E-06    815.098
11281.00 0.99169773 4.4997E-35 0.0000E+00 0.0000E+00 3.7832E-09 3.7832E-09 0.0000E+00 0.0000E+00 3.7832E-09 6.60E-06 6.70E-06   0.008 1.0000 6.7401E-06    814.436
11291.00 0.99168313 4.2293E-35 0.0000E+00 0.0000E+00 4.0112E-09 4.0112E-09 0.0000E+00 0.0000E+00 4.0112E-09 6.98E-06 7.08E-06   0.008 1.0000 7.1282E-06    817.449
11301.00 0.99167156 3.9736E-35 0.0000E+00 0.0000E+00 4.0240E-09 4.0240E-09 0.0000E+00 0.0000E+00 4.0240E-09 6.99E-06 7.09E-06   0.008 1.0000 7.1331E-06    818.195
11311.00 0.99165767 3.7343E-35 0.0000E+00 0.0000E+00 3.9796E-09 3.9796E-09 0.0000E+00 0.0000E+00 3.9796E-09 6.89E-06 6.99E-06   0.008 1.0000 7.0365E-06    818.353
11321.00 0.99164319 3.5098E-35 0.0000E+00 0.0000E+00 4.0385E-09 4.0385E-09 0.0000E+00 0.0000E+00 4.0385E-09 6.98E-06 7.08E-06   0.008 1.0000 7.1226E-06    819.572
11331.00 0.99162787 3.2990E-35 0.0000E+00 0.0000E+00 3.9646E-09 3.9646E-09 0.0000E+00 0.0000E+00 3.9646E-09 6.83E-06 6.93E-06   0.008 1.0000 6.9746E-06    819.426
11341.00 0.99161232 3.1010E-35 0.0000E+00 0.0000E+00 4.0414E-09 4.0414E-09 0.0000E+00 0.0000E+00 4.0414E-09 6.95E-06 7.05E-06   0.008 1.0000 7.0920E-06    820.832
11351.00 0.99159539 2.9154E-35 0.0000E+00 0.0000E+00 3.8303E-09 3.8303E-09 0.0000E+00 0.0000E+00 3.8303E-09 6.57E-06 6.66E-06   0.008 1.0000 6.7048E-06    819.236
11361.00 0.99157679 2.7415E-35 0.0000E+00 0.0000E+00 4.0597E-09 4.0597E-09 0.0000E+00 0.0000E+00 4.0597E-09 6.94E-06 7.05E-06   0.008 1.0000 7.0885E-06    822.247
11371.00 0.99155790 2.5780E-35 0.0000E+00 0.0000E+00 4.0158E-09 4.0158E-09 0.0000E+00 0.0000E+00 4.0158E-09 6.85E-06 6.95E-06   0.008 1.0000 6.9944E-06    822.412
11381.00 0.99153799 2.4246E-35 0.0000E+00 0.0000E+00 4.1224E-09 4.1224E-09 0.0000E+00 0.0000E+00 4.1224E-09 7.02E-06 7.12E-06   0.008 1.0000 7.1623E-06    824.111
11391.00 0.99151731 2.2805E-35 0.0000E+00 0.0000E+00 4.0974E-09 4.0974E-09 0.0000E+00 0.0000E+00 4.0974E-09 6.96E-06 7.06E-06   0.009 1.0000 7.1013E-06    824.474
11401.00 0.99149537 2.1453E-35 0.0000E+00 0.0000E+00 4.1182E-09 4.1182E-09 0.0000E+00 0.0000E+00 4.1182E-09 6.97E-06 7.08E-06   0.009 1.0000 7.1195E-06    825.298
11411.00 0.99147195 2.0185E-35 0.0000E+00 0.0000E+00 4.1115E-09 4.1115E-09 0.0000E+00 0.0000E+00 4.1115E-09 6.94E-06 7.05E-06   0.009 1.0000 7.0904E-06    825.845
11421.00 0.99144799 1.8993E-35 0.0000E+00 0.0000E+00 3.9985E-09 3.9985E-09 0.0000E+00 0.0000E+00 3.9985E-09 6.74E-06 6.84E-06   0.009 1.0000 6.8786E-06    825.303
11431.00 0.99142295 1.7873E-35 0.0000E+00 0.0000E+00 4.0729E-09 4.0729E-09 0.0000E+00 0.0000E+00 4.0729E-09 6.84E-06 6.95E-06   0.009 1.0000 6.9893E-06    826.682
11441.00 0.99139547 1.6825E-35 0.0000E+00 0.0000E+00 4.1057E-09 4.1057E-09 0.0000E+00 0.0000E+00 4.1057E-09 6.88E-06 6.99E-06   0.009 1.0000 7.0284E-06    827.630
11451.00 0.99136686 1.5840E-35 0.0000E+00 0.0000E+00 4.1495E-09 4.1495E-09 0.0000E+00 0.0000E+00 4.1495E-09 6.94E-06 7.04E-06   0.009 1.0000 7.0859E-06    828.686
11461.00 0.99133497 1.4918E-35 0.0000E+00 0.0000E+00 4.2067E-09 4.2067E-09 0.0000E+00 0.0000E+00 4.2067E-09 7.02E-06 7.12E-06   0.009 1.0000 7.1660E-06    829.872
11471.00 0.99129993 1.4055E-35 0.0000E+00 0.0000E+00 4.1465E-09 4.1465E-09 0.0000E+00 0.0000E+00 4.1465E-09 6.90E-06 7.00E-06   0.009 1.0000 7.0465E-06    829.884
11481.00 0.99126393 1.3243E-35 0.0000E+00 0.0000E+00 4.1813E-09 4.1813E-09 0.0000E+00 0.0000E+00 4.1813E-09 6.94E-06 7.04E-06   0.009 1.0000 7.0883E-06    830.848
11491.00 0.99123353 1.2471E-35 0.0000E+00 0.0000E+00 4.1871E-09 4.1871E-09 0.0000E+00 0.0000E+00 4.1871E-09 6.93E-06 7.04E-06   0.009 1.0000 7.0811E-06    831.521
11501.00 0.99118942 1.1759E-35 0.0000E+00 0.0000E+00 4.0959E-09 4.0959E-09 0.0000E+00 0.0000E+00 4.0959E-09 6.76E-06 6.87E-06   0.009 1.0000 6.9103E-06    831.214
11511.00 0.99116528 1.1066E-35 0.0000E+00 0.0000E+00 4.0802E-09 4.0802E-09 0.0000E+00 0.0000E+00 4.0802E-09 6.72E-06 6.82E-06   0.009 1.0000 6.8667E-06    831.668
11521.00 0.99113572 1.0420E-35 0.0000E+00 0.0000E+00 4.1051E-09 4.1051E-09 0.0000E+00 0.0000E+00 4.1051E-09 6.74E-06 6.85E-06   0.009 1.0000 6.8922E-06    832.535
11531.00 0.99109429 9.8119E-36 0.0000E+00 0.0000E+00 3.9613E-09 3.9613E-09 0.0000E+00 0.0000E+00 3.9613E-09 6.49E-06 6.59E-06   0.009 1.0000 6.6351E-06    831.660
11541.00 0.99105167 9.2518E-36 0.0000E+00 0.0000E+00 3.1583E-09 3.1583E-09 0.0000E+00 0.0000E+00 3.1583E-09 5.16E-06 5.24E-06   0.009 1.0000 5.2774E-06    822.929
11551.00 0.99100804 8.7133E-36 0.0000E+00 0.0000E+00 4.0256E-09 4.0256E-09 0.0000E+00 0.0000E+00 4.0256E-09 6.56E-06 6.66E-06   0.009 1.0000 6.7102E-06    833.558
11561.00 0.99096483 8.2171E-36 0.0000E+00 0.0000E+00 4.2383E-09 4.2383E-09 0.0000E+00 0.0000E+00 4.2383E-09 6.89E-06 7.00E-06   0.009 1.0000 7.0485E-06    836.331
11571.00 0.99091393 7.7553E-36 0.0000E+00 0.0000E+00 4.3262E-09 4.3262E-09 0.0000E+00 0.0000E+00 4.3262E-09 7.02E-06 7.13E-06   0.009 1.0000 7.1778E-06    837.809
11581.00 0.99085623 7.3245E-36 0.0000E+00 0.0000E+00 4.3082E-09 4.3082E-09 0.0000E+00 0.0000E+00 4.3082E-09 6.97E-06 7.08E-06   0.009 1.0000 7.1315E-06    838.249
11591.00 0.99080271 6.9145E-36 0.0000E+00 0.0000E+00 4.3197E-09 4.3197E-09 0.0000E+00 0.0000E+00 4.3197E-09 6.97E-06 7.08E-06   0.009 1.0000 7.1338E-06    838.976
11601.00 0.99075329 6.5246E-36 0.0000E+00 0.0000E+00 4.2591E-09 4.2591E-09 0.0000E+00 0.0000E+00 4.2591E-09 6.86E-06 6.97E-06   0.009 1.0000 7.0173E-06    838.994
11611.00 0.99070317 6.1572E-36 0.0000E+00 0.0000E+00 4.2630E-09 4.2630E-09 0.0000E+00 0.0000E+00 4.2630E-09 6.84E-06 6.96E-06   0.009 1.0000 7.0074E-06    839.647
11621.00 0.99064809 5.8132E-36 0.0000E+00 0.0000E+00 4.3148E-09 4.3148E-09 0.0000E+00 0.0000E+00 4.3148E-09 6.91E-06 7.02E-06   0.009 1.0000 7.0763E-06    840.771
11631.00 0.99058980 5.4902E-36 0.0000E+00 0.0000E+00 4.2942E-09 4.2942E-09 0.0000E+00 0.0000E+00 4.2942E-09 6.86E-06 6.97E-06   0.009 1.0000 7.0263E-06    841.183
11641.00 0.99053329 5.1838E-36 0.0000E+00 0.0000E+00 4.2974E-09 4.2974E-09 0.0000E+00 0.0000E+00 4.2974E-09 6.85E-06 6.96E-06   0.010 1.0000 7.0154E-06    841.829
11651.00 0.99048251 4.8910E-36 0.0000E+00 0.0000E+00 4.3075E-09 4.3075E-09 0.0000E+00 0.0000E+00 4.3075E-09 6.85E-06 6.96E-06   0.010 1.0000 7.0154E-06    842.542
11661.00 0.99043560 4.6127E-36 0.0000E+00 0.0000E+00 4.3947E-09 4.3947E-09 0.0000E+00 0.0000E+00 4.3947E-09 6.97E-06 7.08E-06   0.010 1.0000 7.1406E-06    844.006
11671.00 0.99039173 4.3485E-36 0.0000E+00 0.0000E+00 4.4120E-09 4.4120E-09 0.0000E+00 0.0000E+00 4.4120E-09 6.98E-06 7.09E-06   0.010 1.0000 7.1519E-06    844.787
11681.00 0.99034894 4.0988E-36 0.0000E+00 0.0000E+00 4.3496E-09 4.3496E-09 0.0000E+00 0.0000E+00 4.3496E-09 6.86E-06 6.98E-06   0.010 1.0000 7.0342E-06    844.797
11691.00 0.99030876 3.8623E-36 0.0000E+00 0.0000E+00 4.2241E-09 4.2241E-09 0.0000E+00 0.0000E+00 4.2241E-09 6.65E-06 6.76E-06   0.010 1.0000 6.8153E-06    844.169
11701.00 0.99027151 3.6381E-36 0.0000E+00 0.0000E+00 3.1715E-09 3.1715E-09 0.0000E+00 0.0000E+00 3.1715E-09 4.98E-06 5.06E-06   0.010 1.0000 5.1054E-06    832.806
11711.00 0.99023956 3.4248E-36 0.0000E+00 0.0000E+00 3.7980E-09 3.7980E-09 0.0000E+00 0.0000E+00 3.7980E-09 5.95E-06 6.05E-06   0.010 1.0000 6.0975E-06    840.910
11721.00 0.99021840 3.2203E-36 0.0000E+00 0.0000E+00 4.3323E-09 4.3323E-09 0.0000E+00 0.0000E+00 4.3323E-09 6.77E-06 6.88E-06   0.010 1.0000 6.9393E-06    847.084
11731.00 0.99020648 3.0246E-36 0.0000E+00 0.0000E+00 4.4118E-09 4.4118E-09 0.0000E+00 0.0000E+00 4.4118E-09 6.87E-06 6.99E-06   0.010 1.0000 7.0489E-06    848.472
11741.00 0.99020493 2.8375E-36 0.0000E+00 0.0000E+00 4.2936E-09 4.2936E-09 0.0000E+00 0.0000E+00 4.2936E-09 6.67E-06 6.79E-06   0.010 1.0000 6.8430E-06    847.929
11751.00 0.99021459 2.6588E-36 0.0000E+00 0.0000E+00 4.4537E-09 4.4537E-09 0.0000E+00 0.0000E+00 4.4537E-09 6.90E-06 7.02E-06   0.010 1.0000 7.0799E-06    850.104
11761.00 0.99022871 2.4901E-36 0.0000E+00 0.0000E+00 3.9548E-09 3.9548E-09 0.0000E+00 0.0000E+00 3.9548E-09 6.12E-06 6.22E-06   0.010 1.0000 6.2711E-06    845.667
11771.00 0.99024093 2.3324E-36 0.0000E+00 0.0000E+00 4.2525E-09 4.2525E-09 0.0000E+00 0.0000E+00 4.2525E-09 6.56E-06 6.67E-06   0.010 1.0000 6.7248E-06    849.359
11781.00 0.99025142 2.1852E-36 0.0000E+00 0.0000E+00 4.5264E-09 4.5264E-09 0.0000E+00 0.0000E+00 4.5264E-09 6.97E-06 7.08E-06   0.010 1.0000 7.1404E-06    852.641
11791.00 0.99025959 2.0478E-36 0.0000E+00 0.0000E+00 4.5356E-09 4.5356E-09 0.0000E+00 0.0000E+00 4.5356E-09 6.96E-06 7.08E-06   0.010 1.0000 7.1364E-06    853.342
11801.00 0.99026573 1.9195E-36 0.0000E+00 0.0000E+00 4.4450E-09 4.4450E-09 0.0000E+00 0.0000E+00 4.4450E-09 6.81E-06 6.92E-06   0.010 1.0000 6.9763E-06    853.091
11811.00 0.99026555 1.8005E-36 0.0000E+00 0.0000E+00 4.4714E-09 4.4714E-09 0.0000E+00 0.0000E+00 4.4714E-09 6.83E-06 6.95E-06   0.010 1.0000 7.0000E-06    853.959
11821.00 0.99026215 1.6894E-36 0.0000E+00 0.0000E+00 4.5556E-09 4.5556E-09 0.0000E+00 0.0000E+00 4.5556E-09 6.94E-06 7.06E-06   0.010 1.0000 7.1140E-06    855.375
11831.00 0.99025786 1.5854E-36 0.0000E+00 0.0000E+00 4.5584E-09 4.5584E-09 0.0000E+00 0.0000E+00 4.5584E-09 6.93E-06 7.05E-06   0.010 1.0000 7.1007E-06    856.015
11841.00 0.99024969 1.4884E-36 0.0000E+00 0.0000E+00 4.5198E-09 4.5198E-09 0.0000E+00 0.0000E+00 4.5198E-09 6.85E-06 6.97E-06   0.010 1.0000 7.0230E-06    856.264
11851.00 0.99023682 1.3980E-36 0.0000E+00 0.0000E+00 4.4779E-09 4.4779E-09 0.0000E+00 0.0000E+00 4.4779E-09 6.77E-06 6.89E-06   0.010 1.0000 6.9407E-06    856.477
11861.00 0.99022454 1.3131E-36 0.0000E+00 0.0000E+00 4.5768E-09 4.5768E-09 0.0000E+00 0.0000E+00 4.5768E-09 6.91E-06 7.02E-06   0.010 1.0000 7.0767E-06    858.032
11871.00 0.99020857 1.2222E-36 0.0000E+00 0.0000E+00 4.5521E-09 4.5521E-09 0.0000E+00 0.0000E+00 4.5521E-09 6.85E-06 6.97E-06   0.010 1.0000 7.0212E-06    858.413
11881.00 0.99018681 1.1491E-36 0.0000E+00 0.0000E+00 4.6050E-09 4.6050E-09 0.0000E+00 0.0000E+00 4.6050E-09 6.91E-06 7.03E-06   0.010 1.0000 7.0855E-06    859.526
11891.00 0.99016780 1.0686E-36 0.0000E+00 0.0000E+00 4.6551E-09 4.6551E-09 0.0000E+00 0.0000E+00 4.6551E-09 6.97E-06 7.09E-06   0.010 1.0000 7.1453E-06    860.609
11901.00 0.99015135 1.0041E-36 0.0000E+00 0.0000E+00 4.6321E-09 4.6321E-09 0.0000E+00 0.0000E+00 4.6321E-09 6.92E-06 7.04E-06   0.010 1.0000 7.0928E-06    861.009
11911.00 0.99012959 9.4415E-37 0.0000E+00 0.0000E+00 4.6218E-09 4.6218E-09 0.0000E+00 0.0000E+00 4.6218E-09 6.89E-06 7.01E-06   0.010 1.0000 7.0600E-06    861.526
11921.00 0.99010342 8.8811E-37 0.0000E+00 0.0000E+00 4.4964E-09 4.4964E-09 0.0000E+00 0.0000E+00 4.4964E-09 6.69E-06 6.80E-06   0.010 1.0000 6.8519E-06    860.951
11931.00 0.99007970 8.3519E-37 0.0000E+00 0.0000E+00 4.6657E-09 4.6657E-09 0.0000E+00 0.0000E+00 4.6657E-09 6.92E-06 7.04E-06   0.010 1.0000 7.0928E-06    863.165
11941.00 0.99005169 7.8580E-37 0.0000E+00 0.0000E+00 4.7081E-09 4.7081E-09 0.0000E+00 0.0000E+00 4.7081E-09 6.97E-06 7.09E-06   0.010 1.0000 7.1401E-06    864.172
11951.00 0.99002433 7.3927E-37 0.0000E+00 0.0000E+00 4.6560E-09 4.6560E-09 0.0000E+00 0.0000E+00 4.6560E-09 6.87E-06 6.99E-06   0.010 1.0000 7.0443E-06    864.303
11961.00 0.98999321 6.9574E-37 0.0000E+00 0.0000E+00 4.7092E-09 4.7092E-09 0.0000E+00 0.0000E+00 4.7092E-09 6.93E-06 7.05E-06   0.010 1.0000 7.1078E-06    865.411
11971.00 0.98996753 6.5442E-37 0.0000E+00 0.0000E+00 4.7090E-09 4.7090E-09 0.0000E+00 0.0000E+00 4.7090E-09 6.92E-06 7.04E-06   0.010 1.0000 7.0906E-06    866.024
11981.00 0.98993701 6.1583E-37 0.0000E+00 0.0000E+00 4.6378E-09 4.6378E-09 0.0000E+00 0.0000E+00 4.6378E-09 6.79E-06 6.91E-06   0.010 1.0000 6.9668E-06    865.975
11991.00 0.98989320 5.6900E-37 0.0000E+00 0.0000E+00 4.6578E-09 4.6578E-09 0.0000E+00 0.0000E+00 4.6578E-09 6.81E-06 6.93E-06   0.010 1.0000 6.9804E-06    866.776
12001.00 0.98986012 5.2391E-37 0.0000E+00 0.0000E+00 4.6069E-09 4.6069E-09 0.0000E+00 0.0000E+00 4.6069E-09 6.72E-06 6.84E-06   0.010 1.0000 6.8879E-06    866.911
12011.00 0.98979741 4.9423E-37 0.0000E+00 0.0000E+00 4.6884E-09 4.6884E-09 0.0000E+00 0.0000E+00 4.6884E-09 6.82E-06 6.94E-06   0.010 1.0000 6.9934E-06    868.290
12021.00 0.98975217 4.6615E-37 0.0000E+00 0.0000E+00 4.7504E-09 4.7504E-09 0.0000E+00 0.0000E+00 4.7504E-09 6.89E-06 7.01E-06   0.010 1.0000 7.0695E-06    869.477
12031.00 0.98973638 4.3789E-37 0.0000E+00 0.0000E+00 4.6794E-09 4.6794E-09 0.0000E+00 0.0000E+00 4.6794E-09 6.77E-06 6.89E-06   0.010 1.0000 6.9475E-06    869.433
12041.00 0.98965710 4.1419E-37 0.0000E+00 0.0000E+00 4.7456E-09 4.7456E-09 0.0000E+00 0.0000E+00 4.7456E-09 6.85E-06 6.97E-06   0.010 1.0000 7.0298E-06    870.661
12051.00 0.98962247 3.8986E-37 0.0000E+00 0.0000E+00 4.7648E-09 4.7648E-09 0.0000E+00 0.0000E+00 4.7648E-09 6.86E-06 6.99E-06   0.010 1.0000 7.0419E-06    871.452
12061.00 0.98952484 3.5770E-37 0.0000E+00 0.0000E+00 4.8243E-09 4.8243E-09 0.0000E+00 0.0000E+00 4.8243E-09 6.93E-06 7.06E-06   0.011 1.0000 7.1140E-06    872.611
12071.00 0.98947191 3.2569E-37 0.0000E+00 0.0000E+00 4.8665E-09 4.8665E-09 0.0000E+00 0.0000E+00 4.8665E-09 6.97E-06 7.10E-06   0.011 1.0000 7.1599E-06    873.607
12081.00 0.98939449 2.6265E-37 0.0000E+00 0.0000E+00 4.8520E-09 4.8520E-09 0.0000E+00 0.0000E+00 4.8520E-09 6.93E-06 7.06E-06   0.011 1.0000 7.1226E-06    874.090
12091.00 0.98943740 1.8105E-37 0.0000E+00 0.0000E+00 4.8724E-09 4.8724E-09 0.0000E+00 0.0000E+00 4.8724E-09 6.95E-06 7.08E-06   0.011 1.0000 7.1353E-06    874.889
12101.00 0.98934382 1.5962E-37 0.0000E+00 0.0000E+00 4.8783E-09 4.8783E-09 0.0000E+00 0.0000E+00 4.8783E-09 6.94E-06 7.07E-06   0.011 1.0000 7.1283E-06    875.557
12111.00 0.98926729 1.2808E-37 0.0000E+00 0.0000E+00 4.8591E-09 4.8591E-09 0.0000E+00 0.0000E+00 4.8591E-09 6.89E-06 7.02E-06   0.011 1.0000 7.0848E-06    875.998
12121.00 0.98924571 7.0700E-38 0.0000E+00 0.0000E+00 4.8286E-09 4.8286E-09 0.0000E+00 0.0000E+00 4.8286E-09 6.83E-06 6.96E-06   0.011 1.0000 7.0243E-06    876.335
12131.00 0.98915380 6.6917E-38 0.0000E+00 0.0000E+00 4.8691E-09 4.8691E-09 0.0000E+00 0.0000E+00 4.8691E-09 6.87E-06 7.00E-06   0.011 1.0000 7.0679E-06    877.317
12141.00 0.98900121 4.0463E-38 0.0000E+00 0.0000E+00 4.8126E-09 4.8126E-09 0.0000E+00 0.0000E+00 4.8126E-09 6.78E-06 6.91E-06   0.011 1.0000 6.9714E-06    877.416
12151.00 0.98874193 3.9860E-38 0.0000E+00 0.0000E+00 4.8666E-09 4.8666E-09 0.0000E+00 0.0000E+00 4.8666E-09 6.83E-06 6.97E-06   0.011 1.0000 7.0361E-06    878.522
12161.00 0.98893392 2.4394E-38 0.0000E+00 0.0000E+00 4.7879E-09 4.7879E-09 0.0000E+00 0.0000E+00 4.7879E-09 6.71E-06 6.84E-06   0.011 1.0000 6.9045E-06    878.417
12171.00 0.98889583 1.1898E-38 0.0000E+00 0.0000E+00 4.8193E-09 4.8193E-09 0.0000E+00 0.0000E+00 4.8193E-09 6.74E-06 6.87E-06   0.011 1.0000 6.9343E-06    879.319
12181.00 0.98885208 0.0000E+00 0.0000E+00 0.0000E+00 4.8483E-09 4.8483E-09 0.0000E+00 0.0000E+00 4.8483E-09 6.76E-06 6.89E-06   0.011 1.0000 6.9604E-06    880.197
12191.00 0.98867434 0.0000E+00 0.0000E+00 0.0000E+00 4.8161E-09 4.8161E-09 0.0000E+00 0.0000E+00 4.8161E-09 6.70E-06 6.83E-06   0.011 1.0000 6.9001E-06    880.516
12201.00 0.98856741 0.0000E+00 0.0000E+00 0.0000E+00 4.7758E-09 4.7758E-09 0.0000E+00 0.0000E+00 4.7758E-09 6.63E-06 6.76E-06   0.011 1.0000 6.8274E-06    880.758
12211.00 0.98852891 0.0000E+00 0.0000E+00 0.0000E+00 4.8791E-09 4.8791E-09 0.0000E+00 0.0000E+00 4.8791E-09 6.75E-06 6.89E-06   0.012 1.0000 6.9594E-06    882.318
12221.00 0.98845559 0.0000E+00 0.0000E+00 0.0000E+00 4.8775E-09 4.8775E-09 0.0000E+00 0.0000E+00 4.8775E-09 6.73E-06 6.87E-06   0.012 1.0000 6.9415E-06    882.918
12231.00 0.98844856 0.0000E+00 0.0000E+00 0.0000E+00 5.0158E-09 5.0158E-09 0.0000E+00 0.0000E+00 5.0158E-09 6.91E-06 7.05E-06   0.012 1.0000 7.1216E-06    884.773
12241.00 0.98837101 0.0000E+00 0.0000E+00 0.0000E+00 5.0068E-09 5.0068E-09 0.0000E+00 0.0000E+00 5.0068E-09 6.88E-06 7.02E-06   0.012 1.0000 7.0928E-06    885.308
12251.00 0.98835450 0.0000E+00 0.0000E+00 0.0000E+00 5.0091E-09 5.0091E-09 0.0000E+00 0.0000E+00 5.0091E-09 6.87E-06 7.01E-06   0.012 1.0000 7.0794E-06    885.942
12261.00 0.98840690 0.0000E+00 0.0000E+00 0.0000E+00 5.0286E-09 5.0286E-09 0.0000E+00 0.0000E+00 5.0286E-09 6.88E-06 7.02E-06   0.012 1.0000 7.0894E-06    886.730
12271.00 0.98842555 0.0000E+00 0.0000E+00 0.0000E+00 5.0454E-09 5.0454E-09 0.0000E+00 0.0000E+00 5.0454E-09 6.88E-06 7.02E-06   0.012 1.0000 7.0956E-06    887.492
12281.00 0.98843557 0.0000E+00 0.0000E+00 0.0000E+00 5.0745E-09 5.0745E-09 0.0000E+00 0.0000E+00 5.0745E-09 6.91E-06 7.05E-06   0.012 1.0000 7.1191E-06    888.363
12291.00 0.98842561 0.0000E+00 0.0000E+00 0.0000E+00 5.0988E-09 5.0988E-09 0.0000E+00 0.0000E+00 5.0988E-09 6.92E-06 7.06E-06   0.012 1.0000 7.1358E-06    889.191
12301.00 0.98845875 0.0000E+00 0.0000E+00 0.0000E+00 5.0873E-09 5.0873E-09 0.0000E+00 0.0000E+00 5.0873E-09 6.89E-06 7.03E-06   0.012 1.0000 7.1019E-06    889.705
12311.00 0.98845977 0.0000E+00 0.0000E+00 0.0000E+00 5.1011E-09 5.1011E-09 0.0000E+00 0.0000E+00 5.1011E-09 6.89E-06 7.03E-06   0.012 1.0000 7.1036E-06    890.440
12321.00 0.98845989 0.0000E+00 0.0000E+00 0.0000E+00 5.0996E-09 5.0996E-09 0.0000E+00 0.0000E+00 5.0996E-09 6.87E-06 7.01E-06   0.012 1.0000 7.0841E-06    891.041
12331.00 0.98846495 0.0000E+00 0.0000E+00 0.0000E+00 5.1254E-09 5.1254E-09 0.0000E+00 0.0000E+00 5.1254E-09 6.89E-06 7.03E-06   0.012 1.0000 7.1024E-06    891.881
12341.00 0.98846579 0.0000E+00 0.0000E+00 0.0000E+00 5.0722E-09 5.0722E-09 0.0000E+00 0.0000E+00 5.0722E-09 6.80E-06 6.94E-06   0.012 1.0000 7.0116E-06    892.028
12351.00 0.98846281 0.0000E+00 0.0000E+00 0.0000E+00 5.0217E-09 5.0217E-09 0.0000E+00 0.0000E+00 5.0217E-09 6.72E-06 6.86E-06   0.012 1.0000 6.9247E-06    892.193
12361.00 0.98846942 0.0000E+00 0.0000E+00 0.0000E+00 5.0738E-09 5.0738E-09 0.0000E+00 0.0000E+00 5.0738E-09 6.77E-06 6.91E-06   0.012 1.0000 6.9793E-06    893.269
12371.00 0.98847175 0.0000E+00 0.0000E+00 0.0000E+00 5.1199E-09 5.1199E-09 0.0000E+00 0.0000E+00 5.1199E-09 6.82E-06 6.96E-06   0.012 1.0000 7.0253E-06    894.289
12381.00 0.98847187 0.0000E+00 0.0000E+00 0.0000E+00 5.1408E-09 5.1408E-09 0.0000E+00 0.0000E+00 5.1408E-09 6.83E-06 6.97E-06   0.012 1.0000 7.0369E-06    895.086
12391.00 0.98846793 0.0000E+00 0.0000E+00 0.0000E+00 5.1879E-09 5.1879E-09 0.0000E+00 0.0000E+00 5.1879E-09 6.88E-06 7.02E-06   0.012 1.0000 7.0840E-06    896.111
12401.00 0.98846066 0.0000E+00 0.0000E+00 0.0000E+00 5.2456E-09 5.2456E-09 0.0000E+00 0.0000E+00 5.2456E-09 6.94E-06 7.08E-06   0.012 1.0000 7.1455E-06    897.224
12411.00 0.98844725 0.0000E+00 0.0000E+00 0.0000E+00 5.2194E-09 5.2194E-09 0.0000E+00 0.0000E+00 5.2194E-09 6.89E-06 7.03E-06   0.012 1.0000 7.0929E-06    897.612
12421.00 0.98842794 0.0000E+00 0.0000E+00 0.0000E+00 5.0783E-09 5.0783E-09 0.0000E+00 0.0000E+00 5.0783E-09 6.68E-06 6.82E-06   0.012 1.0000 6.8849E-06    896.991
12431.00 0.98840523 0.0000E+00 0.0000E+00 0.0000E+00 5.2105E-09 5.2105E-09 0.0000E+00 0.0000E+00 5.2105E-09 6.84E-06 6.98E-06   0.012 1.0000 7.0471E-06    898.763
12441.00 0.98838371 0.0000E+00 0.0000E+00 0.0000E+00 5.2479E-09 5.2479E-09 0.0000E+00 0.0000E+00 5.2479E-09 6.87E-06 7.01E-06   0.012 1.0000 7.0810E-06    899.701
12451.00 0.98835981 0.0000E+00 0.0000E+00 0.0000E+00 5.1954E-09 5.1954E-09 0.0000E+00 0.0000E+00 5.1954E-09 6.79E-06 6.93E-06   0.012 1.0000 6.9937E-06    899.860
12461.00 0.98833030 0.0000E+00 0.0000E+00 0.0000E+00 5.2687E-09 5.2687E-09 0.0000E+00 0.0000E+00 5.2687E-09 6.87E-06 7.01E-06   0.012 1.0000 7.0759E-06    901.108
12471.00 0.98830485 0.0000E+00 0.0000E+00 0.0000E+00 5.3080E-09 5.3080E-09 0.0000E+00 0.0000E+00 5.3080E-09 6.90E-06 7.04E-06   0.012 1.0000 7.1120E-06    902.058
12481.00 0.98827130 0.0000E+00 0.0000E+00 0.0000E+00 5.3136E-09 5.3136E-09 0.0000E+00 0.0000E+00 5.3136E-09 6.89E-06 7.04E-06   0.012 1.0000 7.1032E-06    902.721
12491.00 0.98824364 0.0000E+00 0.0000E+00 0.0000E+00 5.2792E-09 5.2792E-09 0.0000E+00 0.0000E+00 5.2792E-09 6.83E-06 6.97E-06   0.012 1.0000 7.0410E-06    903.040
12501.00 0.98821241 0.0000E+00 0.0000E+00 0.0000E+00 5.2294E-09 5.2294E-09 0.0000E+00 0.0000E+00 5.2294E-09 6.75E-06 6.89E-06   0.012 1.0000 6.9583E-06    903.224
12511.00 0.98818058 0.0000E+00 0.0000E+00 0.0000E+00 5.3604E-09 5.3604E-09 0.0000E+00 0.0000E+00 5.3604E-09 6.90E-06 7.05E-06   0.012 1.0000 7.1163E-06    904.962
12521.00 0.98813677 0.0000E+00 0.0000E+00 0.0000E+00 5.3688E-09 5.3688E-09 0.0000E+00 0.0000E+00 5.3688E-09 6.90E-06 7.04E-06   0.012 1.0000 7.1113E-06    905.647
12531.00 0.98810530 0.0000E+00 0.0000E+00 0.0000E+00 5.3707E-09 5.3707E-09 0.0000E+00 0.0000E+00 5.3707E-09 6.88E-06 7.03E-06   0.012 1.0000 7.0974E-06    906.277
12541.00 0.98806632 0.0000E+00 0.0000E+00 0.0000E+00 5.3760E-09 5.3760E-09 0.0000E+00 0.0000E+00 5.3760E-09 6.87E-06 7.02E-06   0.012 1.0000 7.0882E-06    906.937
12551.00 0.98802704 0.0000E+00 0.0000E+00 0.0000E+00 5.3968E-09 5.3968E-09 0.0000E+00 0.0000E+00 5.3968E-09 6.89E-06 7.03E-06   0.012 1.0000 7.0994E-06    907.727
12561.00 0.98798472 0.0000E+00 0.0000E+00 0.0000E+00 5.3659E-09 5.3659E-09 0.0000E+00 0.0000E+00 5.3659E-09 6.83E-06 6.97E-06   0.012 1.0000 7.0428E-06    908.079
12571.00 0.98795927 0.0000E+00 0.0000E+00 0.0000E+00 5.3899E-09 5.3899E-09 0.0000E+00 0.0000E+00 5.3899E-09 6.84E-06 6.99E-06   0.012 1.0000 7.0580E-06    908.897
12581.00 0.98791951 0.0000E+00 0.0000E+00 0.0000E+00 5.2136E-09 5.2136E-09 0.0000E+00 0.0000E+00 5.2136E-09 6.60E-06 6.74E-06   0.012 1.0000 6.8119E-06    907.993
12591.00 0.98787320 0.0000E+00 0.0000E+00 0.0000E+00 5.2427E-09 5.2427E-09 0.0000E+00 0.0000E+00 5.2427E-09 6.62E-06 6.77E-06   0.012 1.0000 6.8345E-06    908.860
12601.00 0.98781985 0.0000E+00 0.0000E+00 0.0000E+00 5.2525E-09 5.2525E-09 0.0000E+00 0.0000E+00 5.2525E-09 6.62E-06 6.76E-06   0.012 1.0000 6.8321E-06    909.559
12611.00 0.98775995 0.0000E+00 0.0000E+00 0.0000E+00 5.4036E-09 5.4036E-09 0.0000E+00 0.0000E+00 5.4036E-09 6.80E-06 6.94E-06   0.012 1.0000 7.0130E-06    911.469
12621.00 0.98770845 0.0000E+00 0.0000E+00 0.0000E+00 5.4145E-09 5.4145E-09 0.0000E+00 0.0000E+00 5.4145E-09 6.79E-06 6.94E-06   0.012 1.0000 7.0117E-06    912.174
12631.00 0.98765945 0.0000E+00 0.0000E+00 0.0000E+00 5.3477E-09 5.3477E-09 0.0000E+00 0.0000E+00 5.3477E-09 6.69E-06 6.84E-06   0.012 1.0000 6.9099E-06    912.219
12641.00 0.98759747 0.0000E+00 0.0000E+00 0.0000E+00 5.4633E-09 5.4633E-09 0.0000E+00 0.0000E+00 5.4633E-09 6.82E-06 6.97E-06   0.012 1.0000 7.0438E-06    913.814
12651.00 0.98754227 0.0000E+00 0.0000E+00 0.0000E+00 5.5156E-09 5.5156E-09 0.0000E+00 0.0000E+00 5.5156E-09 6.87E-06 7.02E-06   0.013 1.0000 7.0958E-06    914.866
12661.00 0.98748636 0.0000E+00 0.0000E+00 0.0000E+00 5.5186E-09 5.5186E-09 0.0000E+00 0.0000E+00 5.5186E-09 6.86E-06 7.01E-06   0.013 1.0000 7.0839E-06    915.505
12671.00 0.98744094 0.0000E+00 0.0000E+00 0.0000E+00 5.5594E-09 5.5594E-09 0.0000E+00 0.0000E+00 5.5594E-09 6.89E-06 7.04E-06   0.013 1.0000 7.1204E-06    916.458
12681.00 0.98738372 0.0000E+00 0.0000E+00 0.0000E+00 5.5432E-09 5.5432E-09 0.0000E+00 0.0000E+00 5.5432E-09 6.85E-06 7.01E-06   0.013 1.0000 7.0842E-06    916.938
12691.00 0.98732680 0.0000E+00 0.0000E+00 0.0000E+00 5.5275E-09 5.5275E-09 0.0000E+00 0.0000E+00 5.5275E-09 6.82E-06 6.97E-06   0.013 1.0000 7.0488E-06    917.422
12701.00 0.98726904 0.0000E+00 0.0000E+00 0.0000E+00 5.5774E-09 5.5774E-09 0.0000E+00 0.0000E+00 5.5774E-09 6.86E-06 7.02E-06   0.013 1.0000 7.0968E-06    918.449
12711.00 0.98720765 0.0000E+00 0.0000E+00 0.0000E+00 5.6239E-09 5.6239E-09 0.0000E+00 0.0000E+00 5.6239E-09 6.90E-06 7.06E-06   0.013 1.0000 7.1406E-06    919.447
12721.00 0.98715013 0.0000E+00 0.0000E+00 0.0000E+00 5.5244E-09 5.5244E-09 0.0000E+00 0.0000E+00 5.5244E-09 6.77E-06 6.92E-06   0.013 1.0000 6.9992E-06    919.237
12731.00 0.98708659 0.0000E+00 0.0000E+00 0.0000E+00 5.5261E-09 5.5261E-09 0.0000E+00 0.0000E+00 5.5261E-09 6.75E-06 6.91E-06   0.013 1.0000 6.9861E-06    919.865
12741.00 0.98701066 0.0000E+00 0.0000E+00 0.0000E+00 5.6302E-09 5.6302E-09 0.0000E+00 0.0000E+00 5.6302E-09 6.86E-06 7.02E-06   0.013 1.0000 7.1028E-06    921.342
12751.00 0.98692864 0.0000E+00 0.0000E+00 0.0000E+00 5.6285E-09 5.6285E-09 0.0000E+00 0.0000E+00 5.6285E-09 6.84E-06 7.00E-06   0.013 1.0000 7.0859E-06    921.942
12761.00 0.98684943 0.0000E+00 0.0000E+00 0.0000E+00 5.4969E-09 5.4969E-09 0.0000E+00 0.0000E+00 5.4969E-09 6.67E-06 6.82E-06   0.013 1.0000 6.9058E-06    921.460
12771.00 0.98677009 0.0000E+00 0.0000E+00 0.0000E+00 5.6125E-09 5.6125E-09 0.0000E+00 0.0000E+00 5.6125E-09 6.79E-06 6.95E-06   0.013 1.0000 7.0362E-06    923.038
12781.00 0.98668748 0.0000E+00 0.0000E+00 0.0000E+00 5.6876E-09 5.6876E-09 0.0000E+00 0.0000E+00 5.6876E-09 6.87E-06 7.03E-06   0.013 1.0000 7.1156E-06    924.269
12791.00 0.98662460 0.0000E+00 0.0000E+00 0.0000E+00 5.7025E-09 5.7025E-09 0.0000E+00 0.0000E+00 5.7025E-09 6.87E-06 7.03E-06   0.013 1.0000 7.1190E-06    925.004
12801.00 0.98656392 0.0000E+00 0.0000E+00 0.0000E+00 5.6206E-09 5.6206E-09 0.0000E+00 0.0000E+00 5.6206E-09 6.75E-06 6.91E-06   0.014 1.0000 7.0016E-06    924.946
12811.00 0.98650533 0.0000E+00 0.0000E+00 0.0000E+00 5.6999E-09 5.6999E-09 0.0000E+00 0.0000E+00 5.6999E-09 6.83E-06 6.99E-06   0.014 1.0000 7.0852E-06    926.211
12821.00 0.98645043 0.0000E+00 0.0000E+00 0.0000E+00 5.6443E-09 5.6443E-09 0.0000E+00 0.0000E+00 5.6443E-09 6.75E-06 6.91E-06   0.014 1.0000 7.0007E-06    926.369
12831.00 0.98640513 0.0000E+00 0.0000E+00 0.0000E+00 5.7262E-09 5.7262E-09 0.0000E+00 0.0000E+00 5.7262E-09 6.83E-06 6.99E-06   0.014 1.0000 7.0866E-06    927.653
12841.00 0.98637605 0.0000E+00 0.0000E+00 0.0000E+00 5.7568E-09 5.7568E-09 0.0000E+00 0.0000E+00 5.7568E-09 6.85E-06 7.02E-06   0.014 1.0000 7.1081E-06    928.516
12851.00 0.98635179 0.0000E+00 0.0000E+00 0.0000E+00 5.7645E-09 5.7645E-09 0.0000E+00 0.0000E+00 5.7645E-09 6.85E-06 7.01E-06   0.014 1.0000 7.1013E-06    929.193
12861.00 0.98633361 0.0000E+00 0.0000E+00 0.0000E+00 5.6612E-09 5.6612E-09 0.0000E+00 0.0000E+00 5.6612E-09 6.71E-06 6.87E-06   0.014 1.0000 6.9577E-06    928.962
12871.00 0.98632199 0.0000E+00 0.0000E+00 0.0000E+00 5.8019E-09 5.8019E-09 0.0000E+00 0.0000E+00 5.8019E-09 6.86E-06 7.02E-06   0.014 1.0000 7.1139E-06    930.723
12881.00 0.98631275 0.0000E+00 0.0000E+00 0.0000E+00 5.8037E-09 5.8037E-09 0.0000E+00 0.0000E+00 5.8037E-09 6.84E-06 7.01E-06   0.014 1.0000 7.0994E-06    931.352
12891.00 0.98630631 0.0000E+00 0.0000E+00 0.0000E+00 5.8134E-09 5.8134E-09 0.0000E+00 0.0000E+00 5.8134E-09 6.84E-06 7.00E-06   0.014 1.0000 7.0944E-06    932.044
12901.00 0.98630548 0.0000E+00 0.0000E+00 0.0000E+00 5.5474E-09 5.5474E-09 0.0000E+00 0.0000E+00 5.5474E-09 6.51E-06 6.67E-06   0.014 1.0000 6.7536E-06    930.468
12911.00 0.98630434 0.0000E+00 0.0000E+00 0.0000E+00 5.6889E-09 5.6889E-09 0.0000E+00 0.0000E+00 5.6889E-09 6.66E-06 6.82E-06   0.014 1.0000 6.9089E-06    932.258
12921.00 0.98630136 0.0000E+00 0.0000E+00 0.0000E+00 5.8643E-09 5.8643E-09 0.0000E+00 0.0000E+00 5.8643E-09 6.85E-06 7.02E-06   0.014 1.0000 7.1049E-06    934.295
12931.00 0.98627949 0.0000E+00 0.0000E+00 0.0000E+00 5.8449E-09 5.8449E-09 0.0000E+00 0.0000E+00 5.8449E-09 6.81E-06 6.98E-06   0.014 1.0000 7.0646E-06    934.753
12941.00 0.98623788 0.0000E+00 0.0000E+00 0.0000E+00 5.7177E-09 5.7177E-09 0.0000E+00 0.0000E+00 5.7177E-09 6.65E-06 6.81E-06   0.014 1.0000 6.8949E-06    934.335
12951.00 0.98621255 0.0000E+00 0.0000E+00 0.0000E+00 5.8083E-09 5.8083E-09 0.0000E+00 0.0000E+00 5.8083E-09 6.74E-06 6.90E-06   0.014 1.0000 6.9877E-06    935.686
12961.00 0.98617107 0.0000E+00 0.0000E+00 0.0000E+00 5.7440E-09 5.7440E-09 0.0000E+00 0.0000E+00 5.7440E-09 6.65E-06 6.81E-06   0.014 1.0000 6.8945E-06    935.776
12971.00 0.98608023 0.0000E+00 0.0000E+00 0.0000E+00 5.8675E-09 5.8675E-09 0.0000E+00 0.0000E+00 5.8675E-09 6.77E-06 6.94E-06   0.014 1.0000 7.0270E-06    937.390
12981.00 0.98567069 0.0000E+00 0.0000E+00 0.0000E+00 5.8510E-09 5.8510E-09 0.0000E+00 0.0000E+00 5.8510E-09 6.74E-06 6.91E-06   0.014 1.0000 6.9958E-06    937.871
12991.00 0.98481095 0.0000E+00 0.0000E+00 0.0000E+00 5.8336E-09 5.8336E-09 0.0000E+00 0.0000E+00 5.8336E-09 6.70E-06 6.87E-06   0.015 1.0000 6.9674E-06    938.344
13001.00 0.98288369 0.0000E+00 0.0000E+00 0.0000E+00 5.8576E-09 5.8576E-09 0.0000E+00 0.0000E+00 5.8576E-09 6.70E-06 6.89E-06   0.017 1.0000 6.9977E-06    939.151
13011.00 0.97990745 0.0000E+00 0.0000E+00 0.0000E+00 5.9098E-09 5.9098E-09 0.0000E+00 0.0000E+00 5.9098E-09 6.74E-06 6.94E-06   0.020 1.0000 7.0635E-06    940.184
13021.00 0.97415841 0.0000E+00 0.0000E+00 0.0000E+00 5.8795E-09 5.8795E-09 0.0000E+00 0.0000E+00 5.8795E-09 6.68E-06 6.90E-06   0.026 1.0000 7.0503E-06    940.555
13031.00 0.96960324 0.0000E+00 0.0000E+00 0.0000E+00 5.8933E-09 5.8933E-09 0.0000E+00 0.0000E+00 5.8933E-09 6.67E-06 6.91E-06   0.031 1.0000 7.0771E-06    941.279
13041.00 0.95931482 0.0000E+00 0.0000E+00 0.0000E+00 5.5471E-09 5.5471E-09 0.0000E+00 0.0000E+00 5.5471E-09 6.23E-06 6.52E-06   0.042 1.0000 6.7057E-06    939.039
13051.00 0.95288116 0.0000E+00 0.0000E+00 0.0000E+00 5.4542E-09 5.4542E-09 0.0000E+00 0.0000E+00 5.4542E-09 6.08E-06 6.42E-06   0.048 1.0000 6.6213E-06    938.857
13061.00 0.93377715 0.0000E+00 0.0000E+00 0.0000E+00 5.5801E-09 5.5801E-09 0.0000E+00 0.0000E+00 5.5801E-09 6.13E-06 6.62E-06   0.069 1.0000 6.8845E-06    940.542
13071.00 0.90307796 0.0000E+00 0.0000E+00 0.0000E+00 5.6063E-09 5.6063E-09 0.0000E+00 0.0000E+00 5.6063E-09 6.04E-06 6.73E-06   0.102 1.0000 7.1115E-06    941.375
13081.00 0.88106292 0.0000E+00 0.0000E+00 0.0000E+00 5.4999E-09 5.4999E-09 0.0000E+00 0.0000E+00 5.4999E-09 5.83E-06 6.67E-06   0.127 1.0000 7.1104E-06    941.084
13091.00 0.84891248 0.0000E+00 0.0000E+00 0.0000E+00 5.3360E-09 5.3360E-09 0.0000E+00 0.0000E+00 5.3360E-09 5.51E-06 6.58E-06   0.164 1.0000 7.1062E-06    940.273
13101.00 0.82538843 0.0000E+00 0.0000E+00 0.0000E+00 5.2128E-09 5.2128E-09 0.0000E+00 0.0000E+00 5.2128E-09 5.29E-06 6.50E-06   0.192 1.0000 7.1028E-06    939.788
13111.00 0.83249640 0.0000E+00 0.0000E+00 0.0000E+00 5.2148E-09 5.2148E-09 0.0000E+00 0.0000E+00 5.2148E-09 5.31E-06 6.45E-06   0.183 1.0000 7.0290E-06    940.416
13121.00 0.90968049 0.0000E+00 0.0000E+00 0.0000E+00 5.4450E-09 5.4450E-09 0.0000E+00 0.0000E+00 5.4450E-09 5.81E-06 6.46E-06   0.095 1.0000 6.7816E-06    943.057
13131.00 0.82992828 0.0000E+00 0.0000E+00 0.0000E+00 5.1866E-09 5.1866E-09 0.0000E+00 0.0000E+00 5.1866E-09 5.22E-06 6.41E-06   0.186 1.0000 6.9749E-06    941.381
13141.00 0.75127733 0.0000E+00 0.0000E+00 0.0000E+00 4.7757E-09 4.7757E-09 0.0000E+00 0.0000E+00 4.7757E-09 4.47E-06 6.19E-06   0.286 1.0000 7.0062E-06    938.133
13151.00 0.74080873 0.0000E+00 0.0000E+00 0.0000E+00 4.6940E-09 4.6940E-09 0.0000E+00 0.0000E+00 4.6940E-09 4.42E-06 6.06E-06   0.300 1.0000 6.9759E-06    937.938
13161.00 0.85230333 0.0000E+00 0.0000E+00 0.0000E+00 5.3299E-09 5.3299E-09 0.0000E+00 0.0000E+00 5.3299E-09 5.47E-06 6.41E-06   0.160 1.0000 7.0394E-06    944.493
13171.00 0.97289181 0.0000E+00 0.0000E+00 0.0000E+00 6.0528E-09 6.0528E-09 0.0000E+00 0.0000E+00 6.0528E-09 6.64E-06 6.87E-06   0.027 1.0000 7.0248E-06    951.136
13181.00 0.98565024 0.0000E+00 0.0000E+00 0.0000E+00 6.0026E-09 6.0026E-09 0.0000E+00 0.0000E+00 6.0026E-09 6.60E-06 6.77E-06   0.014 1.0000 6.8540E-06    951.352
13191.00 0.98565376 0.0000E+00 0.0000E+00 0.0000E+00 6.1588E-09 6.1588E-09 0.0000E+00 0.0000E+00 6.1588E-09 6.76E-06 6.93E-06   0.014 1.0000 7.0170E-06    953.194
13201.00 0.98559785 0.0000E+00 0.0000E+00 0.0000E+00 6.1382E-09 6.1382E-09 0.0000E+00 0.0000E+00 6.1382E-09 6.72E-06 6.89E-06   0.015 1.0000 6.9786E-06    953.646
13211.00 0.98553514 0.0000E+00 0.0000E+00 0.0000E+00 6.1503E-09 6.1503E-09 0.0000E+00 0.0000E+00 6.1503E-09 6.72E-06 6.89E-06   0.015 1.0000 6.9776E-06    954.355
13221.00 0.98546839 0.0000E+00 0.0000E+00 0.0000E+00 6.1439E-09 6.1439E-09 0.0000E+00 0.0000E+00 6.1439E-09 6.69E-06 6.86E-06   0.015 1.0000 6.9558E-06    954.918
13231.00 0.98539692 0.0000E+00 0.0000E+00 0.0000E+00 6.1236E-09 6.1236E-09 0.0000E+00 0.0000E+00 6.1236E-09 6.66E-06 6.83E-06   0.015 1.0000 6.9184E-06    955.372
13241.00 0.98531973 0.0000E+00 0.0000E+00 0.0000E+00 6.2385E-09 6.2385E-09 0.0000E+00 0.0000E+00 6.2385E-09 6.76E-06 6.94E-06   0.015 1.0000 7.0339E-06    956.879
13251.00 0.98524010 0.0000E+00 0.0000E+00 0.0000E+00 6.2692E-09 6.2692E-09 0.0000E+00 0.0000E+00 6.2692E-09 6.78E-06 6.96E-06   0.015 1.0000 7.0541E-06    957.729
13261.00 0.98515743 0.0000E+00 0.0000E+00 0.0000E+00 6.3011E-09 6.3011E-09 0.0000E+00 0.0000E+00 6.3011E-09 6.80E-06 6.98E-06   0.015 1.0000 7.0756E-06    958.587
13271.00 0.98506832 0.0000E+00 0.0000E+00 0.0000E+00 6.2485E-09 6.2485E-09 0.0000E+00 0.0000E+00 6.2485E-09 6.73E-06 6.90E-06   0.015 1.0000 7.0026E-06    958.797
13281.00 0.98497564 0.0000E+00 0.0000E+00 0.0000E+00 6.2061E-09 6.2061E-09 0.0000E+00 0.0000E+00 6.2061E-09 6.67E-06 6.84E-06   0.015 1.0000 6.9412E-06    959.082
13291.00 0.98488128 0.0000E+00 0.0000E+00 0.0000E+00 6.1964E-09 6.1964E-09 0.0000E+00 0.0000E+00 6.1964E-09 6.64E-06 6.82E-06   0.015 1.0000 6.9165E-06    959.620
13301.00 0.98478711 0.0000E+00 0.0000E+00 0.0000E+00 6.2920E-09 6.2920E-09 0.0000E+00 0.0000E+00 6.2920E-09 6.73E-06 6.91E-06   0.015 1.0000 7.0096E-06    960.972
13311.00 0.98469537 0.0000E+00 0.0000E+00 0.0000E+00 6.1124E-09 6.1124E-09 0.0000E+00 0.0000E+00 6.1124E-09 6.52E-06 6.70E-06   0.015 1.0000 6.7959E-06    960.190
13321.00 0.98460180 0.0000E+00 0.0000E+00 0.0000E+00 6.3129E-09 6.3129E-09 0.0000E+00 0.0000E+00 6.3129E-09 6.72E-06 6.90E-06   0.016 1.0000 7.0050E-06    962.359
13331.00 0.98450845 0.0000E+00 0.0000E+00 0.0000E+00 6.2672E-09 6.2672E-09 0.0000E+00 0.0000E+00 6.2672E-09 6.65E-06 6.84E-06   0.016 1.0000 6.9407E-06    962.622
13341.00 0.98442113 0.0000E+00 0.0000E+00 0.0000E+00 6.1367E-09 6.1367E-09 0.0000E+00 0.0000E+00 6.1367E-09 6.50E-06 6.68E-06   0.016 1.0000 6.7825E-06    962.219
13351.00 0.98434091 0.0000E+00 0.0000E+00 0.0000E+00 6.3376E-09 6.3376E-09 0.0000E+00 0.0000E+00 6.3376E-09 6.70E-06 6.88E-06   0.016 1.0000 6.9903E-06    964.389
13361.00 0.98427457 0.0000E+00 0.0000E+00 0.0000E+00 6.3133E-09 6.3133E-09 0.0000E+00 0.0000E+00 6.3133E-09 6.66E-06 6.84E-06   0.016 1.0000 6.9490E-06    964.817
13371.00 0.98421782 0.0000E+00 0.0000E+00 0.0000E+00 6.3210E-09 6.3210E-09 0.0000E+00 0.0000E+00 6.3210E-09 6.65E-06 6.83E-06   0.016 1.0000 6.9428E-06    965.489
13381.00 0.98417014 0.0000E+00 0.0000E+00 0.0000E+00 6.3713E-09 6.3713E-09 0.0000E+00 0.0000E+00 6.3713E-09 6.69E-06 6.87E-06   0.016 1.0000 6.9829E-06    966.487
13391.00 0.98413020 0.0000E+00 0.0000E+00 0.0000E+00 6.3876E-09 6.3876E-09 0.0000E+00 0.0000E+00 6.3876E-09 6.69E-06 6.87E-06   0.016 1.0000 6.9856E-06    967.225
13401.00 0.98409766 0.0000E+00 0.0000E+00 0.0000E+00 6.3520E-09 6.3520E-09 0.0000E+00 0.0000E+00 6.3520E-09 6.63E-06 6.82E-06   0.016 1.0000 6.9311E-06    967.567
13411.00 0.98407346 0.0000E+00 0.0000E+00 0.0000E+00 6.4270E-09 6.4270E-09 0.0000E+00 0.0000E+00 6.4270E-09 6.70E-06 6.89E-06   0.016 1.0000 6.9973E-06    968.750
13421.00 0.98405397 0.0000E+00 0.0000E+00 0.0000E+00 6.3024E-09 6.3024E-09 0.0000E+00 0.0000E+00 6.3024E-09 6.55E-06 6.74E-06   0.016 1.0000 6.8463E-06    968.412
13431.00 0.98403525 0.0000E+00 0.0000E+00 0.0000E+00 6.2361E-09 6.2361E-09 0.0000E+00 0.0000E+00 6.2361E-09 6.47E-06 6.65E-06   0.016 1.0000 6.7587E-06    968.511
13441.00 0.98401833 0.0000E+00 0.0000E+00 0.0000E+00 6.4533E-09 6.4533E-09 0.0000E+00 0.0000E+00 6.4533E-09 6.68E-06 6.87E-06   0.016 1.0000 6.9782E-06    970.790
13451.00 0.98400629 0.0000E+00 0.0000E+00 0.0000E+00 6.4702E-09 6.4702E-09 0.0000E+00 0.0000E+00 6.4702E-09 6.68E-06 6.87E-06   0.016 1.0000 6.9805E-06    971.530
13461.00 0.98399109 0.0000E+00 0.0000E+00 0.0000E+00 6.4236E-09 6.4236E-09 0.0000E+00 0.0000E+00 6.4236E-09 6.62E-06 6.81E-06   0.016 1.0000 6.9145E-06    971.792
13471.00 0.98397309 0.0000E+00 0.0000E+00 0.0000E+00 6.2113E-09 6.2113E-09 0.0000E+00 0.0000E+00 6.2113E-09 6.39E-06 6.57E-06   0.016 1.0000 6.6706E-06    970.768
13481.00 0.98395628 0.0000E+00 0.0000E+00 0.0000E+00 6.2300E-09 6.2300E-09 0.0000E+00 0.0000E+00 6.2300E-09 6.39E-06 6.57E-06   0.016 1.0000 6.6756E-06    971.526
13491.00 0.98393840 0.0000E+00 0.0000E+00 0.0000E+00 6.2284E-09 6.2284E-09 0.0000E+00 0.0000E+00 6.2284E-09 6.37E-06 6.55E-06   0.016 1.0000 6.6588E-06    972.127
13501.00 0.98392195 0.0000E+00 0.0000E+00 0.0000E+00 6.4229E-09 6.4229E-09 0.0000E+00 0.0000E+00 6.4229E-09 6.56E-06 6.74E-06   0.016 1.0000 6.8511E-06    974.239
13511.00 0.98389852 0.0000E+00 0.0000E+00 0.0000E+00 6.4343E-09 6.4343E-09 0.0000E+00 0.0000E+00 6.4343E-09 6.55E-06 6.74E-06   0.016 1.0000 6.8479E-06    974.939
13521.00 0.98386955 0.0000E+00 0.0000E+00 0.0000E+00 6.4551E-09 6.4551E-09 0.0000E+00 0.0000E+00 6.4551E-09 6.56E-06 6.75E-06   0.016 1.0000 6.8549E-06    975.709
13531.00 0.98384070 0.0000E+00 0.0000E+00 0.0000E+00 6.2621E-09 6.2621E-09 0.0000E+00 0.0000E+00 6.2621E-09 6.35E-06 6.53E-06   0.016 1.0000 6.6352E-06    974.838
13541.00 0.98380733 0.0000E+00 0.0000E+00 0.0000E+00 6.4592E-09 6.4592E-09 0.0000E+00 0.0000E+00 6.4592E-09 6.53E-06 6.72E-06   0.016 1.0000 6.8288E-06    976.966
13551.00 0.98377794 0.0000E+00 0.0000E+00 0.0000E+00 6.6052E-09 6.6052E-09 0.0000E+00 0.0000E+00 6.6052E-09 6.67E-06 6.86E-06   0.016 1.0000 6.9678E-06    978.676
13561.00 0.98373610 0.0000E+00 0.0000E+00 0.0000E+00 6.6317E-09 6.6317E-09 0.0000E+00 0.0000E+00 6.6317E-09 6.68E-06 6.87E-06   0.016 1.0000 6.9805E-06    979.486
13571.00 0.98369420 0.0000E+00 0.0000E+00 0.0000E+00 6.5972E-09 6.5972E-09 0.0000E+00 0.0000E+00 6.5972E-09 6.63E-06 6.82E-06   0.016 1.0000 6.9293E-06    979.843
13581.00 0.98365223 0.0000E+00 0.0000E+00 0.0000E+00 6.5525E-09 6.5525E-09 0.0000E+00 0.0000E+00 6.5525E-09 6.57E-06 6.76E-06   0.016 1.0000 6.8674E-06    980.122
13591.00 0.98361987 0.0000E+00 0.0000E+00 0.0000E+00 6.5291E-09 6.5291E-09 0.0000E+00 0.0000E+00 6.5291E-09 6.53E-06 6.72E-06   0.017 1.0000 6.8280E-06    980.560
13601.00 0.98358464 0.0000E+00 0.0000E+00 0.0000E+00 6.6295E-09 6.6295E-09 0.0000E+00 0.0000E+00 6.6295E-09 6.62E-06 6.81E-06   0.017 1.0000 6.9178E-06    981.924
13611.00 0.98354125 0.0000E+00 0.0000E+00 0.0000E+00 6.7071E-09 6.7071E-09 0.0000E+00 0.0000E+00 6.7071E-09 6.68E-06 6.87E-06   0.017 1.0000 6.9838E-06    983.111
13621.00 0.98350483 0.0000E+00 0.0000E+00 0.0000E+00 6.7410E-09 6.7410E-09 0.0000E+00 0.0000E+00 6.7410E-09 6.70E-06 6.89E-06   0.017 1.0000 7.0039E-06    983.973
13631.00 0.98345119 0.0000E+00 0.0000E+00 0.0000E+00 6.6832E-09 6.6832E-09 0.0000E+00 0.0000E+00 6.6832E-09 6.62E-06 6.82E-06   0.017 1.0000 6.9291E-06    984.161
13641.00 0.98341072 0.0000E+00 0.0000E+00 0.0000E+00 6.5864E-09 6.5864E-09 0.0000E+00 0.0000E+00 6.5864E-09 6.51E-06 6.70E-06   0.017 1.0000 6.8141E-06    984.055
13651.00 0.98335493 0.0000E+00 0.0000E+00 0.0000E+00 6.6152E-09 6.6152E-09 0.0000E+00 0.0000E+00 6.6152E-09 6.53E-06 6.72E-06   0.017 1.0000 6.8293E-06    984.883
13661.00 0.98327720 0.0000E+00 0.0000E+00 0.0000E+00 6.7117E-09 6.7117E-09 0.0000E+00 0.0000E+00 6.7117E-09 6.61E-06 6.80E-06   0.017 1.0000 6.9146E-06    986.212
13671.00 0.98322201 0.0000E+00 0.0000E+00 0.0000E+00 6.6720E-09 6.6720E-09 0.0000E+00 0.0000E+00 6.6720E-09 6.55E-06 6.75E-06   0.017 1.0000 6.8594E-06    986.531
13681.00 0.98316574 0.0000E+00 0.0000E+00 0.0000E+00 6.5772E-09 6.5772E-09 0.0000E+00 0.0000E+00 6.5772E-09 6.45E-06 6.64E-06   0.017 1.0000 6.7477E-06    986.437
13691.00 0.98309040 0.0000E+00 0.0000E+00 0.0000E+00 6.7685E-09 6.7685E-09 0.0000E+00 0.0000E+00 6.7685E-09 6.62E-06 6.81E-06   0.017 1.0000 6.9298E-06    988.469
13701.00 0.98305374 0.0000E+00 0.0000E+00 0.0000E+00 6.7432E-09 6.7432E-09 0.0000E+00 0.0000E+00 6.7432E-09 6.58E-06 6.77E-06   0.017 1.0000 6.8895E-06    988.897
13711.00 0.98292661 0.0000E+00 0.0000E+00 0.0000E+00 6.4547E-09 6.4547E-09 0.0000E+00 0.0000E+00 6.4547E-09 6.28E-06 6.47E-06   0.017 1.0000 6.5819E-06    987.344
13721.00 0.98289472 0.0000E+00 0.0000E+00 0.0000E+00 6.5408E-09 6.5408E-09 0.0000E+00 0.0000E+00 6.5408E-09 6.35E-06 6.54E-06   0.017 1.0000 6.6556E-06    988.612
13731.00 0.98281252 0.0000E+00 0.0000E+00 0.0000E+00 6.7473E-09 6.7473E-09 0.0000E+00 0.0000E+00 6.7473E-09 6.54E-06 6.73E-06   0.017 1.0000 6.8519E-06    990.766
13741.00 0.98266780 0.0000E+00 0.0000E+00 0.0000E+00 6.7968E-09 6.7968E-09 0.0000E+00 0.0000E+00 6.7968E-09 6.57E-06 6.77E-06   0.017 1.0000 6.8890E-06    991.742
13751.00 0.98266512 0.0000E+00 0.0000E+00 0.0000E+00 6.8928E-09 6.8928E-09 0.0000E+00 0.0000E+00 6.8928E-09 6.65E-06 6.85E-06   0.017 1.0000 6.9714E-06    993.054
13761.00 0.98254496 0.0000E+00 0.0000E+00 0.0000E+00 6.8358E-09 6.8358E-09 0.0000E+00 0.0000E+00 6.8358E-09 6.58E-06 6.78E-06   0.018 1.0000 6.9003E-06    993.254
13771.00 0.98255074 0.0000E+00 0.0000E+00 0.0000E+00 6.7849E-09 6.7849E-09 0.0000E+00 0.0000E+00 6.7849E-09 6.51E-06 6.71E-06   0.018 1.0000 6.8340E-06    993.494
13781.00 0.98242074 0.0000E+00 0.0000E+00 0.0000E+00 6.8801E-09 6.8801E-09 0.0000E+00 0.0000E+00 6.8801E-09 6.59E-06 6.79E-06   0.018 1.0000 6.9166E-06    994.802
13791.00 0.98237908 0.0000E+00 0.0000E+00 0.0000E+00 6.8546E-09 6.8546E-09 0.0000E+00 0.0000E+00 6.8546E-09 6.55E-06 6.75E-06   0.018 1.0000 6.8767E-06    995.230
13801.00 0.98224783 0.0000E+00 0.0000E+00 0.0000E+00 6.8714E-09 6.8714E-09 0.0000E+00 0.0000E+00 6.8714E-09 6.55E-06 6.76E-06   0.018 1.0000 6.8804E-06    995.965
13811.00 0.98218542 0.0000E+00 0.0000E+00 0.0000E+00 6.9000E-09 6.9000E-09 0.0000E+00 0.0000E+00 6.9000E-09 6.56E-06 6.77E-06   0.018 1.0000 6.8949E-06    996.786
13821.00 0.98205149 0.0000E+00 0.0000E+00 0.0000E+00 6.9655E-09 6.9655E-09 0.0000E+00 0.0000E+00 6.9655E-09 6.61E-06 6.82E-06   0.018 1.0000 6.9471E-06    997.872
13831.00 0.98210609 0.0000E+00 0.0000E+00 0.0000E+00 6.9133E-09 6.9133E-09 0.0000E+00 0.0000E+00 6.9133E-09 6.55E-06 6.75E-06   0.018 1.0000 6.8800E-06    998.108
13841.00 0.98203677 0.0000E+00 0.0000E+00 0.0000E+00 6.7030E-09 6.7030E-09 0.0000E+00 0.0000E+00 6.7030E-09 6.33E-06 6.53E-06   0.018 1.0000 6.6572E-06    997.177
13851.00 0.98196650 0.0000E+00 0.0000E+00 0.0000E+00 6.9299E-09 6.9299E-09 0.0000E+00 0.0000E+00 6.9299E-09 6.53E-06 6.74E-06   0.018 1.0000 6.8689E-06    999.455
13861.00 0.98188299 0.0000E+00 0.0000E+00 0.0000E+00 6.9191E-09 6.9191E-09 0.0000E+00 0.0000E+00 6.9191E-09 6.51E-06 6.72E-06   0.018 1.0000 6.8448E-06    999.989
13871.00 0.98167610 0.0000E+00 0.0000E+00 0.0000E+00 6.6903E-09 6.6903E-09 0.0000E+00 0.0000E+00 6.6903E-09 6.28E-06 6.48E-06   0.018 1.0000 6.6067E-06    998.918
13881.00 0.98151410 0.0000E+00 0.0000E+00 0.0000E+00 6.9436E-09 6.9436E-09 0.0000E+00 0.0000E+00 6.9436E-09 6.50E-06 6.71E-06   0.019 1.0000 6.8443E-06   1001.392
13891.00 0.98150533 0.0000E+00 0.0000E+00 0.0000E+00 6.8829E-09 6.8829E-09 0.0000E+00 0.0000E+00 6.8829E-09 6.43E-06 6.64E-06   0.019 1.0000 6.7708E-06   1001.565
13901.00 0.98136014 0.0000E+00 0.0000E+00 0.0000E+00 6.7492E-09 6.7492E-09 0.0000E+00 0.0000E+00 6.7492E-09 6.29E-06 6.50E-06   0.019 1.0000 6.6271E-06   1001.193
13911.00 0.98123187 0.0000E+00 0.0000E+00 0.0000E+00 6.7221E-09 6.7221E-09 0.0000E+00 0.0000E+00 6.7221E-09 6.25E-06 6.46E-06   0.019 1.0000 6.5880E-06   1001.603
13921.00 0.98123777 0.0000E+00 0.0000E+00 0.0000E+00 6.8194E-09 6.8194E-09 0.0000E+00 0.0000E+00 6.8194E-09 6.33E-06 6.53E-06   0.019 1.0000 6.6696E-06   1002.937
13931.00 0.98118752 0.0000E+00 0.0000E+00 0.0000E+00 6.9642E-09 6.9642E-09 0.0000E+00 0.0000E+00 6.9642E-09 6.44E-06 6.66E-06   0.019 1.0000 6.7975E-06   1004.606
13941.00 0.98113137 0.0000E+00 0.0000E+00 0.0000E+00 7.1055E-09 7.1055E-09 0.0000E+00 0.0000E+00 7.1055E-09 6.56E-06 6.78E-06   0.019 1.0000 6.9216E-06   1006.231
13951.00 0.98108757 0.0000E+00 0.0000E+00 0.0000E+00 6.8289E-09 6.8289E-09 0.0000E+00 0.0000E+00 6.8289E-09 6.29E-06 6.50E-06   0.019 1.0000 6.6387E-06   1004.843
13961.00 0.98103136 0.0000E+00 0.0000E+00 0.0000E+00 7.0242E-09 7.0242E-09 0.0000E+00 0.0000E+00 7.0242E-09 6.46E-06 6.67E-06   0.019 1.0000 6.8145E-06   1006.876
13971.00 0.98096806 0.0000E+00 0.0000E+00 0.0000E+00 7.0667E-09 7.0667E-09 0.0000E+00 0.0000E+00 7.0667E-09 6.48E-06 6.70E-06   0.019 1.0000 6.8419E-06   1007.793
13981.00 0.98090768 0.0000E+00 0.0000E+00 0.0000E+00 6.8850E-09 6.8850E-09 0.0000E+00 0.0000E+00 6.8850E-09 6.30E-06 6.51E-06   0.019 1.0000 6.6525E-06   1007.091
13991.00 0.98085451 0.0000E+00 0.0000E+00 0.0000E+00 6.9478E-09 6.9478E-09 0.0000E+00 0.0000E+00 6.9478E-09 6.34E-06 6.56E-06   0.019 1.0000 6.6990E-06   1008.161
14001.00 0.98080468 0.0000E+00 0.0000E+00 0.0000E+00 7.1676E-09 7.1676E-09 0.0000E+00 0.0000E+00 7.1676E-09 6.53E-06 6.75E-06   0.019 1.0000 6.8966E-06   1010.349
14011.00 0.98076057 0.0000E+00 0.0000E+00 0.0000E+00 7.1448E-09 7.1448E-09 0.0000E+00 0.0000E+00 7.1448E-09 6.49E-06 6.72E-06   0.019 1.0000 6.8603E-06   1010.801
14021.00 0.98071980 0.0000E+00 0.0000E+00 0.0000E+00 6.9976E-09 6.9976E-09 0.0000E+00 0.0000E+00 6.9976E-09 6.35E-06 6.56E-06   0.019 1.0000 6.7046E-06   1010.360
14031.00 0.98067677 0.0000E+00 0.0000E+00 0.0000E+00 7.1178E-09 7.1178E-09 0.0000E+00 0.0000E+00 7.1178E-09 6.44E-06 6.66E-06   0.020 1.0000 6.8054E-06   1011.835
14041.00 0.98062712 0.0000E+00 0.0000E+00 0.0000E+00 7.1212E-09 7.1212E-09 0.0000E+00 0.0000E+00 7.1212E-09 6.43E-06 6.65E-06   0.020 1.0000 6.7943E-06   1012.472
14051.00 0.98057586 0.0000E+00 0.0000E+00 0.0000E+00 7.1272E-09 7.1272E-09 0.0000E+00 0.0000E+00 7.1272E-09 6.42E-06 6.64E-06   0.020 1.0000 6.7860E-06   1013.127
14061.00 0.98052204 0.0000E+00 0.0000E+00 0.0000E+00 7.1579E-09 7.1579E-09 0.0000E+00 0.0000E+00 7.1579E-09 6.43E-06 6.66E-06   0.020 1.0000 6.8011E-06   1013.958
14071.00 0.98046786 0.0000E+00 0.0000E+00 0.0000E+00 7.2907E-09 7.2907E-09 0.0000E+00 0.0000E+00 7.2907E-09 6.54E-06 6.76E-06   0.020 1.0000 6.9130E-06   1015.507
14081.00 0.98041320 0.0000E+00 0.0000E+00 0.0000E+00 7.3154E-09 7.3154E-09 0.0000E+00 0.0000E+00 7.3154E-09 6.55E-06 6.77E-06   0.020 1.0000 6.9222E-06   1016.292
14091.00 0.98034811 0.0000E+00 0.0000E+00 0.0000E+00 7.2515E-09 7.2515E-09 0.0000E+00 0.0000E+00 7.2515E-09 6.47E-06 6.70E-06   0.020 1.0000 6.8480E-06   1016.458
14101.00 0.98027974 0.0000E+00 0.0000E+00 0.0000E+00 7.1818E-09 7.1818E-09 0.0000E+00 0.0000E+00 7.1818E-09 6.40E-06 6.62E-06   0.020 1.0000 6.7686E-06   1016.579
14111.00 0.98022532 0.0000E+00 0.0000E+00 0.0000E+00 7.1668E-09 7.1668E-09 0.0000E+00 0.0000E+00 7.1668E-09 6.37E-06 6.59E-06   0.020 1.0000 6.7405E-06   1017.084
14121.00 0.98015636 0.0000E+00 0.0000E+00 0.0000E+00 7.3872E-09 7.3872E-09 0.0000E+00 0.0000E+00 7.3872E-09 6.55E-06 6.78E-06   0.020 1.0000 6.9338E-06   1019.243
14131.00 0.98008329 0.0000E+00 0.0000E+00 0.0000E+00 7.3779E-09 7.3779E-09 0.0000E+00 0.0000E+00 7.3779E-09 6.53E-06 6.76E-06   0.020 1.0000 6.9114E-06   1019.792
14141.00 0.98002303 0.0000E+00 0.0000E+00 0.0000E+00 7.1337E-09 7.1337E-09 0.0000E+00 0.0000E+00 7.1337E-09 6.30E-06 6.52E-06   0.020 1.0000 6.6690E-06   1018.685
14151.00 0.97996056 0.0000E+00 0.0000E+00 0.0000E+00 7.3277E-09 7.3277E-09 0.0000E+00 0.0000E+00 7.3277E-09 6.45E-06 6.68E-06   0.020 1.0000 6.8364E-06   1020.668
14161.00 0.97989768 0.0000E+00 0.0000E+00 0.0000E+00 7.3315E-09 7.3315E-09 0.0000E+00 0.0000E+00 7.3315E-09 6.44E-06 6.67E-06   0.020 1.0000 6.8263E-06   1021.308
14171.00 0.97983104 0.0000E+00 0.0000E+00 0.0000E+00 7.3416E-09 7.3416E-09 0.0000E+00 0.0000E+00 7.3416E-09 6.44E-06 6.67E-06   0.020 1.0000 6.8218E-06   1021.991
14181.00 0.97975796 0.0000E+00 0.0000E+00 0.0000E+00 7.4579E-09 7.4579E-09 0.0000E+00 0.0000E+00 7.4579E-09 6.52E-06 6.76E-06   0.020 1.0000 6.9162E-06   1023.410
14191.00 0.97969657 0.0000E+00 0.0000E+00 0.0000E+00 7.4559E-09 7.4559E-09 0.0000E+00 0.0000E+00 7.4559E-09 6.51E-06 6.74E-06   0.021 1.0000 6.9005E-06   1024.009
14201.00 0.97961718 0.0000E+00 0.0000E+00 0.0000E+00 7.3709E-09 7.3709E-09 0.0000E+00 0.0000E+00 7.3709E-09 6.42E-06 6.65E-06   0.021 1.0000 6.8083E-06   1024.033
14211.00 0.97955573 0.0000E+00 0.0000E+00 0.0000E+00 7.3760E-09 7.3760E-09 0.0000E+00 0.0000E+00 7.3760E-09 6.41E-06 6.64E-06   0.021 1.0000 6.7993E-06   1024.682
14221.00 0.97947508 0.0000E+00 0.0000E+00 0.0000E+00 7.3906E-09 7.3906E-09 0.0000E+00 0.0000E+00 7.3906E-09 6.41E-06 6.64E-06   0.021 1.0000 6.7995E-06   1025.395
14231.00 0.97939020 0.0000E+00 0.0000E+00 0.0000E+00 7.2868E-09 7.2868E-09 0.0000E+00 0.0000E+00 7.2868E-09 6.30E-06 6.53E-06   0.021 1.0000 6.6909E-06   1025.282
14241.00 0.97931284 0.0000E+00 0.0000E+00 0.0000E+00 7.3493E-09 7.3493E-09 0.0000E+00 0.0000E+00 7.3493E-09 6.34E-06 6.58E-06   0.021 1.0000 6.7352E-06   1026.333
14251.00 0.97923404 0.0000E+00 0.0000E+00 0.0000E+00 7.1991E-09 7.1991E-09 0.0000E+00 0.0000E+00 7.1991E-09 6.20E-06 6.43E-06   0.021 1.0000 6.5845E-06   1025.884
14261.00 0.97916603 0.0000E+00 0.0000E+00 0.0000E+00 7.4035E-09 7.4035E-09 0.0000E+00 0.0000E+00 7.4035E-09 6.36E-06 6.60E-06   0.021 1.0000 6.7582E-06   1027.936
14271.00 0.97906816 0.0000E+00 0.0000E+00 0.0000E+00 7.3739E-09 7.3739E-09 0.0000E+00 0.0000E+00 7.3739E-09 6.32E-06 6.56E-06   0.021 1.0000 6.7184E-06   1028.342
14281.00 0.97898924 0.0000E+00 0.0000E+00 0.0000E+00 7.3921E-09 7.3921E-09 0.0000E+00 0.0000E+00 7.3921E-09 6.32E-06 6.56E-06   0.021 1.0000 6.7221E-06   1029.081
 -9999.
