T F 2    2    2    0    2    2    2    2    2    2    1    0    0   0.0000.00000
    1    1    1    0    0    0  23.00000   0.00000   0.00000   0.00000   0.00000
 -99.000 -99.000 -99.000
 -99.00000 -99.00000 -99.00000  2.922360  0.000710 ! H2O & O3 COLUMNS [GM/CM2]
   36MID-LATITUDE SUMMER 
  20.00000  20.00000  90.00449   1.00000   0.00896   0.00000    1        0.00000
    0    0  172    0
   0.00000   0.00000   0.00000  20.00044   0.00000 180.00000   0.00000   0.00000
    9091.0   14286.0      10.0      10.0NW              
    0   0    0.000  0    0.000  0    1.000
    FREQ  TOT_TRANS  PTH_THRML  THRML_SCT  SURF_EMIS   SOL_SCAT  SING_SCAT  GRND_RFLT  DRCT_RFLT  TOTAL_RAD  REF_SOL  SOL@OBS   DEPTH DIR_EM    TOA_SUN BBODY_T[K]
 9091.00 0.99978244 2.3681E-30 0.0000E+00 0.0000E+00 1.1121E-10 1.1121E-10 0.0000E+00 0.0000E+00 1.1121E-10 6.91E-06 6.91E-06   0.000 1.0000 6.9214E-06    573.471
 9101.00 0.99978268 2.2220E-30 0.0000E+00 0.0000E+00 1.0885E-10 1.0885E-10 0.0000E+00 0.0000E+00 1.0885E-10 6.74E-06 6.75E-06   0.000 1.0000 6.7529E-06    573.479
 9111.00 0.99978238 2.0904E-30 0.0000E+00 0.0000E+00 1.0948E-10 1.0948E-10 0.0000E+00 0.0000E+00 1.0948E-10 6.76E-06 6.76E-06   0.000 1.0000 6.7702E-06    574.172
 9121.00 0.99978167 1.9717E-30 0.0000E+00 0.0000E+00 1.0962E-10 1.0962E-10 0.0000E+00 0.0000E+00 1.0962E-10 6.75E-06 6.75E-06   0.000 1.0000 6.7570E-06    574.751
 9131.00 0.99978048 1.8622E-30 0.0000E+00 0.0000E+00 1.0932E-10 1.0932E-10 0.0000E+00 0.0000E+00 1.0932E-10 6.71E-06 6.71E-06   0.000 1.0000 6.7175E-06    575.230
 9141.00 0.99978042 1.7500E-30 0.0000E+00 0.0000E+00 1.0521E-10 1.0521E-10 0.0000E+00 0.0000E+00 1.0521E-10 6.44E-06 6.44E-06   0.000 1.0000 6.4440E-06    574.812
 9151.00 0.99977851 1.6583E-30 0.0000E+00 0.0000E+00 1.1238E-10 1.1238E-10 0.0000E+00 0.0000E+00 1.1238E-10 6.85E-06 6.85E-06   0.000 1.0000 6.8615E-06    577.021
 9161.00 0.99977899 1.5543E-30 0.0000E+00 0.0000E+00 1.1393E-10 1.1393E-10 0.0000E+00 0.0000E+00 1.1393E-10 6.93E-06 6.93E-06   0.000 1.0000 6.9345E-06    577.917
 9171.00 0.99977773 1.4699E-30 0.0000E+00 0.0000E+00 1.1518E-10 1.1518E-10 0.0000E+00 0.0000E+00 1.1518E-10 6.98E-06 6.98E-06   0.000 1.0000 6.9883E-06    578.740
 9181.00 0.99977720 1.3835E-30 0.0000E+00 0.0000E+00 1.1364E-10 1.1364E-10 0.0000E+00 0.0000E+00 1.1364E-10 6.86E-06 6.87E-06   0.000 1.0000 6.8738E-06    578.948
 9191.00 0.99977666 1.3032E-30 0.0000E+00 0.0000E+00 1.1366E-10 1.1366E-10 0.0000E+00 0.0000E+00 1.1366E-10 6.84E-06 6.85E-06   0.000 1.0000 6.8531E-06    579.500
 9201.00 0.99977529 1.2319E-30 0.0000E+00 0.0000E+00 1.1280E-10 1.1280E-10 0.0000E+00 0.0000E+00 1.1280E-10 6.77E-06 6.77E-06   0.000 1.0000 6.7792E-06    579.854
 9211.00 0.99977446 1.1621E-30 0.0000E+00 0.0000E+00 1.1730E-10 1.1730E-10 0.0000E+00 0.0000E+00 1.1730E-10 7.02E-06 7.02E-06   0.000 1.0000 7.0277E-06    581.398
 9221.00 0.99977386 1.0940E-30 0.0000E+00 0.0000E+00 1.1669E-10 1.1669E-10 0.0000E+00 0.0000E+00 1.1669E-10 6.96E-06 6.96E-06   0.000 1.0000 6.9689E-06    581.812
 9231.00 0.99977285 1.0326E-30 0.0000E+00 0.0000E+00 1.1414E-10 1.1414E-10 0.0000E+00 0.0000E+00 1.1414E-10 6.79E-06 6.79E-06   0.000 1.0000 6.7955E-06    581.797
 9241.00 0.99977201 9.7354E-31 0.0000E+00 0.0000E+00 1.1432E-10 1.1432E-10 0.0000E+00 0.0000E+00 1.1432E-10 6.78E-06 6.78E-06   0.000 1.0000 6.7842E-06    582.383
 9251.00 0.99977082 9.1968E-31 0.0000E+00 0.0000E+00 1.1664E-10 1.1664E-10 0.0000E+00 0.0000E+00 1.1664E-10 6.89E-06 6.89E-06   0.000 1.0000 6.9007E-06    583.446
 9261.00 0.99976963 8.6837E-31 0.0000E+00 0.0000E+00 1.1860E-10 1.1860E-10 0.0000E+00 0.0000E+00 1.1860E-10 6.99E-06 6.99E-06   0.000 1.0000 6.9947E-06    584.419
 9271.00 0.99976850 8.2003E-31 0.0000E+00 0.0000E+00 1.1696E-10 1.1696E-10 0.0000E+00 0.0000E+00 1.1696E-10 6.87E-06 6.87E-06   0.000 1.0000 6.8762E-06    584.609
 9281.00 0.99976689 7.7625E-31 0.0000E+00 0.0000E+00 1.2000E-10 1.2000E-10 0.0000E+00 0.0000E+00 1.2000E-10 7.02E-06 7.03E-06   0.000 1.0000 7.0330E-06    585.817
 9291.00 0.99976510 7.3442E-31 0.0000E+00 0.0000E+00 1.2004E-10 1.2004E-10 0.0000E+00 0.0000E+00 1.2004E-10 7.00E-06 7.01E-06   0.000 1.0000 7.0135E-06    586.374
 9301.00 0.99976301 6.9631E-31 0.0000E+00 0.0000E+00 1.1785E-10 1.1785E-10 0.0000E+00 0.0000E+00 1.1785E-10 6.85E-06 6.86E-06   0.000 1.0000 6.8637E-06    586.448
 9311.00 0.99976039 6.6109E-31 0.0000E+00 0.0000E+00 1.2030E-10 1.2030E-10 0.0000E+00 0.0000E+00 1.2030E-10 6.98E-06 6.98E-06   0.000 1.0000 6.9849E-06    587.526
 9321.00 0.99975723 6.2902E-31 0.0000E+00 0.0000E+00 1.1897E-10 1.1897E-10 0.0000E+00 0.0000E+00 1.1897E-10 6.88E-06 6.88E-06   0.000 1.0000 6.8861E-06    587.787
 9331.00 0.99975348 6.0040E-31 0.0000E+00 0.0000E+00 1.2149E-10 1.2149E-10 0.0000E+00 0.0000E+00 1.2149E-10 7.00E-06 7.00E-06   0.000 1.0000 7.0103E-06    588.875
 9341.00 0.99974978 5.7238E-31 0.0000E+00 0.0000E+00 1.2133E-10 1.2133E-10 0.0000E+00 0.0000E+00 1.2133E-10 6.97E-06 6.97E-06   0.000 1.0000 6.9794E-06    589.389
 9351.00 0.99974477 5.4840E-31 0.0000E+00 0.0000E+00 1.1693E-10 1.1693E-10 0.0000E+00 0.0000E+00 1.1693E-10 6.70E-06 6.70E-06   0.000 1.0000 6.7060E-06    588.983
 9361.00 0.99973178 5.4135E-31 0.0000E+00 0.0000E+00 1.2094E-10 1.2094E-10 0.0000E+00 0.0000E+00 1.2094E-10 6.90E-06 6.91E-06   0.000 1.0000 6.9146E-06    590.401
 9371.00 0.99973351 5.0572E-31 0.0000E+00 0.0000E+00 1.2292E-10 1.2292E-10 0.0000E+00 0.0000E+00 1.2292E-10 7.00E-06 7.00E-06   0.000 1.0000 7.0062E-06    591.369
 9381.00 0.99973249 4.7666E-31 0.0000E+00 0.0000E+00 1.2271E-10 1.2271E-10 0.0000E+00 0.0000E+00 1.2271E-10 6.96E-06 6.96E-06   0.000 1.0000 6.9727E-06    591.873
 9391.00 0.99973214 4.4865E-31 0.0000E+00 0.0000E+00 1.2520E-10 1.2520E-10 0.0000E+00 0.0000E+00 1.2520E-10 7.08E-06 7.08E-06   0.000 1.0000 7.0927E-06    592.944
 9401.00 0.99973428 4.1793E-31 0.0000E+00 0.0000E+00 1.2464E-10 1.2464E-10 0.0000E+00 0.0000E+00 1.2464E-10 7.03E-06 7.03E-06   0.000 1.0000 7.0394E-06    593.375
 9411.00 0.99973834 3.8661E-31 0.0000E+00 0.0000E+00 1.2472E-10 1.2472E-10 0.0000E+00 0.0000E+00 1.2472E-10 7.01E-06 7.01E-06   0.000 1.0000 7.0221E-06    593.940
 9421.00 0.99974006 3.6093E-31 0.0000E+00 0.0000E+00 1.2480E-10 1.2480E-10 0.0000E+00 0.0000E+00 1.2480E-10 6.99E-06 7.00E-06   0.000 1.0000 7.0055E-06    594.505
 9431.00 0.99974060 3.3842E-31 0.0000E+00 0.0000E+00 1.2450E-10 1.2450E-10 0.0000E+00 0.0000E+00 1.2450E-10 6.96E-06 6.96E-06   0.000 1.0000 6.9676E-06    594.991
 9441.00 0.99974126 3.1712E-31 0.0000E+00 0.0000E+00 1.2452E-10 1.2452E-10 0.0000E+00 0.0000E+00 1.2452E-10 6.94E-06 6.94E-06   0.000 1.0000 6.9484E-06    595.543
 9451.00 0.99974263 2.9640E-31 0.0000E+00 0.0000E+00 1.2537E-10 1.2537E-10 0.0000E+00 0.0000E+00 1.2537E-10 6.97E-06 6.97E-06   0.000 1.0000 6.9764E-06    596.268
 9461.00 0.99974394 2.7689E-31 0.0000E+00 0.0000E+00 1.2772E-10 1.2772E-10 0.0000E+00 0.0000E+00 1.2772E-10 7.08E-06 7.08E-06   0.000 1.0000 7.0891E-06    597.303
 9471.00 0.99974531 2.5879E-31 0.0000E+00 0.0000E+00 1.2807E-10 1.2807E-10 0.0000E+00 0.0000E+00 1.2807E-10 7.08E-06 7.08E-06   0.000 1.0000 7.0904E-06    597.923
 9481.00 0.99974585 2.4260E-31 0.0000E+00 0.0000E+00 1.2830E-10 1.2830E-10 0.0000E+00 0.0000E+00 1.2830E-10 7.07E-06 7.08E-06   0.000 1.0000 7.0848E-06    598.518
 9491.00 0.99974549 2.2822E-31 0.0000E+00 0.0000E+00 1.2758E-10 1.2758E-10 0.0000E+00 0.0000E+00 1.2758E-10 7.02E-06 7.02E-06   0.000 1.0000 7.0271E-06    598.918
 9501.00 0.99974436 2.1533E-31 0.0000E+00 0.0000E+00 1.2862E-10 1.2862E-10 0.0000E+00 0.0000E+00 1.2862E-10 7.06E-06 7.06E-06   0.000 1.0000 7.0663E-06    599.679
 9511.00 0.99974507 2.0178E-31 0.0000E+00 0.0000E+00 1.2907E-10 1.2907E-10 0.0000E+00 0.0000E+00 1.2907E-10 7.06E-06 7.06E-06   0.000 1.0000 7.0729E-06    600.318
 9521.00 0.99974316 1.9090E-31 0.0000E+00 0.0000E+00 1.2932E-10 1.2932E-10 0.0000E+00 0.0000E+00 1.2932E-10 7.06E-06 7.06E-06   0.000 1.0000 7.0689E-06    600.918
 9531.00 0.99974191 1.8033E-31 0.0000E+00 0.0000E+00 1.2992E-10 1.2992E-10 0.0000E+00 0.0000E+00 1.2992E-10 7.07E-06 7.07E-06   0.000 1.0000 7.0837E-06    601.588
 9541.00 0.99974716 1.6587E-31 0.0000E+00 0.0000E+00 1.3028E-10 1.3028E-10 0.0000E+00 0.0000E+00 1.3028E-10 7.07E-06 7.08E-06   0.000 1.0000 7.0847E-06    602.209
 9551.00 0.99974674 1.5608E-31 0.0000E+00 0.0000E+00 1.2939E-10 1.2939E-10 0.0000E+00 0.0000E+00 1.2939E-10 7.01E-06 7.01E-06   0.000 1.0000 7.0183E-06    602.576
 9561.00 0.99974608 1.4698E-31 0.0000E+00 0.0000E+00 1.2834E-10 1.2834E-10 0.0000E+00 0.0000E+00 1.2834E-10 6.93E-06 6.94E-06   0.000 1.0000 6.9440E-06    602.909
 9571.00 0.99974632 1.3793E-31 0.0000E+00 0.0000E+00 1.3107E-10 1.3107E-10 0.0000E+00 0.0000E+00 1.3107E-10 7.06E-06 7.06E-06   0.000 1.0000 7.0733E-06    604.013
 9581.00 0.99974644 1.2951E-31 0.0000E+00 0.0000E+00 1.3158E-10 1.3158E-10 0.0000E+00 0.0000E+00 1.3158E-10 7.07E-06 7.07E-06   0.000 1.0000 7.0833E-06    604.665
 9591.00 0.99974614 1.2180E-31 0.0000E+00 0.0000E+00 1.3104E-10 1.3104E-10 0.0000E+00 0.0000E+00 1.3104E-10 7.03E-06 7.03E-06   0.000 1.0000 7.0362E-06    605.104
 9601.00 0.99974573 1.1469E-31 0.0000E+00 0.0000E+00 1.3257E-10 1.3257E-10 0.0000E+00 0.0000E+00 1.3257E-10 7.09E-06 7.09E-06   0.000 1.0000 7.1006E-06    605.961
 9611.00 0.99974465 1.0814E-31 0.0000E+00 0.0000E+00 1.3213E-10 1.3213E-10 0.0000E+00 0.0000E+00 1.3213E-10 7.05E-06 7.05E-06   0.000 1.0000 7.0589E-06    606.419
 9621.00 0.99974388 1.0190E-31 0.0000E+00 0.0000E+00 1.3237E-10 1.3237E-10 0.0000E+00 0.0000E+00 1.3237E-10 7.04E-06 7.05E-06   0.000 1.0000 7.0542E-06    607.016
 9631.00 0.99974388 9.5752E-32 0.0000E+00 0.0000E+00 1.3262E-10 1.3262E-10 0.0000E+00 0.0000E+00 1.3262E-10 7.04E-06 7.04E-06   0.000 1.0000 7.0494E-06    607.614
 9641.00 0.99974173 9.0682E-32 0.0000E+00 0.0000E+00 1.3209E-10 1.3209E-10 0.0000E+00 0.0000E+00 1.3209E-10 6.99E-06 6.99E-06   0.000 1.0000 7.0036E-06    608.056
 9651.00 0.99974298 8.4777E-32 0.0000E+00 0.0000E+00 1.3444E-10 1.3444E-10 0.0000E+00 0.0000E+00 1.3444E-10 7.10E-06 7.10E-06   0.000 1.0000 7.1097E-06    609.073
 9661.00 0.99974304 7.9583E-32 0.0000E+00 0.0000E+00 1.3318E-10 1.3318E-10 0.0000E+00 0.0000E+00 1.3318E-10 7.02E-06 7.02E-06   0.000 1.0000 7.0258E-06    609.371
 9671.00 0.99974275 7.4919E-32 0.0000E+00 0.0000E+00 1.3355E-10 1.3355E-10 0.0000E+00 0.0000E+00 1.3355E-10 7.02E-06 7.02E-06   0.000 1.0000 7.0276E-06    609.993
 9681.00 0.99974203 7.0531E-32 0.0000E+00 0.0000E+00 1.3352E-10 1.3352E-10 0.0000E+00 0.0000E+00 1.3352E-10 7.00E-06 7.00E-06   0.000 1.0000 7.0080E-06    610.533
 9691.00 0.99974138 6.6407E-32 0.0000E+00 0.0000E+00 1.3576E-10 1.3576E-10 0.0000E+00 0.0000E+00 1.3576E-10 7.10E-06 7.10E-06   0.000 1.0000 7.1079E-06    611.527
 9701.00 0.99974084 6.2527E-32 0.0000E+00 0.0000E+00 1.3591E-10 1.3591E-10 0.0000E+00 0.0000E+00 1.3591E-10 7.09E-06 7.09E-06   0.000 1.0000 7.0980E-06    612.105
 9711.00 0.99974018 5.8875E-32 0.0000E+00 0.0000E+00 1.3596E-10 1.3596E-10 0.0000E+00 0.0000E+00 1.3596E-10 7.07E-06 7.07E-06   0.000 1.0000 7.0827E-06    612.662
 9721.00 0.99973965 5.5443E-32 0.0000E+00 0.0000E+00 1.3641E-10 1.3641E-10 0.0000E+00 0.0000E+00 1.3641E-10 7.08E-06 7.08E-06   0.000 1.0000 7.0883E-06    613.299
 9731.00 0.99973899 5.2210E-32 0.0000E+00 0.0000E+00 1.3752E-10 1.3752E-10 0.0000E+00 0.0000E+00 1.3752E-10 7.12E-06 7.12E-06   0.000 1.0000 7.1280E-06    614.065
 9741.00 0.99973834 4.9157E-32 0.0000E+00 0.0000E+00 1.3761E-10 1.3761E-10 0.0000E+00 0.0000E+00 1.3761E-10 7.10E-06 7.11E-06   0.000 1.0000 7.1148E-06    614.631
 9751.00 0.99973762 4.6292E-32 0.0000E+00 0.0000E+00 1.3816E-10 1.3816E-10 0.0000E+00 0.0000E+00 1.3816E-10 7.11E-06 7.12E-06   0.000 1.0000 7.1256E-06    615.287
 9761.00 0.99973702 4.3599E-32 0.0000E+00 0.0000E+00 1.3825E-10 1.3825E-10 0.0000E+00 0.0000E+00 1.3825E-10 7.10E-06 7.10E-06   0.000 1.0000 7.1121E-06    615.852
 9771.00 0.99973625 4.1068E-32 0.0000E+00 0.0000E+00 1.3883E-10 1.3883E-10 0.0000E+00 0.0000E+00 1.3883E-10 7.11E-06 7.11E-06   0.000 1.0000 7.1242E-06    616.513
 9781.00 0.99973565 3.8664E-32 0.0000E+00 0.0000E+00 1.3763E-10 1.3763E-10 0.0000E+00 0.0000E+00 1.3763E-10 7.03E-06 7.04E-06   0.000 1.0000 7.0450E-06    616.825
 9791.00 0.99973500 3.6413E-32 0.0000E+00 0.0000E+00 1.3784E-10 1.3784E-10 0.0000E+00 0.0000E+00 1.3784E-10 7.03E-06 7.03E-06   0.000 1.0000 7.0386E-06    617.416
 9801.00 0.99973428 3.4299E-32 0.0000E+00 0.0000E+00 1.3852E-10 1.3852E-10 0.0000E+00 0.0000E+00 1.3852E-10 7.04E-06 7.05E-06   0.000 1.0000 7.0554E-06    618.096
 9811.00 0.99973333 3.2315E-32 0.0000E+00 0.0000E+00 1.3736E-10 1.3736E-10 0.0000E+00 0.0000E+00 1.3736E-10 6.97E-06 6.97E-06   0.000 1.0000 6.9787E-06    618.415
 9821.00 0.99973279 3.0422E-32 0.0000E+00 0.0000E+00 1.3935E-10 1.3935E-10 0.0000E+00 0.0000E+00 1.3935E-10 7.05E-06 7.05E-06   0.000 1.0000 7.0623E-06    619.354
 9831.00 0.99973208 2.8656E-32 0.0000E+00 0.0000E+00 1.3999E-10 1.3999E-10 0.0000E+00 0.0000E+00 1.3999E-10 7.07E-06 7.07E-06   0.000 1.0000 7.0767E-06    620.025
 9841.00 0.99973136 2.6991E-32 0.0000E+00 0.0000E+00 1.3991E-10 1.3991E-10 0.0000E+00 0.0000E+00 1.3991E-10 7.04E-06 7.05E-06   0.000 1.0000 7.0554E-06    620.559
 9851.00 0.99973077 2.5422E-32 0.0000E+00 0.0000E+00 1.4018E-10 1.4018E-10 0.0000E+00 0.0000E+00 1.4018E-10 7.04E-06 7.04E-06   0.000 1.0000 7.0514E-06    621.159
 9861.00 0.99973005 2.3941E-32 0.0000E+00 0.0000E+00 1.4157E-10 1.4157E-10 0.0000E+00 0.0000E+00 1.4157E-10 7.09E-06 7.09E-06   0.000 1.0000 7.1034E-06    621.975
 9871.00 0.99972916 2.2551E-32 0.0000E+00 0.0000E+00 1.4206E-10 1.4206E-10 0.0000E+00 0.0000E+00 1.4206E-10 7.10E-06 7.10E-06   0.000 1.0000 7.1106E-06    622.617
 9881.00 0.99972832 2.1246E-32 0.0000E+00 0.0000E+00 1.4245E-10 1.4245E-10 0.0000E+00 0.0000E+00 1.4245E-10 7.10E-06 7.10E-06   0.000 1.0000 7.1125E-06    623.240
 9891.00 0.99972773 2.0004E-32 0.0000E+00 0.0000E+00 1.4285E-10 1.4285E-10 0.0000E+00 0.0000E+00 1.4285E-10 7.10E-06 7.11E-06   0.000 1.0000 7.1147E-06    623.863
 9901.00 0.99972683 1.8852E-32 0.0000E+00 0.0000E+00 1.4350E-10 1.4350E-10 0.0000E+00 0.0000E+00 1.4350E-10 7.12E-06 7.12E-06   0.000 1.0000 7.1297E-06    624.536
 9911.00 0.99972600 1.7763E-32 0.0000E+00 0.0000E+00 1.4346E-10 1.4346E-10 0.0000E+00 0.0000E+00 1.4346E-10 7.10E-06 7.10E-06   0.000 1.0000 7.1100E-06    625.075
 9921.00 0.99972534 1.6723E-32 0.0000E+00 0.0000E+00 1.4395E-10 1.4395E-10 0.0000E+00 0.0000E+00 1.4395E-10 7.10E-06 7.11E-06   0.000 1.0000 7.1166E-06    625.717
 9931.00 0.99972451 1.5754E-32 0.0000E+00 0.0000E+00 1.4346E-10 1.4346E-10 0.0000E+00 0.0000E+00 1.4346E-10 7.06E-06 7.07E-06   0.000 1.0000 7.0750E-06    626.172
 9941.00 0.99972373 1.4846E-32 0.0000E+00 0.0000E+00 1.3905E-10 1.3905E-10 0.0000E+00 0.0000E+00 1.3905E-10 6.83E-06 6.83E-06   0.000 1.0000 6.8405E-06    625.862
 9951.00 0.99972290 1.3981E-32 0.0000E+00 0.0000E+00 1.3646E-10 1.3646E-10 0.0000E+00 0.0000E+00 1.3646E-10 6.69E-06 6.69E-06   0.000 1.0000 6.6965E-06    625.895
 9961.00 0.99972200 1.3182E-32 0.0000E+00 0.0000E+00 1.4342E-10 1.4342E-10 0.0000E+00 0.0000E+00 1.4342E-10 7.01E-06 7.01E-06   0.000 1.0000 7.0208E-06    627.807
 9971.00 0.99972105 1.2419E-32 0.0000E+00 0.0000E+00 1.4518E-10 1.4518E-10 0.0000E+00 0.0000E+00 1.4518E-10 7.08E-06 7.08E-06   0.000 1.0000 7.0893E-06    628.689
 9981.00 0.99971992 1.1712E-32 0.0000E+00 0.0000E+00 1.4668E-10 1.4668E-10 0.0000E+00 0.0000E+00 1.4668E-10 7.13E-06 7.14E-06   0.000 1.0000 7.1451E-06    629.521
 9991.00 0.99971914 1.1035E-32 0.0000E+00 0.0000E+00 1.4691E-10 1.4691E-10 0.0000E+00 0.0000E+00 1.4691E-10 7.13E-06 7.13E-06   0.000 1.0000 7.1388E-06    630.111
10001.00 0.99971801 1.0404E-32 0.0000E+00 0.0000E+00 1.4653E-10 1.4653E-10 0.0000E+00 0.0000E+00 1.4653E-10 7.09E-06 7.09E-06   0.000 1.0000 7.1031E-06    630.588
10011.00 0.99971676 9.8177E-33 0.0000E+00 0.0000E+00 1.4714E-10 1.4714E-10 0.0000E+00 0.0000E+00 1.4714E-10 7.10E-06 7.10E-06   0.000 1.0000 7.1150E-06    631.250
10021.00 0.99971527 9.2713E-33 0.0000E+00 0.0000E+00 1.4783E-10 1.4783E-10 0.0000E+00 0.0000E+00 1.4783E-10 7.12E-06 7.12E-06   0.000 1.0000 7.1310E-06    631.927
10031.00 0.99971360 8.7579E-33 0.0000E+00 0.0000E+00 1.4821E-10 1.4821E-10 0.0000E+00 0.0000E+00 1.4821E-10 7.12E-06 7.12E-06   0.000 1.0000 7.1318E-06    632.546
10041.00 0.99971145 8.2848E-33 0.0000E+00 0.0000E+00 1.4824E-10 1.4824E-10 0.0000E+00 0.0000E+00 1.4824E-10 7.10E-06 7.11E-06   0.000 1.0000 7.1164E-06    633.100
10051.00 0.99970943 7.8371E-33 0.0000E+00 0.0000E+00 1.4866E-10 1.4866E-10 0.0000E+00 0.0000E+00 1.4866E-10 7.11E-06 7.11E-06   0.000 1.0000 7.1191E-06    633.726
10061.00 0.99970824 7.3909E-33 0.0000E+00 0.0000E+00 1.4924E-10 1.4924E-10 0.0000E+00 0.0000E+00 1.4924E-10 7.12E-06 7.12E-06   0.000 1.0000 7.1296E-06    634.382
10071.00 0.99970710 6.9688E-33 0.0000E+00 0.0000E+00 1.4945E-10 1.4945E-10 0.0000E+00 0.0000E+00 1.4945E-10 7.11E-06 7.11E-06   0.000 1.0000 7.1221E-06    634.969
10081.00 0.99970472 6.6010E-33 0.0000E+00 0.0000E+00 1.4941E-10 1.4941E-10 0.0000E+00 0.0000E+00 1.4941E-10 7.09E-06 7.09E-06   0.000 1.0000 7.1031E-06    635.509
10091.00 0.99970359 6.2239E-33 0.0000E+00 0.0000E+00 1.4939E-10 1.4939E-10 0.0000E+00 0.0000E+00 1.4939E-10 7.07E-06 7.07E-06   0.000 1.0000 7.0846E-06    636.052
10101.00 0.99970651 5.7896E-33 0.0000E+00 0.0000E+00 1.4875E-10 1.4875E-10 0.0000E+00 0.0000E+00 1.4875E-10 7.02E-06 7.03E-06   0.000 1.0000 7.0367E-06    636.480
10111.00 0.99970818 5.4045E-33 0.0000E+00 0.0000E+00 1.4875E-10 1.4875E-10 0.0000E+00 0.0000E+00 1.4875E-10 7.01E-06 7.01E-06   0.000 1.0000 7.0192E-06    637.028
10121.00 0.99970818 5.0747E-33 0.0000E+00 0.0000E+00 1.5103E-10 1.5103E-10 0.0000E+00 0.0000E+00 1.5103E-10 7.10E-06 7.10E-06   0.000 1.0000 7.1091E-06    637.999
10131.00 0.99970812 4.7683E-33 0.0000E+00 0.0000E+00 1.5068E-10 1.5068E-10 0.0000E+00 0.0000E+00 1.5068E-10 7.06E-06 7.07E-06   0.000 1.0000 7.0756E-06    638.483
10141.00 0.99970800 4.4793E-33 0.0000E+00 0.0000E+00 1.5118E-10 1.5118E-10 0.0000E+00 0.0000E+00 1.5118E-10 7.07E-06 7.07E-06   0.000 1.0000 7.0813E-06    639.121
10151.00 0.99970740 4.2174E-33 0.0000E+00 0.0000E+00 1.5222E-10 1.5222E-10 0.0000E+00 0.0000E+00 1.5222E-10 7.10E-06 7.10E-06   0.000 1.0000 7.1130E-06    639.862
10161.00 0.99970722 3.9631E-33 0.0000E+00 0.0000E+00 1.5206E-10 1.5206E-10 0.0000E+00 0.0000E+00 1.5206E-10 7.08E-06 7.08E-06   0.000 1.0000 7.0884E-06    640.380
10171.00 0.99970639 3.7339E-33 0.0000E+00 0.0000E+00 1.5244E-10 1.5244E-10 0.0000E+00 0.0000E+00 1.5244E-10 7.08E-06 7.08E-06   0.000 1.0000 7.0885E-06    640.997
10181.00 0.99970579 3.5143E-33 0.0000E+00 0.0000E+00 1.5357E-10 1.5357E-10 0.0000E+00 0.0000E+00 1.5357E-10 7.11E-06 7.11E-06   0.000 1.0000 7.1238E-06    641.752
10191.00 0.99970520 3.3064E-33 0.0000E+00 0.0000E+00 1.5417E-10 1.5417E-10 0.0000E+00 0.0000E+00 1.5417E-10 7.12E-06 7.12E-06   0.000 1.0000 7.1342E-06    642.409
10201.00 0.99970263 3.1316E-33 0.0000E+00 0.0000E+00 1.5321E-10 1.5321E-10 0.0000E+00 0.0000E+00 1.5321E-10 7.06E-06 7.06E-06   0.000 1.0000 7.0727E-06    642.780
10211.00 0.99970192 2.9500E-33 0.0000E+00 0.0000E+00 1.5276E-10 1.5276E-10 0.0000E+00 0.0000E+00 1.5276E-10 7.02E-06 7.02E-06   0.000 1.0000 7.0352E-06    643.246
10221.00 0.99970043 2.7832E-33 0.0000E+00 0.0000E+00 1.5351E-10 1.5351E-10 0.0000E+00 0.0000E+00 1.5351E-10 7.04E-06 7.04E-06   0.000 1.0000 7.0526E-06    643.931
10231.00 0.99970138 2.6064E-33 0.0000E+00 0.0000E+00 1.5463E-10 1.5463E-10 0.0000E+00 0.0000E+00 1.5463E-10 7.07E-06 7.08E-06   0.000 1.0000 7.0865E-06    644.682
10241.00 0.99969769 2.4773E-33 0.0000E+00 0.0000E+00 1.5386E-10 1.5386E-10 0.0000E+00 0.0000E+00 1.5386E-10 7.02E-06 7.02E-06   0.000 1.0000 7.0343E-06    645.089
10251.00 0.99969506 2.3483E-33 0.0000E+00 0.0000E+00 1.5605E-10 1.5605E-10 0.0000E+00 0.0000E+00 1.5605E-10 7.10E-06 7.11E-06   0.000 1.0000 7.1175E-06    646.036
10261.00 0.99969393 2.2135E-33 0.0000E+00 0.0000E+00 1.5385E-10 1.5385E-10 0.0000E+00 0.0000E+00 1.5385E-10 6.99E-06 6.99E-06   0.000 1.0000 7.0004E-06    646.182
10271.00 0.99969584 2.0660E-33 0.0000E+00 0.0000E+00 1.5478E-10 1.5478E-10 0.0000E+00 0.0000E+00 1.5478E-10 7.01E-06 7.01E-06   0.000 1.0000 7.0253E-06    646.899
10281.00 0.99969590 1.9406E-33 0.0000E+00 0.0000E+00 1.5696E-10 1.5696E-10 0.0000E+00 0.0000E+00 1.5696E-10 7.09E-06 7.10E-06   0.000 1.0000 7.1074E-06    647.844
10291.00 0.99969435 1.8311E-33 0.0000E+00 0.0000E+00 1.5762E-10 1.5762E-10 0.0000E+00 0.0000E+00 1.5762E-10 7.11E-06 7.11E-06   0.000 1.0000 7.1198E-06    648.509
10301.00 0.99969435 1.7191E-33 0.0000E+00 0.0000E+00 1.5667E-10 1.5667E-10 0.0000E+00 0.0000E+00 1.5667E-10 7.05E-06 7.05E-06   0.000 1.0000 7.0598E-06    648.884
10311.00 0.99969411 1.6171E-33 0.0000E+00 0.0000E+00 1.5808E-10 1.5808E-10 0.0000E+00 0.0000E+00 1.5808E-10 7.09E-06 7.10E-06   0.000 1.0000 7.1065E-06    649.687
10321.00 0.99969262 1.5255E-33 0.0000E+00 0.0000E+00 1.5795E-10 1.5795E-10 0.0000E+00 0.0000E+00 1.5795E-10 7.07E-06 7.07E-06   0.000 1.0000 7.0834E-06    650.211
10331.00 0.99969018 1.4447E-33 0.0000E+00 0.0000E+00 1.5738E-10 1.5738E-10 0.0000E+00 0.0000E+00 1.5738E-10 7.03E-06 7.03E-06   0.000 1.0000 7.0410E-06    650.655
10341.00 0.99968588 1.3753E-33 0.0000E+00 0.0000E+00 1.5864E-10 1.5864E-10 0.0000E+00 0.0000E+00 1.5864E-10 7.07E-06 7.07E-06   0.000 1.0000 7.0807E-06    651.430
10351.00 0.99968439 1.2983E-33 0.0000E+00 0.0000E+00 1.5604E-10 1.5604E-10 0.0000E+00 0.0000E+00 1.5604E-10 6.93E-06 6.94E-06   0.000 1.0000 6.9482E-06    651.506
10361.00 0.99968493 1.2167E-33 0.0000E+00 0.0000E+00 1.5854E-10 1.5854E-10 0.0000E+00 0.0000E+00 1.5854E-10 7.03E-06 7.03E-06   0.000 1.0000 7.0420E-06    652.505
10371.00 0.99967968 1.1621E-33 0.0000E+00 0.0000E+00 1.5855E-10 1.5855E-10 0.0000E+00 0.0000E+00 1.5855E-10 7.01E-06 7.01E-06   0.000 1.0000 7.0259E-06    653.054
10381.00 0.99968308 1.0797E-33 0.0000E+00 0.0000E+00 1.5902E-10 1.5902E-10 0.0000E+00 0.0000E+00 1.5902E-10 7.02E-06 7.02E-06   0.000 1.0000 7.0297E-06    653.686
10391.00 0.99967498 1.0399E-33 0.0000E+00 0.0000E+00 1.5906E-10 1.5906E-10 0.0000E+00 0.0000E+00 1.5906E-10 7.00E-06 7.00E-06   0.000 1.0000 7.0152E-06    654.241
10401.00 0.99968141 9.5713E-34 0.0000E+00 0.0000E+00 1.6173E-10 1.6173E-10 0.0000E+00 0.0000E+00 1.6173E-10 7.10E-06 7.10E-06   0.000 1.0000 7.1156E-06    655.265
10411.00 0.99967611 9.1432E-34 0.0000E+00 0.0000E+00 1.5968E-10 1.5968E-10 0.0000E+00 0.0000E+00 1.5968E-10 6.99E-06 7.00E-06   0.000 1.0000 7.0090E-06    655.446
10421.00 0.99967217 8.6887E-34 0.0000E+00 0.0000E+00 1.6236E-10 1.6236E-10 0.0000E+00 0.0000E+00 1.6236E-10 7.10E-06 7.10E-06   0.000 1.0000 7.1097E-06    656.470
10431.00 0.99967223 8.1576E-34 0.0000E+00 0.0000E+00 1.6317E-10 1.6317E-10 0.0000E+00 0.0000E+00 1.6317E-10 7.11E-06 7.12E-06   0.000 1.0000 7.1282E-06    657.161
10441.00 0.99967426 7.6173E-34 0.0000E+00 0.0000E+00 1.6135E-10 1.6135E-10 0.0000E+00 0.0000E+00 1.6135E-10 7.02E-06 7.02E-06   0.000 1.0000 7.0319E-06    657.386
10451.00 0.99966371 7.3846E-34 0.0000E+00 0.0000E+00 1.6194E-10 1.6194E-10 0.0000E+00 0.0000E+00 1.6194E-10 7.03E-06 7.03E-06   0.000 1.0000 7.0411E-06    658.037
10461.00 0.99966413 6.9257E-34 0.0000E+00 0.0000E+00 1.6173E-10 1.6173E-10 0.0000E+00 0.0000E+00 1.6173E-10 7.00E-06 7.00E-06   0.000 1.0000 7.0152E-06    658.546
10471.00 0.99965847 6.6115E-34 0.0000E+00 0.0000E+00 1.5362E-10 1.5362E-10 0.0000E+00 0.0000E+00 1.5362E-10 6.63E-06 6.64E-06   0.000 1.0000 6.6482E-06    657.614
10481.00 0.99966103 6.1703E-34 0.0000E+00 0.0000E+00 1.6051E-10 1.6051E-10 0.0000E+00 0.0000E+00 1.6051E-10 6.91E-06 6.92E-06   0.000 1.0000 6.9292E-06    659.422
10491.00 0.99965942 5.8141E-34 0.0000E+00 0.0000E+00 1.6387E-10 1.6387E-10 0.0000E+00 0.0000E+00 1.6387E-10 7.04E-06 7.04E-06   0.000 1.0000 7.0576E-06    660.567
10501.00 0.99963272 5.8924E-34 0.0000E+00 0.0000E+00 1.6540E-10 1.6540E-10 0.0000E+00 0.0000E+00 1.6540E-10 7.09E-06 7.09E-06   0.000 1.0000 7.1082E-06    661.383
10511.00 0.99966401 5.0672E-34 0.0000E+00 0.0000E+00 1.6534E-10 1.6534E-10 0.0000E+00 0.0000E+00 1.6534E-10 7.07E-06 7.07E-06   0.000 1.0000 7.0870E-06    661.920
10521.00 0.99962819 5.2555E-34 0.0000E+00 0.0000E+00 1.6561E-10 1.6561E-10 0.0000E+00 0.0000E+00 1.6561E-10 7.07E-06 7.07E-06   0.000 1.0000 7.0837E-06    662.513
10531.00 0.99963027 4.9180E-34 0.0000E+00 0.0000E+00 1.6718E-10 1.6718E-10 0.0000E+00 0.0000E+00 1.6718E-10 7.12E-06 7.12E-06   0.000 1.0000 7.1337E-06    663.334
10541.00 0.99962509 4.6687E-34 0.0000E+00 0.0000E+00 1.6733E-10 1.6733E-10 0.0000E+00 0.0000E+00 1.6733E-10 7.11E-06 7.11E-06   0.000 1.0000 7.1238E-06    663.909
10551.00 0.99963564 4.2778E-34 0.0000E+00 0.0000E+00 1.6747E-10 1.6747E-10 0.0000E+00 0.0000E+00 1.6747E-10 7.10E-06 7.10E-06   0.000 1.0000 7.1123E-06    664.480
10561.00 0.99963528 4.0087E-34 0.0000E+00 0.0000E+00 1.6701E-10 1.6701E-10 0.0000E+00 0.0000E+00 1.6701E-10 7.06E-06 7.06E-06   0.000 1.0000 7.0759E-06    664.947
10571.00 0.99961060 4.0292E-34 0.0000E+00 0.0000E+00 1.6707E-10 1.6707E-10 0.0000E+00 0.0000E+00 1.6707E-10 7.04E-06 7.05E-06   0.000 1.0000 7.0632E-06    665.504
10581.00 0.99963498 3.5372E-34 0.0000E+00 0.0000E+00 1.6620E-10 1.6620E-10 0.0000E+00 0.0000E+00 1.6620E-10 6.99E-06 6.99E-06   0.000 1.0000 7.0083E-06    665.898
10591.00 0.99957186 3.9083E-34 0.0000E+00 0.0000E+00 1.6450E-10 1.6450E-10 0.0000E+00 0.0000E+00 1.6450E-10 6.90E-06 6.91E-06   0.000 1.0000 6.9242E-06    666.146
10601.00 0.99957722 3.6103E-34 0.0000E+00 0.0000E+00 1.6696E-10 1.6696E-10 0.0000E+00 0.0000E+00 1.6696E-10 6.99E-06 6.99E-06   0.000 1.0000 7.0103E-06    667.125
10611.00 0.99960917 3.1512E-34 0.0000E+00 0.0000E+00 1.6718E-10 1.6718E-10 0.0000E+00 0.0000E+00 1.6718E-10 6.98E-06 6.99E-06   0.000 1.0000 7.0013E-06    667.710
10621.00 0.99963760 2.7362E-34 0.0000E+00 0.0000E+00 1.6018E-10 1.6018E-10 0.0000E+00 0.0000E+00 1.6018E-10 6.67E-06 6.68E-06   0.000 1.0000 6.6904E-06    667.009
10631.00 0.99964279 2.5331E-34 0.0000E+00 0.0000E+00 1.6619E-10 1.6619E-10 0.0000E+00 0.0000E+00 1.6619E-10 6.91E-06 6.91E-06   0.000 1.0000 6.9249E-06    668.631
10641.00 0.99964958 2.3338E-34 0.0000E+00 0.0000E+00 1.7004E-10 1.7004E-10 0.0000E+00 0.0000E+00 1.7004E-10 7.05E-06 7.05E-06   0.000 1.0000 7.0679E-06    669.846
10651.00 0.99961102 2.4281E-34 0.0000E+00 0.0000E+00 1.7082E-10 1.7082E-10 0.0000E+00 0.0000E+00 1.7082E-10 7.07E-06 7.07E-06   0.000 1.0000 7.0860E-06    670.529
10661.00 0.99956298 2.5656E-34 0.0000E+00 0.0000E+00 1.7182E-10 1.7182E-10 0.0000E+00 0.0000E+00 1.7182E-10 7.09E-06 7.10E-06   0.000 1.0000 7.1135E-06    671.247
10671.00 0.99957341 2.3554E-34 0.0000E+00 0.0000E+00 1.7205E-10 1.7205E-10 0.0000E+00 0.0000E+00 1.7205E-10 7.08E-06 7.09E-06   0.000 1.0000 7.1053E-06    671.832
10681.00 0.99958473 2.1460E-34 0.0000E+00 0.0000E+00 1.7057E-10 1.7057E-10 0.0000E+00 0.0000E+00 1.7057E-10 7.01E-06 7.01E-06   0.000 1.0000 7.0271E-06    672.125
10691.00 0.99958807 2.0059E-34 0.0000E+00 0.0000E+00 1.7152E-10 1.7152E-10 0.0000E+00 0.0000E+00 1.7152E-10 7.03E-06 7.03E-06   0.000 1.0000 7.0496E-06    672.836
10701.00 0.99954331 2.0885E-34 0.0000E+00 0.0000E+00 1.7364E-10 1.7364E-10 0.0000E+00 0.0000E+00 1.7364E-10 7.10E-06 7.10E-06   0.000 1.0000 7.1224E-06    673.744
10711.00 0.99960971 1.6758E-34 0.0000E+00 0.0000E+00 1.7433E-10 1.7433E-10 0.0000E+00 0.0000E+00 1.7433E-10 7.11E-06 7.11E-06   0.000 1.0000 7.1299E-06    674.408
10721.00 0.99962288 1.5188E-34 0.0000E+00 0.0000E+00 1.7434E-10 1.7434E-10 0.0000E+00 0.0000E+00 1.7434E-10 7.10E-06 7.10E-06   0.000 1.0000 7.1129E-06    674.957
10731.00 0.99962491 1.4197E-34 0.0000E+00 0.0000E+00 1.7393E-10 1.7393E-10 0.0000E+00 0.0000E+00 1.7393E-10 7.06E-06 7.06E-06   0.000 1.0000 7.0795E-06    675.435
10741.00 0.99964172 1.2729E-34 0.0000E+00 0.0000E+00 1.7533E-10 1.7533E-10 0.0000E+00 0.0000E+00 1.7533E-10 7.10E-06 7.10E-06   0.000 1.0000 7.1186E-06    676.218
10751.00 0.99965072 1.1655E-34 0.0000E+00 0.0000E+00 1.7506E-10 1.7506E-10 0.0000E+00 0.0000E+00 1.7506E-10 7.07E-06 7.08E-06   0.000 1.0000 7.0904E-06    676.719
10761.00 0.99965334 1.0864E-34 0.0000E+00 0.0000E+00 1.7410E-10 1.7410E-10 0.0000E+00 0.0000E+00 1.7410E-10 7.02E-06 7.02E-06   0.000 1.0000 7.0349E-06    677.104
10771.00 0.99965125 1.0259E-34 0.0000E+00 0.0000E+00 1.7688E-10 1.7688E-10 0.0000E+00 0.0000E+00 1.7688E-10 7.11E-06 7.12E-06   0.000 1.0000 7.1304E-06    678.119
10781.00 0.99965256 9.6014E-35 0.0000E+00 0.0000E+00 1.7755E-10 1.7755E-10 0.0000E+00 0.0000E+00 1.7755E-10 7.13E-06 7.13E-06   0.000 1.0000 7.1406E-06    678.779
10791.00 0.99965292 9.0072E-35 0.0000E+00 0.0000E+00 1.7443E-10 1.7443E-10 0.0000E+00 0.0000E+00 1.7443E-10 6.98E-06 6.99E-06   0.000 1.0000 6.9990E-06    678.800
10801.00 0.99965161 8.4886E-35 0.0000E+00 0.0000E+00 1.7042E-10 1.7042E-10 0.0000E+00 0.0000E+00 1.7042E-10 6.81E-06 6.81E-06   0.000 1.0000 6.8221E-06    678.656
10811.00 0.99964982 8.0121E-35 0.0000E+00 0.0000E+00 1.7487E-10 1.7487E-10 0.0000E+00 0.0000E+00 1.7487E-10 6.97E-06 6.97E-06   0.000 1.0000 6.9842E-06    679.968
10821.00 0.99964964 7.5267E-35 0.0000E+00 0.0000E+00 1.7381E-10 1.7381E-10 0.0000E+00 0.0000E+00 1.7381E-10 6.91E-06 6.91E-06   0.000 1.0000 6.9254E-06    680.332
10831.00 0.99964923 7.0771E-35 0.0000E+00 0.0000E+00 1.6747E-10 1.6747E-10 0.0000E+00 0.0000E+00 1.6747E-10 6.64E-06 6.65E-06   0.000 1.0000 6.6572E-06    679.775
10841.00 0.99964839 6.6627E-35 0.0000E+00 0.0000E+00 1.7365E-10 1.7365E-10 0.0000E+00 0.0000E+00 1.7365E-10 6.87E-06 6.87E-06   0.000 1.0000 6.8867E-06    681.398
10851.00 0.99964702 6.2821E-35 0.0000E+00 0.0000E+00 1.7293E-10 1.7293E-10 0.0000E+00 0.0000E+00 1.7293E-10 6.83E-06 6.83E-06   0.000 1.0000 6.8426E-06    681.821
10861.00 0.99964732 5.8941E-35 0.0000E+00 0.0000E+00 1.7709E-10 1.7709E-10 0.0000E+00 0.0000E+00 1.7709E-10 6.98E-06 6.98E-06   0.000 1.0000 6.9906E-06    683.075
10871.00 0.99964523 5.5678E-35 0.0000E+00 0.0000E+00 1.8005E-10 1.8005E-10 0.0000E+00 0.0000E+00 1.8005E-10 7.08E-06 7.08E-06   0.000 1.0000 7.0910E-06    684.117
10881.00 0.99964386 5.2485E-35 0.0000E+00 0.0000E+00 1.8151E-10 1.8151E-10 0.0000E+00 0.0000E+00 1.8151E-10 7.12E-06 7.12E-06   0.000 1.0000 7.1322E-06    684.906
10891.00 0.99964005 4.9776E-35 0.0000E+00 0.0000E+00 1.8077E-10 1.8077E-10 0.0000E+00 0.0000E+00 1.8077E-10 7.07E-06 7.07E-06   0.000 1.0000 7.0869E-06    685.331
10901.00 0.99963927 4.6879E-35 0.0000E+00 0.0000E+00 1.7974E-10 1.7974E-10 0.0000E+00 0.0000E+00 1.7974E-10 7.01E-06 7.02E-06   0.000 1.0000 7.0299E-06    685.705
10911.00 0.99964023 4.3902E-35 0.0000E+00 0.0000E+00 1.8238E-10 1.8238E-10 0.0000E+00 0.0000E+00 1.8238E-10 7.10E-06 7.10E-06   0.000 1.0000 7.1167E-06    686.690
10921.00 0.99963367 4.1986E-35 0.0000E+00 0.0000E+00 1.8344E-10 1.8344E-10 0.0000E+00 0.0000E+00 1.8344E-10 7.13E-06 7.13E-06   0.000 1.0000 7.1418E-06    687.410
10931.00 0.99963886 3.8870E-35 0.0000E+00 0.0000E+00 1.8173E-10 1.8173E-10 0.0000E+00 0.0000E+00 1.8173E-10 7.04E-06 7.05E-06   0.000 1.0000 7.0585E-06    687.675
10941.00 0.99963164 3.7198E-35 0.0000E+00 0.0000E+00 1.8526E-10 1.8526E-10 0.0000E+00 0.0000E+00 1.8526E-10 7.16E-06 7.17E-06   0.000 1.0000 7.1797E-06    688.802
10951.00 0.99963146 3.4975E-35 0.0000E+00 0.0000E+00 1.8665E-10 1.8665E-10 0.0000E+00 0.0000E+00 1.8665E-10 7.20E-06 7.20E-06   0.000 1.0000 7.2169E-06    689.575
10961.00 0.99963099 3.2872E-35 0.0000E+00 0.0000E+00 1.8280E-10 1.8280E-10 0.0000E+00 0.0000E+00 1.8280E-10 7.04E-06 7.04E-06   0.000 1.0000 7.0517E-06    689.493
10971.00 0.99963194 3.0795E-35 0.0000E+00 0.0000E+00 1.8107E-10 1.8107E-10 0.0000E+00 0.0000E+00 1.8107E-10 6.95E-06 6.96E-06   0.000 1.0000 6.9688E-06    689.753
10981.00 0.99962795 2.9231E-35 0.0000E+00 0.0000E+00 1.8451E-10 1.8451E-10 0.0000E+00 0.0000E+00 1.8451E-10 7.07E-06 7.07E-06   0.000 1.0000 7.0849E-06    690.866
10991.00 0.99962687 2.7526E-35 0.0000E+00 0.0000E+00 1.8160E-10 1.8160E-10 0.0000E+00 0.0000E+00 1.8160E-10 6.94E-06 6.94E-06   0.000 1.0000 6.9574E-06    690.933
11001.00 0.99962348 2.6080E-35 0.0000E+00 0.0000E+00 1.7977E-10 1.7977E-10 0.0000E+00 0.0000E+00 1.7977E-10 6.85E-06 6.86E-06   0.000 1.0000 6.8715E-06    691.174
11011.00 0.99962133 2.4632E-35 0.0000E+00 0.0000E+00 1.8389E-10 1.8389E-10 0.0000E+00 0.0000E+00 1.8389E-10 7.00E-06 7.00E-06   0.000 1.0000 7.0129E-06    692.404
11021.00 0.99961704 2.3396E-35 0.0000E+00 0.0000E+00 1.8815E-10 1.8815E-10 0.0000E+00 0.0000E+00 1.8815E-10 7.14E-06 7.14E-06   0.000 1.0000 7.1591E-06    693.645
11031.00 0.99962145 2.1716E-35 0.0000E+00 0.0000E+00 1.8427E-10 1.8427E-10 0.0000E+00 0.0000E+00 1.8427E-10 6.98E-06 6.98E-06   0.000 1.0000 6.9952E-06    693.560
11041.00 0.99962097 2.0418E-35 0.0000E+00 0.0000E+00 1.8917E-10 1.8917E-10 0.0000E+00 0.0000E+00 1.8917E-10 7.15E-06 7.15E-06   0.000 1.0000 7.1647E-06    694.903
11051.00 0.99961931 1.9256E-35 0.0000E+00 0.0000E+00 1.9087E-10 1.9087E-10 0.0000E+00 0.0000E+00 1.9087E-10 7.19E-06 7.20E-06   0.000 1.0000 7.2125E-06    695.721
11061.00 0.99961770 1.8157E-35 0.0000E+00 0.0000E+00 1.9095E-10 1.9095E-10 0.0000E+00 0.0000E+00 1.9095E-10 7.18E-06 7.18E-06   0.000 1.0000 7.1991E-06    696.281
11071.00 0.99961179 1.7308E-35 0.0000E+00 0.0000E+00 1.8956E-10 1.8956E-10 0.0000E+00 0.0000E+00 1.8956E-10 7.11E-06 7.12E-06   0.000 1.0000 7.1309E-06    696.606
11081.00 0.99960458 1.6555E-35 0.0000E+00 0.0000E+00 1.8457E-10 1.8457E-10 0.0000E+00 0.0000E+00 1.8457E-10 6.91E-06 6.91E-06   0.000 1.0000 6.9276E-06    696.340
11091.00 0.99960458 1.5549E-35 0.0000E+00 0.0000E+00 1.7734E-10 1.7734E-10 0.0000E+00 0.0000E+00 1.7734E-10 6.62E-06 6.63E-06   0.000 1.0000 6.6409E-06    695.671
11101.00 0.99960411 1.4613E-35 0.0000E+00 0.0000E+00 1.8559E-10 1.8559E-10 0.0000E+00 0.0000E+00 1.8559E-10 6.92E-06 6.92E-06   0.000 1.0000 6.9341E-06    697.600
11111.00 0.99960178 1.3805E-35 0.0000E+00 0.0000E+00 1.8739E-10 1.8739E-10 0.0000E+00 0.0000E+00 1.8739E-10 6.97E-06 6.97E-06   0.000 1.0000 6.9855E-06    698.441
11121.00 0.99959588 1.3156E-35 0.0000E+00 0.0000E+00 1.9234E-10 1.9234E-10 0.0000E+00 0.0000E+00 1.9234E-10 7.13E-06 7.14E-06   0.000 1.0000 7.1540E-06    699.783
11131.00 0.99960154 1.2181E-35 0.0000E+00 0.0000E+00 1.9274E-10 1.9274E-10 0.0000E+00 0.0000E+00 1.9274E-10 7.13E-06 7.14E-06   0.000 1.0000 7.1521E-06    700.393
11141.00 0.99960250 1.1408E-35 0.0000E+00 0.0000E+00 1.9200E-10 1.9200E-10 0.0000E+00 0.0000E+00 1.9200E-10 7.09E-06 7.09E-06   0.000 1.0000 7.1081E-06    700.822
11151.00 0.99960190 1.0727E-35 0.0000E+00 0.0000E+00 1.9236E-10 1.9236E-10 0.0000E+00 0.0000E+00 1.9236E-10 7.09E-06 7.09E-06   0.000 1.0000 7.1052E-06    701.426
11161.00 0.99960351 1.0021E-35 0.0000E+00 0.0000E+00 1.9628E-10 1.9628E-10 0.0000E+00 0.0000E+00 1.9628E-10 7.21E-06 7.22E-06   0.000 1.0000 7.2334E-06    702.592
11171.00 0.99960464 9.3867E-36 0.0000E+00 0.0000E+00 1.9166E-10 1.9166E-10 0.0000E+00 0.0000E+00 1.9166E-10 7.03E-06 7.03E-06   0.000 1.0000 7.0471E-06    702.408
11181.00 0.99960524 8.7858E-36 0.0000E+00 0.0000E+00 1.9243E-10 1.9243E-10 0.0000E+00 0.0000E+00 1.9243E-10 7.04E-06 7.04E-06   0.000 1.0000 7.0589E-06    703.077
11191.00 0.99960524 8.2526E-36 0.0000E+00 0.0000E+00 1.9500E-10 1.9500E-10 0.0000E+00 0.0000E+00 1.9500E-10 7.12E-06 7.12E-06   0.000 1.0000 7.1368E-06    704.031
11201.00 0.99960500 7.7511E-36 0.0000E+00 0.0000E+00 1.9111E-10 1.9111E-10 0.0000E+00 0.0000E+00 1.9111E-10 6.96E-06 6.96E-06   0.000 1.0000 6.9786E-06    703.958
11211.00 0.99960452 7.2881E-36 0.0000E+00 0.0000E+00 1.9555E-10 1.9555E-10 0.0000E+00 0.0000E+00 1.9555E-10 7.11E-06 7.11E-06   0.000 1.0000 7.1244E-06    705.212
11221.00 0.99960375 6.8555E-36 0.0000E+00 0.0000E+00 1.9701E-10 1.9701E-10 0.0000E+00 0.0000E+00 1.9701E-10 7.14E-06 7.15E-06   0.000 1.0000 7.1611E-06    705.987
11231.00 0.99960268 6.4547E-36 0.0000E+00 0.0000E+00 1.9885E-10 1.9885E-10 0.0000E+00 0.0000E+00 1.9885E-10 7.19E-06 7.20E-06   0.000 1.0000 7.2119E-06    706.821
11241.00 0.99960172 6.0756E-36 0.0000E+00 0.0000E+00 1.9736E-10 1.9736E-10 0.0000E+00 0.0000E+00 1.9736E-10 7.12E-06 7.13E-06   0.000 1.0000 7.1417E-06    707.135
11251.00 0.99960095 5.7165E-36 0.0000E+00 0.0000E+00 1.9831E-10 1.9831E-10 0.0000E+00 0.0000E+00 1.9831E-10 7.14E-06 7.14E-06   0.000 1.0000 7.1598E-06    707.830
11261.00 0.99960017 5.3781E-36 0.0000E+00 0.0000E+00 1.9712E-10 1.9712E-10 0.0000E+00 0.0000E+00 1.9712E-10 7.08E-06 7.08E-06   0.000 1.0000 7.1006E-06    708.190
11271.00 0.99959970 5.0570E-36 0.0000E+00 0.0000E+00 1.9396E-10 1.9396E-10 0.0000E+00 0.0000E+00 1.9396E-10 6.95E-06 6.96E-06   0.000 1.0000 6.9712E-06    708.237
11281.00 0.99959898 4.7558E-36 0.0000E+00 0.0000E+00 1.8796E-10 1.8796E-10 0.0000E+00 0.0000E+00 1.8796E-10 6.72E-06 6.73E-06   0.000 1.0000 6.7401E-06    707.812
11291.00 0.99959856 4.4704E-36 0.0000E+00 0.0000E+00 1.9924E-10 1.9924E-10 0.0000E+00 0.0000E+00 1.9924E-10 7.11E-06 7.11E-06   0.000 1.0000 7.1282E-06    710.161
11301.00 0.99959826 4.2005E-36 0.0000E+00 0.0000E+00 1.9983E-10 1.9983E-10 0.0000E+00 0.0000E+00 1.9983E-10 7.11E-06 7.12E-06   0.000 1.0000 7.1331E-06    710.799
11311.00 0.99959791 3.9476E-36 0.0000E+00 0.0000E+00 1.9757E-10 1.9757E-10 0.0000E+00 0.0000E+00 1.9757E-10 7.02E-06 7.02E-06   0.000 1.0000 7.0365E-06    710.993
11321.00 0.99959749 3.7105E-36 0.0000E+00 0.0000E+00 2.0044E-10 2.0044E-10 0.0000E+00 0.0000E+00 2.0044E-10 7.10E-06 7.11E-06   0.000 1.0000 7.1226E-06    711.988
11331.00 0.99959695 3.4880E-36 0.0000E+00 0.0000E+00 1.9673E-10 1.9673E-10 0.0000E+00 0.0000E+00 1.9673E-10 6.96E-06 6.96E-06   0.000 1.0000 6.9746E-06    711.952
11341.00 0.99959648 3.2791E-36 0.0000E+00 0.0000E+00 2.0049E-10 2.0049E-10 0.0000E+00 0.0000E+00 2.0049E-10 7.07E-06 7.08E-06   0.000 1.0000 7.0920E-06    713.088
11351.00 0.99959588 3.0834E-36 0.0000E+00 0.0000E+00 1.8997E-10 1.8997E-10 0.0000E+00 0.0000E+00 1.8997E-10 6.69E-06 6.69E-06   0.000 1.0000 6.7048E-06    711.958
11361.00 0.99959522 2.9002E-36 0.0000E+00 0.0000E+00 2.0130E-10 2.0130E-10 0.0000E+00 0.0000E+00 2.0130E-10 7.07E-06 7.07E-06   0.000 1.0000 7.0885E-06    714.306
11371.00 0.99959445 2.7282E-36 0.0000E+00 0.0000E+00 1.9907E-10 1.9907E-10 0.0000E+00 0.0000E+00 1.9907E-10 6.98E-06 6.98E-06   0.000 1.0000 6.9944E-06    714.505
11381.00 0.99959385 2.5666E-36 0.0000E+00 0.0000E+00 2.0431E-10 2.0431E-10 0.0000E+00 0.0000E+00 2.0431E-10 7.14E-06 7.15E-06   0.000 1.0000 7.1623E-06    715.863
11391.00 0.99959290 2.4149E-36 0.0000E+00 0.0000E+00 2.0302E-10 2.0302E-10 0.0000E+00 0.0000E+00 2.0302E-10 7.08E-06 7.09E-06   0.000 1.0000 7.1013E-06    716.212
11401.00 0.99959189 2.2727E-36 0.0000E+00 0.0000E+00 2.0401E-10 2.0401E-10 0.0000E+00 0.0000E+00 2.0401E-10 7.10E-06 7.10E-06   0.000 1.0000 7.1195E-06    716.909
11411.00 0.99959093 2.1394E-36 0.0000E+00 0.0000E+00 2.0362E-10 2.0362E-10 0.0000E+00 0.0000E+00 2.0362E-10 7.07E-06 7.07E-06   0.000 1.0000 7.0904E-06    717.397
11421.00 0.99958974 2.0141E-36 0.0000E+00 0.0000E+00 1.9799E-10 1.9799E-10 0.0000E+00 0.0000E+00 1.9799E-10 6.86E-06 6.86E-06   0.000 1.0000 6.8786E-06    717.064
11431.00 0.99958861 1.8964E-36 0.0000E+00 0.0000E+00 2.0163E-10 2.0163E-10 0.0000E+00 0.0000E+00 2.0163E-10 6.97E-06 6.97E-06   0.000 1.0000 6.9893E-06    718.180
11441.00 0.99958724 1.7863E-36 0.0000E+00 0.0000E+00 2.0321E-10 2.0321E-10 0.0000E+00 0.0000E+00 2.0321E-10 7.01E-06 7.01E-06   0.000 1.0000 7.0284E-06    718.971
11451.00 0.99958593 1.6829E-36 0.0000E+00 0.0000E+00 2.0533E-10 2.0533E-10 0.0000E+00 0.0000E+00 2.0533E-10 7.07E-06 7.07E-06   0.000 1.0000 7.0859E-06    719.844
11461.00 0.99958432 1.5862E-36 0.0000E+00 0.0000E+00 2.0811E-10 2.0811E-10 0.0000E+00 0.0000E+00 2.0811E-10 7.15E-06 7.15E-06   0.000 1.0000 7.1660E-06    720.814
11471.00 0.99958253 1.4957E-36 0.0000E+00 0.0000E+00 2.0510E-10 2.0510E-10 0.0000E+00 0.0000E+00 2.0510E-10 7.03E-06 7.03E-06   0.000 1.0000 7.0465E-06    720.900
11481.00 0.99958068 1.4105E-36 0.0000E+00 0.0000E+00 2.0678E-10 2.0678E-10 0.0000E+00 0.0000E+00 2.0678E-10 7.07E-06 7.07E-06   0.000 1.0000 7.0883E-06    721.704
11491.00 0.99957913 1.3293E-36 0.0000E+00 0.0000E+00 2.0702E-10 2.0702E-10 0.0000E+00 0.0000E+00 2.0702E-10 7.06E-06 7.06E-06   0.000 1.0000 7.0811E-06    722.288
11501.00 0.99957711 1.2541E-36 0.0000E+00 0.0000E+00 2.0247E-10 2.0247E-10 0.0000E+00 0.0000E+00 2.0247E-10 6.89E-06 6.89E-06   0.000 1.0000 6.9103E-06    722.133
11511.00 0.99957561 1.1704E-36 0.0000E+00 0.0000E+00 2.0166E-10 2.0166E-10 0.0000E+00 0.0000E+00 2.0166E-10 6.85E-06 6.85E-06   0.000 1.0000 6.8667E-06    722.551
11521.00 0.99957389 1.1034E-36 0.0000E+00 0.0000E+00 2.0285E-10 2.0285E-10 0.0000E+00 0.0000E+00 2.0285E-10 6.87E-06 6.88E-06   0.000 1.0000 6.8922E-06    723.282
11531.00 0.99957156 1.0303E-36 0.0000E+00 0.0000E+00 1.9571E-10 1.9571E-10 0.0000E+00 0.0000E+00 1.9571E-10 6.62E-06 6.62E-06   0.000 1.0000 6.6351E-06    722.698
11541.00 0.99956918 9.7265E-37 0.0000E+00 0.0000E+00 1.5601E-10 1.5601E-10 0.0000E+00 0.0000E+00 1.5601E-10 5.26E-06 5.26E-06   0.000 1.0000 5.2774E-06    716.171
11551.00 0.99956673 9.1853E-37 0.0000E+00 0.0000E+00 1.9881E-10 1.9881E-10 0.0000E+00 0.0000E+00 1.9881E-10 6.69E-06 6.69E-06   0.000 1.0000 6.7102E-06    724.284
11561.00 0.99956405 8.6761E-37 0.0000E+00 0.0000E+00 2.0928E-10 2.0928E-10 0.0000E+00 0.0000E+00 2.0928E-10 7.03E-06 7.03E-06   0.000 1.0000 7.0485E-06    726.454
11571.00 0.99956119 8.2019E-37 0.0000E+00 0.0000E+00 2.1359E-10 2.1359E-10 0.0000E+00 0.0000E+00 2.1359E-10 7.16E-06 7.16E-06   0.000 1.0000 7.1778E-06    727.647
11581.00 0.99955779 7.7583E-37 0.0000E+00 0.0000E+00 2.1268E-10 2.1268E-10 0.0000E+00 0.0000E+00 2.1268E-10 7.11E-06 7.11E-06   0.000 1.0000 7.1315E-06    728.057
11591.00 0.99955475 7.3362E-37 0.0000E+00 0.0000E+00 2.1321E-10 2.1321E-10 0.0000E+00 0.0000E+00 2.1321E-10 7.11E-06 7.12E-06   0.000 1.0000 7.1338E-06    728.684
11601.00 0.99955159 6.9352E-37 0.0000E+00 0.0000E+00 2.1019E-10 2.1019E-10 0.0000E+00 0.0000E+00 2.1019E-10 7.00E-06 7.00E-06   0.000 1.0000 7.0173E-06    728.776
11611.00 0.99954849 6.5571E-37 0.0000E+00 0.0000E+00 2.1036E-10 2.1036E-10 0.0000E+00 0.0000E+00 2.1036E-10 6.99E-06 6.99E-06   0.000 1.0000 7.0074E-06    729.346
11621.00 0.99954522 6.2026E-37 0.0000E+00 0.0000E+00 2.1289E-10 2.1289E-10 0.0000E+00 0.0000E+00 2.1289E-10 7.05E-06 7.06E-06   0.000 1.0000 7.0763E-06    730.273
11631.00 0.99954158 5.7540E-37 0.0000E+00 0.0000E+00 2.1184E-10 2.1184E-10 0.0000E+00 0.0000E+00 2.1184E-10 7.00E-06 7.01E-06   0.000 1.0000 7.0263E-06    730.662
11641.00 0.99953818 5.4426E-37 0.0000E+00 0.0000E+00 2.1197E-10 2.1197E-10 0.0000E+00 0.0000E+00 2.1197E-10 6.99E-06 7.00E-06   0.000 1.0000 7.0154E-06    731.228
11651.00 0.99953532 5.0309E-37 0.0000E+00 0.0000E+00 2.1244E-10 2.1244E-10 0.0000E+00 0.0000E+00 2.1244E-10 6.99E-06 7.00E-06   0.000 1.0000 7.0154E-06    731.844
11661.00 0.99953252 4.7509E-37 0.0000E+00 0.0000E+00 2.1670E-10 2.1670E-10 0.0000E+00 0.0000E+00 2.1670E-10 7.12E-06 7.12E-06   0.000 1.0000 7.1406E-06    733.026
11671.00 0.99952996 4.4844E-37 0.0000E+00 0.0000E+00 2.1752E-10 2.1752E-10 0.0000E+00 0.0000E+00 2.1752E-10 7.13E-06 7.13E-06   0.000 1.0000 7.1519E-06    733.692
11681.00 0.99952769 4.2318E-37 0.0000E+00 0.0000E+00 2.1441E-10 2.1441E-10 0.0000E+00 0.0000E+00 2.1441E-10 7.01E-06 7.01E-06   0.000 1.0000 7.0342E-06    733.776
11691.00 0.99952543 3.9917E-37 0.0000E+00 0.0000E+00 2.0818E-10 2.0818E-10 0.0000E+00 0.0000E+00 2.0818E-10 6.79E-06 6.79E-06   0.000 1.0000 6.8153E-06    733.380
11701.00 0.99952334 3.6480E-37 0.0000E+00 0.0000E+00 1.5628E-10 1.5628E-10 0.0000E+00 0.0000E+00 1.5628E-10 5.09E-06 5.09E-06   0.000 1.0000 5.1054E-06    724.863
11711.00 0.99952173 3.4366E-37 0.0000E+00 0.0000E+00 1.8711E-10 1.8711E-10 0.0000E+00 0.0000E+00 1.8711E-10 6.08E-06 6.08E-06   0.000 1.0000 6.0975E-06    731.069
11721.00 0.99952084 3.1212E-37 0.0000E+00 0.0000E+00 2.1339E-10 2.1339E-10 0.0000E+00 0.0000E+00 2.1339E-10 6.92E-06 6.92E-06   0.000 1.0000 6.9393E-06    735.807
11731.00 0.99952084 2.9312E-37 0.0000E+00 0.0000E+00 2.1724E-10 2.1724E-10 0.0000E+00 0.0000E+00 2.1724E-10 7.02E-06 7.03E-06   0.000 1.0000 7.0489E-06    736.928
11741.00 0.99952149 2.7482E-37 0.0000E+00 0.0000E+00 2.1136E-10 2.1136E-10 0.0000E+00 0.0000E+00 2.1136E-10 6.82E-06 6.82E-06   0.000 1.0000 6.8430E-06    736.591
11751.00 0.99952281 2.4602E-37 0.0000E+00 0.0000E+00 2.1917E-10 2.1917E-10 0.0000E+00 0.0000E+00 2.1917E-10 7.06E-06 7.06E-06   0.000 1.0000 7.0799E-06    738.304
11761.00 0.99952453 2.1875E-37 0.0000E+00 0.0000E+00 1.9455E-10 1.9455E-10 0.0000E+00 0.0000E+00 1.9455E-10 6.25E-06 6.25E-06   0.000 1.0000 6.2711E-06    735.027
11771.00 0.99952608 2.0467E-37 0.0000E+00 0.0000E+00 2.0913E-10 2.0913E-10 0.0000E+00 0.0000E+00 2.0913E-10 6.70E-06 6.71E-06   0.000 1.0000 6.7248E-06    737.885
11781.00 0.99952763 1.7994E-37 0.0000E+00 0.0000E+00 2.2253E-10 2.2253E-10 0.0000E+00 0.0000E+00 2.2253E-10 7.12E-06 7.12E-06   0.000 1.0000 7.1404E-06    740.434
11791.00 0.99952883 1.5685E-37 0.0000E+00 0.0000E+00 2.2291E-10 2.2291E-10 0.0000E+00 0.0000E+00 2.2291E-10 7.11E-06 7.12E-06   0.000 1.0000 7.1364E-06    741.035
11801.00 0.99952996 1.4692E-37 0.0000E+00 0.0000E+00 2.1839E-10 2.1839E-10 0.0000E+00 0.0000E+00 2.1839E-10 6.95E-06 6.96E-06   0.000 1.0000 6.9763E-06    740.918
11811.00 0.99953067 1.2617E-37 0.0000E+00 0.0000E+00 2.1962E-10 2.1962E-10 0.0000E+00 0.0000E+00 2.1962E-10 6.98E-06 6.98E-06   0.000 1.0000 7.0000E-06    741.646
11821.00 0.99953127 1.0692E-37 0.0000E+00 0.0000E+00 2.2369E-10 2.2369E-10 0.0000E+00 0.0000E+00 2.2369E-10 7.09E-06 7.09E-06   0.000 1.0000 7.1140E-06    742.787
11831.00 0.99953163 1.0031E-37 0.0000E+00 0.0000E+00 2.2377E-10 2.2377E-10 0.0000E+00 0.0000E+00 2.2377E-10 7.08E-06 7.08E-06   0.000 1.0000 7.1007E-06    743.344
11841.00 0.99953181 7.1316E-38 0.0000E+00 0.0000E+00 2.2181E-10 2.2181E-10 0.0000E+00 0.0000E+00 2.2181E-10 7.00E-06 7.00E-06   0.000 1.0000 7.0230E-06    743.605
11851.00 0.99953175 6.6982E-38 0.0000E+00 0.0000E+00 2.1970E-10 2.1970E-10 0.0000E+00 0.0000E+00 2.1970E-10 6.92E-06 6.92E-06   0.000 1.0000 6.9407E-06    743.840
11861.00 0.99953145 3.9902E-38 0.0000E+00 0.0000E+00 2.2449E-10 2.2449E-10 0.0000E+00 0.0000E+00 2.2449E-10 7.05E-06 7.06E-06   0.000 1.0000 7.0767E-06    745.087
11871.00 0.99953097 3.7495E-38 0.0000E+00 0.0000E+00 2.2323E-10 2.2323E-10 0.0000E+00 0.0000E+00 2.2323E-10 7.00E-06 7.00E-06   0.000 1.0000 7.0212E-06    745.449
11881.00 0.99953026 1.2382E-38 0.0000E+00 0.0000E+00 2.2576E-10 2.2576E-10 0.0000E+00 0.0000E+00 2.2576E-10 7.06E-06 7.07E-06   0.000 1.0000 7.0855E-06    746.363
11891.00 0.99952972 0.0000E+00 0.0000E+00 0.0000E+00 2.2817E-10 2.2817E-10 0.0000E+00 0.0000E+00 2.2817E-10 7.12E-06 7.13E-06   0.000 1.0000 7.1453E-06    747.254
11901.00 0.99952906 0.0000E+00 0.0000E+00 0.0000E+00 2.2699E-10 2.2699E-10 0.0000E+00 0.0000E+00 2.2699E-10 7.07E-06 7.07E-06   0.000 1.0000 7.0928E-06    747.631
11911.00 0.99952835 0.0000E+00 0.0000E+00 0.0000E+00 2.2643E-10 2.2643E-10 0.0000E+00 0.0000E+00 2.2643E-10 7.04E-06 7.04E-06   0.000 1.0000 7.0600E-06    748.096
11921.00 0.99952722 0.0000E+00 0.0000E+00 0.0000E+00 2.2024E-10 2.2024E-10 0.0000E+00 0.0000E+00 2.2024E-10 6.83E-06 6.83E-06   0.000 1.0000 6.8519E-06    747.737
11931.00 0.99952614 0.0000E+00 0.0000E+00 0.0000E+00 2.2848E-10 2.2848E-10 0.0000E+00 0.0000E+00 2.2848E-10 7.07E-06 7.07E-06   0.000 1.0000 7.0928E-06    749.482
11941.00 0.99952489 0.0000E+00 0.0000E+00 0.0000E+00 2.3050E-10 2.3050E-10 0.0000E+00 0.0000E+00 2.3050E-10 7.12E-06 7.12E-06   0.000 1.0000 7.1401E-06    750.317
11951.00 0.99952370 0.0000E+00 0.0000E+00 0.0000E+00 2.2791E-10 2.2791E-10 0.0000E+00 0.0000E+00 2.2791E-10 7.02E-06 7.02E-06   0.000 1.0000 7.0443E-06    750.492
11961.00 0.99952221 0.0000E+00 0.0000E+00 0.0000E+00 2.3046E-10 2.3046E-10 0.0000E+00 0.0000E+00 2.3046E-10 7.08E-06 7.09E-06   0.000 1.0000 7.1078E-06    751.403
11971.00 0.99952108 0.0000E+00 0.0000E+00 0.0000E+00 2.3040E-10 2.3040E-10 0.0000E+00 0.0000E+00 2.3040E-10 7.07E-06 7.07E-06   0.000 1.0000 7.0906E-06    751.941
11981.00 0.99951971 0.0000E+00 0.0000E+00 0.0000E+00 2.2687E-10 2.2687E-10 0.0000E+00 0.0000E+00 2.2687E-10 6.94E-06 6.95E-06   0.000 1.0000 6.9668E-06    751.980
11991.00 0.99951768 0.0000E+00 0.0000E+00 0.0000E+00 2.2781E-10 2.2781E-10 0.0000E+00 0.0000E+00 2.2781E-10 6.96E-06 6.96E-06   0.000 1.0000 6.9804E-06    752.660
12001.00 0.99951595 0.0000E+00 0.0000E+00 0.0000E+00 2.2528E-10 2.2528E-10 0.0000E+00 0.0000E+00 2.2528E-10 6.87E-06 6.87E-06   0.000 1.0000 6.8879E-06    752.839
12011.00 0.99951315 0.0000E+00 0.0000E+00 0.0000E+00 2.2922E-10 2.2922E-10 0.0000E+00 0.0000E+00 2.2922E-10 6.97E-06 6.97E-06   0.000 1.0000 6.9934E-06    753.955
12021.00 0.99951088 0.0000E+00 0.0000E+00 0.0000E+00 2.3221E-10 2.3221E-10 0.0000E+00 0.0000E+00 2.3221E-10 7.05E-06 7.05E-06   0.000 1.0000 7.0695E-06    754.927
12031.00 0.99950969 0.0000E+00 0.0000E+00 0.0000E+00 2.2869E-10 2.2869E-10 0.0000E+00 0.0000E+00 2.2869E-10 6.92E-06 6.93E-06   0.000 1.0000 6.9475E-06    754.970
12041.00 0.99950618 0.0000E+00 0.0000E+00 0.0000E+00 2.3190E-10 2.3190E-10 0.0000E+00 0.0000E+00 2.3190E-10 7.01E-06 7.01E-06   0.000 1.0000 7.0298E-06    755.974
12051.00 0.99950391 0.0000E+00 0.0000E+00 0.0000E+00 2.3280E-10 2.3280E-10 0.0000E+00 0.0000E+00 2.3280E-10 7.02E-06 7.02E-06   0.000 1.0000 7.0419E-06    756.647
12061.00 0.99949956 0.0000E+00 0.0000E+00 0.0000E+00 2.3568E-10 2.3568E-10 0.0000E+00 0.0000E+00 2.3568E-10 7.09E-06 7.09E-06   0.001 1.0000 7.1140E-06    757.600
12071.00 0.99949664 0.0000E+00 0.0000E+00 0.0000E+00 2.3771E-10 2.3771E-10 0.0000E+00 0.0000E+00 2.3771E-10 7.13E-06 7.14E-06   0.001 1.0000 7.1599E-06    758.430
12081.00 0.99949270 0.0000E+00 0.0000E+00 0.0000E+00 2.3698E-10 2.3698E-10 0.0000E+00 0.0000E+00 2.3698E-10 7.10E-06 7.10E-06   0.001 1.0000 7.1226E-06    758.873
12091.00 0.99949276 0.0000E+00 0.0000E+00 0.0000E+00 2.3791E-10 2.3791E-10 0.0000E+00 0.0000E+00 2.3791E-10 7.11E-06 7.11E-06   0.001 1.0000 7.1353E-06    759.550
12101.00 0.99948800 0.0000E+00 0.0000E+00 0.0000E+00 2.3818E-10 2.3818E-10 0.0000E+00 0.0000E+00 2.3818E-10 7.10E-06 7.11E-06   0.001 1.0000 7.1283E-06    760.133
12111.00 0.99948370 0.0000E+00 0.0000E+00 0.0000E+00 2.3722E-10 2.3722E-10 0.0000E+00 0.0000E+00 2.3722E-10 7.06E-06 7.06E-06   0.001 1.0000 7.0848E-06    760.545
12121.00 0.99948120 0.0000E+00 0.0000E+00 0.0000E+00 2.3570E-10 2.3570E-10 0.0000E+00 0.0000E+00 2.3570E-10 7.00E-06 7.00E-06   0.001 1.0000 7.0243E-06    760.876
12131.00 0.99947631 0.0000E+00 0.0000E+00 0.0000E+00 2.3765E-10 2.3765E-10 0.0000E+00 0.0000E+00 2.3765E-10 7.04E-06 7.04E-06   0.001 1.0000 7.0679E-06    761.697
12141.00 0.99946916 0.0000E+00 0.0000E+00 0.0000E+00 2.3490E-10 2.3490E-10 0.0000E+00 0.0000E+00 2.3490E-10 6.94E-06 6.95E-06   0.001 1.0000 6.9714E-06    761.855
12151.00 0.99945849 0.0000E+00 0.0000E+00 0.0000E+00 2.3757E-10 2.3757E-10 0.0000E+00 0.0000E+00 2.3757E-10 7.01E-06 7.01E-06   0.001 1.0000 7.0361E-06    762.776
12161.00 0.99946314 0.0000E+00 0.0000E+00 0.0000E+00 2.3363E-10 2.3363E-10 0.0000E+00 0.0000E+00 2.3363E-10 6.88E-06 6.88E-06   0.001 1.0000 6.9045E-06    762.766
12171.00 0.99945980 0.0000E+00 0.0000E+00 0.0000E+00 2.3513E-10 2.3513E-10 0.0000E+00 0.0000E+00 2.3513E-10 6.91E-06 6.91E-06   0.001 1.0000 6.9343E-06    763.524
12181.00 0.99945647 0.0000E+00 0.0000E+00 0.0000E+00 2.3652E-10 2.3652E-10 0.0000E+00 0.0000E+00 2.3652E-10 6.93E-06 6.94E-06   0.001 1.0000 6.9604E-06    764.265
12191.00 0.99944878 0.0000E+00 0.0000E+00 0.0000E+00 2.3495E-10 2.3495E-10 0.0000E+00 0.0000E+00 2.3495E-10 6.87E-06 6.88E-06   0.001 1.0000 6.9001E-06    764.589
12201.00 0.99944365 0.0000E+00 0.0000E+00 0.0000E+00 2.3297E-10 2.3297E-10 0.0000E+00 0.0000E+00 2.3297E-10 6.80E-06 6.80E-06   0.001 1.0000 6.8274E-06    764.852
12211.00 0.99944109 0.0000E+00 0.0000E+00 0.0000E+00 2.3797E-10 2.3797E-10 0.0000E+00 0.0000E+00 2.3797E-10 6.93E-06 6.93E-06   0.001 1.0000 6.9594E-06    766.106
12221.00 0.99943739 0.0000E+00 0.0000E+00 0.0000E+00 2.3787E-10 2.3787E-10 0.0000E+00 0.0000E+00 2.3787E-10 6.91E-06 6.92E-06   0.001 1.0000 6.9415E-06    766.636
12231.00 0.99943632 0.0000E+00 0.0000E+00 0.0000E+00 2.4456E-10 2.4456E-10 0.0000E+00 0.0000E+00 2.4456E-10 7.09E-06 7.09E-06   0.001 1.0000 7.1216E-06    768.110
12241.00 0.99943304 0.0000E+00 0.0000E+00 0.0000E+00 2.4409E-10 2.4409E-10 0.0000E+00 0.0000E+00 2.4409E-10 7.06E-06 7.07E-06   0.001 1.0000 7.0928E-06    768.592
12251.00 0.99943215 0.0000E+00 0.0000E+00 0.0000E+00 2.4415E-10 2.4415E-10 0.0000E+00 0.0000E+00 2.4415E-10 7.05E-06 7.05E-06   0.001 1.0000 7.0794E-06    769.145
12261.00 0.99943382 0.0000E+00 0.0000E+00 0.0000E+00 2.4502E-10 2.4502E-10 0.0000E+00 0.0000E+00 2.4502E-10 7.06E-06 7.06E-06   0.001 1.0000 7.0894E-06    769.811
12271.00 0.99943459 0.0000E+00 0.0000E+00 0.0000E+00 2.4577E-10 2.4577E-10 0.0000E+00 0.0000E+00 2.4577E-10 7.06E-06 7.07E-06   0.001 1.0000 7.0956E-06    770.459
12281.00 0.99943531 0.0000E+00 0.0000E+00 0.0000E+00 2.4711E-10 2.4711E-10 0.0000E+00 0.0000E+00 2.4711E-10 7.09E-06 7.09E-06   0.001 1.0000 7.1191E-06    771.188
12291.00 0.99943542 0.0000E+00 0.0000E+00 0.0000E+00 2.4823E-10 2.4823E-10 0.0000E+00 0.0000E+00 2.4823E-10 7.10E-06 7.11E-06   0.001 1.0000 7.1358E-06    771.886
12301.00 0.99943727 0.0000E+00 0.0000E+00 0.0000E+00 2.4759E-10 2.4759E-10 0.0000E+00 0.0000E+00 2.4759E-10 7.07E-06 7.08E-06   0.001 1.0000 7.1019E-06    772.344
12311.00 0.99943805 0.0000E+00 0.0000E+00 0.0000E+00 2.4819E-10 2.4819E-10 0.0000E+00 0.0000E+00 2.4819E-10 7.07E-06 7.08E-06   0.001 1.0000 7.1036E-06    772.971
12321.00 0.99943900 0.0000E+00 0.0000E+00 0.0000E+00 2.4804E-10 2.4804E-10 0.0000E+00 0.0000E+00 2.4804E-10 7.05E-06 7.06E-06   0.001 1.0000 7.0841E-06    773.497
12331.00 0.99943984 0.0000E+00 0.0000E+00 0.0000E+00 2.4922E-10 2.4922E-10 0.0000E+00 0.0000E+00 2.4922E-10 7.07E-06 7.08E-06   0.001 1.0000 7.1024E-06    774.203
12341.00 0.99944067 0.0000E+00 0.0000E+00 0.0000E+00 2.4656E-10 2.4656E-10 0.0000E+00 0.0000E+00 2.4656E-10 6.98E-06 6.99E-06   0.001 1.0000 7.0116E-06    774.386
12351.00 0.99944139 0.0000E+00 0.0000E+00 0.0000E+00 2.4404E-10 2.4404E-10 0.0000E+00 0.0000E+00 2.4404E-10 6.90E-06 6.90E-06   0.001 1.0000 6.9247E-06    774.584
12361.00 0.99944258 0.0000E+00 0.0000E+00 0.0000E+00 2.4649E-10 2.4649E-10 0.0000E+00 0.0000E+00 2.4649E-10 6.95E-06 6.95E-06   0.001 1.0000 6.9793E-06    775.467
12371.00 0.99944347 0.0000E+00 0.0000E+00 0.0000E+00 2.4866E-10 2.4866E-10 0.0000E+00 0.0000E+00 2.4866E-10 7.00E-06 7.00E-06   0.001 1.0000 7.0253E-06    776.308
12381.00 0.99944425 0.0000E+00 0.0000E+00 0.0000E+00 2.4960E-10 2.4960E-10 0.0000E+00 0.0000E+00 2.4960E-10 7.01E-06 7.01E-06   0.001 1.0000 7.0369E-06    776.982
12391.00 0.99944466 0.0000E+00 0.0000E+00 0.0000E+00 2.5182E-10 2.5182E-10 0.0000E+00 0.0000E+00 2.5182E-10 7.06E-06 7.06E-06   0.001 1.0000 7.0840E-06    777.828
12401.00 0.99944496 0.0000E+00 0.0000E+00 0.0000E+00 2.5455E-10 2.5455E-10 0.0000E+00 0.0000E+00 2.5455E-10 7.12E-06 7.12E-06   0.001 1.0000 7.1455E-06    778.740
12411.00 0.99944478 0.0000E+00 0.0000E+00 0.0000E+00 2.5321E-10 2.5321E-10 0.0000E+00 0.0000E+00 2.5321E-10 7.06E-06 7.07E-06   0.001 1.0000 7.0929E-06    779.106
12421.00 0.99944448 0.0000E+00 0.0000E+00 0.0000E+00 2.4631E-10 2.4631E-10 0.0000E+00 0.0000E+00 2.4631E-10 6.86E-06 6.86E-06   0.001 1.0000 6.8849E-06    778.713
12431.00 0.99944371 0.0000E+00 0.0000E+00 0.0000E+00 2.5266E-10 2.5266E-10 0.0000E+00 0.0000E+00 2.5266E-10 7.02E-06 7.02E-06   0.001 1.0000 7.0471E-06    780.123
12441.00 0.99944293 0.0000E+00 0.0000E+00 0.0000E+00 2.5441E-10 2.5441E-10 0.0000E+00 0.0000E+00 2.5441E-10 7.05E-06 7.06E-06   0.001 1.0000 7.0810E-06    780.904
12451.00 0.99944210 0.0000E+00 0.0000E+00 0.0000E+00 2.5181E-10 2.5181E-10 0.0000E+00 0.0000E+00 2.5181E-10 6.97E-06 6.97E-06   0.001 1.0000 6.9937E-06    781.099
12461.00 0.99944091 0.0000E+00 0.0000E+00 0.0000E+00 2.5531E-10 2.5531E-10 0.0000E+00 0.0000E+00 2.5531E-10 7.05E-06 7.05E-06   0.001 1.0000 7.0759E-06    782.116
12471.00 0.99943972 0.0000E+00 0.0000E+00 0.0000E+00 2.5716E-10 2.5716E-10 0.0000E+00 0.0000E+00 2.5716E-10 7.08E-06 7.09E-06   0.001 1.0000 7.1120E-06    782.907
12481.00 0.99943835 0.0000E+00 0.0000E+00 0.0000E+00 2.5738E-10 2.5738E-10 0.0000E+00 0.0000E+00 2.5738E-10 7.07E-06 7.08E-06   0.001 1.0000 7.1032E-06    783.482
12491.00 0.99943709 0.0000E+00 0.0000E+00 0.0000E+00 2.5566E-10 2.5566E-10 0.0000E+00 0.0000E+00 2.5566E-10 7.01E-06 7.02E-06   0.001 1.0000 7.0410E-06    783.798
12501.00 0.99943548 0.0000E+00 0.0000E+00 0.0000E+00 2.5320E-10 2.5320E-10 0.0000E+00 0.0000E+00 2.5320E-10 6.93E-06 6.93E-06   0.001 1.0000 6.9583E-06    784.013
12511.00 0.99943393 0.0000E+00 0.0000E+00 0.0000E+00 2.5949E-10 2.5949E-10 0.0000E+00 0.0000E+00 2.5949E-10 7.09E-06 7.09E-06   0.001 1.0000 7.1163E-06    785.398
12521.00 0.99943161 0.0000E+00 0.0000E+00 0.0000E+00 2.5985E-10 2.5985E-10 0.0000E+00 0.0000E+00 2.5985E-10 7.08E-06 7.09E-06   0.001 1.0000 7.1113E-06    785.992
12531.00 0.99943006 0.0000E+00 0.0000E+00 0.0000E+00 2.5989E-10 2.5989E-10 0.0000E+00 0.0000E+00 2.5989E-10 7.07E-06 7.07E-06   0.001 1.0000 7.0974E-06    786.542
12541.00 0.99942815 0.0000E+00 0.0000E+00 0.0000E+00 2.6010E-10 2.6010E-10 0.0000E+00 0.0000E+00 2.6010E-10 7.06E-06 7.06E-06   0.001 1.0000 7.0882E-06    787.116
12551.00 0.99942636 0.0000E+00 0.0000E+00 0.0000E+00 2.6106E-10 2.6106E-10 0.0000E+00 0.0000E+00 2.6106E-10 7.07E-06 7.07E-06   0.001 1.0000 7.0994E-06    787.787
12561.00 0.99942434 0.0000E+00 0.0000E+00 0.0000E+00 2.5952E-10 2.5952E-10 0.0000E+00 0.0000E+00 2.5952E-10 7.01E-06 7.02E-06   0.001 1.0000 7.0428E-06    788.129
12571.00 0.99942285 0.0000E+00 0.0000E+00 0.0000E+00 2.6063E-10 2.6063E-10 0.0000E+00 0.0000E+00 2.6063E-10 7.03E-06 7.03E-06   0.001 1.0000 7.0580E-06    788.821
12581.00 0.99942076 0.0000E+00 0.0000E+00 0.0000E+00 2.5206E-10 2.5206E-10 0.0000E+00 0.0000E+00 2.5206E-10 6.78E-06 6.79E-06   0.001 1.0000 6.8119E-06    788.217
12591.00 0.99941826 0.0000E+00 0.0000E+00 0.0000E+00 2.5342E-10 2.5342E-10 0.0000E+00 0.0000E+00 2.5342E-10 6.81E-06 6.81E-06   0.001 1.0000 6.8345E-06    788.948
12601.00 0.99941528 0.0000E+00 0.0000E+00 0.0000E+00 2.5386E-10 2.5386E-10 0.0000E+00 0.0000E+00 2.5386E-10 6.80E-06 6.81E-06   0.001 1.0000 6.8321E-06    789.552
12611.00 0.99941206 0.0000E+00 0.0000E+00 0.0000E+00 2.6113E-10 2.6113E-10 0.0000E+00 0.0000E+00 2.6113E-10 6.98E-06 6.99E-06   0.001 1.0000 7.0130E-06    791.069
12621.00 0.99940920 0.0000E+00 0.0000E+00 0.0000E+00 2.6162E-10 2.6162E-10 0.0000E+00 0.0000E+00 2.6162E-10 6.98E-06 6.99E-06   0.001 1.0000 7.0117E-06    791.679
12631.00 0.99940628 0.0000E+00 0.0000E+00 0.0000E+00 2.5835E-10 2.5835E-10 0.0000E+00 0.0000E+00 2.5835E-10 6.88E-06 6.88E-06   0.001 1.0000 6.9099E-06    791.790
12641.00 0.99940288 0.0000E+00 0.0000E+00 0.0000E+00 2.6391E-10 2.6391E-10 0.0000E+00 0.0000E+00 2.6391E-10 7.01E-06 7.02E-06   0.001 1.0000 7.0438E-06    793.070
12651.00 0.99939984 0.0000E+00 0.0000E+00 0.0000E+00 2.6640E-10 2.6640E-10 0.0000E+00 0.0000E+00 2.6640E-10 7.06E-06 7.07E-06   0.001 1.0000 7.0958E-06    793.941
12661.00 0.99939680 0.0000E+00 0.0000E+00 0.0000E+00 2.6651E-10 2.6651E-10 0.0000E+00 0.0000E+00 2.6651E-10 7.05E-06 7.06E-06   0.001 1.0000 7.0839E-06    794.501
12671.00 0.99939412 0.0000E+00 0.0000E+00 0.0000E+00 2.6844E-10 2.6844E-10 0.0000E+00 0.0000E+00 2.6844E-10 7.09E-06 7.09E-06   0.001 1.0000 7.1204E-06    795.296
12681.00 0.99939066 0.0000E+00 0.0000E+00 0.0000E+00 2.6762E-10 2.6762E-10 0.0000E+00 0.0000E+00 2.6762E-10 7.05E-06 7.06E-06   0.001 1.0000 7.0842E-06    795.736
12691.00 0.99938738 0.0000E+00 0.0000E+00 0.0000E+00 2.6684E-10 2.6684E-10 0.0000E+00 0.0000E+00 2.6684E-10 7.02E-06 7.02E-06   0.001 1.0000 7.0488E-06    796.179
12701.00 0.99938393 0.0000E+00 0.0000E+00 0.0000E+00 2.6921E-10 2.6921E-10 0.0000E+00 0.0000E+00 2.6921E-10 7.06E-06 7.07E-06   0.001 1.0000 7.0968E-06    797.032
12711.00 0.99938035 0.0000E+00 0.0000E+00 0.0000E+00 2.7142E-10 2.7142E-10 0.0000E+00 0.0000E+00 2.7142E-10 7.11E-06 7.11E-06   0.001 1.0000 7.1406E-06    797.862
12721.00 0.99937689 0.0000E+00 0.0000E+00 0.0000E+00 2.6659E-10 2.6659E-10 0.0000E+00 0.0000E+00 2.6659E-10 6.97E-06 6.97E-06   0.001 1.0000 6.9992E-06    797.783
12731.00 0.99937314 0.0000E+00 0.0000E+00 0.0000E+00 2.6664E-10 2.6664E-10 0.0000E+00 0.0000E+00 2.6664E-10 6.95E-06 6.96E-06   0.001 1.0000 6.9861E-06    798.335
12741.00 0.99936861 0.0000E+00 0.0000E+00 0.0000E+00 2.7165E-10 2.7165E-10 0.0000E+00 0.0000E+00 2.7165E-10 7.07E-06 7.07E-06   0.001 1.0000 7.1028E-06    799.528
12751.00 0.99936360 0.0000E+00 0.0000E+00 0.0000E+00 2.7155E-10 2.7155E-10 0.0000E+00 0.0000E+00 2.7155E-10 7.05E-06 7.05E-06   0.001 1.0000 7.0859E-06    800.060
12761.00 0.99935865 0.0000E+00 0.0000E+00 0.0000E+00 2.6518E-10 2.6518E-10 0.0000E+00 0.0000E+00 2.6518E-10 6.87E-06 6.88E-06   0.001 1.0000 6.9058E-06    799.778
12771.00 0.99935377 0.0000E+00 0.0000E+00 0.0000E+00 2.7074E-10 2.7074E-10 0.0000E+00 0.0000E+00 2.7074E-10 7.00E-06 7.00E-06   0.001 1.0000 7.0362E-06    801.047
12781.00 0.99934882 0.0000E+00 0.0000E+00 0.0000E+00 2.7435E-10 2.7435E-10 0.0000E+00 0.0000E+00 2.7435E-10 7.08E-06 7.08E-06   0.001 1.0000 7.1156E-06    802.055
12791.00 0.99934506 0.0000E+00 0.0000E+00 0.0000E+00 2.7504E-10 2.7504E-10 0.0000E+00 0.0000E+00 2.7504E-10 7.08E-06 7.09E-06   0.001 1.0000 7.1190E-06    802.688
12801.00 0.99934137 0.0000E+00 0.0000E+00 0.0000E+00 2.7106E-10 2.7106E-10 0.0000E+00 0.0000E+00 2.7106E-10 6.96E-06 6.97E-06   0.001 1.0000 7.0016E-06    802.723
12811.00 0.99933803 0.0000E+00 0.0000E+00 0.0000E+00 2.7485E-10 2.7485E-10 0.0000E+00 0.0000E+00 2.7485E-10 7.05E-06 7.05E-06   0.001 1.0000 7.0852E-06    803.755
12821.00 0.99933499 0.0000E+00 0.0000E+00 0.0000E+00 2.7213E-10 2.7213E-10 0.0000E+00 0.0000E+00 2.7213E-10 6.96E-06 6.97E-06   0.001 1.0000 7.0007E-06    803.952
12831.00 0.99933249 0.0000E+00 0.0000E+00 0.0000E+00 2.7603E-10 2.7603E-10 0.0000E+00 0.0000E+00 2.7603E-10 7.05E-06 7.05E-06   0.001 1.0000 7.0866E-06    804.996
12841.00 0.99933153 0.0000E+00 0.0000E+00 0.0000E+00 2.7745E-10 2.7745E-10 0.0000E+00 0.0000E+00 2.7745E-10 7.07E-06 7.07E-06   0.001 1.0000 7.1081E-06    805.722
12851.00 0.99933046 0.0000E+00 0.0000E+00 0.0000E+00 2.7776E-10 2.7776E-10 0.0000E+00 0.0000E+00 2.7776E-10 7.06E-06 7.07E-06   0.001 1.0000 7.1013E-06    806.306
12861.00 0.99933004 0.0000E+00 0.0000E+00 0.0000E+00 2.7272E-10 2.7272E-10 0.0000E+00 0.0000E+00 2.7272E-10 6.92E-06 6.92E-06   0.001 1.0000 6.9577E-06    806.208
12871.00 0.99933010 0.0000E+00 0.0000E+00 0.0000E+00 2.7943E-10 2.7943E-10 0.0000E+00 0.0000E+00 2.7943E-10 7.08E-06 7.08E-06   0.001 1.0000 7.1139E-06    807.607
12881.00 0.99933046 0.0000E+00 0.0000E+00 0.0000E+00 2.7944E-10 2.7944E-10 0.0000E+00 0.0000E+00 2.7944E-10 7.06E-06 7.07E-06   0.001 1.0000 7.0994E-06    808.154
12891.00 0.99933106 0.0000E+00 0.0000E+00 0.0000E+00 2.7983E-10 2.7983E-10 0.0000E+00 0.0000E+00 2.7983E-10 7.06E-06 7.06E-06   0.001 1.0000 7.0944E-06    808.749
12901.00 0.99933213 0.0000E+00 0.0000E+00 0.0000E+00 2.6694E-10 2.6694E-10 0.0000E+00 0.0000E+00 2.6694E-10 6.72E-06 6.72E-06   0.001 1.0000 6.7536E-06    807.634
12911.00 0.99933344 0.0000E+00 0.0000E+00 0.0000E+00 2.7367E-10 2.7367E-10 0.0000E+00 0.0000E+00 2.7367E-10 6.87E-06 6.88E-06   0.001 1.0000 6.9089E-06    809.054
12921.00 0.99933445 0.0000E+00 0.0000E+00 0.0000E+00 2.8202E-10 2.8202E-10 0.0000E+00 0.0000E+00 2.8202E-10 7.07E-06 7.07E-06   0.001 1.0000 7.1049E-06    810.660
12931.00 0.99933487 0.0000E+00 0.0000E+00 0.0000E+00 2.8101E-10 2.8101E-10 0.0000E+00 0.0000E+00 2.8101E-10 7.03E-06 7.03E-06   0.001 1.0000 7.0646E-06    811.079
12941.00 0.99933416 0.0000E+00 0.0000E+00 0.0000E+00 2.7484E-10 2.7484E-10 0.0000E+00 0.0000E+00 2.7484E-10 6.86E-06 6.86E-06   0.001 1.0000 6.8949E-06    810.838
12951.00 0.99933398 0.0000E+00 0.0000E+00 0.0000E+00 2.7912E-10 2.7912E-10 0.0000E+00 0.0000E+00 2.7912E-10 6.95E-06 6.96E-06   0.001 1.0000 6.9877E-06    811.930
12961.00 0.99933290 0.0000E+00 0.0000E+00 0.0000E+00 2.7597E-10 2.7597E-10 0.0000E+00 0.0000E+00 2.7597E-10 6.86E-06 6.86E-06   0.001 1.0000 6.8945E-06    812.073
12971.00 0.99933004 0.0000E+00 0.0000E+00 0.0000E+00 2.8186E-10 2.8186E-10 0.0000E+00 0.0000E+00 2.8186E-10 6.99E-06 6.99E-06   0.001 1.0000 7.0270E-06    813.365
12981.00 0.99931461 0.0000E+00 0.0000E+00 0.0000E+00 2.8114E-10 2.8114E-10 0.0000E+00 0.0000E+00 2.8114E-10 6.96E-06 6.96E-06   0.001 1.0000 6.9958E-06    813.820
12991.00 0.99927884 0.0000E+00 0.0000E+00 0.0000E+00 2.8049E-10 2.8049E-10 0.0000E+00 0.0000E+00 2.8049E-10 6.93E-06 6.93E-06   0.001 1.0000 6.9674E-06    814.283
13001.00 0.99919212 0.0000E+00 0.0000E+00 0.0000E+00 2.8209E-10 2.8209E-10 0.0000E+00 0.0000E+00 2.8209E-10 6.95E-06 6.96E-06   0.001 1.0000 6.9977E-06    815.030
13011.00 0.99897009 0.0000E+00 0.0000E+00 0.0000E+00 2.8492E-10 2.8492E-10 0.0000E+00 0.0000E+00 2.8492E-10 7.01E-06 7.01E-06   0.001 1.0000 7.0635E-06    815.929
13021.00 0.99843055 0.0000E+00 0.0000E+00 0.0000E+00 2.8413E-10 2.8413E-10 0.0000E+00 0.0000E+00 2.8413E-10 6.97E-06 6.98E-06   0.002 1.0000 7.0503E-06    816.376
13031.00 0.99741352 0.0000E+00 0.0000E+00 0.0000E+00 2.8511E-10 2.8511E-10 0.0000E+00 0.0000E+00 2.8511E-10 6.98E-06 6.99E-06   0.003 1.0000 7.0771E-06    817.043
13041.00 0.99537963 0.0000E+00 0.0000E+00 0.0000E+00 2.6962E-10 2.6962E-10 0.0000E+00 0.0000E+00 2.6962E-10 6.59E-06 6.60E-06   0.005 1.0000 6.7057E-06    815.603
13051.00 0.99350166 0.0000E+00 0.0000E+00 0.0000E+00 2.6662E-10 2.6662E-10 0.0000E+00 0.0000E+00 2.6662E-10 6.50E-06 6.51E-06   0.007 1.0000 6.6213E-06    815.751
13061.00 0.98992109 0.0000E+00 0.0000E+00 0.0000E+00 2.7622E-10 2.7622E-10 0.0000E+00 0.0000E+00 2.7622E-10 6.72E-06 6.73E-06   0.010 1.0000 6.8845E-06    817.551
13071.00 0.98414254 0.0000E+00 0.0000E+00 0.0000E+00 2.8300E-10 2.8300E-10 0.0000E+00 0.0000E+00 2.8300E-10 6.87E-06 6.89E-06   0.016 1.0000 7.1115E-06    818.958
13081.00 0.98147172 0.0000E+00 0.0000E+00 0.0000E+00 2.8215E-10 2.8215E-10 0.0000E+00 0.0000E+00 2.8215E-10 6.83E-06 6.86E-06   0.019 1.0000 7.1104E-06    819.396
13091.00 0.97751164 0.0000E+00 0.0000E+00 0.0000E+00 2.8027E-10 2.8027E-10 0.0000E+00 0.0000E+00 2.8027E-10 6.76E-06 6.80E-06   0.023 1.0000 7.1062E-06    819.701
13101.00 0.97376686 0.0000E+00 0.0000E+00 0.0000E+00 2.7866E-10 2.7866E-10 0.0000E+00 0.0000E+00 2.7866E-10 6.71E-06 6.75E-06   0.027 1.0000 7.1028E-06    820.040
13111.00 0.97415817 0.0000E+00 0.0000E+00 0.0000E+00 2.7666E-10 2.7666E-10 0.0000E+00 0.0000E+00 2.7666E-10 6.65E-06 6.69E-06   0.026 1.0000 7.0290E-06    820.328
13121.00 0.98665541 0.0000E+00 0.0000E+00 0.0000E+00 2.7386E-10 2.7386E-10 0.0000E+00 0.0000E+00 2.7386E-10 6.58E-06 6.60E-06   0.013 1.0000 6.7816E-06    820.509
13131.00 0.97534311 0.0000E+00 0.0000E+00 0.0000E+00 2.7618E-10 2.7618E-10 0.0000E+00 0.0000E+00 2.7618E-10 6.61E-06 6.65E-06   0.025 1.0000 6.9749E-06    821.353
13141.00 0.96474183 0.0000E+00 0.0000E+00 0.0000E+00 2.7170E-10 2.7170E-10 0.0000E+00 0.0000E+00 2.7170E-10 6.48E-06 6.54E-06   0.036 1.0000 7.0062E-06    821.313
13151.00 0.95711648 0.0000E+00 0.0000E+00 0.0000E+00 2.6708E-10 2.6708E-10 0.0000E+00 0.0000E+00 2.6708E-10 6.36E-06 6.42E-06   0.044 1.0000 6.9759E-06    821.246
13161.00 0.97847033 0.0000E+00 0.0000E+00 0.0000E+00 2.7810E-10 2.7810E-10 0.0000E+00 0.0000E+00 2.7810E-10 6.62E-06 6.65E-06   0.022 1.0000 7.0394E-06    823.233
13171.00 0.99808282 0.0000E+00 0.0000E+00 0.0000E+00 2.9192E-10 2.9192E-10 0.0000E+00 0.0000E+00 2.9192E-10 6.95E-06 6.95E-06   0.002 1.0000 7.0248E-06    825.517
13181.00 0.99931294 0.0000E+00 0.0000E+00 0.0000E+00 2.8704E-10 2.8704E-10 0.0000E+00 0.0000E+00 2.8704E-10 6.82E-06 6.82E-06   0.001 1.0000 6.8540E-06    825.456
13191.00 0.99931115 0.0000E+00 0.0000E+00 0.0000E+00 2.9446E-10 2.9446E-10 0.0000E+00 0.0000E+00 2.9446E-10 6.98E-06 6.98E-06   0.001 1.0000 7.0170E-06    826.919
13201.00 0.99930805 0.0000E+00 0.0000E+00 0.0000E+00 2.9344E-10 2.9344E-10 0.0000E+00 0.0000E+00 2.9344E-10 6.94E-06 6.95E-06   0.001 1.0000 6.9786E-06    827.338
13211.00 0.99930441 0.0000E+00 0.0000E+00 0.0000E+00 2.9398E-10 2.9398E-10 0.0000E+00 0.0000E+00 2.9398E-10 6.94E-06 6.94E-06   0.001 1.0000 6.9776E-06    827.951
13221.00 0.99930054 0.0000E+00 0.0000E+00 0.0000E+00 2.9365E-10 2.9365E-10 0.0000E+00 0.0000E+00 2.9365E-10 6.92E-06 6.92E-06   0.001 1.0000 6.9558E-06    828.454
13231.00 0.99929637 0.0000E+00 0.0000E+00 0.0000E+00 2.9265E-10 2.9265E-10 0.0000E+00 0.0000E+00 2.9265E-10 6.88E-06 6.88E-06   0.001 1.0000 6.9184E-06    828.876
13241.00 0.99929160 0.0000E+00 0.0000E+00 0.0000E+00 2.9812E-10 2.9812E-10 0.0000E+00 0.0000E+00 2.9812E-10 6.99E-06 7.00E-06   0.001 1.0000 7.0339E-06    830.090
13251.00 0.99928689 0.0000E+00 0.0000E+00 0.0000E+00 2.9957E-10 2.9957E-10 0.0000E+00 0.0000E+00 2.9957E-10 7.01E-06 7.02E-06   0.001 1.0000 7.0541E-06    830.811
13261.00 0.99928182 0.0000E+00 0.0000E+00 0.0000E+00 3.0108E-10 3.0108E-10 0.0000E+00 0.0000E+00 3.0108E-10 7.03E-06 7.04E-06   0.001 1.0000 7.0756E-06    831.538
13271.00 0.99927634 0.0000E+00 0.0000E+00 0.0000E+00 2.9856E-10 2.9856E-10 0.0000E+00 0.0000E+00 2.9856E-10 6.96E-06 6.97E-06   0.001 1.0000 7.0026E-06    831.778
13281.00 0.99927050 0.0000E+00 0.0000E+00 0.0000E+00 2.9652E-10 2.9652E-10 0.0000E+00 0.0000E+00 2.9652E-10 6.90E-06 6.90E-06   0.001 1.0000 6.9412E-06    832.075
13291.00 0.99926478 0.0000E+00 0.0000E+00 0.0000E+00 2.9606E-10 2.9606E-10 0.0000E+00 0.0000E+00 2.9606E-10 6.87E-06 6.88E-06   0.001 1.0000 6.9165E-06    832.562
13301.00 0.99925894 0.0000E+00 0.0000E+00 0.0000E+00 3.0062E-10 3.0062E-10 0.0000E+00 0.0000E+00 3.0062E-10 6.97E-06 6.97E-06   0.001 1.0000 7.0096E-06    833.661
13311.00 0.99925321 0.0000E+00 0.0000E+00 0.0000E+00 2.9203E-10 2.9203E-10 0.0000E+00 0.0000E+00 2.9203E-10 6.75E-06 6.76E-06   0.001 1.0000 6.7959E-06    833.155
13321.00 0.99924749 0.0000E+00 0.0000E+00 0.0000E+00 3.0160E-10 3.0160E-10 0.0000E+00 0.0000E+00 3.0160E-10 6.96E-06 6.97E-06   0.001 1.0000 7.0050E-06    834.870
13331.00 0.99924153 0.0000E+00 0.0000E+00 0.0000E+00 2.9941E-10 2.9941E-10 0.0000E+00 0.0000E+00 2.9941E-10 6.90E-06 6.90E-06   0.001 1.0000 6.9407E-06    835.150
13341.00 0.99923629 0.0000E+00 0.0000E+00 0.0000E+00 2.9317E-10 2.9317E-10 0.0000E+00 0.0000E+00 2.9317E-10 6.74E-06 6.74E-06   0.001 1.0000 6.7825E-06    834.928
13351.00 0.99923140 0.0000E+00 0.0000E+00 0.0000E+00 3.0275E-10 3.0275E-10 0.0000E+00 0.0000E+00 3.0275E-10 6.94E-06 6.95E-06   0.001 1.0000 6.9903E-06    836.642
13361.00 0.99922770 0.0000E+00 0.0000E+00 0.0000E+00 3.0156E-10 3.0156E-10 0.0000E+00 0.0000E+00 3.0156E-10 6.90E-06 6.91E-06   0.001 1.0000 6.9490E-06    837.044
13371.00 0.99922442 0.0000E+00 0.0000E+00 0.0000E+00 3.0189E-10 3.0189E-10 0.0000E+00 0.0000E+00 3.0189E-10 6.90E-06 6.90E-06   0.001 1.0000 6.9428E-06    837.628
13381.00 0.99922216 0.0000E+00 0.0000E+00 0.0000E+00 3.0424E-10 3.0424E-10 0.0000E+00 0.0000E+00 3.0424E-10 6.94E-06 6.94E-06   0.001 1.0000 6.9829E-06    838.456
13391.00 0.99922025 0.0000E+00 0.0000E+00 0.0000E+00 3.0497E-10 3.0497E-10 0.0000E+00 0.0000E+00 3.0497E-10 6.94E-06 6.94E-06   0.001 1.0000 6.9856E-06    839.088
13401.00 0.99921888 0.0000E+00 0.0000E+00 0.0000E+00 3.0321E-10 3.0321E-10 0.0000E+00 0.0000E+00 3.0321E-10 6.89E-06 6.89E-06   0.001 1.0000 6.9311E-06    839.421
13411.00 0.99921829 0.0000E+00 0.0000E+00 0.0000E+00 3.0672E-10 3.0672E-10 0.0000E+00 0.0000E+00 3.0672E-10 6.95E-06 6.96E-06   0.001 1.0000 6.9973E-06    840.387
13421.00 0.99921781 0.0000E+00 0.0000E+00 0.0000E+00 3.0071E-10 3.0071E-10 0.0000E+00 0.0000E+00 3.0071E-10 6.80E-06 6.81E-06   0.001 1.0000 6.8463E-06    840.207
13431.00 0.99921739 0.0000E+00 0.0000E+00 0.0000E+00 2.9747E-10 2.9747E-10 0.0000E+00 0.0000E+00 2.9747E-10 6.71E-06 6.72E-06   0.001 1.0000 6.7587E-06    840.356
13441.00 0.99921727 0.0000E+00 0.0000E+00 0.0000E+00 3.0776E-10 3.0776E-10 0.0000E+00 0.0000E+00 3.0776E-10 6.93E-06 6.94E-06   0.001 1.0000 6.9782E-06    842.145
13451.00 0.99921733 0.0000E+00 0.0000E+00 0.0000E+00 3.0848E-10 3.0848E-10 0.0000E+00 0.0000E+00 3.0848E-10 6.93E-06 6.94E-06   0.001 1.0000 6.9805E-06    842.776
13461.00 0.99921733 0.0000E+00 0.0000E+00 0.0000E+00 3.0619E-10 3.0619E-10 0.0000E+00 0.0000E+00 3.0619E-10 6.87E-06 6.87E-06   0.001 1.0000 6.9145E-06    843.047
13471.00 0.99921703 0.0000E+00 0.0000E+00 0.0000E+00 2.9600E-10 2.9600E-10 0.0000E+00 0.0000E+00 2.9600E-10 6.63E-06 6.63E-06   0.001 1.0000 6.6706E-06    842.350
13481.00 0.99921679 0.0000E+00 0.0000E+00 0.0000E+00 2.9682E-10 2.9682E-10 0.0000E+00 0.0000E+00 2.9682E-10 6.63E-06 6.64E-06   0.001 1.0000 6.6756E-06    842.995
13491.00 0.99921662 0.0000E+00 0.0000E+00 0.0000E+00 2.9667E-10 2.9667E-10 0.0000E+00 0.0000E+00 2.9667E-10 6.62E-06 6.62E-06   0.001 1.0000 6.6588E-06    843.521
13501.00 0.99921638 0.0000E+00 0.0000E+00 0.0000E+00 3.0586E-10 3.0586E-10 0.0000E+00 0.0000E+00 3.0586E-10 6.81E-06 6.81E-06   0.001 1.0000 6.8511E-06    845.185
13511.00 0.99921590 0.0000E+00 0.0000E+00 0.0000E+00 3.0633E-10 3.0633E-10 0.0000E+00 0.0000E+00 3.0633E-10 6.80E-06 6.81E-06   0.001 1.0000 6.8479E-06    845.786
13521.00 0.99921483 0.0000E+00 0.0000E+00 0.0000E+00 3.0726E-10 3.0726E-10 0.0000E+00 0.0000E+00 3.0726E-10 6.81E-06 6.82E-06   0.001 1.0000 6.8549E-06    846.442
13531.00 0.99921370 0.0000E+00 0.0000E+00 0.0000E+00 2.9801E-10 2.9801E-10 0.0000E+00 0.0000E+00 2.9801E-10 6.59E-06 6.60E-06   0.001 1.0000 6.6352E-06    845.861
13541.00 0.99921256 0.0000E+00 0.0000E+00 0.0000E+00 3.0733E-10 3.0733E-10 0.0000E+00 0.0000E+00 3.0733E-10 6.78E-06 6.79E-06   0.001 1.0000 6.8288E-06    847.539
13551.00 0.99921125 0.0000E+00 0.0000E+00 0.0000E+00 3.1422E-10 3.1422E-10 0.0000E+00 0.0000E+00 3.1422E-10 6.92E-06 6.93E-06   0.001 1.0000 6.9678E-06    848.901
13561.00 0.99920940 0.0000E+00 0.0000E+00 0.0000E+00 3.1542E-10 3.1542E-10 0.0000E+00 0.0000E+00 3.1542E-10 6.93E-06 6.94E-06   0.001 1.0000 6.9805E-06    849.587
13571.00 0.99920750 0.0000E+00 0.0000E+00 0.0000E+00 3.1373E-10 3.1373E-10 0.0000E+00 0.0000E+00 3.1373E-10 6.88E-06 6.89E-06   0.001 1.0000 6.9293E-06    849.932
13581.00 0.99920571 0.0000E+00 0.0000E+00 0.0000E+00 3.1155E-10 3.1155E-10 0.0000E+00 0.0000E+00 3.1155E-10 6.82E-06 6.83E-06   0.001 1.0000 6.8674E-06    850.219
13591.00 0.99920422 0.0000E+00 0.0000E+00 0.0000E+00 3.1038E-10 3.1038E-10 0.0000E+00 0.0000E+00 3.1038E-10 6.78E-06 6.79E-06   0.001 1.0000 6.8280E-06    850.624
13601.00 0.99920267 0.0000E+00 0.0000E+00 0.0000E+00 3.1509E-10 3.1509E-10 0.0000E+00 0.0000E+00 3.1509E-10 6.87E-06 6.88E-06   0.001 1.0000 6.9178E-06    851.726
13611.00 0.99920070 0.0000E+00 0.0000E+00 0.0000E+00 3.1872E-10 3.1872E-10 0.0000E+00 0.0000E+00 3.1872E-10 6.94E-06 6.94E-06   0.001 1.0000 6.9838E-06    852.696
13621.00 0.99919885 0.0000E+00 0.0000E+00 0.0000E+00 3.2028E-10 3.2028E-10 0.0000E+00 0.0000E+00 3.2028E-10 6.96E-06 6.96E-06   0.001 1.0000 7.0039E-06    853.422
13631.00 0.99919647 0.0000E+00 0.0000E+00 0.0000E+00 3.1749E-10 3.1749E-10 0.0000E+00 0.0000E+00 3.1749E-10 6.88E-06 6.89E-06   0.001 1.0000 6.9291E-06    853.641
13641.00 0.99919432 0.0000E+00 0.0000E+00 0.0000E+00 3.1284E-10 3.1284E-10 0.0000E+00 0.0000E+00 3.1284E-10 6.77E-06 6.77E-06   0.001 1.0000 6.8141E-06    853.637
13651.00 0.99919134 0.0000E+00 0.0000E+00 0.0000E+00 3.1416E-10 3.1416E-10 0.0000E+00 0.0000E+00 3.1416E-10 6.78E-06 6.79E-06   0.001 1.0000 6.8293E-06    854.338
13661.00 0.99918777 0.0000E+00 0.0000E+00 0.0000E+00 3.1871E-10 3.1871E-10 0.0000E+00 0.0000E+00 3.1871E-10 6.87E-06 6.87E-06   0.001 1.0000 6.9146E-06    855.417
13671.00 0.99918491 0.0000E+00 0.0000E+00 0.0000E+00 3.1678E-10 3.1678E-10 0.0000E+00 0.0000E+00 3.1678E-10 6.81E-06 6.82E-06   0.001 1.0000 6.8594E-06    855.736
13681.00 0.99918199 0.0000E+00 0.0000E+00 0.0000E+00 3.1224E-10 3.1224E-10 0.0000E+00 0.0000E+00 3.1224E-10 6.70E-06 6.71E-06   0.001 1.0000 6.7477E-06    855.743
13691.00 0.99917811 0.0000E+00 0.0000E+00 0.0000E+00 3.2130E-10 3.2130E-10 0.0000E+00 0.0000E+00 3.2130E-10 6.88E-06 6.89E-06   0.001 1.0000 6.9298E-06    857.352
13701.00 0.99917555 0.0000E+00 0.0000E+00 0.0000E+00 3.2005E-10 3.2005E-10 0.0000E+00 0.0000E+00 3.2005E-10 6.84E-06 6.85E-06   0.001 1.0000 6.8895E-06    857.751
13711.00 0.99916971 0.0000E+00 0.0000E+00 0.0000E+00 3.0635E-10 3.0635E-10 0.0000E+00 0.0000E+00 3.0635E-10 6.54E-06 6.54E-06   0.001 1.0000 6.5819E-06    856.665
13721.00 0.99916685 0.0000E+00 0.0000E+00 0.0000E+00 3.1040E-10 3.1040E-10 0.0000E+00 0.0000E+00 3.1040E-10 6.61E-06 6.61E-06   0.001 1.0000 6.6556E-06    857.697
13731.00 0.99916238 0.0000E+00 0.0000E+00 0.0000E+00 3.2017E-10 3.2017E-10 0.0000E+00 0.0000E+00 3.2017E-10 6.80E-06 6.81E-06   0.001 1.0000 6.8519E-06    859.398
13741.00 0.99915582 0.0000E+00 0.0000E+00 0.0000E+00 3.2253E-10 3.2253E-10 0.0000E+00 0.0000E+00 3.2253E-10 6.84E-06 6.84E-06   0.001 1.0000 6.8890E-06    860.217
13751.00 0.99915397 0.0000E+00 0.0000E+00 0.0000E+00 3.2703E-10 3.2703E-10 0.0000E+00 0.0000E+00 3.2703E-10 6.92E-06 6.93E-06   0.001 1.0000 6.9714E-06    861.280
13761.00 0.99914843 0.0000E+00 0.0000E+00 0.0000E+00 3.2431E-10 3.2431E-10 0.0000E+00 0.0000E+00 3.2431E-10 6.85E-06 6.86E-06   0.001 1.0000 6.9003E-06    861.512
13771.00 0.99914712 0.0000E+00 0.0000E+00 0.0000E+00 3.2184E-10 3.2184E-10 0.0000E+00 0.0000E+00 3.2184E-10 6.78E-06 6.79E-06   0.001 1.0000 6.8340E-06    861.769
13781.00 0.99914110 0.0000E+00 0.0000E+00 0.0000E+00 3.2635E-10 3.2635E-10 0.0000E+00 0.0000E+00 3.2635E-10 6.87E-06 6.87E-06   0.001 1.0000 6.9166E-06    862.836
13791.00 0.99913794 0.0000E+00 0.0000E+00 0.0000E+00 3.2510E-10 3.2510E-10 0.0000E+00 0.0000E+00 3.2510E-10 6.83E-06 6.83E-06   0.001 1.0000 6.8767E-06    863.236
13801.00 0.99913174 0.0000E+00 0.0000E+00 0.0000E+00 3.2590E-10 3.2590E-10 0.0000E+00 0.0000E+00 3.2590E-10 6.83E-06 6.83E-06   0.001 1.0000 6.8804E-06    863.872
13811.00 0.99912792 0.0000E+00 0.0000E+00 0.0000E+00 3.2722E-10 3.2722E-10 0.0000E+00 0.0000E+00 3.2722E-10 6.84E-06 6.85E-06   0.001 1.0000 6.8949E-06    864.569
13821.00 0.99912161 0.0000E+00 0.0000E+00 0.0000E+00 3.3033E-10 3.3033E-10 0.0000E+00 0.0000E+00 3.3033E-10 6.89E-06 6.90E-06   0.001 1.0000 6.9471E-06    865.469
13831.00 0.99912125 0.0000E+00 0.0000E+00 0.0000E+00 3.2778E-10 3.2778E-10 0.0000E+00 0.0000E+00 3.2778E-10 6.83E-06 6.83E-06   0.001 1.0000 6.8800E-06    865.722
13841.00 0.99911714 0.0000E+00 0.0000E+00 0.0000E+00 3.1779E-10 3.1779E-10 0.0000E+00 0.0000E+00 3.1779E-10 6.61E-06 6.61E-06   0.001 1.0000 6.6572E-06    865.101
13851.00 0.99911273 0.0000E+00 0.0000E+00 0.0000E+00 3.2852E-10 3.2852E-10 0.0000E+00 0.0000E+00 3.2852E-10 6.82E-06 6.82E-06   0.001 1.0000 6.8689E-06    866.895
13861.00 0.99910778 0.0000E+00 0.0000E+00 0.0000E+00 3.2800E-10 3.2800E-10 0.0000E+00 0.0000E+00 3.2800E-10 6.79E-06 6.80E-06   0.001 1.0000 6.8448E-06    867.379
13871.00 0.99909842 0.0000E+00 0.0000E+00 0.0000E+00 3.1718E-10 3.1718E-10 0.0000E+00 0.0000E+00 3.1718E-10 6.55E-06 6.56E-06   0.001 1.0000 6.6067E-06    866.660
13881.00 0.99909043 0.0000E+00 0.0000E+00 0.0000E+00 3.2921E-10 3.2921E-10 0.0000E+00 0.0000E+00 3.2921E-10 6.79E-06 6.80E-06   0.001 1.0000 6.8443E-06    868.607
13891.00 0.99908757 0.0000E+00 0.0000E+00 0.0000E+00 3.2630E-10 3.2630E-10 0.0000E+00 0.0000E+00 3.2630E-10 6.72E-06 6.72E-06   0.001 1.0000 6.7708E-06    868.815
13901.00 0.99908018 0.0000E+00 0.0000E+00 0.0000E+00 3.1997E-10 3.1997E-10 0.0000E+00 0.0000E+00 3.1997E-10 6.57E-06 6.58E-06   0.001 1.0000 6.6271E-06    868.620
13911.00 0.99907333 0.0000E+00 0.0000E+00 0.0000E+00 3.1870E-10 3.1870E-10 0.0000E+00 0.0000E+00 3.1870E-10 6.53E-06 6.54E-06   0.001 1.0000 6.5880E-06    869.013
13921.00 0.99907106 0.0000E+00 0.0000E+00 0.0000E+00 3.2327E-10 3.2327E-10 0.0000E+00 0.0000E+00 3.2327E-10 6.61E-06 6.62E-06   0.001 1.0000 6.6696E-06    870.094
13931.00 0.99906707 0.0000E+00 0.0000E+00 0.0000E+00 3.3011E-10 3.3011E-10 0.0000E+00 0.0000E+00 3.3011E-10 6.74E-06 6.75E-06   0.001 1.0000 6.7975E-06    871.430
13941.00 0.99906313 0.0000E+00 0.0000E+00 0.0000E+00 3.3677E-10 3.3677E-10 0.0000E+00 0.0000E+00 3.3677E-10 6.86E-06 6.87E-06   0.001 1.0000 6.9216E-06    872.733
13951.00 0.99905974 0.0000E+00 0.0000E+00 0.0000E+00 3.2363E-10 3.2363E-10 0.0000E+00 0.0000E+00 3.2363E-10 6.58E-06 6.59E-06   0.001 1.0000 6.6387E-06    871.767
13961.00 0.99905622 0.0000E+00 0.0000E+00 0.0000E+00 3.3285E-10 3.3285E-10 0.0000E+00 0.0000E+00 3.3285E-10 6.76E-06 6.76E-06   0.001 1.0000 6.8145E-06    873.376
13971.00 0.99905270 0.0000E+00 0.0000E+00 0.0000E+00 3.3483E-10 3.3483E-10 0.0000E+00 0.0000E+00 3.3483E-10 6.78E-06 6.79E-06   0.001 1.0000 6.8419E-06    874.145
13981.00 0.99904943 0.0000E+00 0.0000E+00 0.0000E+00 3.2619E-10 3.2619E-10 0.0000E+00 0.0000E+00 3.2619E-10 6.59E-06 6.60E-06   0.001 1.0000 6.6525E-06    873.695
13991.00 0.99904668 0.0000E+00 0.0000E+00 0.0000E+00 3.2911E-10 3.2911E-10 0.0000E+00 0.0000E+00 3.2911E-10 6.64E-06 6.65E-06   0.001 1.0000 6.6990E-06    874.578
14001.00 0.99904412 0.0000E+00 0.0000E+00 0.0000E+00 3.3948E-10 3.3948E-10 0.0000E+00 0.0000E+00 3.3948E-10 6.84E-06 6.84E-06   0.001 1.0000 6.8966E-06    876.302
14011.00 0.99904191 0.0000E+00 0.0000E+00 0.0000E+00 3.3834E-10 3.3834E-10 0.0000E+00 0.0000E+00 3.3834E-10 6.80E-06 6.81E-06   0.001 1.0000 6.8603E-06    876.719
14021.00 0.99904019 0.0000E+00 0.0000E+00 0.0000E+00 3.3132E-10 3.3132E-10 0.0000E+00 0.0000E+00 3.3132E-10 6.65E-06 6.65E-06   0.001 1.0000 6.7046E-06    876.463
14031.00 0.99903810 0.0000E+00 0.0000E+00 0.0000E+00 3.3695E-10 3.3695E-10 0.0000E+00 0.0000E+00 3.3695E-10 6.75E-06 6.75E-06   0.001 1.0000 6.8054E-06    877.650
14041.00 0.99903554 0.0000E+00 0.0000E+00 0.0000E+00 3.3707E-10 3.3707E-10 0.0000E+00 0.0000E+00 3.3707E-10 6.73E-06 6.74E-06   0.001 1.0000 6.7943E-06    878.207
14051.00 0.99903309 0.0000E+00 0.0000E+00 0.0000E+00 3.3730E-10 3.3730E-10 0.0000E+00 0.0000E+00 3.3730E-10 6.73E-06 6.73E-06   0.001 1.0000 6.7860E-06    878.777
14061.00 0.99903035 0.0000E+00 0.0000E+00 0.0000E+00 3.3871E-10 3.3871E-10 0.0000E+00 0.0000E+00 3.3871E-10 6.74E-06 6.75E-06   0.001 1.0000 6.8011E-06    879.481
14071.00 0.99902755 0.0000E+00 0.0000E+00 0.0000E+00 3.4495E-10 3.4495E-10 0.0000E+00 0.0000E+00 3.4495E-10 6.85E-06 6.86E-06   0.001 1.0000 6.9130E-06    880.723
14081.00 0.99902469 0.0000E+00 0.0000E+00 0.0000E+00 3.4607E-10 3.4607E-10 0.0000E+00 0.0000E+00 3.4607E-10 6.86E-06 6.87E-06   0.001 1.0000 6.9222E-06    881.392
14091.00 0.99902105 0.0000E+00 0.0000E+00 0.0000E+00 3.4302E-10 3.4302E-10 0.0000E+00 0.0000E+00 3.4302E-10 6.79E-06 6.79E-06   0.001 1.0000 6.8480E-06    881.596
14101.00 0.99901718 0.0000E+00 0.0000E+00 0.0000E+00 3.3970E-10 3.3970E-10 0.0000E+00 0.0000E+00 3.3970E-10 6.71E-06 6.71E-06   0.001 1.0000 6.7686E-06    881.767
14111.00 0.99901444 0.0000E+00 0.0000E+00 0.0000E+00 3.3894E-10 3.3894E-10 0.0000E+00 0.0000E+00 3.3894E-10 6.68E-06 6.69E-06   0.001 1.0000 6.7405E-06    882.225
14121.00 0.99901056 0.0000E+00 0.0000E+00 0.0000E+00 3.4933E-10 3.4933E-10 0.0000E+00 0.0000E+00 3.4933E-10 6.87E-06 6.88E-06   0.001 1.0000 6.9338E-06    883.929
14131.00 0.99900651 0.0000E+00 0.0000E+00 0.0000E+00 3.4887E-10 3.4887E-10 0.0000E+00 0.0000E+00 3.4887E-10 6.85E-06 6.85E-06   0.001 1.0000 6.9114E-06    884.421
14141.00 0.99900329 0.0000E+00 0.0000E+00 0.0000E+00 3.3728E-10 3.3728E-10 0.0000E+00 0.0000E+00 3.3728E-10 6.61E-06 6.61E-06   0.001 1.0000 6.6690E-06    883.668
14151.00 0.99899989 0.0000E+00 0.0000E+00 0.0000E+00 3.4641E-10 3.4641E-10 0.0000E+00 0.0000E+00 3.4641E-10 6.77E-06 6.78E-06   0.001 1.0000 6.8364E-06    885.238
14161.00 0.99899650 0.0000E+00 0.0000E+00 0.0000E+00 3.4656E-10 3.4656E-10 0.0000E+00 0.0000E+00 3.4656E-10 6.76E-06 6.77E-06   0.001 1.0000 6.8263E-06    885.799
14171.00 0.99899286 0.0000E+00 0.0000E+00 0.0000E+00 3.4700E-10 3.4700E-10 0.0000E+00 0.0000E+00 3.4700E-10 6.76E-06 6.76E-06   0.001 1.0000 6.8218E-06    886.391
14181.00 0.99898875 0.0000E+00 0.0000E+00 0.0000E+00 3.5247E-10 3.5247E-10 0.0000E+00 0.0000E+00 3.5247E-10 6.85E-06 6.86E-06   0.001 1.0000 6.9162E-06    887.539
14191.00 0.99898529 0.0000E+00 0.0000E+00 0.0000E+00 3.5234E-10 3.5234E-10 0.0000E+00 0.0000E+00 3.5234E-10 6.84E-06 6.84E-06   0.001 1.0000 6.9005E-06    888.069
14201.00 0.99898118 0.0000E+00 0.0000E+00 0.0000E+00 3.4830E-10 3.4830E-10 0.0000E+00 0.0000E+00 3.4830E-10 6.74E-06 6.75E-06   0.001 1.0000 6.8083E-06    888.167
14211.00 0.99897748 0.0000E+00 0.0000E+00 0.0000E+00 3.4851E-10 3.4851E-10 0.0000E+00 0.0000E+00 3.4851E-10 6.73E-06 6.74E-06   0.001 1.0000 6.7993E-06    888.734
14221.00 0.99897295 0.0000E+00 0.0000E+00 0.0000E+00 3.4917E-10 3.4917E-10 0.0000E+00 0.0000E+00 3.4917E-10 6.73E-06 6.74E-06   0.001 1.0000 6.7995E-06    889.352
14231.00 0.99896842 0.0000E+00 0.0000E+00 0.0000E+00 3.4425E-10 3.4425E-10 0.0000E+00 0.0000E+00 3.4425E-10 6.63E-06 6.63E-06   0.001 1.0000 6.6909E-06    889.347
14241.00 0.99896383 0.0000E+00 0.0000E+00 0.0000E+00 3.4719E-10 3.4719E-10 0.0000E+00 0.0000E+00 3.4719E-10 6.67E-06 6.68E-06   0.001 1.0000 6.7352E-06    890.219
14251.00 0.99895948 0.0000E+00 0.0000E+00 0.0000E+00 3.4007E-10 3.4007E-10 0.0000E+00 0.0000E+00 3.4007E-10 6.52E-06 6.53E-06   0.001 1.0000 6.5845E-06    889.961
14261.00 0.99895537 0.0000E+00 0.0000E+00 0.0000E+00 3.4970E-10 3.4970E-10 0.0000E+00 0.0000E+00 3.4970E-10 6.69E-06 6.70E-06   0.001 1.0000 6.7582E-06    891.585
14271.00 0.99894983 0.0000E+00 0.0000E+00 0.0000E+00 3.4829E-10 3.4829E-10 0.0000E+00 0.0000E+00 3.4829E-10 6.65E-06 6.66E-06   0.001 1.0000 6.7184E-06    891.972
14281.00 0.99894482 0.0000E+00 0.0000E+00 0.0000E+00 3.4914E-10 3.4914E-10 0.0000E+00 0.0000E+00 3.4914E-10 6.65E-06 6.66E-06   0.001 1.0000 6.7221E-06    892.610
 -9999.
