T F 2    2    2    1    2    2    2    2    2    2    1    0    0 294.200   0.40
    1    1    1    0   18    0   5.00000   0.00000   0.00000   0.00000   0.00000
   1.000  10.000   0.140
 -99.00000 -99.00000 -99.00000  2.922432  0.000710 ! H2O & O3 COLUMNS [GM/CM2]
   40MID-LATITUDE SUMMER 
  20.00000   0.00000 180.00000  20.00000   0.00000   0.00000    0        0.00000
    0    2    1    0
   0.00000   0.00000   0.00000  70.00331   0.00000 270.00000   0.00000   0.00000
    9091.0   14286.0      10.0      10.0RN              
    0   0    0.000  0    0.000  0    1.000
    FREQ  TOT_TRANS  PTH_THRML  THRML_SCT  SURF_EMIS   SOL_SCAT  SING_SCAT  GRND_RFLT  DRCT_RFLT  TOTAL_RAD  REF_SOL  SOL@OBS   DEPTH DIR_EM    TOA_SUN BBODY_T[K]
 9091.00 0.42924652 1.1206E-20            1.1329E-20 5.8615E-08 1.3286E-08 5.2712E-08 1.5798E-08 1.1133E-07 3.62E-07 7.37E-06   0.846 0.6000 7.3883E-06    822.660
 9101.00 0.45161566 1.0380E-20            1.1382E-20 6.5438E-08 1.3573E-08 5.9704E-08 1.7267E-08 1.2514E-07 3.96E-07 7.19E-06   0.795 0.6000 7.2084E-06    829.495
 9111.00 0.47861683 9.4503E-21            1.1515E-20 8.1261E-08 1.4578E-08 7.4459E-08 2.0683E-08 1.5572E-07 4.74E-07 7.21E-06   0.737 0.6000 7.2268E-06    841.890
 9121.00 0.47821414 8.9905E-21            1.1019E-20 8.1493E-08 1.4561E-08 7.4542E-08 2.0619E-08 1.5603E-07 4.73E-07 7.19E-06   0.738 0.6000 7.2128E-06    842.745
 9131.00 0.47236410 8.6837E-21            1.0383E-20 7.7642E-08 1.4275E-08 7.0853E-08 1.9607E-08 1.4850E-07 4.49E-07 7.15E-06   0.750 0.6000 7.1706E-06    840.817
 9141.00 0.50042564 7.9512E-21            1.0507E-20 8.6965E-08 1.4573E-08 7.9799E-08 2.1732E-08 1.6676E-07 4.98E-07 6.86E-06   0.692 0.6000 6.8786E-06    847.856
 9151.00 0.47317541 7.9115E-21            9.4966E-21 8.3810E-08 1.4795E-08 7.5530E-08 2.0918E-08 1.5934E-07 4.79E-07 7.30E-06   0.748 0.6000 7.3243E-06    846.120
 9161.00 0.52526921 6.8799E-21            1.0070E-20 1.1115E-07 1.6659E-08 1.0121E-07 2.6747E-08 2.1235E-07 6.13E-07 7.38E-06   0.644 0.6000 7.4023E-06    862.788
 9171.00 0.49250299 6.9587E-21            9.0239E-21 9.4353E-08 1.5721E-08 8.5594E-08 2.3211E-08 1.7995E-07 5.32E-07 7.44E-06   0.708 0.6000 7.4596E-06    854.287
 9181.00 0.50656921 6.5284E-21            8.8645E-21 9.8148E-08 1.5871E-08 8.9242E-08 2.3962E-08 1.8739E-07 5.49E-07 7.32E-06   0.680 0.6000 7.3374E-06    857.287
 9191.00 0.52266347 6.0319E-21            8.7409E-21 1.0872E-07 1.6419E-08 9.8406E-08 2.5896E-08 2.0713E-07 5.94E-07 7.29E-06   0.649 0.6000 7.3153E-06    863.651
 9201.00 0.50068963 6.0156E-21            8.0040E-21 9.5692E-08 1.5570E-08 8.6255E-08 2.3182E-08 1.8195E-07 5.31E-07 7.21E-06   0.692 0.6000 7.2365E-06    857.151
 9211.00 0.50292182 5.7173E-21            7.6698E-21 1.0139E-07 1.6254E-08 9.1177E-08 2.4301E-08 1.9256E-07 5.57E-07 7.48E-06   0.687 0.6000 7.5017E-06    861.063
 9221.00 0.51438063 5.3528E-21            7.5031E-21 1.0555E-07 1.6465E-08 9.5108E-08 2.5083E-08 2.0066E-07 5.75E-07 7.42E-06   0.665 0.6000 7.4389E-06    864.126
 9231.00 0.51252180 5.1227E-21            7.1361E-21 1.0436E-07 1.6098E-08 9.3375E-08 2.4679E-08 1.9773E-07 5.66E-07 7.23E-06   0.668 0.6000 7.2538E-06    864.055
 9241.00 0.52555573 4.7646E-21            6.9970E-21 1.1177E-07 1.6511E-08 9.9937E-08 2.5973E-08 2.1171E-07 5.95E-07 7.22E-06   0.643 0.6000 7.2418E-06    868.667
 9251.00 0.51360178 4.6766E-21            6.5310E-21 1.0623E-07 1.6429E-08 9.4950E-08 2.5013E-08 2.0118E-07 5.73E-07 7.34E-06   0.666 0.6000 7.3662E-06    866.534
 9261.00 0.51960868 4.4026E-21            6.3095E-21 1.1292E-07 1.6902E-08 1.0044E-07 2.6171E-08 2.1335E-07 6.00E-07 7.44E-06   0.655 0.6000 7.4664E-06    870.618
 9271.00 0.52900690 4.1194E-21            6.1401E-21 1.1701E-07 1.6938E-08 1.0380E-07 2.6704E-08 2.2081E-07 6.12E-07 7.32E-06   0.637 0.6000 7.3400E-06    873.334
 9281.00 0.51167053 4.0783E-21            5.6725E-21 1.0939E-07 1.6729E-08 9.6717E-08 2.5164E-08 2.0611E-07 5.77E-07 7.48E-06   0.670 0.6000 7.5074E-06    870.166
 9291.00 0.53037745 3.7400E-21            5.6176E-21 1.2148E-07 1.7371E-08 1.0721E-07 2.7380E-08 2.2869E-07 6.28E-07 7.46E-06   0.634 0.6000 7.4866E-06    876.860
 9301.00 0.52156901 3.6473E-21            5.2795E-21 1.1284E-07 1.6718E-08 9.9578E-08 2.5698E-08 2.1242E-07 5.89E-07 7.30E-06   0.651 0.6000 7.3267E-06    873.389
 9311.00 0.52589762 3.4448E-21            5.0826E-21 1.1874E-07 1.7189E-08 1.0442E-07 2.6711E-08 2.2316E-07 6.12E-07 7.43E-06   0.643 0.6000 7.4561E-06    876.967
 9321.00 0.52422172 3.2978E-21            4.8422E-21 1.1506E-07 1.6841E-08 1.0123E-07 2.5784E-08 2.1630E-07 5.91E-07 7.33E-06   0.646 0.6000 7.3505E-06    875.934
 9331.00 0.52499676 3.1410E-21            4.6316E-21 1.1813E-07 1.7183E-08 1.0374E-07 2.6328E-08 2.2187E-07 6.03E-07 7.46E-06   0.644 0.6000 7.4831E-06    878.147
 9341.00 0.52463710 2.9962E-21            4.4227E-21 1.1782E-07 1.7098E-08 1.0325E-07 2.6137E-08 2.2108E-07 5.99E-07 7.43E-06   0.645 0.6000 7.4501E-06    878.699
 9351.00 0.52097529 2.8826E-21            4.1949E-21 1.1041E-07 1.6287E-08 9.6802E-08 2.4539E-08 2.0721E-07 5.62E-07 7.13E-06   0.652 0.6000 7.1583E-06    875.747
 9361.00 0.52304083 2.7266E-21            4.0239E-21 1.1572E-07 1.6842E-08 1.0127E-07 2.5515E-08 2.1699E-07 5.85E-07 7.35E-06   0.648 0.6000 7.3810E-06    879.138
 9371.00 0.52170759 2.6108E-21            3.8340E-21 1.1654E-07 1.7033E-08 1.0183E-07 2.5627E-08 2.1837E-07 5.87E-07 7.45E-06   0.651 0.6000 7.4787E-06    880.258
 9381.00 0.52261174 2.4857E-21            3.6693E-21 1.1726E-07 1.7009E-08 1.0217E-07 2.5618E-08 2.1943E-07 5.87E-07 7.42E-06   0.649 0.6000 7.4430E-06    881.291
 9391.00 0.52129346 2.3829E-21            3.4964E-21 1.1859E-07 1.7278E-08 1.0312E-07 2.5814E-08 2.2172E-07 5.92E-07 7.54E-06   0.651 0.6000 7.5710E-06    882.644
 9401.00 0.52264994 2.2713E-21            3.3489E-21 1.1961E-07 1.7259E-08 1.0362E-07 2.5871E-08 2.2322E-07 5.93E-07 7.49E-06   0.649 0.6000 7.5142E-06    883.791
 9411.00 0.52205366 2.1763E-21            3.1955E-21 1.1938E-07 1.7242E-08 1.0312E-07 2.5699E-08 2.2250E-07 5.89E-07 7.47E-06   0.650 0.6000 7.4958E-06    884.359
 9421.00 0.52313107 2.0757E-21            3.0590E-21 1.2075E-07 1.7298E-08 1.0393E-07 2.5838E-08 2.2468E-07 5.92E-07 7.45E-06   0.648 0.6000 7.4780E-06    885.679
 9431.00 0.52326816 1.9838E-21            2.9231E-21 1.2085E-07 1.7255E-08 1.0369E-07 2.5724E-08 2.2454E-07 5.90E-07 7.41E-06   0.648 0.6000 7.4376E-06    886.399
 9441.00 0.52330279 1.8968E-21            2.7927E-21 1.2116E-07 1.7254E-08 1.0364E-07 2.5660E-08 2.2480E-07 5.88E-07 7.39E-06   0.648 0.6000 7.4170E-06    887.221
 9451.00 0.52366531 1.8132E-21            2.6696E-21 1.2263E-07 1.7391E-08 1.0455E-07 2.5834E-08 2.2719E-07 5.92E-07 7.42E-06   0.647 0.6000 7.4469E-06    888.590
 9461.00 0.52424866 1.7325E-21            2.5531E-21 1.2583E-07 1.7751E-08 1.0691E-07 2.6363E-08 2.3274E-07 6.04E-07 7.54E-06   0.646 0.6000 7.5672E-06    890.751
 9471.00 0.52459621 1.6559E-21            2.4406E-21 1.2683E-07 1.7823E-08 1.0742E-07 2.6437E-08 2.3425E-07 6.06E-07 7.54E-06   0.645 0.6000 7.5686E-06    891.885
 9481.00 0.52494669 1.5812E-21            2.3331E-21 1.2771E-07 1.7873E-08 1.0782E-07 2.6484E-08 2.3553E-07 6.07E-07 7.54E-06   0.644 0.6000 7.5627E-06    892.961
 9491.00 0.52514273 1.5111E-21            2.2296E-21 1.2747E-07 1.7780E-08 1.0730E-07 2.6307E-08 2.3477E-07 6.03E-07 7.48E-06   0.644 0.6000 7.5010E-06    893.528
 9501.00 0.52503401 1.4450E-21            2.1295E-21 1.2865E-07 1.7915E-08 1.0801E-07 2.6433E-08 2.3666E-07 6.06E-07 7.52E-06   0.644 0.6000 7.5429E-06    894.753
 9511.00 0.52500856 1.3816E-21            2.0341E-21 1.2933E-07 1.7972E-08 1.0829E-07 2.6453E-08 2.3762E-07 6.06E-07 7.52E-06   0.644 0.6000 7.5499E-06    895.748
 9521.00 0.52496928 1.3202E-21            1.9430E-21 1.2978E-07 1.7996E-08 1.0839E-07 2.6430E-08 2.3817E-07 6.06E-07 7.52E-06   0.644 0.6000 7.5456E-06    896.640
 9531.00 0.52477598 1.2620E-21            1.8554E-21 1.3040E-07 1.8058E-08 1.0866E-07 2.6445E-08 2.3906E-07 6.06E-07 7.53E-06   0.645 0.6000 7.5615E-06    897.617
 9541.00 0.52480775 1.2069E-21            1.7726E-21 1.3109E-07 1.8111E-08 1.0891E-07 2.6456E-08 2.4001E-07 6.06E-07 7.54E-06   0.645 0.6000 7.5625E-06    898.605
 9551.00 0.52455479 1.1539E-21            1.6924E-21 1.3016E-07 1.7965E-08 1.0789E-07 2.6158E-08 2.3805E-07 6.00E-07 7.47E-06   0.645 0.6000 7.4917E-06    898.880
 9561.00 0.52431250 1.1031E-21            1.6160E-21 1.2908E-07 1.7797E-08 1.0674E-07 2.5833E-08 2.3582E-07 5.92E-07 7.39E-06   0.646 0.6000 7.4123E-06    899.084
 9571.00 0.52397233 1.0549E-21            1.5427E-21 1.3169E-07 1.8147E-08 1.0866E-07 2.6250E-08 2.4034E-07 6.02E-07 7.52E-06   0.646 0.6000 7.5504E-06    900.958
 9581.00 0.52377659 1.0083E-21            1.4731E-21 1.3223E-07 1.8197E-08 1.0885E-07 2.6247E-08 2.4108E-07 6.02E-07 7.54E-06   0.647 0.6000 7.5610E-06    901.895
 9591.00 0.52334493 9.6420E-22            1.4061E-21 1.3143E-07 1.8089E-08 1.0797E-07 2.5989E-08 2.3940E-07 5.96E-07 7.49E-06   0.648 0.6000 7.5108E-06    902.240
 9601.00 0.52284330 9.2218E-22            1.3419E-21 1.3264E-07 1.8262E-08 1.0874E-07 2.6130E-08 2.4138E-07 5.99E-07 7.55E-06   0.648 0.6000 7.5795E-06    903.482
 9611.00 0.52265388 8.8129E-22            1.2813E-21 1.3221E-07 1.8178E-08 1.0815E-07 2.5938E-08 2.4036E-07 5.95E-07 7.51E-06   0.649 0.6000 7.5350E-06    903.987
 9621.00 0.52227235 8.4265E-22            1.2231E-21 1.3227E-07 1.8179E-08 1.0796E-07 2.5846E-08 2.4023E-07 5.92E-07 7.50E-06   0.650 0.6000 7.5299E-06    904.711
 9631.00 0.52186847 8.0579E-22            1.1675E-21 1.3231E-07 1.8182E-08 1.0776E-07 2.5751E-08 2.4007E-07 5.90E-07 7.50E-06   0.650 0.6000 7.5249E-06    905.428
 9641.00 0.52147186 7.7023E-22            1.1144E-21 1.3157E-07 1.8074E-08 1.0694E-07 2.5508E-08 2.3851E-07 5.85E-07 7.45E-06   0.651 0.6000 7.4759E-06    905.798
 9651.00 0.52097577 7.3685E-22            1.0635E-21 1.3360E-07 1.8362E-08 1.0836E-07 2.5802E-08 2.4196E-07 5.91E-07 7.56E-06   0.652 0.6000 7.5893E-06    907.404
 9661.00 0.52094543 7.0399E-22            1.0158E-21 1.3257E-07 1.8178E-08 1.0725E-07 2.5487E-08 2.3982E-07 5.84E-07 7.47E-06   0.652 0.6000 7.4997E-06    907.634
 9671.00 0.52022552 6.7362E-22            9.6900E-22 1.3238E-07 1.8181E-08 1.0690E-07 2.5360E-08 2.3927E-07 5.81E-07 7.48E-06   0.653 0.6000 7.5015E-06    908.253
 9681.00 0.51987964 6.4402E-22            9.2497E-22 1.3220E-07 1.8147E-08 1.0652E-07 2.5224E-08 2.3872E-07 5.78E-07 7.45E-06   0.654 0.6000 7.4807E-06    908.873
 9691.00 0.51911759 6.1621E-22            8.8230E-22 1.3381E-07 1.8401E-08 1.0762E-07 2.5444E-08 2.4144E-07 5.83E-07 7.56E-06   0.656 0.6000 7.5873E-06    910.298
 9701.00 0.51843476 5.8963E-22            8.4165E-22 1.3343E-07 1.8374E-08 1.0711E-07 2.5278E-08 2.4053E-07 5.79E-07 7.55E-06   0.657 0.6000 7.5768E-06    910.831
 9711.00 0.51818877 5.6350E-22            8.0359E-22 1.3341E-07 1.8355E-08 1.0686E-07 2.5172E-08 2.4027E-07 5.77E-07 7.53E-06   0.657 0.6000 7.5604E-06    911.521
 9721.00 0.51620281 5.4070E-22            7.6466E-22 1.3193E-07 1.8305E-08 1.0557E-07 2.4846E-08 2.3750E-07 5.69E-07 7.54E-06   0.661 0.6000 7.5664E-06    911.587
 9731.00 0.51421857 5.1869E-22            7.2763E-22 1.3120E-07 1.8347E-08 1.0486E-07 2.4671E-08 2.3606E-07 5.65E-07 7.58E-06   0.665 0.6000 7.6088E-06    911.979
 9741.00 0.51594895 4.9357E-22            6.9735E-22 1.3325E-07 1.8425E-08 1.0615E-07 2.4883E-08 2.3940E-07 5.70E-07 7.57E-06   0.662 0.6000 7.5946E-06    913.569
 9751.00 0.51537901 4.7204E-22            6.6536E-22 1.3333E-07 1.8455E-08 1.0602E-07 2.4807E-08 2.3935E-07 5.69E-07 7.58E-06   0.663 0.6000 7.6062E-06    914.310
 9761.00 0.51334858 4.5278E-22            6.3318E-22 1.3175E-07 1.8363E-08 1.0458E-07 2.4471E-08 2.3633E-07 5.61E-07 7.56E-06   0.667 0.6000 7.5918E-06    914.309
 9771.00 0.50929350 4.3642E-22            5.9987E-22 1.2825E-07 1.8227E-08 1.0182E-07 2.3837E-08 2.3007E-07 5.46E-07 7.58E-06   0.675 0.6000 7.6047E-06    913.466
 9781.00 0.51385164 4.1270E-22            5.7818E-22 1.3198E-07 1.8272E-08 1.0427E-07 2.4278E-08 2.3626E-07 5.56E-07 7.49E-06   0.666 0.6000 7.5202E-06    915.798
 9791.00 0.51344180 3.9464E-22            5.5182E-22 1.3184E-07 1.8265E-08 1.0397E-07 2.4153E-08 2.3581E-07 5.54E-07 7.49E-06   0.667 0.6000 7.5133E-06    916.439
 9801.00 0.51340437 3.7691E-22            5.2710E-22 1.3273E-07 1.8339E-08 1.0442E-07 2.4210E-08 2.3714E-07 5.55E-07 7.50E-06   0.667 0.6000 7.5312E-06    917.528
 9811.00 0.50897795 3.6329E-22            4.9909E-22 1.2772E-07 1.7960E-08 1.0035E-07 2.3257E-08 2.2807E-07 5.33E-07 7.42E-06   0.675 0.6000 7.4494E-06    915.957
 9821.00 0.51387715 3.4359E-22            4.8135E-22 1.3445E-07 1.8447E-08 1.0524E-07 2.4294E-08 2.3969E-07 5.57E-07 7.51E-06   0.666 0.6000 7.5386E-06    919.673
 9831.00 0.51162195 3.2982E-22            4.5775E-22 1.3279E-07 1.8405E-08 1.0386E-07 2.3957E-08 2.3665E-07 5.49E-07 7.53E-06   0.670 0.6000 7.5540E-06    919.664
 9841.00 0.51237518 3.1452E-22            4.3789E-22 1.3385E-07 1.8425E-08 1.0438E-07 2.4033E-08 2.3822E-07 5.51E-07 7.50E-06   0.669 0.6000 7.5312E-06    920.813
 9851.00 0.51004559 3.0193E-22            4.1635E-22 1.3178E-07 1.8333E-08 1.0270E-07 2.3636E-08 2.3448E-07 5.42E-07 7.50E-06   0.673 0.6000 7.5270E-06    920.617
 9861.00 0.51096058 2.8786E-22            3.9837E-22 1.3422E-07 1.8540E-08 1.0429E-07 2.3915E-08 2.3852E-07 5.48E-07 7.55E-06   0.671 0.6000 7.5825E-06    922.392
 9871.00 0.51093149 2.7493E-22            3.8053E-22 1.3493E-07 1.8593E-08 1.0459E-07 2.3943E-08 2.3952E-07 5.49E-07 7.56E-06   0.672 0.6000 7.5902E-06    923.397
 9881.00 0.50745094 2.6451E-22            3.6098E-22 1.3183E-07 1.8458E-08 1.0216E-07 2.3394E-08 2.3399E-07 5.36E-07 7.56E-06   0.678 0.6000 7.5923E-06    922.750
 9891.00 0.50945753 2.5166E-22            3.4617E-22 1.3443E-07 1.8593E-08 1.0383E-07 2.3685E-08 2.3825E-07 5.43E-07 7.57E-06   0.674 0.6000 7.5945E-06    924.585
 9901.00 0.50212079 2.4400E-22            3.2593E-22 1.2755E-07 1.8314E-08 9.8742E-08 2.2636E-08 2.2630E-07 5.19E-07 7.58E-06   0.689 0.6000 7.6106E-06    922.252
 9911.00 0.50121510 2.3350E-22            3.1065E-22 1.2704E-07 1.8250E-08 9.8070E-08 2.2431E-08 2.2511E-07 5.14E-07 7.56E-06   0.691 0.6000 7.5896E-06    922.689
 9921.00 0.50528729 2.2124E-22            2.9918E-22 1.3188E-07 1.8497E-08 1.0133E-07 2.3038E-08 2.3321E-07 5.28E-07 7.57E-06   0.683 0.6000 7.5966E-06    925.556
 9931.00 0.50776595 2.1024E-22            2.8717E-22 1.3403E-07 1.8536E-08 1.0266E-07 2.3243E-08 2.3670E-07 5.33E-07 7.52E-06   0.678 0.6000 7.5522E-06    927.199
 9941.00 0.50612777 2.0150E-22            2.7341E-22 1.2857E-07 1.7881E-08 9.8316E-08 2.2251E-08 2.2689E-07 5.10E-07 7.27E-06   0.681 0.6000 7.3019E-06    925.411
 9951.00 0.50563592 1.9274E-22            2.6089E-22 1.2587E-07 1.7512E-08 9.6019E-08 2.1683E-08 2.2189E-07 4.97E-07 7.12E-06   0.682 0.6000 7.1481E-06    924.827
 9961.00 0.50392675 1.8469E-22            2.4832E-22 1.3096E-07 1.8312E-08 9.9707E-08 2.2488E-08 2.3067E-07 5.15E-07 7.47E-06   0.685 0.6000 7.4944E-06    927.901
 9971.00 0.50374448 1.7651E-22            2.3717E-22 1.3231E-07 1.8515E-08 1.0059E-07 2.2662E-08 2.3291E-07 5.19E-07 7.54E-06   0.686 0.6000 7.5675E-06    929.233
 9981.00 0.49406359 1.7221E-22            2.2210E-22 1.2431E-07 1.8273E-08 9.4709E-08 2.1584E-08 2.1902E-07 4.95E-07 7.60E-06   0.705 0.6000 7.6271E-06    926.296
 9991.00 0.50544178 1.6048E-22            2.1704E-22 1.3613E-07 1.8789E-08 1.0292E-07 2.3039E-08 2.3905E-07 5.28E-07 7.59E-06   0.682 0.6000 7.6202E-06    932.307
10001.00 0.50216585 1.5437E-22            2.0597E-22 1.3253E-07 1.8569E-08 1.0012E-07 2.2419E-08 2.3265E-07 5.14E-07 7.55E-06   0.689 0.6000 7.5822E-06    931.420
10011.00 0.50338167 1.4709E-22            1.9719E-22 1.3449E-07 1.8692E-08 1.0134E-07 2.2629E-08 2.3583E-07 5.19E-07 7.57E-06   0.686 0.6000 7.5949E-06    932.990
10021.00 0.50374681 1.4033E-22            1.8849E-22 1.3584E-07 1.8782E-08 1.0209E-07 2.2742E-08 2.3793E-07 5.21E-07 7.58E-06   0.686 0.6000 7.6120E-06    934.276
10031.00 0.50361001 1.3411E-22            1.7998E-22 1.3620E-07 1.8808E-08 1.0211E-07 2.2688E-08 2.3832E-07 5.20E-07 7.58E-06   0.686 0.6000 7.6128E-06    935.125
10041.00 0.50254297 1.2842E-22            1.7154E-22 1.3517E-07 1.8746E-08 1.0119E-07 2.2453E-08 2.3636E-07 5.15E-07 7.57E-06   0.688 0.6000 7.5964E-06    935.378
10051.00 0.50338793 1.2238E-22            1.6412E-22 1.3678E-07 1.8824E-08 1.0211E-07 2.2594E-08 2.3889E-07 5.18E-07 7.57E-06   0.686 0.6000 7.5992E-06    936.774
10061.00 0.50080353 1.1755E-22            1.5596E-22 1.3466E-07 1.8757E-08 1.0044E-07 2.2208E-08 2.3510E-07 5.09E-07 7.58E-06   0.692 0.6000 7.6105E-06    936.554
10071.00 0.48877162 1.1506E-22            1.4537E-22 1.2440E-07 1.8244E-08 9.2650E-08 2.0621E-08 2.1705E-07 4.73E-07 7.57E-06   0.716 0.6000 7.6024E-06    932.486
10081.00 0.49862149 1.0777E-22            1.4164E-22 1.3284E-07 1.8646E-08 9.8733E-08 2.1775E-08 2.3158E-07 4.99E-07 7.55E-06   0.696 0.6000 7.5822E-06    937.139
10091.00 0.49343708 1.0400E-22            1.3390E-22 1.2818E-07 1.8391E-08 9.5119E-08 2.0997E-08 2.2330E-07 4.81E-07 7.53E-06   0.706 0.6000 7.5624E-06    935.688
10101.00 0.48263603 1.0163E-22            1.2505E-22 1.1771E-07 1.7812E-08 8.7261E-08 1.9341E-08 2.0497E-07 4.43E-07 7.48E-06   0.728 0.6000 7.5113E-06    931.297
10111.00 0.49558276 9.4582E-23            1.2265E-22 1.2965E-07 1.8389E-08 9.5804E-08 2.1028E-08 2.2546E-07 4.82E-07 7.46E-06   0.702 0.6000 7.4926E-06    937.766
10121.00 0.48175648 9.2817E-23            1.1393E-22 1.2126E-07 1.8142E-08 8.9345E-08 1.9920E-08 2.1060E-07 4.57E-07 7.56E-06   0.730 0.6000 7.5886E-06    934.409
10131.00 0.47577986 8.9809E-23            1.0737E-22 1.1520E-07 1.7797E-08 8.4751E-08 1.8946E-08 1.9995E-07 4.34E-07 7.52E-06   0.743 0.6000 7.5528E-06    932.049
10141.00 0.48570117 8.4163E-23            1.0476E-22 1.2287E-07 1.8203E-08 9.0320E-08 1.9859E-08 2.1319E-07 4.55E-07 7.53E-06   0.722 0.6000 7.5589E-06    936.634
10151.00 0.44877496 8.6236E-23            9.2479E-23 9.7187E-08 1.6966E-08 7.0631E-08 1.6432E-08 1.6782E-07 3.77E-07 7.56E-06   0.801 0.6000 7.5928E-06    923.200
10161.00 0.45947844 8.0361E-23            9.0354E-23 1.0604E-07 1.7329E-08 7.7199E-08 1.7421E-08 1.8324E-07 3.99E-07 7.54E-06   0.778 0.6000 7.5665E-06    929.099
10171.00 0.43604615 7.8879E-23            8.1994E-23 9.6397E-08 1.6642E-08 6.8988E-08 1.5839E-08 1.6539E-07 3.63E-07 7.54E-06   0.830 0.6000 7.5666E-06    923.821
10181.00 0.43126106 7.6440E-23            7.7343E-23 9.0513E-08 1.6473E-08 6.4620E-08 1.5064E-08 1.5513E-07 3.45E-07 7.57E-06   0.841 0.6000 7.6043E-06    920.838
10191.00 0.44727722 7.1327E-23            7.6643E-23 9.8417E-08 1.7008E-08 7.1059E-08 1.6176E-08 1.6948E-07 3.71E-07 7.58E-06   0.805 0.6000 7.6154E-06    926.722
10201.00 0.39825031 7.1798E-23            6.5229E-23 7.7895E-08 1.5336E-08 5.3662E-08 1.2562E-08 1.3156E-07 2.88E-07 7.52E-06   0.921 0.6000 7.5497E-06    912.849
10211.00 0.38321388 6.9484E-23            5.9880E-23 6.9830E-08 1.4755E-08 4.7421E-08 1.1272E-08 1.1725E-07 2.58E-07 7.48E-06   0.959 0.6000 7.5097E-06    907.083
10221.00 0.39016479 6.5851E-23            5.8263E-23 7.3536E-08 1.5029E-08 5.0176E-08 1.1765E-08 1.2371E-07 2.70E-07 7.50E-06   0.941 0.6000 7.5283E-06    910.823
10231.00 0.42276761 6.0885E-23            6.0283E-23 8.8558E-08 1.6181E-08 6.2122E-08 1.4195E-08 1.5068E-07 3.25E-07 7.53E-06   0.861 0.6000 7.5645E-06    922.818
10241.00 0.34807011 6.0900E-23            4.7460E-23 6.0036E-08 1.3724E-08 3.9174E-08 9.2015E-09 9.9211E-08 2.11E-07 7.48E-06   1.055 0.6000 7.5088E-06    899.976
10251.00 0.36193228 5.8589E-23            4.7034E-23 6.3650E-08 1.4274E-08 4.1542E-08 9.8178E-09 1.0519E-07 2.25E-07 7.57E-06   1.016 0.6000 7.5975E-06    903.925
10261.00 0.36109757 5.5354E-23            4.4902E-23 6.3128E-08 1.3965E-08 4.1517E-08 9.5377E-09 1.0464E-07 2.19E-07 7.44E-06   1.019 0.6000 7.4726E-06    904.356
10271.00 0.35761845 5.2811E-23            4.2359E-23 6.4151E-08 1.4026E-08 4.2186E-08 9.6590E-09 1.0634E-07 2.21E-07 7.47E-06   1.028 0.6000 7.4992E-06    905.965
10281.00 0.39192915 4.9836E-23            4.4377E-23 7.4856E-08 1.5244E-08 5.0647E-08 1.1550E-08 1.2550E-07 2.65E-07 7.55E-06   0.937 0.6000 7.5867E-06    915.989
10291.00 0.40908185 4.5852E-23            4.4264E-23 8.6695E-08 1.5955E-08 5.9890E-08 1.3162E-08 1.4659E-07 3.02E-07 7.57E-06   0.894 0.6000 7.6000E-06    925.613
10301.00 0.41449097 4.3672E-23            4.2884E-23 8.8876E-08 1.6032E-08 6.1461E-08 1.3546E-08 1.5034E-07 3.10E-07 7.50E-06   0.881 0.6000 7.5360E-06    927.809
10311.00 0.40199772 4.2944E-23            3.9645E-23 8.0886E-08 1.5735E-08 5.5262E-08 1.2482E-08 1.3615E-07 2.86E-07 7.55E-06   0.911 0.6000 7.5858E-06    922.815
10321.00 0.39443561 4.1235E-23            3.7222E-23 7.6246E-08 1.5382E-08 5.1791E-08 1.1716E-08 1.2804E-07 2.69E-07 7.53E-06   0.930 0.6000 7.5612E-06    920.028
10331.00 0.40025166 3.7921E-23            3.6002E-23 8.6054E-08 1.5646E-08 5.8835E-08 1.2754E-08 1.4489E-07 2.92E-07 7.48E-06   0.916 0.6000 7.5159E-06    927.861
10341.00 0.30150008 3.8737E-23            2.6032E-23 4.8595E-08 1.2692E-08 2.9045E-08 6.9071E-09 7.7640E-08 1.58E-07 7.53E-06   1.199 0.6000 7.5583E-06    893.788
10351.00 0.28706673 3.7935E-23            2.3518E-23 3.9684E-08 1.1928E-08 2.2112E-08 5.5518E-09 6.1795E-08 1.27E-07 7.38E-06   1.248 0.6000 7.4168E-06    882.400
10361.00 0.28811783 3.5807E-23            2.2617E-23 3.9119E-08 1.2207E-08 2.1960E-08 5.7243E-09 6.1079E-08 1.31E-07 7.48E-06   1.244 0.6000 7.5170E-06    882.491
10371.00 0.26232469 3.2395E-23            1.9642E-23 4.2053E-08 1.1792E-08 2.4001E-08 5.6327E-09 6.6054E-08 1.29E-07 7.47E-06   1.338 0.6000 7.4998E-06    887.304
10381.00 0.30135688 3.2009E-23            2.1579E-23 4.9068E-08 1.2708E-08 2.9435E-08 6.7484E-09 7.8504E-08 1.55E-07 7.47E-06   1.199 0.6000 7.5039E-06    897.218
10391.00 0.21933234 3.0784E-23            1.4958E-23 3.0055E-08 1.0450E-08 1.3474E-08 3.2377E-09 4.3529E-08 7.42E-08 7.45E-06   1.517 0.6000 7.4884E-06    867.211
10401.00 0.27319959 3.0055E-23            1.7855E-23 4.1640E-08 1.2137E-08 2.2432E-08 5.2923E-09 6.4072E-08 1.21E-07 7.56E-06   1.298 0.6000 7.5955E-06    887.805
10411.00 0.24564882 2.8173E-23            1.5290E-23 3.4056E-08 1.1078E-08 1.6988E-08 4.0308E-09 5.1045E-08 9.24E-08 7.45E-06   1.404 0.6000 7.4817E-06    876.686
10421.00 0.17711966 2.5838E-23            1.0578E-23 2.2284E-08 9.5551E-09 7.4045E-09 1.9716E-09 2.9688E-08 4.52E-08 7.55E-06   1.731 0.6000 7.5892E-06    850.411
10431.00 0.21949026 2.4738E-23            1.2442E-23 3.0752E-08 1.0718E-08 1.4276E-08 3.4067E-09 4.5027E-08 7.81E-08 7.57E-06   1.516 0.6000 7.6090E-06    871.678
10441.00 0.27350762 2.4309E-23            1.4836E-23 4.0070E-08 1.1932E-08 2.1822E-08 5.0709E-09 6.1893E-08 1.16E-07 7.47E-06   1.296 0.6000 7.5062E-06    888.787
10451.00 0.17778087 2.2216E-23            9.2116E-24 2.4690E-08 9.5697E-09 9.3821E-09 2.1206E-09 3.4072E-08 4.86E-08 7.48E-06   1.727 0.6000 7.5160E-06    859.150
10461.00 0.18168426 2.1084E-23            9.0054E-24 2.5249E-08 9.6390E-09 9.8980E-09 2.2662E-09 3.5147E-08 5.19E-08 7.45E-06   1.705 0.6000 7.4884E-06    861.359
10471.00 0.19530198 2.0790E-23            9.2442E-24 2.2838E-08 9.3496E-09 8.3409E-09 2.0198E-09 3.1178E-08 4.63E-08 7.06E-06   1.633 0.6000 7.0966E-06    856.172
10481.00 0.21414034 2.0153E-23            9.6362E-24 2.6910E-08 1.0220E-08 1.0950E-08 2.5609E-09 3.7860E-08 5.87E-08 7.36E-06   1.541 0.6000 7.3966E-06    866.409
10491.00 0.18703771 1.8719E-23            8.0992E-24 2.3516E-08 9.7758E-09 8.3406E-09 2.1033E-09 3.1857E-08 4.82E-08 7.50E-06   1.676 0.6000 7.5336E-06    858.578
10501.00 0.11878218 1.6147E-23            4.8830E-24 1.5569E-08 8.1875E-09 2.6241E-09 6.6256E-10 1.8193E-08 1.52E-08 7.55E-06   2.130 0.6000 7.5876E-06    832.727
10511.00 0.25149533 1.8345E-23            9.8509E-24 3.1046E-08 1.1285E-08 1.3922E-08 3.2715E-09 4.4968E-08 7.50E-08 7.53E-06   1.380 0.6000 7.5650E-06    877.128
10521.00 0.15015045 1.4446E-23            5.6965E-24 2.0158E-08 8.9519E-09 6.4645E-09 1.4547E-09 2.6623E-08 3.33E-08 7.52E-06   1.896 0.6000 7.5614E-06    851.921
10531.00 0.15935898 1.4085E-23            5.6607E-24 2.2137E-08 9.2919E-09 7.6893E-09 1.6974E-09 2.9826E-08 3.89E-08 7.57E-06   1.837 0.6000 7.6148E-06    858.080
10541.00 0.18295392 1.4159E-23            6.2997E-24 2.3044E-08 9.7020E-09 8.1869E-09 1.8695E-09 3.1231E-08 4.29E-08 7.56E-06   1.699 0.6000 7.6042E-06    861.001
10551.00 0.15795851 1.3099E-23            5.1548E-24 2.1117E-08 9.2144E-09 6.7319E-09 1.4828E-09 2.7849E-08 3.40E-08 7.55E-06   1.845 0.6000 7.5920E-06    856.108
10561.00 0.16146290 1.2823E-23            5.0516E-24 2.0249E-08 9.2040E-09 6.0107E-09 1.3671E-09 2.6260E-08 3.13E-08 7.51E-06   1.823 0.6000 7.5532E-06    853.953
10571.00 0.12742211 1.1041E-23            3.7935E-24 1.7146E-08 8.3674E-09 4.0230E-09 8.3918E-10 2.1169E-08 1.92E-08 7.49E-06   2.060 0.6000 7.5396E-06    844.401
10581.00 0.17951904 1.2105E-23            5.1256E-24 2.3099E-08 9.5401E-09 7.9545E-09 1.6824E-09 3.1053E-08 3.86E-08 7.44E-06   1.717 0.6000 7.4809E-06    863.431
10591.00 0.11647281 9.5437E-24            3.1393E-24 1.6991E-08 8.0127E-09 4.4469E-09 8.8375E-10 2.1437E-08 2.03E-08 7.34E-06   2.150 0.6000 7.3912E-06    846.324
10601.00 0.15174377 9.8416E-24            3.9644E-24 2.0296E-08 8.8329E-09 6.5376E-09 1.2760E-09 2.6834E-08 2.92E-08 7.43E-06   1.886 0.6000 7.4831E-06    857.684
10611.00 0.18078901 1.0542E-23            4.4655E-24 2.1686E-08 9.4371E-09 6.9193E-09 1.4350E-09 2.8606E-08 3.29E-08 7.43E-06   1.710 0.6000 7.4735E-06    861.452
10621.00 0.19797978 1.0542E-23            4.6957E-24 2.2368E-08 9.4133E-09 7.8158E-09 1.6792E-09 3.0184E-08 3.85E-08 7.10E-06   1.620 0.6000 7.1416E-06    864.747
10631.00 0.19574258 1.0403E-23            4.4216E-24 2.1989E-08 9.7619E-09 6.6594E-09 1.6963E-09 2.8649E-08 3.89E-08 7.35E-06   1.631 0.6000 7.3919E-06    862.874
10641.00 0.26230076 1.0152E-23            5.6590E-24 3.4798E-08 1.1750E-08 1.6070E-08 3.5542E-09 5.0868E-08 8.15E-08 7.51E-06   1.338 0.6000 7.5446E-06    892.449
10651.00 0.16400202 8.0452E-24            3.4079E-24 2.2258E-08 9.3520E-09 7.7421E-09 1.6003E-09 3.0000E-08 3.67E-08 7.52E-06   1.808 0.6000 7.5639E-06    866.475
10661.00 0.08996014 6.8237E-24            1.7719E-24 1.3428E-08 7.6194E-09 1.4568E-09 2.9880E-10 1.4885E-08 6.85E-09 7.54E-06   2.408 0.6000 7.5933E-06    834.102
10671.00 0.08427578 6.4436E-24            1.5819E-24 1.3076E-08 7.5467E-09 1.2914E-09 2.7576E-10 1.4367E-08 6.32E-09 7.53E-06   2.474 0.6000 7.5846E-06    833.154
10681.00 0.09755139 6.3243E-24            1.7628E-24 1.3731E-08 7.7054E-09 1.6958E-09 3.4803E-10 1.5427E-08 7.98E-09 7.45E-06   2.327 0.6000 7.5010E-06    837.040
10691.00 0.12154340 6.1303E-24            2.0770E-24 1.6193E-08 8.3016E-09 3.2979E-09 6.3527E-10 1.9491E-08 1.46E-08 7.48E-06   2.107 0.6000 7.5250E-06    848.500
10701.00 0.05820470 4.6442E-24            9.5970E-25 1.2117E-08 7.0427E-09 8.8882E-10 1.7075E-10 1.3006E-08 3.91E-09 7.55E-06   2.844 0.6000 7.6028E-06    830.629
10711.00 0.08367585 5.5681E-24            1.2992E-24 1.3891E-08 7.7486E-09 1.3710E-09 2.8591E-10 1.5262E-08 6.55E-09 7.57E-06   2.481 0.6000 7.6107E-06    838.514
10721.00 0.10185376 5.6395E-24            1.5240E-24 1.5569E-08 8.1498E-09 2.1794E-09 4.4414E-10 1.7748E-08 1.02E-08 7.55E-06   2.284 0.6000 7.5927E-06    846.118
10731.00 0.12888311 5.4145E-24            1.8308E-24 1.8075E-08 8.7533E-09 3.8940E-09 8.8989E-10 2.1969E-08 2.04E-08 7.51E-06   2.049 0.6000 7.5570E-06    856.802
10741.00 0.19034313 5.9843E-24            2.5894E-24 2.6105E-08 1.0383E-08 8.8497E-09 2.0136E-09 3.4954E-08 4.62E-08 7.56E-06   1.659 0.6000 7.5987E-06    880.147
10751.00 0.21513754 5.9765E-24            2.7977E-24 2.9047E-08 1.1053E-08 1.1034E-08 2.6599E-09 4.0081E-08 6.10E-08 7.53E-06   1.536 0.6000 7.5686E-06    887.745
10761.00 0.26309994 5.9659E-24            3.2662E-24 3.7378E-08 1.2282E-08 1.7112E-08 4.1064E-09 5.4490E-08 9.41E-08 7.47E-06   1.335 0.6000 7.5094E-06    904.366
10771.00 0.27634388 5.5929E-24            3.2747E-24 4.1360E-08 1.2779E-08 2.0496E-08 4.6973E-09 6.1856E-08 1.08E-07 7.57E-06   1.286 0.6000 7.6113E-06    911.810
10781.00 0.34674144 5.2231E-24            3.9177E-24 6.2246E-08 1.4844E-08 3.6296E-08 7.7451E-09 9.8543E-08 1.78E-07 7.58E-06   1.059 0.6000 7.6222E-06    938.210
10791.00 0.39149579 4.8537E-24            4.2386E-24 8.0798E-08 1.6093E-08 4.9571E-08 1.0165E-08 1.3037E-07 2.33E-07 7.43E-06   0.938 0.6000 7.4710E-06    955.088
10801.00 0.38970724 4.6419E-24            4.0230E-24 7.6809E-08 1.5616E-08 4.7028E-08 9.8376E-09 1.2384E-07 2.25E-07 7.25E-06   0.942 0.6000 7.2822E-06    952.797
10811.00 0.37429154 4.4348E-24            3.6938E-24 7.5380E-08 1.5582E-08 4.5534E-08 9.5765E-09 1.2091E-07 2.20E-07 7.42E-06   0.983 0.6000 7.4552E-06    952.123
10821.00 0.36543208 4.3049E-24            3.4408E-24 6.8376E-08 1.5116E-08 4.0669E-08 8.7061E-09 1.0905E-07 2.00E-07 7.36E-06   1.007 0.6000 7.3925E-06    946.854
10831.00 0.39374131 4.0035E-24            3.5390E-24 7.9998E-08 1.5524E-08 4.9053E-08 1.0158E-08 1.2905E-07 2.33E-07 7.07E-06   0.932 0.6000 7.1062E-06    957.376
10841.00 0.40623894 3.7186E-24            3.4921E-24 9.6076E-08 1.6738E-08 5.9546E-08 1.1960E-08 1.5562E-07 2.74E-07 7.31E-06   0.901 0.6000 7.3512E-06    969.243
10851.00 0.38069427 3.6887E-24            3.1203E-24 7.8269E-08 1.5685E-08 4.7118E-08 9.9164E-09 1.2539E-07 2.27E-07 7.27E-06   0.966 0.6000 7.3041E-06    957.124
10861.00 0.41807371 3.4015E-24            3.2713E-24 9.9918E-08 1.7336E-08 6.2111E-08 1.2428E-08 1.6203E-07 2.85E-07 7.42E-06   0.872 0.6000 7.4621E-06    973.136
10871.00 0.37657881 3.2229E-24            2.8202E-24 8.9867E-08 1.6455E-08 5.4556E-08 1.1010E-08 1.4442E-07 2.52E-07 7.53E-06   0.977 0.6000 7.5693E-06    966.940
10881.00 0.37910554 3.1683E-24            2.7097E-24 8.3997E-08 1.6388E-08 5.0524E-08 1.0300E-08 1.3452E-07 2.36E-07 7.57E-06   0.970 0.6000 7.6132E-06    963.435
10891.00 0.32064804 3.0710E-24            2.1918E-24 6.0411E-08 1.4298E-08 3.3867E-08 7.0361E-09 9.4278E-08 1.61E-07 7.53E-06   1.137 0.6000 7.5649E-06    943.520
10901.00 0.30996412 2.9554E-24            2.0117E-24 5.6171E-08 1.3791E-08 3.0673E-08 6.2928E-09 8.6845E-08 1.44E-07 7.47E-06   1.171 0.6000 7.5041E-06    939.584
10911.00 0.35861051 2.7865E-24            2.2322E-24 7.5146E-08 1.5620E-08 4.4001E-08 8.8847E-09 1.1915E-07 2.04E-07 7.56E-06   1.026 0.6000 7.5967E-06    958.445
10921.00 0.27230707 2.6377E-24            1.6174E-24 4.8119E-08 1.3018E-08 2.4654E-08 5.1928E-09 7.2773E-08 1.19E-07 7.58E-06   1.301 0.6000 7.6235E-06    931.140
10931.00 0.36399469 2.5819E-24            2.0605E-24 7.0293E-08 1.5528E-08 4.1030E-08 8.4668E-09 1.1132E-07 1.94E-07 7.50E-06   1.011 0.6000 7.5345E-06    955.917
10941.00 0.29860759 2.4151E-24            1.6219E-24 5.7336E-08 1.3946E-08 3.0864E-08 6.3909E-09 8.8200E-08 1.46E-07 7.62E-06   1.209 0.6000 7.6639E-06    943.286
10951.00 0.29424170 2.3548E-24            1.5159E-24 5.3826E-08 1.3825E-08 2.8251E-08 5.9347E-09 8.2078E-08 1.36E-07 7.66E-06   1.223 0.6000 7.7036E-06    939.942
10961.00 0.34754202 2.1810E-24            1.7185E-24 7.5661E-08 1.5345E-08 4.3746E-08 8.5836E-09 1.1941E-07 1.97E-07 7.49E-06   1.057 0.6000 7.5273E-06    962.160
10971.00 0.36160764 2.0888E-24            1.7046E-24 7.9538E-08 1.5652E-08 4.6612E-08 9.1908E-09 1.2615E-07 2.11E-07 7.40E-06   1.017 0.6000 7.4388E-06    966.114
10981.00 0.31963971 2.0343E-24            1.4384E-24 6.6214E-08 1.4612E-08 3.6428E-08 7.3755E-09 1.0264E-07 1.69E-07 7.52E-06   1.141 0.6000 7.5628E-06    954.784
10991.00 0.32791618 1.9601E-24            1.4086E-24 6.2872E-08 1.4493E-08 3.4588E-08 7.1829E-09 9.7460E-08 1.65E-07 7.39E-06   1.115 0.6000 7.4267E-06    952.514
11001.00 0.32457659 1.8253E-24            1.3317E-24 6.4727E-08 1.4359E-08 3.5935E-08 7.2157E-09 1.0066E-07 1.65E-07 7.29E-06   1.125 0.6000 7.3350E-06    955.083
11011.00 0.32333964 1.7237E-24            1.2665E-24 7.1554E-08 1.4736E-08 4.0056E-08 7.7873E-09 1.1161E-07 1.78E-07 7.44E-06   1.129 0.6000 7.4859E-06    961.786
11021.00 0.32739240 1.6685E-24            1.2248E-24 6.8624E-08 1.4950E-08 3.7773E-08 7.3287E-09 1.0640E-07 1.68E-07 7.60E-06   1.117 0.6000 7.6420E-06    959.713
11031.00 0.36189422 1.6102E-24            1.2922E-24 7.8578E-08 1.5824E-08 4.5010E-08 8.9025E-09 1.2359E-07 2.04E-07 7.42E-06   1.016 0.6000 7.4670E-06    969.210
11041.00 0.40359837 1.4728E-24            1.3771E-24 1.0474E-07 1.7789E-08 6.2512E-08 1.1787E-08 1.6725E-07 2.70E-07 7.60E-06   0.907 0.6000 7.6479E-06    988.181
11051.00 0.40763342 1.4248E-24            1.3281E-24 1.0495E-07 1.8038E-08 6.2368E-08 1.2023E-08 1.6732E-07 2.76E-07 7.65E-06   0.897 0.6000 7.6989E-06    988.934
11061.00 0.41649356 1.3519E-24            1.2948E-24 1.1097E-07 1.8373E-08 6.6072E-08 1.2550E-08 1.7704E-07 2.88E-07 7.64E-06   0.876 0.6000 7.6847E-06    993.150
11071.00 0.37184700 1.3161E-24            1.1067E-24 8.6319E-08 1.6558E-08 4.9757E-08 9.6251E-09 1.3608E-07 2.21E-07 7.57E-06   0.989 0.6000 7.6118E-06    977.824
11081.00 0.32958934 1.2530E-24            9.3460E-25 6.9248E-08 1.4683E-08 3.8233E-08 7.2341E-09 1.0748E-07 1.66E-07 7.35E-06   1.110 0.6000 7.3949E-06    964.579
11091.00 0.33515853 1.2179E-24            9.0770E-25 6.6918E-08 1.4281E-08 3.6760E-08 7.1445E-09 1.0368E-07 1.64E-07 7.05E-06   1.093 0.6000 7.0888E-06    963.193
11101.00 0.30870727 1.1726E-24            7.9901E-25 6.0103E-08 1.4146E-08 3.1626E-08 6.3463E-09 9.1729E-08 1.45E-07 7.36E-06   1.175 0.6000 7.4018E-06    956.832
11111.00 0.34988624 1.0706E-24            8.6313E-25 8.3979E-08 1.5736E-08 4.7456E-08 8.7173E-09 1.3143E-07 2.00E-07 7.41E-06   1.050 0.6000 7.4567E-06    978.622
11121.00 0.25354034 1.0427E-24            5.9799E-25 5.0944E-08 1.2955E-08 2.4474E-08 4.7579E-09 7.5418E-08 1.09E-07 7.59E-06   1.372 0.6000 7.6365E-06    947.140
11131.00 0.35053185 9.8550E-25            7.8809E-25 8.5575E-08 1.6209E-08 4.8069E-08 9.0043E-09 1.3364E-07 2.06E-07 7.59E-06   1.048 0.6000 7.6345E-06    981.061
11141.00 0.33851409 9.8609E-25            7.2779E-25 7.3417E-08 1.5666E-08 3.9795E-08 7.9640E-09 1.1321E-07 1.83E-07 7.54E-06   1.083 0.6000 7.5875E-06    971.904
11151.00 0.33157054 9.4372E-25            6.8054E-25 7.3346E-08 1.5530E-08 3.9234E-08 7.8187E-09 1.1258E-07 1.79E-07 7.54E-06   1.104 0.6000 7.5845E-06    972.287
11161.00 0.37015042 8.8936E-25            7.2541E-25 8.9185E-08 1.7134E-08 5.0058E-08 9.7819E-09 1.3924E-07 2.24E-07 7.67E-06   0.994 0.6000 7.7213E-06    985.696
11171.00 0.38477528 8.5178E-25            7.1919E-25 9.1208E-08 1.7217E-08 5.1682E-08 1.0266E-08 1.4289E-07 2.35E-07 7.48E-06   0.955 0.6000 7.5224E-06    987.983
11181.00 0.41726562 7.8225E-25            7.4505E-25 1.1411E-07 1.8531E-08 6.6417E-08 1.2449E-08 1.8053E-07 2.85E-07 7.49E-06   0.874 0.6000 7.5350E-06   1003.121
11191.00 0.42220899 7.3943E-25            7.2060E-25 1.1870E-07 1.8875E-08 6.9245E-08 1.2717E-08 1.8795E-07 2.91E-07 7.57E-06   0.862 0.6000 7.6181E-06   1006.377
11201.00 0.44129252 6.8756E-25            7.1828E-25 1.3208E-07 1.9252E-08 7.7449E-08 1.3870E-08 2.0953E-07 3.18E-07 7.40E-06   0.818 0.6000 7.4492E-06   1013.996
11211.00 0.44841394 6.4853E-25            6.9737E-25 1.4049E-07 1.9935E-08 8.2526E-08 1.4630E-08 2.2302E-07 3.35E-07 7.56E-06   0.802 0.6000 7.6049E-06   1018.727
11221.00 0.45607895 6.1268E-25            6.7728E-25 1.5015E-07 2.0470E-08 8.8035E-08 1.5480E-08 2.3818E-07 3.55E-07 7.60E-06   0.785 0.6000 7.6441E-06   1023.717
11231.00 0.45446202 5.8574E-25            6.4444E-25 1.4981E-07 2.0547E-08 8.7720E-08 1.5404E-08 2.3753E-07 3.53E-07 7.65E-06   0.789 0.6000 7.6983E-06   1024.278
11241.00 0.45623884 5.5761E-25            6.1760E-25 1.5100E-07 2.0466E-08 8.8228E-08 1.5423E-08 2.3923E-07 3.54E-07 7.58E-06   0.785 0.6000 7.6234E-06   1025.478
11251.00 0.45712835 5.3157E-25            5.9102E-25 1.5361E-07 2.0620E-08 8.9484E-08 1.5615E-08 2.4310E-07 3.58E-07 7.60E-06   0.783 0.6000 7.6427E-06   1027.262
11261.00 0.45192796 5.1175E-25            5.5771E-25 1.4728E-07 2.0230E-08 8.5602E-08 1.4975E-08 2.3288E-07 3.43E-07 7.53E-06   0.794 0.6000 7.5795E-06   1025.208
11271.00 0.45655379 4.8524E-25            5.3809E-25 1.4975E-07 2.0110E-08 8.6928E-08 1.5101E-08 2.3668E-07 3.46E-07 7.40E-06   0.784 0.6000 7.4414E-06   1026.997
11281.00 0.45323962 4.6570E-25            5.1006E-25 1.4154E-07 1.9306E-08 8.1996E-08 1.4257E-08 2.2354E-07 3.27E-07 7.15E-06   0.791 0.6000 7.1947E-06   1024.031
11291.00 0.45292360 4.4505E-25            4.8653E-25 1.5010E-07 2.0443E-08 8.6765E-08 1.5039E-08 2.3687E-07 3.45E-07 7.56E-06   0.792 0.6000 7.6089E-06   1028.524
11301.00 0.45700252 4.2222E-25            4.6879E-25 1.5568E-07 2.0707E-08 8.9766E-08 1.5473E-08 2.4545E-07 3.55E-07 7.57E-06   0.783 0.6000 7.6142E-06   1031.586
11311.00 0.45624694 4.0359E-25            4.4690E-25 1.5316E-07 2.0417E-08 8.8153E-08 1.5161E-08 2.4131E-07 3.48E-07 7.47E-06   0.785 0.6000 7.5111E-06   1031.213
11321.00 0.45536280 3.8607E-25            4.2583E-25 1.5454E-07 2.0659E-08 8.8762E-08 1.5243E-08 2.4330E-07 3.49E-07 7.56E-06   0.787 0.6000 7.6030E-06   1032.489
11331.00 0.45502612 3.6879E-25            4.0633E-25 1.5144E-07 2.0245E-08 8.6817E-08 1.4884E-08 2.3825E-07 3.41E-07 7.40E-06   0.787 0.6000 7.4450E-06   1031.857
11341.00 0.45478928 3.5231E-25            3.8772E-25 1.5440E-07 2.0612E-08 8.8321E-08 1.5110E-08 2.4272E-07 3.46E-07 7.52E-06   0.788 0.6000 7.5703E-06   1033.809
11351.00 0.45505470 3.3623E-25            3.7042E-25 1.4685E-07 1.9530E-08 8.3818E-08 1.4299E-08 2.3067E-07 3.28E-07 7.11E-06   0.787 0.6000 7.1571E-06   1031.222
11361.00 0.45478857 3.2119E-25            3.5346E-25 1.5562E-07 2.0672E-08 8.8638E-08 1.5084E-08 2.4426E-07 3.46E-07 7.52E-06   0.788 0.6000 7.5666E-06   1035.701
11371.00 0.45541722 3.0634E-25            3.3796E-25 1.5509E-07 2.0469E-08 8.8117E-08 1.4955E-08 2.4321E-07 3.43E-07 7.42E-06   0.787 0.6000 7.4662E-06   1036.156
11381.00 0.45438850 2.9304E-25            3.2195E-25 1.5799E-07 2.0938E-08 8.9611E-08 1.5181E-08 2.4761E-07 3.48E-07 7.60E-06   0.789 0.6000 7.6453E-06   1038.072
11391.00 0.45458779 2.7969E-25            3.0752E-25 1.5764E-07 2.0808E-08 8.9204E-08 1.5078E-08 2.4684E-07 3.46E-07 7.53E-06   0.788 0.6000 7.5803E-06   1038.607
11401.00 0.45436108 2.6716E-25            2.9347E-25 1.5841E-07 2.0885E-08 8.9444E-08 1.5084E-08 2.4785E-07 3.46E-07 7.55E-06   0.789 0.6000 7.5997E-06   1039.614
11411.00 0.45384282 2.5531E-25            2.7988E-25 1.5769E-07 2.0806E-08 8.8870E-08 1.4957E-08 2.4656E-07 3.43E-07 7.52E-06   0.790 0.6000 7.5687E-06   1040.008
11421.00 0.45378232 2.4379E-25            2.6719E-25 1.5356E-07 2.0216E-08 8.6354E-08 1.4501E-08 2.3991E-07 3.32E-07 7.30E-06   0.790 0.6000 7.3425E-06   1038.947
11431.00 0.45341343 2.3292E-25            2.5490E-25 1.5618E-07 2.0557E-08 8.7649E-08 1.4687E-08 2.4383E-07 3.37E-07 7.41E-06   0.791 0.6000 7.4607E-06   1040.749
11441.00 0.45301133 2.2255E-25            2.4315E-25 1.5716E-07 2.0685E-08 8.8021E-08 1.4718E-08 2.4518E-07 3.37E-07 7.46E-06   0.792 0.6000 7.5024E-06   1041.852
11451.00 0.45282316 2.1255E-25            2.3206E-25 1.5886E-07 2.0881E-08 8.8786E-08 1.4812E-08 2.4765E-07 3.40E-07 7.52E-06   0.792 0.6000 7.5639E-06   1043.251
11461.00 0.45250851 2.0305E-25            2.2141E-25 1.6089E-07 2.1135E-08 8.9732E-08 1.4938E-08 2.5062E-07 3.42E-07 7.60E-06   0.793 0.6000 7.6494E-06   1044.778
11471.00 0.45213351 1.9400E-25            2.1122E-25 1.5834E-07 2.0797E-08 8.8134E-08 1.4641E-08 2.4648E-07 3.36E-07 7.47E-06   0.794 0.6000 7.5218E-06   1044.413
11481.00 0.45166108 1.8538E-25            2.0145E-25 1.5927E-07 2.0929E-08 8.8475E-08 1.4666E-08 2.4775E-07 3.36E-07 7.52E-06   0.795 0.6000 7.5664E-06   1045.490
11491.00 0.45138034 1.7708E-25            1.9222E-25 1.5939E-07 2.0928E-08 8.8359E-08 1.4616E-08 2.4775E-07 3.35E-07 7.51E-06   0.795 0.6000 7.5587E-06   1046.230
11501.00 0.45100132 1.6918E-25            1.8337E-25 1.5567E-07 2.0436E-08 8.6126E-08 1.4216E-08 2.4180E-07 3.26E-07 7.33E-06   0.796 0.6000 7.3764E-06   1045.358
11511.00 0.45063305 1.6163E-25            1.7493E-25 1.5484E-07 2.0323E-08 8.5487E-08 1.4080E-08 2.4032E-07 3.23E-07 7.28E-06   0.797 0.6000 7.3299E-06   1045.692
11521.00 0.45021358 1.5444E-25            1.6686E-25 1.5548E-07 2.0410E-08 8.5672E-08 1.4081E-08 2.4115E-07 3.23E-07 7.31E-06   0.798 0.6000 7.3570E-06   1046.655
11531.00 0.44982588 1.4754E-25            1.5917E-25 1.4978E-07 1.9660E-08 8.2369E-08 1.3510E-08 2.3215E-07 3.10E-07 7.04E-06   0.799 0.6000 7.0826E-06   1044.881
11541.00 0.44946384 1.4095E-25            1.5185E-25 1.1923E-07 1.5647E-08 6.5436E-08 1.0710E-08 1.8466E-07 2.45E-07 5.60E-06   0.800 0.6000 5.6333E-06   1030.763
11551.00 0.44900361 1.3468E-25            1.4483E-25 1.5161E-07 1.9904E-08 8.3039E-08 1.3562E-08 2.3465E-07 3.11E-07 7.11E-06   0.801 0.6000 7.1627E-06   1047.057
11561.00 0.44859949 1.2869E-25            1.3815E-25 1.5934E-07 2.0919E-08 8.7099E-08 1.4195E-08 2.4644E-07 3.25E-07 7.47E-06   0.802 0.6000 7.5239E-06   1051.038
11571.00 0.44826537 1.2294E-25            1.3180E-25 1.6246E-07 2.1318E-08 8.8623E-08 1.4412E-08 2.5108E-07 3.30E-07 7.61E-06   0.802 0.6000 7.6619E-06   1053.017
11581.00 0.44777548 1.1746E-25            1.2570E-25 1.6135E-07 2.1185E-08 8.7853E-08 1.4258E-08 2.4921E-07 3.27E-07 7.56E-06   0.803 0.6000 7.6124E-06   1053.255
11591.00 0.44697130 1.1230E-25            1.1979E-25 1.6088E-07 2.1180E-08 8.7438E-08 1.4163E-08 2.4832E-07 3.25E-07 7.56E-06   0.805 0.6000 7.6150E-06   1053.755
11601.00 0.44694078 1.0723E-25            1.1436E-25 1.5890E-07 2.0866E-08 8.6171E-08 1.3925E-08 2.4507E-07 3.19E-07 7.44E-06   0.805 0.6000 7.4906E-06   1053.614
11611.00 0.44603673 1.0254E-25            1.0897E-25 1.5801E-07 2.0820E-08 8.5533E-08 1.3795E-08 2.4355E-07 3.16E-07 7.42E-06   0.807 0.6000 7.4800E-06   1053.936
11621.00 0.44594365 9.7884E-26            1.0401E-25 1.6011E-07 2.1052E-08 8.6485E-08 1.3916E-08 2.4659E-07 3.19E-07 7.50E-06   0.808 0.6000 7.5536E-06   1055.499
11631.00 0.44501498 9.3583E-26            9.9100E-26 1.5827E-07 2.0883E-08 8.5337E-08 1.3707E-08 2.4361E-07 3.14E-07 7.44E-06   0.810 0.6000 7.5002E-06   1055.424
11641.00 0.44414383 8.9474E-26            9.4422E-26 1.5739E-07 2.0833E-08 8.4717E-08 1.3581E-08 2.4211E-07 3.11E-07 7.43E-06   0.812 0.6000 7.4886E-06   1055.749
11651.00 0.44428349 8.5399E-26            9.0179E-26 1.5829E-07 2.0875E-08 8.5012E-08 1.3593E-08 2.4330E-07 3.12E-07 7.43E-06   0.811 0.6000 7.4886E-06   1056.811
11661.00 0.44161469 8.1880E-26            8.5582E-26 1.5783E-07 2.1129E-08 8.4671E-08 1.3528E-08 2.4250E-07 3.10E-07 7.56E-06   0.817 0.6000 7.6222E-06   1057.327
11671.00 0.44308630 7.7994E-26            8.1974E-26 1.6096E-07 2.1281E-08 8.6114E-08 1.3713E-08 2.4708E-07 3.14E-07 7.57E-06   0.814 0.6000 7.6343E-06   1059.310
11681.00 0.44159085 7.4631E-26            7.8005E-26 1.5682E-07 2.0882E-08 8.3769E-08 1.3324E-08 2.4059E-07 3.05E-07 7.45E-06   0.817 0.6000 7.5086E-06   1058.269
11691.00 0.44059145 7.1374E-26            7.4297E-26 1.5117E-07 2.0212E-08 8.0607E-08 1.2805E-08 2.3178E-07 2.94E-07 7.22E-06   0.820 0.6000 7.2750E-06   1056.523
11701.00 0.43953303 6.8245E-26            7.0770E-26 1.1297E-07 1.5134E-08 6.0111E-08 9.5345E-09 1.7309E-07 2.19E-07 5.41E-06   0.822 0.6000 5.4498E-06   1038.218
11711.00 0.43774402 6.5328E-26            6.7281E-26 1.3333E-07 1.8021E-08 7.0833E-08 1.1212E-08 2.0417E-07 2.57E-07 6.46E-06   0.826 0.6000 6.5087E-06   1049.630
11721.00 0.43975899 6.2185E-26            6.4534E-26 1.5469E-07 2.0635E-08 8.1987E-08 1.2926E-08 2.3668E-07 2.96E-07 7.35E-06   0.822 0.6000 7.4074E-06   1060.116
11731.00 0.43731454 5.9582E-26            6.1273E-26 1.5447E-07 2.0865E-08 8.1736E-08 1.2886E-08 2.3620E-07 2.95E-07 7.46E-06   0.827 0.6000 7.5244E-06   1060.715
11741.00 0.43442914 5.7106E-26            5.8112E-26 1.4685E-07 2.0136E-08 7.7568E-08 1.2236E-08 2.2442E-07 2.80E-07 7.24E-06   0.834 0.6000 7.3045E-06   1058.047
11751.00 0.43626291 5.4396E-26            5.5704E-26 1.5530E-07 2.0981E-08 8.1813E-08 1.2849E-08 2.3712E-07 2.95E-07 7.50E-06   0.830 0.6000 7.5574E-06   1062.439
11761.00 0.43759334 5.1862E-26            5.3348E-26 1.3955E-07 1.8682E-08 7.3365E-08 1.1474E-08 2.1291E-07 2.63E-07 6.64E-06   0.826 0.6000 6.6941E-06   1056.029
11771.00 0.43690965 4.9553E-26            5.0853E-26 1.4936E-07 2.0030E-08 7.8365E-08 1.2229E-08 2.2772E-07 2.80E-07 7.12E-06   0.828 0.6000 7.1784E-06   1061.212
11781.00 0.43632641 4.7352E-26            4.8484E-26 1.5853E-07 2.1280E-08 8.3012E-08 1.2944E-08 2.4154E-07 2.97E-07 7.56E-06   0.829 0.6000 7.6220E-06   1065.878
11791.00 0.43525642 4.5289E-26            4.6174E-26 1.5747E-07 2.1241E-08 8.2311E-08 1.2797E-08 2.3979E-07 2.93E-07 7.56E-06   0.832 0.6000 7.6178E-06   1066.123
11801.00 0.43806568 4.3080E-26            4.4366E-26 1.5861E-07 2.0965E-08 8.2657E-08 1.2796E-08 2.4127E-07 2.93E-07 7.39E-06   0.825 0.6000 7.4468E-06   1067.270
11811.00 0.43620592 4.1239E-26            4.2182E-26 1.5726E-07 2.0973E-08 8.1807E-08 1.2658E-08 2.3907E-07 2.90E-07 7.42E-06   0.830 0.6000 7.4721E-06   1067.390
11821.00 0.43504927 3.9441E-26            4.0156E-26 1.5894E-07 2.1291E-08 8.2525E-08 1.2753E-08 2.4147E-07 2.92E-07 7.54E-06   0.832 0.6000 7.5939E-06   1068.793
11831.00 0.43483919 3.7671E-26            3.8323E-26 1.5868E-07 2.1267E-08 8.2266E-08 1.2667E-08 2.4094E-07 2.90E-07 7.52E-06   0.833 0.6000 7.5796E-06   1069.381
11841.00 0.43127874 3.6149E-26            3.6289E-26 1.5282E-07 2.0885E-08 7.9107E-08 1.2211E-08 2.3193E-07 2.80E-07 7.44E-06   0.841 0.6000 7.4967E-06   1067.558
11851.00 0.42683312 3.4701E-26            3.4283E-26 1.4625E-07 2.0435E-08 7.5523E-08 1.1658E-08 2.2177E-07 2.67E-07 7.35E-06   0.851 0.6000 7.4088E-06   1065.301
11861.00 0.42994305 3.3003E-26            3.2966E-26 1.5341E-07 2.1029E-08 7.9074E-08 1.2127E-08 2.3249E-07 2.78E-07 7.50E-06   0.844 0.6000 7.5539E-06   1069.183
11871.00 0.43052375 3.1279E-26            3.1524E-26 1.5424E-07 2.0967E-08 7.9263E-08 1.2153E-08 2.3350E-07 2.79E-07 7.44E-06   0.843 0.6000 7.4948E-06   1070.207
11881.00 0.42325220 2.9978E-26            2.9581E-26 1.4702E-07 2.0806E-08 7.5371E-08 1.1621E-08 2.2239E-07 2.66E-07 7.51E-06   0.860 0.6000 7.5634E-06   1067.677
11891.00 0.41901585 2.8747E-26            2.7957E-26 1.4391E-07 2.0792E-08 7.3516E-08 1.1333E-08 2.1743E-07 2.60E-07 7.57E-06   0.870 0.6000 7.6272E-06   1066.904
11901.00 0.42397562 2.7366E-26            2.7008E-26 1.4864E-07 2.0937E-08 7.5924E-08 1.1630E-08 2.2456E-07 2.67E-07 7.52E-06   0.858 0.6000 7.5712E-06   1069.787
11911.00 0.42347878 2.6129E-26            2.5748E-26 1.4836E-07 2.0846E-08 7.5573E-08 1.1535E-08 2.2394E-07 2.64E-07 7.48E-06   0.859 0.6000 7.5362E-06   1070.331
11921.00 0.41586658 2.5121E-26            2.4147E-26 1.3513E-07 1.9849E-08 6.8626E-08 1.0474E-08 2.0376E-07 2.40E-07 7.26E-06   0.877 0.6000 7.3140E-06   1064.783
11931.00 0.41480538 2.4014E-26            2.2999E-26 1.4142E-07 2.0613E-08 7.1511E-08 1.0952E-08 2.1293E-07 2.51E-07 7.51E-06   0.880 0.6000 7.5712E-06   1068.430
11941.00 0.40882277 2.3071E-26            2.1625E-26 1.3656E-07 2.0512E-08 6.8764E-08 1.0595E-08 2.0533E-07 2.43E-07 7.56E-06   0.894 0.6000 7.6217E-06   1066.744
11951.00 0.40946591 2.2006E-26            2.0686E-26 1.3782E-07 2.0355E-08 6.9120E-08 1.0642E-08 2.0694E-07 2.44E-07 7.46E-06   0.893 0.6000 7.5194E-06   1067.989
11961.00 0.39875868 2.1267E-26            1.9232E-26 1.2887E-07 2.0118E-08 6.4056E-08 1.0073E-08 1.9293E-07 2.31E-07 7.53E-06   0.919 0.6000 7.5871E-06   1064.083
11971.00 0.40209740 2.0183E-26            1.8506E-26 1.3216E-07 2.0200E-08 6.5827E-08 1.0138E-08 1.9799E-07 2.32E-07 7.51E-06   0.911 0.6000 7.5688E-06   1066.514
11981.00 0.40564987 1.9200E-26            1.7835E-26 1.3379E-07 2.0002E-08 6.6608E-08 1.0135E-08 2.0040E-07 2.32E-07 7.38E-06   0.902 0.6000 7.4366E-06   1068.040
11991.00 0.38203296 1.8711E-26            1.6030E-26 1.1480E-07 1.9103E-08 5.5952E-08 8.8196E-09 1.7075E-07 2.02E-07 7.39E-06   0.962 0.6000 7.4512E-06   1058.270
12001.00 0.38171232 1.7798E-26            1.5281E-26 1.1131E-07 1.8813E-08 5.4429E-08 8.5508E-09 1.6574E-07 1.96E-07 7.30E-06   0.963 0.6000 7.3525E-06   1057.058
12011.00 0.37830424 1.6455E-26            1.4484E-26 1.2212E-07 1.9198E-08 5.9724E-08 9.0756E-09 1.8185E-07 2.08E-07 7.41E-06   0.972 0.6000 7.4651E-06   1063.818
12021.00 0.36054763 1.6254E-26            1.3148E-26 1.0479E-07 1.8659E-08 4.9903E-08 8.0118E-09 1.5470E-07 1.84E-07 7.49E-06   1.020 0.6000 7.5463E-06   1054.049
12031.00 0.38709256 1.5429E-26            1.3494E-26 1.1976E-07 1.9319E-08 5.8404E-08 8.9769E-09 1.7817E-07 2.06E-07 7.36E-06   0.949 0.6000 7.4160E-06   1063.922
12041.00 0.36847407 1.4798E-26            1.2253E-26 1.1264E-07 1.8920E-08 5.3768E-08 8.3815E-09 1.6641E-07 1.92E-07 7.44E-06   0.998 0.6000 7.5039E-06   1060.197
12051.00 0.36547664 1.3712E-26            1.1612E-26 1.1301E-07 1.8847E-08 5.4220E-08 8.2441E-09 1.6723E-07 1.89E-07 7.46E-06   1.007 0.6000 7.5169E-06   1061.235
12061.00 0.34991321 1.1518E-26            1.0604E-26 1.0592E-07 1.8458E-08 4.9750E-08 7.6415E-09 1.5567E-07 1.75E-07 7.53E-06   1.050 0.6000 7.5939E-06   1057.317
12071.00 0.35414168 1.0760E-26            1.0258E-26 1.0820E-07 1.8742E-08 5.1021E-08 7.7913E-09 1.5922E-07 1.79E-07 7.58E-06   1.038 0.6000 7.6428E-06   1059.490
12081.00 0.33283716 1.0057E-26            9.1943E-27 9.1547E-08 1.7746E-08 4.1983E-08 6.6187E-09 1.3353E-07 1.52E-07 7.54E-06   1.100 0.6000 7.6030E-06   1048.949
12091.00 0.39357719 1.0284E-26            1.0374E-26 1.3276E-07 2.0307E-08 6.4373E-08 9.6195E-09 1.9714E-07 2.20E-07 7.55E-06   0.932 0.6000 7.6166E-06   1074.927
12101.00 0.37102807 9.6143E-27            9.3528E-27 1.1569E-07 1.9341E-08 5.5097E-08 8.3802E-09 1.7078E-07 1.92E-07 7.54E-06   0.991 0.6000 7.6091E-06   1066.198
12111.00 0.36872604 9.1493E-27            8.8523E-27 1.1550E-07 1.9195E-08 5.4766E-08 8.3130E-09 1.7027E-07 1.91E-07 7.50E-06   0.998 0.6000 7.5626E-06   1066.720
12121.00 0.39716071 9.0126E-27            9.1196E-27 1.3496E-07 2.0203E-08 6.5179E-08 9.5780E-09 2.0014E-07 2.20E-07 7.43E-06   0.923 0.6000 7.4981E-06   1078.107
12131.00 0.36947876 8.4463E-27            8.0918E-27 1.1143E-07 1.9118E-08 5.2476E-08 7.9860E-09 1.6390E-07 1.83E-07 7.48E-06   0.996 0.6000 7.5446E-06   1065.674
12141.00 0.31423277 7.5054E-27            6.5944E-27 8.1923E-08 1.6889E-08 3.6128E-08 5.7436E-09 1.1805E-07 1.32E-07 7.37E-06   1.158 0.6000 7.4416E-06   1045.448
12151.00 0.23361585 6.0548E-27            4.6503E-27 5.1831E-08 1.4148E-08 1.9466E-08 3.2156E-09 7.1296E-08 7.37E-08 7.44E-06   1.454 0.6000 7.5107E-06   1015.510
12161.00 0.35665533 7.1754E-27            6.7886E-27 1.0557E-07 1.8325E-08 4.9163E-08 7.3903E-09 1.5473E-07 1.69E-07 7.30E-06   1.031 0.6000 7.3702E-06   1064.088
12171.00 0.38110217 7.0646E-27            6.9333E-27 1.1897E-07 1.9353E-08 5.6616E-08 8.4378E-09 1.7558E-07 1.93E-07 7.33E-06   0.965 0.6000 7.4020E-06   1073.051
12181.00 0.39989451 6.8830E-27            6.9406E-27 1.3554E-07 2.0307E-08 6.4999E-08 9.5361E-09 2.0054E-07 2.19E-07 7.36E-06   0.917 0.6000 7.4299E-06   1082.584
12191.00 0.34074995 6.1353E-27            5.6594E-27 9.7411E-08 1.7769E-08 4.4428E-08 6.7754E-09 1.4184E-07 1.55E-07 7.29E-06   1.077 0.6000 7.3655E-06   1060.623
12201.00 0.33768874 5.7971E-27            5.3445E-27 9.6796E-08 1.7464E-08 4.4012E-08 6.4779E-09 1.4081E-07 1.48E-07 7.21E-06   1.086 0.6000 7.2879E-06   1060.868
12211.00 0.33568430 5.5539E-27            5.0690E-27 9.5406E-08 1.7720E-08 4.3123E-08 6.4012E-09 1.3853E-07 1.47E-07 7.35E-06   1.092 0.6000 7.4288E-06   1060.533
12221.00 0.30337942 5.0687E-27            4.3851E-27 7.9797E-08 1.6492E-08 3.4498E-08 5.2371E-09 1.1430E-07 1.20E-07 7.33E-06   1.193 0.6000 7.4096E-06   1049.069
12231.00 0.33125564 5.0239E-27            4.5555E-27 9.8187E-08 1.8126E-08 4.4252E-08 6.6044E-09 1.4244E-07 1.51E-07 7.52E-06   1.105 0.6000 7.6019E-06   1063.743
12241.00 0.30306715 4.3166E-27            3.9893E-27 8.4292E-08 1.7017E-08 3.6584E-08 5.4903E-09 1.2088E-07 1.26E-07 7.49E-06   1.194 0.6000 7.5712E-06   1053.998
12251.00 0.30692485 3.0559E-27            3.8412E-27 8.6572E-08 1.7217E-08 3.7407E-08 5.6774E-09 1.2398E-07 1.30E-07 7.48E-06   1.181 0.6000 7.5568E-06   1056.307
12261.00 0.31593296 2.8104E-27            3.7867E-27 8.5234E-08 1.7518E-08 3.6500E-08 5.7394E-09 1.2173E-07 1.32E-07 7.49E-06   1.152 0.6000 7.5676E-06   1055.858
12271.00 0.31628376 2.6935E-27            3.6139E-27 8.3435E-08 1.7560E-08 3.5871E-08 5.7029E-09 1.1931E-07 1.31E-07 7.50E-06   1.151 0.6000 7.5742E-06   1055.292
12281.00 0.34006163 2.8161E-27            3.7101E-27 9.5406E-08 1.8635E-08 4.1901E-08 6.6972E-09 1.3731E-07 1.54E-07 7.52E-06   1.079 0.6000 7.5993E-06   1064.941
12291.00 0.33148021 2.6501E-27            3.4534E-27 9.3879E-08 1.8274E-08 4.1359E-08 6.2606E-09 1.3524E-07 1.44E-07 7.54E-06   1.104 0.6000 7.6171E-06   1064.678
12301.00 0.37633666 3.0032E-27            3.7418E-27 1.2187E-07 2.0049E-08 5.6058E-08 8.2079E-09 1.7793E-07 1.88E-07 7.50E-06   0.977 0.6000 7.5809E-06   1083.277
12311.00 0.38097733 2.9230E-27            3.6149E-27 1.2301E-07 2.0158E-08 5.6886E-08 8.1977E-09 1.7990E-07 1.88E-07 7.51E-06   0.965 0.6000 7.5827E-06   1084.728
12321.00 0.38482657 2.8376E-27            3.4884E-27 1.2778E-07 2.0374E-08 5.9176E-08 8.5274E-09 1.8695E-07 1.95E-07 7.49E-06   0.955 0.6000 7.5619E-06   1088.008
12331.00 0.39428043 2.8045E-27            3.4101E-27 1.3650E-07 2.0889E-08 6.3551E-08 9.0227E-09 2.0005E-07 2.07E-07 7.51E-06   0.931 0.6000 7.5814E-06   1093.273
12341.00 0.40190214 2.7612E-27            3.3195E-27 1.4376E-07 2.0998E-08 6.7087E-08 9.3442E-09 2.1084E-07 2.14E-07 7.41E-06   0.912 0.6000 7.4845E-06   1097.548
12351.00 0.40041918 2.6275E-27            3.1561E-27 1.4095E-07 2.0681E-08 6.5672E-08 9.1447E-09 2.0662E-07 2.10E-07 7.32E-06   0.915 0.6000 7.3918E-06   1096.900
12361.00 0.40585759 2.5644E-27            3.0546E-27 1.5012E-07 2.1184E-08 6.9847E-08 9.6306E-09 2.1996E-07 2.21E-07 7.38E-06   0.902 0.6000 7.4500E-06   1101.880
12371.00 0.40692672 2.4612E-27            2.9228E-27 1.5249E-07 2.1402E-08 7.0908E-08 9.7318E-09 2.2340E-07 2.23E-07 7.43E-06   0.899 0.6000 7.4992E-06   1103.666
12381.00 0.41018006 2.3822E-27            2.8128E-27 1.5818E-07 2.1668E-08 7.3386E-08 1.0032E-08 2.3156E-07 2.30E-07 7.44E-06   0.891 0.6000 7.5115E-06   1106.854
12391.00 0.40897629 2.2694E-27            2.6771E-27 1.5852E-07 2.1789E-08 7.3359E-08 1.0009E-08 2.3188E-07 2.29E-07 7.49E-06   0.894 0.6000 7.5618E-06   1107.675
12401.00 0.40834552 2.1645E-27            2.5515E-27 1.5914E-07 2.1992E-08 7.3543E-08 1.0043E-08 2.3269E-07 2.30E-07 7.55E-06   0.896 0.6000 7.6275E-06   1108.642
12411.00 0.40975001 2.0817E-27            2.4441E-27 1.6069E-07 2.1934E-08 7.4114E-08 1.0054E-08 2.3481E-07 2.30E-07 7.50E-06   0.892 0.6000 7.5712E-06   1109.996
12421.00 0.40726808 1.9750E-27            2.3195E-27 1.5388E-07 2.1203E-08 7.0758E-08 9.6123E-09 2.2463E-07 2.20E-07 7.28E-06   0.898 0.6000 7.3492E-06   1107.673
12431.00 0.39720622 1.8200E-27            2.1585E-27 1.4445E-07 2.1189E-08 6.6155E-08 9.0798E-09 2.1060E-07 2.08E-07 7.45E-06   0.923 0.6000 7.5224E-06   1103.986
12441.00 0.39811644 1.7486E-27            2.0657E-27 1.4751E-07 2.1371E-08 6.7431E-08 9.1909E-09 2.1494E-07 2.11E-07 7.49E-06   0.921 0.6000 7.5586E-06   1106.103
12451.00 0.39653718 1.6628E-27            1.9642E-27 1.4409E-07 2.1062E-08 6.5725E-08 8.9425E-09 2.0981E-07 2.05E-07 7.39E-06   0.925 0.6000 7.4655E-06   1105.177
12461.00 0.39332801 1.5709E-27            1.8592E-27 1.4077E-07 2.1124E-08 6.4127E-08 8.7309E-09 2.0490E-07 2.00E-07 7.48E-06   0.933 0.6000 7.5531E-06   1104.286
12471.00 0.39839214 1.5326E-27            1.7983E-27 1.5022E-07 2.1581E-08 6.8274E-08 9.2032E-09 2.1849E-07 2.11E-07 7.52E-06   0.920 0.6000 7.5917E-06   1109.398
12481.00 0.39266625 1.4371E-27            1.6915E-27 1.4608E-07 2.1338E-08 6.5978E-08 8.9436E-09 2.1206E-07 2.05E-07 7.51E-06   0.935 0.6000 7.5823E-06   1108.075
12491.00 0.39523318 1.3871E-27            1.6252E-27 1.4799E-07 2.1316E-08 6.6839E-08 8.9966E-09 2.1483E-07 2.06E-07 7.44E-06   0.928 0.6000 7.5158E-06   1109.687
12501.00 0.39643046 1.3312E-27            1.5555E-27 1.4706E-07 2.1132E-08 6.6383E-08 8.8789E-09 2.1344E-07 2.04E-07 7.36E-06   0.925 0.6000 7.4276E-06   1109.966
12511.00 0.40397578 1.3081E-27            1.5136E-27 1.5952E-07 2.2038E-08 7.2083E-08 9.5587E-09 2.3161E-07 2.19E-07 7.52E-06   0.906 0.6000 7.5963E-06   1116.316
12521.00 0.39884767 1.2286E-27            1.4265E-27 1.5380E-07 2.1790E-08 6.9235E-08 9.2236E-09 2.2303E-07 2.11E-07 7.52E-06   0.919 0.6000 7.5909E-06   1114.435
12531.00 0.40447828 1.1986E-27            1.3809E-27 1.6100E-07 2.2095E-08 7.2473E-08 9.5699E-09 2.3347E-07 2.19E-07 7.50E-06   0.905 0.6000 7.5761E-06   1118.323
12541.00 0.39856213 1.1227E-27            1.2990E-27 1.5405E-07 2.1787E-08 6.9076E-08 9.1805E-09 2.2313E-07 2.10E-07 7.49E-06   0.920 0.6000 7.5663E-06   1115.914
12551.00 0.38875517 1.0357E-27            1.2100E-27 1.4324E-07 2.1376E-08 6.3759E-08 8.6163E-09 2.0700E-07 1.97E-07 7.50E-06   0.945 0.6000 7.5782E-06   1111.481
12561.00 0.38409686 9.7316E-28            1.1398E-27 1.3762E-07 2.0983E-08 6.1034E-08 8.2638E-09 1.9865E-07 1.89E-07 7.44E-06   0.957 0.6000 7.5178E-06   1109.393
12571.00 0.40266290 9.9722E-28            1.1413E-27 1.6066E-07 2.2023E-08 7.1723E-08 9.4107E-09 2.3238E-07 2.16E-07 7.46E-06   0.910 0.6000 7.5341E-06   1120.903
12581.00 0.40503547 9.6199E-28            1.0957E-27 1.5879E-07 2.1410E-08 7.0763E-08 9.2324E-09 2.2956E-07 2.12E-07 7.20E-06   0.904 0.6000 7.2713E-06   1120.780
12591.00 0.40757346 9.2864E-28            1.0525E-27 1.6381E-07 2.1665E-08 7.2851E-08 9.4481E-09 2.3666E-07 2.17E-07 7.22E-06   0.898 0.6000 7.2954E-06   1123.625
12601.00 0.40399405 8.7786E-28            9.9626E-28 1.6014E-07 2.1506E-08 7.0995E-08 9.2167E-09 2.3113E-07 2.11E-07 7.22E-06   0.906 0.6000 7.2929E-06   1122.707
12611.00 0.39292005 8.0671E-28            9.2444E-28 1.5161E-07 2.1528E-08 6.6831E-08 8.7682E-09 2.1844E-07 2.01E-07 7.41E-06   0.934 0.6000 7.4861E-06   1119.516
12621.00 0.39244393 7.7008E-28            8.8158E-28 1.5155E-07 2.1555E-08 6.6665E-08 8.7663E-09 2.1821E-07 2.01E-07 7.41E-06   0.935 0.6000 7.4847E-06   1120.169
12631.00 0.39582375 7.4568E-28            8.4856E-28 1.5215E-07 2.1402E-08 6.6995E-08 8.7366E-09 2.1915E-07 2.00E-07 7.30E-06   0.927 0.6000 7.3759E-06   1121.186
12641.00 0.39010459 6.9868E-28            7.9826E-28 1.4975E-07 2.1577E-08 6.5607E-08 8.5966E-09 2.1535E-07 1.97E-07 7.44E-06   0.941 0.6000 7.5189E-06   1120.703
12651.00 0.39010721 6.6893E-28            7.6217E-28 1.5223E-07 2.1784E-08 6.6532E-08 8.6625E-09 2.1876E-07 1.99E-07 7.49E-06   0.941 0.6000 7.5744E-06   1122.511
12661.00 0.38336268 6.2389E-28            7.1507E-28 1.4403E-07 2.1434E-08 6.2620E-08 8.2480E-09 2.0665E-07 1.89E-07 7.48E-06   0.959 0.6000 7.5617E-06   1119.305
12671.00 0.38890380 6.0778E-28            6.9204E-28 1.4937E-07 2.1830E-08 6.5136E-08 8.4969E-09 2.1451E-07 1.95E-07 7.52E-06   0.944 0.6000 7.6006E-06   1122.598
12681.00 0.39773855 6.0095E-28            6.7567E-28 1.6109E-07 2.2227E-08 7.0301E-08 9.0186E-09 2.3139E-07 2.07E-07 7.48E-06   0.922 0.6000 7.5620E-06   1128.584
12691.00 0.39561123 5.7030E-28            6.4156E-28 1.5846E-07 2.2065E-08 6.8934E-08 8.8746E-09 2.2739E-07 2.03E-07 7.44E-06   0.927 0.6000 7.5242E-06   1128.095
12701.00 0.39870629 5.5190E-28            6.1716E-28 1.6429E-07 2.2402E-08 7.1399E-08 9.0997E-09 2.3568E-07 2.09E-07 7.49E-06   0.920 0.6000 7.5755E-06   1131.321
12711.00 0.39805084 5.2664E-28            5.8808E-28 1.6465E-07 2.2517E-08 7.1427E-08 9.0523E-09 2.3608E-07 2.07E-07 7.54E-06   0.921 0.6000 7.6222E-06   1132.164
12721.00 0.40385067 5.1468E-28            5.6955E-28 1.7093E-07 2.2439E-08 7.4051E-08 9.3083E-09 2.4498E-07 2.13E-07 7.39E-06   0.907 0.6000 7.4713E-06   1135.489
12731.00 0.40382588 4.9227E-28            5.4362E-28 1.7132E-07 2.2432E-08 7.4071E-08 9.2864E-09 2.4539E-07 2.13E-07 7.37E-06   0.907 0.6000 7.4573E-06   1136.333
12741.00 0.40357512 4.7048E-28            5.1858E-28 1.7455E-07 2.2827E-08 7.5308E-08 9.4185E-09 2.4986E-07 2.16E-07 7.49E-06   0.907 0.6000 7.5819E-06   1138.335
12751.00 0.40383887 4.5047E-28            4.9532E-28 1.7528E-07 2.2823E-08 7.5472E-08 9.4127E-09 2.5075E-07 2.16E-07 7.47E-06   0.907 0.6000 7.5638E-06   1139.313
12761.00 0.40430278 4.3165E-28            4.7333E-28 1.7236E-07 2.2303E-08 7.4060E-08 9.2110E-09 2.4642E-07 2.11E-07 7.28E-06   0.906 0.6000 7.3715E-06   1138.808
12771.00 0.40411514 4.1261E-28            4.5159E-28 1.7605E-07 2.2749E-08 7.5492E-08 9.3663E-09 2.5154E-07 2.15E-07 7.42E-06   0.906 0.6000 7.5108E-06   1140.991
12781.00 0.40384850 3.9430E-28            4.3077E-28 1.7831E-07 2.3022E-08 7.6315E-08 9.4453E-09 2.5463E-07 2.16E-07 7.50E-06   0.907 0.6000 7.5955E-06   1142.583
12791.00 0.40352905 3.7671E-28            4.1084E-28 1.7861E-07 2.3051E-08 7.6287E-08 9.4202E-09 2.5489E-07 2.16E-07 7.50E-06   0.908 0.6000 7.5991E-06   1143.384
12801.00 0.40333611 3.6008E-28            3.9196E-28 1.7610E-07 2.2694E-08 7.5060E-08 9.2451E-09 2.5116E-07 2.12E-07 7.38E-06   0.908 0.6000 7.4738E-06   1143.063
12811.00 0.40286911 3.4383E-28            3.7370E-28 1.7812E-07 2.2972E-08 7.5780E-08 9.3124E-09 2.5390E-07 2.13E-07 7.47E-06   0.909 0.6000 7.5630E-06   1144.560
12821.00 0.40266722 3.2863E-28            3.5652E-28 1.7641E-07 2.2723E-08 7.4902E-08 9.1822E-09 2.5131E-07 2.10E-07 7.38E-06   0.910 0.6000 7.4729E-06   1144.560
12831.00 0.40216964 3.1377E-28            3.3988E-28 1.7846E-07 2.3009E-08 7.5625E-08 9.2494E-09 2.5408E-07 2.12E-07 7.47E-06   0.911 0.6000 7.5645E-06   1146.066
12841.00 0.40195990 2.9990E-28            3.2424E-28 1.7944E-07 2.3107E-08 7.5884E-08 9.2584E-09 2.5532E-07 2.12E-07 7.49E-06   0.911 0.6000 7.5875E-06   1147.139
12851.00 0.40156826 2.8645E-28            3.0919E-28 1.7937E-07 2.3102E-08 7.5705E-08 9.2152E-09 2.5507E-07 2.11E-07 7.48E-06   0.912 0.6000 7.5802E-06   1147.796
12861.00 0.40124714 2.7366E-28            2.9488E-28 1.7597E-07 2.2656E-08 7.4120E-08 9.0002E-09 2.5009E-07 2.06E-07 7.33E-06   0.913 0.6000 7.4270E-06   1147.120
12871.00 0.40094751 2.6147E-28            2.8125E-28 1.8020E-07 2.3188E-08 7.5747E-08 9.1757E-09 2.5594E-07 2.10E-07 7.50E-06   0.914 0.6000 7.5937E-06   1149.493
12881.00 0.40056756 2.4975E-28            2.6820E-28 1.7995E-07 2.3160E-08 7.5496E-08 9.1243E-09 2.5545E-07 2.09E-07 7.48E-06   0.915 0.6000 7.5782E-06   1150.081
12891.00 0.40009800 2.3847E-28            2.5570E-28 1.7977E-07 2.3157E-08 7.5278E-08 9.0781E-09 2.5505E-07 2.08E-07 7.48E-06   0.916 0.6000 7.5729E-06   1150.696
12901.00 0.39975631 2.2781E-28            2.4385E-28 1.7132E-07 2.2065E-08 7.1600E-08 8.6149E-09 2.4292E-07 1.97E-07 7.12E-06   0.917 0.6000 7.2091E-06   1147.954
12911.00 0.39923793 2.1749E-28            2.3245E-28 1.7512E-07 2.2582E-08 7.3052E-08 8.7714E-09 2.4817E-07 2.01E-07 7.28E-06   0.918 0.6000 7.3749E-06   1150.200
12921.00 0.39883980 2.0773E-28            2.2165E-28 1.8018E-07 2.3240E-08 7.5022E-08 8.9877E-09 2.5521E-07 2.06E-07 7.49E-06   0.919 0.6000 7.5841E-06   1152.919
12931.00 0.39828706 1.9829E-28            2.1127E-28 1.7894E-07 2.3114E-08 7.4377E-08 8.8926E-09 2.5332E-07 2.04E-07 7.45E-06   0.921 0.6000 7.5411E-06   1153.115
12941.00 0.39759496 1.8922E-28            2.0130E-28 1.7415E-07 2.2552E-08 7.2268E-08 8.6254E-09 2.4642E-07 1.98E-07 7.27E-06   0.922 0.6000 7.3599E-06   1151.870
12951.00 0.39712176 1.8068E-28            1.9191E-28 1.7642E-07 2.2865E-08 7.3076E-08 8.7032E-09 2.4949E-07 1.99E-07 7.37E-06   0.924 0.6000 7.4590E-06   1153.479
12961.00 0.39656857 1.7247E-28            1.8292E-28 1.7389E-07 2.2567E-08 7.1901E-08 8.5485E-09 2.4579E-07 1.96E-07 7.27E-06   0.925 0.6000 7.3595E-06   1153.137
12971.00 0.39574492 1.6448E-28            1.7423E-28 1.7664E-07 2.2991E-08 7.2909E-08 8.6625E-09 2.4955E-07 1.99E-07 7.41E-06   0.927 0.6000 7.5010E-06   1154.944
12981.00 0.39327279 1.5593E-28            1.6526E-28 1.7212E-07 2.2756E-08 7.1045E-08 8.4790E-09 2.4316E-07 1.94E-07 7.37E-06   0.933 0.6000 7.4677E-06   1153.820
12991.00 0.38986900 1.4719E-28            1.5637E-28 1.6673E-07 2.2511E-08 6.8806E-08 8.2983E-09 2.3553E-07 1.90E-07 7.34E-06   0.942 0.6000 7.4373E-06   1152.275
13001.00 0.38442394 1.3787E-28            1.4717E-28 1.6143E-07 2.2339E-08 6.6483E-08 8.1159E-09 2.2791E-07 1.86E-07 7.36E-06   0.956 0.6000 7.4697E-06   1150.665
13011.00 0.37978518 1.2912E-28            1.3878E-28 1.5929E-07 2.2320E-08 6.5211E-08 8.0153E-09 2.2450E-07 1.84E-07 7.41E-06   0.968 0.6000 7.5399E-06   1150.320
13021.00 0.36919129 1.1851E-28            1.2878E-28 1.5013E-07 2.1644E-08 6.1065E-08 7.5711E-09 2.1119E-07 1.74E-07 7.36E-06   0.996 0.6000 7.5258E-06   1146.735
13031.00 0.35855573 1.0885E-28            1.1938E-28 1.4120E-07 2.1043E-08 5.7173E-08 7.1253E-09 1.9837E-07 1.63E-07 7.38E-06   1.026 0.6000 7.5545E-06   1143.073
13041.00 0.34113318 9.8243E-29            1.0843E-28 1.2404E-07 1.8938E-08 5.0036E-08 6.1351E-09 1.7407E-07 1.41E-07 6.96E-06   1.075 0.6000 7.1580E-06   1134.751
13051.00 0.32321092 8.6790E-29            9.8061E-29 1.0259E-07 1.7392E-08 4.1024E-08 5.2340E-09 1.4361E-07 1.20E-07 6.86E-06   1.129 0.6000 7.0679E-06   1122.409
13061.00 0.29441589 7.4397E-29            8.5311E-29 8.8084E-08 1.6182E-08 3.4894E-08 4.4349E-09 1.2298E-07 1.02E-07 7.07E-06   1.223 0.6000 7.3488E-06   1112.797
13071.00 0.26252103 6.3733E-29            7.2639E-29 7.5098E-08 1.4569E-08 2.9635E-08 3.5758E-09 1.0473E-07 8.20E-08 7.19E-06   1.337 0.6000 7.5912E-06   1103.010
13081.00 0.23485902 5.3296E-29            6.1987E-29 5.8530E-08 1.2777E-08 2.2665E-08 2.7664E-09 8.1195E-08 6.34E-08 7.12E-06   1.449 0.6000 7.5900E-06   1087.471
13091.00 0.20118810 4.2096E-29            5.0655E-29 4.1308E-08 1.0674E-08 1.5298E-08 1.8983E-09 5.6606E-08 4.35E-08 7.02E-06   1.604 0.6000 7.5855E-06   1065.944
13101.00 0.18444346 3.7372E-29            4.4313E-29 3.3847E-08 9.5109E-09 1.2184E-08 1.4757E-09 4.6031E-08 3.38E-08 6.93E-06   1.690 0.6000 7.5818E-06   1054.282
13111.00 0.19804724 3.7727E-29            4.5357E-29 3.6749E-08 9.9422E-09 1.3445E-08 1.6168E-09 5.0194E-08 3.71E-08 6.88E-06   1.619 0.6000 7.5031E-06   1060.085
13121.00 0.28829384 5.7015E-29            6.2998E-29 8.4027E-08 1.4885E-08 3.3441E-08 3.9058E-09 1.1747E-07 8.95E-08 6.89E-06   1.244 0.6000 7.2390E-06   1113.978
13131.00 0.18310723 2.9661E-29            3.8482E-29 3.1454E-08 9.1936E-09 1.0660E-08 1.3843E-09 4.2114E-08 3.17E-08 6.85E-06   1.698 0.6000 7.4454E-06   1051.065
13141.00 0.09806018 1.2159E-29            1.9612E-29 8.8552E-09 5.3133E-09 1.1645E-09 1.8155E-10 1.0020E-08 4.16E-09 6.61E-06   2.322 0.6000 7.4787E-06    973.943
13151.00 0.09003370 1.1024E-29            1.7074E-29 9.2581E-09 5.4347E-09 1.1476E-09 2.0049E-10 1.0406E-08 4.60E-09 6.47E-06   2.408 0.6000 7.4464E-06    976.470
13161.00 0.17139994 2.2695E-29            3.0887E-29 3.8332E-08 1.0419E-08 1.2229E-08 1.7185E-09 5.0561E-08 3.94E-08 6.84E-06   1.764 0.6000 7.5141E-06   1063.881
13171.00 0.36348975 6.0263E-29            6.2861E-29 1.5937E-07 2.1786E-08 6.2956E-08 7.1921E-09 2.2233E-07 1.65E-07 7.33E-06   1.012 0.6000 7.4986E-06   1161.155
13181.00 0.38946578 6.3118E-29            6.4427E-29 1.7748E-07 2.2863E-08 7.0197E-08 7.8931E-09 2.4768E-07 1.81E-07 7.22E-06   0.943 0.6000 7.3163E-06   1169.611
13191.00 0.38966042 6.0405E-29            6.1523E-29 1.8301E-07 2.3477E-08 7.2193E-08 8.0946E-09 2.5521E-07 1.86E-07 7.39E-06   0.942 0.6000 7.4903E-06   1172.500
13201.00 0.38935918 5.7709E-29            5.8675E-29 1.8226E-07 2.3369E-08 7.1750E-08 8.0254E-09 2.5400E-07 1.84E-07 7.35E-06   0.943 0.6000 7.4493E-06   1172.882
13211.00 0.38907215 5.5136E-29            5.5960E-29 1.8250E-07 2.3385E-08 7.1701E-08 7.9995E-09 2.5420E-07 1.83E-07 7.35E-06   0.944 0.6000 7.4483E-06   1173.662
13221.00 0.38869819 5.2659E-29            5.3359E-29 1.8201E-07 2.3325E-08 7.1372E-08 7.9436E-09 2.5338E-07 1.82E-07 7.33E-06   0.945 0.6000 7.4250E-06   1174.152
13231.00 0.38831174 5.0291E-29            5.0877E-29 1.8110E-07 2.3211E-08 7.0874E-08 7.8690E-09 2.5197E-07 1.80E-07 7.29E-06   0.946 0.6000 7.3850E-06   1174.471
13241.00 0.38795045 4.8035E-29            4.8514E-29 1.8423E-07 2.3612E-08 7.1960E-08 7.9704E-09 2.5619E-07 1.83E-07 7.41E-06   0.947 0.6000 7.5083E-06   1176.400
13251.00 0.38761938 4.5886E-29            4.6263E-29 1.8494E-07 2.3695E-08 7.2091E-08 7.9650E-09 2.5703E-07 1.83E-07 7.43E-06   0.948 0.6000 7.5299E-06   1177.360
13261.00 0.38717076 4.3812E-29            4.4104E-29 1.8543E-07 2.3775E-08 7.2145E-08 7.9521E-09 2.5758E-07 1.82E-07 7.45E-06   0.949 0.6000 7.5529E-06   1178.240
13271.00 0.38687196 4.1858E-29            4.2062E-29 1.8376E-07 2.3546E-08 7.1351E-08 7.8446E-09 2.5511E-07 1.80E-07 7.37E-06   0.950 0.6000 7.4749E-06   1178.263
13281.00 0.38649672 3.9978E-29            4.0106E-29 1.8223E-07 2.3351E-08 7.0616E-08 7.7449E-09 2.5284E-07 1.78E-07 7.30E-06   0.951 0.6000 7.4093E-06   1178.337
13291.00 0.38611093 3.8181E-29            3.8240E-29 1.8163E-07 2.3278E-08 7.0247E-08 7.6854E-09 2.5188E-07 1.76E-07 7.28E-06   0.952 0.6000 7.3830E-06   1178.782
13301.00 0.38566920 3.6456E-29            3.6455E-29 1.8402E-07 2.3597E-08 7.1032E-08 7.7526E-09 2.5505E-07 1.78E-07 7.37E-06   0.953 0.6000 7.4823E-06   1180.417
13311.00 0.38535407 3.4827E-29            3.4765E-29 1.7860E-07 2.2893E-08 6.8802E-08 7.4908E-09 2.4740E-07 1.72E-07 7.15E-06   0.954 0.6000 7.2543E-06   1178.925
13321.00 0.38479590 3.3237E-29            3.3132E-29 1.8381E-07 2.3596E-08 7.0673E-08 7.6762E-09 2.5448E-07 1.76E-07 7.37E-06   0.955 0.6000 7.4775E-06   1181.700
13331.00 0.38448730 3.1751E-29            3.1597E-29 1.8233E-07 2.3395E-08 6.9962E-08 7.5809E-09 2.5229E-07 1.74E-07 7.30E-06   0.956 0.6000 7.4089E-06   1181.792
13341.00 0.38413420 3.0327E-29            3.0129E-29 1.7828E-07 2.2875E-08 6.8278E-08 7.3798E-09 2.4656E-07 1.69E-07 7.13E-06   0.957 0.6000 7.2399E-06   1180.844
13351.00 0.38386008 2.8976E-29            2.8735E-29 1.8404E-07 2.3594E-08 7.0339E-08 7.5834E-09 2.5437E-07 1.74E-07 7.35E-06   0.957 0.6000 7.4618E-06   1183.838
13361.00 0.38347811 2.7673E-29            2.7398E-29 1.8302E-07 2.3467E-08 6.9815E-08 7.5084E-09 2.5284E-07 1.72E-07 7.30E-06   0.958 0.6000 7.4177E-06   1184.119
13371.00 0.38291767 2.6408E-29            2.6110E-29 1.8261E-07 2.3449E-08 6.9515E-08 7.4586E-09 2.5212E-07 1.71E-07 7.29E-06   0.960 0.6000 7.4110E-06   1184.634
13381.00 0.38249245 2.5217E-29            2.4893E-29 1.8364E-07 2.3596E-08 6.9779E-08 7.4687E-09 2.5342E-07 1.71E-07 7.34E-06   0.961 0.6000 7.4538E-06   1185.731
13391.00 0.38213223 2.4084E-29            2.3735E-29 1.8384E-07 2.3622E-08 6.9719E-08 7.4442E-09 2.5355E-07 1.71E-07 7.34E-06   0.962 0.6000 7.4568E-06   1186.492
13401.00 0.38164485 2.2990E-29            2.2624E-29 1.8230E-07 2.3448E-08 6.8994E-08 7.3494E-09 2.5130E-07 1.68E-07 7.28E-06   0.963 0.6000 7.3986E-06   1186.561
13411.00 0.38084102 2.1917E-29            2.1547E-29 1.8331E-07 2.3662E-08 6.9244E-08 7.3591E-09 2.5255E-07 1.69E-07 7.35E-06   0.965 0.6000 7.4693E-06   1187.647
13421.00 0.38086659 2.0965E-29            2.0566E-29 1.8023E-07 2.3193E-08 6.7943E-08 7.2014E-09 2.4817E-07 1.65E-07 7.19E-06   0.965 0.6000 7.3080E-06   1187.090
13431.00 0.37978351 1.9965E-29            1.9573E-29 1.7675E-07 2.2874E-08 6.6490E-08 7.0346E-09 2.4324E-07 1.61E-07 7.10E-06   0.968 0.6000 7.2145E-06   1186.349
13441.00 0.37920657 1.9050E-29            1.8651E-29 1.8225E-07 2.3623E-08 6.8418E-08 7.2201E-09 2.5066E-07 1.65E-07 7.33E-06   0.970 0.6000 7.4488E-06   1189.264
13451.00 0.37955368 1.8247E-29            1.7817E-29 1.8378E-07 2.3693E-08 6.8864E-08 7.2449E-09 2.5264E-07 1.66E-07 7.33E-06   0.969 0.6000 7.4513E-06   1190.561
13461.00 0.37651041 1.7243E-29            1.6870E-29 1.7740E-07 2.3328E-08 6.6308E-08 6.9731E-09 2.4371E-07 1.60E-07 7.26E-06   0.977 0.6000 7.3809E-06   1188.651
13471.00 0.37572685 1.6435E-29            1.6064E-29 1.7041E-07 2.2499E-08 6.3567E-08 6.6759E-09 2.3398E-07 1.53E-07 7.01E-06   0.979 0.6000 7.1206E-06   1186.405
13481.00 0.37526378 1.5694E-29            1.5315E-29 1.7065E-07 2.2531E-08 6.3533E-08 6.6529E-09 2.3418E-07 1.52E-07 7.01E-06   0.980 0.6000 7.1258E-06   1187.187
13491.00 0.37192962 1.4809E-29            1.4486E-29 1.6555E-07 2.2326E-08 6.1453E-08 6.4452E-09 2.2700E-07 1.48E-07 7.00E-06   0.989 0.6000 7.1079E-06   1185.647
13501.00 0.37426305 1.4295E-29            1.3911E-29 1.7468E-07 2.3139E-08 6.4772E-08 6.7477E-09 2.3945E-07 1.55E-07 7.20E-06   0.983 0.6000 7.3132E-06   1190.245
13511.00 0.36974064 1.3436E-29            1.3120E-29 1.6817E-07 2.2904E-08 6.2120E-08 6.4863E-09 2.3029E-07 1.49E-07 7.20E-06   0.995 0.6000 7.3098E-06   1188.124
13521.00 0.36442292 1.2576E-29            1.2339E-29 1.6113E-07 2.2669E-08 5.9239E-08 6.2189E-09 2.2036E-07 1.43E-07 7.20E-06   1.009 0.6000 7.3173E-06   1185.651
13531.00 0.36584666 1.2088E-29            1.1818E-29 1.5855E-07 2.2063E-08 5.8217E-08 6.0917E-09 2.1676E-07 1.40E-07 6.97E-06   1.006 0.6000 7.0827E-06   1185.177
13541.00 0.35927975 1.1264E-29            1.1081E-29 1.5474E-07 2.2387E-08 5.6469E-08 5.9291E-09 2.1121E-07 1.36E-07 7.17E-06   1.024 0.6000 7.2893E-06   1184.024
13551.00 0.36534363 1.1035E-29            1.0752E-29 1.6651E-07 2.3198E-08 6.0959E-08 6.3225E-09 2.2747E-07 1.45E-07 7.32E-06   1.007 0.6000 7.4378E-06   1190.101
13561.00 0.35883242 1.0294E-29            1.0084E-29 1.5899E-07 2.2931E-08 5.7842E-08 6.0400E-09 2.1683E-07 1.38E-07 7.33E-06   1.025 0.6000 7.4514E-06   1187.347
13571.00 0.35110143 9.5321E-30            9.4118E-30 1.4878E-07 2.2420E-08 5.3641E-08 5.6686E-09 2.0242E-07 1.30E-07 7.28E-06   1.047 0.6000 7.3967E-06   1183.114
13581.00 0.34907994 9.0298E-30            8.9302E-30 1.4323E-07 2.2106E-08 5.1551E-08 5.4760E-09 1.9478E-07 1.26E-07 7.21E-06   1.052 0.6000 7.3305E-06   1181.072
13591.00 0.35645741 8.9054E-30            8.7024E-30 1.5250E-07 2.2394E-08 5.5153E-08 5.7588E-09 2.0765E-07 1.32E-07 7.17E-06   1.032 0.6000 7.2885E-06   1186.373
13601.00 0.35024971 8.3291E-30            8.1646E-30 1.5050E-07 2.2462E-08 5.3898E-08 5.6138E-09 2.0439E-07 1.29E-07 7.27E-06   1.049 0.6000 7.3844E-06   1185.949
13611.00 0.35046262 7.9583E-30            7.7927E-30 1.5200E-07 2.2715E-08 5.4382E-08 5.6821E-09 2.0639E-07 1.30E-07 7.34E-06   1.049 0.6000 7.4548E-06   1187.360
13621.00 0.36218315 7.9860E-30            7.6873E-30 1.6796E-07 2.3414E-08 6.0597E-08 6.1771E-09 2.2856E-07 1.42E-07 7.36E-06   1.016 0.6000 7.4763E-06   1195.468
13631.00 0.33876383 6.9419E-30            6.8657E-30 1.4155E-07 2.2106E-08 4.9769E-08 5.2576E-09 1.9131E-07 1.21E-07 7.28E-06   1.082 0.6000 7.3964E-06   1183.348
13641.00 0.34384045 6.7901E-30            6.6470E-30 1.4413E-07 2.1953E-08 5.0987E-08 5.2551E-09 1.9512E-07 1.20E-07 7.16E-06   1.068 0.6000 7.2736E-06   1185.468
13651.00 0.34719488 6.5852E-30            6.4053E-30 1.4812E-07 2.2161E-08 5.2542E-08 5.3931E-09 2.0067E-07 1.24E-07 7.17E-06   1.058 0.6000 7.2899E-06   1188.190
13661.00 0.31038204 5.3990E-30            5.4690E-30 1.1676E-07 2.0747E-08 3.9582E-08 4.2170E-09 1.5634E-07 9.67E-08 7.26E-06   1.170 0.6000 7.3809E-06   1171.220
13671.00 0.30715913 5.0523E-30            5.1654E-30 1.0651E-07 2.0334E-08 3.5690E-08 3.8773E-09 1.4220E-07 8.89E-08 7.20E-06   1.180 0.6000 7.3220E-06   1165.339
13681.00 0.31241491 4.9652E-30            5.0108E-30 1.1488E-07 2.0367E-08 3.8821E-08 4.0956E-09 1.5370E-07 9.39E-08 7.08E-06   1.163 0.6000 7.2028E-06   1171.440
13691.00 0.29315034 4.3373E-30            4.4829E-30 1.0163E-07 2.0055E-08 3.3152E-08 3.5857E-09 1.3478E-07 8.22E-08 7.27E-06   1.227 0.6000 7.3972E-06   1163.050
13701.00 0.31969184 4.6652E-30            4.6730E-30 1.1951E-07 2.1171E-08 4.0616E-08 4.3552E-09 1.6012E-07 9.98E-08 7.23E-06   1.140 0.6000 7.3541E-06   1175.710
13711.00 0.27797666 3.6662E-30            3.8769E-30 8.3781E-08 1.8444E-08 2.6145E-08 2.9829E-09 1.0993E-07 6.84E-08 6.91E-06   1.280 0.6000 7.0258E-06   1150.606
13721.00 0.32250634 4.3261E-30            4.2845E-30 1.2638E-07 2.0745E-08 4.2919E-08 4.4590E-09 1.6930E-07 1.02E-07 6.98E-06   1.132 0.6000 7.1045E-06   1181.044
13731.00 0.30870643 3.9232E-30            3.9283E-30 1.1329E-07 2.0537E-08 3.7869E-08 3.9584E-09 1.5116E-07 9.07E-08 7.19E-06   1.175 0.6000 7.3140E-06   1173.792
13741.00 0.26352897 3.0192E-30            3.1889E-30 8.5882E-08 1.8713E-08 2.6282E-08 2.7982E-09 1.1216E-07 6.41E-08 7.23E-06   1.334 0.6000 7.3536E-06   1154.038
13751.00 0.31431207 3.6708E-30            3.6327E-30 1.2397E-07 2.1324E-08 4.1669E-08 4.2441E-09 1.6564E-07 9.73E-08 7.31E-06   1.157 0.6000 7.4416E-06   1181.618
13761.00 0.28409475 3.0468E-30            3.1383E-30 9.9466E-08 1.9790E-08 3.1595E-08 3.3817E-09 1.3106E-07 7.75E-08 7.24E-06   1.258 0.6000 7.3658E-06   1166.018
13771.00 0.30146116 3.1273E-30            3.1741E-30 1.0222E-07 2.0285E-08 3.3216E-08 3.5953E-09 1.3543E-07 8.24E-08 7.17E-06   1.199 0.6000 7.2949E-06   1168.975
13781.00 0.28012607 2.7609E-30            2.8199E-30 1.0392E-07 1.9832E-08 3.3093E-08 3.4516E-09 1.3701E-07 7.91E-08 7.25E-06   1.273 0.6000 7.3832E-06   1170.473
13791.00 0.29511139 2.7987E-30            2.8274E-30 1.0586E-07 2.0298E-08 3.4217E-08 3.6172E-09 1.4007E-07 8.29E-08 7.21E-06   1.220 0.6000 7.3406E-06   1172.701
13801.00 0.27834332 2.5396E-30            2.5505E-30 1.0090E-07 1.9734E-08 3.1595E-08 3.3261E-09 1.3249E-07 7.62E-08 7.21E-06   1.279 0.6000 7.3445E-06   1169.555
13811.00 0.28984576 2.6202E-30            2.5325E-30 1.0954E-07 2.0247E-08 3.5441E-08 3.6116E-09 1.4498E-07 8.28E-08 7.23E-06   1.238 0.6000 7.3600E-06   1176.493
13821.00 0.26793447 2.1660E-30            2.2308E-30 9.5826E-08 1.9410E-08 2.9531E-08 3.0496E-09 1.2536E-07 6.99E-08 7.28E-06   1.317 0.6000 7.4156E-06   1167.146
13831.00 0.32443199 2.6808E-30            2.5809E-30 1.3537E-07 2.1804E-08 4.5519E-08 4.5022E-09 1.8089E-07 1.03E-07 7.21E-06   1.126 0.6000 7.3440E-06   1193.528
13841.00 0.33304983 2.6509E-30            2.5280E-30 1.4056E-07 2.1603E-08 4.7541E-08 4.6989E-09 1.8810E-07 1.08E-07 6.97E-06   1.099 0.6000 7.1063E-06   1197.043
13851.00 0.33381024 2.5418E-30            2.4201E-30 1.4029E-07 2.2212E-08 4.7486E-08 4.6928E-09 1.8778E-07 1.08E-07 7.19E-06   1.097 0.6000 7.3322E-06   1197.628
13861.00 0.33491346 2.4409E-30            2.3174E-30 1.4204E-07 2.2258E-08 4.8010E-08 4.7351E-09 1.9005E-07 1.09E-07 7.17E-06   1.094 0.6000 7.3065E-06   1199.203
13871.00 0.29103121 1.9326E-30            1.9239E-30 1.0463E-07 1.9551E-08 3.3242E-08 3.3834E-09 1.3787E-07 7.76E-08 6.92E-06   1.234 0.6000 7.0523E-06   1177.194
13881.00 0.25326717 1.5401E-30            1.5964E-30 8.4448E-08 1.8594E-08 2.4992E-08 2.5851E-09 1.0944E-07 5.93E-08 7.16E-06   1.373 0.6000 7.3060E-06   1162.065
13891.00 0.26514018 1.5394E-30            1.5928E-30 8.4694E-08 1.8902E-08 2.5182E-08 2.7177E-09 1.0988E-07 6.23E-08 7.09E-06   1.327 0.6000 7.2275E-06   1163.026
13901.00 0.25882834 1.4399E-30            1.4833E-30 8.5291E-08 1.8306E-08 2.5176E-08 2.6287E-09 1.1047E-07 6.03E-08 6.93E-06   1.352 0.6000 7.0741E-06   1164.080
13911.00 0.24070655 1.3172E-30            1.3195E-30 8.0367E-08 1.7627E-08 2.3099E-08 2.3645E-09 1.0347E-07 5.42E-08 6.89E-06   1.424 0.6000 7.0323E-06   1160.350
13921.00 0.27697667 1.4810E-30            1.4463E-30 9.8982E-08 1.9356E-08 3.0477E-08 3.0770E-09 1.2946E-07 7.05E-08 6.98E-06   1.284 0.6000 7.1195E-06   1176.321
13931.00 0.26289222 1.2815E-30            1.3118E-30 8.6907E-08 1.9122E-08 2.5641E-08 2.7737E-09 1.1255E-07 6.36E-08 7.11E-06   1.336 0.6000 7.2560E-06   1167.421
13941.00 0.26771608 1.2464E-30            1.2730E-30 8.9120E-08 1.9659E-08 2.6259E-08 2.8159E-09 1.1538E-07 6.45E-08 7.24E-06   1.318 0.6000 7.3884E-06   1169.804
13951.00 0.30697012 1.4399E-30            1.3920E-30 1.1176E-07 2.0491E-08 3.5600E-08 3.5265E-09 1.4736E-07 8.08E-08 6.94E-06   1.181 0.6000 7.0864E-06   1187.437
13961.00 0.34203720 1.6105E-30            1.4819E-30 1.5389E-07 2.2817E-08 5.1511E-08 4.8603E-09 2.0540E-07 1.11E-07 7.12E-06   1.073 0.6000 7.2741E-06   1211.943
13971.00 0.34827396 1.5813E-30            1.4401E-30 1.6396E-07 2.3287E-08 5.5086E-08 5.1557E-09 2.1905E-07 1.18E-07 7.15E-06   1.055 0.6000 7.3034E-06   1217.379
13981.00 0.34537524 1.4951E-30            1.3633E-30 1.5542E-07 2.2483E-08 5.2057E-08 4.8608E-09 2.0748E-07 1.11E-07 6.95E-06   1.063 0.6000 7.1012E-06   1214.103
13991.00 0.35049805 1.4609E-30            1.3199E-30 1.6555E-07 2.2980E-08 5.5573E-08 5.1470E-09 2.2113E-07 1.18E-07 7.00E-06   1.048 0.6000 7.1508E-06   1219.503
14001.00 0.35263604 1.4100E-30            1.2675E-30 1.7428E-07 2.3811E-08 5.8474E-08 5.3887E-09 2.3275E-07 1.24E-07 7.21E-06   1.042 0.6000 7.3618E-06   1224.014
14011.00 0.35438082 1.3587E-30            1.2155E-30 1.7747E-07 2.3834E-08 5.9466E-08 5.4520E-09 2.3694E-07 1.25E-07 7.17E-06   1.037 0.6000 7.3230E-06   1226.057
14021.00 0.35185042 1.2851E-30            1.1518E-30 1.6897E-07 2.3171E-08 5.6491E-08 5.1694E-09 2.2546E-07 1.18E-07 7.01E-06   1.045 0.6000 7.1568E-06   1223.079
14031.00 0.35499358 1.2455E-30            1.1089E-30 1.7842E-07 2.3763E-08 5.9581E-08 5.4207E-09 2.3800E-07 1.24E-07 7.11E-06   1.036 0.6000 7.2644E-06   1227.822
14041.00 0.35384899 1.1856E-30            1.0549E-30 1.7699E-07 2.3700E-08 5.8961E-08 5.3704E-09 2.3595E-07 1.23E-07 7.10E-06   1.039 0.6000 7.2526E-06   1227.890
14051.00 0.35456151 1.1372E-30            1.0087E-30 1.7875E-07 2.3750E-08 5.9459E-08 5.3897E-09 2.3821E-07 1.24E-07 7.09E-06   1.037 0.6000 7.2437E-06   1229.318
14061.00 0.35233152 1.0774E-30            9.5663E-31 1.7545E-07 2.3692E-08 5.8226E-08 5.2652E-09 2.3368E-07 1.21E-07 7.10E-06   1.043 0.6000 7.2598E-06   1228.599
14071.00 0.35119748 1.0254E-30            9.0990E-31 1.7711E-07 2.4046E-08 5.8642E-08 5.2907E-09 2.3575E-07 1.21E-07 7.22E-06   1.046 0.6000 7.3793E-06   1229.972
14081.00 0.35006741 9.7567E-31            8.6554E-31 1.7553E-07 2.4036E-08 5.8015E-08 5.2223E-09 2.3354E-07 1.20E-07 7.23E-06   1.050 0.6000 7.3891E-06   1229.983
14091.00 0.35102299 9.3666E-31            8.2820E-31 1.7646E-07 2.3900E-08 5.8197E-08 5.2317E-09 2.3466E-07 1.20E-07 7.15E-06   1.047 0.6000 7.3099E-06   1231.054
14101.00 0.34929612 8.9006E-31            7.8659E-31 1.7291E-07 2.3553E-08 5.6831E-08 5.0915E-09 2.2974E-07 1.17E-07 7.07E-06   1.052 0.6000 7.2252E-06   1230.187
14111.00 0.35176840 8.5990E-31            7.5578E-31 1.7712E-07 2.3640E-08 5.8195E-08 5.1911E-09 2.3532E-07 1.19E-07 7.04E-06   1.045 0.6000 7.1951E-06   1232.694
14121.00 0.34496450 7.9899E-31            7.0752E-31 1.7045E-07 2.3928E-08 5.5704E-08 4.9913E-09 2.2615E-07 1.14E-07 7.24E-06   1.064 0.6000 7.4015E-06   1230.441
14131.00 0.34673244 7.7000E-31            6.7843E-31 1.7314E-07 2.3983E-08 5.6592E-08 5.0374E-09 2.2973E-07 1.15E-07 7.21E-06   1.059 0.6000 7.3775E-06   1232.324
14141.00 0.34882057 7.4343E-31            6.5143E-31 1.7167E-07 2.3314E-08 5.6055E-08 4.9708E-09 2.2773E-07 1.14E-07 6.96E-06   1.053 0.6000 7.1188E-06   1232.385
14151.00 0.34273151 6.9277E-31            6.1077E-31 1.6644E-07 2.3589E-08 5.4026E-08 4.8332E-09 2.2047E-07 1.11E-07 7.13E-06   1.071 0.6000 7.2975E-06   1230.683
14161.00 0.34307081 6.6345E-31            5.8345E-31 1.6708E-07 2.3609E-08 5.4184E-08 4.8425E-09 2.2126E-07 1.11E-07 7.12E-06   1.070 0.6000 7.2867E-06   1231.661
14171.00 0.33977440 6.2689E-31            5.5156E-31 1.6415E-07 2.3451E-08 5.2949E-08 4.7197E-09 2.1710E-07 1.08E-07 7.12E-06   1.079 0.6000 7.2819E-06   1230.962
14181.00 0.33777380 5.9402E-31            5.2291E-31 1.6404E-07 2.3693E-08 5.2727E-08 4.6907E-09 2.1676E-07 1.08E-07 7.21E-06   1.085 0.6000 7.3827E-06   1231.557
14191.00 0.34656823 5.8992E-31            5.1218E-31 1.7747E-07 2.4179E-08 5.7346E-08 5.0242E-09 2.3481E-07 1.15E-07 7.20E-06   1.060 0.6000 7.3659E-06   1238.246
14201.00 0.33179408 5.3079E-31            4.6807E-31 1.5748E-07 2.3110E-08 5.0123E-08 4.4589E-09 2.0760E-07 1.02E-07 7.10E-06   1.103 0.6000 7.2675E-06   1229.775
14211.00 0.34661192 5.4028E-31            4.6629E-31 1.7945E-07 2.3947E-08 5.7668E-08 5.0183E-09 2.3712E-07 1.15E-07 7.09E-06   1.060 0.6000 7.2579E-06   1240.407
14221.00 0.33713233 4.9709E-31            4.3337E-31 1.6541E-07 2.3445E-08 5.2718E-08 4.6378E-09 2.1813E-07 1.06E-07 7.09E-06   1.087 0.6000 7.2581E-06   1234.869
14231.00 0.32536209 4.5085E-31            3.9861E-31 1.4678E-07 2.2452E-08 4.6208E-08 4.1285E-09 1.9299E-07 9.46E-08 6.98E-06   1.123 0.6000 7.1422E-06   1226.518
14241.00 0.33249247 4.4450E-31            3.8893E-31 1.5593E-07 2.3007E-08 4.9453E-08 4.3680E-09 2.0539E-07 1.00E-07 7.02E-06   1.101 0.6000 7.1894E-06   1231.818
14251.00 0.32713336 4.1533E-31            3.6499E-31 1.4799E-07 2.2271E-08 4.6538E-08 4.1066E-09 1.9453E-07 9.41E-08 6.86E-06   1.117 0.6000 7.0286E-06   1228.516
14261.00 0.33320150 4.0797E-31            3.5489E-31 1.5803E-07 2.3150E-08 4.9950E-08 4.3500E-09 2.0798E-07 9.97E-08 7.04E-06   1.099 0.6000 7.2140E-06   1234.167
14271.00 0.32233953 3.7224E-31            3.2764E-31 1.4337E-07 2.2425E-08 4.4773E-08 3.9406E-09 1.8814E-07 9.03E-08 7.00E-06   1.132 0.6000 7.1715E-06   1227.476
14281.00 0.33121794 3.7082E-31            3.2132E-31 1.5910E-07 2.3035E-08 4.9989E-08 4.3221E-09 2.0909E-07 9.91E-08 7.00E-06   1.105 0.6000 7.1755E-06   1235.981
 -9999.
