T F 2    2    2    0    2    2    2    2    2    2    1    0    0   0.0000.00000
    1    1    1    0    0    0   5.00000   0.00000   0.00000   0.00000   0.00000
 -99.000 -99.000 -99.000
 -99.00000 -99.00000 -99.00000  2.922360  0.000710 ! H2O & O3 COLUMNS [GM/CM2]
   36MID-LATITUDE SUMMER 
  20.00000  20.00000  90.02193   5.00253   0.04485   0.00000    1        0.00000
    0    0  172    0
   0.00000   0.00000   0.00000  20.00044   0.00000 180.00000   0.00000   0.00000
    9091.0   14286.0      10.0      10.0NW              
    0   0    0.000  0    0.000  0    1.000
    FREQ  TOT_TRANS  PTH_THRML  THRML_SCT  SURF_EMIS   SOL_SCAT  SING_SCAT  GRND_RFLT  DRCT_RFLT  TOTAL_RAD  REF_SOL  SOL@OBS   DEPTH DIR_EM    TOA_SUN BBODY_T[K]
 9091.00 0.99891192 1.1843E-29 0.0000E+00 0.0000E+00 5.5609E-10 5.5609E-10 0.0000E+00 0.0000E+00 5.5609E-10 6.91E-06 6.91E-06   0.001 1.0000 6.9214E-06    617.011
 9101.00 0.99891341 1.1112E-29 0.0000E+00 0.0000E+00 5.4427E-10 5.4427E-10 0.0000E+00 0.0000E+00 5.4427E-10 6.74E-06 6.75E-06   0.001 1.0000 6.7529E-06    616.969
 9111.00 0.99891216 1.0454E-29 0.0000E+00 0.0000E+00 5.4743E-10 5.4743E-10 0.0000E+00 0.0000E+00 5.4743E-10 6.76E-06 6.76E-06   0.001 1.0000 6.7702E-06    617.719
 9121.00 0.99890774 9.8600E-30 0.0000E+00 0.0000E+00 5.4812E-10 5.4812E-10 0.0000E+00 0.0000E+00 5.4812E-10 6.74E-06 6.75E-06   0.001 1.0000 6.7570E-06    618.338
 9131.00 0.99890214 9.3121E-30 0.0000E+00 0.0000E+00 5.4664E-10 5.4664E-10 0.0000E+00 0.0000E+00 5.4664E-10 6.70E-06 6.71E-06   0.001 1.0000 6.7175E-06    618.842
 9141.00 0.99890178 8.7514E-30 0.0000E+00 0.0000E+00 5.2607E-10 5.2607E-10 0.0000E+00 0.0000E+00 5.2607E-10 6.43E-06 6.44E-06   0.001 1.0000 6.4440E-06    618.307
 9151.00 0.99889231 8.2929E-30 0.0000E+00 0.0000E+00 5.6193E-10 5.6193E-10 0.0000E+00 0.0000E+00 5.6193E-10 6.85E-06 6.85E-06   0.001 1.0000 6.8615E-06    620.812
 9161.00 0.99889511 7.7725E-30 0.0000E+00 0.0000E+00 5.6971E-10 5.6971E-10 0.0000E+00 0.0000E+00 5.6971E-10 6.92E-06 6.93E-06   0.001 1.0000 6.9345E-06    621.797
 9171.00 0.99888778 7.3506E-30 0.0000E+00 0.0000E+00 5.7592E-10 5.7592E-10 0.0000E+00 0.0000E+00 5.7592E-10 6.97E-06 6.98E-06   0.001 1.0000 6.9883E-06    622.698
 9181.00 0.99888587 6.9183E-30 0.0000E+00 0.0000E+00 5.6826E-10 5.6826E-10 0.0000E+00 0.0000E+00 5.6826E-10 6.86E-06 6.87E-06   0.001 1.0000 6.8738E-06    622.888
 9191.00 0.99888307 6.5172E-30 0.0000E+00 0.0000E+00 5.6835E-10 5.6835E-10 0.0000E+00 0.0000E+00 5.6835E-10 6.84E-06 6.85E-06   0.001 1.0000 6.8531E-06    623.475
 9201.00 0.99887609 6.1604E-30 0.0000E+00 0.0000E+00 5.6404E-10 5.6404E-10 0.0000E+00 0.0000E+00 5.6404E-10 6.76E-06 6.77E-06   0.001 1.0000 6.7792E-06    623.833
 9211.00 0.99887162 5.8113E-30 0.0000E+00 0.0000E+00 5.8655E-10 5.8655E-10 0.0000E+00 0.0000E+00 5.8655E-10 7.01E-06 7.02E-06   0.001 1.0000 7.0277E-06    625.569
 9221.00 0.99886936 5.4706E-30 0.0000E+00 0.0000E+00 5.8349E-10 5.8349E-10 0.0000E+00 0.0000E+00 5.8349E-10 6.95E-06 6.96E-06   0.001 1.0000 6.9689E-06    625.997
 9231.00 0.99886411 5.1636E-30 0.0000E+00 0.0000E+00 5.7075E-10 5.7075E-10 0.0000E+00 0.0000E+00 5.7075E-10 6.78E-06 6.79E-06   0.001 1.0000 6.7955E-06    625.928
 9241.00 0.99886012 4.8680E-30 0.0000E+00 0.0000E+00 5.7161E-10 5.7161E-10 0.0000E+00 0.0000E+00 5.7161E-10 6.77E-06 6.78E-06   0.001 1.0000 6.7842E-06    626.555
 9251.00 0.99885386 4.5988E-30 0.0000E+00 0.0000E+00 5.8325E-10 5.8325E-10 0.0000E+00 0.0000E+00 5.8325E-10 6.89E-06 6.89E-06   0.001 1.0000 6.9007E-06    627.733
 9261.00 0.99884814 4.3423E-30 0.0000E+00 0.0000E+00 5.9301E-10 5.9301E-10 0.0000E+00 0.0000E+00 5.9301E-10 6.98E-06 6.99E-06   0.001 1.0000 6.9947E-06    628.808
 9271.00 0.99884230 4.1004E-30 0.0000E+00 0.0000E+00 5.8481E-10 5.8481E-10 0.0000E+00 0.0000E+00 5.8481E-10 6.86E-06 6.87E-06   0.001 1.0000 6.8762E-06    628.977
 9281.00 0.99883360 3.8815E-30 0.0000E+00 0.0000E+00 6.0002E-10 6.0002E-10 0.0000E+00 0.0000E+00 6.0002E-10 7.02E-06 7.03E-06   0.001 1.0000 7.0330E-06    630.323
 9291.00 0.99882519 3.6726E-30 0.0000E+00 0.0000E+00 6.0024E-10 6.0024E-10 0.0000E+00 0.0000E+00 6.0024E-10 7.00E-06 7.01E-06   0.001 1.0000 7.0135E-06    630.917
 9301.00 0.99881440 3.4819E-30 0.0000E+00 0.0000E+00 5.8927E-10 5.8927E-10 0.0000E+00 0.0000E+00 5.8927E-10 6.85E-06 6.86E-06   0.001 1.0000 6.8637E-06    630.950
 9311.00 0.99880171 3.3060E-30 0.0000E+00 0.0000E+00 6.0154E-10 6.0154E-10 0.0000E+00 0.0000E+00 6.0154E-10 6.97E-06 6.98E-06   0.001 1.0000 6.9849E-06    632.146
 9321.00 0.99878657 3.1454E-30 0.0000E+00 0.0000E+00 5.9488E-10 5.9488E-10 0.0000E+00 0.0000E+00 5.9488E-10 6.87E-06 6.88E-06   0.001 1.0000 6.8861E-06    632.397
 9331.00 0.99876708 3.0022E-30 0.0000E+00 0.0000E+00 6.0747E-10 6.0747E-10 0.0000E+00 0.0000E+00 6.0747E-10 6.99E-06 7.00E-06   0.001 1.0000 7.0103E-06    633.605
 9341.00 0.99874890 2.8621E-30 0.0000E+00 0.0000E+00 6.0665E-10 6.0665E-10 0.0000E+00 0.0000E+00 6.0665E-10 6.96E-06 6.97E-06   0.001 1.0000 6.9794E-06    634.148
 9351.00 0.99872404 2.7423E-30 0.0000E+00 0.0000E+00 5.8466E-10 5.8466E-10 0.0000E+00 0.0000E+00 5.8466E-10 6.69E-06 6.70E-06   0.001 1.0000 6.7060E-06    633.627
 9361.00 0.99865901 2.7067E-30 0.0000E+00 0.0000E+00 6.0467E-10 6.0467E-10 0.0000E+00 0.0000E+00 6.0467E-10 6.90E-06 6.91E-06   0.001 1.0000 6.9146E-06    635.215
 9371.00 0.99866772 2.5286E-30 0.0000E+00 0.0000E+00 6.1456E-10 6.1456E-10 0.0000E+00 0.0000E+00 6.1456E-10 6.99E-06 7.00E-06   0.001 1.0000 7.0062E-06    636.285
 9381.00 0.99866265 2.3834E-30 0.0000E+00 0.0000E+00 6.1353E-10 6.1353E-10 0.0000E+00 0.0000E+00 6.1353E-10 6.95E-06 6.96E-06   0.001 1.0000 6.9727E-06    636.817
 9391.00 0.99866039 2.2433E-30 0.0000E+00 0.0000E+00 6.2598E-10 6.2598E-10 0.0000E+00 0.0000E+00 6.2598E-10 7.07E-06 7.08E-06   0.001 1.0000 7.0927E-06    638.004
 9401.00 0.99867195 2.0898E-30 0.0000E+00 0.0000E+00 6.2318E-10 6.2318E-10 0.0000E+00 0.0000E+00 6.2318E-10 7.02E-06 7.03E-06   0.001 1.0000 7.0394E-06    638.452
 9411.00 0.99869227 1.9331E-30 0.0000E+00 0.0000E+00 6.2358E-10 6.2358E-10 0.0000E+00 0.0000E+00 6.2358E-10 7.00E-06 7.01E-06   0.001 1.0000 7.0221E-06    639.055
 9421.00 0.99870032 1.8046E-30 0.0000E+00 0.0000E+00 6.2399E-10 6.2399E-10 0.0000E+00 0.0000E+00 6.2399E-10 6.99E-06 7.00E-06   0.001 1.0000 7.0055E-06    639.657
 9431.00 0.99870288 1.6921E-30 0.0000E+00 0.0000E+00 6.2251E-10 6.2251E-10 0.0000E+00 0.0000E+00 6.2251E-10 6.95E-06 6.96E-06   0.001 1.0000 6.9676E-06    640.169
 9441.00 0.99870610 1.5857E-30 0.0000E+00 0.0000E+00 6.2261E-10 6.2261E-10 0.0000E+00 0.0000E+00 6.2261E-10 6.93E-06 6.94E-06   0.001 1.0000 6.9484E-06    640.756
 9451.00 0.99871266 1.4820E-30 0.0000E+00 0.0000E+00 6.2684E-10 6.2684E-10 0.0000E+00 0.0000E+00 6.2684E-10 6.96E-06 6.97E-06   0.001 1.0000 6.9764E-06    641.544
 9461.00 0.99872011 1.3845E-30 0.0000E+00 0.0000E+00 6.3861E-10 6.3861E-10 0.0000E+00 0.0000E+00 6.3861E-10 7.07E-06 7.08E-06   0.001 1.0000 7.0891E-06    642.690
 9471.00 0.99872649 1.2940E-30 0.0000E+00 0.0000E+00 6.4038E-10 6.4038E-10 0.0000E+00 0.0000E+00 6.4038E-10 7.07E-06 7.08E-06   0.001 1.0000 7.0904E-06    643.357
 9481.00 0.99872917 1.2130E-30 0.0000E+00 0.0000E+00 6.4151E-10 6.4151E-10 0.0000E+00 0.0000E+00 6.4151E-10 7.07E-06 7.08E-06   0.001 1.0000 7.0848E-06    643.994
 9491.00 0.99872738 1.1411E-30 0.0000E+00 0.0000E+00 6.3791E-10 6.3791E-10 0.0000E+00 0.0000E+00 6.3791E-10 7.01E-06 7.02E-06   0.001 1.0000 7.0271E-06    644.406
 9501.00 0.99872190 1.0767E-30 0.0000E+00 0.0000E+00 6.4310E-10 6.4310E-10 0.0000E+00 0.0000E+00 6.4310E-10 7.05E-06 7.06E-06   0.001 1.0000 7.0663E-06    645.235
 9511.00 0.99872524 1.0090E-30 0.0000E+00 0.0000E+00 6.4533E-10 6.4533E-10 0.0000E+00 0.0000E+00 6.4533E-10 7.05E-06 7.06E-06   0.001 1.0000 7.0729E-06    645.924
 9521.00 0.99871570 9.5451E-31 0.0000E+00 0.0000E+00 6.4659E-10 6.4659E-10 0.0000E+00 0.0000E+00 6.4659E-10 7.05E-06 7.06E-06   0.001 1.0000 7.0689E-06    646.566
 9531.00 0.99870932 9.0167E-31 0.0000E+00 0.0000E+00 6.4960E-10 6.4960E-10 0.0000E+00 0.0000E+00 6.4960E-10 7.07E-06 7.07E-06   0.001 1.0000 7.0837E-06    647.291
 9541.00 0.99873602 8.2935E-31 0.0000E+00 0.0000E+00 6.5139E-10 6.5139E-10 0.0000E+00 0.0000E+00 6.5139E-10 7.07E-06 7.08E-06   0.001 1.0000 7.0847E-06    647.958
 9551.00 0.99873376 7.8042E-31 0.0000E+00 0.0000E+00 6.4693E-10 6.4693E-10 0.0000E+00 0.0000E+00 6.4693E-10 7.00E-06 7.01E-06   0.001 1.0000 7.0183E-06    648.331
 9561.00 0.99873072 7.3492E-31 0.0000E+00 0.0000E+00 6.4171E-10 6.4171E-10 0.0000E+00 0.0000E+00 6.4171E-10 6.93E-06 6.94E-06   0.001 1.0000 6.9440E-06    648.665
 9571.00 0.99873209 6.8968E-31 0.0000E+00 0.0000E+00 6.5533E-10 6.5533E-10 0.0000E+00 0.0000E+00 6.5533E-10 7.06E-06 7.06E-06   0.001 1.0000 7.0733E-06    649.892
 9581.00 0.99873263 6.4754E-31 0.0000E+00 0.0000E+00 6.5792E-10 6.5792E-10 0.0000E+00 0.0000E+00 6.5792E-10 7.07E-06 7.07E-06   0.001 1.0000 7.0833E-06    650.595
 9591.00 0.99873114 6.0901E-31 0.0000E+00 0.0000E+00 6.5520E-10 6.5520E-10 0.0000E+00 0.0000E+00 6.5520E-10 7.02E-06 7.03E-06   0.001 1.0000 7.0362E-06    651.051
 9601.00 0.99872804 5.7352E-31 0.0000E+00 0.0000E+00 6.6287E-10 6.6287E-10 0.0000E+00 0.0000E+00 6.6287E-10 7.08E-06 7.09E-06   0.001 1.0000 7.1006E-06    651.992
 9611.00 0.99872357 5.4074E-31 0.0000E+00 0.0000E+00 6.6063E-10 6.6063E-10 0.0000E+00 0.0000E+00 6.6063E-10 7.04E-06 7.05E-06   0.001 1.0000 7.0589E-06    652.470
 9621.00 0.99871939 5.0954E-31 0.0000E+00 0.0000E+00 6.6186E-10 6.6186E-10 0.0000E+00 0.0000E+00 6.6186E-10 7.04E-06 7.05E-06   0.001 1.0000 7.0542E-06    653.110
 9631.00 0.99871904 4.7878E-31 0.0000E+00 0.0000E+00 6.6309E-10 6.6309E-10 0.0000E+00 0.0000E+00 6.6309E-10 7.03E-06 7.04E-06   0.001 1.0000 7.0494E-06    653.750
 9641.00 0.99870872 4.5344E-31 0.0000E+00 0.0000E+00 6.6046E-10 6.6046E-10 0.0000E+00 0.0000E+00 6.6046E-10 6.99E-06 6.99E-06   0.001 1.0000 7.0036E-06    654.210
 9651.00 0.99871516 4.2389E-31 0.0000E+00 0.0000E+00 6.7217E-10 6.7217E-10 0.0000E+00 0.0000E+00 6.7217E-10 7.09E-06 7.10E-06   0.001 1.0000 7.1097E-06    655.336
 9661.00 0.99871582 3.9792E-31 0.0000E+00 0.0000E+00 6.6592E-10 6.6592E-10 0.0000E+00 0.0000E+00 6.6592E-10 7.01E-06 7.02E-06   0.001 1.0000 7.0258E-06    655.630
 9671.00 0.99871314 3.7460E-31 0.0000E+00 0.0000E+00 6.6777E-10 6.6777E-10 0.0000E+00 0.0000E+00 6.6777E-10 7.01E-06 7.02E-06   0.001 1.0000 7.0276E-06    656.298
 9681.00 0.99871027 3.5265E-31 0.0000E+00 0.0000E+00 6.6759E-10 6.6759E-10 0.0000E+00 0.0000E+00 6.6759E-10 6.99E-06 7.00E-06   0.001 1.0000 7.0080E-06    656.872
 9691.00 0.99870723 3.3204E-31 0.0000E+00 0.0000E+00 6.7880E-10 6.7880E-10 0.0000E+00 0.0000E+00 6.7880E-10 7.09E-06 7.10E-06   0.001 1.0000 7.1079E-06    657.971
 9701.00 0.99870437 3.1263E-31 0.0000E+00 0.0000E+00 6.7955E-10 6.7955E-10 0.0000E+00 0.0000E+00 6.7955E-10 7.08E-06 7.09E-06   0.001 1.0000 7.0980E-06    658.589
 9711.00 0.99870121 2.9437E-31 0.0000E+00 0.0000E+00 6.7978E-10 6.7978E-10 0.0000E+00 0.0000E+00 6.7978E-10 7.06E-06 7.07E-06   0.001 1.0000 7.0827E-06    659.182
 9721.00 0.99869800 2.7721E-31 0.0000E+00 0.0000E+00 6.8205E-10 6.8205E-10 0.0000E+00 0.0000E+00 6.8205E-10 7.07E-06 7.08E-06   0.001 1.0000 7.0883E-06    659.868
 9731.00 0.99869484 2.6105E-31 0.0000E+00 0.0000E+00 6.8759E-10 6.8759E-10 0.0000E+00 0.0000E+00 6.8759E-10 7.11E-06 7.12E-06   0.001 1.0000 7.1280E-06    660.703
 9741.00 0.99869168 2.4579E-31 0.0000E+00 0.0000E+00 6.8804E-10 6.8804E-10 0.0000E+00 0.0000E+00 6.8804E-10 7.10E-06 7.11E-06   0.001 1.0000 7.1148E-06    661.306
 9751.00 0.99868834 2.3146E-31 0.0000E+00 0.0000E+00 6.9081E-10 6.9081E-10 0.0000E+00 0.0000E+00 6.9081E-10 7.11E-06 7.12E-06   0.001 1.0000 7.1256E-06    662.015
 9761.00 0.99868494 2.1799E-31 0.0000E+00 0.0000E+00 6.9123E-10 6.9123E-10 0.0000E+00 0.0000E+00 6.9123E-10 7.09E-06 7.10E-06   0.001 1.0000 7.1121E-06    662.616
 9771.00 0.99868149 2.0534E-31 0.0000E+00 0.0000E+00 6.9413E-10 6.9413E-10 0.0000E+00 0.0000E+00 6.9413E-10 7.11E-06 7.11E-06   0.001 1.0000 7.1242E-06    663.330
 9781.00 0.99867839 1.9332E-31 0.0000E+00 0.0000E+00 6.8811E-10 6.8811E-10 0.0000E+00 0.0000E+00 6.8811E-10 7.03E-06 7.04E-06   0.001 1.0000 7.0450E-06    663.641
 9791.00 0.99867493 1.8207E-31 0.0000E+00 0.0000E+00 6.8921E-10 6.8921E-10 0.0000E+00 0.0000E+00 6.8921E-10 7.02E-06 7.03E-06   0.001 1.0000 7.0386E-06    664.273
 9801.00 0.99867129 1.7150E-31 0.0000E+00 0.0000E+00 6.9257E-10 6.9257E-10 0.0000E+00 0.0000E+00 6.9257E-10 7.04E-06 7.05E-06   0.001 1.0000 7.0554E-06    665.008
 9811.00 0.99866724 1.6157E-31 0.0000E+00 0.0000E+00 6.8677E-10 6.8677E-10 0.0000E+00 0.0000E+00 6.8677E-10 6.96E-06 6.97E-06   0.001 1.0000 6.9787E-06    665.326
 9821.00 0.99866432 1.5211E-31 0.0000E+00 0.0000E+00 6.9675E-10 6.9675E-10 0.0000E+00 0.0000E+00 6.9675E-10 7.04E-06 7.05E-06   0.001 1.0000 7.0623E-06    666.362
 9831.00 0.99866062 1.4328E-31 0.0000E+00 0.0000E+00 6.9991E-10 6.9991E-10 0.0000E+00 0.0000E+00 6.9991E-10 7.06E-06 7.07E-06   0.001 1.0000 7.0767E-06    667.086
 9841.00 0.99865699 1.3495E-31 0.0000E+00 0.0000E+00 6.9955E-10 6.9955E-10 0.0000E+00 0.0000E+00 6.9955E-10 7.04E-06 7.05E-06   0.001 1.0000 7.0554E-06    667.653
 9851.00 0.99865329 1.2711E-31 0.0000E+00 0.0000E+00 7.0090E-10 7.0090E-10 0.0000E+00 0.0000E+00 7.0090E-10 7.03E-06 7.04E-06   0.001 1.0000 7.0514E-06    668.296
 9861.00 0.99865001 1.1970E-31 0.0000E+00 0.0000E+00 7.0783E-10 7.0783E-10 0.0000E+00 0.0000E+00 7.0783E-10 7.08E-06 7.09E-06   0.001 1.0000 7.1034E-06    669.189
 9871.00 0.99864620 1.1275E-31 0.0000E+00 0.0000E+00 7.1029E-10 7.1029E-10 0.0000E+00 0.0000E+00 7.1029E-10 7.09E-06 7.10E-06   0.001 1.0000 7.1106E-06    669.881
 9881.00 0.99864215 1.0623E-31 0.0000E+00 0.0000E+00 7.1225E-10 7.1225E-10 0.0000E+00 0.0000E+00 7.1225E-10 7.09E-06 7.10E-06   0.001 1.0000 7.1125E-06    670.550
 9891.00 0.99863899 1.0002E-31 0.0000E+00 0.0000E+00 7.1421E-10 7.1421E-10 0.0000E+00 0.0000E+00 7.1421E-10 7.10E-06 7.11E-06   0.001 1.0000 7.1147E-06    671.220
 9901.00 0.99863440 9.4258E-32 0.0000E+00 0.0000E+00 7.1748E-10 7.1748E-10 0.0000E+00 0.0000E+00 7.1748E-10 7.11E-06 7.12E-06   0.001 1.0000 7.1297E-06    671.948
 9911.00 0.99863011 8.8815E-32 0.0000E+00 0.0000E+00 7.1726E-10 7.1726E-10 0.0000E+00 0.0000E+00 7.1726E-10 7.09E-06 7.10E-06   0.001 1.0000 7.1100E-06    672.520
 9921.00 0.99862713 8.3610E-32 0.0000E+00 0.0000E+00 7.1971E-10 7.1971E-10 0.0000E+00 0.0000E+00 7.1971E-10 7.10E-06 7.11E-06   0.001 1.0000 7.1166E-06    673.211
 9931.00 0.99862307 7.8766E-32 0.0000E+00 0.0000E+00 7.1728E-10 7.1728E-10 0.0000E+00 0.0000E+00 7.1728E-10 7.06E-06 7.07E-06   0.001 1.0000 7.0750E-06    673.686
 9941.00 0.99861848 7.4229E-32 0.0000E+00 0.0000E+00 6.9521E-10 6.9521E-10 0.0000E+00 0.0000E+00 6.9521E-10 6.82E-06 6.83E-06   0.001 1.0000 6.8405E-06    673.276
 9951.00 0.99861491 6.9904E-32 0.0000E+00 0.0000E+00 6.8228E-10 6.8228E-10 0.0000E+00 0.0000E+00 6.8228E-10 6.68E-06 6.69E-06   0.001 1.0000 6.6965E-06    673.264
 9961.00 0.99860966 6.5907E-32 0.0000E+00 0.0000E+00 7.1708E-10 7.1708E-10 0.0000E+00 0.0000E+00 7.1708E-10 7.00E-06 7.01E-06   0.001 1.0000 7.0208E-06    675.424
 9971.00 0.99860543 6.2095E-32 0.0000E+00 0.0000E+00 7.2586E-10 7.2586E-10 0.0000E+00 0.0000E+00 7.2586E-10 7.07E-06 7.08E-06   0.001 1.0000 7.0893E-06    676.394
 9981.00 0.99860007 5.8554E-32 0.0000E+00 0.0000E+00 7.3336E-10 7.3336E-10 0.0000E+00 0.0000E+00 7.3336E-10 7.13E-06 7.14E-06   0.001 1.0000 7.1451E-06    677.305
 9991.00 0.99859542 5.5174E-32 0.0000E+00 0.0000E+00 7.3449E-10 7.3449E-10 0.0000E+00 0.0000E+00 7.3449E-10 7.12E-06 7.13E-06   0.001 1.0000 7.1388E-06    677.937
10001.00 0.99859029 5.2017E-32 0.0000E+00 0.0000E+00 7.3261E-10 7.3261E-10 0.0000E+00 0.0000E+00 7.3261E-10 7.08E-06 7.09E-06   0.001 1.0000 7.1031E-06    678.437
10011.00 0.99858361 4.9087E-32 0.0000E+00 0.0000E+00 7.3564E-10 7.3564E-10 0.0000E+00 0.0000E+00 7.3564E-10 7.09E-06 7.10E-06   0.001 1.0000 7.1150E-06    679.152
10021.00 0.99857610 4.6354E-32 0.0000E+00 0.0000E+00 7.3910E-10 7.3910E-10 0.0000E+00 0.0000E+00 7.3910E-10 7.11E-06 7.12E-06   0.001 1.0000 7.1310E-06    679.885
10031.00 0.99856788 4.3788E-32 0.0000E+00 0.0000E+00 7.4098E-10 7.4098E-10 0.0000E+00 0.0000E+00 7.4098E-10 7.11E-06 7.12E-06   0.001 1.0000 7.1318E-06    680.549
10041.00 0.99855763 4.1423E-32 0.0000E+00 0.0000E+00 7.4117E-10 7.4117E-10 0.0000E+00 0.0000E+00 7.4117E-10 7.10E-06 7.11E-06   0.001 1.0000 7.1164E-06    681.139
10051.00 0.99854743 3.9183E-32 0.0000E+00 0.0000E+00 7.4325E-10 7.4325E-10 0.0000E+00 0.0000E+00 7.4325E-10 7.10E-06 7.11E-06   0.001 1.0000 7.1191E-06    681.812
10061.00 0.99854165 3.6953E-32 0.0000E+00 0.0000E+00 7.4617E-10 7.4617E-10 0.0000E+00 0.0000E+00 7.4617E-10 7.11E-06 7.12E-06   0.001 1.0000 7.1296E-06    682.520
10071.00 0.99853593 3.4842E-32 0.0000E+00 0.0000E+00 7.4721E-10 7.4721E-10 0.0000E+00 0.0000E+00 7.4721E-10 7.10E-06 7.11E-06   0.001 1.0000 7.1221E-06    683.147
10081.00 0.99852347 3.3003E-32 0.0000E+00 0.0000E+00 7.4701E-10 7.4701E-10 0.0000E+00 0.0000E+00 7.4701E-10 7.08E-06 7.09E-06   0.001 1.0000 7.1031E-06    683.721
10091.00 0.99851805 3.1117E-32 0.0000E+00 0.0000E+00 7.4687E-10 7.4687E-10 0.0000E+00 0.0000E+00 7.4687E-10 7.06E-06 7.07E-06   0.001 1.0000 7.0846E-06    684.297
10101.00 0.99853241 2.8946E-32 0.0000E+00 0.0000E+00 7.4369E-10 7.4369E-10 0.0000E+00 0.0000E+00 7.4369E-10 7.02E-06 7.03E-06   0.001 1.0000 7.0367E-06    684.742
10111.00 0.99854112 2.7021E-32 0.0000E+00 0.0000E+00 7.4371E-10 7.4371E-10 0.0000E+00 0.0000E+00 7.4371E-10 7.00E-06 7.01E-06   0.001 1.0000 7.0192E-06    685.325
10121.00 0.99854165 2.5372E-32 0.0000E+00 0.0000E+00 7.5508E-10 7.5508E-10 0.0000E+00 0.0000E+00 7.5508E-10 7.09E-06 7.10E-06   0.001 1.0000 7.1091E-06    686.397
10131.00 0.99854112 2.3840E-32 0.0000E+00 0.0000E+00 7.5337E-10 7.5337E-10 0.0000E+00 0.0000E+00 7.5337E-10 7.05E-06 7.07E-06   0.001 1.0000 7.0756E-06    686.906
10141.00 0.99854094 2.2395E-32 0.0000E+00 0.0000E+00 7.5582E-10 7.5582E-10 0.0000E+00 0.0000E+00 7.5582E-10 7.06E-06 7.07E-06   0.001 1.0000 7.0813E-06    687.594
10151.00 0.99853724 2.1085E-32 0.0000E+00 0.0000E+00 7.6105E-10 7.6105E-10 0.0000E+00 0.0000E+00 7.6105E-10 7.09E-06 7.10E-06   0.001 1.0000 7.1130E-06    688.399
10161.00 0.99853659 1.9815E-32 0.0000E+00 0.0000E+00 7.6026E-10 7.6026E-10 0.0000E+00 0.0000E+00 7.6026E-10 7.07E-06 7.08E-06   0.001 1.0000 7.0884E-06    688.948
10171.00 0.99853194 1.8669E-32 0.0000E+00 0.0000E+00 7.6213E-10 7.6213E-10 0.0000E+00 0.0000E+00 7.6213E-10 7.07E-06 7.08E-06   0.001 1.0000 7.0885E-06    689.610
10181.00 0.99852896 1.7571E-32 0.0000E+00 0.0000E+00 7.6779E-10 7.6779E-10 0.0000E+00 0.0000E+00 7.6779E-10 7.10E-06 7.11E-06   0.001 1.0000 7.1238E-06    690.432
10191.00 0.99852628 1.6532E-32 0.0000E+00 0.0000E+00 7.7077E-10 7.7077E-10 0.0000E+00 0.0000E+00 7.7077E-10 7.11E-06 7.12E-06   0.001 1.0000 7.1342E-06    691.141
10201.00 0.99851400 1.5658E-32 0.0000E+00 0.0000E+00 7.6596E-10 7.6596E-10 0.0000E+00 0.0000E+00 7.6596E-10 7.05E-06 7.06E-06   0.001 1.0000 7.0727E-06    691.520
10211.00 0.99850953 1.4749E-32 0.0000E+00 0.0000E+00 7.6374E-10 7.6374E-10 0.0000E+00 0.0000E+00 7.6374E-10 7.01E-06 7.02E-06   0.001 1.0000 7.0352E-06    692.007
10221.00 0.99850279 1.3916E-32 0.0000E+00 0.0000E+00 7.6751E-10 7.6751E-10 0.0000E+00 0.0000E+00 7.6751E-10 7.03E-06 7.04E-06   0.001 1.0000 7.0526E-06    692.749
10231.00 0.99850720 1.3032E-32 0.0000E+00 0.0000E+00 7.7306E-10 7.7306E-10 0.0000E+00 0.0000E+00 7.7306E-10 7.07E-06 7.08E-06   0.001 1.0000 7.0865E-06    693.567
10241.00 0.99848896 1.2386E-32 0.0000E+00 0.0000E+00 7.6921E-10 7.6921E-10 0.0000E+00 0.0000E+00 7.6921E-10 7.01E-06 7.02E-06   0.002 1.0000 7.0343E-06    693.985
10251.00 0.99847537 1.1741E-32 0.0000E+00 0.0000E+00 7.8016E-10 7.8016E-10 0.0000E+00 0.0000E+00 7.8016E-10 7.10E-06 7.11E-06   0.002 1.0000 7.1175E-06    695.030
10261.00 0.99847001 1.1067E-32 0.0000E+00 0.0000E+00 7.6918E-10 7.6918E-10 0.0000E+00 0.0000E+00 7.6918E-10 6.98E-06 6.99E-06   0.002 1.0000 7.0004E-06    695.148
10271.00 0.99847949 1.0330E-32 0.0000E+00 0.0000E+00 7.7382E-10 7.7382E-10 0.0000E+00 0.0000E+00 7.7382E-10 7.00E-06 7.01E-06   0.002 1.0000 7.0253E-06    695.927
10281.00 0.99847913 9.7027E-33 0.0000E+00 0.0000E+00 7.8475E-10 7.8475E-10 0.0000E+00 0.0000E+00 7.8475E-10 7.09E-06 7.10E-06   0.002 1.0000 7.1074E-06    696.969
10291.00 0.99847233 9.1548E-33 0.0000E+00 0.0000E+00 7.8800E-10 7.8800E-10 0.0000E+00 0.0000E+00 7.8800E-10 7.10E-06 7.11E-06   0.002 1.0000 7.1198E-06    697.687
10301.00 0.99847251 8.5953E-33 0.0000E+00 0.0000E+00 7.8325E-10 7.8325E-10 0.0000E+00 0.0000E+00 7.8325E-10 7.04E-06 7.05E-06   0.002 1.0000 7.0598E-06    698.070
10311.00 0.99847060 8.0848E-33 0.0000E+00 0.0000E+00 7.9033E-10 7.9033E-10 0.0000E+00 0.0000E+00 7.9033E-10 7.08E-06 7.10E-06   0.002 1.0000 7.1065E-06    698.948
10321.00 0.99846333 7.6270E-33 0.0000E+00 0.0000E+00 7.8966E-10 7.8966E-10 0.0000E+00 0.0000E+00 7.8966E-10 7.06E-06 7.07E-06   0.002 1.0000 7.0834E-06    699.502
10331.00 0.99845099 7.2228E-33 0.0000E+00 0.0000E+00 7.8680E-10 7.8680E-10 0.0000E+00 0.0000E+00 7.8680E-10 7.02E-06 7.03E-06   0.002 1.0000 7.0410E-06    699.964
10341.00 0.99842936 6.8755E-33 0.0000E+00 0.0000E+00 7.9311E-10 7.9311E-10 0.0000E+00 0.0000E+00 7.9311E-10 7.06E-06 7.07E-06   0.002 1.0000 7.0807E-06    700.810
10351.00 0.99842221 6.4909E-33 0.0000E+00 0.0000E+00 7.8012E-10 7.8012E-10 0.0000E+00 0.0000E+00 7.8012E-10 6.93E-06 6.94E-06   0.002 1.0000 6.9482E-06    700.847
10361.00 0.99842447 6.0835E-33 0.0000E+00 0.0000E+00 7.9258E-10 7.9258E-10 0.0000E+00 0.0000E+00 7.9258E-10 7.02E-06 7.03E-06   0.002 1.0000 7.0420E-06    701.952
10371.00 0.99839854 5.8097E-33 0.0000E+00 0.0000E+00 7.9263E-10 7.9263E-10 0.0000E+00 0.0000E+00 7.9263E-10 7.00E-06 7.01E-06   0.002 1.0000 7.0259E-06    702.535
10381.00 0.99841553 5.3980E-33 0.0000E+00 0.0000E+00 7.9500E-10 7.9500E-10 0.0000E+00 0.0000E+00 7.9500E-10 7.01E-06 7.02E-06   0.002 1.0000 7.0297E-06    703.216
10391.00 0.99837548 5.1988E-33 0.0000E+00 0.0000E+00 7.9520E-10 7.9520E-10 0.0000E+00 0.0000E+00 7.9520E-10 6.99E-06 7.00E-06   0.002 1.0000 7.0152E-06    703.806
10401.00 0.99840724 4.7853E-33 0.0000E+00 0.0000E+00 8.0856E-10 8.0856E-10 0.0000E+00 0.0000E+00 8.0856E-10 7.09E-06 7.10E-06   0.002 1.0000 7.1156E-06    704.940
10411.00 0.99838084 4.5708E-33 0.0000E+00 0.0000E+00 7.9831E-10 7.9831E-10 0.0000E+00 0.0000E+00 7.9831E-10 6.99E-06 7.00E-06   0.002 1.0000 7.0090E-06    705.098
10421.00 0.99836075 4.3439E-33 0.0000E+00 0.0000E+00 8.1167E-10 8.1167E-10 0.0000E+00 0.0000E+00 8.1167E-10 7.09E-06 7.10E-06   0.002 1.0000 7.1097E-06    706.232
10431.00 0.99836147 4.0782E-33 0.0000E+00 0.0000E+00 8.1574E-10 8.1574E-10 0.0000E+00 0.0000E+00 8.1574E-10 7.10E-06 7.12E-06   0.002 1.0000 7.1282E-06    706.980
10441.00 0.99837142 3.8081E-33 0.0000E+00 0.0000E+00 8.0666E-10 8.0666E-10 0.0000E+00 0.0000E+00 8.0666E-10 7.01E-06 7.02E-06   0.002 1.0000 7.0319E-06    707.189
10451.00 0.99831873 3.6916E-33 0.0000E+00 0.0000E+00 8.0955E-10 8.0955E-10 0.0000E+00 0.0000E+00 8.0955E-10 7.02E-06 7.03E-06   0.002 1.0000 7.0411E-06    707.890
10461.00 0.99832082 3.4622E-33 0.0000E+00 0.0000E+00 8.0850E-10 8.0850E-10 0.0000E+00 0.0000E+00 8.0850E-10 6.99E-06 7.00E-06   0.002 1.0000 7.0152E-06    708.428
10471.00 0.99829352 3.3032E-33 0.0000E+00 0.0000E+00 7.6798E-10 7.6798E-10 0.0000E+00 0.0000E+00 7.6798E-10 6.62E-06 6.64E-06   0.002 1.0000 6.6482E-06    707.299
10481.00 0.99830616 3.0833E-33 0.0000E+00 0.0000E+00 8.0242E-10 8.0242E-10 0.0000E+00 0.0000E+00 8.0242E-10 6.90E-06 6.92E-06   0.002 1.0000 6.9292E-06    709.339
10491.00 0.99829739 2.9060E-33 0.0000E+00 0.0000E+00 8.1920E-10 8.1920E-10 0.0000E+00 0.0000E+00 8.1920E-10 7.03E-06 7.04E-06   0.002 1.0000 7.0576E-06    710.612
10501.00 0.99816579 2.9429E-33 0.0000E+00 0.0000E+00 8.2680E-10 8.2680E-10 0.0000E+00 0.0000E+00 8.2680E-10 7.08E-06 7.09E-06   0.002 1.0000 7.1082E-06    711.504
10511.00 0.99832010 2.5333E-33 0.0000E+00 0.0000E+00 8.2658E-10 8.2658E-10 0.0000E+00 0.0000E+00 8.2658E-10 7.06E-06 7.07E-06   0.002 1.0000 7.0870E-06    712.076
10521.00 0.99814534 2.6206E-33 0.0000E+00 0.0000E+00 8.2784E-10 8.2784E-10 0.0000E+00 0.0000E+00 8.2784E-10 7.06E-06 7.07E-06   0.002 1.0000 7.0837E-06    712.709
10531.00 0.99815589 2.4536E-33 0.0000E+00 0.0000E+00 8.3569E-10 8.3569E-10 0.0000E+00 0.0000E+00 8.3569E-10 7.11E-06 7.12E-06   0.002 1.0000 7.1337E-06    713.608
10541.00 0.99813014 2.3284E-33 0.0000E+00 0.0000E+00 8.3648E-10 8.3648E-10 0.0000E+00 0.0000E+00 8.3648E-10 7.10E-06 7.11E-06   0.002 1.0000 7.1238E-06    714.221
10551.00 0.99818027 2.1362E-33 0.0000E+00 0.0000E+00 8.3719E-10 8.3719E-10 0.0000E+00 0.0000E+00 8.3719E-10 7.08E-06 7.10E-06   0.002 1.0000 7.1123E-06    714.832
10561.00 0.99817795 2.0028E-33 0.0000E+00 0.0000E+00 8.3488E-10 8.3488E-10 0.0000E+00 0.0000E+00 8.3488E-10 7.05E-06 7.06E-06   0.002 1.0000 7.0759E-06    715.321
10571.00 0.99805611 2.0115E-33 0.0000E+00 0.0000E+00 8.3512E-10 8.3512E-10 0.0000E+00 0.0000E+00 8.3512E-10 7.03E-06 7.05E-06   0.002 1.0000 7.0632E-06    715.912
10581.00 0.99817771 1.7667E-33 0.0000E+00 0.0000E+00 8.3080E-10 8.3080E-10 0.0000E+00 0.0000E+00 8.3080E-10 6.98E-06 6.99E-06   0.002 1.0000 7.0083E-06    716.319
10591.00 0.99787176 1.9423E-33 0.0000E+00 0.0000E+00 8.2225E-10 8.2225E-10 0.0000E+00 0.0000E+00 8.2225E-10 6.89E-06 6.91E-06   0.002 1.0000 6.9242E-06    716.551
10601.00 0.99789762 1.7952E-33 0.0000E+00 0.0000E+00 8.3452E-10 8.3452E-10 0.0000E+00 0.0000E+00 8.3452E-10 6.98E-06 6.99E-06   0.002 1.0000 7.0103E-06    717.632
10611.00 0.99805242 1.5704E-33 0.0000E+00 0.0000E+00 8.3568E-10 8.3568E-10 0.0000E+00 0.0000E+00 8.3568E-10 6.97E-06 6.99E-06   0.002 1.0000 7.0013E-06    718.260
10621.00 0.99818850 1.3678E-33 0.0000E+00 0.0000E+00 8.0071E-10 8.0071E-10 0.0000E+00 0.0000E+00 8.0071E-10 6.66E-06 6.68E-06   0.002 1.0000 6.6904E-06    717.399
10631.00 0.99821460 1.2663E-33 0.0000E+00 0.0000E+00 8.3079E-10 8.3079E-10 0.0000E+00 0.0000E+00 8.3079E-10 6.90E-06 6.91E-06   0.002 1.0000 6.9249E-06    719.225
10641.00 0.99824864 1.1665E-33 0.0000E+00 0.0000E+00 8.5002E-10 8.5002E-10 0.0000E+00 0.0000E+00 8.5002E-10 7.04E-06 7.05E-06   0.002 1.0000 7.0679E-06    720.581
10651.00 0.99806130 1.2103E-33 0.0000E+00 0.0000E+00 8.5389E-10 8.5389E-10 0.0000E+00 0.0000E+00 8.5389E-10 7.06E-06 7.07E-06   0.002 1.0000 7.0860E-06    721.317
10661.00 0.99782926 1.2747E-33 0.0000E+00 0.0000E+00 8.5882E-10 8.5882E-10 0.0000E+00 0.0000E+00 8.5882E-10 7.08E-06 7.10E-06   0.002 1.0000 7.1135E-06    722.094
10671.00 0.99787641 1.1726E-33 0.0000E+00 0.0000E+00 8.5995E-10 8.5995E-10 0.0000E+00 0.0000E+00 8.5995E-10 7.07E-06 7.09E-06   0.002 1.0000 7.1053E-06    722.720
10681.00 0.99792826 1.0708E-33 0.0000E+00 0.0000E+00 8.5258E-10 8.5258E-10 0.0000E+00 0.0000E+00 8.5258E-10 7.00E-06 7.01E-06   0.002 1.0000 7.0271E-06    723.009
10691.00 0.99795020 9.9821E-34 0.0000E+00 0.0000E+00 8.5736E-10 8.5736E-10 0.0000E+00 0.0000E+00 8.5736E-10 7.02E-06 7.03E-06   0.002 1.0000 7.0496E-06    723.781
10701.00 0.99772936 1.0382E-33 0.0000E+00 0.0000E+00 8.6785E-10 8.6785E-10 0.0000E+00 0.0000E+00 8.6785E-10 7.09E-06 7.10E-06   0.002 1.0000 7.1224E-06    724.777
10711.00 0.99805087 8.3675E-34 0.0000E+00 0.0000E+00 8.7140E-10 8.7140E-10 0.0000E+00 0.0000E+00 8.7140E-10 7.10E-06 7.11E-06   0.002 1.0000 7.1299E-06    725.498
10721.00 0.99811506 7.5921E-34 0.0000E+00 0.0000E+00 8.7149E-10 8.7149E-10 0.0000E+00 0.0000E+00 8.7149E-10 7.08E-06 7.10E-06   0.002 1.0000 7.1129E-06    726.083
10731.00 0.99812460 7.0966E-34 0.0000E+00 0.0000E+00 8.6946E-10 8.6946E-10 0.0000E+00 0.0000E+00 8.6946E-10 7.05E-06 7.06E-06   0.002 1.0000 7.0795E-06    726.585
10741.00 0.99820930 6.3634E-34 0.0000E+00 0.0000E+00 8.7648E-10 8.7648E-10 0.0000E+00 0.0000E+00 8.7648E-10 7.09E-06 7.10E-06   0.002 1.0000 7.1186E-06    727.441
10751.00 0.99825370 5.8263E-34 0.0000E+00 0.0000E+00 8.7514E-10 8.7514E-10 0.0000E+00 0.0000E+00 8.7514E-10 7.06E-06 7.08E-06   0.002 1.0000 7.0904E-06    727.970
10761.00 0.99826664 5.4311E-34 0.0000E+00 0.0000E+00 8.7036E-10 8.7036E-10 0.0000E+00 0.0000E+00 8.7036E-10 7.01E-06 7.02E-06   0.002 1.0000 7.0349E-06    728.364
10771.00 0.99825662 5.1288E-34 0.0000E+00 0.0000E+00 8.8422E-10 8.8422E-10 0.0000E+00 0.0000E+00 8.8422E-10 7.10E-06 7.12E-06   0.002 1.0000 7.1304E-06    729.488
10781.00 0.99826294 4.8001E-34 0.0000E+00 0.0000E+00 8.8758E-10 8.8758E-10 0.0000E+00 0.0000E+00 8.8758E-10 7.12E-06 7.13E-06   0.002 1.0000 7.1406E-06    730.200
10791.00 0.99826443 4.5030E-34 0.0000E+00 0.0000E+00 8.7200E-10 8.7200E-10 0.0000E+00 0.0000E+00 8.7200E-10 6.97E-06 6.99E-06   0.002 1.0000 6.9990E-06    730.173
10801.00 0.99825841 4.2437E-34 0.0000E+00 0.0000E+00 8.5196E-10 8.5196E-10 0.0000E+00 0.0000E+00 8.5196E-10 6.80E-06 6.81E-06   0.002 1.0000 6.8221E-06    729.956
10811.00 0.99824953 4.0056E-34 0.0000E+00 0.0000E+00 8.7421E-10 8.7421E-10 0.0000E+00 0.0000E+00 8.7421E-10 6.96E-06 6.97E-06   0.002 1.0000 6.9842E-06    731.422
10821.00 0.99824870 3.7630E-34 0.0000E+00 0.0000E+00 8.6887E-10 8.6887E-10 0.0000E+00 0.0000E+00 8.6887E-10 6.90E-06 6.91E-06   0.002 1.0000 6.9254E-06    731.792
10831.00 0.99824661 3.5381E-34 0.0000E+00 0.0000E+00 8.3717E-10 8.3717E-10 0.0000E+00 0.0000E+00 8.3717E-10 6.63E-06 6.65E-06   0.002 1.0000 6.6572E-06    731.096
10841.00 0.99824208 3.3309E-34 0.0000E+00 0.0000E+00 8.6808E-10 8.6808E-10 0.0000E+00 0.0000E+00 8.6808E-10 6.86E-06 6.87E-06   0.002 1.0000 6.8867E-06    732.922
10851.00 0.99823505 3.1408E-34 0.0000E+00 0.0000E+00 8.6450E-10 8.6450E-10 0.0000E+00 0.0000E+00 8.6450E-10 6.82E-06 6.83E-06   0.002 1.0000 6.8426E-06    733.361
10861.00 0.99823660 2.9466E-34 0.0000E+00 0.0000E+00 8.8527E-10 8.8527E-10 0.0000E+00 0.0000E+00 8.8527E-10 6.97E-06 6.98E-06   0.002 1.0000 6.9906E-06    734.761
10871.00 0.99822599 2.7835E-34 0.0000E+00 0.0000E+00 9.0005E-10 9.0005E-10 0.0000E+00 0.0000E+00 9.0005E-10 7.07E-06 7.08E-06   0.002 1.0000 7.0910E-06    735.915
10881.00 0.99821901 2.6239E-34 0.0000E+00 0.0000E+00 9.0738E-10 9.0738E-10 0.0000E+00 0.0000E+00 9.0738E-10 7.11E-06 7.12E-06   0.002 1.0000 7.1322E-06    736.777
10891.00 0.99820125 2.4884E-34 0.0000E+00 0.0000E+00 9.0368E-10 9.0368E-10 0.0000E+00 0.0000E+00 9.0368E-10 7.06E-06 7.07E-06   0.002 1.0000 7.0869E-06    737.217
10901.00 0.99819672 2.3436E-34 0.0000E+00 0.0000E+00 8.9850E-10 8.9850E-10 0.0000E+00 0.0000E+00 8.9850E-10 7.00E-06 7.02E-06   0.002 1.0000 7.0299E-06    737.599
10911.00 0.99820089 2.1948E-34 0.0000E+00 0.0000E+00 9.1173E-10 9.1173E-10 0.0000E+00 0.0000E+00 9.1173E-10 7.09E-06 7.10E-06   0.002 1.0000 7.1167E-06    738.688
10921.00 0.99816823 2.0990E-34 0.0000E+00 0.0000E+00 9.1698E-10 9.1698E-10 0.0000E+00 0.0000E+00 9.1698E-10 7.11E-06 7.13E-06   0.002 1.0000 7.1418E-06    739.469
10931.00 0.99819422 1.9432E-34 0.0000E+00 0.0000E+00 9.0844E-10 9.0844E-10 0.0000E+00 0.0000E+00 9.0844E-10 7.03E-06 7.05E-06   0.002 1.0000 7.0585E-06    739.725
10941.00 0.99815911 1.8595E-34 0.0000E+00 0.0000E+00 9.2610E-10 9.2610E-10 0.0000E+00 0.0000E+00 9.2610E-10 7.15E-06 7.17E-06   0.002 1.0000 7.1797E-06    740.977
10951.00 0.99815750 1.7484E-34 0.0000E+00 0.0000E+00 9.3306E-10 9.3306E-10 0.0000E+00 0.0000E+00 9.3306E-10 7.19E-06 7.20E-06   0.002 1.0000 7.2169E-06    741.820
10961.00 0.99815506 1.6434E-34 0.0000E+00 0.0000E+00 9.1380E-10 9.1380E-10 0.0000E+00 0.0000E+00 9.1380E-10 7.02E-06 7.04E-06   0.002 1.0000 7.0517E-06    741.673
10971.00 0.99815989 1.5395E-34 0.0000E+00 0.0000E+00 9.0517E-10 9.0517E-10 0.0000E+00 0.0000E+00 9.0517E-10 6.94E-06 6.96E-06   0.002 1.0000 6.9688E-06    741.923
10981.00 0.99813962 1.4613E-34 0.0000E+00 0.0000E+00 9.2233E-10 9.2233E-10 0.0000E+00 0.0000E+00 9.2233E-10 7.06E-06 7.07E-06   0.002 1.0000 7.0849E-06    743.160
10991.00 0.99813479 1.3761E-34 0.0000E+00 0.0000E+00 9.0780E-10 9.0780E-10 0.0000E+00 0.0000E+00 9.0780E-10 6.93E-06 6.94E-06   0.002 1.0000 6.9574E-06    743.187
11001.00 0.99811774 1.3037E-34 0.0000E+00 0.0000E+00 8.9865E-10 8.9865E-10 0.0000E+00 0.0000E+00 8.9865E-10 6.84E-06 6.86E-06   0.002 1.0000 6.8715E-06    743.413
11011.00 0.99810702 1.2314E-34 0.0000E+00 0.0000E+00 9.1923E-10 9.1923E-10 0.0000E+00 0.0000E+00 9.1923E-10 6.99E-06 7.00E-06   0.002 1.0000 7.0129E-06    744.786
11021.00 0.99808532 1.1695E-34 0.0000E+00 0.0000E+00 9.4052E-10 9.4052E-10 0.0000E+00 0.0000E+00 9.4052E-10 7.13E-06 7.14E-06   0.002 1.0000 7.1591E-06    746.170
11031.00 0.99810749 1.0855E-34 0.0000E+00 0.0000E+00 9.2113E-10 9.2113E-10 0.0000E+00 0.0000E+00 9.2113E-10 6.97E-06 6.98E-06   0.002 1.0000 6.9952E-06    746.020
11041.00 0.99810493 1.0207E-34 0.0000E+00 0.0000E+00 9.4562E-10 9.4562E-10 0.0000E+00 0.0000E+00 9.4562E-10 7.14E-06 7.15E-06   0.002 1.0000 7.1647E-06    747.523
11051.00 0.99809670 9.6260E-35 0.0000E+00 0.0000E+00 9.5410E-10 9.5410E-10 0.0000E+00 0.0000E+00 9.5410E-10 7.18E-06 7.20E-06   0.002 1.0000 7.2125E-06    748.419
11061.00 0.99808872 9.0763E-35 0.0000E+00 0.0000E+00 9.5450E-10 9.5450E-10 0.0000E+00 0.0000E+00 9.5450E-10 7.17E-06 7.18E-06   0.002 1.0000 7.1991E-06    749.015
11071.00 0.99805933 8.6521E-35 0.0000E+00 0.0000E+00 9.4757E-10 9.4757E-10 0.0000E+00 0.0000E+00 9.4757E-10 7.10E-06 7.12E-06   0.002 1.0000 7.1309E-06    749.340
11081.00 0.99802357 8.2757E-35 0.0000E+00 0.0000E+00 9.2259E-10 9.2259E-10 0.0000E+00 0.0000E+00 9.2259E-10 6.90E-06 6.91E-06   0.002 1.0000 6.9276E-06    748.980
11091.00 0.99802363 7.7727E-35 0.0000E+00 0.0000E+00 8.8644E-10 8.8644E-10 0.0000E+00 0.0000E+00 8.8644E-10 6.61E-06 6.63E-06   0.002 1.0000 6.6409E-06    748.155
11101.00 0.99802130 7.3046E-35 0.0000E+00 0.0000E+00 9.2771E-10 9.2771E-10 0.0000E+00 0.0000E+00 9.2771E-10 6.90E-06 6.92E-06   0.002 1.0000 6.9341E-06    750.336
11111.00 0.99800992 6.9004E-35 0.0000E+00 0.0000E+00 9.3670E-10 9.3670E-10 0.0000E+00 0.0000E+00 9.3670E-10 6.96E-06 6.97E-06   0.002 1.0000 6.9855E-06    751.257
11121.00 0.99798012 6.5760E-35 0.0000E+00 0.0000E+00 9.6141E-10 9.6141E-10 0.0000E+00 0.0000E+00 9.6141E-10 7.12E-06 7.14E-06   0.002 1.0000 7.1540E-06    752.758
11131.00 0.99800849 6.0886E-35 0.0000E+00 0.0000E+00 9.6342E-10 9.6342E-10 0.0000E+00 0.0000E+00 9.6342E-10 7.12E-06 7.14E-06   0.002 1.0000 7.1521E-06    753.414
11141.00 0.99801350 5.7024E-35 0.0000E+00 0.0000E+00 9.5971E-10 9.5971E-10 0.0000E+00 0.0000E+00 9.5971E-10 7.08E-06 7.09E-06   0.002 1.0000 7.1081E-06    753.858
11151.00 0.99801052 5.3624E-35 0.0000E+00 0.0000E+00 9.6152E-10 9.6152E-10 0.0000E+00 0.0000E+00 9.6152E-10 7.07E-06 7.09E-06   0.002 1.0000 7.1052E-06    754.506
11161.00 0.99801850 5.0150E-35 0.0000E+00 0.0000E+00 9.8111E-10 9.8111E-10 0.0000E+00 0.0000E+00 9.8111E-10 7.20E-06 7.22E-06   0.002 1.0000 7.2334E-06    755.804
11171.00 0.99802333 4.6977E-35 0.0000E+00 0.0000E+00 9.5804E-10 9.5804E-10 0.0000E+00 0.0000E+00 9.5804E-10 7.02E-06 7.03E-06   0.002 1.0000 7.0471E-06    755.540
11181.00 0.99802697 4.4028E-35 0.0000E+00 0.0000E+00 9.6189E-10 9.6189E-10 0.0000E+00 0.0000E+00 9.6189E-10 7.03E-06 7.04E-06   0.002 1.0000 7.0589E-06    756.263
11191.00 0.99802631 4.1357E-35 0.0000E+00 0.0000E+00 9.7471E-10 9.7471E-10 0.0000E+00 0.0000E+00 9.7471E-10 7.11E-06 7.12E-06   0.002 1.0000 7.1368E-06    757.315
11201.00 0.99802589 3.8843E-35 0.0000E+00 0.0000E+00 9.5530E-10 9.5530E-10 0.0000E+00 0.0000E+00 9.5530E-10 6.95E-06 6.96E-06   0.002 1.0000 6.9786E-06    757.180
11211.00 0.99802309 3.6522E-35 0.0000E+00 0.0000E+00 9.7749E-10 9.7749E-10 0.0000E+00 0.0000E+00 9.7749E-10 7.09E-06 7.11E-06   0.002 1.0000 7.1244E-06    758.579
11221.00 0.99801964 3.4354E-35 0.0000E+00 0.0000E+00 9.8476E-10 9.8476E-10 0.0000E+00 0.0000E+00 9.8476E-10 7.13E-06 7.15E-06   0.002 1.0000 7.1611E-06    759.425
11231.00 0.99801421 3.2346E-35 0.0000E+00 0.0000E+00 9.9397E-10 9.9397E-10 0.0000E+00 0.0000E+00 9.9397E-10 7.18E-06 7.20E-06   0.002 1.0000 7.2119E-06    760.339
11241.00 0.99800932 3.0446E-35 0.0000E+00 0.0000E+00 9.8652E-10 9.8652E-10 0.0000E+00 0.0000E+00 9.8652E-10 7.11E-06 7.13E-06   0.002 1.0000 7.1417E-06    760.652
11251.00 0.99800521 2.8646E-35 0.0000E+00 0.0000E+00 9.9127E-10 9.9127E-10 0.0000E+00 0.0000E+00 9.9127E-10 7.13E-06 7.14E-06   0.002 1.0000 7.1598E-06    761.404
11261.00 0.99800140 2.6950E-35 0.0000E+00 0.0000E+00 9.8531E-10 9.8531E-10 0.0000E+00 0.0000E+00 9.8531E-10 7.07E-06 7.08E-06   0.002 1.0000 7.1006E-06    761.770
11271.00 0.99799848 2.5342E-35 0.0000E+00 0.0000E+00 9.6954E-10 9.6954E-10 0.0000E+00 0.0000E+00 9.6954E-10 6.94E-06 6.96E-06   0.002 1.0000 6.9712E-06    761.773
11281.00 0.99799556 2.3832E-35 0.0000E+00 0.0000E+00 9.3955E-10 9.3955E-10 0.0000E+00 0.0000E+00 9.3955E-10 6.71E-06 6.73E-06   0.002 1.0000 6.7401E-06    761.230
11291.00 0.99799317 2.2402E-35 0.0000E+00 0.0000E+00 9.9590E-10 9.9590E-10 0.0000E+00 0.0000E+00 9.9590E-10 7.10E-06 7.11E-06   0.002 1.0000 7.1282E-06    763.896
11301.00 0.99799180 2.1049E-35 0.0000E+00 0.0000E+00 9.9884E-10 9.9884E-10 0.0000E+00 0.0000E+00 9.9884E-10 7.10E-06 7.12E-06   0.002 1.0000 7.1331E-06    764.584
11311.00 0.99798995 1.9782E-35 0.0000E+00 0.0000E+00 9.8756E-10 9.8756E-10 0.0000E+00 0.0000E+00 9.8756E-10 7.01E-06 7.02E-06   0.002 1.0000 7.0365E-06    764.756
11321.00 0.99798793 1.8594E-35 0.0000E+00 0.0000E+00 1.0019E-09 1.0019E-09 0.0000E+00 0.0000E+00 1.0019E-09 7.09E-06 7.11E-06   0.002 1.0000 7.1226E-06    765.856
11331.00 0.99798566 1.7479E-35 0.0000E+00 0.0000E+00 9.8334E-10 9.8334E-10 0.0000E+00 0.0000E+00 9.8334E-10 6.95E-06 6.96E-06   0.002 1.0000 6.9746E-06    765.764
11341.00 0.99798310 1.6432E-35 0.0000E+00 0.0000E+00 1.0021E-09 1.0021E-09 0.0000E+00 0.0000E+00 1.0021E-09 7.06E-06 7.08E-06   0.002 1.0000 7.0920E-06    767.026
11351.00 0.99798018 1.5451E-35 0.0000E+00 0.0000E+00 9.4958E-10 9.4958E-10 0.0000E+00 0.0000E+00 9.4958E-10 6.68E-06 6.69E-06   0.002 1.0000 6.7048E-06    765.669
11361.00 0.99797666 1.4533E-35 0.0000E+00 0.0000E+00 1.0062E-09 1.0062E-09 0.0000E+00 0.0000E+00 1.0062E-09 7.06E-06 7.07E-06   0.002 1.0000 7.0885E-06    768.334
11371.00 0.99797285 1.3671E-35 0.0000E+00 0.0000E+00 9.9505E-10 9.9505E-10 0.0000E+00 0.0000E+00 9.9505E-10 6.96E-06 6.98E-06   0.002 1.0000 6.9944E-06    768.513
11381.00 0.99796897 1.2862E-35 0.0000E+00 0.0000E+00 1.0212E-09 1.0212E-09 0.0000E+00 0.0000E+00 1.0212E-09 7.13E-06 7.15E-06   0.002 1.0000 7.1623E-06    770.032
11391.00 0.99796456 1.2101E-35 0.0000E+00 0.0000E+00 1.0148E-09 1.0148E-09 0.0000E+00 0.0000E+00 1.0148E-09 7.07E-06 7.09E-06   0.002 1.0000 7.1013E-06    770.385
11401.00 0.99795997 1.1389E-35 0.0000E+00 0.0000E+00 1.0197E-09 1.0197E-09 0.0000E+00 0.0000E+00 1.0197E-09 7.09E-06 7.10E-06   0.002 1.0000 7.1195E-06    771.141
11411.00 0.99795473 1.0721E-35 0.0000E+00 0.0000E+00 1.0178E-09 1.0178E-09 0.0000E+00 0.0000E+00 1.0178E-09 7.06E-06 7.07E-06   0.002 1.0000 7.0904E-06    771.654
11421.00 0.99794924 1.0093E-35 0.0000E+00 0.0000E+00 9.8963E-10 9.8963E-10 0.0000E+00 0.0000E+00 9.8963E-10 6.85E-06 6.86E-06   0.002 1.0000 6.8786E-06    771.217
11431.00 0.99794346 9.4920E-36 0.0000E+00 0.0000E+00 1.0078E-09 1.0078E-09 0.0000E+00 0.0000E+00 1.0078E-09 6.96E-06 6.97E-06   0.002 1.0000 6.9893E-06    772.457
11441.00 0.99793702 8.9406E-36 0.0000E+00 0.0000E+00 1.0157E-09 1.0157E-09 0.0000E+00 0.0000E+00 1.0157E-09 7.00E-06 7.01E-06   0.002 1.0000 7.0284E-06    773.321
11451.00 0.99792999 8.4121E-36 0.0000E+00 0.0000E+00 1.0263E-09 1.0263E-09 0.0000E+00 0.0000E+00 1.0263E-09 7.06E-06 7.07E-06   0.002 1.0000 7.0859E-06    774.280
11461.00 0.99792194 7.9287E-36 0.0000E+00 0.0000E+00 1.0402E-09 1.0402E-09 0.0000E+00 0.0000E+00 1.0402E-09 7.13E-06 7.15E-06   0.002 1.0000 7.1660E-06    775.352
11471.00 0.99791306 7.4763E-36 0.0000E+00 0.0000E+00 1.0252E-09 1.0252E-09 0.0000E+00 0.0000E+00 1.0252E-09 7.02E-06 7.03E-06   0.002 1.0000 7.0465E-06    775.400
11481.00 0.99790388 7.0502E-36 0.0000E+00 0.0000E+00 1.0335E-09 1.0335E-09 0.0000E+00 0.0000E+00 1.0335E-09 7.06E-06 7.07E-06   0.002 1.0000 7.0883E-06    776.277
11491.00 0.99789619 6.6445E-36 0.0000E+00 0.0000E+00 1.0348E-09 1.0348E-09 0.0000E+00 0.0000E+00 1.0348E-09 7.05E-06 7.06E-06   0.002 1.0000 7.0811E-06    776.902
11501.00 0.99788588 6.2686E-36 0.0000E+00 0.0000E+00 1.0120E-09 1.0120E-09 0.0000E+00 0.0000E+00 1.0120E-09 6.88E-06 6.89E-06   0.002 1.0000 6.9103E-06    776.672
11511.00 0.99787867 5.9064E-36 0.0000E+00 0.0000E+00 1.0079E-09 1.0079E-09 0.0000E+00 0.0000E+00 1.0079E-09 6.84E-06 6.85E-06   0.002 1.0000 6.8667E-06    777.105
11521.00 0.99786991 5.5681E-36 0.0000E+00 0.0000E+00 1.0139E-09 1.0139E-09 0.0000E+00 0.0000E+00 1.0139E-09 6.86E-06 6.88E-06   0.002 1.0000 6.8922E-06    777.899
11531.00 0.99785864 5.2553E-36 0.0000E+00 0.0000E+00 9.7820E-10 9.7820E-10 0.0000E+00 0.0000E+00 9.7820E-10 6.60E-06 6.62E-06   0.002 1.0000 6.6351E-06    777.172
11541.00 0.99784690 4.9613E-36 0.0000E+00 0.0000E+00 7.7977E-10 7.7977E-10 0.0000E+00 0.0000E+00 7.7977E-10 5.25E-06 5.26E-06   0.002 1.0000 5.2774E-06    769.580
11551.00 0.99783450 4.6851E-36 0.0000E+00 0.0000E+00 9.9371E-10 9.9371E-10 0.0000E+00 0.0000E+00 9.9371E-10 6.68E-06 6.69E-06   0.002 1.0000 6.7102E-06    778.905
11561.00 0.99782145 4.4254E-36 0.0000E+00 0.0000E+00 1.0460E-09 1.0460E-09 0.0000E+00 0.0000E+00 1.0460E-09 7.02E-06 7.03E-06   0.002 1.0000 7.0485E-06    781.364
11571.00 0.99780643 4.1835E-36 0.0000E+00 0.0000E+00 1.0676E-09 1.0676E-09 0.0000E+00 0.0000E+00 1.0676E-09 7.14E-06 7.16E-06   0.002 1.0000 7.1778E-06    782.693
11581.00 0.99779022 3.9572E-36 0.0000E+00 0.0000E+00 1.0630E-09 1.0630E-09 0.0000E+00 0.0000E+00 1.0630E-09 7.10E-06 7.11E-06   0.002 1.0000 7.1315E-06    783.116
11591.00 0.99777442 3.7419E-36 0.0000E+00 0.0000E+00 1.0657E-09 1.0657E-09 0.0000E+00 0.0000E+00 1.0657E-09 7.10E-06 7.12E-06   0.002 1.0000 7.1338E-06    783.789
11601.00 0.99775904 3.5374E-36 0.0000E+00 0.0000E+00 1.0506E-09 1.0506E-09 0.0000E+00 0.0000E+00 1.0506E-09 6.98E-06 7.00E-06   0.002 1.0000 7.0173E-06    783.844
11611.00 0.99774349 3.3444E-36 0.0000E+00 0.0000E+00 1.0514E-09 1.0514E-09 0.0000E+00 0.0000E+00 1.0514E-09 6.97E-06 6.99E-06   0.002 1.0000 7.0074E-06    784.453
11621.00 0.99772650 3.1636E-36 0.0000E+00 0.0000E+00 1.0640E-09 1.0640E-09 0.0000E+00 0.0000E+00 1.0640E-09 7.04E-06 7.06E-06   0.002 1.0000 7.0763E-06    785.474
11631.00 0.99770880 2.9934E-36 0.0000E+00 0.0000E+00 1.0588E-09 1.0588E-09 0.0000E+00 0.0000E+00 1.0588E-09 6.99E-06 7.01E-06   0.002 1.0000 7.0263E-06    785.873
11641.00 0.99769193 2.8313E-36 0.0000E+00 0.0000E+00 1.0594E-09 1.0594E-09 0.0000E+00 0.0000E+00 1.0594E-09 6.98E-06 7.00E-06   0.002 1.0000 7.0154E-06    786.476
11651.00 0.99767697 2.6754E-36 0.0000E+00 0.0000E+00 1.0617E-09 1.0617E-09 0.0000E+00 0.0000E+00 1.0617E-09 6.98E-06 7.00E-06   0.002 1.0000 7.0154E-06    787.137
11661.00 0.99766350 2.5265E-36 0.0000E+00 0.0000E+00 1.0830E-09 1.0830E-09 0.0000E+00 0.0000E+00 1.0830E-09 7.10E-06 7.12E-06   0.002 1.0000 7.1406E-06    788.452
11671.00 0.99765098 2.3848E-36 0.0000E+00 0.0000E+00 1.0871E-09 1.0871E-09 0.0000E+00 0.0000E+00 1.0871E-09 7.11E-06 7.13E-06   0.002 1.0000 7.1519E-06    789.173
11681.00 0.99763906 2.2504E-36 0.0000E+00 0.0000E+00 1.0716E-09 1.0716E-09 0.0000E+00 0.0000E+00 1.0716E-09 7.00E-06 7.01E-06   0.002 1.0000 7.0342E-06    789.219
11691.00 0.99762809 2.1228E-36 0.0000E+00 0.0000E+00 1.0405E-09 1.0405E-09 0.0000E+00 0.0000E+00 1.0405E-09 6.78E-06 6.79E-06   0.002 1.0000 6.8153E-06    788.709
11701.00 0.99761808 2.0014E-36 0.0000E+00 0.0000E+00 7.8106E-10 7.8106E-10 0.0000E+00 0.0000E+00 7.8106E-10 5.08E-06 5.09E-06   0.002 1.0000 5.1054E-06    778.817
11711.00 0.99761003 1.8853E-36 0.0000E+00 0.0000E+00 9.3514E-10 9.3514E-10 0.0000E+00 0.0000E+00 9.3514E-10 6.06E-06 6.08E-06   0.002 1.0000 6.0975E-06    785.936
11721.00 0.99760580 1.7733E-36 0.0000E+00 0.0000E+00 1.0665E-09 1.0665E-09 0.0000E+00 0.0000E+00 1.0665E-09 6.90E-06 6.92E-06   0.002 1.0000 6.9393E-06    791.363
11731.00 0.99760509 1.6654E-36 0.0000E+00 0.0000E+00 1.0857E-09 1.0857E-09 0.0000E+00 0.0000E+00 1.0857E-09 7.01E-06 7.03E-06   0.002 1.0000 7.0489E-06    792.608
11741.00 0.99760842 1.5615E-36 0.0000E+00 0.0000E+00 1.0563E-09 1.0563E-09 0.0000E+00 0.0000E+00 1.0563E-09 6.81E-06 6.82E-06   0.002 1.0000 6.8430E-06    792.169
11751.00 0.99761516 1.4619E-36 0.0000E+00 0.0000E+00 1.0954E-09 1.0954E-09 0.0000E+00 0.0000E+00 1.0954E-09 7.04E-06 7.06E-06   0.002 1.0000 7.0799E-06    794.099
11761.00 0.99762356 1.3677E-36 0.0000E+00 0.0000E+00 9.7235E-10 9.7235E-10 0.0000E+00 0.0000E+00 9.7235E-10 6.24E-06 6.25E-06   0.002 1.0000 6.2711E-06    790.259
11771.00 0.99763167 1.2797E-36 0.0000E+00 0.0000E+00 1.0452E-09 1.0452E-09 0.0000E+00 0.0000E+00 1.0452E-09 6.69E-06 6.71E-06   0.002 1.0000 6.7248E-06    793.512
11781.00 0.99763888 1.1864E-36 0.0000E+00 0.0000E+00 1.1122E-09 1.1122E-09 0.0000E+00 0.0000E+00 1.1122E-09 7.10E-06 7.12E-06   0.002 1.0000 7.1404E-06    796.410
11791.00 0.99764556 1.1108E-36 0.0000E+00 0.0000E+00 1.1141E-09 1.1141E-09 0.0000E+00 0.0000E+00 1.1141E-09 7.10E-06 7.12E-06   0.002 1.0000 7.1364E-06    797.054
11801.00 0.99765086 1.0293E-36 0.0000E+00 0.0000E+00 1.0915E-09 1.0915E-09 0.0000E+00 0.0000E+00 1.0915E-09 6.94E-06 6.96E-06   0.002 1.0000 6.9763E-06    796.868
11811.00 0.99765444 9.6485E-37 0.0000E+00 0.0000E+00 1.0976E-09 1.0976E-09 0.0000E+00 0.0000E+00 1.0976E-09 6.96E-06 6.98E-06   0.002 1.0000 7.0000E-06    797.660
11821.00 0.99765706 9.0488E-37 0.0000E+00 0.0000E+00 1.1180E-09 1.1180E-09 0.0000E+00 0.0000E+00 1.1180E-09 7.08E-06 7.09E-06   0.002 1.0000 7.1140E-06    798.929
11831.00 0.99765897 8.4885E-37 0.0000E+00 0.0000E+00 1.1184E-09 1.1184E-09 0.0000E+00 0.0000E+00 1.1184E-09 7.06E-06 7.08E-06   0.002 1.0000 7.1007E-06    799.521
11841.00 0.99765992 7.9661E-37 0.0000E+00 0.0000E+00 1.1086E-09 1.1086E-09 0.0000E+00 0.0000E+00 1.1086E-09 6.99E-06 7.00E-06   0.002 1.0000 7.0230E-06    799.772
11851.00 0.99765933 7.4806E-37 0.0000E+00 0.0000E+00 1.0980E-09 1.0980E-09 0.0000E+00 0.0000E+00 1.0980E-09 6.91E-06 6.92E-06   0.002 1.0000 6.9407E-06    799.994
11861.00 0.99765801 7.0269E-37 0.0000E+00 0.0000E+00 1.1220E-09 1.1220E-09 0.0000E+00 0.0000E+00 1.1220E-09 7.04E-06 7.06E-06   0.002 1.0000 7.0767E-06    801.385
11871.00 0.99765575 6.6036E-37 0.0000E+00 0.0000E+00 1.1157E-09 1.1157E-09 0.0000E+00 0.0000E+00 1.1157E-09 6.99E-06 7.00E-06   0.002 1.0000 7.0212E-06    801.752
11881.00 0.99765229 6.2091E-37 0.0000E+00 0.0000E+00 1.1283E-09 1.1283E-09 0.0000E+00 0.0000E+00 1.1283E-09 7.05E-06 7.07E-06   0.002 1.0000 7.0855E-06    802.758
11891.00 0.99764901 5.7237E-37 0.0000E+00 0.0000E+00 1.1404E-09 1.1404E-09 0.0000E+00 0.0000E+00 1.1404E-09 7.11E-06 7.13E-06   0.002 1.0000 7.1453E-06    803.739
11901.00 0.99764615 5.3801E-37 0.0000E+00 0.0000E+00 1.1345E-09 1.1345E-09 0.0000E+00 0.0000E+00 1.1345E-09 7.06E-06 7.07E-06   0.002 1.0000 7.0928E-06    804.123
11911.00 0.99764186 4.9492E-37 0.0000E+00 0.0000E+00 1.1316E-09 1.1316E-09 0.0000E+00 0.0000E+00 1.1316E-09 7.02E-06 7.04E-06   0.002 1.0000 7.0600E-06    804.610
11921.00 0.99763650 4.6571E-37 0.0000E+00 0.0000E+00 1.1007E-09 1.1007E-09 0.0000E+00 0.0000E+00 1.1007E-09 6.82E-06 6.83E-06   0.002 1.0000 6.8519E-06    804.144
11931.00 0.99763143 4.3814E-37 0.0000E+00 0.0000E+00 1.1419E-09 1.1419E-09 0.0000E+00 0.0000E+00 1.1419E-09 7.06E-06 7.07E-06   0.002 1.0000 7.0928E-06    806.112
11941.00 0.99762535 4.1243E-37 0.0000E+00 0.0000E+00 1.1520E-09 1.1520E-09 0.0000E+00 0.0000E+00 1.1520E-09 7.10E-06 7.12E-06   0.002 1.0000 7.1401E-06    807.026
11951.00 0.99761915 3.8821E-37 0.0000E+00 0.0000E+00 1.1390E-09 1.1390E-09 0.0000E+00 0.0000E+00 1.1390E-09 7.01E-06 7.02E-06   0.002 1.0000 7.0443E-06    807.177
11961.00 0.99761224 3.5430E-37 0.0000E+00 0.0000E+00 1.1518E-09 1.1518E-09 0.0000E+00 0.0000E+00 1.1518E-09 7.07E-06 7.09E-06   0.002 1.0000 7.1078E-06    808.180
11971.00 0.99760616 3.2197E-37 0.0000E+00 0.0000E+00 1.1515E-09 1.1515E-09 0.0000E+00 0.0000E+00 1.1515E-09 7.05E-06 7.07E-06   0.002 1.0000 7.0906E-06    808.751
11981.00 0.99759936 3.0302E-37 0.0000E+00 0.0000E+00 1.1339E-09 1.1339E-09 0.0000E+00 0.0000E+00 1.1339E-09 6.93E-06 6.95E-06   0.002 1.0000 6.9668E-06    808.745
11991.00 0.99758941 2.8579E-37 0.0000E+00 0.0000E+00 1.1385E-09 1.1385E-09 0.0000E+00 0.0000E+00 1.1385E-09 6.94E-06 6.96E-06   0.002 1.0000 6.9804E-06    809.481
12001.00 0.99758083 2.6927E-37 0.0000E+00 0.0000E+00 1.1259E-09 1.1259E-09 0.0000E+00 0.0000E+00 1.1259E-09 6.85E-06 6.87E-06   0.002 1.0000 6.8879E-06    809.637
12011.00 0.99756706 2.4302E-37 0.0000E+00 0.0000E+00 1.1456E-09 1.1456E-09 0.0000E+00 0.0000E+00 1.1456E-09 6.96E-06 6.97E-06   0.002 1.0000 6.9934E-06    810.877
12021.00 0.99755597 2.1770E-37 0.0000E+00 0.0000E+00 1.1605E-09 1.1605E-09 0.0000E+00 0.0000E+00 1.1605E-09 7.03E-06 7.05E-06   0.002 1.0000 7.0695E-06    811.950
12031.00 0.99754941 2.0487E-37 0.0000E+00 0.0000E+00 1.1429E-09 1.1429E-09 0.0000E+00 0.0000E+00 1.1429E-09 6.91E-06 6.93E-06   0.002 1.0000 6.9475E-06    811.948
12041.00 0.99753159 1.9416E-37 0.0000E+00 0.0000E+00 1.1590E-09 1.1590E-09 0.0000E+00 0.0000E+00 1.1590E-09 6.99E-06 7.01E-06   0.002 1.0000 7.0298E-06    813.059
12051.00 0.99752057 1.7178E-37 0.0000E+00 0.0000E+00 1.1634E-09 1.1634E-09 0.0000E+00 0.0000E+00 1.1634E-09 7.00E-06 7.02E-06   0.002 1.0000 7.0419E-06    813.786
12061.00 0.99749881 1.5176E-37 0.0000E+00 0.0000E+00 1.1778E-09 1.1778E-09 0.0000E+00 0.0000E+00 1.1778E-09 7.08E-06 7.09E-06   0.003 1.0000 7.1140E-06    814.837
12071.00 0.99748427 1.4324E-37 0.0000E+00 0.0000E+00 1.1880E-09 1.1880E-09 0.0000E+00 0.0000E+00 1.1880E-09 7.12E-06 7.14E-06   0.003 1.0000 7.1599E-06    815.745
12081.00 0.99746490 1.2415E-37 0.0000E+00 0.0000E+00 1.1843E-09 1.1843E-09 0.0000E+00 0.0000E+00 1.1843E-09 7.08E-06 7.10E-06   0.003 1.0000 7.1226E-06    816.207
12091.00 0.99746454 1.0498E-37 0.0000E+00 0.0000E+00 1.1890E-09 1.1890E-09 0.0000E+00 0.0000E+00 1.1890E-09 7.10E-06 7.11E-06   0.003 1.0000 7.1353E-06    816.939
12101.00 0.99744117 9.9675E-38 0.0000E+00 0.0000E+00 1.1903E-09 1.1903E-09 0.0000E+00 0.0000E+00 1.1903E-09 7.09E-06 7.11E-06   0.003 1.0000 7.1283E-06    817.562
12111.00 0.99742001 8.3272E-38 0.0000E+00 0.0000E+00 1.1855E-09 1.1855E-09 0.0000E+00 0.0000E+00 1.1855E-09 7.04E-06 7.06E-06   0.003 1.0000 7.0848E-06    817.987
12121.00 0.99740744 6.7270E-38 0.0000E+00 0.0000E+00 1.1779E-09 1.1779E-09 0.0000E+00 0.0000E+00 1.1779E-09 6.98E-06 7.00E-06   0.003 1.0000 7.0243E-06    818.319
12131.00 0.99738306 5.2132E-38 0.0000E+00 0.0000E+00 1.1876E-09 1.1876E-09 0.0000E+00 0.0000E+00 1.1876E-09 7.03E-06 7.04E-06   0.003 1.0000 7.0679E-06    819.217
12141.00 0.99734801 3.8543E-38 0.0000E+00 0.0000E+00 1.1738E-09 1.1738E-09 0.0000E+00 0.0000E+00 1.1738E-09 6.93E-06 6.95E-06   0.003 1.0000 6.9714E-06    819.348
12151.00 0.99729449 3.7865E-38 0.0000E+00 0.0000E+00 1.1872E-09 1.1872E-09 0.0000E+00 0.0000E+00 1.1872E-09 6.99E-06 7.01E-06   0.003 1.0000 7.0361E-06    820.362
12161.00 0.99731702 1.2023E-38 0.0000E+00 0.0000E+00 1.1675E-09 1.1675E-09 0.0000E+00 0.0000E+00 1.1675E-09 6.86E-06 6.88E-06   0.003 1.0000 6.9045E-06    820.299
12171.00 0.99730080 0.0000E+00 0.0000E+00 0.0000E+00 1.1750E-09 1.1750E-09 0.0000E+00 0.0000E+00 1.1750E-09 6.89E-06 6.91E-06   0.003 1.0000 6.9343E-06    821.126
12181.00 0.99728388 0.0000E+00 0.0000E+00 0.0000E+00 1.1819E-09 1.1819E-09 0.0000E+00 0.0000E+00 1.1819E-09 6.92E-06 6.94E-06   0.003 1.0000 6.9604E-06    821.931
12191.00 0.99724543 0.0000E+00 0.0000E+00 0.0000E+00 1.1741E-09 1.1741E-09 0.0000E+00 0.0000E+00 1.1741E-09 6.86E-06 6.88E-06   0.003 1.0000 6.9001E-06    822.254
12201.00 0.99722004 0.0000E+00 0.0000E+00 0.0000E+00 1.1642E-09 1.1642E-09 0.0000E+00 0.0000E+00 1.1642E-09 6.78E-06 6.80E-06   0.003 1.0000 6.8274E-06    822.508
12211.00 0.99720681 0.0000E+00 0.0000E+00 0.0000E+00 1.1892E-09 1.1892E-09 0.0000E+00 0.0000E+00 1.1892E-09 6.91E-06 6.93E-06   0.003 1.0000 6.9594E-06    823.906
12221.00 0.99718910 0.0000E+00 0.0000E+00 0.0000E+00 1.1886E-09 1.1886E-09 0.0000E+00 0.0000E+00 1.1886E-09 6.90E-06 6.92E-06   0.003 1.0000 6.9415E-06    824.469
12231.00 0.99718332 0.0000E+00 0.0000E+00 0.0000E+00 1.2221E-09 1.2221E-09 0.0000E+00 0.0000E+00 1.2221E-09 7.07E-06 7.09E-06   0.003 1.0000 7.1216E-06    826.123
12241.00 0.99716711 0.0000E+00 0.0000E+00 0.0000E+00 1.2197E-09 1.2197E-09 0.0000E+00 0.0000E+00 1.2197E-09 7.05E-06 7.07E-06   0.003 1.0000 7.0928E-06    826.628
12251.00 0.99716234 0.0000E+00 0.0000E+00 0.0000E+00 1.2200E-09 1.2200E-09 0.0000E+00 0.0000E+00 1.2200E-09 7.03E-06 7.05E-06   0.003 1.0000 7.0794E-06    827.217
12261.00 0.99717075 0.0000E+00 0.0000E+00 0.0000E+00 1.2244E-09 1.2244E-09 0.0000E+00 0.0000E+00 1.2244E-09 7.04E-06 7.06E-06   0.003 1.0000 7.0894E-06    827.937
12271.00 0.99717450 0.0000E+00 0.0000E+00 0.0000E+00 1.2281E-09 1.2281E-09 0.0000E+00 0.0000E+00 1.2281E-09 7.05E-06 7.07E-06   0.003 1.0000 7.0956E-06    828.635
12281.00 0.99717790 0.0000E+00 0.0000E+00 0.0000E+00 1.2348E-09 1.2348E-09 0.0000E+00 0.0000E+00 1.2348E-09 7.07E-06 7.09E-06   0.003 1.0000 7.1191E-06    829.427
12291.00 0.99717897 0.0000E+00 0.0000E+00 0.0000E+00 1.2404E-09 1.2404E-09 0.0000E+00 0.0000E+00 1.2404E-09 7.09E-06 7.11E-06   0.003 1.0000 7.1358E-06    830.184
12301.00 0.99718815 0.0000E+00 0.0000E+00 0.0000E+00 1.2372E-09 1.2372E-09 0.0000E+00 0.0000E+00 1.2372E-09 7.06E-06 7.08E-06   0.003 1.0000 7.1019E-06    830.664
12311.00 0.99719214 0.0000E+00 0.0000E+00 0.0000E+00 1.2402E-09 1.2402E-09 0.0000E+00 0.0000E+00 1.2402E-09 7.06E-06 7.08E-06   0.003 1.0000 7.1036E-06    831.337
12321.00 0.99719620 0.0000E+00 0.0000E+00 0.0000E+00 1.2395E-09 1.2395E-09 0.0000E+00 0.0000E+00 1.2395E-09 7.04E-06 7.06E-06   0.003 1.0000 7.0841E-06    831.895
12331.00 0.99720097 0.0000E+00 0.0000E+00 0.0000E+00 1.2453E-09 1.2453E-09 0.0000E+00 0.0000E+00 1.2453E-09 7.06E-06 7.08E-06   0.003 1.0000 7.1024E-06    832.660
12341.00 0.99720490 0.0000E+00 0.0000E+00 0.0000E+00 1.2321E-09 1.2321E-09 0.0000E+00 0.0000E+00 1.2321E-09 6.97E-06 6.99E-06   0.003 1.0000 7.0116E-06    832.822
12351.00 0.99720860 0.0000E+00 0.0000E+00 0.0000E+00 1.2194E-09 1.2194E-09 0.0000E+00 0.0000E+00 1.2194E-09 6.88E-06 6.90E-06   0.003 1.0000 6.9247E-06    832.999
12361.00 0.99721426 0.0000E+00 0.0000E+00 0.0000E+00 1.2317E-09 1.2317E-09 0.0000E+00 0.0000E+00 1.2317E-09 6.93E-06 6.95E-06   0.003 1.0000 6.9793E-06    833.970
12371.00 0.99721885 0.0000E+00 0.0000E+00 0.0000E+00 1.2425E-09 1.2425E-09 0.0000E+00 0.0000E+00 1.2425E-09 6.98E-06 7.00E-06   0.003 1.0000 7.0253E-06    834.892
12381.00 0.99722266 0.0000E+00 0.0000E+00 0.0000E+00 1.2473E-09 1.2473E-09 0.0000E+00 0.0000E+00 1.2473E-09 6.99E-06 7.01E-06   0.003 1.0000 7.0369E-06    835.621
12391.00 0.99722552 0.0000E+00 0.0000E+00 0.0000E+00 1.2583E-09 1.2583E-09 0.0000E+00 0.0000E+00 1.2583E-09 7.04E-06 7.06E-06   0.003 1.0000 7.0840E-06    836.548
12401.00 0.99722672 0.0000E+00 0.0000E+00 0.0000E+00 1.2720E-09 1.2720E-09 0.0000E+00 0.0000E+00 1.2720E-09 7.10E-06 7.12E-06   0.003 1.0000 7.1455E-06    837.551
12411.00 0.99722582 0.0000E+00 0.0000E+00 0.0000E+00 1.2653E-09 1.2653E-09 0.0000E+00 0.0000E+00 1.2653E-09 7.05E-06 7.07E-06   0.003 1.0000 7.0929E-06    837.924
12421.00 0.99722356 0.0000E+00 0.0000E+00 0.0000E+00 1.2308E-09 1.2308E-09 0.0000E+00 0.0000E+00 1.2308E-09 6.84E-06 6.86E-06   0.003 1.0000 6.8849E-06    837.419
12431.00 0.99722034 0.0000E+00 0.0000E+00 0.0000E+00 1.2625E-09 1.2625E-09 0.0000E+00 0.0000E+00 1.2625E-09 7.00E-06 7.02E-06   0.003 1.0000 7.0471E-06    838.999
12441.00 0.99721676 0.0000E+00 0.0000E+00 0.0000E+00 1.2713E-09 1.2713E-09 0.0000E+00 0.0000E+00 1.2713E-09 7.04E-06 7.06E-06   0.003 1.0000 7.0810E-06    839.851
12451.00 0.99721205 0.0000E+00 0.0000E+00 0.0000E+00 1.2583E-09 1.2583E-09 0.0000E+00 0.0000E+00 1.2583E-09 6.95E-06 6.97E-06   0.003 1.0000 6.9937E-06    840.026
12461.00 0.99720591 0.0000E+00 0.0000E+00 0.0000E+00 1.2758E-09 1.2758E-09 0.0000E+00 0.0000E+00 1.2758E-09 7.03E-06 7.05E-06   0.003 1.0000 7.0759E-06    841.150
12471.00 0.99720037 0.0000E+00 0.0000E+00 0.0000E+00 1.2850E-09 1.2850E-09 0.0000E+00 0.0000E+00 1.2850E-09 7.07E-06 7.09E-06   0.003 1.0000 7.1120E-06    842.015
12481.00 0.99719340 0.0000E+00 0.0000E+00 0.0000E+00 1.2861E-09 1.2861E-09 0.0000E+00 0.0000E+00 1.2861E-09 7.06E-06 7.08E-06   0.003 1.0000 7.1032E-06    842.629
12491.00 0.99718702 0.0000E+00 0.0000E+00 0.0000E+00 1.2775E-09 1.2775E-09 0.0000E+00 0.0000E+00 1.2775E-09 7.00E-06 7.02E-06   0.003 1.0000 7.0410E-06    842.944
12501.00 0.99717951 0.0000E+00 0.0000E+00 0.0000E+00 1.2652E-09 1.2652E-09 0.0000E+00 0.0000E+00 1.2652E-09 6.91E-06 6.93E-06   0.003 1.0000 6.9583E-06    843.141
12511.00 0.99717122 0.0000E+00 0.0000E+00 0.0000E+00 1.2966E-09 1.2966E-09 0.0000E+00 0.0000E+00 1.2966E-09 7.07E-06 7.09E-06   0.003 1.0000 7.1163E-06    844.692
12521.00 0.99716026 0.0000E+00 0.0000E+00 0.0000E+00 1.2985E-09 1.2985E-09 0.0000E+00 0.0000E+00 1.2985E-09 7.07E-06 7.09E-06   0.003 1.0000 7.1113E-06    845.327
12531.00 0.99715203 0.0000E+00 0.0000E+00 0.0000E+00 1.2987E-09 1.2987E-09 0.0000E+00 0.0000E+00 1.2987E-09 7.05E-06 7.07E-06   0.003 1.0000 7.0974E-06    845.913
12541.00 0.99714315 0.0000E+00 0.0000E+00 0.0000E+00 1.2997E-09 1.2997E-09 0.0000E+00 0.0000E+00 1.2997E-09 7.04E-06 7.06E-06   0.003 1.0000 7.0882E-06    846.525
12551.00 0.99713409 0.0000E+00 0.0000E+00 0.0000E+00 1.3045E-09 1.3045E-09 0.0000E+00 0.0000E+00 1.3045E-09 7.05E-06 7.07E-06   0.003 1.0000 7.0994E-06    847.250
12561.00 0.99712425 0.0000E+00 0.0000E+00 0.0000E+00 1.2968E-09 1.2968E-09 0.0000E+00 0.0000E+00 1.2968E-09 7.00E-06 7.02E-06   0.003 1.0000 7.0428E-06    847.595
12571.00 0.99711645 0.0000E+00 0.0000E+00 0.0000E+00 1.3023E-09 1.3023E-09 0.0000E+00 0.0000E+00 1.3023E-09 7.01E-06 7.03E-06   0.003 1.0000 7.0580E-06    848.345
12581.00 0.99710608 0.0000E+00 0.0000E+00 0.0000E+00 1.2595E-09 1.2595E-09 0.0000E+00 0.0000E+00 1.2595E-09 6.77E-06 6.79E-06   0.003 1.0000 6.8119E-06    847.595
12591.00 0.99709308 0.0000E+00 0.0000E+00 0.0000E+00 1.2663E-09 1.2663E-09 0.0000E+00 0.0000E+00 1.2663E-09 6.79E-06 6.81E-06   0.003 1.0000 6.8345E-06    848.389
12601.00 0.99707848 0.0000E+00 0.0000E+00 0.0000E+00 1.2685E-09 1.2685E-09 0.0000E+00 0.0000E+00 1.2685E-09 6.79E-06 6.81E-06   0.003 1.0000 6.8321E-06    849.037
12611.00 0.99706292 0.0000E+00 0.0000E+00 0.0000E+00 1.3048E-09 1.3048E-09 0.0000E+00 0.0000E+00 1.3048E-09 6.97E-06 6.99E-06   0.003 1.0000 7.0130E-06    850.740
12621.00 0.99704856 0.0000E+00 0.0000E+00 0.0000E+00 1.3072E-09 1.3072E-09 0.0000E+00 0.0000E+00 1.3072E-09 6.96E-06 6.99E-06   0.003 1.0000 7.0117E-06    851.394
12631.00 0.99703419 0.0000E+00 0.0000E+00 0.0000E+00 1.2909E-09 1.2909E-09 0.0000E+00 0.0000E+00 1.2909E-09 6.86E-06 6.88E-06   0.003 1.0000 6.9099E-06    851.472
12641.00 0.99701703 0.0000E+00 0.0000E+00 0.0000E+00 1.3186E-09 1.3186E-09 0.0000E+00 0.0000E+00 1.3186E-09 7.00E-06 7.02E-06   0.003 1.0000 7.0438E-06    852.901
12651.00 0.99700099 0.0000E+00 0.0000E+00 0.0000E+00 1.3311E-09 1.3311E-09 0.0000E+00 0.0000E+00 1.3311E-09 7.05E-06 7.07E-06   0.003 1.0000 7.0958E-06    853.857
12661.00 0.99698591 0.0000E+00 0.0000E+00 0.0000E+00 1.3316E-09 1.3316E-09 0.0000E+00 0.0000E+00 1.3316E-09 7.03E-06 7.06E-06   0.003 1.0000 7.0839E-06    854.453
12671.00 0.99697256 0.0000E+00 0.0000E+00 0.0000E+00 1.3413E-09 1.3413E-09 0.0000E+00 0.0000E+00 1.3413E-09 7.07E-06 7.09E-06   0.003 1.0000 7.1204E-06    855.322
12681.00 0.99695563 0.0000E+00 0.0000E+00 0.0000E+00 1.3372E-09 1.3372E-09 0.0000E+00 0.0000E+00 1.3372E-09 7.03E-06 7.06E-06   0.003 1.0000 7.0842E-06    855.779
12691.00 0.99693865 0.0000E+00 0.0000E+00 0.0000E+00 1.3332E-09 1.3332E-09 0.0000E+00 0.0000E+00 1.3332E-09 7.00E-06 7.02E-06   0.003 1.0000 7.0488E-06    856.241
12701.00 0.99692178 0.0000E+00 0.0000E+00 0.0000E+00 1.3451E-09 1.3451E-09 0.0000E+00 0.0000E+00 1.3451E-09 7.05E-06 7.07E-06   0.003 1.0000 7.0968E-06    857.176
12711.00 0.99690378 0.0000E+00 0.0000E+00 0.0000E+00 1.3561E-09 1.3561E-09 0.0000E+00 0.0000E+00 1.3561E-09 7.09E-06 7.11E-06   0.003 1.0000 7.1406E-06    858.085
12721.00 0.99688679 0.0000E+00 0.0000E+00 0.0000E+00 1.3320E-09 1.3320E-09 0.0000E+00 0.0000E+00 1.3320E-09 6.95E-06 6.97E-06   0.003 1.0000 6.9992E-06    857.942
12731.00 0.99686813 0.0000E+00 0.0000E+00 0.0000E+00 1.3322E-09 1.3322E-09 0.0000E+00 0.0000E+00 1.3322E-09 6.93E-06 6.96E-06   0.003 1.0000 6.9861E-06    858.529
12741.00 0.99684536 0.0000E+00 0.0000E+00 0.0000E+00 1.3572E-09 1.3572E-09 0.0000E+00 0.0000E+00 1.3572E-09 7.05E-06 7.07E-06   0.003 1.0000 7.1028E-06    859.857
12751.00 0.99681997 0.0000E+00 0.0000E+00 0.0000E+00 1.3567E-09 1.3567E-09 0.0000E+00 0.0000E+00 1.3567E-09 7.03E-06 7.05E-06   0.003 1.0000 7.0859E-06    860.422
12761.00 0.99679595 0.0000E+00 0.0000E+00 0.0000E+00 1.3249E-09 1.3249E-09 0.0000E+00 0.0000E+00 1.3249E-09 6.85E-06 6.88E-06   0.003 1.0000 6.9058E-06    860.045
12771.00 0.99677151 0.0000E+00 0.0000E+00 0.0000E+00 1.3527E-09 1.3527E-09 0.0000E+00 0.0000E+00 1.3527E-09 6.98E-06 7.00E-06   0.003 1.0000 7.0362E-06    861.461
12781.00 0.99674678 0.0000E+00 0.0000E+00 0.0000E+00 1.3707E-09 1.3707E-09 0.0000E+00 0.0000E+00 1.3707E-09 7.06E-06 7.08E-06   0.003 1.0000 7.1156E-06    862.576
12791.00 0.99672741 0.0000E+00 0.0000E+00 0.0000E+00 1.3741E-09 1.3741E-09 0.0000E+00 0.0000E+00 1.3741E-09 7.06E-06 7.09E-06   0.003 1.0000 7.1190E-06    863.257
12801.00 0.99670970 0.0000E+00 0.0000E+00 0.0000E+00 1.3542E-09 1.3542E-09 0.0000E+00 0.0000E+00 1.3542E-09 6.95E-06 6.97E-06   0.003 1.0000 7.0016E-06    863.246
12811.00 0.99669296 0.0000E+00 0.0000E+00 0.0000E+00 1.3731E-09 1.3731E-09 0.0000E+00 0.0000E+00 1.3731E-09 7.03E-06 7.05E-06   0.003 1.0000 7.0852E-06    864.388
12821.00 0.99667752 0.0000E+00 0.0000E+00 0.0000E+00 1.3596E-09 1.3596E-09 0.0000E+00 0.0000E+00 1.3596E-09 6.94E-06 6.97E-06   0.003 1.0000 7.0007E-06    864.565
12831.00 0.99666554 0.0000E+00 0.0000E+00 0.0000E+00 1.3790E-09 1.3790E-09 0.0000E+00 0.0000E+00 1.3790E-09 7.03E-06 7.05E-06   0.003 1.0000 7.0866E-06    865.722
12841.00 0.99665952 0.0000E+00 0.0000E+00 0.0000E+00 1.3861E-09 1.3861E-09 0.0000E+00 0.0000E+00 1.3861E-09 7.05E-06 7.07E-06   0.003 1.0000 7.1081E-06    866.510
12851.00 0.99665517 0.0000E+00 0.0000E+00 0.0000E+00 1.3877E-09 1.3877E-09 0.0000E+00 0.0000E+00 1.3877E-09 7.04E-06 7.07E-06   0.003 1.0000 7.1013E-06    867.135
12861.00 0.99665314 0.0000E+00 0.0000E+00 0.0000E+00 1.3625E-09 1.3625E-09 0.0000E+00 0.0000E+00 1.3625E-09 6.90E-06 6.92E-06   0.003 1.0000 6.9577E-06    866.970
12871.00 0.99665362 0.0000E+00 0.0000E+00 0.0000E+00 1.3960E-09 1.3960E-09 0.0000E+00 0.0000E+00 1.3960E-09 7.06E-06 7.08E-06   0.003 1.0000 7.1139E-06    868.538
12881.00 0.99665493 0.0000E+00 0.0000E+00 0.0000E+00 1.3961E-09 1.3961E-09 0.0000E+00 0.0000E+00 1.3961E-09 7.04E-06 7.07E-06   0.003 1.0000 7.0994E-06    869.119
12891.00 0.99665791 0.0000E+00 0.0000E+00 0.0000E+00 1.3980E-09 1.3980E-09 0.0000E+00 0.0000E+00 1.3980E-09 7.04E-06 7.06E-06   0.003 1.0000 7.0944E-06    869.756
12901.00 0.99666315 0.0000E+00 0.0000E+00 0.0000E+00 1.3336E-09 1.3336E-09 0.0000E+00 0.0000E+00 1.3336E-09 6.70E-06 6.72E-06   0.003 1.0000 6.7536E-06    868.416
12911.00 0.99666965 0.0000E+00 0.0000E+00 0.0000E+00 1.3672E-09 1.3672E-09 0.0000E+00 0.0000E+00 1.3672E-09 6.85E-06 6.88E-06   0.003 1.0000 6.9089E-06    870.007
12921.00 0.99667543 0.0000E+00 0.0000E+00 0.0000E+00 1.4090E-09 1.4090E-09 0.0000E+00 0.0000E+00 1.4090E-09 7.05E-06 7.07E-06   0.003 1.0000 7.1049E-06    871.814
12931.00 0.99667650 0.0000E+00 0.0000E+00 0.0000E+00 1.4039E-09 1.4039E-09 0.0000E+00 0.0000E+00 1.4039E-09 7.01E-06 7.03E-06   0.003 1.0000 7.0646E-06    872.247
12941.00 0.99667352 0.0000E+00 0.0000E+00 0.0000E+00 1.3731E-09 1.3731E-09 0.0000E+00 0.0000E+00 1.3731E-09 6.84E-06 6.86E-06   0.003 1.0000 6.8949E-06    871.919
12951.00 0.99667221 0.0000E+00 0.0000E+00 0.0000E+00 1.3945E-09 1.3945E-09 0.0000E+00 0.0000E+00 1.3945E-09 6.93E-06 6.96E-06   0.003 1.0000 6.9877E-06    873.130
12961.00 0.99666727 0.0000E+00 0.0000E+00 0.0000E+00 1.3787E-09 1.3787E-09 0.0000E+00 0.0000E+00 1.3787E-09 6.84E-06 6.86E-06   0.003 1.0000 6.8945E-06    873.245
12971.00 0.99665266 0.0000E+00 0.0000E+00 0.0000E+00 1.4081E-09 1.4081E-09 0.0000E+00 0.0000E+00 1.4081E-09 6.97E-06 6.99E-06   0.003 1.0000 7.0270E-06    874.688
12981.00 0.99657714 0.0000E+00 0.0000E+00 0.0000E+00 1.4045E-09 1.4045E-09 0.0000E+00 0.0000E+00 1.4045E-09 6.94E-06 6.96E-06   0.003 1.0000 6.9958E-06    875.162
12991.00 0.99640507 0.0000E+00 0.0000E+00 0.0000E+00 1.4012E-09 1.4012E-09 0.0000E+00 0.0000E+00 1.4012E-09 6.91E-06 6.93E-06   0.004 1.0000 6.9674E-06    875.644
13001.00 0.99599439 0.0000E+00 0.0000E+00 0.0000E+00 1.4090E-09 1.4090E-09 0.0000E+00 0.0000E+00 1.4090E-09 6.93E-06 6.96E-06   0.004 1.0000 6.9977E-06    876.452
13011.00 0.99503344 0.0000E+00 0.0000E+00 0.0000E+00 1.4228E-09 1.4228E-09 0.0000E+00 0.0000E+00 1.4228E-09 6.98E-06 7.01E-06   0.005 1.0000 7.0635E-06    877.432
13021.00 0.99289083 0.0000E+00 0.0000E+00 0.0000E+00 1.4184E-09 1.4184E-09 0.0000E+00 0.0000E+00 1.4184E-09 6.94E-06 6.98E-06   0.007 1.0000 7.0503E-06    877.884
13031.00 0.99020177 0.0000E+00 0.0000E+00 0.0000E+00 1.4232E-09 1.4232E-09 0.0000E+00 0.0000E+00 1.4232E-09 6.95E-06 6.99E-06   0.010 1.0000 7.0771E-06    878.602
13041.00 0.98560190 0.0000E+00 0.0000E+00 0.0000E+00 1.3453E-09 1.3453E-09 0.0000E+00 0.0000E+00 1.3453E-09 6.56E-06 6.60E-06   0.015 1.0000 6.7057E-06    876.871
13051.00 0.98430538 0.0000E+00 0.0000E+00 0.0000E+00 1.3298E-09 1.3298E-09 0.0000E+00 0.0000E+00 1.3298E-09 6.46E-06 6.51E-06   0.016 1.0000 6.6213E-06    876.973
13061.00 0.97817063 0.0000E+00 0.0000E+00 0.0000E+00 1.3762E-09 1.3762E-09 0.0000E+00 0.0000E+00 1.3762E-09 6.67E-06 6.73E-06   0.022 1.0000 6.8845E-06    878.957
13071.00 0.96735108 0.0000E+00 0.0000E+00 0.0000E+00 1.4072E-09 1.4072E-09 0.0000E+00 0.0000E+00 1.4072E-09 6.79E-06 6.89E-06   0.033 1.0000 7.1115E-06    880.455
13081.00 0.96154809 0.0000E+00 0.0000E+00 0.0000E+00 1.4008E-09 1.4008E-09 0.0000E+00 0.0000E+00 1.4008E-09 6.73E-06 6.86E-06   0.039 1.0000 7.1104E-06    880.846
13091.00 0.95241994 0.0000E+00 0.0000E+00 0.0000E+00 1.3884E-09 1.3884E-09 0.0000E+00 0.0000E+00 1.3884E-09 6.64E-06 6.80E-06   0.049 1.0000 7.1062E-06    881.057
13101.00 0.94439036 0.0000E+00 0.0000E+00 0.0000E+00 1.3780E-09 1.3780E-09 0.0000E+00 0.0000E+00 1.3780E-09 6.56E-06 6.75E-06   0.057 1.0000 7.1028E-06    881.325
13111.00 0.94559753 0.0000E+00 0.0000E+00 0.0000E+00 1.3689E-09 1.3689E-09 0.0000E+00 0.0000E+00 1.3689E-09 6.51E-06 6.69E-06   0.056 1.0000 7.0290E-06    881.631
13121.00 0.97118938 0.0000E+00 0.0000E+00 0.0000E+00 1.3619E-09 1.3619E-09 0.0000E+00 0.0000E+00 1.3619E-09 6.50E-06 6.60E-06   0.029 1.0000 6.7816E-06    881.998
13131.00 0.94721621 0.0000E+00 0.0000E+00 0.0000E+00 1.3664E-09 1.3664E-09 0.0000E+00 0.0000E+00 1.3664E-09 6.47E-06 6.65E-06   0.054 1.0000 6.9749E-06    882.711
13141.00 0.92385513 0.0000E+00 0.0000E+00 0.0000E+00 1.3369E-09 1.3369E-09 0.0000E+00 0.0000E+00 1.3369E-09 6.28E-06 6.54E-06   0.079 1.0000 7.0062E-06    882.391
13151.00 0.91190636 0.0000E+00 0.0000E+00 0.0000E+00 1.3138E-09 1.3138E-09 0.0000E+00 0.0000E+00 1.3138E-09 6.15E-06 6.42E-06   0.092 1.0000 6.9759E-06    882.250
13161.00 0.94819647 0.0000E+00 0.0000E+00 0.0000E+00 1.3789E-09 1.3789E-09 0.0000E+00 0.0000E+00 1.3789E-09 6.51E-06 6.65E-06   0.053 1.0000 7.0394E-06    884.822
13171.00 0.99238688 0.0000E+00 0.0000E+00 0.0000E+00 1.4572E-09 1.4572E-09 0.0000E+00 0.0000E+00 1.4572E-09 6.92E-06 6.95E-06   0.008 1.0000 7.0248E-06    887.692
13181.00 0.99656808 0.0000E+00 0.0000E+00 0.0000E+00 1.4340E-09 1.4340E-09 0.0000E+00 0.0000E+00 1.4340E-09 6.80E-06 6.82E-06   0.003 1.0000 6.8540E-06    887.602
13191.00 0.99655896 0.0000E+00 0.0000E+00 0.0000E+00 1.4710E-09 1.4710E-09 0.0000E+00 0.0000E+00 1.4710E-09 6.96E-06 6.98E-06   0.003 1.0000 7.0170E-06    889.242
13201.00 0.99654299 0.0000E+00 0.0000E+00 0.0000E+00 1.4659E-09 1.4659E-09 0.0000E+00 0.0000E+00 1.4659E-09 6.92E-06 6.95E-06   0.003 1.0000 6.9786E-06    889.676
13211.00 0.99652505 0.0000E+00 0.0000E+00 0.0000E+00 1.4686E-09 1.4686E-09 0.0000E+00 0.0000E+00 1.4686E-09 6.92E-06 6.94E-06   0.003 1.0000 6.9776E-06    890.333
13221.00 0.99650580 0.0000E+00 0.0000E+00 0.0000E+00 1.4669E-09 1.4669E-09 0.0000E+00 0.0000E+00 1.4669E-09 6.90E-06 6.92E-06   0.004 1.0000 6.9558E-06    890.864
13231.00 0.99648476 0.0000E+00 0.0000E+00 0.0000E+00 1.4620E-09 1.4620E-09 0.0000E+00 0.0000E+00 1.4620E-09 6.86E-06 6.88E-06   0.004 1.0000 6.9184E-06    891.301
13241.00 0.99646163 0.0000E+00 0.0000E+00 0.0000E+00 1.4893E-09 1.4893E-09 0.0000E+00 0.0000E+00 1.4893E-09 6.97E-06 7.00E-06   0.004 1.0000 7.0339E-06    892.654
13251.00 0.99643755 0.0000E+00 0.0000E+00 0.0000E+00 1.4965E-09 1.4965E-09 0.0000E+00 0.0000E+00 1.4965E-09 6.99E-06 7.02E-06   0.004 1.0000 7.0541E-06    893.436
13261.00 0.99641258 0.0000E+00 0.0000E+00 0.0000E+00 1.5040E-09 1.5040E-09 0.0000E+00 0.0000E+00 1.5040E-09 7.01E-06 7.04E-06   0.004 1.0000 7.0756E-06    894.226
13271.00 0.99638528 0.0000E+00 0.0000E+00 0.0000E+00 1.4914E-09 1.4914E-09 0.0000E+00 0.0000E+00 1.4914E-09 6.94E-06 6.97E-06   0.004 1.0000 7.0026E-06    894.452
13281.00 0.99635661 0.0000E+00 0.0000E+00 0.0000E+00 1.4812E-09 1.4812E-09 0.0000E+00 0.0000E+00 1.4812E-09 6.88E-06 6.90E-06   0.004 1.0000 6.9412E-06    894.744
13291.00 0.99632734 0.0000E+00 0.0000E+00 0.0000E+00 1.4789E-09 1.4789E-09 0.0000E+00 0.0000E+00 1.4789E-09 6.85E-06 6.88E-06   0.004 1.0000 6.9165E-06    895.256
13301.00 0.99629825 0.0000E+00 0.0000E+00 0.0000E+00 1.5016E-09 1.5016E-09 0.0000E+00 0.0000E+00 1.5016E-09 6.95E-06 6.97E-06   0.004 1.0000 7.0096E-06    896.476
13311.00 0.99626994 0.0000E+00 0.0000E+00 0.0000E+00 1.4587E-09 1.4587E-09 0.0000E+00 0.0000E+00 1.4587E-09 6.73E-06 6.76E-06   0.004 1.0000 6.7959E-06    895.839
13321.00 0.99624085 0.0000E+00 0.0000E+00 0.0000E+00 1.5065E-09 1.5065E-09 0.0000E+00 0.0000E+00 1.5065E-09 6.94E-06 6.97E-06   0.004 1.0000 7.0050E-06    897.771
13331.00 0.99621212 0.0000E+00 0.0000E+00 0.0000E+00 1.4956E-09 1.4956E-09 0.0000E+00 0.0000E+00 1.4956E-09 6.88E-06 6.90E-06   0.004 1.0000 6.9407E-06    898.043
13341.00 0.99618542 0.0000E+00 0.0000E+00 0.0000E+00 1.4643E-09 1.4643E-09 0.0000E+00 0.0000E+00 1.4643E-09 6.72E-06 6.74E-06   0.004 1.0000 6.7825E-06    897.736
13351.00 0.99616128 0.0000E+00 0.0000E+00 0.0000E+00 1.5122E-09 1.5122E-09 0.0000E+00 0.0000E+00 1.5122E-09 6.92E-06 6.95E-06   0.004 1.0000 6.9903E-06    899.667
13361.00 0.99614239 0.0000E+00 0.0000E+00 0.0000E+00 1.5062E-09 1.5062E-09 0.0000E+00 0.0000E+00 1.5062E-09 6.88E-06 6.91E-06   0.004 1.0000 6.9490E-06    900.080
13371.00 0.99612677 0.0000E+00 0.0000E+00 0.0000E+00 1.5079E-09 1.5079E-09 0.0000E+00 0.0000E+00 1.5079E-09 6.88E-06 6.90E-06   0.004 1.0000 6.9428E-06    900.705
13381.00 0.99611473 0.0000E+00 0.0000E+00 0.0000E+00 1.5196E-09 1.5196E-09 0.0000E+00 0.0000E+00 1.5196E-09 6.92E-06 6.94E-06   0.004 1.0000 6.9829E-06    901.611
13391.00 0.99610537 0.0000E+00 0.0000E+00 0.0000E+00 1.5233E-09 1.5233E-09 0.0000E+00 0.0000E+00 1.5233E-09 6.92E-06 6.94E-06   0.004 1.0000 6.9856E-06    902.292
13401.00 0.99609858 0.0000E+00 0.0000E+00 0.0000E+00 1.5145E-09 1.5145E-09 0.0000E+00 0.0000E+00 1.5145E-09 6.86E-06 6.89E-06   0.004 1.0000 6.9311E-06    902.626
13411.00 0.99609476 0.0000E+00 0.0000E+00 0.0000E+00 1.5320E-09 1.5320E-09 0.0000E+00 0.0000E+00 1.5320E-09 6.93E-06 6.96E-06   0.004 1.0000 6.9973E-06    903.692
13421.00 0.99609286 0.0000E+00 0.0000E+00 0.0000E+00 1.5019E-09 1.5019E-09 0.0000E+00 0.0000E+00 1.5019E-09 6.78E-06 6.81E-06   0.004 1.0000 6.8463E-06    903.433
13431.00 0.99609113 0.0000E+00 0.0000E+00 0.0000E+00 1.4858E-09 1.4858E-09 0.0000E+00 0.0000E+00 1.4858E-09 6.69E-06 6.72E-06   0.004 1.0000 6.7587E-06    903.554
13441.00 0.99609011 0.0000E+00 0.0000E+00 0.0000E+00 1.5372E-09 1.5372E-09 0.0000E+00 0.0000E+00 1.5372E-09 6.91E-06 6.94E-06   0.004 1.0000 6.9782E-06    905.572
13451.00 0.99609071 0.0000E+00 0.0000E+00 0.0000E+00 1.5408E-09 1.5408E-09 0.0000E+00 0.0000E+00 1.5408E-09 6.91E-06 6.94E-06   0.004 1.0000 6.9805E-06    906.251
13461.00 0.99609041 0.0000E+00 0.0000E+00 0.0000E+00 1.5293E-09 1.5293E-09 0.0000E+00 0.0000E+00 1.5293E-09 6.85E-06 6.87E-06   0.004 1.0000 6.9145E-06    906.513
13471.00 0.99608916 0.0000E+00 0.0000E+00 0.0000E+00 1.4784E-09 1.4784E-09 0.0000E+00 0.0000E+00 1.4784E-09 6.61E-06 6.63E-06   0.004 1.0000 6.6706E-06    905.657
13481.00 0.99608803 0.0000E+00 0.0000E+00 0.0000E+00 1.4825E-09 1.4825E-09 0.0000E+00 0.0000E+00 1.4825E-09 6.61E-06 6.64E-06   0.004 1.0000 6.6756E-06    906.352
13491.00 0.99608701 0.0000E+00 0.0000E+00 0.0000E+00 1.4818E-09 1.4818E-09 0.0000E+00 0.0000E+00 1.4818E-09 6.59E-06 6.62E-06   0.004 1.0000 6.6588E-06    906.910
13501.00 0.99608600 0.0000E+00 0.0000E+00 0.0000E+00 1.5277E-09 1.5277E-09 0.0000E+00 0.0000E+00 1.5277E-09 6.78E-06 6.81E-06   0.004 1.0000 6.8511E-06    908.782
13511.00 0.99608308 0.0000E+00 0.0000E+00 0.0000E+00 1.5301E-09 1.5301E-09 0.0000E+00 0.0000E+00 1.5301E-09 6.78E-06 6.81E-06   0.004 1.0000 6.8479E-06    909.427
13521.00 0.99607813 0.0000E+00 0.0000E+00 0.0000E+00 1.5347E-09 1.5347E-09 0.0000E+00 0.0000E+00 1.5347E-09 6.79E-06 6.82E-06   0.004 1.0000 6.8549E-06    910.134
13531.00 0.99607271 0.0000E+00 0.0000E+00 0.0000E+00 1.4885E-09 1.4885E-09 0.0000E+00 0.0000E+00 1.4885E-09 6.57E-06 6.60E-06   0.004 1.0000 6.6352E-06    909.412
13541.00 0.99606651 0.0000E+00 0.0000E+00 0.0000E+00 1.5350E-09 1.5350E-09 0.0000E+00 0.0000E+00 1.5350E-09 6.76E-06 6.79E-06   0.004 1.0000 6.8288E-06    911.301
13551.00 0.99606037 0.0000E+00 0.0000E+00 0.0000E+00 1.5694E-09 1.5694E-09 0.0000E+00 0.0000E+00 1.5694E-09 6.90E-06 6.93E-06   0.004 1.0000 6.9678E-06    912.825
13561.00 0.99605143 0.0000E+00 0.0000E+00 0.0000E+00 1.5754E-09 1.5754E-09 0.0000E+00 0.0000E+00 1.5754E-09 6.91E-06 6.94E-06   0.004 1.0000 6.9805E-06    913.567
13571.00 0.99604207 0.0000E+00 0.0000E+00 0.0000E+00 1.5670E-09 1.5670E-09 0.0000E+00 0.0000E+00 1.5670E-09 6.86E-06 6.89E-06   0.004 1.0000 6.9293E-06    913.916
13581.00 0.99603277 0.0000E+00 0.0000E+00 0.0000E+00 1.5561E-09 1.5561E-09 0.0000E+00 0.0000E+00 1.5561E-09 6.80E-06 6.83E-06   0.004 1.0000 6.8674E-06    914.196
13591.00 0.99602526 0.0000E+00 0.0000E+00 0.0000E+00 1.5502E-09 1.5502E-09 0.0000E+00 0.0000E+00 1.5502E-09 6.76E-06 6.79E-06   0.004 1.0000 6.8280E-06    914.614
13601.00 0.99601734 0.0000E+00 0.0000E+00 0.0000E+00 1.5737E-09 1.5737E-09 0.0000E+00 0.0000E+00 1.5737E-09 6.85E-06 6.88E-06   0.004 1.0000 6.9178E-06    915.837
13611.00 0.99600750 0.0000E+00 0.0000E+00 0.0000E+00 1.5919E-09 1.5919E-09 0.0000E+00 0.0000E+00 1.5919E-09 6.91E-06 6.94E-06   0.004 1.0000 6.9838E-06    916.908
13621.00 0.99599832 0.0000E+00 0.0000E+00 0.0000E+00 1.5997E-09 1.5997E-09 0.0000E+00 0.0000E+00 1.5997E-09 6.93E-06 6.96E-06   0.004 1.0000 7.0039E-06    917.697
13631.00 0.99598622 0.0000E+00 0.0000E+00 0.0000E+00 1.5857E-09 1.5857E-09 0.0000E+00 0.0000E+00 1.5857E-09 6.86E-06 6.89E-06   0.004 1.0000 6.9291E-06    917.899
13641.00 0.99597585 0.0000E+00 0.0000E+00 0.0000E+00 1.5625E-09 1.5625E-09 0.0000E+00 0.0000E+00 1.5625E-09 6.75E-06 6.77E-06   0.004 1.0000 6.8141E-06    917.844
13651.00 0.99596190 0.0000E+00 0.0000E+00 0.0000E+00 1.5691E-09 1.5691E-09 0.0000E+00 0.0000E+00 1.5691E-09 6.76E-06 6.79E-06   0.004 1.0000 6.8293E-06    918.604
13661.00 0.99594367 0.0000E+00 0.0000E+00 0.0000E+00 1.5918E-09 1.5918E-09 0.0000E+00 0.0000E+00 1.5918E-09 6.85E-06 6.87E-06   0.004 1.0000 6.9146E-06    919.800
13671.00 0.99592936 0.0000E+00 0.0000E+00 0.0000E+00 1.5822E-09 1.5822E-09 0.0000E+00 0.0000E+00 1.5822E-09 6.79E-06 6.82E-06   0.004 1.0000 6.8594E-06    920.117
13681.00 0.99591440 0.0000E+00 0.0000E+00 0.0000E+00 1.5595E-09 1.5595E-09 0.0000E+00 0.0000E+00 1.5595E-09 6.68E-06 6.71E-06   0.004 1.0000 6.7477E-06    920.075
13691.00 0.99589550 0.0000E+00 0.0000E+00 0.0000E+00 1.6047E-09 1.6047E-09 0.0000E+00 0.0000E+00 1.6047E-09 6.86E-06 6.89E-06   0.004 1.0000 6.9298E-06    921.884
13701.00 0.99588251 0.0000E+00 0.0000E+00 0.0000E+00 1.5984E-09 1.5984E-09 0.0000E+00 0.0000E+00 1.5984E-09 6.82E-06 6.85E-06   0.004 1.0000 6.8895E-06    922.294
13711.00 0.99585307 0.0000E+00 0.0000E+00 0.0000E+00 1.5300E-09 1.5300E-09 0.0000E+00 0.0000E+00 1.5300E-09 6.51E-06 6.54E-06   0.004 1.0000 6.5819E-06    920.988
13721.00 0.99583942 0.0000E+00 0.0000E+00 0.0000E+00 1.5502E-09 1.5502E-09 0.0000E+00 0.0000E+00 1.5502E-09 6.59E-06 6.61E-06   0.004 1.0000 6.6556E-06    922.130
13731.00 0.99581665 0.0000E+00 0.0000E+00 0.0000E+00 1.5990E-09 1.5990E-09 0.0000E+00 0.0000E+00 1.5990E-09 6.78E-06 6.81E-06   0.004 1.0000 6.8519E-06    924.046
13741.00 0.99578393 0.0000E+00 0.0000E+00 0.0000E+00 1.6107E-09 1.6107E-09 0.0000E+00 0.0000E+00 1.6107E-09 6.82E-06 6.84E-06   0.004 1.0000 6.8890E-06    924.941
13751.00 0.99577481 0.0000E+00 0.0000E+00 0.0000E+00 1.6332E-09 1.6332E-09 0.0000E+00 0.0000E+00 1.6332E-09 6.90E-06 6.93E-06   0.004 1.0000 6.9714E-06    926.119
13761.00 0.99574709 0.0000E+00 0.0000E+00 0.0000E+00 1.6196E-09 1.6196E-09 0.0000E+00 0.0000E+00 1.6196E-09 6.83E-06 6.86E-06   0.004 1.0000 6.9003E-06    926.337
13771.00 0.99574077 0.0000E+00 0.0000E+00 0.0000E+00 1.6073E-09 1.6073E-09 0.0000E+00 0.0000E+00 1.6073E-09 6.76E-06 6.79E-06   0.004 1.0000 6.8340E-06    926.583
13781.00 0.99571073 0.0000E+00 0.0000E+00 0.0000E+00 1.6298E-09 1.6298E-09 0.0000E+00 0.0000E+00 1.6298E-09 6.84E-06 6.87E-06   0.004 1.0000 6.9166E-06    927.765
13791.00 0.99569464 0.0000E+00 0.0000E+00 0.0000E+00 1.6235E-09 1.6235E-09 0.0000E+00 0.0000E+00 1.6235E-09 6.80E-06 6.83E-06   0.004 1.0000 6.8767E-06    928.177
13801.00 0.99566406 0.0000E+00 0.0000E+00 0.0000E+00 1.6275E-09 1.6275E-09 0.0000E+00 0.0000E+00 1.6275E-09 6.80E-06 6.83E-06   0.004 1.0000 6.8804E-06    928.861
13811.00 0.99564540 0.0000E+00 0.0000E+00 0.0000E+00 1.6341E-09 1.6341E-09 0.0000E+00 0.0000E+00 1.6341E-09 6.82E-06 6.85E-06   0.004 1.0000 6.8949E-06    929.615
13821.00 0.99561363 0.0000E+00 0.0000E+00 0.0000E+00 1.6496E-09 1.6496E-09 0.0000E+00 0.0000E+00 1.6496E-09 6.87E-06 6.90E-06   0.004 1.0000 6.9471E-06    930.605
13831.00 0.99561232 0.0000E+00 0.0000E+00 0.0000E+00 1.6369E-09 1.6369E-09 0.0000E+00 0.0000E+00 1.6369E-09 6.80E-06 6.83E-06   0.004 1.0000 6.8800E-06    930.846
13841.00 0.99559128 0.0000E+00 0.0000E+00 0.0000E+00 1.5869E-09 1.5869E-09 0.0000E+00 0.0000E+00 1.5869E-09 6.58E-06 6.61E-06   0.004 1.0000 6.6572E-06    930.078
13851.00 0.99556935 0.0000E+00 0.0000E+00 0.0000E+00 1.6406E-09 1.6406E-09 0.0000E+00 0.0000E+00 1.6406E-09 6.79E-06 6.82E-06   0.004 1.0000 6.8689E-06    932.102
13861.00 0.99554414 0.0000E+00 0.0000E+00 0.0000E+00 1.6379E-09 1.6379E-09 0.0000E+00 0.0000E+00 1.6379E-09 6.77E-06 6.80E-06   0.004 1.0000 6.8448E-06    932.610
13871.00 0.99549758 0.0000E+00 0.0000E+00 0.0000E+00 1.5839E-09 1.5839E-09 0.0000E+00 0.0000E+00 1.5839E-09 6.53E-06 6.56E-06   0.005 1.0000 6.6067E-06    931.727
13881.00 0.99545830 0.0000E+00 0.0000E+00 0.0000E+00 1.6439E-09 1.6439E-09 0.0000E+00 0.0000E+00 1.6439E-09 6.76E-06 6.80E-06   0.005 1.0000 6.8443E-06    933.926
13891.00 0.99544406 0.0000E+00 0.0000E+00 0.0000E+00 1.6293E-09 1.6293E-09 0.0000E+00 0.0000E+00 1.6293E-09 6.69E-06 6.72E-06   0.005 1.0000 6.7708E-06    934.116
13901.00 0.99540716 0.0000E+00 0.0000E+00 0.0000E+00 1.5978E-09 1.5978E-09 0.0000E+00 0.0000E+00 1.5978E-09 6.55E-06 6.58E-06   0.005 1.0000 6.6271E-06    933.840
13911.00 0.99537271 0.0000E+00 0.0000E+00 0.0000E+00 1.5914E-09 1.5914E-09 0.0000E+00 0.0000E+00 1.5914E-09 6.51E-06 6.54E-06   0.005 1.0000 6.5880E-06    934.242
13921.00 0.99536133 0.0000E+00 0.0000E+00 0.0000E+00 1.6142E-09 1.6142E-09 0.0000E+00 0.0000E+00 1.6142E-09 6.59E-06 6.62E-06   0.005 1.0000 6.6696E-06    935.441
13931.00 0.99534160 0.0000E+00 0.0000E+00 0.0000E+00 1.6483E-09 1.6483E-09 0.0000E+00 0.0000E+00 1.6483E-09 6.72E-06 6.75E-06   0.005 1.0000 6.7975E-06    936.934
13941.00 0.99532181 0.0000E+00 0.0000E+00 0.0000E+00 1.6816E-09 1.6816E-09 0.0000E+00 0.0000E+00 1.6816E-09 6.84E-06 6.87E-06   0.005 1.0000 6.9216E-06    938.390
13951.00 0.99530512 0.0000E+00 0.0000E+00 0.0000E+00 1.6159E-09 1.6159E-09 0.0000E+00 0.0000E+00 1.6159E-09 6.56E-06 6.59E-06   0.005 1.0000 6.6387E-06    937.222
13961.00 0.99528694 0.0000E+00 0.0000E+00 0.0000E+00 1.6620E-09 1.6620E-09 0.0000E+00 0.0000E+00 1.6620E-09 6.73E-06 6.76E-06   0.005 1.0000 6.8145E-06    939.031
13971.00 0.99526930 0.0000E+00 0.0000E+00 0.0000E+00 1.6718E-09 1.6718E-09 0.0000E+00 0.0000E+00 1.6718E-09 6.76E-06 6.79E-06   0.005 1.0000 6.8419E-06    939.870
13981.00 0.99525350 0.0000E+00 0.0000E+00 0.0000E+00 1.6287E-09 1.6287E-09 0.0000E+00 0.0000E+00 1.6287E-09 6.57E-06 6.60E-06   0.005 1.0000 6.6525E-06    939.299
13991.00 0.99523962 0.0000E+00 0.0000E+00 0.0000E+00 1.6433E-09 1.6433E-09 0.0000E+00 0.0000E+00 1.6433E-09 6.62E-06 6.65E-06   0.005 1.0000 6.6990E-06    940.269
14001.00 0.99522698 0.0000E+00 0.0000E+00 0.0000E+00 1.6950E-09 1.6950E-09 0.0000E+00 0.0000E+00 1.6950E-09 6.81E-06 6.84E-06   0.005 1.0000 6.8966E-06    942.211
14011.00 0.99521643 0.0000E+00 0.0000E+00 0.0000E+00 1.6894E-09 1.6894E-09 0.0000E+00 0.0000E+00 1.6894E-09 6.77E-06 6.81E-06   0.005 1.0000 6.8603E-06    942.642
14021.00 0.99520749 0.0000E+00 0.0000E+00 0.0000E+00 1.6543E-09 1.6543E-09 0.0000E+00 0.0000E+00 1.6543E-09 6.62E-06 6.65E-06   0.005 1.0000 6.7046E-06    942.296
14031.00 0.99519730 0.0000E+00 0.0000E+00 0.0000E+00 1.6824E-09 1.6824E-09 0.0000E+00 0.0000E+00 1.6824E-09 6.72E-06 6.75E-06   0.005 1.0000 6.8054E-06    943.617
14041.00 0.99518502 0.0000E+00 0.0000E+00 0.0000E+00 1.6830E-09 1.6830E-09 0.0000E+00 0.0000E+00 1.6830E-09 6.71E-06 6.74E-06   0.005 1.0000 6.7943E-06    944.210
14051.00 0.99517214 0.0000E+00 0.0000E+00 0.0000E+00 1.6841E-09 1.6841E-09 0.0000E+00 0.0000E+00 1.6841E-09 6.70E-06 6.73E-06   0.005 1.0000 6.7860E-06    944.818
14061.00 0.99515849 0.0000E+00 0.0000E+00 0.0000E+00 1.6912E-09 1.6912E-09 0.0000E+00 0.0000E+00 1.6912E-09 6.71E-06 6.75E-06   0.005 1.0000 6.8011E-06    945.581
14071.00 0.99514467 0.0000E+00 0.0000E+00 0.0000E+00 1.7223E-09 1.7223E-09 0.0000E+00 0.0000E+00 1.7223E-09 6.82E-06 6.86E-06   0.005 1.0000 6.9130E-06    946.966
14081.00 0.99513066 0.0000E+00 0.0000E+00 0.0000E+00 1.7279E-09 1.7279E-09 0.0000E+00 0.0000E+00 1.7279E-09 6.83E-06 6.87E-06   0.005 1.0000 6.9222E-06    947.688
14091.00 0.99511236 0.0000E+00 0.0000E+00 0.0000E+00 1.7126E-09 1.7126E-09 0.0000E+00 0.0000E+00 1.7126E-09 6.76E-06 6.79E-06   0.005 1.0000 6.8480E-06    947.874
14101.00 0.99509323 0.0000E+00 0.0000E+00 0.0000E+00 1.6960E-09 1.6960E-09 0.0000E+00 0.0000E+00 1.6960E-09 6.68E-06 6.71E-06   0.005 1.0000 6.7686E-06    948.020
14111.00 0.99507928 0.0000E+00 0.0000E+00 0.0000E+00 1.6922E-09 1.6922E-09 0.0000E+00 0.0000E+00 1.6922E-09 6.65E-06 6.69E-06   0.005 1.0000 6.7405E-06    948.499
14121.00 0.99506062 0.0000E+00 0.0000E+00 0.0000E+00 1.7441E-09 1.7441E-09 0.0000E+00 0.0000E+00 1.7441E-09 6.84E-06 6.88E-06   0.005 1.0000 6.9338E-06    950.418
14131.00 0.99503976 0.0000E+00 0.0000E+00 0.0000E+00 1.7418E-09 1.7418E-09 0.0000E+00 0.0000E+00 1.7418E-09 6.82E-06 6.85E-06   0.005 1.0000 6.9114E-06    950.936
14141.00 0.99502349 0.0000E+00 0.0000E+00 0.0000E+00 1.6839E-09 1.6839E-09 0.0000E+00 0.0000E+00 1.6839E-09 6.58E-06 6.61E-06   0.005 1.0000 6.6690E-06    950.014
14151.00 0.99500716 0.0000E+00 0.0000E+00 0.0000E+00 1.7295E-09 1.7295E-09 0.0000E+00 0.0000E+00 1.7295E-09 6.75E-06 6.78E-06   0.005 1.0000 6.8364E-06    951.779
14161.00 0.99499011 0.0000E+00 0.0000E+00 0.0000E+00 1.7302E-09 1.7302E-09 0.0000E+00 0.0000E+00 1.7302E-09 6.74E-06 6.77E-06   0.005 1.0000 6.8263E-06    952.376
14171.00 0.99497235 0.0000E+00 0.0000E+00 0.0000E+00 1.7324E-09 1.7324E-09 0.0000E+00 0.0000E+00 1.7324E-09 6.73E-06 6.76E-06   0.005 1.0000 6.8218E-06    953.010
14181.00 0.99495173 0.0000E+00 0.0000E+00 0.0000E+00 1.7597E-09 1.7597E-09 0.0000E+00 0.0000E+00 1.7597E-09 6.82E-06 6.86E-06   0.005 1.0000 6.9162E-06    954.285
14191.00 0.99493432 0.0000E+00 0.0000E+00 0.0000E+00 1.7590E-09 1.7590E-09 0.0000E+00 0.0000E+00 1.7590E-09 6.81E-06 6.84E-06   0.005 1.0000 6.9005E-06    954.847
14201.00 0.99491352 0.0000E+00 0.0000E+00 0.0000E+00 1.7388E-09 1.7388E-09 0.0000E+00 0.0000E+00 1.7388E-09 6.72E-06 6.75E-06   0.005 1.0000 6.8083E-06    954.910
14211.00 0.99489498 0.0000E+00 0.0000E+00 0.0000E+00 1.7399E-09 1.7399E-09 0.0000E+00 0.0000E+00 1.7399E-09 6.71E-06 6.74E-06   0.005 1.0000 6.7993E-06    955.515
14221.00 0.99487293 0.0000E+00 0.0000E+00 0.0000E+00 1.7432E-09 1.7432E-09 0.0000E+00 0.0000E+00 1.7432E-09 6.71E-06 6.74E-06   0.005 1.0000 6.7995E-06    956.178
14231.00 0.99485016 0.0000E+00 0.0000E+00 0.0000E+00 1.7186E-09 1.7186E-09 0.0000E+00 0.0000E+00 1.7186E-09 6.60E-06 6.63E-06   0.005 1.0000 6.6909E-06    956.121
14241.00 0.99482685 0.0000E+00 0.0000E+00 0.0000E+00 1.7332E-09 1.7332E-09 0.0000E+00 0.0000E+00 1.7332E-09 6.64E-06 6.68E-06   0.005 1.0000 6.7352E-06    957.078
14251.00 0.99480492 0.0000E+00 0.0000E+00 0.0000E+00 1.6977E-09 1.6977E-09 0.0000E+00 0.0000E+00 1.6977E-09 6.49E-06 6.53E-06   0.005 1.0000 6.5845E-06    956.729
14261.00 0.99478471 0.0000E+00 0.0000E+00 0.0000E+00 1.7457E-09 1.7457E-09 0.0000E+00 0.0000E+00 1.7457E-09 6.66E-06 6.70E-06   0.005 1.0000 6.7582E-06    958.555
14271.00 0.99475753 0.0000E+00 0.0000E+00 0.0000E+00 1.7387E-09 1.7387E-09 0.0000E+00 0.0000E+00 1.7387E-09 6.62E-06 6.66E-06   0.005 1.0000 6.7184E-06    958.952
14281.00 0.99473292 0.0000E+00 0.0000E+00 0.0000E+00 1.7429E-09 1.7429E-09 0.0000E+00 0.0000E+00 1.7429E-09 6.63E-06 6.66E-06   0.005 1.0000 6.7221E-06    959.638
 -9999.
