T F 2    2    2    0    2    2    2    2    2    2    1    0    0   0.0000.00000
    1    1    1    0    0    0   5.00000   0.00000   0.00000   0.00000   0.00000
 -99.000 -99.000 -99.000
 -99.00000 -99.00000 -99.00000  2.922360  0.000710 ! H2O & O3 COLUMNS [GM/CM2]
   36MID-LATITUDE SUMMER 
  15.00000  10.00000  98.35973  35.00040   0.31092   0.00000    0        0.00000
    0    0  172    0
   0.00000   0.00000   0.00000  20.00098   0.00000 180.00000   0.00000   0.00000
    9091.0   14286.0      10.0      10.0NW              
    0   0    0.000  0    0.000  0    1.000
    FREQ  TOT_TRANS  PTH_THRML  THRML_SCT  SURF_EMIS   SOL_SCAT  SING_SCAT  GRND_RFLT  DRCT_RFLT  TOTAL_RAD  REF_SOL  SOL@OBS   DEPTH DIR_EM    TOA_SUN BBODY_T[K]
 9091.00 0.98281258 2.3466E-27 0.0000E+00 0.0000E+00 5.9503E-09 5.9503E-09 0.0000E+00 0.0000E+00 5.9503E-09 6.77E-06 6.91E-06   0.017 1.0000 6.9214E-06    694.685
 9101.00 0.98462975 1.8413E-27 0.0000E+00 0.0000E+00 5.8288E-09 5.8288E-09 0.0000E+00 0.0000E+00 5.8288E-09 6.62E-06 6.74E-06   0.015 1.0000 6.7529E-06    694.566
 9111.00 0.98563558 1.5318E-27 0.0000E+00 0.0000E+00 5.8663E-09 5.8663E-09 0.0000E+00 0.0000E+00 5.8663E-09 6.64E-06 6.76E-06   0.014 1.0000 6.7702E-06    695.444
 9121.00 0.98538327 1.4758E-27 0.0000E+00 0.0000E+00 5.8751E-09 5.8751E-09 0.0000E+00 0.0000E+00 5.8751E-09 6.63E-06 6.74E-06   0.015 1.0000 6.7570E-06    696.142
 9131.00 0.98501545 1.4517E-27 0.0000E+00 0.0000E+00 5.8605E-09 5.8605E-09 0.0000E+00 0.0000E+00 5.8605E-09 6.59E-06 6.70E-06   0.015 1.0000 6.7175E-06    696.691
 9141.00 0.98622894 1.1650E-27 0.0000E+00 0.0000E+00 5.6438E-09 5.6438E-09 0.0000E+00 0.0000E+00 5.6438E-09 6.33E-06 6.43E-06   0.014 1.0000 6.4440E-06    695.942
 9151.00 0.98412406 1.4078E-27 0.0000E+00 0.0000E+00 6.0266E-09 6.0266E-09 0.0000E+00 0.0000E+00 6.0266E-09 6.72E-06 6.85E-06   0.016 1.0000 6.8615E-06    699.010
 9161.00 0.98651356 9.8141E-28 0.0000E+00 0.0000E+00 6.1164E-09 6.1164E-09 0.0000E+00 0.0000E+00 6.1164E-09 6.81E-06 6.92E-06   0.014 1.0000 6.9345E-06    700.202
 9171.00 0.98524517 1.0934E-27 0.0000E+00 0.0000E+00 6.1828E-09 6.1828E-09 0.0000E+00 0.0000E+00 6.1828E-09 6.85E-06 6.97E-06   0.015 1.0000 6.9883E-06    701.246
 9181.00 0.98602939 9.2544E-28 0.0000E+00 0.0000E+00 6.1040E-09 6.1040E-09 0.0000E+00 0.0000E+00 6.1040E-09 6.75E-06 6.86E-06   0.014 1.0000 6.8738E-06    701.411
 9191.00 0.98650503 8.0739E-28 0.0000E+00 0.0000E+00 6.1078E-09 6.1078E-09 0.0000E+00 0.0000E+00 6.1078E-09 6.73E-06 6.84E-06   0.014 1.0000 6.8531E-06    702.076
 9201.00 0.98539984 8.8002E-28 0.0000E+00 0.0000E+00 6.0612E-09 6.0612E-09 0.0000E+00 0.0000E+00 6.0612E-09 6.65E-06 6.76E-06   0.015 1.0000 6.7792E-06    702.433
 9211.00 0.98528838 8.4190E-28 0.0000E+00 0.0000E+00 6.3049E-09 6.3049E-09 0.0000E+00 0.0000E+00 6.3049E-09 6.89E-06 7.01E-06   0.015 1.0000 7.0277E-06    704.549
 9221.00 0.98597646 7.1338E-28 0.0000E+00 0.0000E+00 6.2752E-09 6.2752E-09 0.0000E+00 0.0000E+00 6.2752E-09 6.84E-06 6.95E-06   0.014 1.0000 6.9689E-06    705.014
 9231.00 0.98567832 6.9660E-28 0.0000E+00 0.0000E+00 6.1395E-09 6.1395E-09 0.0000E+00 0.0000E+00 6.1395E-09 6.67E-06 6.78E-06   0.014 1.0000 6.7955E-06    704.838
 9241.00 0.98597568 6.2012E-28 0.0000E+00 0.0000E+00 6.1512E-09 6.1512E-09 0.0000E+00 0.0000E+00 6.1512E-09 6.66E-06 6.77E-06   0.014 1.0000 6.7842E-06    705.551
 9251.00 0.98549676 6.1841E-28 0.0000E+00 0.0000E+00 6.2774E-09 6.2774E-09 0.0000E+00 0.0000E+00 6.2774E-09 6.77E-06 6.88E-06   0.015 1.0000 6.9007E-06    706.955
 9261.00 0.98543674 5.7957E-28 0.0000E+00 0.0000E+00 6.3841E-09 6.3841E-09 0.0000E+00 0.0000E+00 6.3841E-09 6.86E-06 6.98E-06   0.015 1.0000 6.9947E-06    708.232
 9271.00 0.98548877 5.3091E-28 0.0000E+00 0.0000E+00 6.2976E-09 6.2976E-09 0.0000E+00 0.0000E+00 6.2976E-09 6.75E-06 6.86E-06   0.015 1.0000 6.8762E-06    708.360
 9281.00 0.98477358 5.4057E-28 0.0000E+00 0.0000E+00 6.4616E-09 6.4616E-09 0.0000E+00 0.0000E+00 6.4616E-09 6.89E-06 7.02E-06   0.015 1.0000 7.0330E-06    709.972
 9291.00 0.98478431 4.9394E-28 0.0000E+00 0.0000E+00 6.4654E-09 6.4654E-09 0.0000E+00 0.0000E+00 6.4654E-09 6.87E-06 7.00E-06   0.015 1.0000 7.0135E-06    710.637
 9301.00 0.98413229 4.9082E-28 0.0000E+00 0.0000E+00 6.3472E-09 6.3472E-09 0.0000E+00 0.0000E+00 6.3472E-09 6.72E-06 6.85E-06   0.016 1.0000 6.8637E-06    710.583
 9311.00 0.98357892 4.7658E-28 0.0000E+00 0.0000E+00 6.4793E-09 6.4793E-09 0.0000E+00 0.0000E+00 6.4793E-09 6.84E-06 6.97E-06   0.017 1.0000 6.9849E-06    712.004
 9321.00 0.98278081 4.7120E-28 0.0000E+00 0.0000E+00 6.4067E-09 6.4067E-09 0.0000E+00 0.0000E+00 6.4067E-09 6.73E-06 6.87E-06   0.017 1.0000 6.8861E-06    712.220
 9331.00 0.98181564 4.6836E-28 0.0000E+00 0.0000E+00 6.5408E-09 6.5408E-09 0.0000E+00 0.0000E+00 6.5408E-09 6.85E-06 6.99E-06   0.018 1.0000 7.0103E-06    713.647
 9341.00 0.98074991 4.6749E-28 0.0000E+00 0.0000E+00 6.5301E-09 6.5301E-09 0.0000E+00 0.0000E+00 6.5301E-09 6.81E-06 6.96E-06   0.019 1.0000 6.9794E-06    714.228
 9351.00 0.97941083 4.7270E-28 0.0000E+00 0.0000E+00 6.2907E-09 6.2907E-09 0.0000E+00 0.0000E+00 6.2907E-09 6.53E-06 6.69E-06   0.021 1.0000 6.7060E-06    713.455
 9361.00 0.97726417 4.8824E-28 0.0000E+00 0.0000E+00 6.4994E-09 6.4994E-09 0.0000E+00 0.0000E+00 6.4994E-09 6.71E-06 6.89E-06   0.023 1.0000 6.9146E-06    715.334
 9371.00 0.97686779 4.7054E-28 0.0000E+00 0.0000E+00 6.6068E-09 6.6068E-09 0.0000E+00 0.0000E+00 6.6068E-09 6.80E-06 6.99E-06   0.023 1.0000 7.0062E-06    716.601
 9381.00 0.97659409 4.4844E-28 0.0000E+00 0.0000E+00 6.5970E-09 6.5970E-09 0.0000E+00 0.0000E+00 6.5970E-09 6.77E-06 6.95E-06   0.024 1.0000 6.9727E-06    717.186
 9391.00 0.97670287 4.2104E-28 0.0000E+00 0.0000E+00 6.7337E-09 6.7337E-09 0.0000E+00 0.0000E+00 6.7337E-09 6.88E-06 7.07E-06   0.024 1.0000 7.0927E-06    718.612
 9401.00 0.97729099 3.8694E-28 0.0000E+00 0.0000E+00 6.7084E-09 6.7084E-09 0.0000E+00 0.0000E+00 6.7084E-09 6.84E-06 7.02E-06   0.023 1.0000 7.0394E-06    719.111
 9411.00 0.97810197 3.5256E-28 0.0000E+00 0.0000E+00 6.7185E-09 6.7185E-09 0.0000E+00 0.0000E+00 6.7185E-09 6.83E-06 7.00E-06   0.022 1.0000 7.0221E-06    719.812
 9421.00 0.97862655 3.2399E-28 0.0000E+00 0.0000E+00 6.7273E-09 6.7273E-09 0.0000E+00 0.0000E+00 6.7273E-09 6.81E-06 6.99E-06   0.022 1.0000 7.0055E-06    720.505
 9431.00 0.97899055 2.9995E-28 0.0000E+00 0.0000E+00 6.7153E-09 6.7153E-09 0.0000E+00 0.0000E+00 6.7153E-09 6.78E-06 6.95E-06   0.021 1.0000 6.9676E-06    721.079
 9441.00 0.97944915 2.7632E-28 0.0000E+00 0.0000E+00 6.7206E-09 6.7206E-09 0.0000E+00 0.0000E+00 6.7206E-09 6.77E-06 6.93E-06   0.021 1.0000 6.9484E-06    721.752
 9451.00 0.98014027 2.5131E-28 0.0000E+00 0.0000E+00 6.7721E-09 6.7721E-09 0.0000E+00 0.0000E+00 6.7721E-09 6.80E-06 6.96E-06   0.020 1.0000 6.9764E-06    722.688
 9461.00 0.98091179 2.2719E-28 0.0000E+00 0.0000E+00 6.9056E-09 6.9056E-09 0.0000E+00 0.0000E+00 6.9056E-09 6.91E-06 7.07E-06   0.019 1.0000 7.0891E-06    724.082
 9471.00 0.98163891 2.0553E-28 0.0000E+00 0.0000E+00 6.9310E-09 6.9310E-09 0.0000E+00 0.0000E+00 6.9310E-09 6.92E-06 7.07E-06   0.019 1.0000 7.0904E-06    724.866
 9481.00 0.98221719 1.8714E-28 0.0000E+00 0.0000E+00 6.9490E-09 6.9490E-09 0.0000E+00 0.0000E+00 6.9490E-09 6.92E-06 7.07E-06   0.018 1.0000 7.0848E-06    725.609
 9491.00 0.98260701 1.7202E-28 0.0000E+00 0.0000E+00 6.9148E-09 6.9148E-09 0.0000E+00 0.0000E+00 6.9148E-09 6.87E-06 7.01E-06   0.018 1.0000 7.0271E-06    726.062
 9501.00 0.98284781 1.5935E-28 0.0000E+00 0.0000E+00 6.9753E-09 6.9753E-09 0.0000E+00 0.0000E+00 6.9753E-09 6.91E-06 7.05E-06   0.017 1.0000 7.0663E-06    727.042
 9511.00 0.98323476 1.4664E-28 0.0000E+00 0.0000E+00 7.0046E-09 7.0046E-09 0.0000E+00 0.0000E+00 7.0046E-09 6.92E-06 7.05E-06   0.017 1.0000 7.0729E-06    727.847
 9521.00 0.98328465 1.3730E-28 0.0000E+00 0.0000E+00 7.0218E-09 7.0218E-09 0.0000E+00 0.0000E+00 7.0218E-09 6.91E-06 7.05E-06   0.017 1.0000 7.0689E-06    728.585
 9531.00 0.98334718 1.2880E-28 0.0000E+00 0.0000E+00 7.0581E-09 7.0581E-09 0.0000E+00 0.0000E+00 7.0581E-09 6.93E-06 7.06E-06   0.017 1.0000 7.0837E-06    729.428
 9541.00 0.98412281 1.1614E-28 0.0000E+00 0.0000E+00 7.0844E-09 7.0844E-09 0.0000E+00 0.0000E+00 7.0844E-09 6.94E-06 7.07E-06   0.016 1.0000 7.0847E-06    730.216
 9551.00 0.98424453 1.0852E-28 0.0000E+00 0.0000E+00 7.0399E-09 7.0399E-09 0.0000E+00 0.0000E+00 7.0399E-09 6.87E-06 7.00E-06   0.016 1.0000 7.0183E-06    730.614
 9561.00 0.98432946 1.0165E-28 0.0000E+00 0.0000E+00 6.9868E-09 6.9868E-09 0.0000E+00 0.0000E+00 6.9868E-09 6.80E-06 6.93E-06   0.016 1.0000 6.9440E-06    730.963
 9571.00 0.98440647 9.5304E-29 0.0000E+00 0.0000E+00 7.1389E-09 7.1389E-09 0.0000E+00 0.0000E+00 7.1389E-09 6.93E-06 7.05E-06   0.016 1.0000 7.0733E-06    732.444
 9581.00 0.98446387 8.9455E-29 0.0000E+00 0.0000E+00 7.1708E-09 7.1708E-09 0.0000E+00 0.0000E+00 7.1708E-09 6.94E-06 7.06E-06   0.016 1.0000 7.0833E-06    733.261
 9591.00 0.98449099 8.4142E-29 0.0000E+00 0.0000E+00 7.1449E-09 7.1449E-09 0.0000E+00 0.0000E+00 7.1449E-09 6.89E-06 7.02E-06   0.016 1.0000 7.0362E-06    733.762
 9601.00 0.98448157 7.9323E-29 0.0000E+00 0.0000E+00 7.2319E-09 7.2319E-09 0.0000E+00 0.0000E+00 7.2319E-09 6.96E-06 7.08E-06   0.016 1.0000 7.1006E-06    734.878
 9611.00 0.98444122 7.4876E-29 0.0000E+00 0.0000E+00 7.2109E-09 7.2109E-09 0.0000E+00 0.0000E+00 7.2109E-09 6.91E-06 7.04E-06   0.016 1.0000 7.0589E-06    735.407
 9621.00 0.98441201 7.0648E-29 0.0000E+00 0.0000E+00 7.2277E-09 7.2277E-09 0.0000E+00 0.0000E+00 7.2277E-09 6.91E-06 7.04E-06   0.016 1.0000 7.0542E-06    736.142
 9631.00 0.98446107 6.6375E-29 0.0000E+00 0.0000E+00 7.2448E-09 7.2448E-09 0.0000E+00 0.0000E+00 7.2448E-09 6.91E-06 7.03E-06   0.016 1.0000 7.0494E-06    736.878
 9641.00 0.98427504 6.3224E-29 0.0000E+00 0.0000E+00 7.2186E-09 7.2186E-09 0.0000E+00 0.0000E+00 7.2186E-09 6.86E-06 6.98E-06   0.016 1.0000 7.0036E-06    737.379
 9651.00 0.98447400 5.8925E-29 0.0000E+00 0.0000E+00 7.3512E-09 7.3512E-09 0.0000E+00 0.0000E+00 7.3512E-09 6.96E-06 7.09E-06   0.016 1.0000 7.1097E-06    738.736
 9661.00 0.98454773 5.5254E-29 0.0000E+00 0.0000E+00 7.2867E-09 7.2867E-09 0.0000E+00 0.0000E+00 7.2867E-09 6.88E-06 7.01E-06   0.016 1.0000 7.0258E-06    739.033
 9671.00 0.98452789 5.2148E-29 0.0000E+00 0.0000E+00 7.3104E-09 7.3104E-09 0.0000E+00 0.0000E+00 7.3104E-09 6.88E-06 7.01E-06   0.016 1.0000 7.0276E-06    739.804
 9681.00 0.98451048 4.9191E-29 0.0000E+00 0.0000E+00 7.3119E-09 7.3119E-09 0.0000E+00 0.0000E+00 7.3119E-09 6.86E-06 6.99E-06   0.016 1.0000 7.0080E-06    740.454
 9691.00 0.98447853 4.6478E-29 0.0000E+00 0.0000E+00 7.4382E-09 7.4382E-09 0.0000E+00 0.0000E+00 7.4382E-09 6.96E-06 7.09E-06   0.016 1.0000 7.1079E-06    741.773
 9701.00 0.98445171 4.3885E-29 0.0000E+00 0.0000E+00 7.4500E-09 7.4500E-09 0.0000E+00 0.0000E+00 7.4500E-09 6.95E-06 7.08E-06   0.016 1.0000 7.0980E-06    742.478
 9711.00 0.98442715 4.1407E-29 0.0000E+00 0.0000E+00 7.4560E-09 7.4560E-09 0.0000E+00 0.0000E+00 7.4560E-09 6.94E-06 7.06E-06   0.016 1.0000 7.0827E-06    743.153
 9721.00 0.98436230 3.9289E-29 0.0000E+00 0.0000E+00 7.4843E-09 7.4843E-09 0.0000E+00 0.0000E+00 7.4843E-09 6.94E-06 7.07E-06   0.016 1.0000 7.0883E-06    743.946
 9731.00 0.98428220 3.7346E-29 0.0000E+00 0.0000E+00 7.5485E-09 7.5485E-09 0.0000E+00 0.0000E+00 7.5485E-09 6.98E-06 7.11E-06   0.016 1.0000 7.1280E-06    744.928
 9741.00 0.98430330 3.5007E-29 0.0000E+00 0.0000E+00 7.5570E-09 7.5570E-09 0.0000E+00 0.0000E+00 7.5570E-09 6.97E-06 7.10E-06   0.016 1.0000 7.1148E-06    745.616
 9751.00 0.98426008 3.3103E-29 0.0000E+00 0.0000E+00 7.5910E-09 7.5910E-09 0.0000E+00 0.0000E+00 7.5910E-09 6.98E-06 7.11E-06   0.016 1.0000 7.1256E-06    746.437
 9761.00 0.98417163 3.1470E-29 0.0000E+00 0.0000E+00 7.5991E-09 7.5991E-09 0.0000E+00 0.0000E+00 7.5991E-09 6.96E-06 7.09E-06   0.016 1.0000 7.1121E-06    747.123
 9771.00 0.98403233 3.0157E-29 0.0000E+00 0.0000E+00 7.6343E-09 7.6343E-09 0.0000E+00 0.0000E+00 7.6343E-09 6.97E-06 7.10E-06   0.016 1.0000 7.1242E-06    747.950
 9781.00 0.98413104 2.7959E-29 0.0000E+00 0.0000E+00 7.5719E-09 7.5719E-09 0.0000E+00 0.0000E+00 7.5719E-09 6.90E-06 7.03E-06   0.016 1.0000 7.0450E-06    748.267
 9791.00 0.98410487 2.6373E-29 0.0000E+00 0.0000E+00 7.5876E-09 7.5876E-09 0.0000E+00 0.0000E+00 7.5876E-09 6.89E-06 7.02E-06   0.016 1.0000 7.0386E-06    748.992
 9801.00 0.98406136 2.4916E-29 0.0000E+00 0.0000E+00 7.6281E-09 7.6281E-09 0.0000E+00 0.0000E+00 7.6281E-09 6.91E-06 7.04E-06   0.016 1.0000 7.0554E-06    749.847
 9811.00 0.98387969 2.3995E-29 0.0000E+00 0.0000E+00 7.5673E-09 7.5673E-09 0.0000E+00 0.0000E+00 7.5673E-09 6.83E-06 6.96E-06   0.016 1.0000 6.9787E-06    750.171
 9821.00 0.98402613 2.2101E-29 0.0000E+00 0.0000E+00 7.6812E-09 7.6812E-09 0.0000E+00 0.0000E+00 7.6812E-09 6.91E-06 7.04E-06   0.016 1.0000 7.0623E-06    751.410
 9831.00 0.98393339 2.1028E-29 0.0000E+00 0.0000E+00 7.7194E-09 7.7194E-09 0.0000E+00 0.0000E+00 7.7194E-09 6.93E-06 7.06E-06   0.016 1.0000 7.0767E-06    752.251
 9841.00 0.98391420 1.9796E-29 0.0000E+00 0.0000E+00 7.7190E-09 7.7190E-09 0.0000E+00 0.0000E+00 7.7190E-09 6.91E-06 7.04E-06   0.016 1.0000 7.0554E-06    752.893
 9851.00 0.98381078 1.8857E-29 0.0000E+00 0.0000E+00 7.7373E-09 7.7373E-09 0.0000E+00 0.0000E+00 7.7373E-09 6.90E-06 7.03E-06   0.016 1.0000 7.0514E-06    753.630
 9861.00 0.98381382 1.7714E-29 0.0000E+00 0.0000E+00 7.8175E-09 7.8175E-09 0.0000E+00 0.0000E+00 7.8175E-09 6.95E-06 7.08E-06   0.016 1.0000 7.1034E-06    754.687
 9871.00 0.98377466 1.6720E-29 0.0000E+00 0.0000E+00 7.8483E-09 7.8483E-09 0.0000E+00 0.0000E+00 7.8483E-09 6.96E-06 7.09E-06   0.016 1.0000 7.1106E-06    755.488
 9881.00 0.98362786 1.6009E-29 0.0000E+00 0.0000E+00 7.8733E-09 7.8733E-09 0.0000E+00 0.0000E+00 7.8733E-09 6.96E-06 7.09E-06   0.017 1.0000 7.1125E-06    756.259
 9891.00 0.98367488 1.4950E-29 0.0000E+00 0.0000E+00 7.8989E-09 7.8989E-09 0.0000E+00 0.0000E+00 7.8989E-09 6.96E-06 7.09E-06   0.016 1.0000 7.1147E-06    757.033
 9901.00 0.98338044 1.4579E-29 0.0000E+00 0.0000E+00 7.9382E-09 7.9382E-09 0.0000E+00 0.0000E+00 7.9382E-09 6.97E-06 7.11E-06   0.017 1.0000 7.1297E-06    757.876
 9911.00 0.98331505 1.3815E-29 0.0000E+00 0.0000E+00 7.9392E-09 7.9392E-09 0.0000E+00 0.0000E+00 7.9392E-09 6.95E-06 7.09E-06   0.017 1.0000 7.1100E-06    758.525
 9921.00 0.98345047 1.2754E-29 0.0000E+00 0.0000E+00 7.9704E-09 7.9704E-09 0.0000E+00 0.0000E+00 7.9704E-09 6.96E-06 7.10E-06   0.017 1.0000 7.1166E-06    759.326
 9931.00 0.98348796 1.1920E-29 0.0000E+00 0.0000E+00 7.9473E-09 7.9473E-09 0.0000E+00 0.0000E+00 7.9473E-09 6.92E-06 7.05E-06   0.017 1.0000 7.0750E-06    759.852
 9941.00 0.98340350 1.1315E-29 0.0000E+00 0.0000E+00 7.7061E-09 7.7061E-09 0.0000E+00 0.0000E+00 7.7061E-09 6.69E-06 6.82E-06   0.017 1.0000 6.8405E-06    759.251
 9951.00 0.98337507 1.0669E-29 0.0000E+00 0.0000E+00 7.5664E-09 7.5664E-09 0.0000E+00 0.0000E+00 7.5664E-09 6.55E-06 6.68E-06   0.017 1.0000 6.6965E-06    759.156
 9961.00 0.98326594 1.0159E-29 0.0000E+00 0.0000E+00 7.9557E-09 7.9557E-09 0.0000E+00 0.0000E+00 7.9557E-09 6.87E-06 7.00E-06   0.017 1.0000 7.0208E-06    761.824
 9971.00 0.98323762 9.5701E-30 0.0000E+00 0.0000E+00 8.0568E-09 8.0568E-09 0.0000E+00 0.0000E+00 8.0568E-09 6.93E-06 7.07E-06   0.017 1.0000 7.0893E-06    762.979
 9981.00 0.98290521 9.3782E-30 0.0000E+00 0.0000E+00 8.1431E-09 8.1431E-09 0.0000E+00 0.0000E+00 8.1431E-09 6.98E-06 7.12E-06   0.017 1.0000 7.1451E-06    764.055
 9991.00 0.98321247 8.4653E-30 0.0000E+00 0.0000E+00 8.1603E-09 8.1603E-09 0.0000E+00 0.0000E+00 8.1603E-09 6.98E-06 7.12E-06   0.017 1.0000 7.1388E-06    764.783
10001.00 0.98308623 8.0773E-30 0.0000E+00 0.0000E+00 8.1429E-09 8.1429E-09 0.0000E+00 0.0000E+00 8.1429E-09 6.94E-06 7.08E-06   0.017 1.0000 7.1031E-06    765.340
10011.00 0.98307788 7.5875E-30 0.0000E+00 0.0000E+00 8.1804E-09 8.1804E-09 0.0000E+00 0.0000E+00 8.1804E-09 6.96E-06 7.09E-06   0.017 1.0000 7.1150E-06    766.170
10021.00 0.98301977 7.1697E-30 0.0000E+00 0.0000E+00 8.2224E-09 8.2224E-09 0.0000E+00 0.0000E+00 8.2224E-09 6.97E-06 7.11E-06   0.017 1.0000 7.1310E-06    767.023
10031.00 0.98299080 6.7491E-30 0.0000E+00 0.0000E+00 8.2471E-09 8.2471E-09 0.0000E+00 0.0000E+00 8.2471E-09 6.97E-06 7.11E-06   0.017 1.0000 7.1318E-06    767.788
10041.00 0.98291999 6.3829E-30 0.0000E+00 0.0000E+00 8.2528E-09 8.2528E-09 0.0000E+00 0.0000E+00 8.2528E-09 6.96E-06 7.09E-06   0.017 1.0000 7.1164E-06    768.460
10051.00 0.98286164 6.0272E-30 0.0000E+00 0.0000E+00 8.2797E-09 8.2797E-09 0.0000E+00 0.0000E+00 8.2797E-09 6.96E-06 7.10E-06   0.017 1.0000 7.1191E-06    769.236
10061.00 0.98276937 5.7239E-30 0.0000E+00 0.0000E+00 8.3158E-09 8.3158E-09 0.0000E+00 0.0000E+00 8.3158E-09 6.97E-06 7.11E-06   0.017 1.0000 7.1296E-06    770.057
10071.00 0.98250061 5.5602E-30 0.0000E+00 0.0000E+00 8.3306E-09 8.3306E-09 0.0000E+00 0.0000E+00 8.3306E-09 6.96E-06 7.10E-06   0.018 1.0000 7.1221E-06    770.773
10081.00 0.98261076 5.1344E-30 0.0000E+00 0.0000E+00 8.3324E-09 8.3324E-09 0.0000E+00 0.0000E+00 8.3324E-09 6.94E-06 7.08E-06   0.018 1.0000 7.1031E-06    771.425
10091.00 0.98246366 4.9093E-30 0.0000E+00 0.0000E+00 8.3344E-09 8.3344E-09 0.0000E+00 0.0000E+00 8.3344E-09 6.92E-06 7.06E-06   0.018 1.0000 7.0846E-06    772.078
10101.00 0.98232865 4.7169E-30 0.0000E+00 0.0000E+00 8.3027E-09 8.3027E-09 0.0000E+00 0.0000E+00 8.3027E-09 6.87E-06 7.01E-06   0.018 1.0000 7.0367E-06    772.565
10111.00 0.98255616 4.3169E-30 0.0000E+00 0.0000E+00 8.3074E-09 8.3074E-09 0.0000E+00 0.0000E+00 8.3074E-09 6.86E-06 7.00E-06   0.018 1.0000 7.0192E-06    773.231
10121.00 0.98225075 4.2155E-30 0.0000E+00 0.0000E+00 8.4377E-09 8.4377E-09 0.0000E+00 0.0000E+00 8.4377E-09 6.94E-06 7.09E-06   0.018 1.0000 7.1091E-06    774.514
10131.00 0.98211628 4.0328E-30 0.0000E+00 0.0000E+00 8.4222E-09 8.4222E-09 0.0000E+00 0.0000E+00 8.4222E-09 6.91E-06 7.05E-06   0.018 1.0000 7.0756E-06    775.081
10141.00 0.98227024 3.7148E-30 0.0000E+00 0.0000E+00 8.4540E-09 8.4540E-09 0.0000E+00 0.0000E+00 8.4540E-09 6.92E-06 7.06E-06   0.018 1.0000 7.0813E-06    775.880
10151.00 0.98116267 3.9723E-30 0.0000E+00 0.0000E+00 8.5138E-09 8.5138E-09 0.0000E+00 0.0000E+00 8.5138E-09 6.94E-06 7.09E-06   0.019 1.0000 7.1130E-06    776.814
10161.00 0.98157734 3.5675E-30 0.0000E+00 0.0000E+00 8.5100E-09 8.5100E-09 0.0000E+00 0.0000E+00 8.5100E-09 6.92E-06 7.07E-06   0.019 1.0000 7.0884E-06    777.438
10171.00 0.98055059 3.7395E-30 0.0000E+00 0.0000E+00 8.5324E-09 8.5324E-09 0.0000E+00 0.0000E+00 8.5324E-09 6.91E-06 7.07E-06   0.020 1.0000 7.0885E-06    778.190
10181.00 0.98049188 3.5433E-30 0.0000E+00 0.0000E+00 8.5996E-09 8.5996E-09 0.0000E+00 0.0000E+00 8.5996E-09 6.94E-06 7.10E-06   0.020 1.0000 7.1238E-06    779.158
10191.00 0.98078400 3.2160E-30 0.0000E+00 0.0000E+00 8.6377E-09 8.6377E-09 0.0000E+00 0.0000E+00 8.6377E-09 6.96E-06 7.11E-06   0.019 1.0000 7.1342E-06    779.985
10201.00 0.97730994 4.1099E-30 0.0000E+00 0.0000E+00 8.5792E-09 8.5792E-09 0.0000E+00 0.0000E+00 8.5792E-09 6.87E-06 7.05E-06   0.023 1.0000 7.0727E-06    780.346
10211.00 0.97683454 4.0279E-30 0.0000E+00 0.0000E+00 8.5571E-09 8.5571E-09 0.0000E+00 0.0000E+00 8.5571E-09 6.83E-06 7.01E-06   0.023 1.0000 7.0352E-06    780.882
10221.00 0.97602749 3.9825E-30 0.0000E+00 0.0000E+00 8.6011E-09 8.6011E-09 0.0000E+00 0.0000E+00 8.6011E-09 6.84E-06 7.03E-06   0.024 1.0000 7.0526E-06    781.738
10231.00 0.97887576 3.0136E-30 0.0000E+00 0.0000E+00 8.6746E-09 8.6746E-09 0.0000E+00 0.0000E+00 8.6746E-09 6.89E-06 7.06E-06   0.021 1.0000 7.0865E-06    782.735
10241.00 0.97392178 4.0159E-30 0.0000E+00 0.0000E+00 8.6227E-09 8.6227E-09 0.0000E+00 0.0000E+00 8.6227E-09 6.80E-06 7.01E-06   0.026 1.0000 7.0343E-06    783.128
10251.00 0.97148669 4.2888E-30 0.0000E+00 0.0000E+00 8.7425E-09 8.7425E-09 0.0000E+00 0.0000E+00 8.7425E-09 6.86E-06 7.09E-06   0.029 1.0000 7.1175E-06    784.346
10261.00 0.97166419 3.9603E-30 0.0000E+00 0.0000E+00 8.6235E-09 8.6235E-09 0.0000E+00 0.0000E+00 8.6235E-09 6.75E-06 6.98E-06   0.029 1.0000 7.0004E-06    784.417
10271.00 0.97431332 3.3023E-30 0.0000E+00 0.0000E+00 8.6877E-09 8.6877E-09 0.0000E+00 0.0000E+00 8.6877E-09 6.80E-06 7.00E-06   0.026 1.0000 7.0253E-06    785.369
10281.00 0.97596902 2.7568E-30 0.0000E+00 0.0000E+00 8.8183E-09 8.8183E-09 0.0000E+00 0.0000E+00 8.8183E-09 6.89E-06 7.08E-06   0.024 1.0000 7.1074E-06    786.635
10291.00 0.97539562 2.6845E-30 0.0000E+00 0.0000E+00 8.8573E-09 8.8573E-09 0.0000E+00 0.0000E+00 8.8573E-09 6.90E-06 7.10E-06   0.025 1.0000 7.1198E-06    787.463
10301.00 0.97675151 2.2883E-30 0.0000E+00 0.0000E+00 8.8116E-09 8.8116E-09 0.0000E+00 0.0000E+00 8.8116E-09 6.85E-06 7.04E-06   0.024 1.0000 7.0598E-06    787.889
10311.00 0.97754651 2.0515E-30 0.0000E+00 0.0000E+00 8.8976E-09 8.8976E-09 0.0000E+00 0.0000E+00 8.8976E-09 6.90E-06 7.08E-06   0.023 1.0000 7.1065E-06    788.940
10321.00 0.97688216 1.9941E-30 0.0000E+00 0.0000E+00 8.8922E-09 8.8922E-09 0.0000E+00 0.0000E+00 8.8922E-09 6.87E-06 7.06E-06   0.023 1.0000 7.0834E-06    789.557
10331.00 0.97444177 2.2266E-30 0.0000E+00 0.0000E+00 8.8573E-09 8.8573E-09 0.0000E+00 0.0000E+00 8.8573E-09 6.81E-06 7.02E-06   0.026 1.0000 7.0410E-06    790.035
10341.00 0.96818018 2.9267E-30 0.0000E+00 0.0000E+00 8.9162E-09 8.9162E-09 0.0000E+00 0.0000E+00 8.9162E-09 6.80E-06 7.06E-06   0.032 1.0000 7.0807E-06    790.956
10351.00 0.96763909 2.8556E-30 0.0000E+00 0.0000E+00 8.7724E-09 8.7724E-09 0.0000E+00 0.0000E+00 8.7724E-09 6.67E-06 6.92E-06   0.033 1.0000 6.9482E-06    790.915
10361.00 0.96878201 2.5489E-30 0.0000E+00 0.0000E+00 8.9208E-09 8.9208E-09 0.0000E+00 0.0000E+00 8.9208E-09 6.77E-06 7.02E-06   0.032 1.0000 7.0420E-06    792.264
10371.00 0.96330941 2.9786E-30 0.0000E+00 0.0000E+00 8.9099E-09 8.9099E-09 0.0000E+00 0.0000E+00 8.9099E-09 6.71E-06 7.00E-06   0.037 1.0000 7.0259E-06    792.855
10381.00 0.96967655 2.1446E-30 0.0000E+00 0.0000E+00 8.9582E-09 8.9582E-09 0.0000E+00 0.0000E+00 8.9582E-09 6.76E-06 7.01E-06   0.031 1.0000 7.0297E-06    793.725
10391.00 0.95771372 3.2118E-30 0.0000E+00 0.0000E+00 8.9325E-09 8.9325E-09 0.0000E+00 0.0000E+00 8.9325E-09 6.66E-06 6.99E-06   0.043 1.0000 7.0152E-06    794.247
10401.00 0.96863878 2.0206E-30 0.0000E+00 0.0000E+00 9.1175E-09 9.1175E-09 0.0000E+00 0.0000E+00 9.1175E-09 6.84E-06 7.09E-06   0.032 1.0000 7.1156E-06    795.756
10411.00 0.96228224 2.4544E-30 0.0000E+00 0.0000E+00 8.9880E-09 8.9880E-09 0.0000E+00 0.0000E+00 8.9880E-09 6.69E-06 6.98E-06   0.038 1.0000 7.0090E-06    795.794
10421.00 0.95493019 2.9527E-30 0.0000E+00 0.0000E+00 9.1240E-09 9.1240E-09 0.0000E+00 0.0000E+00 9.1240E-09 6.72E-06 7.08E-06   0.046 1.0000 7.1097E-06    797.072
10431.00 0.95813042 2.5153E-30 0.0000E+00 0.0000E+00 9.1821E-09 9.1821E-09 0.0000E+00 0.0000E+00 9.1821E-09 6.77E-06 7.10E-06   0.043 1.0000 7.1282E-06    797.984
10441.00 0.96439058 1.8947E-30 0.0000E+00 0.0000E+00 9.1002E-09 9.1002E-09 0.0000E+00 0.0000E+00 9.1002E-09 6.72E-06 7.01E-06   0.036 1.0000 7.0319E-06    798.247
10451.00 0.94999135 2.7426E-30 0.0000E+00 0.0000E+00 9.0969E-09 9.0969E-09 0.0000E+00 0.0000E+00 9.0969E-09 6.62E-06 7.02E-06   0.051 1.0000 7.0411E-06    798.874
10461.00 0.95239717 2.4302E-30 0.0000E+00 0.0000E+00 9.0960E-09 9.0960E-09 0.0000E+00 0.0000E+00 9.0960E-09 6.61E-06 6.99E-06   0.049 1.0000 7.0152E-06    799.512
10471.00 0.95038062 2.3074E-30 0.0000E+00 0.0000E+00 8.6361E-09 8.6361E-09 0.0000E+00 0.0000E+00 8.6361E-09 6.26E-06 6.62E-06   0.051 1.0000 6.6482E-06    797.956
10481.00 0.95341468 2.0620E-30 0.0000E+00 0.0000E+00 9.0386E-09 9.0386E-09 0.0000E+00 0.0000E+00 9.0386E-09 6.55E-06 6.90E-06   0.048 1.0000 6.9292E-06    800.528
10491.00 0.95101416 2.0709E-30 0.0000E+00 0.0000E+00 9.2243E-09 9.2243E-09 0.0000E+00 0.0000E+00 9.2243E-09 6.64E-06 7.03E-06   0.050 1.0000 7.0576E-06    802.036
10501.00 0.92670196 3.0172E-30 0.0000E+00 0.0000E+00 9.2362E-09 9.2362E-09 0.0000E+00 0.0000E+00 9.2362E-09 6.51E-06 7.08E-06   0.076 1.0000 7.1082E-06    802.733
10511.00 0.96466732 1.1998E-30 0.0000E+00 0.0000E+00 9.3536E-09 9.3536E-09 0.0000E+00 0.0000E+00 9.3536E-09 6.78E-06 7.06E-06   0.036 1.0000 7.0870E-06    803.916
10521.00 0.93437278 2.2592E-30 0.0000E+00 0.0000E+00 9.2739E-09 9.2739E-09 0.0000E+00 0.0000E+00 9.2739E-09 6.54E-06 7.05E-06   0.068 1.0000 7.0837E-06    804.192
10531.00 0.93517601 2.1625E-30 0.0000E+00 0.0000E+00 9.3718E-09 9.3718E-09 0.0000E+00 0.0000E+00 9.3718E-09 6.60E-06 7.10E-06   0.067 1.0000 7.1337E-06    805.284
10541.00 0.93831819 1.8319E-30 0.0000E+00 0.0000E+00 9.3895E-09 9.3895E-09 0.0000E+00 0.0000E+00 9.3895E-09 6.61E-06 7.09E-06   0.064 1.0000 7.1238E-06    806.008
10551.00 0.94210017 1.7259E-30 0.0000E+00 0.0000E+00 9.4210E-09 9.4210E-09 0.0000E+00 0.0000E+00 9.4210E-09 6.63E-06 7.08E-06   0.060 1.0000 7.1123E-06    806.794
10561.00 0.94388545 1.5338E-30 0.0000E+00 0.0000E+00 9.4038E-09 9.4038E-09 0.0000E+00 0.0000E+00 9.4038E-09 6.61E-06 7.05E-06   0.058 1.0000 7.0759E-06    807.358
10571.00 0.92053694 2.1393E-30 0.0000E+00 0.0000E+00 9.3361E-09 9.3361E-09 0.0000E+00 0.0000E+00 9.3361E-09 6.42E-06 7.03E-06   0.083 1.0000 7.0632E-06    807.691
10581.00 0.94537252 1.3411E-30 0.0000E+00 0.0000E+00 9.3732E-09 9.3732E-09 0.0000E+00 0.0000E+00 9.3732E-09 6.55E-06 6.98E-06   0.056 1.0000 7.0083E-06    808.503
10591.00 0.90393269 2.2678E-30 0.0000E+00 0.0000E+00 9.1411E-09 9.1411E-09 0.0000E+00 0.0000E+00 9.1411E-09 6.17E-06 6.89E-06   0.101 1.0000 6.9242E-06    808.070
10601.00 0.91671771 1.7403E-30 0.0000E+00 0.0000E+00 9.3153E-09 9.3153E-09 0.0000E+00 0.0000E+00 9.3153E-09 6.34E-06 6.98E-06   0.087 1.0000 7.0103E-06    809.521
10611.00 0.93726653 1.2360E-30 0.0000E+00 0.0000E+00 9.4036E-09 9.4036E-09 0.0000E+00 0.0000E+00 9.4036E-09 6.49E-06 6.97E-06   0.065 1.0000 7.0013E-06    810.570
10621.00 0.95281166 8.6109E-31 0.0000E+00 0.0000E+00 9.0668E-09 9.0668E-09 0.0000E+00 0.0000E+00 9.0668E-09 6.31E-06 6.66E-06   0.048 1.0000 6.6904E-06    809.644
10631.00 0.95426327 8.0795E-31 0.0000E+00 0.0000E+00 9.4214E-09 9.4214E-09 0.0000E+00 0.0000E+00 9.4214E-09 6.54E-06 6.90E-06   0.047 1.0000 6.9249E-06    811.935
10641.00 0.96294093 5.7303E-31 0.0000E+00 0.0000E+00 9.6704E-09 9.6704E-09 0.0000E+00 0.0000E+00 9.6704E-09 6.75E-06 7.04E-06   0.038 1.0000 7.0679E-06    813.704
10651.00 0.93069327 1.0966E-30 0.0000E+00 0.0000E+00 9.6091E-09 9.6091E-09 0.0000E+00 0.0000E+00 9.6091E-09 6.52E-06 7.05E-06   0.072 1.0000 7.0860E-06    814.071
10661.00 0.90304279 1.4380E-30 0.0000E+00 0.0000E+00 9.5651E-09 9.5651E-09 0.0000E+00 0.0000E+00 9.5651E-09 6.33E-06 7.08E-06   0.102 1.0000 7.1135E-06    814.516
10671.00 0.90411395 1.3703E-30 0.0000E+00 0.0000E+00 9.5916E-09 9.5916E-09 0.0000E+00 0.0000E+00 9.5916E-09 6.33E-06 7.07E-06   0.101 1.0000 7.1053E-06    815.277
10681.00 0.90557319 1.3001E-30 0.0000E+00 0.0000E+00 9.5260E-09 9.5260E-09 0.0000E+00 0.0000E+00 9.5260E-09 6.27E-06 6.99E-06   0.099 1.0000 7.0271E-06    815.622
10691.00 0.91475099 1.1155E-30 0.0000E+00 0.0000E+00 9.6143E-09 9.6143E-09 0.0000E+00 0.0000E+00 9.6143E-09 6.36E-06 7.02E-06   0.089 1.0000 7.0496E-06    816.664
10701.00 0.88048148 1.4617E-30 0.0000E+00 0.0000E+00 9.6147E-09 9.6147E-09 0.0000E+00 0.0000E+00 9.6147E-09 6.17E-06 7.08E-06   0.127 1.0000 7.1224E-06    817.308
10711.00 0.91980445 9.4877E-31 0.0000E+00 0.0000E+00 9.8061E-09 9.8061E-09 0.0000E+00 0.0000E+00 9.8061E-09 6.47E-06 7.10E-06   0.084 1.0000 7.1299E-06    818.807
10721.00 0.92676145 8.3303E-31 0.0000E+00 0.0000E+00 9.8404E-09 9.8404E-09 0.0000E+00 0.0000E+00 9.8404E-09 6.51E-06 7.08E-06   0.076 1.0000 7.1129E-06    819.602
10731.00 0.92965722 7.6035E-31 0.0000E+00 0.0000E+00 9.8331E-09 9.8331E-09 0.0000E+00 0.0000E+00 9.8331E-09 6.50E-06 7.05E-06   0.073 1.0000 7.0795E-06    820.212
10741.00 0.95162070 4.6243E-31 0.0000E+00 0.0000E+00 9.9859E-09 9.9859E-09 0.0000E+00 0.0000E+00 9.9859E-09 6.70E-06 7.09E-06   0.050 1.0000 7.1186E-06    821.527
10751.00 0.96477360 2.9179E-31 0.0000E+00 0.0000E+00 1.0016E-08 1.0016E-08 0.0000E+00 0.0000E+00 1.0016E-08 6.78E-06 7.06E-06   0.036 1.0000 7.0904E-06    822.304
10761.00 0.97162217 1.9528E-31 0.0000E+00 0.0000E+00 9.9857E-09 9.9857E-09 0.0000E+00 0.0000E+00 9.9857E-09 6.78E-06 7.01E-06   0.029 1.0000 7.0349E-06    822.812
10771.00 0.97012115 1.9723E-31 0.0000E+00 0.0000E+00 1.0144E-08 1.0144E-08 0.0000E+00 0.0000E+00 1.0144E-08 6.86E-06 7.10E-06   0.030 1.0000 7.1304E-06    824.145
10781.00 0.97419924 1.4477E-31 0.0000E+00 0.0000E+00 1.0199E-08 1.0199E-08 0.0000E+00 0.0000E+00 1.0199E-08 6.90E-06 7.11E-06   0.026 1.0000 7.1406E-06    825.025
10791.00 0.97637421 1.1423E-31 0.0000E+00 0.0000E+00 1.0031E-08 1.0031E-08 0.0000E+00 0.0000E+00 1.0031E-08 6.78E-06 6.97E-06   0.024 1.0000 6.9990E-06    824.939
10801.00 0.97566903 1.1392E-31 0.0000E+00 0.0000E+00 9.8029E-09 9.8029E-09 0.0000E+00 0.0000E+00 9.8029E-09 6.61E-06 6.80E-06   0.025 1.0000 6.8221E-06    824.573
10811.00 0.97388196 1.2198E-31 0.0000E+00 0.0000E+00 1.0058E-08 1.0058E-08 0.0000E+00 0.0000E+00 1.0058E-08 6.75E-06 6.96E-06   0.026 1.0000 6.9842E-06    826.342
10821.00 0.97485059 1.0741E-31 0.0000E+00 0.0000E+00 1.0004E-08 1.0004E-08 0.0000E+00 0.0000E+00 1.0004E-08 6.70E-06 6.90E-06   0.025 1.0000 6.9254E-06    826.749
10831.00 0.97571921 9.4235E-32 0.0000E+00 0.0000E+00 9.6460E-09 9.6460E-09 0.0000E+00 0.0000E+00 9.6460E-09 6.45E-06 6.63E-06   0.025 1.0000 6.6572E-06    825.792
10841.00 0.97558933 8.9296E-32 0.0000E+00 0.0000E+00 1.0006E-08 1.0006E-08 0.0000E+00 0.0000E+00 1.0006E-08 6.67E-06 6.86E-06   0.025 1.0000 6.8867E-06    828.042
10851.00 0.97456360 9.1076E-32 0.0000E+00 0.0000E+00 9.9665E-09 9.9665E-09 0.0000E+00 0.0000E+00 9.9665E-09 6.62E-06 6.82E-06   0.026 1.0000 6.8426E-06    828.509
10861.00 0.97668874 7.2104E-32 0.0000E+00 0.0000E+00 1.0217E-08 1.0217E-08 0.0000E+00 0.0000E+00 1.0217E-08 6.78E-06 6.96E-06   0.024 1.0000 6.9906E-06    830.244
10871.00 0.97404367 8.3600E-32 0.0000E+00 0.0000E+00 1.0384E-08 1.0384E-08 0.0000E+00 0.0000E+00 1.0384E-08 6.85E-06 7.06E-06   0.026 1.0000 7.0910E-06    831.605
10881.00 0.97368288 8.0051E-32 0.0000E+00 0.0000E+00 1.0472E-08 1.0472E-08 0.0000E+00 0.0000E+00 1.0472E-08 6.89E-06 7.10E-06   0.027 1.0000 7.1322E-06    832.620
10891.00 0.96884143 1.0042E-31 0.0000E+00 0.0000E+00 1.0420E-08 1.0420E-08 0.0000E+00 0.0000E+00 1.0420E-08 6.81E-06 7.06E-06   0.032 1.0000 7.0869E-06    833.040
10901.00 0.96891439 9.5297E-32 0.0000E+00 0.0000E+00 1.0365E-08 1.0365E-08 0.0000E+00 0.0000E+00 1.0365E-08 6.75E-06 7.00E-06   0.032 1.0000 7.0299E-06    833.450
10911.00 0.97263473 7.1250E-32 0.0000E+00 0.0000E+00 1.0533E-08 1.0533E-08 0.0000E+00 0.0000E+00 1.0533E-08 6.87E-06 7.09E-06   0.028 1.0000 7.1167E-06    834.807
10921.00 0.96297735 1.0916E-31 0.0000E+00 0.0000E+00 1.0569E-08 1.0569E-08 0.0000E+00 0.0000E+00 1.0569E-08 6.81E-06 7.11E-06   0.038 1.0000 7.1418E-06    835.599
10931.00 0.97394830 5.8070E-32 0.0000E+00 0.0000E+00 1.0509E-08 1.0509E-08 0.0000E+00 0.0000E+00 1.0509E-08 6.82E-06 7.03E-06   0.026 1.0000 7.0585E-06    835.990
10941.00 0.96395969 9.2038E-32 0.0000E+00 0.0000E+00 1.0686E-08 1.0686E-08 0.0000E+00 0.0000E+00 1.0686E-08 6.86E-06 7.15E-06   0.037 1.0000 7.1797E-06    837.377
10951.00 0.96586573 8.0782E-32 0.0000E+00 0.0000E+00 1.0777E-08 1.0777E-08 0.0000E+00 0.0000E+00 1.0777E-08 6.91E-06 7.19E-06   0.035 1.0000 7.2169E-06    838.400
10961.00 0.96812958 6.6811E-32 0.0000E+00 0.0000E+00 1.0567E-08 1.0567E-08 0.0000E+00 0.0000E+00 1.0567E-08 6.77E-06 7.02E-06   0.032 1.0000 7.0517E-06    838.164
10971.00 0.97163600 5.2470E-32 0.0000E+00 0.0000E+00 1.0482E-08 1.0482E-08 0.0000E+00 0.0000E+00 1.0482E-08 6.72E-06 6.94E-06   0.029 1.0000 6.9688E-06    838.449
10981.00 0.96721578 6.2430E-32 0.0000E+00 0.0000E+00 1.0672E-08 1.0672E-08 0.0000E+00 0.0000E+00 1.0672E-08 6.79E-06 7.06E-06   0.033 1.0000 7.0849E-06    839.890
10991.00 0.96827346 5.6055E-32 0.0000E+00 0.0000E+00 1.0512E-08 1.0512E-08 0.0000E+00 0.0000E+00 1.0512E-08 6.68E-06 6.93E-06   0.032 1.0000 6.9574E-06    839.857
11001.00 0.96520358 6.0447E-32 0.0000E+00 0.0000E+00 1.0401E-08 1.0401E-08 0.0000E+00 0.0000E+00 1.0401E-08 6.57E-06 6.84E-06   0.035 1.0000 6.8715E-06    840.029
11011.00 0.96472245 5.8082E-32 0.0000E+00 0.0000E+00 1.0642E-08 1.0642E-08 0.0000E+00 0.0000E+00 1.0642E-08 6.70E-06 6.98E-06   0.036 1.0000 7.0129E-06    841.694
11021.00 0.96203250 5.9765E-32 0.0000E+00 0.0000E+00 1.0883E-08 1.0883E-08 0.0000E+00 0.0000E+00 1.0883E-08 6.82E-06 7.13E-06   0.039 1.0000 7.1591E-06    843.339
11031.00 0.97064930 3.8195E-32 0.0000E+00 0.0000E+00 1.0692E-08 1.0692E-08 0.0000E+00 0.0000E+00 1.0692E-08 6.73E-06 6.97E-06   0.030 1.0000 6.9952E-06    843.190
11041.00 0.97310442 3.0632E-32 0.0000E+00 0.0000E+00 1.0989E-08 1.0989E-08 0.0000E+00 0.0000E+00 1.0989E-08 6.91E-06 7.13E-06   0.027 1.0000 7.1647E-06    845.062
11051.00 0.97392404 2.7116E-32 0.0000E+00 0.0000E+00 1.1095E-08 1.1095E-08 0.0000E+00 0.0000E+00 1.1095E-08 6.97E-06 7.18E-06   0.026 1.0000 7.2125E-06    846.137
11061.00 0.97461450 2.4183E-32 0.0000E+00 0.0000E+00 1.1107E-08 1.1107E-08 0.0000E+00 0.0000E+00 1.1107E-08 6.96E-06 7.17E-06   0.026 1.0000 7.1991E-06    846.828
11071.00 0.96848899 3.2826E-32 0.0000E+00 0.0000E+00 1.1011E-08 1.1011E-08 0.0000E+00 0.0000E+00 1.1011E-08 6.85E-06 7.10E-06   0.032 1.0000 7.1309E-06    847.078
11081.00 0.96116811 4.2552E-32 0.0000E+00 0.0000E+00 1.0700E-08 1.0700E-08 0.0000E+00 0.0000E+00 1.0700E-08 6.59E-06 6.90E-06   0.040 1.0000 6.9276E-06    846.435
11091.00 0.96391416 3.5950E-32 0.0000E+00 0.0000E+00 1.0294E-08 1.0294E-08 0.0000E+00 0.0000E+00 1.0294E-08 6.34E-06 6.61E-06   0.037 1.0000 6.6409E-06    845.340
11101.00 0.96396202 3.4279E-32 0.0000E+00 0.0000E+00 1.0780E-08 1.0780E-08 0.0000E+00 0.0000E+00 1.0780E-08 6.62E-06 6.90E-06   0.037 1.0000 6.9341E-06    848.053
11111.00 0.96396118 3.2055E-32 0.0000E+00 0.0000E+00 1.0889E-08 1.0889E-08 0.0000E+00 0.0000E+00 1.0889E-08 6.67E-06 6.95E-06   0.037 1.0000 6.9855E-06    849.148
11121.00 0.95545083 4.1474E-32 0.0000E+00 0.0000E+00 1.1153E-08 1.1153E-08 0.0000E+00 0.0000E+00 1.1153E-08 6.76E-06 7.12E-06   0.046 1.0000 7.1540E-06    850.873
11131.00 0.96665764 2.5486E-32 0.0000E+00 0.0000E+00 1.1219E-08 1.1219E-08 0.0000E+00 0.0000E+00 1.1219E-08 6.85E-06 7.12E-06   0.034 1.0000 7.1521E-06    851.783
11141.00 0.96920502 2.1087E-32 0.0000E+00 0.0000E+00 1.1189E-08 1.1189E-08 0.0000E+00 0.0000E+00 1.1189E-08 6.83E-06 7.08E-06   0.031 1.0000 7.1081E-06    852.307
11151.00 0.96873385 2.0440E-32 0.0000E+00 0.0000E+00 1.1214E-08 1.1214E-08 0.0000E+00 0.0000E+00 1.1214E-08 6.82E-06 7.07E-06   0.032 1.0000 7.1052E-06    853.051
11161.00 0.97205722 1.5700E-32 0.0000E+00 0.0000E+00 1.1459E-08 1.1459E-08 0.0000E+00 0.0000E+00 1.1459E-08 6.97E-06 7.20E-06   0.028 1.0000 7.2334E-06    854.675
11171.00 0.97382510 1.3014E-32 0.0000E+00 0.0000E+00 1.1200E-08 1.1200E-08 0.0000E+00 0.0000E+00 1.1200E-08 6.80E-06 7.02E-06   0.027 1.0000 7.0471E-06    854.279
11181.00 0.97527379 1.0807E-32 0.0000E+00 0.0000E+00 1.1255E-08 1.1255E-08 0.0000E+00 0.0000E+00 1.1255E-08 6.83E-06 7.03E-06   0.025 1.0000 7.0589E-06    855.144
11191.00 0.97519207 1.0205E-32 0.0000E+00 0.0000E+00 1.1410E-08 1.1410E-08 0.0000E+00 0.0000E+00 1.1410E-08 6.90E-06 7.11E-06   0.025 1.0000 7.1368E-06    856.408
11201.00 0.97562844 9.2289E-33 0.0000E+00 0.0000E+00 1.1189E-08 1.1189E-08 0.0000E+00 0.0000E+00 1.1189E-08 6.75E-06 6.95E-06   0.025 1.0000 6.9786E-06    856.161
11211.00 0.97564405 8.6390E-33 0.0000E+00 0.0000E+00 1.1454E-08 1.1454E-08 0.0000E+00 0.0000E+00 1.1454E-08 6.89E-06 7.09E-06   0.025 1.0000 7.1244E-06    857.870
11221.00 0.97589242 7.9276E-33 0.0000E+00 0.0000E+00 1.1545E-08 1.1545E-08 0.0000E+00 0.0000E+00 1.1545E-08 6.93E-06 7.13E-06   0.024 1.0000 7.1611E-06    858.875
11231.00 0.97571534 7.5627E-33 0.0000E+00 0.0000E+00 1.1657E-08 1.1657E-08 0.0000E+00 0.0000E+00 1.1657E-08 6.98E-06 7.18E-06   0.025 1.0000 7.2119E-06    859.963
11241.00 0.97568953 7.1191E-33 0.0000E+00 0.0000E+00 1.1575E-08 1.1575E-08 0.0000E+00 0.0000E+00 1.1575E-08 6.91E-06 7.11E-06   0.025 1.0000 7.1417E-06    860.282
11251.00 0.97566938 6.6923E-33 0.0000E+00 0.0000E+00 1.1636E-08 1.1636E-08 0.0000E+00 0.0000E+00 1.1636E-08 6.93E-06 7.13E-06   0.025 1.0000 7.1598E-06    861.164
11261.00 0.97546542 6.4073E-33 0.0000E+00 0.0000E+00 1.1570E-08 1.1570E-08 0.0000E+00 0.0000E+00 1.1570E-08 6.87E-06 7.07E-06   0.025 1.0000 7.1006E-06    861.549
11271.00 0.97554231 5.9716E-33 0.0000E+00 0.0000E+00 1.1390E-08 1.1390E-08 0.0000E+00 0.0000E+00 1.1390E-08 6.75E-06 6.94E-06   0.025 1.0000 6.9712E-06    861.473
11281.00 0.97538841 5.6883E-33 0.0000E+00 0.0000E+00 1.1043E-08 1.1043E-08 0.0000E+00 0.0000E+00 1.1043E-08 6.52E-06 6.71E-06   0.025 1.0000 6.7401E-06    860.698
11291.00 0.97534573 5.3665E-33 0.0000E+00 0.0000E+00 1.1710E-08 1.1710E-08 0.0000E+00 0.0000E+00 1.1710E-08 6.90E-06 7.10E-06   0.025 1.0000 7.1282E-06    864.028
11301.00 0.97541684 5.0056E-33 0.0000E+00 0.0000E+00 1.1750E-08 1.1750E-08 0.0000E+00 0.0000E+00 1.1750E-08 6.90E-06 7.10E-06   0.025 1.0000 7.1331E-06    864.828
11311.00 0.97534043 4.7345E-33 0.0000E+00 0.0000E+00 1.1622E-08 1.1622E-08 0.0000E+00 0.0000E+00 1.1622E-08 6.81E-06 7.01E-06   0.025 1.0000 7.0365E-06    864.968
11321.00 0.97528219 4.4715E-33 0.0000E+00 0.0000E+00 1.1796E-08 1.1796E-08 0.0000E+00 0.0000E+00 1.1796E-08 6.89E-06 7.09E-06   0.025 1.0000 7.1226E-06    866.294
11331.00 0.97521454 4.2250E-33 0.0000E+00 0.0000E+00 1.1582E-08 1.1582E-08 0.0000E+00 0.0000E+00 1.1582E-08 6.75E-06 6.94E-06   0.025 1.0000 6.9746E-06    866.095
11341.00 0.97515565 3.9898E-33 0.0000E+00 0.0000E+00 1.1809E-08 1.1809E-08 0.0000E+00 0.0000E+00 1.1809E-08 6.86E-06 7.06E-06   0.025 1.0000 7.0920E-06    867.630
11351.00 0.97510564 3.7634E-33 0.0000E+00 0.0000E+00 1.1194E-08 1.1194E-08 0.0000E+00 0.0000E+00 1.1194E-08 6.48E-06 6.68E-06   0.025 1.0000 6.7048E-06    865.812
11361.00 0.97504419 3.5536E-33 0.0000E+00 0.0000E+00 1.1866E-08 1.1866E-08 0.0000E+00 0.0000E+00 1.1866E-08 6.85E-06 7.06E-06   0.025 1.0000 7.0885E-06    869.141
11371.00 0.97500175 3.3489E-33 0.0000E+00 0.0000E+00 1.1740E-08 1.1740E-08 0.0000E+00 0.0000E+00 1.1740E-08 6.76E-06 6.96E-06   0.025 1.0000 6.9944E-06    869.290
11381.00 0.97492582 3.1661E-33 0.0000E+00 0.0000E+00 1.2054E-08 1.2054E-08 0.0000E+00 0.0000E+00 1.2054E-08 6.92E-06 7.13E-06   0.025 1.0000 7.1623E-06    871.153
11391.00 0.97486567 2.9884E-33 0.0000E+00 0.0000E+00 1.1983E-08 1.1983E-08 0.0000E+00 0.0000E+00 1.1983E-08 6.87E-06 7.07E-06   0.025 1.0000 7.1013E-06    871.523
11401.00 0.97479814 2.8223E-33 0.0000E+00 0.0000E+00 1.2046E-08 1.2046E-08 0.0000E+00 0.0000E+00 1.2046E-08 6.88E-06 7.09E-06   0.026 1.0000 7.1195E-06    872.410
11411.00 0.97472459 2.6666E-33 0.0000E+00 0.0000E+00 1.2029E-08 1.2029E-08 0.0000E+00 0.0000E+00 1.2029E-08 6.85E-06 7.06E-06   0.026 1.0000 7.0904E-06    872.985
11421.00 0.97465760 2.5179E-33 0.0000E+00 0.0000E+00 1.1700E-08 1.1700E-08 0.0000E+00 0.0000E+00 1.1700E-08 6.65E-06 6.85E-06   0.026 1.0000 6.8786E-06    872.345
11431.00 0.97458422 2.3786E-33 0.0000E+00 0.0000E+00 1.1920E-08 1.1920E-08 0.0000E+00 0.0000E+00 1.1920E-08 6.75E-06 6.96E-06   0.026 1.0000 6.9893E-06    873.851
11441.00 0.97450513 2.2476E-33 0.0000E+00 0.0000E+00 1.2019E-08 1.2019E-08 0.0000E+00 0.0000E+00 1.2019E-08 6.79E-06 7.00E-06   0.026 1.0000 7.0284E-06    874.875
11451.00 0.97443074 2.1228E-33 0.0000E+00 0.0000E+00 1.2149E-08 1.2149E-08 0.0000E+00 0.0000E+00 1.2149E-08 6.85E-06 7.05E-06   0.026 1.0000 7.0859E-06    876.021
11461.00 0.97434711 2.0058E-33 0.0000E+00 0.0000E+00 1.2319E-08 1.2319E-08 0.0000E+00 0.0000E+00 1.2319E-08 6.92E-06 7.13E-06   0.026 1.0000 7.1660E-06    877.311
11471.00 0.97425628 1.8957E-33 0.0000E+00 0.0000E+00 1.2145E-08 1.2145E-08 0.0000E+00 0.0000E+00 1.2145E-08 6.81E-06 7.01E-06   0.026 1.0000 7.0465E-06    877.290
11481.00 0.97416031 1.7921E-33 0.0000E+00 0.0000E+00 1.2249E-08 1.2249E-08 0.0000E+00 0.0000E+00 1.2249E-08 6.85E-06 7.06E-06   0.026 1.0000 7.0883E-06    878.333
11491.00 0.97408533 1.6927E-33 0.0000E+00 0.0000E+00 1.2269E-08 1.2269E-08 0.0000E+00 0.0000E+00 1.2269E-08 6.84E-06 7.05E-06   0.026 1.0000 7.0811E-06    879.050
11501.00 0.97395724 1.6019E-33 0.0000E+00 0.0000E+00 1.2004E-08 1.2004E-08 0.0000E+00 0.0000E+00 1.2004E-08 6.67E-06 6.88E-06   0.026 1.0000 6.9103E-06    878.672
11511.00 0.97390711 1.5119E-33 0.0000E+00 0.0000E+00 1.1960E-08 1.1960E-08 0.0000E+00 0.0000E+00 1.1960E-08 6.63E-06 6.83E-06   0.026 1.0000 6.8667E-06    879.146
11521.00 0.97384411 1.4275E-33 0.0000E+00 0.0000E+00 1.2036E-08 1.2036E-08 0.0000E+00 0.0000E+00 1.2036E-08 6.65E-06 6.86E-06   0.027 1.0000 6.8922E-06    880.081
11531.00 0.97374117 1.3498E-33 0.0000E+00 0.0000E+00 1.1617E-08 1.1617E-08 0.0000E+00 0.0000E+00 1.1617E-08 6.40E-06 6.60E-06   0.027 1.0000 6.6351E-06    879.069
11541.00 0.97364193 1.2759E-33 0.0000E+00 0.0000E+00 9.2638E-09 9.2638E-09 0.0000E+00 0.0000E+00 9.2638E-09 5.09E-06 5.25E-06   0.027 1.0000 5.2774E-06    869.288
11551.00 0.97354740 1.2058E-33 0.0000E+00 0.0000E+00 1.1810E-08 1.1810E-08 0.0000E+00 0.0000E+00 1.1810E-08 6.47E-06 6.68E-06   0.027 1.0000 6.7102E-06    881.124
11561.00 0.97346902 1.1385E-33 0.0000E+00 0.0000E+00 1.2437E-08 1.2437E-08 0.0000E+00 0.0000E+00 1.2437E-08 6.80E-06 7.01E-06   0.027 1.0000 7.0485E-06    884.189
11571.00 0.97336531 1.0761E-33 0.0000E+00 0.0000E+00 1.2698E-08 1.2698E-08 0.0000E+00 0.0000E+00 1.2698E-08 6.92E-06 7.14E-06   0.027 1.0000 7.1778E-06    885.809
11581.00 0.97323006 1.0186E-33 0.0000E+00 0.0000E+00 1.2648E-08 1.2648E-08 0.0000E+00 0.0000E+00 1.2648E-08 6.88E-06 7.10E-06   0.027 1.0000 7.1315E-06    886.267
11591.00 0.97311324 9.6361E-34 0.0000E+00 0.0000E+00 1.2685E-08 1.2685E-08 0.0000E+00 0.0000E+00 1.2685E-08 6.88E-06 7.10E-06   0.027 1.0000 7.1338E-06    887.046
11601.00 0.97303331 9.0951E-34 0.0000E+00 0.0000E+00 1.2510E-08 1.2510E-08 0.0000E+00 0.0000E+00 1.2510E-08 6.76E-06 6.98E-06   0.027 1.0000 7.0173E-06    887.034
11611.00 0.97294205 8.5934E-34 0.0000E+00 0.0000E+00 1.2524E-08 1.2524E-08 0.0000E+00 0.0000E+00 1.2524E-08 6.75E-06 6.97E-06   0.027 1.0000 7.0074E-06    887.732
11621.00 0.97284538 8.1168E-34 0.0000E+00 0.0000E+00 1.2680E-08 1.2680E-08 0.0000E+00 0.0000E+00 1.2680E-08 6.82E-06 7.04E-06   0.028 1.0000 7.0763E-06    888.957
11631.00 0.97272432 7.6790E-34 0.0000E+00 0.0000E+00 1.2622E-08 1.2622E-08 0.0000E+00 0.0000E+00 1.2622E-08 6.77E-06 6.99E-06   0.028 1.0000 7.0263E-06    889.385
11641.00 0.97260213 7.2669E-34 0.0000E+00 0.0000E+00 1.2635E-08 1.2635E-08 0.0000E+00 0.0000E+00 1.2635E-08 6.76E-06 6.98E-06   0.028 1.0000 7.0154E-06    890.074
11651.00 0.97250694 6.8625E-34 0.0000E+00 0.0000E+00 1.2667E-08 1.2667E-08 0.0000E+00 0.0000E+00 1.2667E-08 6.76E-06 6.98E-06   0.028 1.0000 7.0154E-06    890.839
11661.00 0.97236085 6.5116E-34 0.0000E+00 0.0000E+00 1.2926E-08 1.2926E-08 0.0000E+00 0.0000E+00 1.2926E-08 6.88E-06 7.10E-06   0.028 1.0000 7.1406E-06    892.442
11671.00 0.97229862 6.1350E-34 0.0000E+00 0.0000E+00 1.2980E-08 1.2980E-08 0.0000E+00 0.0000E+00 1.2980E-08 6.89E-06 7.11E-06   0.028 1.0000 7.1519E-06    893.282
11681.00 0.97217458 5.8109E-34 0.0000E+00 0.0000E+00 1.2799E-08 1.2799E-08 0.0000E+00 0.0000E+00 1.2799E-08 6.77E-06 7.00E-06   0.028 1.0000 7.0342E-06    893.258
11691.00 0.97206527 5.4991E-34 0.0000E+00 0.0000E+00 1.2433E-08 1.2433E-08 0.0000E+00 0.0000E+00 1.2433E-08 6.56E-06 6.78E-06   0.028 1.0000 6.8153E-06    892.523
11701.00 0.97195381 5.2045E-34 0.0000E+00 0.0000E+00 9.3364E-09 9.3364E-09 0.0000E+00 0.0000E+00 9.3364E-09 4.91E-06 5.08E-06   0.028 1.0000 5.1054E-06    879.796
11711.00 0.97182381 4.9366E-34 0.0000E+00 0.0000E+00 1.1183E-08 1.1183E-08 0.0000E+00 0.0000E+00 1.1183E-08 5.87E-06 6.06E-06   0.029 1.0000 6.0975E-06    888.812
11721.00 0.97181451 4.6370E-34 0.0000E+00 0.0000E+00 1.2758E-08 1.2758E-08 0.0000E+00 0.0000E+00 1.2758E-08 6.68E-06 6.90E-06   0.029 1.0000 6.9393E-06    895.677
11731.00 0.97169131 4.4002E-34 0.0000E+00 0.0000E+00 1.2994E-08 1.2994E-08 0.0000E+00 0.0000E+00 1.2994E-08 6.78E-06 7.01E-06   0.029 1.0000 7.0489E-06    897.191
11741.00 0.97154188 4.1867E-34 0.0000E+00 0.0000E+00 1.2647E-08 1.2647E-08 0.0000E+00 0.0000E+00 1.2647E-08 6.58E-06 6.80E-06   0.029 1.0000 6.8430E-06    896.546
11751.00 0.97157043 3.9314E-34 0.0000E+00 0.0000E+00 1.3121E-08 1.3121E-08 0.0000E+00 0.0000E+00 1.3121E-08 6.81E-06 7.04E-06   0.029 1.0000 7.0799E-06    898.940
11761.00 0.97161335 3.6864E-34 0.0000E+00 0.0000E+00 1.1652E-08 1.1652E-08 0.0000E+00 0.0000E+00 1.1652E-08 6.03E-06 6.24E-06   0.029 1.0000 6.2711E-06    893.943
11771.00 0.97154558 3.4878E-34 0.0000E+00 0.0000E+00 1.2531E-08 1.2531E-08 0.0000E+00 0.0000E+00 1.2531E-08 6.47E-06 6.69E-06   0.029 1.0000 6.7248E-06    898.030
11781.00 0.97148985 3.2959E-34 0.0000E+00 0.0000E+00 1.3340E-08 1.3340E-08 0.0000E+00 0.0000E+00 1.3340E-08 6.87E-06 7.10E-06   0.029 1.0000 7.1404E-06    901.661
11791.00 0.97144091 3.1137E-34 0.0000E+00 0.0000E+00 1.3368E-08 1.3368E-08 0.0000E+00 0.0000E+00 1.3368E-08 6.86E-06 7.10E-06   0.029 1.0000 7.1364E-06    902.407
11801.00 0.97150630 2.9125E-34 0.0000E+00 0.0000E+00 1.3103E-08 1.3103E-08 0.0000E+00 0.0000E+00 1.3103E-08 6.71E-06 6.94E-06   0.029 1.0000 6.9763E-06    902.089
11811.00 0.97140664 2.7598E-34 0.0000E+00 0.0000E+00 1.3182E-08 1.3182E-08 0.0000E+00 0.0000E+00 1.3182E-08 6.73E-06 6.96E-06   0.029 1.0000 7.0000E-06    903.022
11821.00 0.97132200 2.6128E-34 0.0000E+00 0.0000E+00 1.3432E-08 1.3432E-08 0.0000E+00 0.0000E+00 1.3432E-08 6.84E-06 7.08E-06   0.029 1.0000 7.1140E-06    904.567
11831.00 0.97127700 2.4645E-34 0.0000E+00 0.0000E+00 1.3442E-08 1.3442E-08 0.0000E+00 0.0000E+00 1.3442E-08 6.83E-06 7.06E-06   0.029 1.0000 7.1007E-06    905.246
11841.00 0.97110957 2.3473E-34 0.0000E+00 0.0000E+00 1.3330E-08 1.3330E-08 0.0000E+00 0.0000E+00 1.3330E-08 6.75E-06 6.99E-06   0.029 1.0000 7.0230E-06    905.485
11851.00 0.97089499 2.2428E-34 0.0000E+00 0.0000E+00 1.3208E-08 1.3208E-08 0.0000E+00 0.0000E+00 1.3208E-08 6.67E-06 6.90E-06   0.030 1.0000 6.9407E-06    905.685
11861.00 0.97095668 2.0970E-34 0.0000E+00 0.0000E+00 1.3502E-08 1.3502E-08 0.0000E+00 0.0000E+00 1.3502E-08 6.80E-06 7.04E-06   0.029 1.0000 7.0767E-06    907.390
11871.00 0.97094536 1.9703E-34 0.0000E+00 0.0000E+00 1.3432E-08 1.3432E-08 0.0000E+00 0.0000E+00 1.3432E-08 6.75E-06 6.98E-06   0.029 1.0000 7.0212E-06    907.780
11881.00 0.97064066 1.8955E-34 0.0000E+00 0.0000E+00 1.3589E-08 1.3589E-08 0.0000E+00 0.0000E+00 1.3589E-08 6.81E-06 7.05E-06   0.030 1.0000 7.0855E-06    908.985
11891.00 0.97050846 1.7992E-34 0.0000E+00 0.0000E+00 1.3739E-08 1.3739E-08 0.0000E+00 0.0000E+00 1.3739E-08 6.87E-06 7.11E-06   0.030 1.0000 7.1453E-06    910.159
11901.00 0.97064525 1.6718E-34 0.0000E+00 0.0000E+00 1.3674E-08 1.3674E-08 0.0000E+00 0.0000E+00 1.3674E-08 6.82E-06 7.05E-06   0.030 1.0000 7.0928E-06    910.574
11911.00 0.97055244 1.5810E-34 0.0000E+00 0.0000E+00 1.3646E-08 1.3646E-08 0.0000E+00 0.0000E+00 1.3646E-08 6.78E-06 7.02E-06   0.030 1.0000 7.0600E-06    911.116
11921.00 0.97029865 1.5133E-34 0.0000E+00 0.0000E+00 1.3278E-08 1.3278E-08 0.0000E+00 0.0000E+00 1.3278E-08 6.58E-06 6.82E-06   0.030 1.0000 6.8519E-06    910.435
11931.00 0.97027332 1.4239E-34 0.0000E+00 0.0000E+00 1.3780E-08 1.3780E-08 0.0000E+00 0.0000E+00 1.3780E-08 6.81E-06 7.05E-06   0.030 1.0000 7.0928E-06    912.876
11941.00 0.97005653 1.3599E-34 0.0000E+00 0.0000E+00 1.3907E-08 1.3907E-08 0.0000E+00 0.0000E+00 1.3907E-08 6.86E-06 7.10E-06   0.030 1.0000 7.1401E-06    913.966
11951.00 0.96996439 1.2848E-34 0.0000E+00 0.0000E+00 1.3756E-08 1.3756E-08 0.0000E+00 0.0000E+00 1.3756E-08 6.76E-06 7.01E-06   0.030 1.0000 7.0443E-06    914.077
11961.00 0.96959937 1.2403E-34 0.0000E+00 0.0000E+00 1.3914E-08 1.3914E-08 0.0000E+00 0.0000E+00 1.3914E-08 6.82E-06 7.07E-06   0.031 1.0000 7.1078E-06    915.277
11971.00 0.96964639 1.1604E-34 0.0000E+00 0.0000E+00 1.3917E-08 1.3917E-08 0.0000E+00 0.0000E+00 1.3917E-08 6.81E-06 7.05E-06   0.031 1.0000 7.0906E-06    915.928
11981.00 0.96948040 1.1007E-34 0.0000E+00 0.0000E+00 1.3709E-08 1.3709E-08 0.0000E+00 0.0000E+00 1.3709E-08 6.69E-06 6.93E-06   0.031 1.0000 6.9668E-06    915.837
11991.00 0.96853459 1.1080E-34 0.0000E+00 0.0000E+00 1.3767E-08 1.3767E-08 0.0000E+00 0.0000E+00 1.3767E-08 6.69E-06 6.94E-06   0.032 1.0000 6.9804E-06    916.687
12001.00 0.96854782 1.0394E-34 0.0000E+00 0.0000E+00 1.3619E-08 1.3619E-08 0.0000E+00 0.0000E+00 1.3619E-08 6.60E-06 6.85E-06   0.032 1.0000 6.8879E-06    916.805
12011.00 0.96678042 1.0910E-34 0.0000E+00 0.0000E+00 1.3857E-08 1.3857E-08 0.0000E+00 0.0000E+00 1.3857E-08 6.69E-06 6.95E-06   0.034 1.0000 6.9934E-06    918.290
12021.00 0.96614271 1.0718E-34 0.0000E+00 0.0000E+00 1.4041E-08 1.4041E-08 0.0000E+00 0.0000E+00 1.4041E-08 6.76E-06 7.03E-06   0.034 1.0000 7.0695E-06    919.577
12031.00 0.96772611 9.0390E-35 0.0000E+00 0.0000E+00 1.3840E-08 1.3840E-08 0.0000E+00 0.0000E+00 1.3840E-08 6.65E-06 6.91E-06   0.033 1.0000 6.9475E-06    919.514
12041.00 0.96550536 9.7483E-35 0.0000E+00 0.0000E+00 1.4030E-08 1.4030E-08 0.0000E+00 0.0000E+00 1.4030E-08 6.71E-06 6.99E-06   0.035 1.0000 7.0298E-06    920.826
12051.00 0.96591091 8.9347E-35 0.0000E+00 0.0000E+00 1.4092E-08 1.4092E-08 0.0000E+00 0.0000E+00 1.4092E-08 6.73E-06 7.00E-06   0.035 1.0000 7.0419E-06    921.684
12061.00 0.96330172 9.6349E-35 0.0000E+00 0.0000E+00 1.4261E-08 1.4261E-08 0.0000E+00 0.0000E+00 1.4261E-08 6.78E-06 7.07E-06   0.037 1.0000 7.1140E-06    922.912
12071.00 0.96296459 9.1952E-35 0.0000E+00 0.0000E+00 1.4388E-08 1.4388E-08 0.0000E+00 0.0000E+00 1.4388E-08 6.82E-06 7.12E-06   0.038 1.0000 7.1599E-06    923.990
12081.00 0.96145523 9.3022E-35 0.0000E+00 0.0000E+00 1.4343E-08 1.4343E-08 0.0000E+00 0.0000E+00 1.4343E-08 6.77E-06 7.08E-06   0.039 1.0000 7.1226E-06    924.479
12091.00 0.96709049 6.4099E-35 0.0000E+00 0.0000E+00 1.4429E-08 1.4429E-08 0.0000E+00 0.0000E+00 1.4429E-08 6.83E-06 7.09E-06   0.033 1.0000 7.1353E-06    925.417
12101.00 0.96510690 6.7381E-35 0.0000E+00 0.0000E+00 1.4443E-08 1.4443E-08 0.0000E+00 0.0000E+00 1.4443E-08 6.80E-06 7.09E-06   0.036 1.0000 7.1283E-06    926.106
12111.00 0.96429431 6.6513E-35 0.0000E+00 0.0000E+00 1.4387E-08 1.4387E-08 0.0000E+00 0.0000E+00 1.4387E-08 6.75E-06 7.04E-06   0.036 1.0000 7.0848E-06    926.558
12121.00 0.96674907 5.3505E-35 0.0000E+00 0.0000E+00 1.4310E-08 1.4310E-08 0.0000E+00 0.0000E+00 1.4310E-08 6.71E-06 6.98E-06   0.034 1.0000 7.0243E-06    926.937
12131.00 0.96512729 5.5661E-35 0.0000E+00 0.0000E+00 1.4427E-08 1.4427E-08 0.0000E+00 0.0000E+00 1.4427E-08 6.74E-06 7.02E-06   0.035 1.0000 7.0679E-06    927.983
12141.00 0.95973164 6.8166E-35 0.0000E+00 0.0000E+00 1.4244E-08 1.4244E-08 0.0000E+00 0.0000E+00 1.4244E-08 6.61E-06 6.93E-06   0.041 1.0000 6.9714E-06    927.994
12151.00 0.94827849 9.7774E-35 0.0000E+00 0.0000E+00 1.4362E-08 1.4362E-08 0.0000E+00 0.0000E+00 1.4362E-08 6.58E-06 6.99E-06   0.053 1.0000 7.0361E-06    929.043
12161.00 0.96375668 4.9822E-35 0.0000E+00 0.0000E+00 1.4194E-08 1.4194E-08 0.0000E+00 0.0000E+00 1.4194E-08 6.57E-06 6.86E-06   0.037 1.0000 6.9045E-06    929.105
12171.00 0.96562320 4.1799E-35 0.0000E+00 0.0000E+00 1.4298E-08 1.4298E-08 0.0000E+00 0.0000E+00 1.4298E-08 6.62E-06 6.89E-06   0.035 1.0000 6.9343E-06    930.111
12181.00 0.96697199 3.5939E-35 0.0000E+00 0.0000E+00 1.4394E-08 1.4394E-08 0.0000E+00 0.0000E+00 1.4394E-08 6.65E-06 6.91E-06   0.034 1.0000 6.9604E-06    931.082
12191.00 0.96068299 4.7459E-35 0.0000E+00 0.0000E+00 1.4277E-08 1.4277E-08 0.0000E+00 0.0000E+00 1.4277E-08 6.55E-06 6.85E-06   0.040 1.0000 6.9001E-06    931.322
12201.00 0.95826101 4.9641E-35 0.0000E+00 0.0000E+00 1.4151E-08 1.4151E-08 0.0000E+00 0.0000E+00 1.4151E-08 6.46E-06 6.78E-06   0.043 1.0000 6.8274E-06    931.526
12211.00 0.95880467 4.5752E-35 0.0000E+00 0.0000E+00 1.4463E-08 1.4463E-08 0.0000E+00 0.0000E+00 1.4463E-08 6.59E-06 6.91E-06   0.042 1.0000 6.9594E-06    933.248
12221.00 0.95677227 4.6763E-35 0.0000E+00 0.0000E+00 1.4454E-08 1.4454E-08 0.0000E+00 0.0000E+00 1.4454E-08 6.55E-06 6.89E-06   0.044 1.0000 6.9415E-06    933.860
12231.00 0.95897818 4.0170E-35 0.0000E+00 0.0000E+00 1.4877E-08 1.4877E-08 0.0000E+00 0.0000E+00 1.4877E-08 6.74E-06 7.07E-06   0.042 1.0000 7.1216E-06    935.934
12241.00 0.95632362 4.2043E-35 0.0000E+00 0.0000E+00 1.4843E-08 1.4843E-08 0.0000E+00 0.0000E+00 1.4843E-08 6.69E-06 7.04E-06   0.045 1.0000 7.0928E-06    936.462
12251.00 0.95660228 3.9570E-35 0.0000E+00 0.0000E+00 1.4854E-08 1.4854E-08 0.0000E+00 0.0000E+00 1.4854E-08 6.68E-06 7.03E-06   0.044 1.0000 7.0794E-06    937.143
12261.00 0.96054512 3.1303E-35 0.0000E+00 0.0000E+00 1.4931E-08 1.4931E-08 0.0000E+00 0.0000E+00 1.4931E-08 6.72E-06 7.04E-06   0.040 1.0000 7.0894E-06    938.044
12271.00 0.96239126 2.6852E-35 0.0000E+00 0.0000E+00 1.4991E-08 1.4991E-08 0.0000E+00 0.0000E+00 1.4991E-08 6.74E-06 7.05E-06   0.038 1.0000 7.0956E-06    938.888
12281.00 0.96370775 2.3335E-35 0.0000E+00 0.0000E+00 1.5085E-08 1.5085E-08 0.0000E+00 0.0000E+00 1.5085E-08 6.78E-06 7.07E-06   0.037 1.0000 7.1191E-06    939.844
12291.00 0.96343011 2.2292E-35 0.0000E+00 0.0000E+00 1.5159E-08 1.5159E-08 0.0000E+00 0.0000E+00 1.5159E-08 6.79E-06 7.09E-06   0.037 1.0000 7.1358E-06    940.730
12301.00 0.96581638 1.8050E-35 0.0000E+00 0.0000E+00 1.5136E-08 1.5136E-08 0.0000E+00 0.0000E+00 1.5136E-08 6.78E-06 7.05E-06   0.035 1.0000 7.1019E-06    941.299
12311.00 0.96592635 1.6827E-35 0.0000E+00 0.0000E+00 1.5179E-08 1.5179E-08 0.0000E+00 0.0000E+00 1.5179E-08 6.78E-06 7.06E-06   0.035 1.0000 7.1036E-06    942.085
12321.00 0.96591604 1.5820E-35 0.0000E+00 0.0000E+00 1.5177E-08 1.5177E-08 0.0000E+00 0.0000E+00 1.5177E-08 6.76E-06 7.04E-06   0.035 1.0000 7.0841E-06    942.720
12331.00 0.96622950 1.4566E-35 0.0000E+00 0.0000E+00 1.5257E-08 1.5257E-08 0.0000E+00 0.0000E+00 1.5257E-08 6.78E-06 7.05E-06   0.034 1.0000 7.1024E-06    943.626
12341.00 0.96631688 1.3601E-35 0.0000E+00 0.0000E+00 1.5101E-08 1.5101E-08 0.0000E+00 0.0000E+00 1.5101E-08 6.70E-06 6.96E-06   0.034 1.0000 7.0116E-06    943.754
12351.00 0.96606535 1.3006E-35 0.0000E+00 0.0000E+00 1.4952E-08 1.4952E-08 0.0000E+00 0.0000E+00 1.4952E-08 6.61E-06 6.88E-06   0.035 1.0000 6.9247E-06    943.898
12361.00 0.96625036 1.2073E-35 0.0000E+00 0.0000E+00 1.5109E-08 1.5109E-08 0.0000E+00 0.0000E+00 1.5109E-08 6.66E-06 6.93E-06   0.034 1.0000 6.9793E-06    945.067
12371.00 0.96623367 1.1371E-35 0.0000E+00 0.0000E+00 1.5249E-08 1.5249E-08 0.0000E+00 0.0000E+00 1.5249E-08 6.71E-06 6.98E-06   0.034 1.0000 7.0253E-06    946.171
12381.00 0.96628934 1.0644E-35 0.0000E+00 0.0000E+00 1.5313E-08 1.5313E-08 0.0000E+00 0.0000E+00 1.5313E-08 6.72E-06 6.99E-06   0.034 1.0000 7.0369E-06    947.026
12391.00 0.96619612 1.0059E-35 0.0000E+00 0.0000E+00 1.5455E-08 1.5455E-08 0.0000E+00 0.0000E+00 1.5455E-08 6.76E-06 7.04E-06   0.034 1.0000 7.0840E-06    948.135
12401.00 0.96617931 9.4671E-36 0.0000E+00 0.0000E+00 1.5629E-08 1.5629E-08 0.0000E+00 0.0000E+00 1.5629E-08 6.82E-06 7.10E-06   0.034 1.0000 7.1455E-06    949.343
12411.00 0.96614856 8.8981E-36 0.0000E+00 0.0000E+00 1.5554E-08 1.5554E-08 0.0000E+00 0.0000E+00 1.5554E-08 6.77E-06 7.05E-06   0.034 1.0000 7.0929E-06    949.741
12421.00 0.96593755 8.4739E-36 0.0000E+00 0.0000E+00 1.5135E-08 1.5135E-08 0.0000E+00 0.0000E+00 1.5135E-08 6.57E-06 6.84E-06   0.035 1.0000 6.8849E-06    949.007
12431.00 0.96554250 8.1821E-36 0.0000E+00 0.0000E+00 1.5530E-08 1.5530E-08 0.0000E+00 0.0000E+00 1.5530E-08 6.72E-06 7.00E-06   0.035 1.0000 7.0471E-06    950.950
12441.00 0.96544898 7.7271E-36 0.0000E+00 0.0000E+00 1.5643E-08 1.5643E-08 0.0000E+00 0.0000E+00 1.5643E-08 6.76E-06 7.03E-06   0.035 1.0000 7.0810E-06    951.962
12451.00 0.96538150 7.2904E-36 0.0000E+00 0.0000E+00 1.5489E-08 1.5489E-08 0.0000E+00 0.0000E+00 1.5489E-08 6.67E-06 6.95E-06   0.035 1.0000 6.9937E-06    952.104
12461.00 0.96514004 6.9553E-36 0.0000E+00 0.0000E+00 1.5710E-08 1.5710E-08 0.0000E+00 0.0000E+00 1.5710E-08 6.75E-06 7.03E-06   0.035 1.0000 7.0759E-06    953.463
12471.00 0.96526933 6.4721E-36 0.0000E+00 0.0000E+00 1.5831E-08 1.5831E-08 0.0000E+00 0.0000E+00 1.5831E-08 6.78E-06 7.06E-06   0.035 1.0000 7.1120E-06    954.494
12481.00 0.96487486 6.2388E-36 0.0000E+00 0.0000E+00 1.5849E-08 1.5849E-08 0.0000E+00 0.0000E+00 1.5849E-08 6.77E-06 7.06E-06   0.036 1.0000 7.1032E-06    955.195
12491.00 0.96490842 5.8439E-36 0.0000E+00 0.0000E+00 1.5749E-08 1.5749E-08 0.0000E+00 0.0000E+00 1.5749E-08 6.71E-06 6.99E-06   0.036 1.0000 7.0410E-06    955.519
12501.00 0.96490490 5.4874E-36 0.0000E+00 0.0000E+00 1.5604E-08 1.5604E-08 0.0000E+00 0.0000E+00 1.5604E-08 6.63E-06 6.91E-06   0.036 1.0000 6.9583E-06    955.691
12511.00 0.96515000 5.0589E-36 0.0000E+00 0.0000E+00 1.5999E-08 1.5999E-08 0.0000E+00 0.0000E+00 1.5999E-08 6.79E-06 7.07E-06   0.035 1.0000 7.1163E-06    957.605
12521.00 0.96481836 4.8534E-36 0.0000E+00 0.0000E+00 1.6026E-08 1.6026E-08 0.0000E+00 0.0000E+00 1.6026E-08 6.78E-06 7.06E-06   0.036 1.0000 7.1113E-06    958.335
12531.00 0.96503258 4.4877E-36 0.0000E+00 0.0000E+00 1.6036E-08 1.6036E-08 0.0000E+00 0.0000E+00 1.6036E-08 6.77E-06 7.05E-06   0.036 1.0000 7.0974E-06    959.009
12541.00 0.96464252 4.3217E-36 0.0000E+00 0.0000E+00 1.6053E-08 1.6053E-08 0.0000E+00 0.0000E+00 1.6053E-08 6.75E-06 7.04E-06   0.036 1.0000 7.0882E-06    959.708
12551.00 0.96417767 4.1774E-36 0.0000E+00 0.0000E+00 1.6117E-08 1.6117E-08 0.0000E+00 0.0000E+00 1.6117E-08 6.76E-06 7.05E-06   0.036 1.0000 7.0994E-06    960.551
12561.00 0.96375722 4.0339E-36 0.0000E+00 0.0000E+00 1.6026E-08 1.6026E-08 0.0000E+00 0.0000E+00 1.6026E-08 6.70E-06 6.99E-06   0.037 1.0000 7.0428E-06    960.906
12571.00 0.96453643 3.5956E-36 0.0000E+00 0.0000E+00 1.6104E-08 1.6104E-08 0.0000E+00 0.0000E+00 1.6104E-08 6.72E-06 7.01E-06   0.036 1.0000 7.0580E-06    961.799
12581.00 0.96454000 3.3713E-36 0.0000E+00 0.0000E+00 1.5581E-08 1.5581E-08 0.0000E+00 0.0000E+00 1.5581E-08 6.49E-06 6.76E-06   0.036 1.0000 6.8119E-06    960.753
12591.00 0.96455091 3.1584E-36 0.0000E+00 0.0000E+00 1.5671E-08 1.5671E-08 0.0000E+00 0.0000E+00 1.5671E-08 6.51E-06 6.79E-06   0.036 1.0000 6.8345E-06    961.692
12601.00 0.96428204 3.0124E-36 0.0000E+00 0.0000E+00 1.5703E-08 1.5703E-08 0.0000E+00 0.0000E+00 1.5703E-08 6.51E-06 6.78E-06   0.036 1.0000 6.8321E-06    962.438
12611.00 0.96362221 2.9506E-36 0.0000E+00 0.0000E+00 1.6156E-08 1.6156E-08 0.0000E+00 0.0000E+00 1.6156E-08 6.67E-06 6.96E-06   0.037 1.0000 7.0130E-06    964.535
12621.00 0.96348727 2.7894E-36 0.0000E+00 0.0000E+00 1.6192E-08 1.6192E-08 0.0000E+00 0.0000E+00 1.6192E-08 6.67E-06 6.96E-06   0.037 1.0000 7.0117E-06    965.291
12631.00 0.96363968 2.5694E-36 0.0000E+00 0.0000E+00 1.5996E-08 1.5996E-08 0.0000E+00 0.0000E+00 1.5996E-08 6.57E-06 6.86E-06   0.037 1.0000 6.9099E-06    965.311
12641.00 0.96323740 2.3291E-36 0.0000E+00 0.0000E+00 1.6345E-08 1.6345E-08 0.0000E+00 0.0000E+00 1.6345E-08 6.70E-06 6.99E-06   0.037 1.0000 7.0438E-06    967.060
12651.00 0.96321756 2.1563E-36 0.0000E+00 0.0000E+00 1.6505E-08 1.6505E-08 0.0000E+00 0.0000E+00 1.6505E-08 6.75E-06 7.04E-06   0.037 1.0000 7.0958E-06    968.205
12661.00 0.96284306 2.0727E-36 0.0000E+00 0.0000E+00 1.6516E-08 1.6516E-08 0.0000E+00 0.0000E+00 1.6516E-08 6.73E-06 7.03E-06   0.038 1.0000 7.0839E-06    968.884
12671.00 0.96310353 1.9108E-36 0.0000E+00 0.0000E+00 1.6643E-08 1.6643E-08 0.0000E+00 0.0000E+00 1.6643E-08 6.77E-06 7.07E-06   0.038 1.0000 7.1204E-06    969.922
12681.00 0.96330243 1.7659E-36 0.0000E+00 0.0000E+00 1.6600E-08 1.6600E-08 0.0000E+00 0.0000E+00 1.6600E-08 6.74E-06 7.03E-06   0.037 1.0000 7.0842E-06    970.430
12691.00 0.96315908 1.6713E-36 0.0000E+00 0.0000E+00 1.6557E-08 1.6557E-08 0.0000E+00 0.0000E+00 1.6557E-08 6.70E-06 7.00E-06   0.038 1.0000 7.0488E-06    970.939
12701.00 0.96316582 1.5649E-36 0.0000E+00 0.0000E+00 1.6710E-08 1.6710E-08 0.0000E+00 0.0000E+00 1.6710E-08 6.75E-06 7.04E-06   0.038 1.0000 7.0968E-06    972.058
12711.00 0.96304965 1.4774E-36 0.0000E+00 0.0000E+00 1.6853E-08 1.6853E-08 0.0000E+00 0.0000E+00 1.6853E-08 6.79E-06 7.09E-06   0.038 1.0000 7.1406E-06    973.143
12721.00 0.96307749 1.3808E-36 0.0000E+00 0.0000E+00 1.6559E-08 1.6559E-08 0.0000E+00 0.0000E+00 1.6559E-08 6.65E-06 6.95E-06   0.038 1.0000 6.9992E-06    972.876
12731.00 0.96295148 1.3042E-36 0.0000E+00 0.0000E+00 1.6568E-08 1.6568E-08 0.0000E+00 0.0000E+00 1.6568E-08 6.64E-06 6.93E-06   0.038 1.0000 6.9861E-06    973.547
12741.00 0.96281075 1.2205E-36 0.0000E+00 0.0000E+00 1.6885E-08 1.6885E-08 0.0000E+00 0.0000E+00 1.6885E-08 6.75E-06 7.05E-06   0.038 1.0000 7.1028E-06    975.169
12751.00 0.96267766 1.1520E-36 0.0000E+00 0.0000E+00 1.6884E-08 1.6884E-08 0.0000E+00 0.0000E+00 1.6884E-08 6.73E-06 7.03E-06   0.038 1.0000 7.0859E-06    975.810
12761.00 0.96253943 1.0764E-36 0.0000E+00 0.0000E+00 1.6493E-08 1.6493E-08 0.0000E+00 0.0000E+00 1.6493E-08 6.56E-06 6.85E-06   0.038 1.0000 6.9058E-06    975.239
12771.00 0.96240056 1.0168E-36 0.0000E+00 0.0000E+00 1.6844E-08 1.6844E-08 0.0000E+00 0.0000E+00 1.6844E-08 6.68E-06 6.98E-06   0.038 1.0000 7.0362E-06    976.975
12781.00 0.96223938 9.6122E-37 0.0000E+00 0.0000E+00 1.7074E-08 1.7074E-08 0.0000E+00 0.0000E+00 1.7074E-08 6.75E-06 7.06E-06   0.038 1.0000 7.1156E-06    978.322
12791.00 0.96212560 9.0765E-37 0.0000E+00 0.0000E+00 1.7123E-08 1.7123E-08 0.0000E+00 0.0000E+00 1.7123E-08 6.75E-06 7.06E-06   0.039 1.0000 7.1190E-06    979.113
12801.00 0.96200430 8.5729E-37 0.0000E+00 0.0000E+00 1.6880E-08 1.6880E-08 0.0000E+00 0.0000E+00 1.6880E-08 6.64E-06 6.94E-06   0.039 1.0000 7.0016E-06    979.015
12811.00 0.96187609 8.1002E-37 0.0000E+00 0.0000E+00 1.7122E-08 1.7122E-08 0.0000E+00 0.0000E+00 1.7122E-08 6.72E-06 7.03E-06   0.039 1.0000 7.0852E-06    980.399
12821.00 0.96175981 7.6458E-37 0.0000E+00 0.0000E+00 1.6959E-08 1.6959E-08 0.0000E+00 0.0000E+00 1.6959E-08 6.64E-06 6.94E-06   0.039 1.0000 7.0007E-06    980.542
12831.00 0.96164447 7.2240E-37 0.0000E+00 0.0000E+00 1.7208E-08 1.7208E-08 0.0000E+00 0.0000E+00 1.7208E-08 6.72E-06 7.03E-06   0.039 1.0000 7.0866E-06    981.946
12841.00 0.96155590 6.8192E-37 0.0000E+00 0.0000E+00 1.7303E-08 1.7303E-08 0.0000E+00 0.0000E+00 1.7303E-08 6.74E-06 7.05E-06   0.039 1.0000 7.1081E-06    982.876
12851.00 0.96146607 6.4393E-37 0.0000E+00 0.0000E+00 1.7328E-08 1.7328E-08 0.0000E+00 0.0000E+00 1.7328E-08 6.73E-06 7.04E-06   0.039 1.0000 7.1013E-06    983.597
12861.00 0.96138364 6.0796E-37 0.0000E+00 0.0000E+00 1.7020E-08 1.7020E-08 0.0000E+00 0.0000E+00 1.7020E-08 6.59E-06 6.90E-06   0.039 1.0000 6.9577E-06    983.301
12871.00 0.96130723 5.6272E-37 0.0000E+00 0.0000E+00 1.7445E-08 1.7445E-08 0.0000E+00 0.0000E+00 1.7445E-08 6.74E-06 7.05E-06   0.039 1.0000 7.1139E-06    985.236
12881.00 0.96122837 5.1972E-37 0.0000E+00 0.0000E+00 1.7453E-08 1.7453E-08 0.0000E+00 0.0000E+00 1.7453E-08 6.73E-06 7.04E-06   0.040 1.0000 7.0994E-06    985.901
12891.00 0.96114433 4.9086E-37 0.0000E+00 0.0000E+00 1.7484E-08 1.7484E-08 0.0000E+00 0.0000E+00 1.7484E-08 6.72E-06 7.04E-06   0.040 1.0000 7.0944E-06    986.637
12901.00 0.96105915 4.6378E-37 0.0000E+00 0.0000E+00 1.6685E-08 1.6685E-08 0.0000E+00 0.0000E+00 1.6685E-08 6.40E-06 6.70E-06   0.040 1.0000 6.7536E-06    984.831
12911.00 0.96094382 4.3878E-37 0.0000E+00 0.0000E+00 1.7112E-08 1.7112E-08 0.0000E+00 0.0000E+00 1.7112E-08 6.54E-06 6.85E-06   0.040 1.0000 6.9089E-06    986.795
12921.00 0.96083182 4.1490E-37 0.0000E+00 0.0000E+00 1.7640E-08 1.7640E-08 0.0000E+00 0.0000E+00 1.7640E-08 6.73E-06 7.05E-06   0.040 1.0000 7.1049E-06    989.036
12931.00 0.96065420 3.9284E-37 0.0000E+00 0.0000E+00 1.7583E-08 1.7583E-08 0.0000E+00 0.0000E+00 1.7583E-08 6.69E-06 7.01E-06   0.040 1.0000 7.0646E-06    989.507
12941.00 0.96039867 3.6151E-37 0.0000E+00 0.0000E+00 1.7201E-08 1.7201E-08 0.0000E+00 0.0000E+00 1.7201E-08 6.53E-06 6.84E-06   0.040 1.0000 6.8949E-06    988.996
12951.00 0.96024042 3.3104E-37 0.0000E+00 0.0000E+00 1.7475E-08 1.7475E-08 0.0000E+00 0.0000E+00 1.7475E-08 6.61E-06 6.93E-06   0.041 1.0000 6.9877E-06    990.470
12961.00 0.96002525 3.2497E-37 0.0000E+00 0.0000E+00 1.7283E-08 1.7283E-08 0.0000E+00 0.0000E+00 1.7283E-08 6.52E-06 6.84E-06   0.041 1.0000 6.8945E-06    990.530
12971.00 0.95960236 2.9787E-37 0.0000E+00 0.0000E+00 1.7655E-08 1.7655E-08 0.0000E+00 0.0000E+00 1.7655E-08 6.65E-06 6.97E-06   0.041 1.0000 7.0270E-06    992.295
12981.00 0.95787889 2.9139E-37 0.0000E+00 0.0000E+00 1.7599E-08 1.7599E-08 0.0000E+00 0.0000E+00 1.7599E-08 6.60E-06 6.94E-06   0.043 1.0000 6.9958E-06    992.770
12991.00 0.95490628 2.8504E-37 0.0000E+00 0.0000E+00 1.7535E-08 1.7535E-08 0.0000E+00 0.0000E+00 1.7535E-08 6.55E-06 6.90E-06   0.046 1.0000 6.9674E-06    993.221
13001.00 0.94911760 1.3415E-37 0.0000E+00 0.0000E+00 1.7583E-08 1.7583E-08 0.0000E+00 0.0000E+00 1.7583E-08 6.54E-06 6.93E-06   0.052 1.0000 6.9977E-06    994.006
13011.00 0.94330078 0.0000E+00 0.0000E+00 0.0000E+00 1.7709E-08 1.7709E-08 0.0000E+00 0.0000E+00 1.7709E-08 6.56E-06 6.98E-06   0.058 1.0000 7.0635E-06    995.029
13021.00 0.92978734 0.0000E+00 0.0000E+00 0.0000E+00 1.7537E-08 1.7537E-08 0.0000E+00 0.0000E+00 1.7537E-08 6.44E-06 6.93E-06   0.073 1.0000 7.0503E-06    995.156
13031.00 0.91585451 0.0000E+00 0.0000E+00 0.0000E+00 1.7474E-08 1.7474E-08 0.0000E+00 0.0000E+00 1.7474E-08 6.36E-06 6.94E-06   0.088 1.0000 7.0771E-06    995.607
13041.00 0.88812912 0.0000E+00 0.0000E+00 0.0000E+00 1.6274E-08 1.6274E-08 0.0000E+00 0.0000E+00 1.6274E-08 5.84E-06 6.53E-06   0.119 1.0000 6.7057E-06    992.501
13051.00 0.86215752 0.0000E+00 0.0000E+00 0.0000E+00 1.5784E-08 1.5784E-08 0.0000E+00 0.0000E+00 1.5784E-08 5.56E-06 6.43E-06   0.148 1.0000 6.6213E-06    991.536
13061.00 0.80938476 0.0000E+00 0.0000E+00 0.0000E+00 1.5753E-08 1.5753E-08 0.0000E+00 0.0000E+00 1.5753E-08 5.39E-06 6.61E-06   0.211 1.0000 6.8845E-06    992.075
13071.00 0.74035412 0.0000E+00 0.0000E+00 0.0000E+00 1.5311E-08 1.5311E-08 0.0000E+00 0.0000E+00 1.5311E-08 5.05E-06 6.70E-06   0.301 1.0000 7.1115E-06    991.224
13081.00 0.67926663 0.0000E+00 0.0000E+00 0.0000E+00 1.4515E-08 1.4515E-08 0.0000E+00 0.0000E+00 1.4515E-08 4.58E-06 6.61E-06   0.387 1.0000 7.1104E-06    989.078
13091.00 0.60093081 0.0000E+00 0.0000E+00 0.0000E+00 1.3408E-08 1.3408E-08 0.0000E+00 0.0000E+00 1.3408E-08 4.00E-06 6.49E-06   0.509 1.0000 7.1062E-06    985.607
13101.00 0.55323142 0.0000E+00 0.0000E+00 0.0000E+00 1.2700E-08 1.2700E-08 0.0000E+00 0.0000E+00 1.2700E-08 3.63E-06 6.38E-06   0.592 1.0000 7.1028E-06    983.451
13111.00 0.57683051 0.0000E+00 0.0000E+00 0.0000E+00 1.2908E-08 1.2908E-08 0.0000E+00 0.0000E+00 1.2908E-08 3.76E-06 6.34E-06   0.550 1.0000 7.0290E-06    984.917
13121.00 0.75747919 0.0000E+00 0.0000E+00 0.0000E+00 1.4942E-08 1.4942E-08 0.0000E+00 0.0000E+00 1.4942E-08 4.90E-06 6.42E-06   0.278 1.0000 6.7816E-06    993.139
13131.00 0.54775262 0.0000E+00 0.0000E+00 0.0000E+00 1.2517E-08 1.2517E-08 0.0000E+00 0.0000E+00 1.2517E-08 3.50E-06 6.30E-06   0.602 1.0000 6.9749E-06    984.604
13141.00 0.36810952 0.0000E+00 0.0000E+00 0.0000E+00 9.9999E-09 9.9999E-09 0.0000E+00 0.0000E+00 9.9999E-09 2.24E-06 6.02E-06   0.999 1.0000 7.0062E-06    973.844
13151.00 0.37974173 0.0000E+00 0.0000E+00 0.0000E+00 1.0059E-08 1.0059E-08 0.0000E+00 0.0000E+00 1.0059E-08 2.34E-06 5.89E-06   0.968 1.0000 6.9759E-06    974.764
13161.00 0.61316371 0.0000E+00 0.0000E+00 0.0000E+00 1.3733E-08 1.3733E-08 0.0000E+00 0.0000E+00 1.3733E-08 4.05E-06 6.38E-06   0.489 1.0000 7.0394E-06    991.290
13171.00 0.92395771 0.0000E+00 0.0000E+00 0.0000E+00 1.8065E-08 1.8065E-08 0.0000E+00 0.0000E+00 1.8065E-08 6.37E-06 6.90E-06   0.079 1.0000 7.0248E-06   1006.367
13181.00 0.95812994 0.0000E+00 0.0000E+00 0.0000E+00 1.8121E-08 1.8121E-08 0.0000E+00 0.0000E+00 1.8121E-08 6.47E-06 6.80E-06   0.043 1.0000 6.8540E-06   1007.174
13191.00 0.95848840 0.0000E+00 0.0000E+00 0.0000E+00 1.8600E-08 1.8600E-08 0.0000E+00 0.0000E+00 1.8600E-08 6.63E-06 6.96E-06   0.042 1.0000 7.0170E-06   1009.216
13201.00 0.95838529 0.0000E+00 0.0000E+00 0.0000E+00 1.8542E-08 1.8542E-08 0.0000E+00 0.0000E+00 1.8542E-08 6.59E-06 6.92E-06   0.043 1.0000 6.9786E-06   1009.690
13211.00 0.95825350 0.0000E+00 0.0000E+00 0.0000E+00 1.8582E-08 1.8582E-08 0.0000E+00 0.0000E+00 1.8582E-08 6.59E-06 6.92E-06   0.043 1.0000 6.9776E-06   1010.451
13221.00 0.95811450 0.0000E+00 0.0000E+00 0.0000E+00 1.8567E-08 1.8567E-08 0.0000E+00 0.0000E+00 1.8567E-08 6.56E-06 6.90E-06   0.043 1.0000 6.9558E-06   1011.049
13231.00 0.95796961 0.0000E+00 0.0000E+00 0.0000E+00 1.8510E-08 1.8510E-08 0.0000E+00 0.0000E+00 1.8510E-08 6.53E-06 6.86E-06   0.043 1.0000 6.9184E-06   1011.525
13241.00 0.95782042 0.0000E+00 0.0000E+00 0.0000E+00 1.8861E-08 1.8861E-08 0.0000E+00 0.0000E+00 1.8861E-08 6.63E-06 6.97E-06   0.043 1.0000 7.0339E-06   1013.182
13251.00 0.95766848 0.0000E+00 0.0000E+00 0.0000E+00 1.8959E-08 1.8959E-08 0.0000E+00 0.0000E+00 1.8959E-08 6.65E-06 6.99E-06   0.043 1.0000 7.0541E-06   1014.102
13261.00 0.95751041 0.0000E+00 0.0000E+00 0.0000E+00 1.9060E-08 1.9060E-08 0.0000E+00 0.0000E+00 1.9060E-08 6.67E-06 7.01E-06   0.043 1.0000 7.0756E-06   1015.033
13271.00 0.95734954 0.0000E+00 0.0000E+00 0.0000E+00 1.8905E-08 1.8905E-08 0.0000E+00 0.0000E+00 1.8905E-08 6.60E-06 6.94E-06   0.044 1.0000 7.0026E-06   1015.237
13281.00 0.95718217 0.0000E+00 0.0000E+00 0.0000E+00 1.8782E-08 1.8782E-08 0.0000E+00 0.0000E+00 1.8782E-08 6.54E-06 6.88E-06   0.044 1.0000 6.9412E-06   1015.525
13291.00 0.95701313 0.0000E+00 0.0000E+00 0.0000E+00 1.8758E-08 1.8758E-08 0.0000E+00 0.0000E+00 1.8758E-08 6.51E-06 6.85E-06   0.044 1.0000 6.9165E-06   1016.098
13301.00 0.95684141 0.0000E+00 0.0000E+00 0.0000E+00 1.9052E-08 1.9052E-08 0.0000E+00 0.0000E+00 1.9052E-08 6.60E-06 6.94E-06   0.044 1.0000 7.0096E-06   1017.583
13311.00 0.95667791 0.0000E+00 0.0000E+00 0.0000E+00 1.8513E-08 1.8513E-08 0.0000E+00 0.0000E+00 1.8513E-08 6.40E-06 6.73E-06   0.044 1.0000 6.7959E-06   1016.675
13321.00 0.95650375 0.0000E+00 0.0000E+00 0.0000E+00 1.9125E-08 1.9125E-08 0.0000E+00 0.0000E+00 1.9125E-08 6.59E-06 6.94E-06   0.044 1.0000 7.0050E-06   1019.077
13331.00 0.95633942 0.0000E+00 0.0000E+00 0.0000E+00 1.8992E-08 1.8992E-08 0.0000E+00 0.0000E+00 1.8992E-08 6.53E-06 6.87E-06   0.045 1.0000 6.9407E-06   1019.340
13341.00 0.95617986 0.0000E+00 0.0000E+00 0.0000E+00 1.8601E-08 1.8601E-08 0.0000E+00 0.0000E+00 1.8601E-08 6.38E-06 6.72E-06   0.045 1.0000 6.7825E-06   1018.857
13351.00 0.95602602 0.0000E+00 0.0000E+00 0.0000E+00 1.9214E-08 1.9214E-08 0.0000E+00 0.0000E+00 1.9214E-08 6.57E-06 6.92E-06   0.045 1.0000 6.9903E-06   1021.258
13361.00 0.95588732 0.0000E+00 0.0000E+00 0.0000E+00 1.9145E-08 1.9145E-08 0.0000E+00 0.0000E+00 1.9145E-08 6.53E-06 6.88E-06   0.045 1.0000 6.9490E-06   1021.703
13371.00 0.95575434 0.0000E+00 0.0000E+00 0.0000E+00 1.9172E-08 1.9172E-08 0.0000E+00 0.0000E+00 1.9172E-08 6.52E-06 6.87E-06   0.045 1.0000 6.9428E-06   1022.423
13381.00 0.95563203 0.0000E+00 0.0000E+00 0.0000E+00 1.9328E-08 1.9328E-08 0.0000E+00 0.0000E+00 1.9328E-08 6.56E-06 6.91E-06   0.045 1.0000 6.9829E-06   1023.506
13391.00 0.95551735 0.0000E+00 0.0000E+00 0.0000E+00 1.9380E-08 1.9380E-08 0.0000E+00 0.0000E+00 1.9380E-08 6.56E-06 6.92E-06   0.046 1.0000 6.9856E-06   1024.297
13401.00 0.95541543 0.0000E+00 0.0000E+00 0.0000E+00 1.9275E-08 1.9275E-08 0.0000E+00 0.0000E+00 1.9275E-08 6.51E-06 6.86E-06   0.046 1.0000 6.9311E-06   1024.643
13411.00 0.95531136 0.0000E+00 0.0000E+00 0.0000E+00 1.9505E-08 1.9505E-08 0.0000E+00 0.0000E+00 1.9505E-08 6.57E-06 6.93E-06   0.046 1.0000 6.9973E-06   1025.933
13421.00 0.95522720 0.0000E+00 0.0000E+00 0.0000E+00 1.9129E-08 1.9129E-08 0.0000E+00 0.0000E+00 1.9129E-08 6.43E-06 6.78E-06   0.046 1.0000 6.8463E-06   1025.515
13431.00 0.95512801 0.0000E+00 0.0000E+00 0.0000E+00 1.8930E-08 1.8930E-08 0.0000E+00 0.0000E+00 1.8930E-08 6.35E-06 6.69E-06   0.046 1.0000 6.7587E-06   1025.587
13441.00 0.95503634 0.0000E+00 0.0000E+00 0.0000E+00 1.9592E-08 1.9592E-08 0.0000E+00 0.0000E+00 1.9592E-08 6.55E-06 6.91E-06   0.046 1.0000 6.9782E-06   1028.104
13451.00 0.95496154 0.0000E+00 0.0000E+00 0.0000E+00 1.9645E-08 1.9645E-08 0.0000E+00 0.0000E+00 1.9645E-08 6.55E-06 6.91E-06   0.046 1.0000 6.9805E-06   1028.895
13461.00 0.95482361 0.0000E+00 0.0000E+00 0.0000E+00 1.9506E-08 1.9506E-08 0.0000E+00 0.0000E+00 1.9506E-08 6.49E-06 6.84E-06   0.046 1.0000 6.9145E-06   1029.148
13471.00 0.95472497 0.0000E+00 0.0000E+00 0.0000E+00 1.8863E-08 1.8863E-08 0.0000E+00 0.0000E+00 1.8863E-08 6.26E-06 6.60E-06   0.046 1.0000 6.6706E-06   1027.961
13481.00 0.95462948 0.0000E+00 0.0000E+00 0.0000E+00 1.8922E-08 1.8922E-08 0.0000E+00 0.0000E+00 1.8922E-08 6.26E-06 6.61E-06   0.046 1.0000 6.6756E-06   1028.773
13491.00 0.95446080 0.0000E+00 0.0000E+00 0.0000E+00 1.8919E-08 1.8919E-08 0.0000E+00 0.0000E+00 1.8919E-08 6.25E-06 6.59E-06   0.047 1.0000 6.6588E-06   1029.406
13501.00 0.95444703 0.0000E+00 0.0000E+00 0.0000E+00 1.9512E-08 1.9512E-08 0.0000E+00 0.0000E+00 1.9512E-08 6.43E-06 6.78E-06   0.047 1.0000 6.8511E-06   1031.737
13511.00 0.95422608 0.0000E+00 0.0000E+00 0.0000E+00 1.9549E-08 1.9549E-08 0.0000E+00 0.0000E+00 1.9549E-08 6.42E-06 6.78E-06   0.047 1.0000 6.8479E-06   1032.482
13521.00 0.95395780 0.0000E+00 0.0000E+00 0.0000E+00 1.9614E-08 1.9614E-08 0.0000E+00 0.0000E+00 1.9614E-08 6.43E-06 6.79E-06   0.047 1.0000 6.8549E-06   1033.306
13531.00 0.95391989 0.0000E+00 0.0000E+00 0.0000E+00 1.9030E-08 1.9030E-08 0.0000E+00 0.0000E+00 1.9030E-08 6.22E-06 6.57E-06   0.047 1.0000 6.6352E-06   1032.292
13541.00 0.95358771 0.0000E+00 0.0000E+00 0.0000E+00 1.9631E-08 1.9631E-08 0.0000E+00 0.0000E+00 1.9631E-08 6.40E-06 6.76E-06   0.048 1.0000 6.8288E-06   1034.638
13551.00 0.95370227 0.0000E+00 0.0000E+00 0.0000E+00 2.0078E-08 2.0078E-08 0.0000E+00 0.0000E+00 2.0078E-08 6.53E-06 6.90E-06   0.047 1.0000 6.9678E-06   1036.522
13561.00 0.95330775 0.0000E+00 0.0000E+00 0.0000E+00 2.0160E-08 2.0160E-08 0.0000E+00 0.0000E+00 2.0160E-08 6.54E-06 6.91E-06   0.048 1.0000 6.9805E-06   1037.389
13571.00 0.95296168 0.0000E+00 0.0000E+00 0.0000E+00 2.0057E-08 2.0057E-08 0.0000E+00 0.0000E+00 2.0057E-08 6.49E-06 6.86E-06   0.048 1.0000 6.9293E-06   1037.750
13581.00 0.95265996 0.0000E+00 0.0000E+00 0.0000E+00 1.9923E-08 1.9923E-08 0.0000E+00 0.0000E+00 1.9923E-08 6.43E-06 6.80E-06   0.048 1.0000 6.8674E-06   1038.023
13591.00 0.95285952 0.0000E+00 0.0000E+00 0.0000E+00 1.9857E-08 1.9857E-08 0.0000E+00 0.0000E+00 1.9857E-08 6.39E-06 6.76E-06   0.048 1.0000 6.8280E-06   1038.481
13601.00 0.95280731 0.0000E+00 0.0000E+00 0.0000E+00 2.0166E-08 2.0166E-08 0.0000E+00 0.0000E+00 2.0166E-08 6.48E-06 6.85E-06   0.048 1.0000 6.9178E-06   1039.976
13611.00 0.95253778 0.0000E+00 0.0000E+00 0.0000E+00 2.0404E-08 2.0404E-08 0.0000E+00 0.0000E+00 2.0404E-08 6.54E-06 6.91E-06   0.049 1.0000 6.9838E-06   1041.268
13621.00 0.95282435 0.0000E+00 0.0000E+00 0.0000E+00 2.0513E-08 2.0513E-08 0.0000E+00 0.0000E+00 2.0513E-08 6.56E-06 6.93E-06   0.048 1.0000 7.0039E-06   1042.205
13631.00 0.95192868 0.0000E+00 0.0000E+00 0.0000E+00 2.0336E-08 2.0336E-08 0.0000E+00 0.0000E+00 2.0336E-08 6.48E-06 6.86E-06   0.049 1.0000 6.9291E-06   1042.368
13641.00 0.95212668 0.0000E+00 0.0000E+00 0.0000E+00 2.0046E-08 2.0046E-08 0.0000E+00 0.0000E+00 2.0046E-08 6.37E-06 6.74E-06   0.049 1.0000 6.8141E-06   1042.217
13651.00 0.95181614 0.0000E+00 0.0000E+00 0.0000E+00 2.0136E-08 2.0136E-08 0.0000E+00 0.0000E+00 2.0136E-08 6.38E-06 6.76E-06   0.049 1.0000 6.8293E-06   1043.107
13661.00 0.95000261 0.0000E+00 0.0000E+00 0.0000E+00 2.0424E-08 2.0424E-08 0.0000E+00 0.0000E+00 2.0424E-08 6.45E-06 6.84E-06   0.051 1.0000 6.9146E-06   1044.538
13671.00 0.94980025 0.0000E+00 0.0000E+00 0.0000E+00 2.0307E-08 2.0307E-08 0.0000E+00 0.0000E+00 2.0307E-08 6.40E-06 6.79E-06   0.052 1.0000 6.8594E-06   1044.860
13681.00 0.94955891 0.0000E+00 0.0000E+00 0.0000E+00 2.0021E-08 2.0021E-08 0.0000E+00 0.0000E+00 2.0021E-08 6.29E-06 6.68E-06   0.052 1.0000 6.7477E-06   1044.717
13691.00 0.94838798 0.0000E+00 0.0000E+00 0.0000E+00 2.0602E-08 2.0602E-08 0.0000E+00 0.0000E+00 2.0602E-08 6.45E-06 6.86E-06   0.053 1.0000 6.9298E-06   1046.947
13701.00 0.95008886 0.0000E+00 0.0000E+00 0.0000E+00 2.0539E-08 2.0539E-08 0.0000E+00 0.0000E+00 2.0539E-08 6.43E-06 6.82E-06   0.051 1.0000 6.8895E-06   1047.420
13711.00 0.94628340 0.0000E+00 0.0000E+00 0.0000E+00 1.9645E-08 1.9645E-08 0.0000E+00 0.0000E+00 1.9645E-08 6.11E-06 6.51E-06   0.055 1.0000 6.5819E-06   1045.590
13721.00 0.94869220 0.0000E+00 0.0000E+00 0.0000E+00 1.9925E-08 1.9925E-08 0.0000E+00 0.0000E+00 1.9925E-08 6.20E-06 6.58E-06   0.053 1.0000 6.6556E-06   1047.016
13731.00 0.94810271 0.0000E+00 0.0000E+00 0.0000E+00 2.0555E-08 2.0555E-08 0.0000E+00 0.0000E+00 2.0555E-08 6.37E-06 6.78E-06   0.053 1.0000 6.8519E-06   1049.391
13741.00 0.94363511 0.0000E+00 0.0000E+00 0.0000E+00 2.0686E-08 2.0686E-08 0.0000E+00 0.0000E+00 2.0686E-08 6.37E-06 6.81E-06   0.058 1.0000 6.8890E-06   1050.388
13751.00 0.94762325 0.0000E+00 0.0000E+00 0.0000E+00 2.1006E-08 2.1006E-08 0.0000E+00 0.0000E+00 2.1006E-08 6.48E-06 6.89E-06   0.054 1.0000 6.9714E-06   1051.889
13761.00 0.94441950 0.0000E+00 0.0000E+00 0.0000E+00 2.0819E-08 2.0819E-08 0.0000E+00 0.0000E+00 2.0819E-08 6.39E-06 6.82E-06   0.057 1.0000 6.9003E-06   1052.031
13771.00 0.94811529 0.0000E+00 0.0000E+00 0.0000E+00 2.0690E-08 2.0690E-08 0.0000E+00 0.0000E+00 2.0690E-08 6.36E-06 6.76E-06   0.053 1.0000 6.8340E-06   1052.326
13781.00 0.94452643 0.0000E+00 0.0000E+00 0.0000E+00 2.0965E-08 2.0965E-08 0.0000E+00 0.0000E+00 2.0965E-08 6.40E-06 6.84E-06   0.057 1.0000 6.9166E-06   1053.707
13791.00 0.94633424 0.0000E+00 0.0000E+00 0.0000E+00 2.0903E-08 2.0903E-08 0.0000E+00 0.0000E+00 2.0903E-08 6.38E-06 6.80E-06   0.055 1.0000 6.8767E-06   1054.184
13801.00 0.94271708 0.0000E+00 0.0000E+00 0.0000E+00 2.0939E-08 2.0939E-08 0.0000E+00 0.0000E+00 2.0939E-08 6.36E-06 6.80E-06   0.059 1.0000 6.8804E-06   1054.923
13811.00 0.94349170 0.0000E+00 0.0000E+00 0.0000E+00 2.1035E-08 2.1035E-08 0.0000E+00 0.0000E+00 2.1035E-08 6.38E-06 6.82E-06   0.058 1.0000 6.8949E-06   1055.822
13821.00 0.94057697 0.0000E+00 0.0000E+00 0.0000E+00 2.1223E-08 2.1223E-08 0.0000E+00 0.0000E+00 2.1223E-08 6.40E-06 6.87E-06   0.061 1.0000 6.9471E-06   1056.964
13831.00 0.94753647 0.0000E+00 0.0000E+00 0.0000E+00 2.1110E-08 2.1110E-08 0.0000E+00 0.0000E+00 2.1110E-08 6.39E-06 6.80E-06   0.054 1.0000 6.8800E-06   1057.307
13841.00 0.94784677 0.0000E+00 0.0000E+00 0.0000E+00 2.0475E-08 2.0475E-08 0.0000E+00 0.0000E+00 2.0475E-08 6.19E-06 6.58E-06   0.054 1.0000 6.6572E-06   1056.237
13851.00 0.94820189 0.0000E+00 0.0000E+00 0.0000E+00 2.1176E-08 2.1176E-08 0.0000E+00 0.0000E+00 2.1176E-08 6.38E-06 6.79E-06   0.053 1.0000 6.8689E-06   1058.767
13861.00 0.94815451 0.0000E+00 0.0000E+00 0.0000E+00 2.1148E-08 2.1148E-08 0.0000E+00 0.0000E+00 2.1148E-08 6.36E-06 6.76E-06   0.053 1.0000 6.8448E-06   1059.336
13871.00 0.94179857 0.0000E+00 0.0000E+00 0.0000E+00 2.0419E-08 2.0419E-08 0.0000E+00 0.0000E+00 2.0419E-08 6.09E-06 6.53E-06   0.060 1.0000 6.6067E-06   1058.006
13881.00 0.93752646 0.0000E+00 0.0000E+00 0.0000E+00 2.1173E-08 2.1173E-08 0.0000E+00 0.0000E+00 2.1173E-08 6.28E-06 6.76E-06   0.065 1.0000 6.8443E-06   1060.686
13891.00 0.94156098 0.0000E+00 0.0000E+00 0.0000E+00 2.1018E-08 2.1018E-08 0.0000E+00 0.0000E+00 2.1018E-08 6.24E-06 6.69E-06   0.060 1.0000 6.7708E-06   1060.916
13901.00 0.93930262 0.0000E+00 0.0000E+00 0.0000E+00 2.0602E-08 2.0602E-08 0.0000E+00 0.0000E+00 2.0602E-08 6.09E-06 6.55E-06   0.063 1.0000 6.6271E-06   1060.432
13911.00 0.93638545 0.0000E+00 0.0000E+00 0.0000E+00 2.0510E-08 2.0510E-08 0.0000E+00 0.0000E+00 2.0510E-08 6.03E-06 6.51E-06   0.066 1.0000 6.5880E-06   1060.822
13921.00 0.94131279 0.0000E+00 0.0000E+00 0.0000E+00 2.0841E-08 2.0841E-08 0.0000E+00 0.0000E+00 2.0841E-08 6.14E-06 6.59E-06   0.060 1.0000 6.6696E-06   1062.366
13931.00 0.94291359 0.0000E+00 0.0000E+00 0.0000E+00 2.1299E-08 2.1299E-08 0.0000E+00 0.0000E+00 2.1299E-08 6.27E-06 6.71E-06   0.059 1.0000 6.7975E-06   1064.234
13941.00 0.94426227 0.0000E+00 0.0000E+00 0.0000E+00 2.1745E-08 2.1745E-08 0.0000E+00 0.0000E+00 2.1745E-08 6.40E-06 6.83E-06   0.057 1.0000 6.9216E-06   1066.049
13951.00 0.94641048 0.0000E+00 0.0000E+00 0.0000E+00 2.0916E-08 2.0916E-08 0.0000E+00 0.0000E+00 2.0916E-08 6.15E-06 6.55E-06   0.055 1.0000 6.6387E-06   1064.491
13961.00 0.94752121 0.0000E+00 0.0000E+00 0.0000E+00 2.1526E-08 2.1526E-08 0.0000E+00 0.0000E+00 2.1526E-08 6.32E-06 6.73E-06   0.054 1.0000 6.8145E-06   1066.760
13971.00 0.94755232 0.0000E+00 0.0000E+00 0.0000E+00 2.1661E-08 2.1661E-08 0.0000E+00 0.0000E+00 2.1661E-08 6.35E-06 6.75E-06   0.054 1.0000 6.8419E-06   1067.757
13981.00 0.94725013 0.0000E+00 0.0000E+00 0.0000E+00 2.1107E-08 2.1107E-08 0.0000E+00 0.0000E+00 2.1107E-08 6.17E-06 6.57E-06   0.054 1.0000 6.6525E-06   1066.931
13991.00 0.94722909 0.0000E+00 0.0000E+00 0.0000E+00 2.1304E-08 2.1304E-08 0.0000E+00 0.0000E+00 2.1304E-08 6.21E-06 6.61E-06   0.054 1.0000 6.6990E-06   1068.099
14001.00 0.94720322 0.0000E+00 0.0000E+00 0.0000E+00 2.1982E-08 2.1982E-08 0.0000E+00 0.0000E+00 2.1982E-08 6.40E-06 6.81E-06   0.054 1.0000 6.8966E-06   1070.520
14011.00 0.94714773 0.0000E+00 0.0000E+00 0.0000E+00 2.1916E-08 2.1916E-08 0.0000E+00 0.0000E+00 2.1916E-08 6.36E-06 6.77E-06   0.054 1.0000 6.8603E-06   1070.991
14021.00 0.94698882 0.0000E+00 0.0000E+00 0.0000E+00 2.1467E-08 2.1467E-08 0.0000E+00 0.0000E+00 2.1467E-08 6.22E-06 6.62E-06   0.054 1.0000 6.7046E-06   1070.458
14031.00 0.94698334 0.0000E+00 0.0000E+00 0.0000E+00 2.1840E-08 2.1840E-08 0.0000E+00 0.0000E+00 2.1840E-08 6.31E-06 6.72E-06   0.054 1.0000 6.8054E-06   1072.078
14041.00 0.94681054 0.0000E+00 0.0000E+00 0.0000E+00 2.1853E-08 2.1853E-08 0.0000E+00 0.0000E+00 2.1853E-08 6.30E-06 6.71E-06   0.055 1.0000 6.7943E-06   1072.756
14051.00 0.94671685 0.0000E+00 0.0000E+00 0.0000E+00 2.1875E-08 2.1875E-08 0.0000E+00 0.0000E+00 2.1875E-08 6.29E-06 6.70E-06   0.055 1.0000 6.7860E-06   1073.456
14061.00 0.94652176 0.0000E+00 0.0000E+00 0.0000E+00 2.1973E-08 2.1973E-08 0.0000E+00 0.0000E+00 2.1973E-08 6.30E-06 6.71E-06   0.055 1.0000 6.8011E-06   1074.352
14071.00 0.94634557 0.0000E+00 0.0000E+00 0.0000E+00 2.2384E-08 2.2384E-08 0.0000E+00 0.0000E+00 2.2384E-08 6.40E-06 6.82E-06   0.055 1.0000 6.9130E-06   1076.054
14081.00 0.94617867 0.0000E+00 0.0000E+00 0.0000E+00 2.2464E-08 2.2464E-08 0.0000E+00 0.0000E+00 2.2464E-08 6.41E-06 6.83E-06   0.055 1.0000 6.9222E-06   1076.899
14091.00 0.94613189 0.0000E+00 0.0000E+00 0.0000E+00 2.2272E-08 2.2272E-08 0.0000E+00 0.0000E+00 2.2272E-08 6.34E-06 6.76E-06   0.055 1.0000 6.8480E-06   1077.053
14101.00 0.94592804 0.0000E+00 0.0000E+00 0.0000E+00 2.2063E-08 2.2063E-08 0.0000E+00 0.0000E+00 2.2063E-08 6.26E-06 6.68E-06   0.056 1.0000 6.7686E-06   1077.153
14111.00 0.94584632 0.0000E+00 0.0000E+00 0.0000E+00 2.2020E-08 2.2020E-08 0.0000E+00 0.0000E+00 2.2020E-08 6.24E-06 6.65E-06   0.056 1.0000 6.7405E-06   1077.686
14121.00 0.94548923 0.0000E+00 0.0000E+00 0.0000E+00 2.2700E-08 2.2700E-08 0.0000E+00 0.0000E+00 2.2700E-08 6.41E-06 6.84E-06   0.056 1.0000 6.9338E-06   1080.072
14131.00 0.94540030 0.0000E+00 0.0000E+00 0.0000E+00 2.2677E-08 2.2677E-08 0.0000E+00 0.0000E+00 2.2677E-08 6.39E-06 6.82E-06   0.056 1.0000 6.9114E-06   1080.654
14141.00 0.94533837 0.0000E+00 0.0000E+00 0.0000E+00 2.1930E-08 2.1930E-08 0.0000E+00 0.0000E+00 2.1930E-08 6.17E-06 6.58E-06   0.056 1.0000 6.6690E-06   1079.378
14151.00 0.94500178 0.0000E+00 0.0000E+00 0.0000E+00 2.2530E-08 2.2530E-08 0.0000E+00 0.0000E+00 2.2530E-08 6.32E-06 6.74E-06   0.057 1.0000 6.8364E-06   1081.566
14161.00 0.94481635 0.0000E+00 0.0000E+00 0.0000E+00 2.2545E-08 2.2545E-08 0.0000E+00 0.0000E+00 2.2545E-08 6.31E-06 6.73E-06   0.057 1.0000 6.8263E-06   1082.248
14171.00 0.94454825 0.0000E+00 0.0000E+00 0.0000E+00 2.2579E-08 2.2579E-08 0.0000E+00 0.0000E+00 2.2579E-08 6.30E-06 6.73E-06   0.057 1.0000 6.8218E-06   1082.978
14181.00 0.94436133 0.0000E+00 0.0000E+00 0.0000E+00 2.2942E-08 2.2942E-08 0.0000E+00 0.0000E+00 2.2942E-08 6.39E-06 6.82E-06   0.057 1.0000 6.9162E-06   1084.537
14191.00 0.94455814 0.0000E+00 0.0000E+00 0.0000E+00 2.2942E-08 2.2942E-08 0.0000E+00 0.0000E+00 2.2942E-08 6.37E-06 6.81E-06   0.057 1.0000 6.9005E-06   1085.181
14201.00 0.94369543 0.0000E+00 0.0000E+00 0.0000E+00 2.2680E-08 2.2680E-08 0.0000E+00 0.0000E+00 2.2680E-08 6.28E-06 6.71E-06   0.058 1.0000 6.8083E-06   1085.161
14211.00 0.94423485 0.0000E+00 0.0000E+00 0.0000E+00 2.2705E-08 2.2705E-08 0.0000E+00 0.0000E+00 2.2705E-08 6.28E-06 6.70E-06   0.057 1.0000 6.7993E-06   1085.866
14221.00 0.94365644 0.0000E+00 0.0000E+00 0.0000E+00 2.2751E-08 2.2751E-08 0.0000E+00 0.0000E+00 2.2751E-08 6.27E-06 6.70E-06   0.058 1.0000 6.7995E-06   1086.627
14231.00 0.94286871 0.0000E+00 0.0000E+00 0.0000E+00 2.2433E-08 2.2433E-08 0.0000E+00 0.0000E+00 2.2433E-08 6.16E-06 6.60E-06   0.059 1.0000 6.6909E-06   1086.455
14241.00 0.94305480 0.0000E+00 0.0000E+00 0.0000E+00 2.2632E-08 2.2632E-08 0.0000E+00 0.0000E+00 2.2632E-08 6.21E-06 6.64E-06   0.059 1.0000 6.7352E-06   1087.608
14251.00 0.94265860 0.0000E+00 0.0000E+00 0.0000E+00 2.2172E-08 2.2172E-08 0.0000E+00 0.0000E+00 2.2172E-08 6.06E-06 6.49E-06   0.059 1.0000 6.5845E-06   1087.066
14261.00 0.94295943 0.0000E+00 0.0000E+00 0.0000E+00 2.2809E-08 2.2809E-08 0.0000E+00 0.0000E+00 2.2809E-08 6.23E-06 6.66E-06   0.059 1.0000 6.7582E-06   1089.343
14271.00 0.94206089 0.0000E+00 0.0000E+00 0.0000E+00 2.2719E-08 2.2719E-08 0.0000E+00 0.0000E+00 2.2719E-08 6.18E-06 6.62E-06   0.060 1.0000 6.7184E-06   1089.755
14281.00 0.94243884 0.0000E+00 0.0000E+00 0.0000E+00 2.2783E-08 2.2783E-08 0.0000E+00 0.0000E+00 2.2783E-08 6.19E-06 6.62E-06   0.059 1.0000 6.7221E-06   1090.562
 -9999.
