T F 2    2    2    1    2    2    2    2    2    2    1    0    0 294.200   0.40
    1    1    1    0   18    0  10.00000   0.00000   0.00000   0.00000   0.00000
   1.000  10.000   0.140
 -99.00000 -99.00000 -99.00000  2.922432  0.000710 ! H2O & O3 COLUMNS [GM/CM2]
   40MID-LATITUDE SUMMER 
  10.00000   0.00000 180.00000  10.00000   0.00000   0.00000    0        0.00000
    0    2    1    0
   0.00000   0.00000   0.00000  45.00533   0.00000 270.00000   0.00000   0.00000
    9091.0   14286.0      10.0      10.0RN              
    0   0    0.000  0    0.000  0    1.000
    FREQ  TOT_TRANS  PTH_THRML  THRML_SCT  SURF_EMIS   SOL_SCAT  SING_SCAT  GRND_RFLT  DRCT_RFLT  TOTAL_RAD  REF_SOL  SOL@OBS   DEPTH DIR_EM    TOA_SUN BBODY_T[K]
 9091.00 0.60335112 7.7620E-21            1.5924E-20 6.7688E-08 1.2561E-08 2.7806E-07 1.8074E-07 3.4574E-07 2.01E-06 6.03E-06   0.505 0.6000 7.3883E-06    885.793
 9101.00 0.63499308 6.9848E-21            1.6004E-20 7.4744E-08 1.2894E-08 2.9974E-07 1.9181E-07 3.7448E-07 2.13E-06 5.89E-06   0.454 0.6000 7.2084E-06    891.389
 9111.00 0.67314273 6.0598E-21            1.6195E-20 9.0067E-08 1.3831E-08 3.4618E-07 2.1758E-07 4.3625E-07 2.42E-06 5.90E-06   0.396 0.6000 7.2268E-06    901.536
 9121.00 0.67278850 5.7417E-21            1.5502E-20 9.0227E-08 1.3824E-08 3.4609E-07 2.1733E-07 4.3632E-07 2.41E-06 5.89E-06   0.396 0.6000 7.2128E-06    902.330
 9131.00 0.66480458 5.6122E-21            1.4613E-20 8.6606E-08 1.3581E-08 3.3412E-07 2.1016E-07 4.2073E-07 2.33E-06 5.86E-06   0.408 0.6000 7.1706E-06    900.862
 9141.00 0.70448256 4.8751E-21            1.4791E-20 9.5606E-08 1.3876E-08 3.6012E-07 2.2413E-07 4.5573E-07 2.49E-06 5.62E-06   0.350 0.6000 6.8786E-06    906.613
 9151.00 0.66636717 5.0837E-21            1.3374E-20 9.2551E-08 1.4027E-08 3.4944E-07 2.1952E-07 4.4199E-07 2.44E-06 5.98E-06   0.406 0.6000 7.3243E-06    905.490
 9161.00 0.73990393 3.9533E-21            1.4185E-20 1.1974E-07 1.5844E-08 4.3407E-07 2.6635E-07 5.5381E-07 2.96E-06 6.05E-06   0.301 0.6000 7.4023E-06    920.550
 9171.00 0.69402641 4.2955E-21            1.2716E-20 1.0338E-07 1.4954E-08 3.8553E-07 2.3981E-07 4.8891E-07 2.66E-06 6.09E-06   0.365 0.6000 7.4596E-06    913.394
 9181.00 0.71407807 3.9280E-21            1.2496E-20 1.0742E-07 1.5147E-08 3.9741E-07 2.4590E-07 5.0483E-07 2.73E-06 5.99E-06   0.337 0.6000 7.3374E-06    916.215
 9191.00 0.73698783 3.4852E-21            1.2325E-20 1.1767E-07 1.5667E-08 4.2472E-07 2.6026E-07 5.4239E-07 2.89E-06 5.98E-06   0.305 0.6000 7.3153E-06    921.591
 9201.00 0.70626438 3.6503E-21            1.1290E-20 1.0483E-07 1.4858E-08 3.8575E-07 2.3894E-07 4.9059E-07 2.65E-06 5.91E-06   0.348 0.6000 7.2365E-06    915.978
 9211.00 0.70966494 3.4491E-21            1.0823E-20 1.1078E-07 1.5520E-08 4.0518E-07 2.5027E-07 5.1595E-07 2.78E-06 6.13E-06   0.343 0.6000 7.5017E-06    919.975
 9221.00 0.72607821 3.1504E-21            1.0591E-20 1.1516E-07 1.5760E-08 4.1778E-07 2.5661E-07 5.3294E-07 2.85E-06 6.08E-06   0.320 0.6000 7.4389E-06    922.841
 9231.00 0.72370768 3.0209E-21            1.0076E-20 1.1343E-07 1.5374E-08 4.0804E-07 2.5071E-07 5.2147E-07 2.78E-06 5.92E-06   0.323 0.6000 7.2538E-06    922.237
 9241.00 0.74235970 2.7155E-21            9.8834E-21 1.2082E-07 1.5796E-08 4.2873E-07 2.6147E-07 5.4955E-07 2.90E-06 5.91E-06   0.298 0.6000 7.2418E-06    926.401
 9251.00 0.72574741 2.7493E-21            9.2286E-21 1.1577E-07 1.5730E-08 4.1628E-07 2.5551E-07 5.3205E-07 2.84E-06 6.02E-06   0.321 0.6000 7.3662E-06    925.109
 9261.00 0.73449779 2.5444E-21            8.9189E-21 1.2239E-07 1.6180E-08 4.3398E-07 2.6507E-07 5.5637E-07 2.94E-06 6.10E-06   0.309 0.6000 7.4664E-06    928.784
 9271.00 0.74805039 2.3188E-21            8.6824E-21 1.2631E-07 1.6232E-08 4.4229E-07 2.6858E-07 5.6859E-07 2.98E-06 5.99E-06   0.290 0.6000 7.3400E-06    930.987
 9281.00 0.72383958 2.4015E-21            8.0247E-21 1.1930E-07 1.6059E-08 4.2291E-07 2.5847E-07 5.4221E-07 2.87E-06 6.13E-06   0.323 0.6000 7.5074E-06    928.703
 9291.00 0.75058144 2.0905E-21            7.9499E-21 1.3107E-07 1.6676E-08 4.5528E-07 2.7571E-07 5.8635E-07 3.06E-06 6.11E-06   0.287 0.6000 7.4866E-06    934.580
 9301.00 0.73842913 2.0888E-21            7.4746E-21 1.2262E-07 1.6069E-08 4.3016E-07 2.6178E-07 5.5278E-07 2.91E-06 5.98E-06   0.303 0.6000 7.3267E-06    931.536
 9311.00 0.74488717 1.9462E-21            7.1990E-21 1.2864E-07 1.6534E-08 4.4689E-07 2.7092E-07 5.7553E-07 3.01E-06 6.09E-06   0.295 0.6000 7.4561E-06    934.952
 9321.00 0.74286443 1.8689E-21            6.8618E-21 1.2516E-07 1.6246E-08 4.3607E-07 2.6420E-07 5.6123E-07 2.93E-06 6.00E-06   0.297 0.6000 7.3505E-06    934.107
 9331.00 0.74434286 1.7740E-21            6.5667E-21 1.2852E-07 1.6596E-08 4.4621E-07 2.6998E-07 5.7474E-07 3.00E-06 6.10E-06   0.295 0.6000 7.4831E-06    936.450
 9341.00 0.74421608 1.6901E-21            6.2737E-21 1.2833E-07 1.6536E-08 4.4434E-07 2.6860E-07 5.7267E-07 2.98E-06 6.08E-06   0.295 0.6000 7.4501E-06    937.008
 9351.00 0.73943961 1.6410E-21            5.9540E-21 1.2085E-07 1.5788E-08 4.2040E-07 2.5444E-07 5.4125E-07 2.83E-06 5.84E-06   0.302 0.6000 7.1583E-06    934.127
 9361.00 0.74292904 1.5369E-21            5.7155E-21 1.2665E-07 1.6357E-08 4.3810E-07 2.6448E-07 5.6475E-07 2.94E-06 6.01E-06   0.297 0.6000 7.3810E-06    937.684
 9371.00 0.74131441 1.4755E-21            5.4479E-21 1.2777E-07 1.6560E-08 4.4178E-07 2.6666E-07 5.6955E-07 2.96E-06 6.09E-06   0.299 0.6000 7.4787E-06    939.030
 9381.00 0.74288118 1.3986E-21            5.2157E-21 1.2848E-07 1.6547E-08 4.4220E-07 2.6652E-07 5.7068E-07 2.96E-06 6.06E-06   0.297 0.6000 7.4430E-06    939.952
 9391.00 0.74123096 1.3452E-21            4.9715E-21 1.3013E-07 1.6825E-08 4.4756E-07 2.6971E-07 5.7769E-07 3.00E-06 6.17E-06   0.299 0.6000 7.5710E-06    941.545
 9401.00 0.74332923 1.2765E-21            4.7629E-21 1.3099E-07 1.6799E-08 4.4785E-07 2.6952E-07 5.7885E-07 2.99E-06 6.12E-06   0.297 0.6000 7.5142E-06    942.470
 9411.00 0.74261034 1.2253E-21            4.5456E-21 1.3076E-07 1.6787E-08 4.4603E-07 2.6831E-07 5.7678E-07 2.98E-06 6.11E-06   0.298 0.6000 7.4958E-06    943.028
 9421.00 0.74431467 1.1645E-21            4.3524E-21 1.3205E-07 1.6836E-08 4.4800E-07 2.6917E-07 5.8005E-07 2.99E-06 6.09E-06   0.295 0.6000 7.4780E-06    944.192
 9431.00 0.74470466 1.1120E-21            4.1601E-21 1.3211E-07 1.6798E-08 4.4654E-07 2.6808E-07 5.7865E-07 2.98E-06 6.06E-06   0.295 0.6000 7.4376E-06    944.826
 9441.00 0.74493444 1.0627E-21            3.9754E-21 1.3240E-07 1.6801E-08 4.4601E-07 2.6757E-07 5.7842E-07 2.97E-06 6.05E-06   0.294 0.6000 7.4170E-06    945.592
 9451.00 0.74559176 1.0148E-21            3.8010E-21 1.3390E-07 1.6935E-08 4.4921E-07 2.6927E-07 5.8312E-07 2.99E-06 6.07E-06   0.294 0.6000 7.4469E-06    946.918
 9461.00 0.74654913 9.6800E-22            3.6358E-21 1.3724E-07 1.7284E-08 4.5836E-07 2.7451E-07 5.9560E-07 3.05E-06 6.17E-06   0.292 0.6000 7.5672E-06    949.109
 9471.00 0.74717611 9.2408E-22            3.4762E-21 1.3823E-07 1.7353E-08 4.5981E-07 2.7518E-07 5.9804E-07 3.06E-06 6.17E-06   0.291 0.6000 7.5686E-06    950.173
 9481.00 0.74782795 8.8058E-22            3.3236E-21 1.3909E-07 1.7403E-08 4.6083E-07 2.7557E-07 5.9992E-07 3.06E-06 6.17E-06   0.291 0.6000 7.5627E-06    951.175
 9491.00 0.74828535 8.4071E-22            3.1770E-21 1.3877E-07 1.7317E-08 4.5813E-07 2.7376E-07 5.9691E-07 3.04E-06 6.12E-06   0.290 0.6000 7.5010E-06    951.635
 9501.00 0.74832904 8.0390E-22            3.0351E-21 1.4007E-07 1.7456E-08 4.6106E-07 2.7535E-07 6.0113E-07 3.06E-06 6.15E-06   0.290 0.6000 7.5429E-06    952.895
 9511.00 0.74846840 7.6843E-22            2.8999E-21 1.4079E-07 1.7518E-08 4.6203E-07 2.7575E-07 6.0282E-07 3.06E-06 6.16E-06   0.290 0.6000 7.5499E-06    953.876
 9521.00 0.74863571 7.3390E-22            2.7709E-21 1.4130E-07 1.7550E-08 4.6233E-07 2.7574E-07 6.0362E-07 3.06E-06 6.16E-06   0.290 0.6000 7.5456E-06    954.757
 9531.00 0.74857181 7.0145E-22            2.6467E-21 1.4201E-07 1.7622E-08 4.6349E-07 2.7627E-07 6.0550E-07 3.07E-06 6.17E-06   0.290 0.6000 7.5615E-06    955.757
 9541.00 0.74874800 6.7062E-22            2.5289E-21 1.4270E-07 1.7676E-08 4.6421E-07 2.7652E-07 6.0691E-07 3.07E-06 6.17E-06   0.289 0.6000 7.5625E-06    956.705
 9551.00 0.74860173 6.4127E-22            2.4153E-21 1.4173E-07 1.7544E-08 4.5993E-07 2.7380E-07 6.0165E-07 3.04E-06 6.11E-06   0.290 0.6000 7.4917E-06    956.918
 9561.00 0.74847472 6.1305E-22            2.3069E-21 1.4059E-07 1.7391E-08 4.5513E-07 2.7079E-07 5.9573E-07 3.01E-06 6.05E-06   0.290 0.6000 7.4123E-06    957.051
 9571.00 0.74820644 5.8642E-22            2.2029E-21 1.4349E-07 1.7745E-08 4.6349E-07 2.7562E-07 6.0698E-07 3.06E-06 6.16E-06   0.290 0.6000 7.5504E-06    959.091
 9581.00 0.74814647 5.6042E-22            2.1042E-21 1.4412E-07 1.7805E-08 4.6433E-07 2.7595E-07 6.0845E-07 3.06E-06 6.17E-06   0.290 0.6000 7.5610E-06    960.045
 9591.00 0.74775374 5.3622E-22            2.0090E-21 1.4333E-07 1.7712E-08 4.6090E-07 2.7377E-07 6.0422E-07 3.04E-06 6.13E-06   0.291 0.6000 7.5108E-06    960.372
 9601.00 0.74726564 5.1323E-22            1.9178E-21 1.4473E-07 1.7896E-08 4.6460E-07 2.7585E-07 6.0933E-07 3.06E-06 6.19E-06   0.291 0.6000 7.5795E-06    961.728
 9611.00 0.74722803 4.9036E-22            1.8319E-21 1.4431E-07 1.7825E-08 4.6209E-07 2.7418E-07 6.0640E-07 3.04E-06 6.15E-06   0.291 0.6000 7.5350E-06    962.197
 9621.00 0.74691862 4.6901E-22            1.7492E-21 1.4445E-07 1.7840E-08 4.6156E-07 2.7372E-07 6.0600E-07 3.04E-06 6.15E-06   0.292 0.6000 7.5299E-06    962.945
 9631.00 0.74656981 4.4869E-22            1.6701E-21 1.4456E-07 1.7854E-08 4.6098E-07 2.7323E-07 6.0554E-07 3.03E-06 6.14E-06   0.292 0.6000 7.5249E-06    963.686
 9641.00 0.74626446 4.2898E-22            1.5947E-21 1.4384E-07 1.7763E-08 4.5776E-07 2.7117E-07 6.0160E-07 3.01E-06 6.10E-06   0.293 0.6000 7.4759E-06    964.040
 9651.00 0.74576026 4.1072E-22            1.5223E-21 1.4613E-07 1.8057E-08 4.6419E-07 2.7486E-07 6.1032E-07 3.05E-06 6.19E-06   0.293 0.6000 7.5893E-06    965.797
 9661.00 0.74594045 3.9213E-22            1.4545E-21 1.4500E-07 1.7885E-08 4.5930E-07 2.7176E-07 6.0430E-07 3.02E-06 6.12E-06   0.293 0.6000 7.4997E-06    965.923
 9671.00 0.74514568 3.7571E-22            1.3879E-21 1.4491E-07 1.7903E-08 4.5842E-07 2.7114E-07 6.0333E-07 3.01E-06 6.12E-06   0.294 0.6000 7.5015E-06    966.607
 9681.00 0.74488568 3.5930E-22            1.3253E-21 1.4479E-07 1.7881E-08 4.5701E-07 2.7016E-07 6.0180E-07 3.00E-06 6.11E-06   0.295 0.6000 7.4807E-06    967.228
 9691.00 0.74402964 3.4424E-22            1.2646E-21 1.4668E-07 1.8146E-08 4.6243E-07 2.7327E-07 6.0912E-07 3.03E-06 6.19E-06   0.296 0.6000 7.5873E-06    968.831
 9701.00 0.74328649 3.2985E-22            1.2067E-21 1.4638E-07 1.8135E-08 4.6084E-07 2.7222E-07 6.0723E-07 3.02E-06 6.18E-06   0.297 0.6000 7.5768E-06    969.413
 9711.00 0.74316716 3.1517E-22            1.1525E-21 1.4641E-07 1.8128E-08 4.5992E-07 2.7151E-07 6.0634E-07 3.02E-06 6.17E-06   0.297 0.6000 7.5604E-06    970.105
 9721.00 0.74055266 3.0396E-22            1.0970E-21 1.4511E-07 1.8102E-08 4.5641E-07 2.6952E-07 6.0152E-07 2.99E-06 6.17E-06   0.300 0.6000 7.5664E-06    970.359
 9731.00 0.73793900 2.9300E-22            1.0442E-21 1.4461E-07 1.8165E-08 4.5526E-07 2.6894E-07 5.9987E-07 2.99E-06 6.21E-06   0.304 0.6000 7.6088E-06    970.964
 9741.00 0.74064779 2.7720E-22            1.0010E-21 1.4663E-07 1.8244E-08 4.5883E-07 2.7058E-07 6.0546E-07 3.00E-06 6.20E-06   0.300 0.6000 7.5946E-06    972.379
 9751.00 0.74006015 2.6533E-22            9.5543E-22 1.4682E-07 1.8290E-08 4.5881E-07 2.7045E-07 6.0563E-07 3.00E-06 6.21E-06   0.301 0.6000 7.6062E-06    973.189
 9761.00 0.73737580 2.5572E-22            9.0950E-22 1.4536E-07 1.8216E-08 4.5434E-07 2.6791E-07 5.9970E-07 2.98E-06 6.20E-06   0.305 0.6000 7.5918E-06    973.315
 9771.00 0.73178852 2.4923E-22            8.6193E-22 1.4214E-07 1.8117E-08 4.4665E-07 2.6375E-07 5.8879E-07 2.93E-06 6.21E-06   0.312 0.6000 7.6047E-06    972.867
 9781.00 0.73855460 2.3242E-22            8.3101E-22 1.4560E-07 1.8146E-08 4.5226E-07 2.6620E-07 5.9785E-07 2.96E-06 6.14E-06   0.303 0.6000 7.5202E-06    974.686
 9791.00 0.73819494 2.2236E-22            7.9337E-22 1.4553E-07 1.8156E-08 4.5141E-07 2.6556E-07 5.9694E-07 2.95E-06 6.13E-06   0.304 0.6000 7.5133E-06    975.372
 9801.00 0.73837131 2.1217E-22            7.5807E-22 1.4651E-07 1.8239E-08 4.5311E-07 2.6636E-07 5.9963E-07 2.96E-06 6.15E-06   0.303 0.6000 7.5312E-06    976.465
 9811.00 0.73225540 2.0691E-22            7.1802E-22 1.4160E-07 1.7898E-08 4.3946E-07 2.5862E-07 5.8106E-07 2.87E-06 6.08E-06   0.312 0.6000 7.4494E-06    975.131
 9821.00 0.73952091 1.9285E-22            6.9271E-22 1.4837E-07 1.8364E-08 4.5586E-07 2.6752E-07 6.0423E-07 2.97E-06 6.15E-06   0.302 0.6000 7.5386E-06    978.561
 9831.00 0.73651630 1.8619E-22            6.5896E-22 1.4691E-07 1.8348E-08 4.5229E-07 2.6554E-07 5.9920E-07 2.95E-06 6.16E-06   0.306 0.6000 7.5540E-06    978.784
 9841.00 0.73783344 1.7702E-22            6.3057E-22 1.4795E-07 1.8370E-08 4.5342E-07 2.6593E-07 6.0137E-07 2.95E-06 6.15E-06   0.304 0.6000 7.5312E-06    979.818
 9851.00 0.73471862 1.7092E-22            5.9976E-22 1.4604E-07 1.8303E-08 4.4857E-07 2.6322E-07 5.9460E-07 2.92E-06 6.14E-06   0.308 0.6000 7.5270E-06    979.840
 9861.00 0.73626816 1.6242E-22            5.7403E-22 1.4862E-07 1.8518E-08 4.5442E-07 2.6628E-07 6.0304E-07 2.96E-06 6.19E-06   0.306 0.6000 7.5825E-06    981.585
 9871.00 0.73645908 1.5498E-22            5.4849E-22 1.4941E-07 1.8580E-08 4.5552E-07 2.6674E-07 6.0493E-07 2.96E-06 6.19E-06   0.306 0.6000 7.5902E-06    982.585
 9881.00 0.73168379 1.5046E-22            5.2049E-22 1.4653E-07 1.8477E-08 4.4850E-07 2.6292E-07 5.9503E-07 2.92E-06 6.19E-06   0.312 0.6000 7.5923E-06    982.254
 9891.00 0.73480135 1.4225E-22            4.9929E-22 1.4912E-07 1.8612E-08 4.5360E-07 2.6543E-07 6.0272E-07 2.95E-06 6.20E-06   0.308 0.6000 7.5945E-06    983.914
 9901.00 0.72446859 1.4058E-22            4.7025E-22 1.4262E-07 1.8380E-08 4.3909E-07 2.5787E-07 5.8170E-07 2.86E-06 6.21E-06   0.322 0.6000 7.6106E-06    982.292
 9911.00 0.72339451 1.3479E-22            4.4836E-22 1.4216E-07 1.8331E-08 4.3662E-07 2.5628E-07 5.7878E-07 2.85E-06 6.19E-06   0.324 0.6000 7.5896E-06    982.738
 9921.00 0.72948343 1.2623E-22            4.3192E-22 1.4694E-07 1.8569E-08 4.4648E-07 2.6124E-07 5.9342E-07 2.90E-06 6.20E-06   0.315 0.6000 7.5966E-06    985.220
 9931.00 0.73328370 1.1903E-22            4.1471E-22 1.4899E-07 1.8608E-08 4.4974E-07 2.6261E-07 5.9874E-07 2.92E-06 6.16E-06   0.310 0.6000 7.5522E-06    986.615
 9941.00 0.73114914 1.1451E-22            3.9497E-22 1.4316E-07 1.7967E-08 4.3209E-07 2.5235E-07 5.7525E-07 2.80E-06 5.96E-06   0.313 0.6000 7.3019E-06    984.682
 9951.00 0.73066401 1.0963E-22            3.7699E-22 1.4024E-07 1.7609E-08 4.2238E-07 2.4655E-07 5.6262E-07 2.74E-06 5.83E-06   0.314 0.6000 7.1481E-06    983.965
 9961.00 0.72842711 1.0546E-22            3.5895E-22 1.4615E-07 1.8432E-08 4.3998E-07 2.5681E-07 5.8612E-07 2.85E-06 6.11E-06   0.317 0.6000 7.4944E-06    987.526
 9971.00 0.72838563 1.0074E-22            3.4293E-22 1.4773E-07 1.8649E-08 4.4426E-07 2.5924E-07 5.9199E-07 2.88E-06 6.17E-06   0.317 0.6000 7.5675E-06    988.991
 9981.00 0.71462810 1.0088E-22            3.2125E-22 1.4016E-07 1.8443E-08 4.2813E-07 2.5137E-07 5.6829E-07 2.79E-06 6.22E-06   0.336 0.6000 7.6271E-06    986.998
 9991.00 0.73128867 9.1046E-23            3.1403E-22 1.5174E-07 1.8939E-08 4.5233E-07 2.6324E-07 6.0407E-07 2.92E-06 6.22E-06   0.313 0.6000 7.6202E-06    991.946
10001.00 0.72678488 8.8324E-23            2.9810E-22 1.4825E-07 1.8746E-08 4.4339E-07 2.5832E-07 5.9164E-07 2.87E-06 6.19E-06   0.319 0.6000 7.5822E-06    991.311
10011.00 0.72878754 8.3815E-23            2.8549E-22 1.5028E-07 1.8875E-08 4.4741E-07 2.6031E-07 5.9769E-07 2.89E-06 6.20E-06   0.316 0.6000 7.5949E-06    992.793
10021.00 0.72956586 7.9798E-23            2.7298E-22 1.5172E-07 1.8975E-08 4.5001E-07 2.6155E-07 6.0173E-07 2.90E-06 6.21E-06   0.315 0.6000 7.6120E-06    994.040
10031.00 0.72961664 7.6244E-23            2.6075E-22 1.5217E-07 1.9016E-08 4.5024E-07 2.6148E-07 6.0241E-07 2.90E-06 6.21E-06   0.315 0.6000 7.6128E-06    994.904
10041.00 0.72832268 7.3185E-23            2.4861E-22 1.5123E-07 1.8974E-08 4.4737E-07 2.5979E-07 5.9860E-07 2.89E-06 6.20E-06   0.317 0.6000 7.5964E-06    995.256
10051.00 0.72979146 6.9501E-23            2.3793E-22 1.5288E-07 1.9058E-08 4.5021E-07 2.6109E-07 6.0309E-07 2.90E-06 6.20E-06   0.315 0.6000 7.5992E-06    996.556
10061.00 0.72628468 6.7192E-23            2.2617E-22 1.5095E-07 1.9018E-08 4.4556E-07 2.5856E-07 5.9651E-07 2.87E-06 6.21E-06   0.320 0.6000 7.6105E-06    996.589
10071.00 0.70908195 6.7860E-23            2.1089E-22 1.4091E-07 1.8547E-08 4.2112E-07 2.4568E-07 5.6202E-07 2.73E-06 6.20E-06   0.344 0.6000 7.6024E-06    993.303
10081.00 0.72359949 6.1903E-23            2.0555E-22 1.4930E-07 1.8940E-08 4.4018E-07 2.5538E-07 5.8948E-07 2.84E-06 6.18E-06   0.324 0.6000 7.5822E-06    997.347
10091.00 0.71631658 6.0516E-23            1.9438E-22 1.4480E-07 1.8715E-08 4.2874E-07 2.4918E-07 5.7354E-07 2.77E-06 6.17E-06   0.334 0.6000 7.5624E-06    996.255
10101.00 0.70086479 6.0822E-23            1.8159E-22 1.3457E-07 1.8186E-08 4.0356E-07 2.3566E-07 5.3813E-07 2.62E-06 6.12E-06   0.355 0.6000 7.5113E-06    992.698
10111.00 0.71986336 5.4680E-23            1.7815E-22 1.4622E-07 1.8724E-08 4.2996E-07 2.4931E-07 5.7618E-07 2.77E-06 6.11E-06   0.329 0.6000 7.4926E-06    998.136
10121.00 0.70001179 5.5484E-23            1.6555E-22 1.3801E-07 1.8485E-08 4.1107E-07 2.4026E-07 5.4908E-07 2.67E-06 6.19E-06   0.357 0.6000 7.5886E-06    995.630
10131.00 0.69156104 5.4505E-23            1.5607E-22 1.3210E-07 1.8175E-08 3.9633E-07 2.3229E-07 5.2843E-07 2.58E-06 6.16E-06   0.369 0.6000 7.5528E-06    993.808
10141.00 0.70619446 4.9839E-23            1.5231E-22 1.4000E-07 1.8607E-08 4.1458E-07 2.4125E-07 5.5459E-07 2.68E-06 6.16E-06   0.348 0.6000 7.5589E-06    997.875
10151.00 0.65274292 5.5251E-23            1.3451E-22 1.1394E-07 1.7342E-08 3.5188E-07 2.1040E-07 4.6582E-07 2.34E-06 6.19E-06   0.427 0.6000 7.5928E-06    986.886
10161.00 0.66851187 5.0332E-23            1.3146E-22 1.2279E-07 1.7722E-08 3.7129E-07 2.1910E-07 4.9407E-07 2.43E-06 6.17E-06   0.403 0.6000 7.5665E-06    991.606
10171.00 0.63462788 5.1239E-23            1.1933E-22 1.1194E-07 1.6947E-08 3.4005E-07 2.0269E-07 4.5199E-07 2.25E-06 6.17E-06   0.455 0.6000 7.5666E-06    986.429
10181.00 0.62789428 5.0296E-23            1.1261E-22 1.0662E-07 1.6829E-08 3.2839E-07 1.9703E-07 4.3501E-07 2.19E-06 6.20E-06   0.465 0.6000 7.6043E-06    984.660
10191.00 0.65142155 4.5643E-23            1.1162E-22 1.1542E-07 1.7445E-08 3.5226E-07 2.0908E-07 4.6768E-07 2.32E-06 6.21E-06   0.429 0.6000 7.6154E-06    990.252
10201.00 0.58021796 4.9168E-23            9.5033E-23 9.2123E-08 1.5593E-08 2.8395E-07 1.7220E-07 3.7607E-07 1.91E-06 6.15E-06   0.544 0.6000 7.5497E-06    976.650
10211.00 0.55853844 4.8528E-23            8.7275E-23 8.3556E-08 1.4973E-08 2.6023E-07 1.5905E-07 3.4379E-07 1.77E-06 6.12E-06   0.582 0.6000 7.5097E-06    971.615
10221.00 0.56884569 4.5489E-23            8.4945E-23 8.7621E-08 1.5289E-08 2.7131E-07 1.6509E-07 3.5893E-07 1.83E-06 6.13E-06   0.564 0.6000 7.5283E-06    975.157
10231.00 0.61655921 4.0302E-23            8.7915E-23 1.0445E-07 1.6574E-08 3.1752E-07 1.8988E-07 4.2198E-07 2.11E-06 6.16E-06   0.484 0.6000 7.5645E-06    986.505
10241.00 0.50783879 4.4183E-23            6.9244E-23 7.2194E-08 1.3805E-08 2.2205E-07 1.3589E-07 2.9425E-07 1.51E-06 6.11E-06   0.678 0.6000 7.5088E-06    963.988
10251.00 0.52820987 4.1790E-23            6.8642E-23 7.6650E-08 1.4459E-08 2.3675E-07 1.4542E-07 3.1340E-07 1.61E-06 6.18E-06   0.638 0.6000 7.5975E-06    968.741
10261.00 0.52719301 3.9459E-23            6.5556E-23 7.6016E-08 1.4169E-08 2.3313E-07 1.4181E-07 3.0915E-07 1.57E-06 6.08E-06   0.640 0.6000 7.4726E-06    968.630
10271.00 0.52228576 3.7915E-23            6.1863E-23 7.6846E-08 1.4197E-08 2.3355E-07 1.4162E-07 3.1039E-07 1.57E-06 6.10E-06   0.650 0.6000 7.4992E-06    969.644
10281.00 0.57252508 3.4357E-23            6.4825E-23 8.9847E-08 1.5619E-08 2.7400E-07 1.6514E-07 3.6385E-07 1.83E-06 6.18E-06   0.558 0.6000 7.5867E-06    980.624
10291.00 0.59775251 3.0556E-23            6.4679E-23 1.0258E-07 1.6361E-08 3.0629E-07 1.8127E-07 4.0887E-07 2.01E-06 6.19E-06   0.515 0.6000 7.6000E-06    989.035
10301.00 0.60585213 2.8923E-23            6.2683E-23 1.0474E-07 1.6453E-08 3.1135E-07 1.8408E-07 4.1609E-07 2.04E-06 6.14E-06   0.501 0.6000 7.5360E-06    990.962
10311.00 0.58785295 2.9232E-23            5.7975E-23 9.6636E-08 1.6161E-08 2.9139E-07 1.7429E-07 3.8803E-07 1.94E-06 6.18E-06   0.531 0.6000 7.5858E-06    987.125
10321.00 0.57697308 2.8356E-23            5.4448E-23 9.1925E-08 1.5808E-08 2.7819E-07 1.6662E-07 3.7012E-07 1.85E-06 6.16E-06   0.550 0.6000 7.5612E-06    984.795
10331.00 0.58568245 2.5459E-23            5.2681E-23 1.0144E-07 1.6010E-08 2.9792E-07 1.7535E-07 3.9936E-07 1.95E-06 6.12E-06   0.535 0.6000 7.5159E-06    990.553
10341.00 0.44135785 2.9166E-23            3.8108E-23 5.8452E-08 1.2554E-08 1.7643E-07 1.0943E-07 2.3488E-07 1.22E-06 6.14E-06   0.818 0.6000 7.5583E-06    957.461
10351.00 0.42040381 2.9150E-23            3.4442E-23 4.8334E-08 1.1764E-08 1.4908E-07 9.4949E-08 1.9742E-07 1.05E-06 6.03E-06   0.867 0.6000 7.4168E-06    947.613
10361.00 0.42204687 2.7411E-23            3.3131E-23 4.8740E-08 1.2051E-08 1.5322E-07 9.7996E-08 2.0196E-07 1.09E-06 6.11E-06   0.863 0.6000 7.5170E-06    949.728
10371.00 0.38437143 2.5033E-23            2.8781E-23 5.0432E-08 1.1327E-08 1.4937E-07 9.2416E-08 1.9980E-07 1.03E-06 6.09E-06   0.956 0.6000 7.4998E-06    949.820
10381.00 0.44170624 2.4164E-23            3.1629E-23 5.9586E-08 1.2629E-08 1.7772E-07 1.0889E-07 2.3730E-07 1.21E-06 6.10E-06   0.817 0.6000 7.5039E-06    961.081
10391.00 0.32162523 2.4735E-23            2.1934E-23 3.4788E-08 9.7680E-09 9.8090E-08 6.3101E-08 1.3288E-07 7.01E-07 6.07E-06   1.134 0.6000 7.4884E-06    927.235
10401.00 0.40068337 2.3242E-23            2.6186E-23 5.0168E-08 1.1903E-08 1.4750E-07 9.2588E-08 1.9766E-07 1.03E-06 6.17E-06   0.915 0.6000 7.5955E-06    951.390
10411.00 0.36045229 2.2249E-23            2.2436E-23 4.0693E-08 1.0641E-08 1.1841E-07 7.5032E-08 1.5910E-07 8.33E-07 6.07E-06   1.020 0.6000 7.4817E-06    939.174
10421.00 0.25999776 2.1348E-23            1.5528E-23 2.4743E-08 8.4788E-09 6.6335E-08 4.4340E-08 9.1078E-08 4.92E-07 6.15E-06   1.347 0.6000 7.5892E-06    908.150
10431.00 0.32227328 1.9804E-23            1.8268E-23 3.6588E-08 1.0018E-08 1.0396E-07 6.5920E-08 1.4055E-07 7.32E-07 6.17E-06   1.132 0.6000 7.6090E-06    933.385
10441.00 0.40172744 1.8722E-23            2.1791E-23 4.9386E-08 1.1735E-08 1.4558E-07 9.0484E-08 1.9497E-07 1.00E-06 6.09E-06   0.912 0.6000 7.5062E-06    953.519
10451.00 0.26124832 1.8392E-23            1.3536E-23 2.7684E-08 8.5242E-09 7.1198E-08 4.5224E-08 9.8881E-08 5.02E-07 6.07E-06   1.342 0.6000 7.5160E-06    914.842
10461.00 0.26704627 1.7376E-23            1.3236E-23 2.8281E-08 8.6226E-09 7.4594E-08 4.7674E-08 1.0287E-07 5.29E-07 6.06E-06   1.320 0.6000 7.4884E-06    917.768
10471.00 0.28715041 1.7080E-23            1.3592E-23 2.6455E-08 8.6001E-09 7.1562E-08 4.6642E-08 9.8017E-08 5.18E-07 5.73E-06   1.248 0.6000 7.0966E-06    915.784
10481.00 0.31494573 1.6323E-23            1.4172E-23 3.2059E-08 9.6390E-09 8.8402E-08 5.6706E-08 1.2046E-07 6.30E-07 5.98E-06   1.155 0.6000 7.3966E-06    928.130
10491.00 0.27518269 1.5409E-23            1.1916E-23 2.6926E-08 8.8693E-09 7.2369E-08 4.7459E-08 9.9295E-08 5.27E-07 6.09E-06   1.290 0.6000 7.5336E-06    917.937
10501.00 0.17486373 1.3953E-23            7.1884E-24 1.4883E-08 6.5519E-09 3.0250E-08 2.0506E-08 4.5133E-08 2.28E-07 6.08E-06   1.744 0.6000 7.5876E-06    876.625
10511.00 0.37026250 1.4608E-23            1.4503E-23 3.8903E-08 1.1118E-08 1.1125E-07 7.0681E-08 1.5015E-07 7.85E-07 6.14E-06   0.994 0.6000 7.5650E-06    943.078
10521.00 0.22114058 1.2145E-23            8.3898E-24 2.2247E-08 7.6135E-09 5.5199E-08 3.5059E-08 7.7446E-08 3.89E-07 6.06E-06   1.509 0.6000 7.5614E-06    906.391
10531.00 0.23480897 1.1773E-23            8.3408E-24 2.4770E-08 8.0674E-09 6.2112E-08 3.9164E-08 8.6882E-08 4.35E-07 6.11E-06   1.449 0.6000 7.6148E-06    913.384
10541.00 0.26964030 1.1672E-23            9.2846E-24 2.6740E-08 8.7826E-09 7.0268E-08 4.4951E-08 9.7009E-08 4.99E-07 6.11E-06   1.311 0.6000 7.6042E-06    920.210
10551.00 0.23291224 1.0963E-23            7.6008E-24 2.3513E-08 8.0087E-09 5.8011E-08 3.6992E-08 8.1524E-08 4.11E-07 6.11E-06   1.457 0.6000 7.5920E-06    911.310
10561.00 0.23816662 1.0765E-23            7.4514E-24 2.2567E-08 8.0836E-09 5.5754E-08 3.6113E-08 7.8321E-08 4.01E-07 6.08E-06   1.435 0.6000 7.5532E-06    909.829
10571.00 0.18801618 9.4165E-24            5.5975E-24 1.7826E-08 6.8327E-09 3.9058E-08 2.4901E-08 5.6884E-08 2.77E-07 6.02E-06   1.671 0.6000 7.5396E-06    893.430
10581.00 0.26494774 1.0026E-23            7.5647E-24 2.6600E-08 8.6521E-09 6.6697E-08 4.2119E-08 9.3297E-08 4.68E-07 6.03E-06   1.328 0.6000 7.4809E-06    920.887
10591.00 0.17200150 8.2155E-24            4.6359E-24 1.7390E-08 6.3650E-09 3.7882E-08 2.3575E-08 5.5272E-08 2.62E-07 5.86E-06   1.760 0.6000 7.3912E-06    893.315
10601.00 0.22410122 8.2621E-24            5.8547E-24 2.2950E-08 7.6014E-09 5.4742E-08 3.3590E-08 7.7693E-08 3.73E-07 5.95E-06   1.496 0.6000 7.4831E-06    912.215
10611.00 0.26710561 8.7588E-24            6.5976E-24 2.5402E-08 8.6147E-09 6.2494E-08 3.9323E-08 8.7896E-08 4.37E-07 5.99E-06   1.320 0.6000 7.4735E-06    919.708
10621.00 0.29259786 8.6959E-24            6.9399E-24 2.6811E-08 8.8081E-09 6.8355E-08 4.3100E-08 9.5166E-08 4.79E-07 5.77E-06   1.229 0.6000 7.1416E-06    924.845
10631.00 0.28940547 8.5912E-24            6.5373E-24 2.5298E-08 9.1539E-09 6.5918E-08 4.4041E-08 9.1216E-08 4.89E-07 5.98E-06   1.240 0.6000 7.3919E-06    923.189
10641.00 0.38783577 7.9722E-24            8.3673E-24 4.3682E-08 1.1802E-08 1.2212E-07 7.6457E-08 1.6581E-07 8.49E-07 6.12E-06   0.947 0.6000 7.5446E-06    958.464
10651.00 0.24276152 6.6809E-24            5.0444E-24 2.5610E-08 8.2583E-09 6.3345E-08 3.9353E-08 8.8955E-08 4.37E-07 6.06E-06   1.416 0.6000 7.5639E-06    923.213
10661.00 0.13318777 6.0036E-24            2.6234E-24 1.1639E-08 5.6729E-09 1.8684E-08 1.2355E-08 3.0323E-08 1.37E-07 6.01E-06   2.016 0.6000 7.5933E-06    867.676
10671.00 0.12480224 5.7160E-24            2.3426E-24 1.0988E-08 5.5285E-09 1.6945E-08 1.1341E-08 2.7933E-08 1.26E-07 6.01E-06   2.081 0.6000 7.5846E-06    864.339
10681.00 0.14448544 5.5395E-24            2.6109E-24 1.2421E-08 5.8686E-09 2.1083E-08 1.3802E-08 3.3504E-08 1.53E-07 5.96E-06   1.935 0.6000 7.5010E-06    873.957
10691.00 0.18004780 5.2714E-24            3.0768E-24 1.6694E-08 6.7428E-09 3.4379E-08 2.1693E-08 5.1074E-08 2.41E-07 5.99E-06   1.715 0.6000 7.5250E-06    896.119
10701.00 0.08626404 4.1417E-24            1.4223E-24 9.0725E-09 4.5929E-09 1.0932E-08 7.1354E-09 2.0004E-08 7.92E-08 5.97E-06   2.450 0.6000 7.6028E-06    850.381
10711.00 0.12406499 4.9284E-24            1.9263E-24 1.1671E-08 5.7435E-09 1.6761E-08 1.1260E-08 2.8432E-08 1.25E-07 6.08E-06   2.087 0.6000 7.6107E-06    867.895
10721.00 0.15103726 4.9005E-24            2.2599E-24 1.4495E-08 6.3896E-09 2.4406E-08 1.5938E-08 3.8901E-08 1.77E-07 6.09E-06   1.890 0.6000 7.5927E-06    884.177
10731.00 0.19114693 4.5855E-24            2.7153E-24 1.8679E-08 7.2917E-09 3.9921E-08 2.6090E-08 5.8600E-08 2.90E-07 6.07E-06   1.655 0.6000 7.5570E-06    906.137
10741.00 0.28237280 4.8917E-24            3.8414E-24 3.0473E-08 9.6941E-09 7.6151E-08 4.8824E-08 1.0662E-07 5.42E-07 6.14E-06   1.265 0.6000 7.5987E-06    939.843
10751.00 0.31923959 4.8283E-24            4.1515E-24 3.4893E-08 1.0651E-08 9.2071E-08 5.9318E-08 1.2696E-07 6.59E-07 6.14E-06   1.142 0.6000 7.5686E-06    950.651
10761.00 0.39049983 4.6817E-24            4.8478E-24 4.6147E-08 1.2376E-08 1.2811E-07 8.1489E-08 1.7426E-07 9.05E-07 6.10E-06   0.940 0.6000 7.5094E-06    970.250
10771.00 0.41030818 4.3385E-24            4.8621E-24 5.1975E-08 1.2991E-08 1.4463E-07 8.9796E-08 1.9661E-07 9.97E-07 6.19E-06   0.891 0.6000 7.6113E-06    978.379
10781.00 0.51499039 3.7834E-24            5.8187E-24 7.8640E-08 1.5641E-08 2.2065E-07 1.3159E-07 2.9929E-07 1.46E-06 6.20E-06   0.664 0.6000 7.6222E-06   1005.794
10791.00 0.58158815 3.3184E-24            6.2966E-24 9.9851E-08 1.7159E-08 2.7502E-07 1.6048E-07 3.7487E-07 1.78E-06 6.08E-06   0.542 0.6000 7.4710E-06   1021.456
10801.00 0.57915974 3.1775E-24            5.9788E-24 9.5314E-08 1.6640E-08 2.6458E-07 1.5527E-07 3.5990E-07 1.72E-06 5.93E-06   0.546 0.6000 7.2822E-06   1019.481
10811.00 0.55644125 3.0805E-24            5.4913E-24 9.2929E-08 1.6497E-08 2.5700E-07 1.5140E-07 3.4993E-07 1.68E-06 6.06E-06   0.586 0.6000 7.4552E-06   1018.363
10821.00 0.54345149 3.0397E-24            5.1170E-24 8.5393E-08 1.6026E-08 2.3865E-07 1.4179E-07 3.2404E-07 1.57E-06 6.01E-06   0.610 0.6000 7.3925E-06   1014.018
10831.00 0.58571470 2.7147E-24            5.2645E-24 9.8221E-08 1.6539E-08 2.6901E-07 1.5691E-07 3.6723E-07 1.74E-06 5.78E-06   0.535 0.6000 7.1062E-06   1023.107
10841.00 0.60445768 2.4493E-24            5.1960E-24 1.1521E-07 1.7777E-08 3.0780E-07 1.7697E-07 4.2302E-07 1.97E-06 5.98E-06   0.503 0.6000 7.3512E-06   1033.460
10851.00 0.56668311 2.5355E-24            4.6447E-24 9.6011E-08 1.6637E-08 2.6321E-07 1.5494E-07 3.5922E-07 1.72E-06 5.94E-06   0.568 0.6000 7.3041E-06   1023.144
10861.00 0.62248439 2.2185E-24            4.8707E-24 1.2071E-07 1.8541E-08 3.2253E-07 1.8493E-07 4.4324E-07 2.05E-06 6.07E-06   0.474 0.6000 7.4621E-06   1038.200
10871.00 0.56088328 2.1962E-24            4.2004E-24 1.0807E-07 1.7294E-08 2.8745E-07 1.6591E-07 3.9552E-07 1.84E-06 6.16E-06   0.578 0.6000 7.5693E-06   1031.162
10881.00 0.56486082 2.1682E-24            4.0373E-24 1.0270E-07 1.7393E-08 2.7720E-07 1.6136E-07 3.7990E-07 1.79E-06 6.19E-06   0.571 0.6000 7.6132E-06   1029.189
10891.00 0.47797751 2.2381E-24            3.2672E-24 7.4859E-08 1.4908E-08 2.0359E-07 1.2097E-07 2.7845E-07 1.34E-06 6.14E-06   0.738 0.6000 7.5649E-06   1009.337
10901.00 0.46225506 2.1918E-24            3.0001E-24 6.9886E-08 1.4358E-08 1.8742E-07 1.1118E-07 2.5731E-07 1.23E-06 6.10E-06   0.772 0.6000 7.5041E-06   1004.975
10911.00 0.53490555 1.9592E-24            3.3296E-24 9.2496E-08 1.6552E-08 2.4816E-07 1.4477E-07 3.4065E-07 1.61E-06 6.18E-06   0.626 0.6000 7.5967E-06   1024.130
10921.00 0.40637404 2.0065E-24            2.4137E-24 5.9002E-08 1.3196E-08 1.5728E-07 9.4856E-08 2.1628E-07 1.05E-06 6.18E-06   0.900 0.6000 7.6235E-06    995.389
10931.00 0.54334635 1.8189E-24            3.0758E-24 8.8788E-08 1.6602E-08 2.4226E-07 1.4229E-07 3.3105E-07 1.58E-06 6.13E-06   0.610 0.6000 7.5345E-06   1023.730
10941.00 0.44589907 1.7866E-24            2.4220E-24 7.0308E-08 1.4370E-08 1.8711E-07 1.1142E-07 2.5741E-07 1.24E-06 6.22E-06   0.808 0.6000 7.6639E-06   1007.980
10951.00 0.43954492 1.7676E-24            2.2645E-24 6.6458E-08 1.4289E-08 1.7736E-07 1.0649E-07 2.4382E-07 1.18E-06 6.25E-06   0.822 0.6000 7.7036E-06   1005.231
10961.00 0.51926059 1.5350E-24            2.5676E-24 9.2667E-08 1.6223E-08 2.4292E-07 1.4028E-07 3.3559E-07 1.56E-06 6.11E-06   0.655 0.6000 7.5273E-06   1026.900
10971.00 0.54043943 1.4535E-24            2.5475E-24 9.7120E-08 1.6616E-08 2.5521E-07 1.4720E-07 3.5233E-07 1.63E-06 6.05E-06   0.615 0.6000 7.4388E-06   1030.922
10981.00 0.47789273 1.4810E-24            2.1505E-24 8.0311E-08 1.5258E-08 2.1030E-07 1.2394E-07 2.9061E-07 1.38E-06 6.14E-06   0.738 0.6000 7.5628E-06   1018.864
10991.00 0.49044347 1.4193E-24            2.1068E-24 7.7677E-08 1.5258E-08 2.0770E-07 1.2349E-07 2.8538E-07 1.37E-06 6.03E-06   0.712 0.6000 7.4267E-06   1018.420
11001.00 0.48559132 1.3117E-24            1.9923E-24 7.9825E-08 1.5065E-08 2.1017E-07 1.2323E-07 2.8999E-07 1.37E-06 5.95E-06   0.722 0.6000 7.3350E-06   1020.221
11011.00 0.48392126 1.2377E-24            1.8955E-24 8.6471E-08 1.5398E-08 2.2222E-07 1.2855E-07 3.0869E-07 1.43E-06 6.07E-06   0.726 0.6000 7.4859E-06   1025.096
11021.00 0.49014270 1.1935E-24            1.8336E-24 8.4603E-08 1.5757E-08 2.1938E-07 1.2756E-07 3.0398E-07 1.42E-06 6.19E-06   0.713 0.6000 7.6420E-06   1024.828
11031.00 0.54198611 1.1204E-24            1.9352E-24 9.6679E-08 1.6926E-08 2.5346E-07 1.4712E-07 3.5014E-07 1.63E-06 6.07E-06   0.613 0.6000 7.4670E-06   1035.032
11041.00 0.60459882 9.6266E-25            2.0629E-24 1.2662E-07 1.9165E-08 3.2312E-07 1.8220E-07 4.4975E-07 2.02E-06 6.22E-06   0.503 0.6000 7.6479E-06   1052.975
11051.00 0.61084741 9.3275E-25            1.9902E-24 1.2724E-07 1.9473E-08 3.2622E-07 1.8519E-07 4.5346E-07 2.06E-06 6.26E-06   0.493 0.6000 7.6989E-06   1054.313
11061.00 0.62432814 8.7363E-25            1.9409E-24 1.3393E-07 1.9878E-08 3.3976E-07 1.9157E-07 4.7369E-07 2.13E-06 6.25E-06   0.471 0.6000 7.6847E-06   1058.140
11071.00 0.55764234 8.9752E-25            1.6597E-24 1.0614E-07 1.7773E-08 2.7395E-07 1.5708E-07 3.8009E-07 1.74E-06 6.18E-06   0.584 0.6000 7.6118E-06   1043.632
11081.00 0.49445987 8.9085E-25            1.4021E-24 8.5567E-08 1.5540E-08 2.1856E-07 1.2563E-07 3.0413E-07 1.40E-06 5.99E-06   0.704 0.6000 7.3949E-06   1029.355
11091.00 0.50297791 8.6568E-25            1.3622E-24 8.2517E-08 1.5157E-08 2.1250E-07 1.2339E-07 2.9502E-07 1.37E-06 5.75E-06   0.687 0.6000 7.0888E-06   1028.086
11101.00 0.46345267 8.5772E-25            1.1995E-24 7.4239E-08 1.4845E-08 1.9238E-07 1.1369E-07 2.6662E-07 1.26E-06 6.00E-06   0.769 0.6000 7.4018E-06   1022.168
11111.00 0.52541584 7.3867E-25            1.2961E-24 1.0200E-07 1.6736E-08 2.5480E-07 1.4396E-07 3.5680E-07 1.60E-06 6.04E-06   0.644 0.6000 7.4567E-06   1042.345
11121.00 0.38092843 7.9862E-25            8.9844E-25 6.0947E-08 1.3099E-08 1.4906E-07 8.7885E-08 2.1001E-07 9.76E-07 6.18E-06   0.965 0.6000 7.6365E-06   1008.261
11131.00 0.52673382 6.8292E-25            1.1842E-24 1.0404E-07 1.7245E-08 2.6017E-07 1.4777E-07 3.6421E-07 1.64E-06 6.19E-06   0.641 0.6000 7.6345E-06   1045.254
11141.00 0.50884807 7.0286E-25            1.0940E-24 9.0103E-08 1.6674E-08 2.3133E-07 1.3553E-07 3.2143E-07 1.51E-06 6.16E-06   0.676 0.6000 7.5875E-06   1037.551
11151.00 0.49857169 6.7591E-25            1.0233E-24 8.9178E-08 1.6469E-08 2.2660E-07 1.3286E-07 3.1578E-07 1.48E-06 6.16E-06   0.696 0.6000 7.5845E-06   1037.109
11161.00 0.55674779 6.1122E-25            1.0911E-24 1.0924E-07 1.8449E-08 2.7772E-07 1.6003E-07 3.8696E-07 1.78E-06 6.27E-06   0.586 0.6000 7.7213E-06   1051.677
11171.00 0.57893318 5.7836E-25            1.0821E-24 1.1222E-07 1.8627E-08 2.8614E-07 1.6496E-07 3.9836E-07 1.83E-06 6.11E-06   0.547 0.6000 7.5224E-06   1054.439
11181.00 0.62800050 5.0407E-25            1.1213E-24 1.3771E-07 2.0154E-08 3.4049E-07 1.9081E-07 4.7821E-07 2.12E-06 6.13E-06   0.465 0.6000 7.5350E-06   1067.994
11191.00 0.63565713 4.7112E-25            1.0849E-24 1.4317E-07 2.0587E-08 3.5171E-07 1.9568E-07 4.9488E-07 2.17E-06 6.19E-06   0.453 0.6000 7.6181E-06   1071.196
11201.00 0.66459805 4.2202E-25            1.0817E-24 1.5731E-07 2.1023E-08 3.7823E-07 2.0746E-07 5.3554E-07 2.30E-06 6.06E-06   0.409 0.6000 7.4492E-06   1077.622
11211.00 0.67554986 3.9122E-25            1.0506E-24 1.6687E-07 2.1801E-08 3.9878E-07 2.1760E-07 5.6565E-07 2.42E-06 6.18E-06   0.392 0.6000 7.6049E-06   1082.349
11221.00 0.68730658 3.6313E-25            1.0206E-24 1.7704E-07 2.2370E-08 4.1797E-07 2.2687E-07 5.9501E-07 2.52E-06 6.22E-06   0.375 0.6000 7.6441E-06   1086.810
11231.00 0.68511081 3.4797E-25            9.7151E-25 1.7696E-07 2.2478E-08 4.1794E-07 2.2684E-07 5.9490E-07 2.52E-06 6.26E-06   0.378 0.6000 7.6983E-06   1087.569
11241.00 0.68801975 3.2967E-25            9.3135E-25 1.7803E-07 2.2396E-08 4.1840E-07 2.2661E-07 5.9643E-07 2.52E-06 6.20E-06   0.374 0.6000 7.6234E-06   1088.530
11251.00 0.68958706 3.1331E-25            8.9157E-25 1.8079E-07 2.2561E-08 4.2273E-07 2.2865E-07 6.0352E-07 2.54E-06 6.21E-06   0.372 0.6000 7.6427E-06   1090.170
11261.00 0.68198502 3.0523E-25            8.4162E-25 1.7413E-07 2.2158E-08 4.0880E-07 2.2164E-07 5.8293E-07 2.46E-06 6.16E-06   0.383 0.6000 7.5795E-06   1088.399
11271.00 0.68918616 2.8610E-25            8.1227E-25 1.7643E-07 2.2032E-08 4.1126E-07 2.2217E-07 5.8769E-07 2.47E-06 6.05E-06   0.372 0.6000 7.4414E-06   1089.766
11281.00 0.68441993 2.7655E-25            7.7023E-25 1.6733E-07 2.1175E-08 3.9091E-07 2.1146E-07 5.5824E-07 2.35E-06 5.85E-06   0.379 0.6000 7.1947E-06   1086.784
11291.00 0.68417186 2.6442E-25            7.3494E-25 1.7748E-07 2.2436E-08 4.1363E-07 2.2354E-07 5.9111E-07 2.48E-06 6.19E-06   0.380 0.6000 7.6089E-06   1091.735
11301.00 0.69055378 2.4824E-25            7.0837E-25 1.8329E-07 2.2718E-08 4.2366E-07 2.2820E-07 6.0695E-07 2.53E-06 6.19E-06   0.370 0.6000 7.6142E-06   1094.452
11311.00 0.68964660 2.3754E-25            6.7551E-25 1.8048E-07 2.2417E-08 4.1673E-07 2.2436E-07 5.9721E-07 2.49E-06 6.11E-06   0.372 0.6000 7.5111E-06   1094.033
11321.00 0.68854320 2.2764E-25            6.4389E-25 1.8228E-07 2.2697E-08 4.2038E-07 2.2628E-07 6.0266E-07 2.51E-06 6.18E-06   0.373 0.6000 7.6030E-06   1095.474
11331.00 0.68826616 2.1746E-25            6.1461E-25 1.7868E-07 2.2255E-08 4.1142E-07 2.2135E-07 5.9011E-07 2.46E-06 6.05E-06   0.374 0.6000 7.4450E-06   1094.697
11341.00 0.68814051 2.0776E-25            5.8666E-25 1.8220E-07 2.2670E-08 4.1855E-07 2.2502E-07 6.0075E-07 2.50E-06 6.15E-06   0.374 0.6000 7.5703E-06   1096.785
11351.00 0.68877387 1.9801E-25            5.6067E-25 1.7324E-07 2.1490E-08 3.9679E-07 2.1309E-07 5.7003E-07 2.37E-06 5.82E-06   0.373 0.6000 7.1571E-06   1093.699
11361.00 0.68860352 1.8916E-25            5.3517E-25 1.8362E-07 2.2759E-08 4.1965E-07 2.2519E-07 6.0327E-07 2.50E-06 6.15E-06   0.373 0.6000 7.5666E-06   1098.638
11371.00 0.68978608 1.8001E-25            5.1188E-25 1.8283E-07 2.2542E-08 4.1625E-07 2.2308E-07 5.9908E-07 2.48E-06 6.07E-06   0.371 0.6000 7.4662E-06   1098.895
11381.00 0.68846238 1.7253E-25            4.8779E-25 1.8648E-07 2.3077E-08 4.2434E-07 2.2737E-07 6.1082E-07 2.53E-06 6.21E-06   0.373 0.6000 7.6453E-06   1101.102
11391.00 0.68899912 1.6448E-25            4.6609E-25 1.8599E-07 2.2942E-08 4.2194E-07 2.2587E-07 6.0793E-07 2.51E-06 6.16E-06   0.373 0.6000 7.5803E-06   1101.523
11401.00 0.68889099 1.5710E-25            4.4495E-25 1.8693E-07 2.3040E-08 4.2314E-07 2.2634E-07 6.1007E-07 2.51E-06 6.18E-06   0.373 0.6000 7.5997E-06   1102.555
11411.00 0.68834108 1.5023E-25            4.2449E-25 1.8619E-07 2.2968E-08 4.2083E-07 2.2498E-07 6.0701E-07 2.50E-06 6.15E-06   0.373 0.6000 7.5687E-06   1102.955
11421.00 0.68848372 1.4339E-25            4.0538E-25 1.8130E-07 2.2328E-08 4.0877E-07 2.1836E-07 5.9007E-07 2.42E-06 5.97E-06   0.373 0.6000 7.3425E-06   1101.632
11431.00 0.68815994 1.3703E-25            3.8686E-25 1.8447E-07 2.2717E-08 4.1512E-07 2.2161E-07 5.9959E-07 2.46E-06 6.06E-06   0.374 0.6000 7.4607E-06   1103.586
11441.00 0.68778801 1.3097E-25            3.6917E-25 1.8570E-07 2.2872E-08 4.1715E-07 2.2255E-07 6.0284E-07 2.47E-06 6.10E-06   0.374 0.6000 7.5024E-06   1104.759
11451.00 0.68774074 1.2507E-25            3.5244E-25 1.8774E-07 2.3100E-08 4.2078E-07 2.2432E-07 6.0852E-07 2.49E-06 6.15E-06   0.374 0.6000 7.5639E-06   1106.226
11461.00 0.68750173 1.1949E-25            3.3639E-25 1.9019E-07 2.3395E-08 4.2544E-07 2.2665E-07 6.1563E-07 2.52E-06 6.22E-06   0.375 0.6000 7.6494E-06   1107.861
11471.00 0.68717182 1.1420E-25            3.2102E-25 1.8726E-07 2.3034E-08 4.1809E-07 2.2260E-07 6.0535E-07 2.47E-06 6.11E-06   0.375 0.6000 7.5218E-06   1107.380
11481.00 0.68669397 1.0918E-25            3.0628E-25 1.8846E-07 2.3195E-08 4.2008E-07 2.2353E-07 6.0854E-07 2.48E-06 6.15E-06   0.376 0.6000 7.5664E-06   1108.542
11491.00 0.68650466 1.0430E-25            2.9235E-25 1.8865E-07 2.3207E-08 4.1965E-07 2.2315E-07 6.0830E-07 2.48E-06 6.14E-06   0.376 0.6000 7.5587E-06   1109.284
11501.00 0.68617266 9.9672E-26            2.7899E-25 1.8433E-07 2.2675E-08 4.0928E-07 2.1750E-07 5.9361E-07 2.42E-06 5.99E-06   0.377 0.6000 7.3764E-06   1108.237
11511.00 0.68584615 9.5254E-26            2.6624E-25 1.8341E-07 2.2563E-08 4.0647E-07 2.1587E-07 5.8989E-07 2.40E-06 5.95E-06   0.377 0.6000 7.3299E-06   1108.540
11521.00 0.68544328 9.1054E-26            2.5404E-25 1.8426E-07 2.2673E-08 4.0763E-07 2.1636E-07 5.9189E-07 2.40E-06 5.98E-06   0.378 0.6000 7.3570E-06   1109.561
11531.00 0.68509358 8.7017E-26            2.4242E-25 1.7758E-07 2.1854E-08 3.9216E-07 2.0802E-07 5.6974E-07 2.31E-06 5.75E-06   0.378 0.6000 7.0826E-06   1107.504
11541.00 0.68478185 8.3150E-26            2.3135E-25 1.4142E-07 1.7404E-08 3.1173E-07 1.6526E-07 4.5315E-07 1.84E-06 4.58E-06   0.379 0.6000 5.6333E-06   1091.592
11551.00 0.68431950 7.9494E-26            2.2073E-25 1.7992E-07 2.2154E-08 3.9593E-07 2.0977E-07 5.7585E-07 2.33E-06 5.82E-06   0.379 0.6000 7.1627E-06   1109.830
11561.00 0.68394130 7.5988E-26            2.1063E-25 1.8918E-07 2.3299E-08 4.1556E-07 2.2003E-07 6.0474E-07 2.44E-06 6.11E-06   0.380 0.6000 7.5239E-06   1114.240
11571.00 0.68367571 7.2605E-26            2.0102E-25 1.9296E-07 2.3758E-08 4.2303E-07 2.2384E-07 6.1599E-07 2.49E-06 6.22E-06   0.380 0.6000 7.6619E-06   1116.388
11581.00 0.68317682 6.9405E-26            1.9178E-25 1.9177E-07 2.3628E-08 4.1976E-07 2.2199E-07 6.1153E-07 2.47E-06 6.18E-06   0.381 0.6000 7.6124E-06   1116.615
11591.00 0.68219650 6.6449E-26            1.8284E-25 1.9141E-07 2.3641E-08 4.1856E-07 2.2129E-07 6.0997E-07 2.46E-06 6.18E-06   0.382 0.6000 7.6150E-06   1117.195
11601.00 0.68238938 6.3416E-26            1.7461E-25 1.8904E-07 2.3304E-08 4.1233E-07 2.1780E-07 6.0137E-07 2.42E-06 6.08E-06   0.382 0.6000 7.4906E-06   1116.901
11611.00 0.68124819 6.0742E-26            1.6643E-25 1.8820E-07 2.3271E-08 4.1016E-07 2.1660E-07 5.9835E-07 2.41E-06 6.07E-06   0.384 0.6000 7.4800E-06   1117.296
11621.00 0.68134862 5.7956E-26            1.5892E-25 1.9071E-07 2.3544E-08 4.1464E-07 2.1878E-07 6.0535E-07 2.43E-06 6.13E-06   0.384 0.6000 7.5536E-06   1118.934
11631.00 0.68017304 5.5495E-26            1.5147E-25 1.8875E-07 2.3375E-08 4.1005E-07 2.1631E-07 5.9880E-07 2.40E-06 6.09E-06   0.385 0.6000 7.5002E-06   1118.889
11641.00 0.67908549 5.3140E-26            1.4437E-25 1.8791E-07 2.3338E-08 4.0792E-07 2.1513E-07 5.9583E-07 2.39E-06 6.08E-06   0.387 0.6000 7.4886E-06   1119.286
11651.00 0.67954189 5.0668E-26            1.3793E-25 1.8894E-07 2.3397E-08 4.0897E-07 2.1546E-07 5.9790E-07 2.39E-06 6.08E-06   0.386 0.6000 7.4886E-06   1120.315
11661.00 0.67570376 4.8860E-26            1.3095E-25 1.8903E-07 2.3712E-08 4.1029E-07 2.1638E-07 5.9932E-07 2.40E-06 6.18E-06   0.392 0.6000 7.6222E-06   1121.261
11671.00 0.67819327 4.6352E-26            1.2547E-25 1.9240E-07 2.3886E-08 4.1528E-07 2.1857E-07 6.0768E-07 2.43E-06 6.19E-06   0.388 0.6000 7.6343E-06   1123.070
11681.00 0.67614537 4.4480E-26            1.1944E-25 1.8779E-07 2.3459E-08 4.0551E-07 2.1348E-07 5.9331E-07 2.37E-06 6.09E-06   0.391 0.6000 7.5086E-06   1122.042
11691.00 0.67485446 4.2619E-26            1.1380E-25 1.8125E-07 2.2722E-08 3.9116E-07 2.0591E-07 5.7241E-07 2.29E-06 5.90E-06   0.393 0.6000 7.2750E-06   1120.130
11701.00 0.67347085 4.0821E-26            1.0844E-25 1.3556E-07 1.7024E-08 2.9214E-07 1.5374E-07 4.2770E-07 1.71E-06 4.42E-06   0.395 0.6000 5.4498E-06   1099.560
11711.00 0.67097092 3.9216E-26            1.0313E-25 1.6036E-07 2.0293E-08 3.4586E-07 1.8204E-07 5.0621E-07 2.02E-06 5.28E-06   0.399 0.6000 6.5087E-06   1112.561
11721.00 0.67428619 3.7133E-26            9.8950E-26 1.8563E-07 2.3239E-08 3.9821E-07 2.0914E-07 5.8384E-07 2.32E-06 6.01E-06   0.394 0.6000 7.4074E-06   1123.909
11731.00 0.67077237 3.5754E-26            9.3982E-26 1.8588E-07 2.3519E-08 3.9943E-07 2.0998E-07 5.8531E-07 2.33E-06 6.10E-06   0.399 0.6000 7.5244E-06   1124.863
11741.00 0.66657776 3.4467E-26            8.9165E-26 1.7729E-07 2.2717E-08 3.8184E-07 2.0100E-07 5.5913E-07 2.23E-06 5.92E-06   0.406 0.6000 7.3045E-06   1122.210
11751.00 0.66960645 3.2685E-26            8.5499E-26 1.8700E-07 2.3670E-08 4.0028E-07 2.1019E-07 5.8728E-07 2.33E-06 6.13E-06   0.401 0.6000 7.5574E-06   1126.650
11761.00 0.67186272 3.1057E-26            8.1909E-26 1.6778E-07 2.1081E-08 3.5766E-07 1.8747E-07 5.2543E-07 2.08E-06 5.43E-06   0.398 0.6000 6.6941E-06   1119.120
11771.00 0.67103601 2.9698E-26            7.8104E-26 1.7970E-07 2.2616E-08 3.8255E-07 2.0041E-07 5.6225E-07 2.23E-06 5.82E-06   0.399 0.6000 7.1784E-06   1124.921
11781.00 0.67036402 2.8400E-26            7.4490E-26 1.9080E-07 2.4035E-08 4.0560E-07 2.1243E-07 5.9640E-07 2.36E-06 6.18E-06   0.400 0.6000 7.6220E-06   1130.111
11791.00 0.66894567 2.7217E-26            7.0964E-26 1.8979E-07 2.4010E-08 4.0325E-07 2.1114E-07 5.9305E-07 2.34E-06 6.18E-06   0.402 0.6000 7.6178E-06   1130.453
11801.00 0.67348099 2.5713E-26            6.8208E-26 1.9043E-07 2.3690E-08 4.0154E-07 2.0963E-07 5.9197E-07 2.33E-06 6.04E-06   0.395 0.6000 7.4468E-06   1131.084
11811.00 0.67085159 2.4702E-26            6.4872E-26 1.8919E-07 2.3717E-08 3.9919E-07 2.0852E-07 5.8838E-07 2.32E-06 6.06E-06   0.399 0.6000 7.4721E-06   1131.392
11821.00 0.66930330 2.3678E-26            6.1779E-26 1.9144E-07 2.4091E-08 4.0371E-07 2.1088E-07 5.9515E-07 2.34E-06 6.16E-06   0.402 0.6000 7.5939E-06   1133.022
11831.00 0.66921008 2.2612E-26            5.8978E-26 1.9124E-07 2.4083E-08 4.0276E-07 2.1020E-07 5.9400E-07 2.33E-06 6.15E-06   0.402 0.6000 7.5796E-06   1133.642
11841.00 0.66396886 2.1858E-26            5.5868E-26 1.8492E-07 2.3671E-08 3.9089E-07 2.0443E-07 5.7581E-07 2.27E-06 6.08E-06   0.410 0.6000 7.4967E-06   1132.065
11851.00 0.65735847 2.1171E-26            5.2799E-26 1.7782E-07 2.3189E-08 3.7715E-07 1.9762E-07 5.5497E-07 2.19E-06 6.01E-06   0.420 0.6000 7.4088E-06   1130.062
11861.00 0.66236734 1.9994E-26            5.0786E-26 1.8592E-07 2.3868E-08 3.9172E-07 2.0459E-07 5.7764E-07 2.27E-06 6.13E-06   0.412 0.6000 7.5539E-06   1133.835
11871.00 0.66348249 1.8894E-26            4.8582E-26 1.8658E-07 2.3790E-08 3.9138E-07 2.0424E-07 5.7796E-07 2.27E-06 6.08E-06   0.410 0.6000 7.4948E-06   1134.641
11881.00 0.65252030 1.8360E-26            4.5604E-26 1.7927E-07 2.3640E-08 3.7920E-07 1.9881E-07 5.5848E-07 2.21E-06 6.14E-06   0.427 0.6000 7.5634E-06   1132.826
11891.00 0.64621830 1.7748E-26            4.3116E-26 1.7625E-07 2.3649E-08 3.7358E-07 1.9620E-07 5.4984E-07 2.18E-06 6.19E-06   0.437 0.6000 7.6272E-06   1132.421
11901.00 0.65407830 1.6738E-26            4.1666E-26 1.8125E-07 2.3817E-08 3.8163E-07 1.9968E-07 5.6289E-07 2.22E-06 6.14E-06   0.425 0.6000 7.5712E-06   1134.945
11911.00 0.65354097 1.5987E-26            3.9736E-26 1.8089E-07 2.3725E-08 3.7968E-07 1.9843E-07 5.6057E-07 2.20E-06 6.11E-06   0.425 0.6000 7.5362E-06   1135.399
11921.00 0.64203107 1.5587E-26            3.7279E-26 1.6634E-07 2.2639E-08 3.5200E-07 1.8466E-07 5.1834E-07 2.05E-06 5.93E-06   0.443 0.6000 7.3140E-06   1130.299
11931.00 0.64060801 1.4919E-26            3.5518E-26 1.7351E-07 2.3480E-08 3.6536E-07 1.9170E-07 5.3887E-07 2.13E-06 6.14E-06   0.445 0.6000 7.5712E-06   1133.962
11941.00 0.63160002 1.4494E-26            3.3409E-26 1.6842E-07 2.3374E-08 3.5639E-07 1.8778E-07 5.2481E-07 2.09E-06 6.18E-06   0.459 0.6000 7.6217E-06   1132.745
11951.00 0.63280791 1.3790E-26            3.1969E-26 1.6920E-07 2.3174E-08 3.5562E-07 1.8715E-07 5.2482E-07 2.08E-06 6.10E-06   0.458 0.6000 7.5194E-06   1133.508
11961.00 0.61648494 1.3586E-26            2.9733E-26 1.5955E-07 2.2891E-08 3.3876E-07 1.8018E-07 4.9831E-07 2.00E-06 6.15E-06   0.484 0.6000 7.5871E-06   1130.407
11971.00 0.62186682 1.2806E-26            2.8620E-26 1.6332E-07 2.3025E-08 3.4426E-07 1.8172E-07 5.0757E-07 2.02E-06 6.14E-06   0.475 0.6000 7.5688E-06   1132.536
11981.00 0.62757784 1.2091E-26            2.7592E-26 1.6490E-07 2.2828E-08 3.4509E-07 1.8124E-07 5.1000E-07 2.01E-06 6.03E-06   0.466 0.6000 7.4366E-06   1133.650
11991.00 0.59126854 1.2259E-26            2.4810E-26 1.4348E-07 2.1743E-08 3.0519E-07 1.6345E-07 4.4867E-07 1.82E-06 6.04E-06   0.525 0.6000 7.4512E-06   1124.933
12001.00 0.59098542 1.1640E-26            2.3659E-26 1.3976E-07 2.1439E-08 2.9907E-07 1.6018E-07 4.3883E-07 1.78E-06 5.96E-06   0.526 0.6000 7.3525E-06   1124.062
12011.00 0.58588177 1.0610E-26            2.2431E-26 1.5089E-07 2.1742E-08 3.1461E-07 1.6584E-07 4.6549E-07 1.84E-06 6.05E-06   0.535 0.6000 7.4651E-06   1129.152
12021.00 0.55861312 1.0869E-26            2.0371E-26 1.3161E-07 2.1122E-08 2.8152E-07 1.5268E-07 4.1313E-07 1.70E-06 6.11E-06   0.582 0.6000 7.5463E-06   1121.167
12031.00 0.59993625 9.9722E-27            2.0913E-26 1.4929E-07 2.2060E-08 3.1453E-07 1.6698E-07 4.6382E-07 1.85E-06 6.01E-06   0.511 0.6000 7.4160E-06   1130.396
12041.00 0.57129276 9.7749E-27            1.8997E-26 1.4005E-07 2.1478E-08 2.9464E-07 1.5799E-07 4.3469E-07 1.75E-06 6.08E-06   0.560 0.6000 7.5039E-06   1126.382
12051.00 0.56685388 9.0365E-27            1.8010E-26 1.4097E-07 2.1401E-08 2.9421E-07 1.5603E-07 4.3518E-07 1.73E-06 6.09E-06   0.568 0.6000 7.5169E-06   1127.218
12061.00 0.54292554 7.5822E-27            1.6453E-26 1.3183E-07 2.0861E-08 2.7517E-07 1.4739E-07 4.0699E-07 1.64E-06 6.15E-06   0.611 0.6000 7.5939E-06   1123.082
12071.00 0.54967141 7.0233E-27            1.5922E-26 1.3528E-07 2.1230E-08 2.8247E-07 1.5085E-07 4.1775E-07 1.68E-06 6.19E-06   0.598 0.6000 7.6428E-06   1125.732
12081.00 0.51683682 6.7094E-27            1.4277E-26 1.1604E-07 2.0021E-08 2.4615E-07 1.3398E-07 3.6220E-07 1.49E-06 6.15E-06   0.660 0.6000 7.6030E-06   1116.162
12091.00 0.61131907 6.5057E-27            1.6113E-26 1.6462E-07 2.3277E-08 3.3915E-07 1.7771E-07 5.0377E-07 1.97E-06 6.17E-06   0.492 0.6000 7.6166E-06   1141.078
12101.00 0.57652330 6.2056E-27            1.4533E-26 1.4487E-07 2.2096E-08 3.0210E-07 1.6051E-07 4.4697E-07 1.78E-06 6.16E-06   0.551 0.6000 7.6091E-06   1132.949
12111.00 0.57316190 5.9141E-27            1.3760E-26 1.4424E-07 2.1905E-08 2.9930E-07 1.5889E-07 4.4355E-07 1.76E-06 6.12E-06   0.557 0.6000 7.5626E-06   1133.135
12121.00 0.61755782 5.6798E-27            1.4180E-26 1.6708E-07 2.3219E-08 3.4054E-07 1.7730E-07 5.0762E-07 1.97E-06 6.07E-06   0.482 0.6000 7.4981E-06   1143.924
12131.00 0.57478726 5.4918E-27            1.2588E-26 1.4072E-07 2.1922E-08 2.9279E-07 1.5583E-07 4.3350E-07 1.73E-06 6.11E-06   0.554 0.6000 7.5446E-06   1132.954
12141.00 0.48902005 5.1024E-27            1.0262E-26 1.0447E-07 1.8998E-08 2.1899E-07 1.1998E-07 3.2346E-07 1.33E-06 6.01E-06   0.715 0.6000 7.4416E-06   1112.564
12151.00 0.36377111 4.4335E-27            7.2412E-27 6.5237E-08 1.5126E-08 1.3382E-07 7.6056E-08 1.9906E-07 8.45E-07 6.05E-06   1.011 0.6000 7.5107E-06   1079.919
12161.00 0.55543607 4.6862E-27            1.0572E-26 1.3276E-07 2.0925E-08 2.7416E-07 1.4576E-07 4.0692E-07 1.62E-06 5.96E-06   0.588 0.6000 7.3702E-06   1130.568
12171.00 0.59371674 4.5209E-27            1.0801E-26 1.4970E-07 2.2283E-08 3.0858E-07 1.6232E-07 4.5829E-07 1.80E-06 5.99E-06   0.521 0.6000 7.4020E-06   1140.073
12181.00 0.62318873 4.3310E-27            1.0816E-26 1.6870E-07 2.3446E-08 3.4195E-07 1.7771E-07 5.1065E-07 1.97E-06 6.01E-06   0.473 0.6000 7.4299E-06   1148.918
12191.00 0.53126842 4.0527E-27            8.8236E-27 1.2309E-07 2.0222E-08 2.5374E-07 1.3582E-07 3.7683E-07 1.51E-06 5.95E-06   0.632 0.6000 7.3655E-06   1127.223
12201.00 0.52666742 3.8203E-27            8.3354E-27 1.2234E-07 1.9857E-08 2.4933E-07 1.3215E-07 3.7167E-07 1.47E-06 5.88E-06   0.641 0.6000 7.2879E-06   1126.971
12211.00 0.52374774 3.6768E-27            7.9089E-27 1.2123E-07 2.0184E-08 2.4874E-07 1.3262E-07 3.6997E-07 1.47E-06 6.00E-06   0.647 0.6000 7.4288E-06   1127.386
12221.00 0.47354707 3.4460E-27            6.8447E-27 1.0135E-07 1.8541E-08 2.0767E-07 1.1256E-07 3.0901E-07 1.25E-06 5.98E-06   0.748 0.6000 7.4096E-06   1115.249
12231.00 0.51721972 3.3362E-27            7.1130E-27 1.2432E-07 2.0601E-08 2.5356E-07 1.3504E-07 3.7788E-07 1.50E-06 6.14E-06   0.659 0.6000 7.6019E-06   1130.411
12241.00 0.47338644 3.0525E-27            6.2313E-27 1.0691E-07 1.9120E-08 2.1719E-07 1.1692E-07 3.2410E-07 1.30E-06 6.11E-06   0.748 0.6000 7.5712E-06   1120.111
12251.00 0.47956541 2.2892E-27            6.0019E-27 1.0959E-07 1.9372E-08 2.2218E-07 1.1995E-07 3.3177E-07 1.33E-06 6.10E-06   0.735 0.6000 7.5568E-06   1122.521
12261.00 0.49381280 1.7859E-27            5.9188E-27 1.0850E-07 1.9869E-08 2.2344E-07 1.2252E-07 3.3194E-07 1.36E-06 6.11E-06   0.706 0.6000 7.5676E-06   1123.300
12271.00 0.49455023 1.7077E-27            5.6508E-27 1.0704E-07 1.9957E-08 2.2202E-07 1.2193E-07 3.2906E-07 1.35E-06 6.12E-06   0.704 0.6000 7.5742E-06   1123.418
12281.00 0.53186911 1.7890E-27            5.8026E-27 1.2216E-07 2.1355E-08 2.5325E-07 1.3840E-07 3.7541E-07 1.54E-06 6.14E-06   0.631 0.6000 7.5993E-06   1133.663
12291.00 0.51865739 1.6824E-27            5.4034E-27 1.2029E-07 2.0924E-08 2.4548E-07 1.3183E-07 3.6577E-07 1.46E-06 6.16E-06   0.657 0.6000 7.6171E-06   1132.519
12301.00 0.58899522 1.9085E-27            5.8561E-27 1.5428E-07 2.3249E-08 3.0994E-07 1.6232E-07 4.6422E-07 1.80E-06 6.13E-06   0.529 0.6000 7.5809E-06   1150.827
12311.00 0.59647417 1.8582E-27            5.6597E-27 1.5651E-07 2.3464E-08 3.1434E-07 1.6363E-07 4.7085E-07 1.82E-06 6.13E-06   0.517 0.6000 7.5827E-06   1152.641
12321.00 0.60269457 1.8045E-27            5.4633E-27 1.6160E-07 2.3704E-08 3.2294E-07 1.6774E-07 4.8455E-07 1.86E-06 6.12E-06   0.506 0.6000 7.5619E-06   1155.552
12331.00 0.61769646 1.7847E-27            5.3424E-27 1.7183E-07 2.4348E-08 3.4077E-07 1.7569E-07 5.1260E-07 1.95E-06 6.13E-06   0.482 0.6000 7.5814E-06   1160.563
12341.00 0.62984222 1.7586E-27            5.2021E-27 1.7968E-07 2.4504E-08 3.5224E-07 1.7997E-07 5.3191E-07 2.00E-06 6.06E-06   0.462 0.6000 7.4845E-06   1164.136
12351.00 0.62774980 1.6737E-27            4.9478E-27 1.7639E-07 2.4144E-08 3.4570E-07 1.7663E-07 5.2209E-07 1.96E-06 5.98E-06   0.466 0.6000 7.3918E-06   1163.471
12361.00 0.63647610 1.6347E-27            4.7902E-27 1.8649E-07 2.4729E-08 3.6135E-07 1.8354E-07 5.4784E-07 2.04E-06 6.03E-06   0.452 0.6000 7.4500E-06   1167.909
12371.00 0.63837940 1.5695E-27            4.5852E-27 1.8938E-07 2.5001E-08 3.6616E-07 1.8566E-07 5.5554E-07 2.06E-06 6.07E-06   0.449 0.6000 7.4992E-06   1169.739
12381.00 0.64368641 1.5199E-27            4.4141E-27 1.9550E-07 2.5302E-08 3.7504E-07 1.8954E-07 5.7053E-07 2.10E-06 6.08E-06   0.441 0.6000 7.5115E-06   1172.550
12391.00 0.64202207 1.4482E-27            4.2026E-27 1.9608E-07 2.5454E-08 3.7564E-07 1.8979E-07 5.7172E-07 2.11E-06 6.12E-06   0.443 0.6000 7.5618E-06   1173.471
12401.00 0.64125401 1.3816E-27            4.0067E-27 1.9708E-07 2.5700E-08 3.7767E-07 1.9094E-07 5.7476E-07 2.12E-06 6.17E-06   0.444 0.6000 7.6275E-06   1174.641
12411.00 0.64368057 1.3293E-27            3.8395E-27 1.9864E-07 2.5646E-08 3.7872E-07 1.9093E-07 5.7736E-07 2.12E-06 6.13E-06   0.441 0.6000 7.5712E-06   1175.750
12421.00 0.64001495 1.2614E-27            3.6451E-27 1.9054E-07 2.4797E-08 3.6328E-07 1.8333E-07 5.5383E-07 2.04E-06 5.95E-06   0.446 0.6000 7.3492E-06   1173.296
12431.00 0.62444931 1.1619E-27            3.3935E-27 1.8106E-07 2.4814E-08 3.4973E-07 1.7794E-07 5.3079E-07 1.98E-06 6.09E-06   0.471 0.6000 7.5224E-06   1170.789
12441.00 0.62610412 1.1168E-27            3.2486E-27 1.8456E-07 2.5038E-08 3.5452E-07 1.7982E-07 5.3908E-07 2.00E-06 6.12E-06   0.468 0.6000 7.5586E-06   1172.736
12451.00 0.62384111 1.0623E-27            3.0901E-27 1.8063E-07 2.4694E-08 3.4714E-07 1.7615E-07 5.2777E-07 1.96E-06 6.04E-06   0.472 0.6000 7.4655E-06   1171.865
12461.00 0.61904472 1.0037E-27            2.9261E-27 1.7764E-07 2.4802E-08 3.4318E-07 1.7454E-07 5.2082E-07 1.94E-06 6.11E-06   0.480 0.6000 7.5531E-06   1171.606
12471.00 0.62720162 9.7979E-28            2.8312E-27 1.8782E-07 2.5323E-08 3.5809E-07 1.8099E-07 5.4591E-07 2.01E-06 6.14E-06   0.466 0.6000 7.5917E-06   1175.977
12481.00 0.61842126 9.1883E-28            2.6640E-27 1.8292E-07 2.5016E-08 3.4854E-07 1.7665E-07 5.3145E-07 1.96E-06 6.13E-06   0.481 0.6000 7.5823E-06   1174.669
12491.00 0.62267905 8.8723E-28            2.5604E-27 1.8499E-07 2.5011E-08 3.5110E-07 1.7741E-07 5.3610E-07 1.97E-06 6.08E-06   0.474 0.6000 7.5158E-06   1176.094
12501.00 0.62479216 8.5180E-28            2.4516E-27 1.8403E-07 2.4830E-08 3.4876E-07 1.7590E-07 5.3279E-07 1.95E-06 6.01E-06   0.470 0.6000 7.4276E-06   1176.375
12511.00 0.63688880 8.3754E-28            2.3863E-27 1.9835E-07 2.5904E-08 3.7245E-07 1.8676E-07 5.7080E-07 2.07E-06 6.14E-06   0.451 0.6000 7.5963E-06   1182.459
12521.00 0.62904799 7.8669E-28            2.2498E-27 1.9211E-07 2.5621E-08 3.6195E-07 1.8209E-07 5.5406E-07 2.02E-06 6.14E-06   0.464 0.6000 7.5909E-06   1180.910
12531.00 0.63813788 7.6796E-28            2.1786E-27 2.0004E-07 2.5989E-08 3.7376E-07 1.8708E-07 5.7380E-07 2.08E-06 6.13E-06   0.449 0.6000 7.5761E-06   1184.385
12541.00 0.62904745 7.1922E-28            2.0502E-27 1.9245E-07 2.5637E-08 3.6133E-07 1.8163E-07 5.5378E-07 2.02E-06 6.12E-06   0.464 0.6000 7.5663E-06   1182.385
12551.00 0.61381572 6.6325E-28            1.9105E-27 1.8051E-07 2.5147E-08 3.4221E-07 1.7364E-07 5.2271E-07 1.93E-06 6.13E-06   0.488 0.6000 7.5782E-06   1178.685
12561.00 0.60670084 6.2315E-28            1.8004E-27 1.7413E-07 2.4691E-08 3.3082E-07 1.6817E-07 5.0496E-07 1.87E-06 6.08E-06   0.500 0.6000 7.5178E-06   1176.786
12571.00 0.63619745 6.3964E-28            1.8032E-27 1.9980E-07 2.5947E-08 3.7059E-07 1.8508E-07 5.7039E-07 2.06E-06 6.09E-06   0.452 0.6000 7.5341E-06   1186.956
12581.00 0.64017123 6.1733E-28            1.7318E-27 1.9696E-07 2.5233E-08 3.6318E-07 1.8083E-07 5.6013E-07 2.01E-06 5.88E-06   0.446 0.6000 7.2713E-06   1186.301
12591.00 0.64440745 5.9622E-28            1.6641E-27 2.0252E-07 2.5540E-08 3.7098E-07 1.8411E-07 5.7349E-07 2.04E-06 5.90E-06   0.439 0.6000 7.2954E-06   1188.895
12601.00 0.63898677 5.6363E-28            1.5758E-27 1.9853E-07 2.5364E-08 3.6409E-07 1.8098E-07 5.6263E-07 2.01E-06 5.90E-06   0.448 0.6000 7.2929E-06   1188.162
12611.00 0.62173057 5.1772E-28            1.4628E-27 1.8975E-07 2.5398E-08 3.5136E-07 1.7599E-07 5.4111E-07 1.95E-06 6.05E-06   0.475 0.6000 7.4861E-06   1185.889
12621.00 0.62119782 4.9427E-28            1.3955E-27 1.8969E-07 2.5430E-08 3.5103E-07 1.7598E-07 5.4072E-07 1.95E-06 6.05E-06   0.476 0.6000 7.4847E-06   1186.590
12631.00 0.62677068 4.7850E-28            1.3436E-27 1.9047E-07 2.5294E-08 3.5143E-07 1.7556E-07 5.4190E-07 1.95E-06 5.96E-06   0.467 0.6000 7.3759E-06   1187.515
12641.00 0.61795330 4.4828E-28            1.2645E-27 1.8812E-07 2.5499E-08 3.4800E-07 1.7448E-07 5.3612E-07 1.94E-06 6.08E-06   0.481 0.6000 7.5189E-06   1187.439
12651.00 0.61817801 4.2937E-28            1.2078E-27 1.9102E-07 2.5756E-08 3.5179E-07 1.7599E-07 5.4281E-07 1.95E-06 6.12E-06   0.481 0.6000 7.5744E-06   1189.156
12661.00 0.60773176 4.0040E-28            1.1336E-27 1.8199E-07 2.5343E-08 3.3734E-07 1.6979E-07 5.1933E-07 1.89E-06 6.11E-06   0.498 0.6000 7.5617E-06   1186.484
12671.00 0.61673093 3.9026E-28            1.0974E-27 1.8856E-07 2.5859E-08 3.4859E-07 1.7474E-07 5.3715E-07 1.94E-06 6.14E-06   0.483 0.6000 7.6006E-06   1189.852
12681.00 0.63095790 3.8623E-28            1.0719E-27 2.0138E-07 2.6343E-08 3.6682E-07 1.8214E-07 5.6821E-07 2.02E-06 6.11E-06   0.461 0.6000 7.5620E-06   1194.991
12691.00 0.62781620 3.6658E-28            1.0181E-27 1.9838E-07 2.6151E-08 3.6140E-07 1.7975E-07 5.5978E-07 2.00E-06 6.08E-06   0.466 0.6000 7.5242E-06   1194.579
12701.00 0.63295877 3.5495E-28            9.7975E-28 2.0507E-07 2.6572E-08 3.7101E-07 1.8368E-07 5.7608E-07 2.04E-06 6.12E-06   0.457 0.6000 7.5755E-06   1197.584
12711.00 0.63215649 3.3880E-28            9.3395E-28 2.0580E-07 2.6735E-08 3.7182E-07 1.8387E-07 5.7762E-07 2.04E-06 6.16E-06   0.459 0.6000 7.6222E-06   1198.552
12721.00 0.64159477 3.3134E-28            9.0484E-28 2.1210E-07 2.6637E-08 3.7890E-07 1.8625E-07 5.9100E-07 2.07E-06 6.03E-06   0.444 0.6000 7.4713E-06   1201.111
12731.00 0.64179593 3.1701E-28            8.6396E-28 2.1256E-07 2.6641E-08 3.7883E-07 1.8602E-07 5.9139E-07 2.07E-06 6.02E-06   0.443 0.6000 7.4573E-06   1201.922
12741.00 0.64164144 3.0307E-28            8.2448E-28 2.1662E-07 2.7125E-08 3.8521E-07 1.8900E-07 6.0183E-07 2.10E-06 6.12E-06   0.444 0.6000 7.5819E-06   1204.062
12751.00 0.64230585 2.9028E-28            7.8781E-28 2.1745E-07 2.7134E-08 3.8559E-07 1.8896E-07 6.0303E-07 2.10E-06 6.11E-06   0.443 0.6000 7.5638E-06   1204.979
12761.00 0.64328903 2.7825E-28            7.5311E-28 2.1367E-07 2.6528E-08 3.7764E-07 1.8480E-07 5.9131E-07 2.05E-06 5.95E-06   0.441 0.6000 7.3715E-06   1204.185
12771.00 0.64323562 2.6607E-28            7.1880E-28 2.1829E-07 2.7073E-08 3.8497E-07 1.8823E-07 6.0326E-07 2.09E-06 6.06E-06   0.441 0.6000 7.5108E-06   1206.526
12781.00 0.64305854 2.5434E-28            6.8592E-28 2.2117E-07 2.7415E-08 3.8929E-07 1.9019E-07 6.1046E-07 2.11E-06 6.13E-06   0.442 0.6000 7.5955E-06   1208.226
12791.00 0.64278907 2.4306E-28            6.5443E-28 2.2160E-07 2.7464E-08 3.8933E-07 1.9008E-07 6.1093E-07 2.11E-06 6.13E-06   0.442 0.6000 7.5991E-06   1209.047
12801.00 0.64272034 2.3240E-28            6.2460E-28 2.1852E-07 2.7053E-08 3.8308E-07 1.8686E-07 6.0160E-07 2.08E-06 6.03E-06   0.442 0.6000 7.4738E-06   1208.583
12811.00 0.64221472 2.2198E-28            5.9572E-28 2.2115E-07 2.7401E-08 3.8711E-07 1.8872E-07 6.0826E-07 2.10E-06 6.10E-06   0.443 0.6000 7.5630E-06   1210.215
12821.00 0.64213008 2.1223E-28            5.6854E-28 2.1906E-07 2.7117E-08 3.8265E-07 1.8639E-07 6.0171E-07 2.07E-06 6.03E-06   0.443 0.6000 7.4729E-06   1210.115
12831.00 0.64157367 2.0268E-28            5.4220E-28 2.2172E-07 2.7473E-08 3.8673E-07 1.8827E-07 6.0845E-07 2.09E-06 6.10E-06   0.444 0.6000 7.5645E-06   1211.758
12841.00 0.64147240 1.9378E-28            5.1745E-28 2.2296E-07 2.7602E-08 3.8806E-07 1.8876E-07 6.1102E-07 2.10E-06 6.12E-06   0.444 0.6000 7.5875E-06   1212.851
12851.00 0.64107960 1.8514E-28            4.9360E-28 2.2294E-07 2.7608E-08 3.8738E-07 1.8831E-07 6.1032E-07 2.09E-06 6.11E-06   0.445 0.6000 7.5802E-06   1213.519
12861.00 0.64079690 1.7692E-28            4.7093E-28 2.1877E-07 2.7086E-08 3.7941E-07 1.8429E-07 5.9818E-07 2.05E-06 5.99E-06   0.445 0.6000 7.4270E-06   1212.678
12871.00 0.64054638 1.6909E-28            4.4932E-28 2.2406E-07 2.7733E-08 3.8785E-07 1.8825E-07 6.1190E-07 2.09E-06 6.12E-06   0.445 0.6000 7.5937E-06   1215.242
12881.00 0.64016682 1.6155E-28            4.2862E-28 2.2381E-07 2.7710E-08 3.8677E-07 1.8761E-07 6.1058E-07 2.08E-06 6.11E-06   0.446 0.6000 7.5782E-06   1215.827
12891.00 0.63964462 1.5429E-28            4.0878E-28 2.2368E-07 2.7718E-08 3.8598E-07 1.8712E-07 6.0966E-07 2.08E-06 6.11E-06   0.447 0.6000 7.5729E-06   1216.466
12901.00 0.63933277 1.4743E-28            3.8999E-28 2.1323E-07 2.6421E-08 3.6728E-07 1.7794E-07 5.8051E-07 1.98E-06 5.81E-06   0.447 0.6000 7.2091E-06   1213.324
12911.00 0.63873535 1.4079E-28            3.7189E-28 2.1807E-07 2.7053E-08 3.7512E-07 1.8164E-07 5.9319E-07 2.02E-06 5.95E-06   0.448 0.6000 7.3749E-06   1215.798
12921.00 0.63832718 1.3451E-28            3.5474E-28 2.2444E-07 2.7852E-08 3.8546E-07 1.8653E-07 6.0990E-07 2.07E-06 6.12E-06   0.449 0.6000 7.5841E-06   1218.770
12931.00 0.63766819 1.2843E-28            3.3824E-28 2.2302E-07 2.7713E-08 3.8258E-07 1.8504E-07 6.0560E-07 2.05E-06 6.08E-06   0.450 0.6000 7.5411E-06   1218.962
12941.00 0.63683075 1.2258E-28            3.2242E-28 2.1727E-07 2.7056E-08 3.7239E-07 1.8006E-07 5.8967E-07 2.00E-06 5.94E-06   0.451 0.6000 7.3599E-06   1217.593
12951.00 0.63631606 1.1708E-28            3.0750E-28 2.2022E-07 2.7445E-08 3.7691E-07 1.8214E-07 5.9713E-07 2.02E-06 6.02E-06   0.452 0.6000 7.4590E-06   1219.352
12961.00 0.63565093 1.1178E-28            2.9320E-28 2.1718E-07 2.7098E-08 3.7125E-07 1.7933E-07 5.8843E-07 1.99E-06 5.93E-06   0.453 0.6000 7.3595E-06   1218.938
12971.00 0.63457620 1.0663E-28            2.7938E-28 2.2081E-07 2.7619E-08 3.7717E-07 1.8218E-07 5.9799E-07 2.02E-06 6.05E-06   0.455 0.6000 7.5010E-06   1220.980
12981.00 0.63098055 1.0111E-28            2.6515E-28 2.1607E-07 2.7359E-08 3.7054E-07 1.7937E-07 5.8661E-07 1.99E-06 6.02E-06   0.460 0.6000 7.4677E-06   1220.203
12991.00 0.62590206 9.5433E-29            2.5103E-28 2.1019E-07 2.7073E-08 3.6281E-07 1.7643E-07 5.7300E-07 1.96E-06 5.98E-06   0.469 0.6000 7.4373E-06   1219.090
13001.00 0.61758572 8.9312E-29            2.3643E-28 2.0433E-07 2.6870E-08 3.5515E-07 1.7371E-07 5.5948E-07 1.93E-06 5.99E-06   0.482 0.6000 7.4697E-06   1217.948
13011.00 0.61032534 8.3583E-29            2.2303E-28 2.0148E-07 2.6848E-08 3.5098E-07 1.7248E-07 5.5246E-07 1.92E-06 6.02E-06   0.494 0.6000 7.5399E-06   1217.701
13021.00 0.59386152 7.6605E-29            2.0715E-28 1.9049E-07 2.6046E-08 3.3360E-07 1.6504E-07 5.2409E-07 1.83E-06 5.97E-06   0.521 0.6000 7.5258E-06   1214.290
13031.00 0.57747227 7.0327E-29            1.9226E-28 1.8054E-07 2.5364E-08 3.1794E-07 1.5814E-07 4.9848E-07 1.76E-06 5.95E-06   0.549 0.6000 7.5545E-06   1211.109
13041.00 0.55054110 6.3415E-29            1.7498E-28 1.5984E-07 2.2875E-08 2.8113E-07 1.3965E-07 4.4097E-07 1.55E-06 5.56E-06   0.597 0.6000 7.1580E-06   1202.340
13051.00 0.52334797 5.6024E-29            1.5878E-28 1.3573E-07 2.1095E-08 2.4516E-07 1.2429E-07 3.8089E-07 1.38E-06 5.42E-06   0.648 0.6000 7.0679E-06   1191.899
13061.00 0.47918382 4.8909E-29            1.3884E-28 1.1950E-07 1.9674E-08 2.1769E-07 1.1091E-07 3.3719E-07 1.23E-06 5.46E-06   0.736 0.6000 7.3488E-06   1183.484
13071.00 0.43041956 4.5324E-29            1.1909E-28 1.0543E-07 1.7754E-08 1.8977E-07 9.5132E-08 2.9520E-07 1.06E-06 5.39E-06   0.843 0.6000 7.5912E-06   1174.385
13081.00 0.38860330 3.8166E-29            1.0256E-28 8.5378E-08 1.5565E-08 1.5590E-07 7.9023E-08 2.4128E-07 8.78E-07 5.20E-06   0.945 0.6000 7.5900E-06   1160.500
13091.00 0.33699629 3.1739E-29            8.4843E-29 6.3237E-08 1.2917E-08 1.1701E-07 6.0318E-08 1.8025E-07 6.70E-07 4.91E-06   1.088 0.6000 7.5855E-06   1140.716
13101.00 0.31238472 2.8581E-29            7.5046E-29 5.4037E-08 1.1557E-08 9.9557E-08 5.1256E-08 1.5359E-07 5.69E-07 4.73E-06   1.164 0.6000 7.5818E-06   1130.473
13111.00 0.33462885 2.8250E-29            7.6643E-29 5.9124E-08 1.2264E-08 1.0879E-07 5.5652E-08 1.6791E-07 6.18E-07 4.75E-06   1.095 0.6000 7.5031E-06   1137.258
13121.00 0.47473830 3.7990E-29            1.0375E-28 1.1794E-07 1.8524E-08 2.0846E-07 1.0278E-07 3.2640E-07 1.14E-06 5.20E-06   0.745 0.6000 7.2390E-06   1185.467
13131.00 0.31131712 2.0646E-29            6.5392E-29 4.8049E-08 1.1120E-08 8.9725E-08 4.7995E-08 1.3777E-07 5.33E-07 4.66E-06   1.167 0.6000 7.4454E-06   1125.263
13141.00 0.17552850 1.1885E-29            3.5100E-29 1.3083E-08 5.5749E-09 2.2370E-08 1.3573E-08 3.5453E-08 1.51E-07 4.01E-06   1.740 0.6000 7.4787E-06   1041.755
13151.00 0.15821050 1.2525E-29            3.0017E-29 1.2752E-08 5.5076E-09 2.1257E-08 1.3220E-08 3.4009E-08 1.47E-07 3.94E-06   1.844 0.6000 7.4464E-06   1040.033
13161.00 0.28487176 1.5336E-29            5.1358E-29 5.0331E-08 1.1914E-08 9.1466E-08 5.0975E-08 1.4180E-07 5.66E-07 4.89E-06   1.256 0.6000 7.5141E-06   1129.309
13171.00 0.58807248 3.9183E-29            1.0170E-28 2.0170E-07 2.6387E-08 3.3590E-07 1.6147E-07 5.3760E-07 1.79E-06 5.93E-06   0.531 0.6000 7.4986E-06   1227.569
13181.00 0.62924051 4.1113E-29            1.0409E-28 2.2275E-07 2.7724E-08 3.6545E-07 1.7362E-07 5.8820E-07 1.93E-06 5.90E-06   0.463 0.6000 7.3163E-06   1235.519
13191.00 0.62973785 3.9355E-29            9.9428E-29 2.2947E-07 2.8471E-08 3.7527E-07 1.7809E-07 6.0475E-07 1.98E-06 6.04E-06   0.462 0.6000 7.4903E-06   1238.511
13201.00 0.62948596 3.7608E-29            9.4861E-29 2.2858E-07 2.8353E-08 3.7311E-07 1.7693E-07 6.0169E-07 1.96E-06 6.00E-06   0.463 0.6000 7.4493E-06   1238.857
13211.00 0.62925994 3.5942E-29            9.0506E-29 2.2894E-07 2.8387E-08 3.7298E-07 1.7672E-07 6.0192E-07 1.96E-06 6.00E-06   0.463 0.6000 7.4483E-06   1239.642
13221.00 0.62889427 3.4336E-29            8.6332E-29 2.2842E-07 2.8329E-08 3.7151E-07 1.7590E-07 5.9993E-07 1.95E-06 5.98E-06   0.464 0.6000 7.4250E-06   1240.129
13231.00 0.62850904 3.2801E-29            8.2348E-29 2.2738E-07 2.8207E-08 3.6917E-07 1.7468E-07 5.9655E-07 1.94E-06 5.95E-06   0.464 0.6000 7.3850E-06   1240.426
13241.00 0.62816554 3.1339E-29            7.8553E-29 2.3141E-07 2.8710E-08 3.7506E-07 1.7734E-07 6.0647E-07 1.97E-06 6.05E-06   0.465 0.6000 7.5083E-06   1242.516
13251.00 0.62787336 2.9945E-29            7.4938E-29 2.3238E-07 2.8826E-08 3.7594E-07 1.7762E-07 6.0832E-07 1.97E-06 6.06E-06   0.465 0.6000 7.5299E-06   1243.517
13261.00 0.62738436 2.8600E-29            7.1468E-29 2.3313E-07 2.8940E-08 3.7657E-07 1.7781E-07 6.0970E-07 1.97E-06 6.08E-06   0.466 0.6000 7.5529E-06   1244.457
13271.00 0.62715530 2.7332E-29            6.8185E-29 2.3111E-07 2.8677E-08 3.7258E-07 1.7578E-07 6.0368E-07 1.95E-06 6.02E-06   0.467 0.6000 7.4749E-06   1244.406
13281.00 0.62679458 2.6112E-29            6.5041E-29 2.2929E-07 2.8455E-08 3.6900E-07 1.7397E-07 5.9828E-07 1.93E-06 5.96E-06   0.467 0.6000 7.4093E-06   1244.432
13291.00 0.62641650 2.4945E-29            6.2039E-29 2.2865E-07 2.8384E-08 3.6734E-07 1.7307E-07 5.9599E-07 1.92E-06 5.94E-06   0.468 0.6000 7.3830E-06   1244.875
13301.00 0.62594700 2.3825E-29            5.9167E-29 2.3179E-07 2.8790E-08 3.7179E-07 1.7505E-07 6.0357E-07 1.94E-06 6.02E-06   0.468 0.6000 7.4823E-06   1246.654
13311.00 0.62568134 2.2767E-29            5.6446E-29 2.2504E-07 2.7946E-08 3.6029E-07 1.6951E-07 5.8534E-07 1.88E-06 5.84E-06   0.469 0.6000 7.2543E-06   1244.921
13321.00 0.62502116 2.1733E-29            5.3817E-29 2.3178E-07 2.8822E-08 3.7057E-07 1.7425E-07 6.0236E-07 1.94E-06 6.01E-06   0.470 0.6000 7.4775E-06   1247.998
13331.00 0.62476492 2.0767E-29            5.1342E-29 2.2999E-07 2.8592E-08 3.6703E-07 1.7246E-07 5.9702E-07 1.92E-06 5.96E-06   0.470 0.6000 7.4089E-06   1248.029
13341.00 0.62443584 1.9842E-29            4.8976E-29 2.2499E-07 2.7973E-08 3.5841E-07 1.6829E-07 5.8340E-07 1.87E-06 5.82E-06   0.471 0.6000 7.2399E-06   1246.910
13351.00 0.62423390 1.8964E-29            4.6728E-29 2.3231E-07 2.8868E-08 3.6935E-07 1.7328E-07 6.0167E-07 1.92E-06 6.00E-06   0.471 0.6000 7.4618E-06   1250.166
13361.00 0.62385184 1.8116E-29            4.4571E-29 2.3113E-07 2.8729E-08 3.6684E-07 1.7199E-07 5.9797E-07 1.91E-06 5.96E-06   0.472 0.6000 7.4177E-06   1250.419
13371.00 0.62317693 1.7292E-29            4.2493E-29 2.3075E-07 2.8722E-08 3.6572E-07 1.7137E-07 5.9646E-07 1.90E-06 5.96E-06   0.473 0.6000 7.4110E-06   1250.966
13381.00 0.62271881 1.6517E-29            4.0526E-29 2.3216E-07 2.8916E-08 3.6740E-07 1.7205E-07 5.9956E-07 1.91E-06 5.99E-06   0.474 0.6000 7.4538E-06   1252.140
13391.00 0.62236392 1.5779E-29            3.8656E-29 2.3248E-07 2.8961E-08 3.6728E-07 1.7187E-07 5.9976E-07 1.91E-06 5.99E-06   0.474 0.6000 7.4568E-06   1252.921
13401.00 0.62179846 1.5066E-29            3.6861E-29 2.3064E-07 2.8761E-08 3.6380E-07 1.7015E-07 5.9444E-07 1.89E-06 5.95E-06   0.475 0.6000 7.3986E-06   1252.949
13411.00 0.62071562 1.4366E-29            3.5118E-29 2.3213E-07 2.9038E-08 3.6584E-07 1.7105E-07 5.9797E-07 1.90E-06 6.00E-06   0.477 0.6000 7.4693E-06   1254.183
13421.00 0.62098128 1.3746E-29            3.3531E-29 2.2816E-07 2.8472E-08 3.5868E-07 1.6752E-07 5.8683E-07 1.86E-06 5.87E-06   0.476 0.6000 7.3080E-06   1253.405
13431.00 0.61944103 1.3093E-29            3.1924E-29 2.2404E-07 2.8093E-08 3.5200E-07 1.6441E-07 5.7604E-07 1.83E-06 5.80E-06   0.479 0.6000 7.2145E-06   1252.647
13441.00 0.61872751 1.2496E-29            3.0431E-29 2.3112E-07 2.9026E-08 3.6264E-07 1.6929E-07 5.9376E-07 1.88E-06 5.99E-06   0.480 0.6000 7.4488E-06   1255.865
13451.00 0.61951900 1.1973E-29            2.9082E-29 2.3290E-07 2.9120E-08 3.6434E-07 1.6983E-07 5.9723E-07 1.89E-06 5.99E-06   0.479 0.6000 7.4513E-06   1257.093
13461.00 0.61478019 1.1315E-29            2.7546E-29 2.2567E-07 2.8690E-08 3.5392E-07 1.6530E-07 5.7959E-07 1.84E-06 5.93E-06   0.486 0.6000 7.3809E-06   1255.401
13471.00 0.61372650 1.0787E-29            2.6240E-29 2.1698E-07 2.7680E-08 3.4003E-07 1.5880E-07 5.5701E-07 1.76E-06 5.72E-06   0.488 0.6000 7.1206E-06   1252.925
13481.00 0.61319423 1.0303E-29            2.5025E-29 2.1734E-07 2.7731E-08 3.4001E-07 1.5866E-07 5.5735E-07 1.76E-06 5.73E-06   0.489 0.6000 7.1258E-06   1253.724
13491.00 0.60797352 9.7227E-30            2.3679E-29 2.1167E-07 2.7491E-08 3.3204E-07 1.5532E-07 5.4371E-07 1.72E-06 5.71E-06   0.498 0.6000 7.1079E-06   1252.468
13501.00 0.61200613 9.3890E-30            2.2748E-29 2.2272E-07 2.8504E-08 3.4746E-07 1.6196E-07 5.7018E-07 1.80E-06 5.88E-06   0.491 0.6000 7.3132E-06   1257.072
13511.00 0.60484147 8.8248E-30            2.1463E-29 2.1547E-07 2.8224E-08 3.3734E-07 1.5776E-07 5.5282E-07 1.75E-06 5.87E-06   0.503 0.6000 7.3098E-06   1255.311
13521.00 0.59637201 8.2597E-30            2.0193E-29 2.0760E-07 2.7936E-08 3.2642E-07 1.5334E-07 5.3402E-07 1.70E-06 5.88E-06   0.517 0.6000 7.3173E-06   1253.261
13531.00 0.59891957 7.9415E-30            1.9348E-29 2.0391E-07 2.7198E-08 3.1946E-07 1.4978E-07 5.2337E-07 1.66E-06 5.69E-06   0.513 0.6000 7.0827E-06   1252.383
13541.00 0.58839750 7.4001E-30            1.8148E-29 2.0030E-07 2.7600E-08 3.1532E-07 1.4860E-07 5.1562E-07 1.65E-06 5.86E-06   0.530 0.6000 7.2893E-06   1251.929
13551.00 0.59854466 7.2536E-30            1.7614E-29 2.1449E-07 2.8639E-08 3.3509E-07 1.5677E-07 5.4958E-07 1.74E-06 5.98E-06   0.513 0.6000 7.4378E-06   1257.830
13561.00 0.58810699 6.7660E-30            1.6527E-29 2.0584E-07 2.8294E-08 3.2279E-07 1.5179E-07 5.2863E-07 1.69E-06 5.99E-06   0.531 0.6000 7.4514E-06   1255.432
13571.00 0.57566345 6.2621E-30            1.5432E-29 1.9377E-07 2.7635E-08 3.0534E-07 1.4466E-07 4.9911E-07 1.61E-06 5.94E-06   0.552 0.6000 7.3967E-06   1251.551
13581.00 0.57257688 5.9288E-30            1.4648E-29 1.8761E-07 2.7271E-08 2.9732E-07 1.4138E-07 4.8493E-07 1.57E-06 5.89E-06   0.558 0.6000 7.3305E-06   1249.987
13591.00 0.58488071 5.8511E-30            1.4279E-29 1.9835E-07 2.7670E-08 3.1115E-07 1.4655E-07 5.0950E-07 1.63E-06 5.85E-06   0.536 0.6000 7.2885E-06   1254.697
13601.00 0.57490516 5.4745E-30            1.3401E-29 1.9568E-07 2.7716E-08 3.0543E-07 1.4402E-07 5.0111E-07 1.60E-06 5.93E-06   0.554 0.6000 7.3844E-06   1254.107
13611.00 0.57547444 5.2314E-30            1.2796E-29 1.9786E-07 2.8043E-08 3.0899E-07 1.4581E-07 5.0685E-07 1.62E-06 5.99E-06   0.553 0.6000 7.4548E-06   1255.769
13621.00 0.59492058 5.2539E-30            1.2627E-29 2.1669E-07 2.8980E-08 3.3420E-07 1.5558E-07 5.5088E-07 1.73E-06 6.00E-06   0.519 0.6000 7.4763E-06   1263.261
13631.00 0.55668294 4.5649E-30            1.1282E-29 1.8459E-07 2.7215E-08 2.8812E-07 1.3715E-07 4.7271E-07 1.52E-06 5.94E-06   0.586 0.6000 7.3964E-06   1251.662
13641.00 0.56523877 4.4672E-30            1.0927E-29 1.8800E-07 2.7111E-08 2.9171E-07 1.3746E-07 4.7970E-07 1.53E-06 5.84E-06   0.571 0.6000 7.2736E-06   1253.580
13651.00 0.57097721 4.3337E-30            1.0534E-29 1.9298E-07 2.7396E-08 2.9869E-07 1.4026E-07 4.9167E-07 1.56E-06 5.85E-06   0.560 0.6000 7.2899E-06   1256.300
13661.00 0.51066881 3.5515E-30            8.9980E-30 1.5429E-07 2.5378E-08 2.4166E-07 1.1682E-07 3.9595E-07 1.30E-06 5.92E-06   0.672 0.6000 7.3809E-06   1239.875
13671.00 0.50557899 3.3222E-30            8.5022E-30 1.4318E-07 2.4932E-08 2.2763E-07 1.1133E-07 3.7081E-07 1.24E-06 5.87E-06   0.682 0.6000 7.3220E-06   1235.498
13681.00 0.51439703 3.2685E-30            8.2504E-30 1.5217E-07 2.4963E-08 2.3789E-07 1.1481E-07 3.9006E-07 1.27E-06 5.78E-06   0.665 0.6000 7.2028E-06   1240.174
13691.00 0.48289171 2.8556E-30            7.3844E-30 1.3597E-07 2.4435E-08 2.1378E-07 1.0503E-07 3.4975E-07 1.17E-06 5.93E-06   0.728 0.6000 7.3972E-06   1232.440
13701.00 0.52678257 3.0705E-30            7.7000E-30 1.5934E-07 2.6080E-08 2.5082E-07 1.2131E-07 4.1017E-07 1.35E-06 5.90E-06   0.641 0.6000 7.3541E-06   1245.587
13711.00 0.45827001 2.4135E-30            6.3914E-30 1.1339E-07 2.2352E-08 1.8033E-07 9.0897E-08 2.9372E-07 1.01E-06 5.63E-06   0.780 0.6000 7.0258E-06   1220.572
13721.00 0.53182119 2.8541E-30            7.0652E-30 1.6568E-07 2.5526E-08 2.5504E-07 1.2174E-07 4.2072E-07 1.35E-06 5.70E-06   0.631 0.6000 7.1045E-06   1249.064
13731.00 0.50931454 2.5863E-30            6.4811E-30 1.5123E-07 2.5247E-08 2.3506E-07 1.1312E-07 3.8629E-07 1.26E-06 5.86E-06   0.675 0.6000 7.3140E-06   1243.089
13741.00 0.43500835 1.9935E-30            5.2638E-30 1.1469E-07 2.2528E-08 1.7606E-07 8.7142E-08 2.9075E-07 9.68E-07 5.89E-06   0.832 0.6000 7.3536E-06   1221.980
13751.00 0.51894361 2.4216E-30            5.9978E-30 1.6429E-07 2.6261E-08 2.5238E-07 1.2013E-07 4.1667E-07 1.33E-06 5.96E-06   0.656 0.6000 7.4416E-06   1250.512
13761.00 0.46926004 2.0103E-30            5.1837E-30 1.3264E-07 2.4058E-08 2.0510E-07 1.0072E-07 3.3774E-07 1.12E-06 5.90E-06   0.757 0.6000 7.3658E-06   1234.860
13771.00 0.49815106 2.0611E-30            5.2450E-30 1.3870E-07 2.4967E-08 2.1836E-07 1.0714E-07 3.5706E-07 1.19E-06 5.85E-06   0.697 0.6000 7.2949E-06   1239.891
13781.00 0.46306536 1.8238E-30            4.6615E-30 1.3670E-07 2.4032E-08 2.0766E-07 1.0085E-07 3.4436E-07 1.12E-06 5.91E-06   0.770 0.6000 7.3832E-06   1237.817
13791.00 0.48803759 1.8471E-30            4.6757E-30 1.4165E-07 2.4859E-08 2.1885E-07 1.0646E-07 3.6050E-07 1.18E-06 5.88E-06   0.717 0.6000 7.3406E-06   1242.099
13801.00 0.46045938 1.7043E-30            4.2193E-30 1.3348E-07 2.3913E-08 2.0321E-07 9.9429E-08 3.3670E-07 1.10E-06 5.88E-06   0.776 0.6000 7.3445E-06   1237.538
13811.00 0.47969058 1.7677E-30            4.1912E-30 1.4560E-07 2.4700E-08 2.2107E-07 1.0593E-07 3.6666E-07 1.18E-06 5.89E-06   0.735 0.6000 7.3600E-06   1244.882
13821.00 0.44363821 1.4335E-30            3.6938E-30 1.2698E-07 2.3445E-08 1.9125E-07 9.3245E-08 3.1823E-07 1.04E-06 5.93E-06   0.813 0.6000 7.4156E-06   1234.657
13831.00 0.53732055 1.7722E-30            4.2744E-30 1.7852E-07 2.7040E-08 2.6921E-07 1.2629E-07 4.4773E-07 1.40E-06 5.88E-06   0.621 0.6000 7.3440E-06   1262.134
13841.00 0.55178523 1.7536E-30            4.1883E-30 1.8427E-07 2.6855E-08 2.7642E-07 1.2906E-07 4.6069E-07 1.43E-06 5.69E-06   0.595 0.6000 7.1063E-06   1265.164
13851.00 0.55327749 1.6808E-30            4.0112E-30 1.8570E-07 2.7687E-08 2.8055E-07 1.3122E-07 4.6625E-07 1.46E-06 5.87E-06   0.592 0.6000 7.3322E-06   1266.869
13861.00 0.55531400 1.6146E-30            3.8424E-30 1.8768E-07 2.7758E-08 2.8265E-07 1.3205E-07 4.7033E-07 1.47E-06 5.85E-06   0.588 0.6000 7.3065E-06   1268.311
13871.00 0.48278162 1.2794E-30            3.1916E-30 1.3938E-07 2.3964E-08 2.1054E-07 1.0136E-07 3.4992E-07 1.13E-06 5.64E-06   0.728 0.6000 7.0523E-06   1245.628
13881.00 0.42036623 1.0197E-30            2.6496E-30 1.1305E-07 2.2348E-08 1.6944E-07 8.3369E-08 2.8249E-07 9.26E-07 5.83E-06   0.867 0.6000 7.3060E-06   1229.928
13891.00 0.44024998 1.0182E-30            2.6447E-30 1.1459E-07 2.2952E-08 1.7506E-07 8.7229E-08 2.8965E-07 9.69E-07 5.78E-06   0.820 0.6000 7.2275E-06   1232.549
13901.00 0.42992830 9.5562E-31            2.4638E-30 1.1363E-07 2.2107E-08 1.6923E-07 8.3269E-08 2.8287E-07 9.25E-07 5.65E-06   0.844 0.6000 7.0741E-06   1231.472
13911.00 0.39996853 8.9259E-31            2.1925E-30 1.0589E-07 2.1014E-08 1.5465E-07 7.5949E-08 2.6053E-07 8.43E-07 5.61E-06   0.916 0.6000 7.0323E-06   1225.987
13921.00 0.46038064 1.0070E-30            2.4039E-30 1.3212E-07 2.3620E-08 1.9691E-07 9.4996E-08 3.2902E-07 1.05E-06 5.69E-06   0.776 0.6000 7.1195E-06   1244.496
13931.00 0.43717381 9.0423E-31            2.1814E-30 1.1692E-07 2.3204E-08 1.7661E-07 8.7795E-08 2.9354E-07 9.75E-07 5.80E-06   0.827 0.6000 7.2560E-06   1236.457
13941.00 0.44537631 8.2529E-31            2.1179E-30 1.2039E-07 2.3996E-08 1.8142E-07 9.0001E-08 3.0181E-07 9.99E-07 5.90E-06   0.809 0.6000 7.3884E-06   1239.305
13951.00 0.51083165 9.5385E-31            2.3165E-30 1.5088E-07 2.5511E-08 2.2599E-07 1.0742E-07 3.7687E-07 1.19E-06 5.67E-06   0.672 0.6000 7.0864E-06   1257.279
13961.00 0.56936836 1.0678E-30            2.4668E-30 2.0302E-07 2.8687E-08 2.9764E-07 1.3636E-07 5.0066E-07 1.51E-06 5.82E-06   0.563 0.6000 7.2741E-06   1280.795
13971.00 0.57996470 1.0490E-30            2.3981E-30 2.1490E-07 2.9306E-08 3.1264E-07 1.4229E-07 5.2754E-07 1.58E-06 5.84E-06   0.545 0.6000 7.3034E-06   1285.823
13981.00 0.57537097 9.9194E-31            2.2711E-30 2.0451E-07 2.8311E-08 2.9796E-07 1.3575E-07 5.0248E-07 1.51E-06 5.68E-06   0.553 0.6000 7.1012E-06   1282.574
13991.00 0.58411866 9.6971E-31            2.1997E-30 2.1639E-07 2.8955E-08 3.1263E-07 1.4151E-07 5.2901E-07 1.57E-06 5.72E-06   0.538 0.6000 7.1508E-06   1287.541
14001.00 0.58790326 9.3635E-31            2.1131E-30 2.2729E-07 3.0020E-08 3.2691E-07 1.4751E-07 5.5420E-07 1.64E-06 5.88E-06   0.531 0.6000 7.3618E-06   1292.128
14011.00 0.59103251 9.0259E-31            2.0272E-30 2.3079E-07 3.0060E-08 3.3017E-07 1.4851E-07 5.6096E-07 1.65E-06 5.85E-06   0.526 0.6000 7.3230E-06   1293.880
14021.00 0.58703887 8.5377E-31            1.9217E-30 2.2069E-07 2.9244E-08 3.1663E-07 1.4267E-07 5.3732E-07 1.58E-06 5.72E-06   0.533 0.6000 7.1568E-06   1291.058
14031.00 0.59249991 8.2790E-31            1.8508E-30 2.3182E-07 2.9996E-08 3.2996E-07 1.4798E-07 5.6178E-07 1.64E-06 5.81E-06   0.523 0.6000 7.2644E-06   1295.492
14041.00 0.59081781 7.8820E-31            1.7614E-30 2.3019E-07 2.9922E-08 3.2748E-07 1.4697E-07 5.5767E-07 1.63E-06 5.80E-06   0.526 0.6000 7.2526E-06   1295.627
14051.00 0.59223306 7.5625E-31            1.6848E-30 2.3225E-07 3.0000E-08 3.2931E-07 1.4748E-07 5.6157E-07 1.64E-06 5.79E-06   0.524 0.6000 7.2437E-06   1296.951
14061.00 0.58874023 7.1658E-31            1.5985E-30 2.2875E-07 2.9947E-08 3.2486E-07 1.4564E-07 5.5360E-07 1.62E-06 5.80E-06   0.530 0.6000 7.2598E-06   1296.509
14071.00 0.58707643 6.8213E-31            1.5210E-30 2.3121E-07 3.0408E-08 3.2811E-07 1.4708E-07 5.5931E-07 1.63E-06 5.90E-06   0.533 0.6000 7.3793E-06   1298.107
14081.00 0.58541209 6.4917E-31            1.4474E-30 2.2961E-07 3.0412E-08 3.2598E-07 1.4617E-07 5.5559E-07 1.62E-06 5.90E-06   0.535 0.6000 7.3891E-06   1298.296
14091.00 0.58723110 6.2343E-31            1.3855E-30 2.3035E-07 3.0243E-08 3.2564E-07 1.4579E-07 5.5599E-07 1.62E-06 5.84E-06   0.532 0.6000 7.3099E-06   1299.101
14101.00 0.58457547 5.9257E-31            1.3164E-30 2.2595E-07 2.9813E-08 3.1881E-07 1.4267E-07 5.4476E-07 1.58E-06 5.77E-06   0.537 0.6000 7.2252E-06   1298.149
14111.00 0.58893949 5.7271E-31            1.2653E-30 2.3074E-07 2.9937E-08 3.2390E-07 1.4445E-07 5.5464E-07 1.60E-06 5.75E-06   0.529 0.6000 7.1951E-06   1300.387
14121.00 0.57779145 5.3203E-31            1.1850E-30 2.2410E-07 3.0313E-08 3.1701E-07 1.4229E-07 5.4111E-07 1.58E-06 5.91E-06   0.549 0.6000 7.4015E-06   1299.077
14131.00 0.58097923 5.1255E-31            1.1368E-30 2.2729E-07 3.0407E-08 3.2042E-07 1.4337E-07 5.4771E-07 1.59E-06 5.89E-06   0.543 0.6000 7.3775E-06   1300.828
14141.00 0.58469939 4.9495E-31            1.0919E-30 2.2459E-07 2.9566E-08 3.1484E-07 1.4043E-07 5.3943E-07 1.56E-06 5.68E-06   0.537 0.6000 7.1188E-06   1300.306
14151.00 0.57472926 4.6087E-31            1.0242E-30 2.1928E-07 2.9905E-08 3.0928E-07 1.3887E-07 5.2856E-07 1.54E-06 5.82E-06   0.554 0.6000 7.2975E-06   1299.358
14161.00 0.57552660 4.4136E-31            9.7878E-31 2.2012E-07 2.9944E-08 3.1008E-07 1.3914E-07 5.3020E-07 1.55E-06 5.82E-06   0.552 0.6000 7.2867E-06   1300.359
14171.00 0.57022476 4.1688E-31            9.2565E-31 2.1650E-07 2.9737E-08 3.0430E-07 1.3659E-07 5.2080E-07 1.52E-06 5.81E-06   0.562 0.6000 7.2819E-06   1299.617
14181.00 0.56709474 3.9505E-31            8.7792E-31 2.1681E-07 3.0054E-08 3.0456E-07 1.3677E-07 5.2137E-07 1.52E-06 5.89E-06   0.567 0.6000 7.3827E-06   1300.448
14191.00 0.58206725 3.9256E-31            8.6021E-31 2.3263E-07 3.0723E-08 3.2340E-07 1.4378E-07 5.5603E-07 1.60E-06 5.88E-06   0.541 0.6000 7.3659E-06   1306.550
14201.00 0.55750364 3.5315E-31            7.8649E-31 2.0820E-07 2.9280E-08 2.9127E-07 1.3105E-07 4.9947E-07 1.46E-06 5.80E-06   0.584 0.6000 7.2675E-06   1298.382
14211.00 0.58259857 3.5979E-31            7.8376E-31 2.3420E-07 3.0430E-08 3.2238E-07 1.4272E-07 5.5659E-07 1.58E-06 5.79E-06   0.540 0.6000 7.2579E-06   1308.121
14221.00 0.56690317 3.3087E-31            7.2873E-31 2.1782E-07 2.9762E-08 3.0234E-07 1.3511E-07 5.2015E-07 1.50E-06 5.79E-06   0.568 0.6000 7.2581E-06   1303.222
14231.00 0.54736578 2.9984E-31            6.7058E-31 1.9548E-07 2.8454E-08 2.7403E-07 1.2395E-07 4.6951E-07 1.38E-06 5.69E-06   0.603 0.6000 7.1422E-06   1295.512
14241.00 0.55956626 2.9573E-31            6.5455E-31 2.0713E-07 2.9237E-08 2.8935E-07 1.2998E-07 4.9648E-07 1.44E-06 5.73E-06   0.581 0.6000 7.1894E-06   1300.845
14251.00 0.55077541 2.7639E-31            6.1451E-31 1.9689E-07 2.8279E-08 2.7445E-07 1.2354E-07 4.7134E-07 1.37E-06 5.60E-06   0.596 0.6000 7.0286E-06   1297.306
14261.00 0.56120330 2.7162E-31            5.9773E-31 2.0996E-07 2.9468E-08 2.9147E-07 1.3030E-07 5.0143E-07 1.45E-06 5.75E-06   0.578 0.6000 7.2140E-06   1303.145
14271.00 0.54316258 2.4782E-31            5.5208E-31 1.9243E-07 2.8506E-08 2.6893E-07 1.2132E-07 4.6136E-07 1.35E-06 5.71E-06   0.610 0.6000 7.1715E-06   1297.024
14281.00 0.55829877 2.4704E-31            5.4162E-31 2.1060E-07 2.9308E-08 2.8993E-07 1.2923E-07 5.0054E-07 1.44E-06 5.72E-06   0.583 0.6000 7.1755E-06   1304.476
 -9999.
