T F 2    2    2    0    2    2    2    2    2    2    1    0    0   0.0000.00000
    1    1    1    0    0    0  50.00000   0.00000   0.00000   0.00000   0.00000
 -99.000 -99.000 -99.000
 -99.00000 -99.00000 -99.00000  2.922360  0.000710 ! H2O & O3 COLUMNS [GM/CM2]
   36MID-LATITUDE SUMMER 
   5.00000   5.00000  90.08031  20.00091   0.17973   0.00000    1        0.00000
    0    0  172    0
   0.00000   0.00000   0.00000  20.00337   0.00000 180.00000   0.00000   0.00000
    9091.0   14286.0      10.0      10.0NW              
    0   0    0.000  0    0.000  0    1.000
    FREQ  TOT_TRANS  PTH_THRML  THRML_SCT  SURF_EMIS   SOL_SCAT  SING_SCAT  GRND_RFLT  DRCT_RFLT  TOTAL_RAD  REF_SOL  SOL@OBS   DEPTH DIR_EM    TOA_SUN BBODY_T[K]
 9091.00 0.79713118 1.0030E-22 0.0000E+00 0.0000E+00 2.8970E-08 2.8970E-08 0.0000E+00 0.0000E+00 2.8970E-08 5.38E-06 6.67E-06   0.227 1.0000 6.9214E-06    758.443
 9101.00 0.82542503 8.2201E-23 0.0000E+00 0.0000E+00 2.9008E-08 2.9008E-08 0.0000E+00 0.0000E+00 2.9008E-08 5.44E-06 6.56E-06   0.192 1.0000 6.7529E-06    759.189
 9111.00 0.85831332 6.3688E-23 0.0000E+00 0.0000E+00 2.9877E-08 2.9877E-08 0.0000E+00 0.0000E+00 2.9877E-08 5.69E-06 6.61E-06   0.153 1.0000 6.7702E-06    761.181
 9121.00 0.85649323 6.0663E-23 0.0000E+00 0.0000E+00 2.9857E-08 2.9857E-08 0.0000E+00 0.0000E+00 2.9857E-08 5.67E-06 6.59E-06   0.155 1.0000 6.7570E-06    761.841
 9131.00 0.84983611 6.0764E-23 0.0000E+00 0.0000E+00 2.9625E-08 2.9625E-08 0.0000E+00 0.0000E+00 2.9625E-08 5.59E-06 6.55E-06   0.163 1.0000 6.7175E-06    762.185
 9141.00 0.88536215 4.4187E-23 0.0000E+00 0.0000E+00 2.9237E-08 2.9237E-08 0.0000E+00 0.0000E+00 2.9237E-08 5.60E-06 6.31E-06   0.122 1.0000 6.4440E-06    762.293
 9151.00 0.85015136 5.4723E-23 0.0000E+00 0.0000E+00 3.0382E-08 3.0382E-08 0.0000E+00 0.0000E+00 3.0382E-08 5.71E-06 6.67E-06   0.162 1.0000 6.8615E-06    764.683
 9161.00 0.91374040 3.0000E-23 0.0000E+00 0.0000E+00 3.2258E-08 3.2258E-08 0.0000E+00 0.0000E+00 3.2258E-08 6.24E-06 6.82E-06   0.090 1.0000 6.9345E-06    768.046
 9171.00 0.87310243 4.1851E-23 0.0000E+00 0.0000E+00 3.1670E-08 3.1670E-08 0.0000E+00 0.0000E+00 3.1670E-08 5.99E-06 6.83E-06   0.136 1.0000 6.9883E-06    767.914
 9181.00 0.89158738 3.4064E-23 0.0000E+00 0.0000E+00 3.1683E-08 3.1683E-08 0.0000E+00 0.0000E+00 3.1683E-08 6.02E-06 6.74E-06   0.115 1.0000 6.8738E-06    768.623
 9191.00 0.91119754 2.6472E-23 0.0000E+00 0.0000E+00 3.2121E-08 3.2121E-08 0.0000E+00 0.0000E+00 3.2121E-08 6.14E-06 6.74E-06   0.093 1.0000 6.8531E-06    769.929
 9201.00 0.88570321 3.2292E-23 0.0000E+00 0.0000E+00 3.1271E-08 3.1271E-08 0.0000E+00 0.0000E+00 3.1271E-08 5.89E-06 6.63E-06   0.121 1.0000 6.7792E-06    769.420
 9211.00 0.88786960 3.0380E-23 0.0000E+00 0.0000E+00 3.2560E-08 3.2560E-08 0.0000E+00 0.0000E+00 3.2560E-08 6.13E-06 6.88E-06   0.119 1.0000 7.0277E-06    771.923
 9221.00 0.90213525 2.5028E-23 0.0000E+00 0.0000E+00 3.2740E-08 3.2740E-08 0.0000E+00 0.0000E+00 3.2740E-08 6.18E-06 6.84E-06   0.103 1.0000 6.9689E-06    772.862
 9231.00 0.89966220 2.4538E-23 0.0000E+00 0.0000E+00 3.1928E-08 3.1928E-08 0.0000E+00 0.0000E+00 3.1928E-08 6.00E-06 6.67E-06   0.106 1.0000 6.7955E-06    772.423
 9241.00 0.91502261 1.9634E-23 0.0000E+00 0.0000E+00 3.2328E-08 3.2328E-08 0.0000E+00 0.0000E+00 3.2328E-08 6.11E-06 6.67E-06   0.089 1.0000 6.7842E-06    773.674
 9251.00 0.90184575 2.1607E-23 0.0000E+00 0.0000E+00 3.2680E-08 3.2680E-08 0.0000E+00 0.0000E+00 3.2680E-08 6.12E-06 6.77E-06   0.103 1.0000 6.9007E-06    774.853
 9261.00 0.90849096 1.9214E-23 0.0000E+00 0.0000E+00 3.3359E-08 3.3359E-08 0.0000E+00 0.0000E+00 3.3359E-08 6.25E-06 6.87E-06   0.096 1.0000 6.9947E-06    776.474
 9271.00 0.91941661 1.6023E-23 0.0000E+00 0.0000E+00 3.3138E-08 3.3138E-08 0.0000E+00 0.0000E+00 3.3138E-08 6.22E-06 6.76E-06   0.084 1.0000 6.8762E-06    776.865
 9281.00 0.89946663 1.9032E-23 0.0000E+00 0.0000E+00 3.3534E-08 3.3534E-08 0.0000E+00 0.0000E+00 3.3534E-08 6.21E-06 6.90E-06   0.106 1.0000 7.0330E-06    778.095
 9291.00 0.92004925 1.4387E-23 0.0000E+00 0.0000E+00 3.4000E-08 3.4000E-08 0.0000E+00 0.0000E+00 3.4000E-08 6.35E-06 6.90E-06   0.083 1.0000 7.0135E-06    779.414
 9301.00 0.91032326 1.5302E-23 0.0000E+00 0.0000E+00 3.3144E-08 3.3144E-08 0.0000E+00 0.0000E+00 3.3144E-08 6.14E-06 6.74E-06   0.094 1.0000 6.8637E-06    778.948
 9311.00 0.91411322 1.3990E-23 0.0000E+00 0.0000E+00 3.3907E-08 3.3907E-08 0.0000E+00 0.0000E+00 3.3907E-08 6.27E-06 6.86E-06   0.090 1.0000 6.9849E-06    780.673
 9321.00 0.91147721 1.3666E-23 0.0000E+00 0.0000E+00 3.3458E-08 3.3458E-08 0.0000E+00 0.0000E+00 3.3458E-08 6.16E-06 6.76E-06   0.093 1.0000 6.8861E-06    780.758
 9331.00 0.91115707 1.3060E-23 0.0000E+00 0.0000E+00 3.4138E-08 3.4138E-08 0.0000E+00 0.0000E+00 3.4138E-08 6.27E-06 6.88E-06   0.093 1.0000 7.0103E-06    782.366
 9341.00 0.90930700 1.2655E-23 0.0000E+00 0.0000E+00 3.4028E-08 3.4028E-08 0.0000E+00 0.0000E+00 3.4028E-08 6.22E-06 6.84E-06   0.095 1.0000 6.9794E-06    782.911
 9351.00 0.90388888 1.2762E-23 0.0000E+00 0.0000E+00 3.2656E-08 3.2656E-08 0.0000E+00 0.0000E+00 3.2656E-08 5.94E-06 6.57E-06   0.101 1.0000 6.7060E-06    781.728
 9361.00 0.90329695 1.2199E-23 0.0000E+00 0.0000E+00 3.3720E-08 3.3720E-08 0.0000E+00 0.0000E+00 3.3720E-08 6.11E-06 6.77E-06   0.102 1.0000 6.9146E-06    783.879
 9371.00 0.90125126 1.1849E-23 0.0000E+00 0.0000E+00 3.4213E-08 3.4213E-08 0.0000E+00 0.0000E+00 3.4213E-08 6.18E-06 6.85E-06   0.104 1.0000 7.0062E-06    785.232
 9381.00 0.90172392 1.1208E-23 0.0000E+00 0.0000E+00 3.4151E-08 3.4151E-08 0.0000E+00 0.0000E+00 3.4151E-08 6.15E-06 6.82E-06   0.103 1.0000 6.9727E-06    785.841
 9391.00 0.90083700 1.0753E-23 0.0000E+00 0.0000E+00 3.4816E-08 3.4816E-08 0.0000E+00 0.0000E+00 3.4816E-08 6.25E-06 6.94E-06   0.104 1.0000 7.0927E-06    787.417
 9401.00 0.90336084 9.9614E-24 0.0000E+00 0.0000E+00 3.4715E-08 3.4715E-08 0.0000E+00 0.0000E+00 3.4715E-08 6.22E-06 6.89E-06   0.102 1.0000 7.0394E-06    787.975
 9411.00 0.90409136 9.3983E-24 0.0000E+00 0.0000E+00 3.4755E-08 3.4755E-08 0.0000E+00 0.0000E+00 3.4755E-08 6.22E-06 6.87E-06   0.101 1.0000 7.0221E-06    788.719
 9421.00 0.90632695 8.7256E-24 0.0000E+00 0.0000E+00 3.4824E-08 3.4824E-08 0.0000E+00 0.0000E+00 3.4824E-08 6.22E-06 6.86E-06   0.098 1.0000 7.0055E-06    789.503
 9431.00 0.90740150 8.1993E-24 0.0000E+00 0.0000E+00 3.4761E-08 3.4761E-08 0.0000E+00 0.0000E+00 3.4761E-08 6.19E-06 6.83E-06   0.097 1.0000 6.9676E-06    790.111
 9441.00 0.90852982 7.6993E-24 0.0000E+00 0.0000E+00 3.4788E-08 3.4788E-08 0.0000E+00 0.0000E+00 3.4788E-08 6.19E-06 6.81E-06   0.096 1.0000 6.9484E-06    790.838
 9451.00 0.91042030 7.1684E-24 0.0000E+00 0.0000E+00 3.5064E-08 3.5064E-08 0.0000E+00 0.0000E+00 3.5064E-08 6.23E-06 6.84E-06   0.094 1.0000 6.9764E-06    791.893
 9461.00 0.91264921 6.6447E-24 0.0000E+00 0.0000E+00 3.5769E-08 3.5769E-08 0.0000E+00 0.0000E+00 3.5769E-08 6.35E-06 6.95E-06   0.091 1.0000 7.0891E-06    793.505
 9471.00 0.91461343 6.1742E-24 0.0000E+00 0.0000E+00 3.5909E-08 3.5909E-08 0.0000E+00 0.0000E+00 3.5909E-08 6.36E-06 6.96E-06   0.089 1.0000 7.0904E-06    794.377
 9481.00 0.91633707 5.7504E-24 0.0000E+00 0.0000E+00 3.6006E-08 3.6006E-08 0.0000E+00 0.0000E+00 3.6006E-08 6.37E-06 6.96E-06   0.087 1.0000 7.0848E-06    795.194
 9491.00 0.91767395 5.3787E-24 0.0000E+00 0.0000E+00 3.5825E-08 3.5825E-08 0.0000E+00 0.0000E+00 3.5825E-08 6.33E-06 6.90E-06   0.086 1.0000 7.0271E-06    795.653
 9501.00 0.91855884 5.0576E-24 0.0000E+00 0.0000E+00 3.6126E-08 3.6126E-08 0.0000E+00 0.0000E+00 3.6126E-08 6.38E-06 6.94E-06   0.085 1.0000 7.0663E-06    796.733
 9511.00 0.91947627 4.7539E-24 0.0000E+00 0.0000E+00 3.6264E-08 3.6264E-08 0.0000E+00 0.0000E+00 3.6264E-08 6.39E-06 6.95E-06   0.084 1.0000 7.0729E-06    797.601
 9521.00 0.92007732 4.4845E-24 0.0000E+00 0.0000E+00 3.6334E-08 3.6334E-08 0.0000E+00 0.0000E+00 3.6334E-08 6.39E-06 6.95E-06   0.083 1.0000 7.0689E-06    798.384
 9531.00 0.92037201 4.2478E-24 0.0000E+00 0.0000E+00 3.6496E-08 3.6496E-08 0.0000E+00 0.0000E+00 3.6496E-08 6.41E-06 6.96E-06   0.083 1.0000 7.0837E-06    799.282
 9541.00 0.92150140 3.9801E-24 0.0000E+00 0.0000E+00 3.6618E-08 3.6618E-08 0.0000E+00 0.0000E+00 3.6618E-08 6.42E-06 6.96E-06   0.082 1.0000 7.0847E-06    800.131
 9551.00 0.92179382 3.7693E-24 0.0000E+00 0.0000E+00 3.6362E-08 3.6362E-08 0.0000E+00 0.0000E+00 3.6362E-08 6.36E-06 6.90E-06   0.081 1.0000 7.0183E-06    800.495
 9561.00 0.92202693 3.5721E-24 0.0000E+00 0.0000E+00 3.6060E-08 3.6060E-08 0.0000E+00 0.0000E+00 3.6060E-08 6.29E-06 6.83E-06   0.081 1.0000 6.9440E-06    800.798
 9571.00 0.92214155 3.3906E-24 0.0000E+00 0.0000E+00 3.6815E-08 3.6815E-08 0.0000E+00 0.0000E+00 3.6815E-08 6.41E-06 6.95E-06   0.081 1.0000 7.0733E-06    802.456
 9581.00 0.92235082 3.2142E-24 0.0000E+00 0.0000E+00 3.6951E-08 3.6951E-08 0.0000E+00 0.0000E+00 3.6951E-08 6.42E-06 6.96E-06   0.081 1.0000 7.0833E-06    803.321
 9591.00 0.92227840 3.0581E-24 0.0000E+00 0.0000E+00 3.6782E-08 3.6782E-08 0.0000E+00 0.0000E+00 3.6782E-08 6.38E-06 6.92E-06   0.081 1.0000 7.0362E-06    803.798
 9601.00 0.92209917 2.9135E-24 0.0000E+00 0.0000E+00 3.7193E-08 3.7193E-08 0.0000E+00 0.0000E+00 3.7193E-08 6.44E-06 6.98E-06   0.081 1.0000 7.1006E-06    805.011
 9611.00 0.92222339 2.7652E-24 0.0000E+00 0.0000E+00 3.7055E-08 3.7055E-08 0.0000E+00 0.0000E+00 3.7055E-08 6.40E-06 6.94E-06   0.081 1.0000 7.0589E-06    805.528
 9621.00 0.92215693 2.6305E-24 0.0000E+00 0.0000E+00 3.7107E-08 3.7107E-08 0.0000E+00 0.0000E+00 3.7107E-08 6.40E-06 6.94E-06   0.081 1.0000 7.0542E-06    806.286
 9631.00 0.92213953 2.5010E-24 0.0000E+00 0.0000E+00 3.7162E-08 3.7162E-08 0.0000E+00 0.0000E+00 3.7162E-08 6.39E-06 6.93E-06   0.081 1.0000 7.0494E-06    807.046
 9641.00 0.92187142 2.3856E-24 0.0000E+00 0.0000E+00 3.6990E-08 3.6990E-08 0.0000E+00 0.0000E+00 3.6990E-08 6.35E-06 6.89E-06   0.081 1.0000 7.0036E-06    807.520
 9651.00 0.92187810 2.2673E-24 0.0000E+00 0.0000E+00 3.7634E-08 3.7634E-08 0.0000E+00 0.0000E+00 3.7634E-08 6.44E-06 6.99E-06   0.081 1.0000 7.1097E-06    809.024
 9661.00 0.92222291 2.1457E-24 0.0000E+00 0.0000E+00 3.7278E-08 3.7278E-08 0.0000E+00 0.0000E+00 3.7278E-08 6.37E-06 6.91E-06   0.081 1.0000 7.0258E-06    809.267
 9671.00 0.92180264 2.0503E-24 0.0000E+00 0.0000E+00 3.7356E-08 3.7356E-08 0.0000E+00 0.0000E+00 3.7356E-08 6.37E-06 6.91E-06   0.081 1.0000 7.0276E-06    810.057
 9681.00 0.92176026 1.9504E-24 0.0000E+00 0.0000E+00 3.7329E-08 3.7329E-08 0.0000E+00 0.0000E+00 3.7329E-08 6.35E-06 6.89E-06   0.081 1.0000 7.0080E-06    810.715
 9691.00 0.92119890 1.8665E-24 0.0000E+00 0.0000E+00 3.7927E-08 3.7927E-08 0.0000E+00 0.0000E+00 3.7927E-08 6.44E-06 6.99E-06   0.082 1.0000 7.1079E-06    812.157
 9701.00 0.92080146 1.7837E-24 0.0000E+00 0.0000E+00 3.7944E-08 3.7944E-08 0.0000E+00 0.0000E+00 3.7944E-08 6.43E-06 6.98E-06   0.083 1.0000 7.0980E-06    812.869
 9711.00 0.92084581 1.6942E-24 0.0000E+00 0.0000E+00 3.7942E-08 3.7942E-08 0.0000E+00 0.0000E+00 3.7942E-08 6.41E-06 6.96E-06   0.082 1.0000 7.0827E-06    813.558
 9721.00 0.91887563 1.6506E-24 0.0000E+00 0.0000E+00 3.8004E-08 3.8004E-08 0.0000E+00 0.0000E+00 3.8004E-08 6.40E-06 6.97E-06   0.085 1.0000 7.0883E-06    814.328
 9731.00 0.91674656 1.6095E-24 0.0000E+00 0.0000E+00 3.8244E-08 3.8244E-08 0.0000E+00 0.0000E+00 3.8244E-08 6.42E-06 7.00E-06   0.087 1.0000 7.1280E-06    815.318
 9741.00 0.91911763 1.4869E-24 0.0000E+00 0.0000E+00 3.8312E-08 3.8312E-08 0.0000E+00 0.0000E+00 3.8312E-08 6.43E-06 6.99E-06   0.084 1.0000 7.1148E-06    816.094
 9751.00 0.91870022 1.4208E-24 0.0000E+00 0.0000E+00 3.8440E-08 3.8440E-08 0.0000E+00 0.0000E+00 3.8440E-08 6.43E-06 7.00E-06   0.085 1.0000 7.1256E-06    816.944
 9761.00 0.91650474 1.3846E-24 0.0000E+00 0.0000E+00 3.8392E-08 3.8392E-08 0.0000E+00 0.0000E+00 3.8392E-08 6.40E-06 6.99E-06   0.087 1.0000 7.1121E-06    817.575
 9771.00 0.91182774 1.3930E-24 0.0000E+00 0.0000E+00 3.8420E-08 3.8420E-08 0.0000E+00 0.0000E+00 3.8420E-08 6.38E-06 7.00E-06   0.092 1.0000 7.1242E-06    818.301
 9781.00 0.91771084 1.2347E-24 0.0000E+00 0.0000E+00 3.8218E-08 3.8218E-08 0.0000E+00 0.0000E+00 3.8218E-08 6.35E-06 6.92E-06   0.086 1.0000 7.0450E-06    818.741
 9791.00 0.91774362 1.1734E-24 0.0000E+00 0.0000E+00 3.8265E-08 3.8265E-08 0.0000E+00 0.0000E+00 3.8265E-08 6.35E-06 6.92E-06   0.086 1.0000 7.0386E-06    819.490
 9801.00 0.91784042 1.1131E-24 0.0000E+00 0.0000E+00 3.8437E-08 3.8437E-08 0.0000E+00 0.0000E+00 3.8437E-08 6.36E-06 6.93E-06   0.086 1.0000 7.0554E-06    820.396
 9811.00 0.91243696 1.1286E-24 0.0000E+00 0.0000E+00 3.7966E-08 3.7966E-08 0.0000E+00 0.0000E+00 3.7966E-08 6.25E-06 6.85E-06   0.092 1.0000 6.9787E-06    820.498
 9821.00 0.91921407 9.8903E-25 0.0000E+00 0.0000E+00 3.8672E-08 3.8672E-08 0.0000E+00 0.0000E+00 3.8672E-08 6.38E-06 6.94E-06   0.084 1.0000 7.0623E-06    822.068
 9831.00 0.91679293 9.6849E-25 0.0000E+00 0.0000E+00 3.8770E-08 3.8770E-08 0.0000E+00 0.0000E+00 3.8770E-08 6.37E-06 6.95E-06   0.087 1.0000 7.0767E-06    822.881
 9841.00 0.91798764 9.0702E-25 0.0000E+00 0.0000E+00 3.8763E-08 3.8763E-08 0.0000E+00 0.0000E+00 3.8763E-08 6.36E-06 6.93E-06   0.086 1.0000 7.0554E-06    823.563
 9851.00 0.91538191 8.8964E-25 0.0000E+00 0.0000E+00 3.8756E-08 3.8756E-08 0.0000E+00 0.0000E+00 3.8756E-08 6.34E-06 6.93E-06   0.088 1.0000 7.0514E-06    824.245
 9861.00 0.91692537 8.3074E-25 0.0000E+00 0.0000E+00 3.9163E-08 3.9163E-08 0.0000E+00 0.0000E+00 3.9163E-08 6.40E-06 6.98E-06   0.087 1.0000 7.1034E-06    825.438
 9871.00 0.91717845 7.8653E-25 0.0000E+00 0.0000E+00 3.9289E-08 3.9289E-08 0.0000E+00 0.0000E+00 3.9289E-08 6.41E-06 6.98E-06   0.086 1.0000 7.1106E-06    826.283
 9881.00 0.91303259 7.8521E-25 0.0000E+00 0.0000E+00 3.9273E-08 3.9273E-08 0.0000E+00 0.0000E+00 3.9273E-08 6.38E-06 6.98E-06   0.091 1.0000 7.1125E-06    826.954
 9891.00 0.91611362 7.1962E-25 0.0000E+00 0.0000E+00 3.9447E-08 3.9447E-08 0.0000E+00 0.0000E+00 3.9447E-08 6.40E-06 6.99E-06   0.088 1.0000 7.1147E-06    827.857
 9901.00 0.90690374 7.5836E-25 0.0000E+00 0.0000E+00 3.9369E-08 3.9369E-08 0.0000E+00 0.0000E+00 3.9369E-08 6.34E-06 6.99E-06   0.098 1.0000 7.1297E-06    828.453
 9911.00 0.90596831 7.2983E-25 0.0000E+00 0.0000E+00 3.9316E-08 3.9316E-08 0.0000E+00 0.0000E+00 3.9316E-08 6.32E-06 6.97E-06   0.099 1.0000 7.1100E-06    829.079
 9921.00 0.91194886 6.4888E-25 0.0000E+00 0.0000E+00 3.9592E-08 3.9592E-08 0.0000E+00 0.0000E+00 3.9592E-08 6.37E-06 6.99E-06   0.092 1.0000 7.1166E-06    830.108
 9931.00 0.91538185 5.9257E-25 0.0000E+00 0.0000E+00 3.9532E-08 3.9532E-08 0.0000E+00 0.0000E+00 3.9532E-08 6.36E-06 6.95E-06   0.088 1.0000 7.0750E-06    830.724
 9941.00 0.91364157 5.7460E-25 0.0000E+00 0.0000E+00 3.8255E-08 3.8255E-08 0.0000E+00 0.0000E+00 3.8255E-08 6.14E-06 6.72E-06   0.090 1.0000 6.8405E-06    829.832
 9951.00 0.91364008 5.4627E-25 0.0000E+00 0.0000E+00 3.7528E-08 3.7528E-08 0.0000E+00 0.0000E+00 3.7528E-08 6.01E-06 6.57E-06   0.090 1.0000 6.6965E-06    829.597
 9961.00 0.91154522 5.3221E-25 0.0000E+00 0.0000E+00 3.9373E-08 3.9373E-08 0.0000E+00 0.0000E+00 3.9373E-08 6.28E-06 6.89E-06   0.093 1.0000 7.0208E-06    832.601
 9971.00 0.91193736 5.0244E-25 0.0000E+00 0.0000E+00 3.9848E-08 3.9848E-08 0.0000E+00 0.0000E+00 3.9848E-08 6.35E-06 6.96E-06   0.092 1.0000 7.0893E-06    833.871
 9981.00 0.90042174 5.4132E-25 0.0000E+00 0.0000E+00 3.9933E-08 3.9933E-08 0.0000E+00 0.0000E+00 3.9933E-08 6.31E-06 7.00E-06   0.105 1.0000 7.1451E-06    834.665
 9991.00 0.91470683 4.4033E-25 0.0000E+00 0.0000E+00 4.0364E-08 4.0364E-08 0.0000E+00 0.0000E+00 4.0364E-08 6.41E-06 7.01E-06   0.089 1.0000 7.1388E-06    835.877
10001.00 0.91114235 4.3588E-25 0.0000E+00 0.0000E+00 4.0150E-08 4.0150E-08 0.0000E+00 0.0000E+00 4.0150E-08 6.35E-06 6.97E-06   0.093 1.0000 7.1031E-06    836.310
10011.00 0.91305834 4.0553E-25 0.0000E+00 0.0000E+00 4.0351E-08 4.0351E-08 0.0000E+00 0.0000E+00 4.0351E-08 6.38E-06 6.98E-06   0.091 1.0000 7.1150E-06    837.242
10021.00 0.91352612 3.8329E-25 0.0000E+00 0.0000E+00 4.0535E-08 4.0535E-08 0.0000E+00 0.0000E+00 4.0535E-08 6.39E-06 7.00E-06   0.090 1.0000 7.1310E-06    838.155
10031.00 0.91406369 3.6199E-25 0.0000E+00 0.0000E+00 4.0637E-08 4.0637E-08 0.0000E+00 0.0000E+00 4.0637E-08 6.40E-06 7.00E-06   0.090 1.0000 7.1318E-06    838.968
10041.00 0.91341400 3.4655E-25 0.0000E+00 0.0000E+00 4.0614E-08 4.0614E-08 0.0000E+00 0.0000E+00 4.0614E-08 6.38E-06 6.98E-06   0.091 1.0000 7.1164E-06    839.630
10051.00 0.91435701 3.2584E-25 0.0000E+00 0.0000E+00 4.0735E-08 4.0735E-08 0.0000E+00 0.0000E+00 4.0735E-08 6.39E-06 6.99E-06   0.090 1.0000 7.1191E-06    840.466
10061.00 0.91186410 3.1859E-25 0.0000E+00 0.0000E+00 4.0812E-08 4.0812E-08 0.0000E+00 0.0000E+00 4.0812E-08 6.38E-06 7.00E-06   0.092 1.0000 7.1296E-06    841.250
10071.00 0.89888817 3.4748E-25 0.0000E+00 0.0000E+00 4.0504E-08 4.0504E-08 0.0000E+00 0.0000E+00 4.0504E-08 6.27E-06 6.98E-06   0.107 1.0000 7.1221E-06    841.570
10081.00 0.91006714 2.9376E-25 0.0000E+00 0.0000E+00 4.0777E-08 4.0777E-08 0.0000E+00 0.0000E+00 4.0777E-08 6.34E-06 6.97E-06   0.094 1.0000 7.1031E-06    842.588
10091.00 0.90446401 2.9623E-25 0.0000E+00 0.0000E+00 4.0606E-08 4.0606E-08 0.0000E+00 0.0000E+00 4.0606E-08 6.28E-06 6.95E-06   0.100 1.0000 7.0846E-06    843.072
10101.00 0.89370126 3.1385E-25 0.0000E+00 0.0000E+00 4.0138E-08 4.0138E-08 0.0000E+00 0.0000E+00 4.0138E-08 6.16E-06 6.89E-06   0.112 1.0000 7.0367E-06    843.195
10111.00 0.90829158 2.5726E-25 0.0000E+00 0.0000E+00 4.0503E-08 4.0503E-08 0.0000E+00 0.0000E+00 4.0503E-08 6.25E-06 6.88E-06   0.096 1.0000 7.0192E-06    844.328
10121.00 0.89301723 2.8436E-25 0.0000E+00 0.0000E+00 4.0686E-08 4.0686E-08 0.0000E+00 0.0000E+00 4.0686E-08 6.22E-06 6.96E-06   0.113 1.0000 7.1091E-06    845.238
10131.00 0.88658220 2.8787E-25 0.0000E+00 0.0000E+00 4.0404E-08 4.0404E-08 0.0000E+00 0.0000E+00 4.0404E-08 6.14E-06 6.92E-06   0.120 1.0000 7.0756E-06    845.586
10141.00 0.89843810 2.4413E-25 0.0000E+00 0.0000E+00 4.0846E-08 4.0846E-08 0.0000E+00 0.0000E+00 4.0846E-08 6.23E-06 6.94E-06   0.107 1.0000 7.0813E-06    846.811
10151.00 0.85578960 3.2909E-25 0.0000E+00 0.0000E+00 3.9875E-08 3.9875E-08 0.0000E+00 0.0000E+00 3.9875E-08 5.95E-06 6.92E-06   0.156 1.0000 7.1130E-06    846.318
10161.00 0.86830866 2.8666E-25 0.0000E+00 0.0000E+00 4.0200E-08 4.0200E-08 0.0000E+00 0.0000E+00 4.0200E-08 6.02E-06 6.92E-06   0.141 1.0000 7.0884E-06    847.406
10171.00 0.83950704 3.3046E-25 0.0000E+00 0.0000E+00 3.9387E-08 3.9387E-08 0.0000E+00 0.0000E+00 3.9387E-08 5.81E-06 6.88E-06   0.175 1.0000 7.0885E-06    847.092
10181.00 0.83437145 3.2579E-25 0.0000E+00 0.0000E+00 3.9553E-08 3.9553E-08 0.0000E+00 0.0000E+00 3.9553E-08 5.80E-06 6.91E-06   0.181 1.0000 7.1238E-06    847.985
10191.00 0.85256505 2.7519E-25 0.0000E+00 0.0000E+00 4.0242E-08 4.0242E-08 0.0000E+00 0.0000E+00 4.0242E-08 5.94E-06 6.94E-06   0.160 1.0000 7.1342E-06    849.523
10201.00 0.79073042 3.7042E-25 0.0000E+00 0.0000E+00 3.7990E-08 3.7990E-08 0.0000E+00 0.0000E+00 3.7990E-08 5.45E-06 6.77E-06   0.235 1.0000 7.0727E-06    847.385
10211.00 0.77340376 3.8232E-25 0.0000E+00 0.0000E+00 3.7310E-08 3.7310E-08 0.0000E+00 0.0000E+00 3.7310E-08 5.29E-06 6.71E-06   0.257 1.0000 7.0352E-06    847.188
10221.00 0.77910632 3.5356E-25 0.0000E+00 0.0000E+00 3.7644E-08 3.7644E-08 0.0000E+00 0.0000E+00 3.7644E-08 5.34E-06 6.73E-06   0.250 1.0000 7.0526E-06    848.310
10231.00 0.82012600 2.7379E-25 0.0000E+00 0.0000E+00 3.9245E-08 3.9245E-08 0.0000E+00 0.0000E+00 3.9245E-08 5.66E-06 6.84E-06   0.198 1.0000 7.0865E-06    851.042
10241.00 0.72158664 4.0189E-25 0.0000E+00 0.0000E+00 3.5961E-08 3.5961E-08 0.0000E+00 0.0000E+00 3.5961E-08 4.92E-06 6.64E-06   0.326 1.0000 7.0343E-06    847.447
10251.00 0.74202436 3.5522E-25 0.0000E+00 0.0000E+00 3.6972E-08 3.6972E-08 0.0000E+00 0.0000E+00 3.6972E-08 5.12E-06 6.70E-06   0.298 1.0000 7.1175E-06    849.486
10261.00 0.73744667 3.4225E-25 0.0000E+00 0.0000E+00 3.6353E-08 3.6353E-08 0.0000E+00 0.0000E+00 3.6353E-08 5.00E-06 6.60E-06   0.305 1.0000 7.0004E-06    849.347
10271.00 0.73421758 3.3123E-25 0.0000E+00 0.0000E+00 3.6562E-08 3.6562E-08 0.0000E+00 0.0000E+00 3.6562E-08 5.00E-06 6.65E-06   0.309 1.0000 7.0253E-06    850.312
10281.00 0.78365695 2.5566E-25 0.0000E+00 0.0000E+00 3.8578E-08 3.8578E-08 0.0000E+00 0.0000E+00 3.8578E-08 5.41E-06 6.79E-06   0.244 1.0000 7.1074E-06    853.632
10291.00 0.80278242 2.2125E-25 0.0000E+00 0.0000E+00 3.9233E-08 3.9233E-08 0.0000E+00 0.0000E+00 3.9233E-08 5.57E-06 6.81E-06   0.220 1.0000 7.1198E-06    855.149
10301.00 0.80925721 2.0250E-25 0.0000E+00 0.0000E+00 3.9226E-08 3.9226E-08 0.0000E+00 0.0000E+00 3.9226E-08 5.56E-06 6.78E-06   0.212 1.0000 7.0598E-06    855.828
10311.00 0.79972130 2.0346E-25 0.0000E+00 0.0000E+00 3.9388E-08 3.9388E-08 0.0000E+00 0.0000E+00 3.9388E-08 5.53E-06 6.84E-06   0.223 1.0000 7.1065E-06    856.718
10321.00 0.79016566 2.0127E-25 0.0000E+00 0.0000E+00 3.9043E-08 3.9043E-08 0.0000E+00 0.0000E+00 3.9043E-08 5.44E-06 6.80E-06   0.236 1.0000 7.0834E-06    856.970
10331.00 0.79033184 1.9223E-25 0.0000E+00 0.0000E+00 3.8660E-08 3.8660E-08 0.0000E+00 0.0000E+00 3.8660E-08 5.41E-06 6.71E-06   0.235 1.0000 7.0410E-06    857.169
10341.00 0.65700066 2.9644E-25 0.0000E+00 0.0000E+00 3.4640E-08 3.4640E-08 0.0000E+00 0.0000E+00 3.4640E-08 4.48E-06 6.55E-06   0.420 1.0000 7.0807E-06    852.459
10351.00 0.63913780 2.9915E-25 0.0000E+00 0.0000E+00 3.3537E-08 3.3537E-08 0.0000E+00 0.0000E+00 3.3537E-08 4.26E-06 6.41E-06   0.448 1.0000 6.9482E-06    851.562
10361.00 0.64095533 2.8130E-25 0.0000E+00 0.0000E+00 3.4102E-08 3.4102E-08 0.0000E+00 0.0000E+00 3.4102E-08 4.34E-06 6.50E-06   0.445 1.0000 7.0420E-06    853.059
10371.00 0.59485614 3.0231E-25 0.0000E+00 0.0000E+00 3.2302E-08 3.2302E-08 0.0000E+00 0.0000E+00 3.2302E-08 4.03E-06 6.35E-06   0.519 1.0000 7.0259E-06    851.101
10381.00 0.65862775 2.4173E-25 0.0000E+00 0.0000E+00 3.4862E-08 3.4862E-08 0.0000E+00 0.0000E+00 3.4862E-08 4.47E-06 6.53E-06   0.418 1.0000 7.0297E-06    855.501
10391.00 0.54029596 3.1021E-25 0.0000E+00 0.0000E+00 3.0536E-08 3.0536E-08 0.0000E+00 0.0000E+00 3.0536E-08 3.63E-06 6.21E-06   0.616 1.0000 7.0152E-06    849.737
10401.00 0.63091516 2.3573E-25 0.0000E+00 0.0000E+00 3.4380E-08 3.4380E-08 0.0000E+00 0.0000E+00 3.4380E-08 4.33E-06 6.53E-06   0.461 1.0000 7.1156E-06    856.184
10411.00 0.57715040 2.5755E-25 0.0000E+00 0.0000E+00 3.2035E-08 3.2035E-08 0.0000E+00 0.0000E+00 3.2035E-08 3.87E-06 6.32E-06   0.550 1.0000 7.0090E-06    853.416
10421.00 0.46850795 3.0659E-25 0.0000E+00 0.0000E+00 2.8410E-08 2.8410E-08 0.0000E+00 0.0000E+00 2.8410E-08 3.16E-06 6.13E-06   0.758 1.0000 7.1097E-06    848.293
10431.00 0.53689551 2.5494E-25 0.0000E+00 0.0000E+00 3.0988E-08 3.0988E-08 0.0000E+00 0.0000E+00 3.0988E-08 3.66E-06 6.27E-06   0.622 1.0000 7.1282E-06    853.162
10441.00 0.62183428 1.9770E-25 0.0000E+00 0.0000E+00 3.3787E-08 3.3787E-08 0.0000E+00 0.0000E+00 3.3787E-08 4.20E-06 6.40E-06   0.475 1.0000 7.0319E-06    858.058
10451.00 0.47944847 2.5830E-25 0.0000E+00 0.0000E+00 2.8604E-08 2.8604E-08 0.0000E+00 0.0000E+00 2.8604E-08 3.20E-06 6.03E-06   0.735 1.0000 7.0411E-06    850.648
10461.00 0.47352636 2.4804E-25 0.0000E+00 0.0000E+00 2.8395E-08 2.8395E-08 0.0000E+00 0.0000E+00 2.8395E-08 3.15E-06 6.05E-06   0.748 1.0000 7.0152E-06    850.971
10471.00 0.50705481 2.2066E-25 0.0000E+00 0.0000E+00 2.8184E-08 2.8184E-08 0.0000E+00 0.0000E+00 2.8184E-08 3.22E-06 5.78E-06   0.679 1.0000 6.6482E-06    851.288
10481.00 0.53938299 1.9668E-25 0.0000E+00 0.0000E+00 3.0695E-08 3.0695E-08 0.0000E+00 0.0000E+00 3.0695E-08 3.59E-06 6.10E-06   0.617 1.0000 6.9292E-06    856.091
10491.00 0.48688662 2.0698E-25 0.0000E+00 0.0000E+00 2.9269E-08 2.9269E-08 0.0000E+00 0.0000E+00 2.9269E-08 3.27E-06 6.10E-06   0.720 1.0000 7.0576E-06    854.461
10501.00 0.36894295 2.4274E-25 0.0000E+00 0.0000E+00 2.4670E-08 2.4670E-08 0.0000E+00 0.0000E+00 2.4670E-08 2.45E-06 5.70E-06   0.997 1.0000 7.1082E-06    846.942
10511.00 0.60449880 1.4525E-25 0.0000E+00 0.0000E+00 3.4186E-08 3.4186E-08 0.0000E+00 0.0000E+00 3.4186E-08 4.10E-06 6.48E-06   0.503 1.0000 7.0870E-06    863.400
10521.00 0.41082293 2.0343E-25 0.0000E+00 0.0000E+00 2.6026E-08 2.6026E-08 0.0000E+00 0.0000E+00 2.6026E-08 2.74E-06 5.81E-06   0.890 1.0000 7.0837E-06    850.836
10531.00 0.43290725 1.8810E-25 0.0000E+00 0.0000E+00 2.7263E-08 2.7263E-08 0.0000E+00 0.0000E+00 2.7263E-08 2.93E-06 5.89E-06   0.837 1.0000 7.1337E-06    853.735
10541.00 0.47315264 1.6445E-25 0.0000E+00 0.0000E+00 2.8897E-08 2.8897E-08 0.0000E+00 0.0000E+00 2.8897E-08 3.20E-06 6.02E-06   0.748 1.0000 7.1238E-06    857.220
10551.00 0.42799163 1.7069E-25 0.0000E+00 0.0000E+00 2.7289E-08 2.7289E-08 0.0000E+00 0.0000E+00 2.7289E-08 2.88E-06 5.96E-06   0.849 1.0000 7.1123E-06    855.129
10561.00 0.43770283 1.5902E-25 0.0000E+00 0.0000E+00 2.7678E-08 2.7678E-08 0.0000E+00 0.0000E+00 2.7678E-08 2.92E-06 5.99E-06   0.826 1.0000 7.0759E-06    856.484
10571.00 0.37094074 1.6938E-25 0.0000E+00 0.0000E+00 2.4501E-08 2.4501E-08 0.0000E+00 0.0000E+00 2.4501E-08 2.46E-06 5.58E-06   0.992 1.0000 7.0632E-06    851.310
10581.00 0.47572002 1.3382E-25 0.0000E+00 0.0000E+00 2.9049E-08 2.9049E-08 0.0000E+00 0.0000E+00 2.9049E-08 3.16E-06 5.99E-06   0.743 1.0000 7.0083E-06    860.177
10591.00 0.34628063 1.5933E-25 0.0000E+00 0.0000E+00 2.2912E-08 2.2912E-08 0.0000E+00 0.0000E+00 2.2912E-08 2.24E-06 5.29E-06   1.061 1.0000 6.9242E-06    849.463
10601.00 0.41267252 1.3510E-25 0.0000E+00 0.0000E+00 2.5998E-08 2.5998E-08 0.0000E+00 0.0000E+00 2.5998E-08 2.72E-06 5.61E-06   0.885 1.0000 7.0103E-06    856.159
10611.00 0.47888705 1.1472E-25 0.0000E+00 0.0000E+00 2.9186E-08 2.9186E-08 0.0000E+00 0.0000E+00 2.9186E-08 3.16E-06 5.94E-06   0.736 1.0000 7.0013E-06    862.430
10621.00 0.50896239 1.0228E-25 0.0000E+00 0.0000E+00 2.9381E-08 2.9381E-08 0.0000E+00 0.0000E+00 2.9381E-08 3.19E-06 5.89E-06   0.675 1.0000 6.6904E-06    863.430
10631.00 0.50694293 9.7832E-26 0.0000E+00 0.0000E+00 3.0686E-08 3.0686E-08 0.0000E+00 0.0000E+00 3.0686E-08 3.32E-06 6.12E-06   0.679 1.0000 6.9249E-06    866.232
10641.00 0.61973655 7.1725E-26 0.0000E+00 0.0000E+00 3.5544E-08 3.5544E-08 0.0000E+00 0.0000E+00 3.5544E-08 4.19E-06 6.48E-06   0.478 1.0000 7.0679E-06    874.182
10651.00 0.43155748 1.0124E-25 0.0000E+00 0.0000E+00 2.7578E-08 2.7578E-08 0.0000E+00 0.0000E+00 2.7578E-08 2.89E-06 5.84E-06   0.840 1.0000 7.0860E-06    862.370
10661.00 0.29833406 1.1927E-25 0.0000E+00 0.0000E+00 2.2153E-08 2.2153E-08 0.0000E+00 0.0000E+00 2.2153E-08 1.96E-06 5.39E-06   1.210 1.0000 7.1135E-06    852.536
10671.00 0.28720060 1.1521E-25 0.0000E+00 0.0000E+00 2.1835E-08 2.1835E-08 0.0000E+00 0.0000E+00 2.1835E-08 1.88E-06 5.40E-06   1.248 1.0000 7.1053E-06    852.517
10681.00 0.31612083 1.0470E-25 0.0000E+00 0.0000E+00 2.2536E-08 2.2536E-08 0.0000E+00 0.0000E+00 2.2536E-08 2.06E-06 5.32E-06   1.152 1.0000 7.0271E-06    854.682
10691.00 0.36304170 9.3040E-26 0.0000E+00 0.0000E+00 2.4320E-08 2.4320E-08 0.0000E+00 0.0000E+00 2.4320E-08 2.40E-06 5.45E-06   1.013 1.0000 7.0496E-06    858.989
10701.00 0.22259709 1.0763E-25 0.0000E+00 0.0000E+00 1.8278E-08 1.8278E-08 0.0000E+00 0.0000E+00 1.8278E-08 1.46E-06 4.93E-06   1.502 1.0000 7.1224E-06    846.164
10711.00 0.30043513 9.2325E-26 0.0000E+00 0.0000E+00 2.2994E-08 2.2994E-08 0.0000E+00 0.0000E+00 2.2994E-08 1.98E-06 5.55E-06   1.203 1.0000 7.1299E-06    857.641
10721.00 0.34142962 8.2389E-26 0.0000E+00 0.0000E+00 2.4692E-08 2.4692E-08 0.0000E+00 0.0000E+00 2.4692E-08 2.27E-06 5.64E-06   1.075 1.0000 7.1129E-06    861.725
10731.00 0.38694018 7.3023E-26 0.0000E+00 0.0000E+00 2.5991E-08 2.5991E-08 0.0000E+00 0.0000E+00 2.5991E-08 2.59E-06 5.61E-06   0.949 1.0000 7.0795E-06    864.871
10741.00 0.51068163 5.5370E-26 0.0000E+00 0.0000E+00 3.1843E-08 3.1843E-08 0.0000E+00 0.0000E+00 3.1843E-08 3.46E-06 6.16E-06   0.672 1.0000 7.1186E-06    875.499
10751.00 0.55596185 4.7707E-26 0.0000E+00 0.0000E+00 3.3918E-08 3.3918E-08 0.0000E+00 0.0000E+00 3.3918E-08 3.76E-06 6.37E-06   0.587 1.0000 7.0904E-06    879.319
10761.00 0.63593209 3.7203E-26 0.0000E+00 0.0000E+00 3.6975E-08 3.6975E-08 0.0000E+00 0.0000E+00 3.6975E-08 4.29E-06 6.55E-06   0.453 1.0000 7.0349E-06    884.335
10771.00 0.64781624 3.4196E-26 0.0000E+00 0.0000E+00 3.7982E-08 3.7982E-08 0.0000E+00 0.0000E+00 3.7982E-08 4.44E-06 6.65E-06   0.434 1.0000 7.1304E-06    886.376
10781.00 0.74113971 2.3994E-26 0.0000E+00 0.0000E+00 4.1537E-08 4.1537E-08 0.0000E+00 0.0000E+00 4.1537E-08 5.11E-06 6.81E-06   0.300 1.0000 7.1406E-06    891.620
10791.00 0.80265123 1.7236E-26 0.0000E+00 0.0000E+00 4.2886E-08 4.2886E-08 0.0000E+00 0.0000E+00 4.2886E-08 5.45E-06 6.75E-06   0.220 1.0000 6.9990E-06    893.947
10801.00 0.79642105 1.6976E-26 0.0000E+00 0.0000E+00 4.1614E-08 4.1614E-08 0.0000E+00 0.0000E+00 4.1614E-08 5.26E-06 6.57E-06   0.228 1.0000 6.8221E-06    893.084
10811.00 0.76952666 1.8206E-26 0.0000E+00 0.0000E+00 4.1723E-08 4.1723E-08 0.0000E+00 0.0000E+00 4.1723E-08 5.20E-06 6.68E-06   0.262 1.0000 6.9842E-06    893.903
10821.00 0.76188654 1.7912E-26 0.0000E+00 0.0000E+00 4.1310E-08 4.1310E-08 0.0000E+00 0.0000E+00 4.1310E-08 5.10E-06 6.64E-06   0.272 1.0000 6.9254E-06    894.075
10831.00 0.79893649 1.4386E-26 0.0000E+00 0.0000E+00 4.0931E-08 4.0931E-08 0.0000E+00 0.0000E+00 4.0931E-08 5.16E-06 6.41E-06   0.224 1.0000 6.6572E-06    894.285
10841.00 0.81342167 1.2627E-26 0.0000E+00 0.0000E+00 4.2790E-08 4.2790E-08 0.0000E+00 0.0000E+00 4.2790E-08 5.45E-06 6.63E-06   0.207 1.0000 6.8867E-06    897.256
10851.00 0.78264475 1.4042E-26 0.0000E+00 0.0000E+00 4.1584E-08 4.1584E-08 0.0000E+00 0.0000E+00 4.1584E-08 5.19E-06 6.56E-06   0.245 1.0000 6.8426E-06    896.467
10861.00 0.83318841 1.0254E-26 0.0000E+00 0.0000E+00 4.4372E-08 4.4372E-08 0.0000E+00 0.0000E+00 4.4372E-08 5.66E-06 6.77E-06   0.182 1.0000 6.9906E-06    900.506
10871.00 0.76863438 1.3422E-26 0.0000E+00 0.0000E+00 4.2593E-08 4.2593E-08 0.0000E+00 0.0000E+00 4.2593E-08 5.28E-06 6.76E-06   0.263 1.0000 7.0910E-06    899.072
10881.00 0.77863163 1.2216E-26 0.0000E+00 0.0000E+00 4.3408E-08 4.3408E-08 0.0000E+00 0.0000E+00 4.3408E-08 5.38E-06 6.82E-06   0.250 1.0000 7.1322E-06    900.738
10891.00 0.69131184 1.6157E-26 0.0000E+00 0.0000E+00 4.0019E-08 4.0019E-08 0.0000E+00 0.0000E+00 4.0019E-08 4.72E-06 6.63E-06   0.369 1.0000 7.0869E-06    897.226
10901.00 0.67860007 1.6138E-26 0.0000E+00 0.0000E+00 3.9418E-08 3.9418E-08 0.0000E+00 0.0000E+00 3.9418E-08 4.59E-06 6.57E-06   0.388 1.0000 7.0299E-06    897.131
10911.00 0.74950027 1.1855E-26 0.0000E+00 0.0000E+00 4.2584E-08 4.2584E-08 0.0000E+00 0.0000E+00 4.2584E-08 5.15E-06 6.77E-06   0.288 1.0000 7.1167E-06    901.798
10921.00 0.61600751 1.7309E-26 0.0000E+00 0.0000E+00 3.7511E-08 3.7511E-08 0.0000E+00 0.0000E+00 3.7511E-08 4.21E-06 6.52E-06   0.484 1.0000 7.1418E-06    895.954
10931.00 0.76190972 1.0242E-26 0.0000E+00 0.0000E+00 4.2954E-08 4.2954E-08 0.0000E+00 0.0000E+00 4.2954E-08 5.19E-06 6.76E-06   0.272 1.0000 7.0585E-06    903.615
10941.00 0.65562737 1.3949E-26 0.0000E+00 0.0000E+00 3.9348E-08 3.9348E-08 0.0000E+00 0.0000E+00 3.9348E-08 4.52E-06 6.60E-06   0.422 1.0000 7.1797E-06    899.766
10951.00 0.65419477 1.3443E-26 0.0000E+00 0.0000E+00 3.9815E-08 3.9815E-08 0.0000E+00 0.0000E+00 3.9815E-08 4.53E-06 6.68E-06   0.424 1.0000 7.2169E-06    901.055
10961.00 0.72964567 9.8998E-27 0.0000E+00 0.0000E+00 4.1805E-08 4.1805E-08 0.0000E+00 0.0000E+00 4.1805E-08 4.99E-06 6.63E-06   0.315 1.0000 7.0517E-06    904.259
10971.00 0.75383854 8.5988E-27 0.0000E+00 0.0000E+00 4.2269E-08 4.2269E-08 0.0000E+00 0.0000E+00 4.2269E-08 5.08E-06 6.62E-06   0.283 1.0000 6.9688E-06    905.515
10981.00 0.69352549 1.0171E-26 0.0000E+00 0.0000E+00 4.0709E-08 4.0709E-08 0.0000E+00 0.0000E+00 4.0709E-08 4.74E-06 6.61E-06   0.366 1.0000 7.0849E-06    904.248
10991.00 0.70615041 9.2769E-27 0.0000E+00 0.0000E+00 4.0567E-08 4.0567E-08 0.0000E+00 0.0000E+00 4.0567E-08 4.73E-06 6.52E-06   0.348 1.0000 6.9574E-06    904.749
11001.00 0.69965386 8.9999E-27 0.0000E+00 0.0000E+00 3.9755E-08 3.9755E-08 0.0000E+00 0.0000E+00 3.9755E-08 4.65E-06 6.38E-06   0.357 1.0000 6.8715E-06    904.385
11011.00 0.69120586 8.7967E-27 0.0000E+00 0.0000E+00 4.0370E-08 4.0370E-08 0.0000E+00 0.0000E+00 4.0370E-08 4.69E-06 6.51E-06   0.369 1.0000 7.0129E-06    905.861
11021.00 0.70407742 8.0074E-27 0.0000E+00 0.0000E+00 4.1614E-08 4.1614E-08 0.0000E+00 0.0000E+00 4.1614E-08 4.86E-06 6.62E-06   0.351 1.0000 7.1591E-06    908.117
11031.00 0.75628161 6.2730E-27 0.0000E+00 0.0000E+00 4.3064E-08 4.3064E-08 0.0000E+00 0.0000E+00 4.3064E-08 5.13E-06 6.64E-06   0.279 1.0000 6.9952E-06    910.586
11041.00 0.81406868 4.5388E-27 0.0000E+00 0.0000E+00 4.6233E-08 4.6233E-08 0.0000E+00 0.0000E+00 4.6233E-08 5.67E-06 6.88E-06   0.206 1.0000 7.1647E-06    914.996
11051.00 0.82106692 4.1504E-27 0.0000E+00 0.0000E+00 4.6944E-08 4.6944E-08 0.0000E+00 0.0000E+00 4.6944E-08 5.75E-06 6.95E-06   0.197 1.0000 7.2125E-06    916.487
11061.00 0.83484471 3.6501E-27 0.0000E+00 0.0000E+00 4.7464E-08 4.7464E-08 0.0000E+00 0.0000E+00 4.7464E-08 5.84E-06 6.96E-06   0.181 1.0000 7.1991E-06    917.756
11071.00 0.77025902 4.7863E-27 0.0000E+00 0.0000E+00 4.4574E-08 4.4574E-08 0.0000E+00 0.0000E+00 4.4574E-08 5.32E-06 6.75E-06   0.261 1.0000 7.1309E-06    915.127
11081.00 0.70713776 5.8300E-27 0.0000E+00 0.0000E+00 4.0851E-08 4.0851E-08 0.0000E+00 0.0000E+00 4.0851E-08 4.73E-06 6.40E-06   0.347 1.0000 6.9276E-06    911.246
11091.00 0.71800637 5.3330E-27 0.0000E+00 0.0000E+00 3.9693E-08 3.9693E-08 0.0000E+00 0.0000E+00 3.9693E-08 4.60E-06 6.18E-06   0.331 1.0000 6.6409E-06    910.431
11101.00 0.67933542 5.7517E-27 0.0000E+00 0.0000E+00 4.0120E-08 4.0120E-08 0.0000E+00 0.0000E+00 4.0120E-08 4.54E-06 6.42E-06   0.387 1.0000 6.9341E-06    911.668
11111.00 0.73658127 4.5048E-27 0.0000E+00 0.0000E+00 4.2498E-08 4.2498E-08 0.0000E+00 0.0000E+00 4.2498E-08 4.99E-06 6.51E-06   0.306 1.0000 6.9855E-06    915.357
11121.00 0.59230542 6.6098E-27 0.0000E+00 0.0000E+00 3.7877E-08 3.7877E-08 0.0000E+00 0.0000E+00 3.7877E-08 4.05E-06 6.40E-06   0.524 1.0000 7.1540E-06    910.041
11131.00 0.74077976 4.0071E-27 0.0000E+00 0.0000E+00 4.3882E-08 4.3882E-08 0.0000E+00 0.0000E+00 4.3882E-08 5.12E-06 6.70E-06   0.300 1.0000 7.1521E-06    918.406
11141.00 0.73264927 3.9138E-27 0.0000E+00 0.0000E+00 4.3621E-08 4.3621E-08 0.0000E+00 0.0000E+00 4.3621E-08 5.03E-06 6.70E-06   0.311 1.0000 7.1081E-06    918.774
11151.00 0.72294718 3.8545E-27 0.0000E+00 0.0000E+00 4.3266E-08 4.3266E-08 0.0000E+00 0.0000E+00 4.3266E-08 4.96E-06 6.67E-06   0.324 1.0000 7.1052E-06    919.026
11161.00 0.77903062 2.9210E-27 0.0000E+00 0.0000E+00 4.6424E-08 4.6424E-08 0.0000E+00 0.0000E+00 4.6424E-08 5.46E-06 6.90E-06   0.250 1.0000 7.2334E-06    923.435
11171.00 0.80242604 2.4900E-27 0.0000E+00 0.0000E+00 4.6278E-08 4.6278E-08 0.0000E+00 0.0000E+00 4.6278E-08 5.48E-06 6.77E-06   0.220 1.0000 7.0471E-06    923.953
11181.00 0.84542865 1.8492E-27 0.0000E+00 0.0000E+00 4.8062E-08 4.8062E-08 0.0000E+00 0.0000E+00 4.8062E-08 5.81E-06 6.85E-06   0.168 1.0000 7.0589E-06    926.651
11191.00 0.85004365 1.6973E-27 0.0000E+00 0.0000E+00 4.8851E-08 4.8851E-08 0.0000E+00 0.0000E+00 4.8851E-08 5.90E-06 6.92E-06   0.162 1.0000 7.1368E-06    928.208
11201.00 0.87378579 1.3648E-27 0.0000E+00 0.0000E+00 4.8669E-08 4.8669E-08 0.0000E+00 0.0000E+00 4.8669E-08 5.94E-06 6.79E-06   0.135 1.0000 6.9786E-06    928.694
11211.00 0.88090605 1.2196E-27 0.0000E+00 0.0000E+00 5.0021E-08 5.0021E-08 0.0000E+00 0.0000E+00 5.0021E-08 6.12E-06 6.94E-06   0.127 1.0000 7.1244E-06    930.849
11221.00 0.89211082 1.0495E-27 0.0000E+00 0.0000E+00 5.0765E-08 5.0765E-08 0.0000E+00 0.0000E+00 5.0765E-08 6.23E-06 6.99E-06   0.114 1.0000 7.1611E-06    932.329
11231.00 0.88904977 1.0248E-27 0.0000E+00 0.0000E+00 5.1111E-08 5.1111E-08 0.0000E+00 0.0000E+00 5.1111E-08 6.25E-06 7.03E-06   0.118 1.0000 7.2119E-06    933.383
11241.00 0.89142710 9.5417E-28 0.0000E+00 0.0000E+00 5.0788E-08 5.0788E-08 0.0000E+00 0.0000E+00 5.0788E-08 6.21E-06 6.97E-06   0.115 1.0000 7.1417E-06    933.727
11251.00 0.89300972 8.9167E-28 0.0000E+00 0.0000E+00 5.1065E-08 5.1065E-08 0.0000E+00 0.0000E+00 5.1065E-08 6.24E-06 6.98E-06   0.113 1.0000 7.1598E-06    934.708
11261.00 0.88649231 9.0058E-28 0.0000E+00 0.0000E+00 5.0514E-08 5.0514E-08 0.0000E+00 0.0000E+00 5.0514E-08 6.14E-06 6.92E-06   0.120 1.0000 7.1006E-06    934.809
11271.00 0.89282203 8.0676E-28 0.0000E+00 0.0000E+00 4.9904E-08 4.9904E-08 0.0000E+00 0.0000E+00 4.9904E-08 6.07E-06 6.80E-06   0.113 1.0000 6.9712E-06    934.840
11281.00 0.88866484 7.9608E-28 0.0000E+00 0.0000E+00 4.8198E-08 4.8198E-08 0.0000E+00 0.0000E+00 4.8198E-08 5.84E-06 6.57E-06   0.118 1.0000 6.7401E-06    933.655
11291.00 0.88872272 7.5729E-28 0.0000E+00 0.0000E+00 5.1081E-08 5.1081E-08 0.0000E+00 0.0000E+00 5.1081E-08 6.18E-06 6.95E-06   0.118 1.0000 7.1282E-06    937.472
11301.00 0.89442611 6.8204E-28 0.0000E+00 0.0000E+00 5.1406E-08 5.1406E-08 0.0000E+00 0.0000E+00 5.1406E-08 6.22E-06 6.96E-06   0.112 1.0000 7.1331E-06    938.502
11311.00 0.89364374 6.5249E-28 0.0000E+00 0.0000E+00 5.0780E-08 5.0780E-08 0.0000E+00 0.0000E+00 5.0780E-08 6.13E-06 6.86E-06   0.112 1.0000 7.0365E-06    938.524
11321.00 0.89304996 6.2377E-28 0.0000E+00 0.0000E+00 5.1478E-08 5.1478E-08 0.0000E+00 0.0000E+00 5.1478E-08 6.20E-06 6.95E-06   0.113 1.0000 7.1226E-06    939.951
11331.00 0.89280260 5.9357E-28 0.0000E+00 0.0000E+00 5.0493E-08 5.0493E-08 0.0000E+00 0.0000E+00 5.0493E-08 6.07E-06 6.80E-06   0.113 1.0000 6.9746E-06    939.590
11341.00 0.89279652 5.6433E-28 0.0000E+00 0.0000E+00 5.1441E-08 5.1441E-08 0.0000E+00 0.0000E+00 5.1441E-08 6.17E-06 6.92E-06   0.113 1.0000 7.0920E-06    941.284
11351.00 0.89338255 5.3315E-28 0.0000E+00 0.0000E+00 4.8740E-08 4.8740E-08 0.0000E+00 0.0000E+00 4.8740E-08 5.84E-06 6.54E-06   0.113 1.0000 6.7048E-06    939.050
11361.00 0.89334249 5.0681E-28 0.0000E+00 0.0000E+00 5.1628E-08 5.1628E-08 0.0000E+00 0.0000E+00 5.1628E-08 6.18E-06 6.91E-06   0.113 1.0000 7.0885E-06    942.855
11371.00 0.89442182 4.7653E-28 0.0000E+00 0.0000E+00 5.1074E-08 5.1074E-08 0.0000E+00 0.0000E+00 5.1074E-08 6.10E-06 6.82E-06   0.112 1.0000 6.9944E-06    942.954
11381.00 0.89352030 4.5660E-28 0.0000E+00 0.0000E+00 5.2366E-08 5.2366E-08 0.0000E+00 0.0000E+00 5.2366E-08 6.24E-06 6.98E-06   0.113 1.0000 7.1623E-06    945.000
11391.00 0.89396417 4.3207E-28 0.0000E+00 0.0000E+00 5.2032E-08 5.2032E-08 0.0000E+00 0.0000E+00 5.2032E-08 6.19E-06 6.93E-06   0.112 1.0000 7.1013E-06    945.338
11401.00 0.89394003 4.1056E-28 0.0000E+00 0.0000E+00 5.2263E-08 5.2263E-08 0.0000E+00 0.0000E+00 5.2263E-08 6.21E-06 6.94E-06   0.112 1.0000 7.1195E-06    946.265
11411.00 0.89358944 3.9133E-28 0.0000E+00 0.0000E+00 5.2133E-08 5.2133E-08 0.0000E+00 0.0000E+00 5.2133E-08 6.18E-06 6.91E-06   0.113 1.0000 7.0904E-06    946.816
11421.00 0.89377034 3.7119E-28 0.0000E+00 0.0000E+00 5.0676E-08 5.0676E-08 0.0000E+00 0.0000E+00 5.0676E-08 5.99E-06 6.71E-06   0.112 1.0000 6.8786E-06    945.956
11431.00 0.89358324 3.5327E-28 0.0000E+00 0.0000E+00 5.1581E-08 5.1581E-08 0.0000E+00 0.0000E+00 5.1581E-08 6.09E-06 6.81E-06   0.113 1.0000 6.9893E-06    947.606
11441.00 0.89333987 3.3639E-28 0.0000E+00 0.0000E+00 5.1956E-08 5.1956E-08 0.0000E+00 0.0000E+00 5.1956E-08 6.12E-06 6.85E-06   0.113 1.0000 7.0284E-06    948.689
11451.00 0.89336693 3.1953E-28 0.0000E+00 0.0000E+00 5.2480E-08 5.2480E-08 0.0000E+00 0.0000E+00 5.2480E-08 6.17E-06 6.91E-06   0.113 1.0000 7.0859E-06    949.923
11461.00 0.89324427 3.0391E-28 0.0000E+00 0.0000E+00 5.3166E-08 5.3166E-08 0.0000E+00 0.0000E+00 5.3166E-08 6.24E-06 6.99E-06   0.113 1.0000 7.1660E-06    951.322
11471.00 0.89304924 2.8926E-28 0.0000E+00 0.0000E+00 5.2368E-08 5.2368E-08 0.0000E+00 0.0000E+00 5.2368E-08 6.13E-06 6.87E-06   0.113 1.0000 7.0465E-06    951.178
11481.00 0.89273089 2.7564E-28 0.0000E+00 0.0000E+00 5.2765E-08 5.2765E-08 0.0000E+00 0.0000E+00 5.2765E-08 6.17E-06 6.91E-06   0.113 1.0000 7.0883E-06    952.278
11491.00 0.89265251 2.6206E-28 0.0000E+00 0.0000E+00 5.2805E-08 5.2805E-08 0.0000E+00 0.0000E+00 5.2805E-08 6.16E-06 6.90E-06   0.114 1.0000 7.0811E-06    953.006
11501.00 0.89240336 2.4955E-28 0.0000E+00 0.0000E+00 5.1616E-08 5.1616E-08 0.0000E+00 0.0000E+00 5.1616E-08 6.01E-06 6.73E-06   0.114 1.0000 6.9103E-06    952.441
11511.00 0.89222312 2.3749E-28 0.0000E+00 0.0000E+00 5.1381E-08 5.1381E-08 0.0000E+00 0.0000E+00 5.1381E-08 5.97E-06 6.69E-06   0.114 1.0000 6.8667E-06    952.877
11521.00 0.89198953 2.2611E-28 0.0000E+00 0.0000E+00 5.1657E-08 5.1657E-08 0.0000E+00 0.0000E+00 5.1657E-08 5.99E-06 6.72E-06   0.114 1.0000 6.8922E-06    953.855
11531.00 0.89172679 2.1534E-28 0.0000E+00 0.0000E+00 4.9811E-08 4.9811E-08 0.0000E+00 0.0000E+00 4.9811E-08 5.76E-06 6.46E-06   0.115 1.0000 6.6351E-06    952.546
11541.00 0.89152253 2.0497E-28 0.0000E+00 0.0000E+00 3.9685E-08 3.9685E-08 0.0000E+00 0.0000E+00 3.9685E-08 4.58E-06 5.14E-06   0.115 1.0000 5.2774E-06    940.954
11551.00 0.89125317 1.9522E-28 0.0000E+00 0.0000E+00 5.0544E-08 5.0544E-08 0.0000E+00 0.0000E+00 5.0544E-08 5.83E-06 6.54E-06   0.115 1.0000 6.7102E-06    954.714
11561.00 0.89110100 1.8573E-28 0.0000E+00 0.0000E+00 5.3181E-08 5.3181E-08 0.0000E+00 0.0000E+00 5.3181E-08 6.12E-06 6.87E-06   0.115 1.0000 7.0485E-06    958.197
11571.00 0.89095151 1.7669E-28 0.0000E+00 0.0000E+00 5.4249E-08 5.4249E-08 0.0000E+00 0.0000E+00 5.4249E-08 6.23E-06 6.99E-06   0.115 1.0000 7.1778E-06    959.982
11581.00 0.89050645 1.6854E-28 0.0000E+00 0.0000E+00 5.3979E-08 5.3979E-08 0.0000E+00 0.0000E+00 5.3979E-08 6.18E-06 6.94E-06   0.116 1.0000 7.1315E-06    960.392
11591.00 0.88977814 1.6119E-28 0.0000E+00 0.0000E+00 5.4068E-08 5.4068E-08 0.0000E+00 0.0000E+00 5.4068E-08 6.18E-06 6.95E-06   0.117 1.0000 7.1338E-06    961.168
11601.00 0.89004689 1.5277E-28 0.0000E+00 0.0000E+00 5.3290E-08 5.3290E-08 0.0000E+00 0.0000E+00 5.3290E-08 6.08E-06 6.83E-06   0.116 1.0000 7.0173E-06    961.052
11611.00 0.88934702 1.4604E-28 0.0000E+00 0.0000E+00 5.3286E-08 5.3286E-08 0.0000E+00 0.0000E+00 5.3286E-08 6.07E-06 6.82E-06   0.117 1.0000 7.0074E-06    961.733
11621.00 0.88949531 1.3858E-28 0.0000E+00 0.0000E+00 5.3910E-08 5.3910E-08 0.0000E+00 0.0000E+00 5.3910E-08 6.13E-06 6.89E-06   0.117 1.0000 7.0763E-06    963.064
11631.00 0.88864410 1.3263E-28 0.0000E+00 0.0000E+00 5.3594E-08 5.3594E-08 0.0000E+00 0.0000E+00 5.3594E-08 6.08E-06 6.84E-06   0.118 1.0000 7.0263E-06    963.423
11641.00 0.88779330 1.2701E-28 0.0000E+00 0.0000E+00 5.3575E-08 5.3575E-08 0.0000E+00 0.0000E+00 5.3575E-08 6.06E-06 6.83E-06   0.119 1.0000 7.0154E-06    964.088
11651.00 0.88818282 1.2022E-28 0.0000E+00 0.0000E+00 5.3686E-08 5.3686E-08 0.0000E+00 0.0000E+00 5.3686E-08 6.06E-06 6.83E-06   0.119 1.0000 7.0154E-06    964.889
11661.00 0.88517779 1.1727E-28 0.0000E+00 0.0000E+00 5.4633E-08 5.4633E-08 0.0000E+00 0.0000E+00 5.4633E-08 6.15E-06 6.94E-06   0.122 1.0000 7.1406E-06    966.546
11671.00 0.88720685 1.0948E-28 0.0000E+00 0.0000E+00 5.4890E-08 5.4890E-08 0.0000E+00 0.0000E+00 5.4890E-08 6.17E-06 6.96E-06   0.120 1.0000 7.1519E-06    967.494
11681.00 0.88555270 1.0548E-28 0.0000E+00 0.0000E+00 5.4025E-08 5.4025E-08 0.0000E+00 0.0000E+00 5.4025E-08 6.06E-06 6.84E-06   0.122 1.0000 7.0342E-06    967.294
11691.00 0.88454092 1.0115E-28 0.0000E+00 0.0000E+00 5.2400E-08 5.2400E-08 0.0000E+00 0.0000E+00 5.2400E-08 5.86E-06 6.63E-06   0.123 1.0000 6.8153E-06    966.281
11701.00 0.88340080 9.6979E-29 0.0000E+00 0.0000E+00 3.9300E-08 3.9300E-08 0.0000E+00 0.0000E+00 3.9300E-08 4.39E-06 4.96E-06   0.124 1.0000 5.1054E-06    951.246
11711.00 0.88122672 9.3919E-29 0.0000E+00 0.0000E+00 4.6967E-08 4.6967E-08 0.0000E+00 0.0000E+00 4.6967E-08 5.22E-06 5.93E-06   0.126 1.0000 6.0975E-06    961.604
11721.00 0.88413304 8.7015E-29 0.0000E+00 0.0000E+00 5.3633E-08 5.3633E-08 0.0000E+00 0.0000E+00 5.3633E-08 5.96E-06 6.75E-06   0.123 1.0000 6.9393E-06    969.628
11731.00 0.88113612 8.4773E-29 0.0000E+00 0.0000E+00 5.4470E-08 5.4470E-08 0.0000E+00 0.0000E+00 5.4470E-08 6.04E-06 6.85E-06   0.127 1.0000 7.0489E-06    971.176
11741.00 0.87726498 8.3151E-29 0.0000E+00 0.0000E+00 5.2832E-08 5.2832E-08 0.0000E+00 0.0000E+00 5.2832E-08 5.83E-06 6.65E-06   0.131 1.0000 6.8430E-06    970.157
11751.00 0.88007849 7.7266E-29 0.0000E+00 0.0000E+00 5.4875E-08 5.4875E-08 0.0000E+00 0.0000E+00 5.4875E-08 6.05E-06 6.88E-06   0.128 1.0000 7.0799E-06    972.961
11761.00 0.88253701 7.1855E-29 0.0000E+00 0.0000E+00 4.8778E-08 4.8778E-08 0.0000E+00 0.0000E+00 4.8778E-08 5.38E-06 6.10E-06   0.125 1.0000 6.2711E-06    967.092
11771.00 0.88162869 6.8782E-29 0.0000E+00 0.0000E+00 5.2377E-08 5.2377E-08 0.0000E+00 0.0000E+00 5.2377E-08 5.76E-06 6.54E-06   0.126 1.0000 6.7248E-06    971.726
11781.00 0.88103360 6.5679E-29 0.0000E+00 0.0000E+00 5.5690E-08 5.5690E-08 0.0000E+00 0.0000E+00 5.5690E-08 6.11E-06 6.94E-06   0.127 1.0000 7.1404E-06    975.843
11791.00 0.88005978 6.2910E-29 0.0000E+00 0.0000E+00 5.5729E-08 5.5729E-08 0.0000E+00 0.0000E+00 5.5729E-08 6.10E-06 6.93E-06   0.128 1.0000 7.1364E-06    976.568
11801.00 0.88431853 5.7643E-29 0.0000E+00 0.0000E+00 5.4736E-08 5.4736E-08 0.0000E+00 0.0000E+00 5.4736E-08 6.00E-06 6.78E-06   0.123 1.0000 6.9763E-06    976.243
11811.00 0.88210404 5.5767E-29 0.0000E+00 0.0000E+00 5.4941E-08 5.4941E-08 0.0000E+00 0.0000E+00 5.4941E-08 6.00E-06 6.80E-06   0.125 1.0000 7.0000E-06    977.137
11821.00 0.88077593 5.3634E-29 0.0000E+00 0.0000E+00 5.5890E-08 5.5890E-08 0.0000E+00 0.0000E+00 5.5890E-08 6.09E-06 6.91E-06   0.127 1.0000 7.1140E-06    978.785
11831.00 0.88086444 5.0880E-29 0.0000E+00 0.0000E+00 5.5893E-08 5.5893E-08 0.0000E+00 0.0000E+00 5.5893E-08 6.08E-06 6.90E-06   0.127 1.0000 7.1007E-06    979.474
11841.00 0.87628007 5.0177E-29 0.0000E+00 0.0000E+00 5.5212E-08 5.5212E-08 0.0000E+00 0.0000E+00 5.5212E-08 5.98E-06 6.82E-06   0.132 1.0000 7.0230E-06    979.468
11851.00 0.87015754 5.0057E-29 0.0000E+00 0.0000E+00 5.4437E-08 5.4437E-08 0.0000E+00 0.0000E+00 5.4437E-08 5.86E-06 6.74E-06   0.139 1.0000 6.9407E-06    979.356
11861.00 0.87492663 4.5830E-29 0.0000E+00 0.0000E+00 5.5784E-08 5.5784E-08 0.0000E+00 0.0000E+00 5.5784E-08 6.01E-06 6.87E-06   0.134 1.0000 7.0767E-06    981.418
11871.00 0.87652361 4.2908E-29 0.0000E+00 0.0000E+00 5.5510E-08 5.5510E-08 0.0000E+00 0.0000E+00 5.5510E-08 5.98E-06 6.82E-06   0.132 1.0000 7.0212E-06    981.824
11881.00 0.86677653 4.4031E-29 0.0000E+00 0.0000E+00 5.5743E-08 5.5743E-08 0.0000E+00 0.0000E+00 5.5743E-08 5.96E-06 6.87E-06   0.143 1.0000 7.0855E-06    982.746
11891.00 0.86181724 4.3390E-29 0.0000E+00 0.0000E+00 5.6128E-08 5.6128E-08 0.0000E+00 0.0000E+00 5.6128E-08 5.97E-06 6.93E-06   0.149 1.0000 7.1453E-06    983.819
11901.00 0.86964446 3.8872E-29 0.0000E+00 0.0000E+00 5.6124E-08 5.6124E-08 0.0000E+00 0.0000E+00 5.6124E-08 5.99E-06 6.88E-06   0.140 1.0000 7.0928E-06    984.500
11911.00 0.86885411 3.7181E-29 0.0000E+00 0.0000E+00 5.5933E-08 5.5933E-08 0.0000E+00 0.0000E+00 5.5933E-08 5.95E-06 6.85E-06   0.141 1.0000 7.0600E-06    984.992
11921.00 0.85932547 3.7836E-29 0.0000E+00 0.0000E+00 5.4032E-08 5.4032E-08 0.0000E+00 0.0000E+00 5.4032E-08 5.71E-06 6.64E-06   0.152 1.0000 6.8519E-06    983.721
11931.00 0.85902381 3.5991E-29 0.0000E+00 0.0000E+00 5.6018E-08 5.6018E-08 0.0000E+00 0.0000E+00 5.6018E-08 5.91E-06 6.87E-06   0.152 1.0000 7.0928E-06    986.446
11941.00 0.85175771 3.6045E-29 0.0000E+00 0.0000E+00 5.6207E-08 5.6207E-08 0.0000E+00 0.0000E+00 5.6207E-08 5.89E-06 6.91E-06   0.160 1.0000 7.1401E-06    987.322
11951.00 0.85245556 3.4023E-29 0.0000E+00 0.0000E+00 5.5559E-08 5.5559E-08 0.0000E+00 0.0000E+00 5.5559E-08 5.82E-06 6.82E-06   0.160 1.0000 7.0443E-06    987.347
11961.00 0.83926612 3.5212E-29 0.0000E+00 0.0000E+00 5.5624E-08 5.5624E-08 0.0000E+00 0.0000E+00 5.5624E-08 5.78E-06 6.87E-06   0.175 1.0000 7.1078E-06    988.098
11971.00 0.84373033 3.2569E-29 0.0000E+00 0.0000E+00 5.5779E-08 5.5779E-08 0.0000E+00 0.0000E+00 5.5779E-08 5.79E-06 6.86E-06   0.170 1.0000 7.0906E-06    988.940
11981.00 0.84764707 3.0085E-29 0.0000E+00 0.0000E+00 5.5040E-08 5.5040E-08 0.0000E+00 0.0000E+00 5.5040E-08 5.72E-06 6.74E-06   0.165 1.0000 6.9668E-06    988.866
11991.00 0.81679177 3.4416E-29 0.0000E+00 0.0000E+00 5.3997E-08 5.3997E-08 0.0000E+00 0.0000E+00 5.3997E-08 5.51E-06 6.71E-06   0.202 1.0000 6.9804E-06    988.465
12001.00 0.81592089 3.2904E-29 0.0000E+00 0.0000E+00 5.3306E-08 5.3306E-08 0.0000E+00 0.0000E+00 5.3306E-08 5.43E-06 6.63E-06   0.203 1.0000 6.8879E-06    988.418
12011.00 0.80505770 3.2913E-29 0.0000E+00 0.0000E+00 5.3483E-08 5.3483E-08 0.0000E+00 0.0000E+00 5.3483E-08 5.44E-06 6.68E-06   0.217 1.0000 6.9934E-06    989.289
12021.00 0.78333926 3.4998E-29 0.0000E+00 0.0000E+00 5.3358E-08 5.3358E-08 0.0000E+00 0.0000E+00 5.3358E-08 5.35E-06 6.73E-06   0.244 1.0000 7.0695E-06    989.837
12031.00 0.82263291 2.7105E-29 0.0000E+00 0.0000E+00 5.4281E-08 5.4281E-08 0.0000E+00 0.0000E+00 5.4281E-08 5.53E-06 6.68E-06   0.195 1.0000 6.9475E-06    991.493
12041.00 0.79397243 2.9984E-29 0.0000E+00 0.0000E+00 5.3670E-08 5.3670E-08 0.0000E+00 0.0000E+00 5.3670E-08 5.39E-06 6.69E-06   0.231 1.0000 7.0298E-06    991.532
12051.00 0.78849542 2.9162E-29 0.0000E+00 0.0000E+00 5.3678E-08 5.3678E-08 0.0000E+00 0.0000E+00 5.3678E-08 5.36E-06 6.71E-06   0.238 1.0000 7.0419E-06    992.222
12061.00 0.76481915 3.0883E-29 0.0000E+00 0.0000E+00 5.3160E-08 5.3160E-08 0.0000E+00 0.0000E+00 5.3160E-08 5.24E-06 6.72E-06   0.268 1.0000 7.1140E-06    992.355
12071.00 0.77070963 2.8508E-29 0.0000E+00 0.0000E+00 5.3790E-08 5.3790E-08 0.0000E+00 0.0000E+00 5.3790E-08 5.32E-06 6.76E-06   0.260 1.0000 7.1599E-06    993.705
12081.00 0.73776209 3.1050E-29 0.0000E+00 0.0000E+00 5.2169E-08 5.2169E-08 0.0000E+00 0.0000E+00 5.2169E-08 5.05E-06 6.69E-06   0.304 1.0000 7.1226E-06    992.650
12091.00 0.83035713 1.9126E-29 0.0000E+00 0.0000E+00 5.6659E-08 5.6659E-08 0.0000E+00 0.0000E+00 5.6659E-08 5.73E-06 6.86E-06   0.186 1.0000 7.1353E-06    998.036
12101.00 0.79640222 2.1671E-29 0.0000E+00 0.0000E+00 5.5173E-08 5.5173E-08 0.0000E+00 0.0000E+00 5.5173E-08 5.48E-06 6.80E-06   0.228 1.0000 7.1283E-06    997.199
12111.00 0.79269594 2.1113E-29 0.0000E+00 0.0000E+00 5.4715E-08 5.4715E-08 0.0000E+00 0.0000E+00 5.4715E-08 5.42E-06 6.74E-06   0.232 1.0000 7.0848E-06    997.405
12121.00 0.83703625 1.5667E-29 0.0000E+00 0.0000E+00 5.6333E-08 5.6333E-08 0.0000E+00 0.0000E+00 5.6333E-08 5.68E-06 6.76E-06   0.178 1.0000 7.0243E-06    999.755
12131.00 0.79882956 1.8438E-29 0.0000E+00 0.0000E+00 5.5160E-08 5.5160E-08 0.0000E+00 0.0000E+00 5.5160E-08 5.44E-06 6.75E-06   0.225 1.0000 7.0679E-06    999.232
12141.00 0.71548951 2.4566E-29 0.0000E+00 0.0000E+00 5.0637E-08 5.0637E-08 0.0000E+00 0.0000E+00 5.0637E-08 4.80E-06 6.50E-06   0.335 1.0000 6.9714E-06    995.042
12151.00 0.57609999 3.5110E-29 0.0000E+00 0.0000E+00 4.4107E-08 4.4107E-08 0.0000E+00 0.0000E+00 4.4107E-08 3.85E-06 6.25E-06   0.551 1.0000 7.0361E-06    987.951
12161.00 0.77707934 1.7551E-29 0.0000E+00 0.0000E+00 5.3084E-08 5.3084E-08 0.0000E+00 0.0000E+00 5.3084E-08 5.16E-06 6.56E-06   0.252 1.0000 6.9045E-06    999.085
12171.00 0.81343663 1.3908E-29 0.0000E+00 0.0000E+00 5.5123E-08 5.5123E-08 0.0000E+00 0.0000E+00 5.5123E-08 5.44E-06 6.65E-06   0.206 1.0000 6.9343E-06   1001.921
12181.00 0.84313679 1.1141E-29 0.0000E+00 0.0000E+00 5.6748E-08 5.6748E-08 0.0000E+00 0.0000E+00 5.6748E-08 5.67E-06 6.71E-06   0.171 1.0000 6.9604E-06   1004.272
12191.00 0.75004286 1.6741E-29 0.0000E+00 0.0000E+00 5.2118E-08 5.2118E-08 0.0000E+00 0.0000E+00 5.2118E-08 4.97E-06 6.50E-06   0.288 1.0000 6.9001E-06   1000.079
12201.00 0.74700099 1.6165E-29 0.0000E+00 0.0000E+00 5.1247E-08 5.1247E-08 0.0000E+00 0.0000E+00 5.1247E-08 4.89E-06 6.38E-06   0.292 1.0000 6.8274E-06    999.798
12211.00 0.74450785 1.5525E-29 0.0000E+00 0.0000E+00 5.2326E-08 5.2326E-08 0.0000E+00 0.0000E+00 5.2326E-08 4.97E-06 6.51E-06   0.295 1.0000 6.9594E-06   1001.667
12221.00 0.69257891 1.7653E-29 0.0000E+00 0.0000E+00 4.9918E-08 4.9918E-08 0.0000E+00 0.0000E+00 4.9918E-08 4.59E-06 6.43E-06   0.367 1.0000 6.9415E-06    999.661
12231.00 0.73822623 1.4375E-29 0.0000E+00 0.0000E+00 5.3522E-08 5.3522E-08 0.0000E+00 0.0000E+00 5.3522E-08 5.05E-06 6.67E-06   0.304 1.0000 7.1216E-06   1004.320
12241.00 0.69510162 1.5816E-29 0.0000E+00 0.0000E+00 5.1287E-08 5.1287E-08 0.0000E+00 0.0000E+00 5.1287E-08 4.72E-06 6.56E-06   0.364 1.0000 7.0928E-06   1002.560
12251.00 0.70315772 1.4739E-29 0.0000E+00 0.0000E+00 5.1598E-08 5.1598E-08 0.0000E+00 0.0000E+00 5.1598E-08 4.78E-06 6.54E-06   0.352 1.0000 7.0794E-06   1003.584
12261.00 0.72237176 1.3012E-29 0.0000E+00 0.0000E+00 5.2961E-08 5.2961E-08 0.0000E+00 0.0000E+00 5.2961E-08 4.91E-06 6.64E-06   0.325 1.0000 7.0894E-06   1005.757
12271.00 0.72462064 1.2297E-29 0.0000E+00 0.0000E+00 5.3426E-08 5.3426E-08 0.0000E+00 0.0000E+00 5.3426E-08 4.93E-06 6.69E-06   0.322 1.0000 7.0956E-06   1006.938
12281.00 0.76485640 9.9693E-30 0.0000E+00 0.0000E+00 5.5516E-08 5.5516E-08 0.0000E+00 0.0000E+00 5.5516E-08 5.23E-06 6.76E-06   0.268 1.0000 7.1191E-06   1009.828
12291.00 0.74956685 1.0078E-29 0.0000E+00 0.0000E+00 5.5092E-08 5.5092E-08 0.0000E+00 0.0000E+00 5.5092E-08 5.13E-06 6.77E-06   0.288 1.0000 7.1358E-06   1010.067
12301.00 0.81779879 6.9712E-30 0.0000E+00 0.0000E+00 5.8088E-08 5.8088E-08 0.0000E+00 0.0000E+00 5.8088E-08 5.60E-06 6.83E-06   0.201 1.0000 7.1019E-06   1013.814
12311.00 0.82369453 6.4123E-30 0.0000E+00 0.0000E+00 5.8499E-08 5.8499E-08 0.0000E+00 0.0000E+00 5.8499E-08 5.64E-06 6.84E-06   0.194 1.0000 7.1036E-06   1014.907
12321.00 0.82869560 5.9049E-30 0.0000E+00 0.0000E+00 5.8640E-08 5.8640E-08 0.0000E+00 0.0000E+00 5.8640E-08 5.66E-06 6.82E-06   0.188 1.0000 7.0841E-06   1015.729
12331.00 0.84294188 5.1506E-30 0.0000E+00 0.0000E+00 5.9515E-08 5.9515E-08 0.0000E+00 0.0000E+00 5.9515E-08 5.78E-06 6.85E-06   0.171 1.0000 7.1024E-06   1017.274
12341.00 0.85256594 4.5858E-30 0.0000E+00 0.0000E+00 5.9260E-08 5.9260E-08 0.0000E+00 0.0000E+00 5.9260E-08 5.78E-06 6.77E-06   0.160 1.0000 7.0116E-06   1017.707
12351.00 0.84867841 4.4765E-30 0.0000E+00 0.0000E+00 5.8459E-08 5.8459E-08 0.0000E+00 0.0000E+00 5.8459E-08 5.68E-06 6.68E-06   0.164 1.0000 6.9247E-06   1017.596
12361.00 0.85699481 4.0136E-30 0.0000E+00 0.0000E+00 5.9378E-08 5.9378E-08 0.0000E+00 0.0000E+00 5.9378E-08 5.78E-06 6.74E-06   0.154 1.0000 6.9793E-06   1019.189
12371.00 0.85860652 3.7740E-30 0.0000E+00 0.0000E+00 5.9946E-08 5.9946E-08 0.0000E+00 0.0000E+00 5.9946E-08 5.83E-06 6.79E-06   0.152 1.0000 7.0253E-06   1020.428
12381.00 0.86344588 3.4591E-30 0.0000E+00 0.0000E+00 6.0345E-08 6.0345E-08 0.0000E+00 0.0000E+00 6.0345E-08 5.88E-06 6.81E-06   0.147 1.0000 7.0369E-06   1021.500
12391.00 0.86198103 3.3217E-30 0.0000E+00 0.0000E+00 6.0798E-08 6.0798E-08 0.0000E+00 0.0000E+00 6.0798E-08 5.91E-06 6.85E-06   0.149 1.0000 7.0840E-06   1022.622
12401.00 0.86210519 3.1530E-30 0.0000E+00 0.0000E+00 6.1443E-08 6.1443E-08 0.0000E+00 0.0000E+00 6.1443E-08 5.96E-06 6.91E-06   0.148 1.0000 7.1455E-06   1023.925
12411.00 0.86408091 2.9509E-30 0.0000E+00 0.0000E+00 6.1182E-08 6.1182E-08 0.0000E+00 0.0000E+00 6.1182E-08 5.93E-06 6.86E-06   0.146 1.0000 7.0929E-06   1024.358
12421.00 0.86020911 2.8796E-30 0.0000E+00 0.0000E+00 5.9326E-08 5.9326E-08 0.0000E+00 0.0000E+00 5.9326E-08 5.73E-06 6.65E-06   0.151 1.0000 6.8849E-06   1023.233
12431.00 0.84613484 3.0164E-30 0.0000E+00 0.0000E+00 6.0240E-08 6.0240E-08 0.0000E+00 0.0000E+00 6.0240E-08 5.76E-06 6.80E-06   0.167 1.0000 7.0471E-06   1024.812
12441.00 0.84700340 2.8464E-30 0.0000E+00 0.0000E+00 6.0678E-08 6.0678E-08 0.0000E+00 0.0000E+00 6.0678E-08 5.79E-06 6.83E-06   0.166 1.0000 7.0810E-06   1025.921
12451.00 0.84569275 2.7257E-30 0.0000E+00 0.0000E+00 5.9986E-08 5.9986E-08 0.0000E+00 0.0000E+00 5.9986E-08 5.71E-06 6.75E-06   0.168 1.0000 6.9937E-06   1025.929
12461.00 0.84070784 2.6764E-30 0.0000E+00 0.0000E+00 6.0576E-08 6.0576E-08 0.0000E+00 0.0000E+00 6.0576E-08 5.74E-06 6.82E-06   0.174 1.0000 7.0759E-06   1027.187
12471.00 0.84876919 2.4090E-30 0.0000E+00 0.0000E+00 6.1335E-08 6.1335E-08 0.0000E+00 0.0000E+00 6.1335E-08 5.83E-06 6.86E-06   0.164 1.0000 7.1120E-06   1028.603
12481.00 0.83980113 2.4268E-30 0.0000E+00 0.0000E+00 6.0956E-08 6.0956E-08 0.0000E+00 0.0000E+00 6.0956E-08 5.75E-06 6.85E-06   0.175 1.0000 7.1032E-06   1028.920
12491.00 0.84404910 2.2441E-30 0.0000E+00 0.0000E+00 6.0726E-08 6.0726E-08 0.0000E+00 0.0000E+00 6.0726E-08 5.74E-06 6.79E-06   0.170 1.0000 7.0410E-06   1029.380
12501.00 0.84628135 2.1041E-30 0.0000E+00 0.0000E+00 6.0232E-08 6.0232E-08 0.0000E+00 0.0000E+00 6.0232E-08 5.69E-06 6.71E-06   0.167 1.0000 6.9583E-06   1029.581
12511.00 0.85802841 1.8429E-30 0.0000E+00 0.0000E+00 6.2204E-08 6.2204E-08 0.0000E+00 0.0000E+00 6.2204E-08 5.90E-06 6.87E-06   0.153 1.0000 7.1163E-06   1032.167
12521.00 0.85045862 1.8441E-30 0.0000E+00 0.0000E+00 6.1932E-08 6.1932E-08 0.0000E+00 0.0000E+00 6.1932E-08 5.84E-06 6.86E-06   0.162 1.0000 7.1113E-06   1032.590
12531.00 0.85999173 1.6399E-30 0.0000E+00 0.0000E+00 6.2341E-08 6.2341E-08 0.0000E+00 0.0000E+00 6.2341E-08 5.90E-06 6.86E-06   0.151 1.0000 7.0974E-06   1033.663
12541.00 0.85077882 1.6595E-30 0.0000E+00 0.0000E+00 6.1957E-08 6.1957E-08 0.0000E+00 0.0000E+00 6.1957E-08 5.82E-06 6.84E-06   0.162 1.0000 7.0882E-06   1033.980
12551.00 0.83694363 1.7191E-30 0.0000E+00 0.0000E+00 6.1539E-08 6.1539E-08 0.0000E+00 0.0000E+00 6.1539E-08 5.73E-06 6.84E-06   0.178 1.0000 7.0994E-06   1034.261
12561.00 0.82876170 1.7229E-30 0.0000E+00 0.0000E+00 6.0781E-08 6.0781E-08 0.0000E+00 0.0000E+00 6.0781E-08 5.62E-06 6.77E-06   0.188 1.0000 7.0428E-06   1034.210
12571.00 0.85748458 1.3590E-30 0.0000E+00 0.0000E+00 6.2308E-08 6.2308E-08 0.0000E+00 0.0000E+00 6.2308E-08 5.85E-06 6.81E-06   0.154 1.0000 7.0580E-06   1036.363
12581.00 0.86125875 1.2570E-30 0.0000E+00 0.0000E+00 6.0387E-08 6.0387E-08 0.0000E+00 0.0000E+00 6.0387E-08 5.67E-06 6.58E-06   0.149 1.0000 6.8119E-06   1035.188
12591.00 0.86548209 1.1574E-30 0.0000E+00 0.0000E+00 6.0877E-08 6.0877E-08 0.0000E+00 0.0000E+00 6.0877E-08 5.72E-06 6.60E-06   0.144 1.0000 6.8345E-06   1036.349
12601.00 0.86024654 1.1398E-30 0.0000E+00 0.0000E+00 6.0732E-08 6.0732E-08 0.0000E+00 0.0000E+00 6.0732E-08 5.68E-06 6.60E-06   0.151 1.0000 6.8321E-06   1036.890
12611.00 0.84320736 1.2176E-30 0.0000E+00 0.0000E+00 6.1686E-08 6.1686E-08 0.0000E+00 0.0000E+00 6.1686E-08 5.70E-06 6.75E-06   0.171 1.0000 7.0130E-06   1038.496
12621.00 0.84300947 1.1566E-30 0.0000E+00 0.0000E+00 6.1758E-08 6.1758E-08 0.0000E+00 0.0000E+00 6.1758E-08 5.70E-06 6.75E-06   0.171 1.0000 7.0117E-06   1039.248
12631.00 0.84891057 1.0584E-30 0.0000E+00 0.0000E+00 6.1240E-08 6.1240E-08 0.0000E+00 0.0000E+00 6.1240E-08 5.66E-06 6.66E-06   0.164 1.0000 6.9099E-06   1039.429
12641.00 0.84036350 1.0622E-30 0.0000E+00 0.0000E+00 6.2144E-08 6.2144E-08 0.0000E+00 0.0000E+00 6.2144E-08 5.70E-06 6.78E-06   0.174 1.0000 7.0438E-06   1040.983
12651.00 0.84133118 1.0017E-30 0.0000E+00 0.0000E+00 6.2761E-08 6.2761E-08 0.0000E+00 0.0000E+00 6.2761E-08 5.75E-06 6.83E-06   0.173 1.0000 7.0958E-06   1042.255
12661.00 0.83146596 1.0100E-30 0.0000E+00 0.0000E+00 6.2320E-08 6.2320E-08 0.0000E+00 0.0000E+00 6.2320E-08 5.67E-06 6.81E-06   0.185 1.0000 7.0839E-06   1042.515
12671.00 0.84134942 9.0498E-31 0.0000E+00 0.0000E+00 6.3211E-08 6.3211E-08 0.0000E+00 0.0000E+00 6.3211E-08 5.77E-06 6.86E-06   0.173 1.0000 7.1204E-06   1044.046
12681.00 0.85459870 7.8737E-31 0.0000E+00 0.0000E+00 6.3590E-08 6.3590E-08 0.0000E+00 0.0000E+00 6.3590E-08 5.84E-06 6.83E-06   0.157 1.0000 7.0842E-06   1045.086
12691.00 0.85223150 7.5972E-31 0.0000E+00 0.0000E+00 6.3275E-08 6.3275E-08 0.0000E+00 0.0000E+00 6.3275E-08 5.79E-06 6.80E-06   0.160 1.0000 7.0488E-06   1045.471
12701.00 0.85711670 6.9780E-31 0.0000E+00 0.0000E+00 6.4035E-08 6.4035E-08 0.0000E+00 0.0000E+00 6.4035E-08 5.87E-06 6.85E-06   0.154 1.0000 7.0968E-06   1046.868
12711.00 0.85661513 6.6533E-31 0.0000E+00 0.0000E+00 6.4517E-08 6.4517E-08 0.0000E+00 0.0000E+00 6.4517E-08 5.90E-06 6.89E-06   0.155 1.0000 7.1406E-06   1048.002
12721.00 0.86468941 5.9618E-31 0.0000E+00 0.0000E+00 6.3693E-08 6.3693E-08 0.0000E+00 0.0000E+00 6.3693E-08 5.84E-06 6.76E-06   0.145 1.0000 6.9992E-06   1047.913
12731.00 0.86484540 5.6560E-31 0.0000E+00 0.0000E+00 6.3689E-08 6.3689E-08 0.0000E+00 0.0000E+00 6.3689E-08 5.83E-06 6.74E-06   0.145 1.0000 6.9861E-06   1048.590
12741.00 0.86478323 5.3743E-31 0.0000E+00 0.0000E+00 6.4856E-08 6.4856E-08 0.0000E+00 0.0000E+00 6.4856E-08 5.93E-06 6.85E-06   0.145 1.0000 7.1028E-06   1050.364
12751.00 0.86542845 5.0798E-31 0.0000E+00 0.0000E+00 6.4835E-08 6.4835E-08 0.0000E+00 0.0000E+00 6.4835E-08 5.92E-06 6.84E-06   0.145 1.0000 7.0859E-06   1051.028
12761.00 0.86614186 4.7997E-31 0.0000E+00 0.0000E+00 6.3321E-08 6.3321E-08 0.0000E+00 0.0000E+00 6.3321E-08 5.77E-06 6.66E-06   0.144 1.0000 6.9058E-06   1050.289
12771.00 0.86618519 4.5572E-31 0.0000E+00 0.0000E+00 6.4625E-08 6.4625E-08 0.0000E+00 0.0000E+00 6.4625E-08 5.88E-06 6.79E-06   0.144 1.0000 7.0362E-06   1052.198
12781.00 0.86602873 4.3334E-31 0.0000E+00 0.0000E+00 6.5453E-08 6.5453E-08 0.0000E+00 0.0000E+00 6.5453E-08 5.94E-06 6.86E-06   0.144 1.0000 7.1156E-06   1053.647
12791.00 0.86590445 4.1199E-31 0.0000E+00 0.0000E+00 6.5587E-08 6.5587E-08 0.0000E+00 0.0000E+00 6.5587E-08 5.95E-06 6.87E-06   0.144 1.0000 7.1190E-06   1054.454
12801.00 0.86585629 3.9144E-31 0.0000E+00 0.0000E+00 6.4611E-08 6.4611E-08 0.0000E+00 0.0000E+00 6.4611E-08 5.85E-06 6.75E-06   0.144 1.0000 7.0016E-06   1054.231
12811.00 0.86548489 3.7282E-31 0.0000E+00 0.0000E+00 6.5474E-08 6.5474E-08 0.0000E+00 0.0000E+00 6.5474E-08 5.91E-06 6.83E-06   0.144 1.0000 7.0852E-06   1055.715
12821.00 0.86548024 3.5412E-31 0.0000E+00 0.0000E+00 6.4802E-08 6.4802E-08 0.0000E+00 0.0000E+00 6.4802E-08 5.84E-06 6.75E-06   0.144 1.0000 7.0007E-06   1055.773
12831.00 0.86504996 3.3742E-31 0.0000E+00 0.0000E+00 6.5687E-08 6.5687E-08 0.0000E+00 0.0000E+00 6.5687E-08 5.91E-06 6.83E-06   0.145 1.0000 7.0866E-06   1057.276
12841.00 0.86504656 3.2049E-31 0.0000E+00 0.0000E+00 6.6001E-08 6.6001E-08 0.0000E+00 0.0000E+00 6.6001E-08 5.93E-06 6.85E-06   0.145 1.0000 7.1081E-06   1058.248
12851.00 0.86477637 3.0501E-31 0.0000E+00 0.0000E+00 6.6039E-08 6.6039E-08 0.0000E+00 0.0000E+00 6.6039E-08 5.92E-06 6.85E-06   0.145 1.0000 7.1013E-06   1058.965
12861.00 0.86458892 2.9010E-31 0.0000E+00 0.0000E+00 6.4808E-08 6.4808E-08 0.0000E+00 0.0000E+00 6.4808E-08 5.80E-06 6.71E-06   0.146 1.0000 6.9577E-06   1058.507
12871.00 0.86442626 2.7586E-31 0.0000E+00 0.0000E+00 6.6371E-08 6.6371E-08 0.0000E+00 0.0000E+00 6.6371E-08 5.93E-06 6.86E-06   0.146 1.0000 7.1139E-06   1060.634
12881.00 0.86413240 2.6258E-31 0.0000E+00 0.0000E+00 6.6337E-08 6.6337E-08 0.0000E+00 0.0000E+00 6.6337E-08 5.91E-06 6.84E-06   0.146 1.0000 7.0994E-06   1061.286
12891.00 0.86369115 2.5020E-31 0.0000E+00 0.0000E+00 6.6386E-08 6.6386E-08 0.0000E+00 0.0000E+00 6.6386E-08 5.91E-06 6.84E-06   0.147 1.0000 7.0944E-06   1062.013
12901.00 0.86336678 2.3821E-31 0.0000E+00 0.0000E+00 6.3293E-08 6.3293E-08 0.0000E+00 0.0000E+00 6.3293E-08 5.62E-06 6.51E-06   0.147 1.0000 6.7536E-06   1059.800
12911.00 0.86268663 2.2736E-31 0.0000E+00 0.0000E+00 6.4833E-08 6.4833E-08 0.0000E+00 0.0000E+00 6.4833E-08 5.74E-06 6.66E-06   0.148 1.0000 6.9089E-06   1061.938
12921.00 0.86220455 2.1671E-31 0.0000E+00 0.0000E+00 6.6767E-08 6.6767E-08 0.0000E+00 0.0000E+00 6.6767E-08 5.90E-06 6.85E-06   0.148 1.0000 7.1049E-06   1064.408
12931.00 0.86133027 2.0713E-31 0.0000E+00 0.0000E+00 6.6463E-08 6.6463E-08 0.0000E+00 0.0000E+00 6.6463E-08 5.86E-06 6.81E-06   0.149 1.0000 7.0646E-06   1064.812
12941.00 0.86006105 1.9854E-31 0.0000E+00 0.0000E+00 6.4918E-08 6.4918E-08 0.0000E+00 0.0000E+00 6.4918E-08 5.71E-06 6.64E-06   0.151 1.0000 6.8949E-06   1064.062
12951.00 0.85940278 1.8944E-31 0.0000E+00 0.0000E+00 6.5875E-08 6.5875E-08 0.0000E+00 0.0000E+00 6.5875E-08 5.78E-06 6.73E-06   0.152 1.0000 6.9877E-06   1065.634
12961.00 0.85852891 1.8103E-31 0.0000E+00 0.0000E+00 6.5068E-08 6.5068E-08 0.0000E+00 0.0000E+00 6.5068E-08 5.70E-06 6.64E-06   0.153 1.0000 6.8945E-06   1065.565
12971.00 0.85692304 1.7386E-31 0.0000E+00 0.0000E+00 6.6352E-08 6.6352E-08 0.0000E+00 0.0000E+00 6.6352E-08 5.80E-06 6.76E-06   0.154 1.0000 7.0270E-06   1067.438
12981.00 0.85040587 1.7267E-31 0.0000E+00 0.0000E+00 6.5819E-08 6.5819E-08 0.0000E+00 0.0000E+00 6.5819E-08 5.72E-06 6.72E-06   0.162 1.0000 6.9958E-06   1067.627
12991.00 0.84245324 1.7277E-31 0.0000E+00 0.0000E+00 6.5221E-08 6.5221E-08 0.0000E+00 0.0000E+00 6.5221E-08 5.64E-06 6.68E-06   0.171 1.0000 6.9674E-06   1067.751
13001.00 0.82913423 1.7793E-31 0.0000E+00 0.0000E+00 6.4862E-08 6.4862E-08 0.0000E+00 0.0000E+00 6.4862E-08 5.58E-06 6.67E-06   0.187 1.0000 6.9977E-06   1068.096
13011.00 0.81887603 1.7906E-31 0.0000E+00 0.0000E+00 6.4913E-08 6.4913E-08 0.0000E+00 0.0000E+00 6.4913E-08 5.55E-06 6.69E-06   0.200 1.0000 7.0635E-06   1068.825
13021.00 0.79208457 1.9511E-31 0.0000E+00 0.0000E+00 6.3233E-08 6.3233E-08 0.0000E+00 0.0000E+00 6.3233E-08 5.34E-06 6.58E-06   0.233 1.0000 7.0503E-06   1067.907
13031.00 0.76385880 2.1046E-31 0.0000E+00 0.0000E+00 6.1886E-08 6.1886E-08 0.0000E+00 0.0000E+00 6.1886E-08 5.16E-06 6.52E-06   0.269 1.0000 7.0771E-06   1067.277
13041.00 0.71847636 2.3819E-31 0.0000E+00 0.0000E+00 5.6189E-08 5.6189E-08 0.0000E+00 0.0000E+00 5.6189E-08 4.60E-06 6.03E-06   0.331 1.0000 6.7057E-06   1062.118
13051.00 0.66811514 2.6665E-31 0.0000E+00 0.0000E+00 5.2451E-08 5.2451E-08 0.0000E+00 0.0000E+00 5.2451E-08 4.15E-06 5.80E-06   0.403 1.0000 6.6213E-06   1058.668
13061.00 0.59339154 3.0998E-31 0.0000E+00 0.0000E+00 4.9637E-08 4.9637E-08 0.0000E+00 0.0000E+00 4.9637E-08 3.77E-06 5.72E-06   0.522 1.0000 6.8845E-06   1056.060
13071.00 0.51280951 3.5265E-31 0.0000E+00 0.0000E+00 4.5516E-08 4.5516E-08 0.0000E+00 0.0000E+00 4.5516E-08 3.30E-06 5.49E-06   0.668 1.0000 7.1115E-06   1051.610
13081.00 0.44367129 3.8288E-31 0.0000E+00 0.0000E+00 4.0599E-08 4.0599E-08 0.0000E+00 0.0000E+00 4.0599E-08 2.80E-06 5.15E-06   0.813 1.0000 7.1104E-06   1045.597
13091.00 0.36196426 4.1732E-31 0.0000E+00 0.0000E+00 3.4525E-08 3.4525E-08 0.0000E+00 0.0000E+00 3.4525E-08 2.21E-06 4.68E-06   1.016 1.0000 7.1062E-06   1036.928
13101.00 0.32216921 4.2113E-31 0.0000E+00 0.0000E+00 3.1358E-08 3.1358E-08 0.0000E+00 0.0000E+00 3.1358E-08 1.91E-06 4.41E-06   1.133 1.0000 7.1028E-06   1032.123
13111.00 0.35140195 3.8316E-31 0.0000E+00 0.0000E+00 3.3147E-08 3.3147E-08 0.0000E+00 0.0000E+00 3.3147E-08 2.06E-06 4.52E-06   1.046 1.0000 7.0290E-06   1035.928
13121.00 0.57724285 2.3767E-31 0.0000E+00 0.0000E+00 4.7120E-08 4.7120E-08 0.0000E+00 0.0000E+00 4.7120E-08 3.51E-06 5.40E-06   0.549 1.0000 6.7816E-06   1057.003
13131.00 0.31631801 3.6242E-31 0.0000E+00 0.0000E+00 3.0431E-08 3.0431E-08 0.0000E+00 0.0000E+00 3.0431E-08 1.81E-06 4.32E-06   1.151 1.0000 6.9749E-06   1032.403
13141.00 0.13027965 4.3930E-31 0.0000E+00 0.0000E+00 1.6694E-08 1.6694E-08 0.0000E+00 0.0000E+00 1.6694E-08 6.29E-07 3.22E-06   2.038 1.0000 7.0062E-06   1000.246
13151.00 0.12183497 4.2185E-31 0.0000E+00 0.0000E+00 1.6213E-08 1.6213E-08 0.0000E+00 0.0000E+00 1.6213E-08 6.18E-07 3.14E-06   2.105 1.0000 6.9759E-06    999.340
13161.00 0.30843666 3.1706E-31 0.0000E+00 0.0000E+00 3.1834E-08 3.1834E-08 0.0000E+00 0.0000E+00 3.1834E-08 1.91E-06 4.55E-06   1.176 1.0000 7.0394E-06   1036.927
13171.00 0.78764123 9.3030E-32 0.0000E+00 0.0000E+00 6.4269E-08 6.4269E-08 0.0000E+00 0.0000E+00 6.4269E-08 5.29E-06 6.53E-06   0.239 1.0000 7.0248E-06   1079.095
13181.00 0.85557586 5.9483E-32 0.0000E+00 0.0000E+00 6.7006E-08 6.7006E-08 0.0000E+00 0.0000E+00 6.7006E-08 5.64E-06 6.59E-06   0.156 1.0000 6.8540E-06   1082.344
13191.00 0.85719955 5.5848E-32 0.0000E+00 0.0000E+00 6.8802E-08 6.8802E-08 0.0000E+00 0.0000E+00 6.8802E-08 5.79E-06 6.75E-06   0.154 1.0000 7.0170E-06   1084.662
13201.00 0.85713542 5.3062E-32 0.0000E+00 0.0000E+00 6.8535E-08 6.8535E-08 0.0000E+00 0.0000E+00 6.8535E-08 5.75E-06 6.71E-06   0.154 1.0000 6.9786E-06   1085.102
13211.00 0.85699898 5.0444E-32 0.0000E+00 0.0000E+00 6.8631E-08 6.8631E-08 0.0000E+00 0.0000E+00 6.8631E-08 5.75E-06 6.71E-06   0.154 1.0000 6.9776E-06   1085.870
13221.00 0.85673231 4.7997E-32 0.0000E+00 0.0000E+00 6.8514E-08 6.8514E-08 0.0000E+00 0.0000E+00 6.8514E-08 5.73E-06 6.69E-06   0.155 1.0000 6.9558E-06   1086.445
13231.00 0.85644323 4.5677E-32 0.0000E+00 0.0000E+00 6.8242E-08 6.8242E-08 0.0000E+00 0.0000E+00 6.8242E-08 5.70E-06 6.65E-06   0.155 1.0000 6.9184E-06   1086.879
13241.00 0.85621130 4.3450E-32 0.0000E+00 0.0000E+00 6.9480E-08 6.9480E-08 0.0000E+00 0.0000E+00 6.9480E-08 5.79E-06 6.76E-06   0.155 1.0000 7.0339E-06   1088.677
13251.00 0.85601193 4.1324E-32 0.0000E+00 0.0000E+00 6.9782E-08 6.9782E-08 0.0000E+00 0.0000E+00 6.9782E-08 5.80E-06 6.78E-06   0.155 1.0000 7.0541E-06   1089.628
13261.00 0.85564005 3.9347E-32 0.0000E+00 0.0000E+00 7.0089E-08 7.0089E-08 0.0000E+00 0.0000E+00 7.0089E-08 5.82E-06 6.80E-06   0.156 1.0000 7.0756E-06   1090.583
13271.00 0.85549694 3.7407E-32 0.0000E+00 0.0000E+00 6.9468E-08 6.9468E-08 0.0000E+00 0.0000E+00 6.9468E-08 5.76E-06 6.73E-06   0.156 1.0000 7.0026E-06   1090.709
13281.00 0.85523516 3.5590E-32 0.0000E+00 0.0000E+00 6.8955E-08 6.8955E-08 0.0000E+00 0.0000E+00 6.8955E-08 5.70E-06 6.67E-06   0.156 1.0000 6.9412E-06   1090.929
13291.00 0.85496044 3.3865E-32 0.0000E+00 0.0000E+00 6.8806E-08 6.8806E-08 0.0000E+00 0.0000E+00 6.8806E-08 5.68E-06 6.64E-06   0.157 1.0000 6.9165E-06   1091.475
13301.00 0.85459578 3.2243E-32 0.0000E+00 0.0000E+00 6.9821E-08 6.9821E-08 0.0000E+00 0.0000E+00 6.9821E-08 5.75E-06 6.73E-06   0.157 1.0000 7.0096E-06   1093.069
13311.00 0.85443366 3.0656E-32 0.0000E+00 0.0000E+00 6.7793E-08 6.7793E-08 0.0000E+00 0.0000E+00 6.7793E-08 5.58E-06 6.53E-06   0.157 1.0000 6.7959E-06   1091.912
13321.00 0.85389632 2.9222E-32 0.0000E+00 0.0000E+00 6.9962E-08 6.9962E-08 0.0000E+00 0.0000E+00 6.9962E-08 5.74E-06 6.72E-06   0.158 1.0000 7.0050E-06   1094.557
13331.00 0.85375845 2.7780E-32 0.0000E+00 0.0000E+00 6.9421E-08 6.9421E-08 0.0000E+00 0.0000E+00 6.9421E-08 5.69E-06 6.66E-06   0.158 1.0000 6.9407E-06   1094.752
13341.00 0.85355949 2.6418E-32 0.0000E+00 0.0000E+00 6.7937E-08 6.7937E-08 0.0000E+00 0.0000E+00 6.7937E-08 5.56E-06 6.51E-06   0.158 1.0000 6.7825E-06   1094.084
13351.00 0.85340446 2.5117E-32 0.0000E+00 0.0000E+00 7.0123E-08 7.0123E-08 0.0000E+00 0.0000E+00 7.0123E-08 5.72E-06 6.71E-06   0.159 1.0000 6.9903E-06   1096.743
13361.00 0.85315347 2.3894E-32 0.0000E+00 0.0000E+00 6.9810E-08 6.9810E-08 0.0000E+00 0.0000E+00 6.9810E-08 5.69E-06 6.67E-06   0.159 1.0000 6.9490E-06   1097.144
13371.00 0.85266548 2.2768E-32 0.0000E+00 0.0000E+00 6.9837E-08 6.9837E-08 0.0000E+00 0.0000E+00 6.9837E-08 5.68E-06 6.66E-06   0.159 1.0000 6.9428E-06   1097.849
13381.00 0.85232866 2.1671E-32 0.0000E+00 0.0000E+00 7.0340E-08 7.0340E-08 0.0000E+00 0.0000E+00 7.0340E-08 5.71E-06 6.70E-06   0.160 1.0000 6.9829E-06   1098.979
13391.00 0.85204595 2.0623E-32 0.0000E+00 0.0000E+00 7.0469E-08 7.0469E-08 0.0000E+00 0.0000E+00 7.0469E-08 5.71E-06 6.70E-06   0.160 1.0000 6.9856E-06   1099.774
13401.00 0.85170680 1.9628E-32 0.0000E+00 0.0000E+00 7.0020E-08 7.0020E-08 0.0000E+00 0.0000E+00 7.0020E-08 5.66E-06 6.65E-06   0.161 1.0000 6.9311E-06   1100.054
13411.00 0.85090262 1.8743E-32 0.0000E+00 0.0000E+00 7.0767E-08 7.0767E-08 0.0000E+00 0.0000E+00 7.0767E-08 5.71E-06 6.71E-06   0.161 1.0000 6.9973E-06   1101.401
13421.00 0.85113233 1.7774E-32 0.0000E+00 0.0000E+00 6.9365E-08 6.9365E-08 0.0000E+00 0.0000E+00 6.9365E-08 5.59E-06 6.56E-06   0.161 1.0000 6.8463E-06   1100.825
13431.00 0.85003603 1.7001E-32 0.0000E+00 0.0000E+00 6.8543E-08 6.8543E-08 0.0000E+00 0.0000E+00 6.8543E-08 5.51E-06 6.48E-06   0.162 1.0000 6.7587E-06   1100.756
13441.00 0.84953392 1.6204E-32 0.0000E+00 0.0000E+00 7.0866E-08 7.0866E-08 0.0000E+00 0.0000E+00 7.0866E-08 5.68E-06 6.69E-06   0.163 1.0000 6.9782E-06   1103.531
13451.00 0.85010058 1.5330E-32 0.0000E+00 0.0000E+00 7.1036E-08 7.1036E-08 0.0000E+00 0.0000E+00 7.1036E-08 5.69E-06 6.69E-06   0.162 1.0000 6.9805E-06   1104.362
13461.00 0.84635830 1.4917E-32 0.0000E+00 0.0000E+00 7.0305E-08 7.0305E-08 0.0000E+00 0.0000E+00 7.0305E-08 5.61E-06 6.63E-06   0.167 1.0000 6.9145E-06   1104.391
13471.00 0.84560406 1.4245E-32 0.0000E+00 0.0000E+00 6.7901E-08 6.7901E-08 0.0000E+00 0.0000E+00 6.7901E-08 5.40E-06 6.39E-06   0.168 1.0000 6.6706E-06   1102.883
13481.00 0.84512025 1.3564E-32 0.0000E+00 0.0000E+00 6.8049E-08 6.8049E-08 0.0000E+00 0.0000E+00 6.8049E-08 5.41E-06 6.40E-06   0.168 1.0000 6.6756E-06   1103.698
13491.00 0.84066981 1.3254E-32 0.0000E+00 0.0000E+00 6.7780E-08 6.7780E-08 0.0000E+00 0.0000E+00 6.7780E-08 5.36E-06 6.38E-06   0.174 1.0000 6.6588E-06   1104.129
13501.00 0.84433699 1.2299E-32 0.0000E+00 0.0000E+00 7.0031E-08 7.0031E-08 0.0000E+00 0.0000E+00 7.0031E-08 5.54E-06 6.56E-06   0.169 1.0000 6.8511E-06   1106.864
13511.00 0.83799207 1.2143E-32 0.0000E+00 0.0000E+00 6.9797E-08 6.9797E-08 0.0000E+00 0.0000E+00 6.9797E-08 5.49E-06 6.55E-06   0.177 1.0000 6.8479E-06   1107.333
13521.00 0.83022177 1.2094E-32 0.0000E+00 0.0000E+00 6.9594E-08 6.9594E-08 0.0000E+00 0.0000E+00 6.9594E-08 5.44E-06 6.55E-06   0.186 1.0000 6.8549E-06   1107.828
13531.00 0.83287412 1.1320E-32 0.0000E+00 0.0000E+00 6.7596E-08 6.7596E-08 0.0000E+00 0.0000E+00 6.7596E-08 5.29E-06 6.35E-06   0.183 1.0000 6.6352E-06   1106.672
13541.00 0.82342088 1.1343E-32 0.0000E+00 0.0000E+00 6.9213E-08 6.9213E-08 0.0000E+00 0.0000E+00 6.9213E-08 5.37E-06 6.52E-06   0.194 1.0000 6.8288E-06   1108.841
13551.00 0.83232361 1.0238E-32 0.0000E+00 0.0000E+00 7.1215E-08 7.1215E-08 0.0000E+00 0.0000E+00 7.1215E-08 5.55E-06 6.66E-06   0.184 1.0000 6.9678E-06   1111.323
13561.00 0.82241398 1.0276E-32 0.0000E+00 0.0000E+00 7.0940E-08 7.0940E-08 0.0000E+00 0.0000E+00 7.0940E-08 5.49E-06 6.67E-06   0.196 1.0000 6.9805E-06   1111.757
13571.00 0.81185269 1.0359E-32 0.0000E+00 0.0000E+00 6.9988E-08 6.9988E-08 0.0000E+00 0.0000E+00 6.9988E-08 5.37E-06 6.61E-06   0.208 1.0000 6.9293E-06   1111.582
13581.00 0.80775267 1.0052E-32 0.0000E+00 0.0000E+00 6.9258E-08 6.9258E-08 0.0000E+00 0.0000E+00 6.9258E-08 5.29E-06 6.54E-06   0.213 1.0000 6.8674E-06   1111.597
13591.00 0.81904024 8.9899E-33 0.0000E+00 0.0000E+00 6.9562E-08 6.9562E-08 0.0000E+00 0.0000E+00 6.9562E-08 5.34E-06 6.52E-06   0.200 1.0000 6.8280E-06   1112.553
13601.00 0.81267756 8.8228E-33 0.0000E+00 0.0000E+00 7.0263E-08 7.0263E-08 0.0000E+00 0.0000E+00 7.0263E-08 5.37E-06 6.60E-06   0.207 1.0000 6.9178E-06   1113.867
13611.00 0.81154794 8.4425E-33 0.0000E+00 0.0000E+00 7.0993E-08 7.0993E-08 0.0000E+00 0.0000E+00 7.0993E-08 5.41E-06 6.66E-06   0.209 1.0000 6.9838E-06   1115.202
13621.00 0.82927275 7.2602E-33 0.0000E+00 0.0000E+00 7.2240E-08 7.2240E-08 0.0000E+00 0.0000E+00 7.2240E-08 5.55E-06 6.69E-06   0.187 1.0000 7.0039E-06   1116.990
13631.00 0.79523218 8.2580E-33 0.0000E+00 0.0000E+00 6.9772E-08 6.9772E-08 0.0000E+00 0.0000E+00 6.9772E-08 5.25E-06 6.59E-06   0.229 1.0000 6.9291E-06   1115.459
13641.00 0.80360579 7.5315E-33 0.0000E+00 0.0000E+00 6.9211E-08 6.9211E-08 0.0000E+00 0.0000E+00 6.9211E-08 5.22E-06 6.49E-06   0.219 1.0000 6.8141E-06   1115.626
13651.00 0.80617929 7.0598E-33 0.0000E+00 0.0000E+00 6.9562E-08 6.9562E-08 0.0000E+00 0.0000E+00 6.9562E-08 5.25E-06 6.50E-06   0.215 1.0000 6.8293E-06   1116.625
13661.00 0.74843580 8.6871E-33 0.0000E+00 0.0000E+00 6.7334E-08 6.7334E-08 0.0000E+00 0.0000E+00 6.7334E-08 4.91E-06 6.52E-06   0.290 1.0000 6.9146E-06   1115.240
13671.00 0.74369949 8.4049E-33 0.0000E+00 0.0000E+00 6.6748E-08 6.6748E-08 0.0000E+00 0.0000E+00 6.6748E-08 4.84E-06 6.46E-06   0.296 1.0000 6.8594E-06   1115.364
13681.00 0.75270379 7.7116E-33 0.0000E+00 0.0000E+00 6.6052E-08 6.6052E-08 0.0000E+00 0.0000E+00 6.6052E-08 4.82E-06 6.35E-06   0.284 1.0000 6.7477E-06   1115.378
13691.00 0.72195739 8.2489E-33 0.0000E+00 0.0000E+00 6.6265E-08 6.6265E-08 0.0000E+00 0.0000E+00 6.6265E-08 4.74E-06 6.49E-06   0.326 1.0000 6.9298E-06   1116.259
13701.00 0.76584327 6.5768E-33 0.0000E+00 0.0000E+00 6.8594E-08 6.8594E-08 0.0000E+00 0.0000E+00 6.8594E-08 5.01E-06 6.52E-06   0.267 1.0000 6.8895E-06   1119.125
13711.00 0.69531077 8.1308E-33 0.0000E+00 0.0000E+00 6.1671E-08 6.1671E-08 0.0000E+00 0.0000E+00 6.1671E-08 4.33E-06 6.12E-06   0.363 1.0000 6.5819E-06   1113.081
13721.00 0.76820993 5.9017E-33 0.0000E+00 0.0000E+00 6.6362E-08 6.6362E-08 0.0000E+00 0.0000E+00 6.6362E-08 4.86E-06 6.27E-06   0.264 1.0000 6.6556E-06   1118.381
13731.00 0.74340749 6.1501E-33 0.0000E+00 0.0000E+00 6.7186E-08 6.7186E-08 0.0000E+00 0.0000E+00 6.7186E-08 4.82E-06 6.44E-06   0.297 1.0000 6.8519E-06   1119.840
13741.00 0.66707653 7.6323E-33 0.0000E+00 0.0000E+00 6.3115E-08 6.3115E-08 0.0000E+00 0.0000E+00 6.3115E-08 4.33E-06 6.35E-06   0.405 1.0000 6.8890E-06   1116.562
13751.00 0.75584614 5.3115E-33 0.0000E+00 0.0000E+00 6.9179E-08 6.9179E-08 0.0000E+00 0.0000E+00 6.9179E-08 5.00E-06 6.55E-06   0.280 1.0000 6.9714E-06   1123.054
13761.00 0.70448291 6.0871E-33 0.0000E+00 0.0000E+00 6.5464E-08 6.5464E-08 0.0000E+00 0.0000E+00 6.5464E-08 4.60E-06 6.39E-06   0.350 1.0000 6.9003E-06   1120.222
13771.00 0.73770499 5.1426E-33 0.0000E+00 0.0000E+00 6.7251E-08 6.7251E-08 0.0000E+00 0.0000E+00 6.7251E-08 4.77E-06 6.43E-06   0.304 1.0000 6.8340E-06   1122.609
13781.00 0.69680488 5.6252E-33 0.0000E+00 0.0000E+00 6.5396E-08 6.5396E-08 0.0000E+00 0.0000E+00 6.5396E-08 4.55E-06 6.41E-06   0.361 1.0000 6.9166E-06   1121.509
13791.00 0.72535622 4.8669E-33 0.0000E+00 0.0000E+00 6.6970E-08 6.6970E-08 0.0000E+00 0.0000E+00 6.6970E-08 4.72E-06 6.43E-06   0.321 1.0000 6.8767E-06   1123.696
13801.00 0.69589859 5.0919E-33 0.0000E+00 0.0000E+00 6.4996E-08 6.4996E-08 0.0000E+00 0.0000E+00 6.4996E-08 4.53E-06 6.34E-06   0.363 1.0000 6.8804E-06   1122.470
13811.00 0.71229559 4.5843E-33 0.0000E+00 0.0000E+00 6.6293E-08 6.6293E-08 0.0000E+00 0.0000E+00 6.6293E-08 4.65E-06 6.39E-06   0.339 1.0000 6.8949E-06   1124.402
13821.00 0.67479038 4.9315E-33 0.0000E+00 0.0000E+00 6.4658E-08 6.4658E-08 0.0000E+00 0.0000E+00 6.4658E-08 4.42E-06 6.37E-06   0.393 1.0000 6.9471E-06   1123.490
13831.00 0.77381545 3.2529E-33 0.0000E+00 0.0000E+00 7.0195E-08 7.0195E-08 0.0000E+00 0.0000E+00 7.0195E-08 5.06E-06 6.49E-06   0.256 1.0000 6.8800E-06   1129.407
13841.00 0.78844285 2.8909E-33 0.0000E+00 0.0000E+00 6.8870E-08 6.8870E-08 0.0000E+00 0.0000E+00 6.8870E-08 5.00E-06 6.29E-06   0.238 1.0000 6.6572E-06   1128.864
13851.00 0.79008830 2.7173E-33 0.0000E+00 0.0000E+00 7.1287E-08 7.1287E-08 0.0000E+00 0.0000E+00 7.1287E-08 5.15E-06 6.50E-06   0.236 1.0000 6.8689E-06   1131.754
13861.00 0.79301435 2.5442E-33 0.0000E+00 0.0000E+00 7.1314E-08 7.1314E-08 0.0000E+00 0.0000E+00 7.1314E-08 5.16E-06 6.48E-06   0.232 1.0000 6.8448E-06   1132.456
13871.00 0.71676236 3.2991E-33 0.0000E+00 0.0000E+00 6.4343E-08 6.4343E-08 0.0000E+00 0.0000E+00 6.4343E-08 4.48E-06 6.11E-06   0.333 1.0000 6.6067E-06   1126.553
13881.00 0.64807129 3.9011E-33 0.0000E+00 0.0000E+00 6.2528E-08 6.2528E-08 0.0000E+00 0.0000E+00 6.2528E-08 4.17E-06 6.22E-06   0.434 1.0000 6.8443E-06   1125.411
13891.00 0.67357248 3.4445E-33 0.0000E+00 0.0000E+00 6.3850E-08 6.3850E-08 0.0000E+00 0.0000E+00 6.3850E-08 4.29E-06 6.24E-06   0.395 1.0000 6.7708E-06   1127.413
13901.00 0.66229445 3.3846E-33 0.0000E+00 0.0000E+00 6.1757E-08 6.1757E-08 0.0000E+00 0.0000E+00 6.1757E-08 4.12E-06 6.06E-06   0.412 1.0000 6.6271E-06   1125.971
13911.00 0.63041854 3.5062E-33 0.0000E+00 0.0000E+00 5.9448E-08 5.9448E-08 0.0000E+00 0.0000E+00 5.9448E-08 3.91E-06 5.95E-06   0.461 1.0000 6.5880E-06   1124.232
13921.00 0.69811183 2.7273E-33 0.0000E+00 0.0000E+00 6.4343E-08 6.4343E-08 0.0000E+00 0.0000E+00 6.4343E-08 4.40E-06 6.14E-06   0.359 1.0000 6.6696E-06   1129.926
13931.00 0.67512763 2.7813E-33 0.0000E+00 0.0000E+00 6.4639E-08 6.4639E-08 0.0000E+00 0.0000E+00 6.4639E-08 4.32E-06 6.28E-06   0.393 1.0000 6.7975E-06   1130.893
13941.00 0.68953407 2.5297E-33 0.0000E+00 0.0000E+00 6.7043E-08 6.7043E-08 0.0000E+00 0.0000E+00 6.7043E-08 4.49E-06 6.43E-06   0.372 1.0000 6.9216E-06   1133.904
13951.00 0.75781661 1.8777E-33 0.0000E+00 0.0000E+00 6.8239E-08 6.8239E-08 0.0000E+00 0.0000E+00 6.8239E-08 4.75E-06 6.25E-06   0.277 1.0000 6.6387E-06   1135.714
13961.00 0.80955249 1.3988E-33 0.0000E+00 0.0000E+00 7.3124E-08 7.3124E-08 0.0000E+00 0.0000E+00 7.3124E-08 5.24E-06 6.47E-06   0.211 1.0000 6.8145E-06   1140.853
13971.00 0.81877279 1.2639E-33 0.0000E+00 0.0000E+00 7.4008E-08 7.4008E-08 0.0000E+00 0.0000E+00 7.4008E-08 5.33E-06 6.50E-06   0.200 1.0000 6.8419E-06   1142.309
13981.00 0.81337881 1.2346E-33 0.0000E+00 0.0000E+00 7.1787E-08 7.1787E-08 0.0000E+00 0.0000E+00 7.1787E-08 5.14E-06 6.32E-06   0.207 1.0000 6.6525E-06   1141.012
13991.00 0.82074755 1.1272E-33 0.0000E+00 0.0000E+00 7.2795E-08 7.2795E-08 0.0000E+00 0.0000E+00 7.2795E-08 5.23E-06 6.37E-06   0.198 1.0000 6.6990E-06   1142.593
14001.00 0.82437235 1.0482E-33 0.0000E+00 0.0000E+00 7.5245E-08 7.5245E-08 0.0000E+00 0.0000E+00 7.5245E-08 5.41E-06 6.56E-06   0.193 1.0000 6.8966E-06   1145.423
14011.00 0.82730263 9.7903E-34 0.0000E+00 0.0000E+00 7.5123E-08 7.5123E-08 0.0000E+00 0.0000E+00 7.5123E-08 5.40E-06 6.52E-06   0.190 1.0000 6.8603E-06   1145.995
14021.00 0.82420194 9.4608E-34 0.0000E+00 0.0000E+00 7.3383E-08 7.3383E-08 0.0000E+00 0.0000E+00 7.3383E-08 5.25E-06 6.37E-06   0.193 1.0000 6.7046E-06   1145.148
14031.00 0.82933396 8.7252E-34 0.0000E+00 0.0000E+00 7.4876E-08 7.4876E-08 0.0000E+00 0.0000E+00 7.4876E-08 5.37E-06 6.47E-06   0.187 1.0000 6.8054E-06   1147.137
14041.00 0.82758558 8.3670E-34 0.0000E+00 0.0000E+00 7.4775E-08 7.4775E-08 0.0000E+00 0.0000E+00 7.4775E-08 5.35E-06 6.46E-06   0.189 1.0000 6.7943E-06   1147.728
14051.00 0.82899272 7.8826E-34 0.0000E+00 0.0000E+00 7.4878E-08 7.4878E-08 0.0000E+00 0.0000E+00 7.4878E-08 5.35E-06 6.45E-06   0.188 1.0000 6.7860E-06   1148.496
14061.00 0.82588428 7.6186E-34 0.0000E+00 0.0000E+00 7.5000E-08 7.5000E-08 0.0000E+00 0.0000E+00 7.5000E-08 5.34E-06 6.46E-06   0.191 1.0000 6.8011E-06   1149.280
14071.00 0.82416081 7.3085E-34 0.0000E+00 0.0000E+00 7.6262E-08 7.6262E-08 0.0000E+00 0.0000E+00 7.6262E-08 5.41E-06 6.57E-06   0.193 1.0000 6.9130E-06   1151.048
14081.00 0.82262641 7.0004E-34 0.0000E+00 0.0000E+00 7.6399E-08 7.6399E-08 0.0000E+00 0.0000E+00 7.6399E-08 5.41E-06 6.58E-06   0.195 1.0000 6.9222E-06   1151.845
14091.00 0.82514191 6.5546E-34 0.0000E+00 0.0000E+00 7.5836E-08 7.5836E-08 0.0000E+00 0.0000E+00 7.5836E-08 5.37E-06 6.51E-06   0.192 1.0000 6.8480E-06   1152.039
14101.00 0.82247674 6.3155E-34 0.0000E+00 0.0000E+00 7.4924E-08 7.4924E-08 0.0000E+00 0.0000E+00 7.4924E-08 5.29E-06 6.43E-06   0.195 1.0000 6.7686E-06   1151.925
14111.00 0.82617503 5.8769E-34 0.0000E+00 0.0000E+00 7.4925E-08 7.4925E-08 0.0000E+00 0.0000E+00 7.4925E-08 5.29E-06 6.40E-06   0.191 1.0000 6.7405E-06   1152.604
14121.00 0.81598759 5.9012E-34 0.0000E+00 0.0000E+00 7.6638E-08 7.6638E-08 0.0000E+00 0.0000E+00 7.6638E-08 5.37E-06 6.58E-06   0.203 1.0000 6.9338E-06   1154.763
14131.00 0.81880939 5.5240E-34 0.0000E+00 0.0000E+00 7.6667E-08 7.6667E-08 0.0000E+00 0.0000E+00 7.6667E-08 5.37E-06 6.56E-06   0.200 1.0000 6.9114E-06   1155.467
14141.00 0.82242048 5.1376E-34 0.0000E+00 0.0000E+00 7.4281E-08 7.4281E-08 0.0000E+00 0.0000E+00 7.4281E-08 5.21E-06 6.33E-06   0.196 1.0000 6.6690E-06   1154.071
14151.00 0.81336606 5.1284E-34 0.0000E+00 0.0000E+00 7.5765E-08 7.5765E-08 0.0000E+00 0.0000E+00 7.5765E-08 5.27E-06 6.48E-06   0.207 1.0000 6.8364E-06   1156.046
14161.00 0.81353509 4.8649E-34 0.0000E+00 0.0000E+00 7.5777E-08 7.5777E-08 0.0000E+00 0.0000E+00 7.5777E-08 5.27E-06 6.47E-06   0.206 1.0000 6.8263E-06   1156.734
14171.00 0.80842799 4.7430E-34 0.0000E+00 0.0000E+00 7.5559E-08 7.5559E-08 0.0000E+00 0.0000E+00 7.5559E-08 5.23E-06 6.46E-06   0.213 1.0000 6.8218E-06   1157.222
14181.00 0.80573893 4.5763E-34 0.0000E+00 0.0000E+00 7.6580E-08 7.6580E-08 0.0000E+00 0.0000E+00 7.6580E-08 5.28E-06 6.55E-06   0.216 1.0000 6.9162E-06   1158.782
14191.00 0.82019138 4.0180E-34 0.0000E+00 0.0000E+00 7.7334E-08 7.7334E-08 0.0000E+00 0.0000E+00 7.7334E-08 5.37E-06 6.55E-06   0.198 1.0000 6.9005E-06   1160.106
14201.00 0.79559773 4.3331E-34 0.0000E+00 0.0000E+00 7.5019E-08 7.5019E-08 0.0000E+00 0.0000E+00 7.5019E-08 5.13E-06 6.43E-06   0.229 1.0000 6.8083E-06   1158.783
14211.00 0.82047719 3.6223E-34 0.0000E+00 0.0000E+00 7.6445E-08 7.6445E-08 0.0000E+00 0.0000E+00 7.6445E-08 5.29E-06 6.45E-06   0.198 1.0000 6.7993E-06   1160.700
14221.00 0.80536634 3.7131E-34 0.0000E+00 0.0000E+00 7.5701E-08 7.5701E-08 0.0000E+00 0.0000E+00 7.5701E-08 5.19E-06 6.43E-06   0.216 1.0000 6.7995E-06   1160.733
14231.00 0.78531849 3.9044E-34 0.0000E+00 0.0000E+00 7.3480E-08 7.3480E-08 0.0000E+00 0.0000E+00 7.3480E-08 4.97E-06 6.31E-06   0.242 1.0000 6.6909E-06   1159.451
14241.00 0.79757148 3.4906E-34 0.0000E+00 0.0000E+00 7.4814E-08 7.4814E-08 0.0000E+00 0.0000E+00 7.4814E-08 5.09E-06 6.36E-06   0.226 1.0000 6.7352E-06   1161.311
14251.00 0.78931040 3.4552E-34 0.0000E+00 0.0000E+00 7.2813E-08 7.2813E-08 0.0000E+00 0.0000E+00 7.2813E-08 4.92E-06 6.21E-06   0.237 1.0000 6.5845E-06   1160.205
14261.00 0.80016828 3.1081E-34 0.0000E+00 0.0000E+00 7.5438E-08 7.5438E-08 0.0000E+00 0.0000E+00 7.5438E-08 5.12E-06 6.39E-06   0.223 1.0000 6.7582E-06   1163.212
14271.00 0.77997166 3.2496E-34 0.0000E+00 0.0000E+00 7.3974E-08 7.3974E-08 0.0000E+00 0.0000E+00 7.3974E-08 4.95E-06 6.33E-06   0.248 1.0000 6.7184E-06   1162.597
14281.00 0.79670411 2.8495E-34 0.0000E+00 0.0000E+00 7.5032E-08 7.5032E-08 0.0000E+00 0.0000E+00 7.5032E-08 5.06E-06 6.35E-06   0.227 1.0000 6.7221E-06   1164.209
 -9999.
