T F 2    2    2    0    2    2    2    2    2    2    1    0    0   0.0000.00000
    1    1    1    0    0    0  50.00000   0.00000   0.00000   0.00000   0.00000
 -99.000 -99.000 -99.000
 -99.00000 -99.00000 -99.00000  2.922360  0.000710 ! H2O & O3 COLUMNS [GM/CM2]
   36MID-LATITUDE SUMMER 
   5.00000   5.00000  90.00803   2.00016   0.01797   0.00000    1        0.00000
    0    0  172    0
   0.00000   0.00000   0.00000  20.00337   0.00000 180.00000   0.00000   0.00000
    9091.0   14286.0      10.0      10.0NW              
    0   0    0.000  0    0.000  0    1.000
    FREQ  TOT_TRANS  PTH_THRML  THRML_SCT  SURF_EMIS   SOL_SCAT  SING_SCAT  GRND_RFLT  DRCT_RFLT  TOTAL_RAD  REF_SOL  SOL@OBS   DEPTH DIR_EM    TOA_SUN BBODY_T[K]
 9091.00 0.97178882 6.6588E-26 0.0000E+00 0.0000E+00 3.1953E-09 3.1953E-09 0.0000E+00 0.0000E+00 3.1953E-09 6.51E-06 6.67E-06   0.029 1.0000 6.9214E-06    672.479
 9101.00 0.98004860 2.9935E-26 0.0000E+00 0.0000E+00 3.1587E-09 3.1587E-09 0.0000E+00 0.0000E+00 3.1587E-09 6.44E-06 6.56E-06   0.020 1.0000 6.7529E-06    672.705
 9111.00 0.98549670 1.2011E-26 0.0000E+00 0.0000E+00 3.1999E-09 3.1999E-09 0.0000E+00 0.0000E+00 3.1999E-09 6.52E-06 6.61E-06   0.015 1.0000 6.7702E-06    673.779
 9121.00 0.98461127 1.3913E-26 0.0000E+00 0.0000E+00 3.1998E-09 3.1998E-09 0.0000E+00 0.0000E+00 3.1998E-09 6.50E-06 6.59E-06   0.016 1.0000 6.7570E-06    674.403
 9131.00 0.98231369 2.3215E-26 0.0000E+00 0.0000E+00 3.1836E-09 3.1836E-09 0.0000E+00 0.0000E+00 3.1836E-09 6.44E-06 6.55E-06   0.018 1.0000 6.7175E-06    674.852
 9141.00 0.98907608 6.8917E-27 0.0000E+00 0.0000E+00 3.0894E-09 3.0894E-09 0.0000E+00 0.0000E+00 3.0894E-09 6.25E-06 6.31E-06   0.011 1.0000 6.4440E-06    674.438
 9151.00 0.97957933 3.0932E-26 0.0000E+00 0.0000E+00 3.2603E-09 3.2603E-09 0.0000E+00 0.0000E+00 3.2603E-09 6.55E-06 6.67E-06   0.021 1.0000 6.8615E-06    676.930
 9161.00 0.99035108 6.8769E-27 0.0000E+00 0.0000E+00 3.3566E-09 3.3566E-09 0.0000E+00 0.0000E+00 3.3566E-09 6.75E-06 6.82E-06   0.010 1.0000 6.9345E-06    678.571
 9171.00 0.98476779 1.3274E-26 0.0000E+00 0.0000E+00 3.3625E-09 3.3625E-09 0.0000E+00 0.0000E+00 3.3625E-09 6.73E-06 6.83E-06   0.015 1.0000 6.9883E-06    679.259
 9181.00 0.98900050 4.0215E-27 0.0000E+00 0.0000E+00 3.3353E-09 3.3353E-09 0.0000E+00 0.0000E+00 3.3353E-09 6.67E-06 6.74E-06   0.011 1.0000 6.8738E-06    679.602
 9191.00 0.99143803 1.9652E-27 0.0000E+00 0.0000E+00 3.3482E-09 3.3482E-09 0.0000E+00 0.0000E+00 3.3482E-09 6.68E-06 6.74E-06   0.009 1.0000 6.8531E-06    680.362
 9201.00 0.98763436 7.3377E-27 0.0000E+00 0.0000E+00 3.3006E-09 3.3006E-09 0.0000E+00 0.0000E+00 3.3006E-09 6.56E-06 6.63E-06   0.012 1.0000 6.7792E-06    680.487
 9211.00 0.98741704 7.7159E-27 0.0000E+00 0.0000E+00 3.4318E-09 3.4318E-09 0.0000E+00 0.0000E+00 3.4318E-09 6.80E-06 6.88E-06   0.013 1.0000 7.0277E-06    682.480
 9221.00 0.99052674 2.2783E-27 0.0000E+00 0.0000E+00 3.4285E-09 3.4285E-09 0.0000E+00 0.0000E+00 3.4285E-09 6.78E-06 6.84E-06   0.010 1.0000 6.9689E-06    683.072
 9231.00 0.98996937 2.8424E-27 0.0000E+00 0.0000E+00 3.3485E-09 3.3485E-09 0.0000E+00 0.0000E+00 3.3485E-09 6.60E-06 6.67E-06   0.010 1.0000 6.7955E-06    682.869
 9241.00 0.99147427 1.4869E-27 0.0000E+00 0.0000E+00 3.3631E-09 3.3631E-09 0.0000E+00 0.0000E+00 3.3631E-09 6.61E-06 6.67E-06   0.009 1.0000 6.7842E-06    683.647
 9251.00 0.99071914 1.7996E-27 0.0000E+00 0.0000E+00 3.4230E-09 3.4230E-09 0.0000E+00 0.0000E+00 3.4230E-09 6.71E-06 6.77E-06   0.009 1.0000 6.9007E-06    684.894
 9261.00 0.99122190 1.5698E-27 0.0000E+00 0.0000E+00 3.4827E-09 3.4827E-09 0.0000E+00 0.0000E+00 3.4827E-09 6.81E-06 6.87E-06   0.009 1.0000 6.9947E-06    686.130
 9271.00 0.99207366 1.0479E-27 0.0000E+00 0.0000E+00 3.4403E-09 3.4403E-09 0.0000E+00 0.0000E+00 3.4403E-09 6.71E-06 6.76E-06   0.008 1.0000 6.8762E-06    686.324
 9281.00 0.99101323 1.3738E-27 0.0000E+00 0.0000E+00 3.5179E-09 3.5179E-09 0.0000E+00 0.0000E+00 3.5179E-09 6.84E-06 6.90E-06   0.009 1.0000 7.0330E-06    687.740
 9291.00 0.99196029 9.7321E-28 0.0000E+00 0.0000E+00 3.5282E-09 3.5282E-09 0.0000E+00 0.0000E+00 3.5282E-09 6.84E-06 6.90E-06   0.008 1.0000 7.0135E-06    688.469
 9301.00 0.99157131 1.0233E-27 0.0000E+00 0.0000E+00 3.4573E-09 3.4573E-09 0.0000E+00 0.0000E+00 3.4573E-09 6.68E-06 6.74E-06   0.008 1.0000 6.8637E-06    688.376
 9311.00 0.99154586 9.7726E-28 0.0000E+00 0.0000E+00 3.5291E-09 3.5291E-09 0.0000E+00 0.0000E+00 3.5291E-09 6.80E-06 6.86E-06   0.008 1.0000 6.9849E-06    689.731
 9321.00 0.99127400 9.8567E-28 0.0000E+00 0.0000E+00 3.4869E-09 3.4869E-09 0.0000E+00 0.0000E+00 3.4869E-09 6.70E-06 6.76E-06   0.009 1.0000 6.8861E-06    689.930
 9331.00 0.99111766 9.6855E-28 0.0000E+00 0.0000E+00 3.5580E-09 3.5580E-09 0.0000E+00 0.0000E+00 3.5580E-09 6.82E-06 6.88E-06   0.009 1.0000 7.0103E-06    691.274
 9341.00 0.99086410 9.7326E-28 0.0000E+00 0.0000E+00 3.5496E-09 3.5496E-09 0.0000E+00 0.0000E+00 3.5496E-09 6.78E-06 6.84E-06   0.009 1.0000 6.9794E-06    691.816
 9351.00 0.99047053 1.0069E-27 0.0000E+00 0.0000E+00 3.4157E-09 3.4157E-09 0.0000E+00 0.0000E+00 3.4157E-09 6.51E-06 6.57E-06   0.010 1.0000 6.7060E-06    691.075
 9361.00 0.99000996 1.0524E-27 0.0000E+00 0.0000E+00 3.5275E-09 3.5275E-09 0.0000E+00 0.0000E+00 3.5275E-09 6.70E-06 6.77E-06   0.010 1.0000 6.9146E-06    692.846
 9371.00 0.98980886 1.0414E-27 0.0000E+00 0.0000E+00 3.5826E-09 3.5826E-09 0.0000E+00 0.0000E+00 3.5826E-09 6.78E-06 6.85E-06   0.010 1.0000 7.0062E-06    694.025
 9381.00 0.98971099 1.0092E-27 0.0000E+00 0.0000E+00 3.5750E-09 3.5750E-09 0.0000E+00 0.0000E+00 3.5750E-09 6.75E-06 6.82E-06   0.010 1.0000 6.9727E-06    694.576
 9391.00 0.98965704 9.7039E-28 0.0000E+00 0.0000E+00 3.6463E-09 3.6463E-09 0.0000E+00 0.0000E+00 3.6463E-09 6.87E-06 6.94E-06   0.010 1.0000 7.0927E-06    695.908
 9401.00 0.98991746 8.7599E-28 0.0000E+00 0.0000E+00 3.6311E-09 3.6311E-09 0.0000E+00 0.0000E+00 3.6311E-09 6.82E-06 6.89E-06   0.010 1.0000 7.0394E-06    696.386
 9411.00 0.99007058 8.0736E-28 0.0000E+00 0.0000E+00 3.6341E-09 3.6341E-09 0.0000E+00 0.0000E+00 3.6341E-09 6.81E-06 6.87E-06   0.010 1.0000 7.0221E-06    697.042
 9421.00 0.99023217 7.4250E-28 0.0000E+00 0.0000E+00 3.6373E-09 3.6373E-09 0.0000E+00 0.0000E+00 3.6373E-09 6.79E-06 6.86E-06   0.010 1.0000 7.0055E-06    697.700
 9431.00 0.99033976 6.9024E-28 0.0000E+00 0.0000E+00 3.6288E-09 3.6288E-09 0.0000E+00 0.0000E+00 3.6288E-09 6.76E-06 6.83E-06   0.010 1.0000 6.9676E-06    698.242
 9441.00 0.99047011 6.3858E-28 0.0000E+00 0.0000E+00 3.6296E-09 3.6296E-09 0.0000E+00 0.0000E+00 3.6296E-09 6.74E-06 6.81E-06   0.010 1.0000 6.9484E-06    698.875
 9451.00 0.99067754 5.8089E-28 0.0000E+00 0.0000E+00 3.6550E-09 3.6550E-09 0.0000E+00 0.0000E+00 3.6550E-09 6.78E-06 6.84E-06   0.009 1.0000 6.9764E-06    699.752
 9461.00 0.99091035 5.2487E-28 0.0000E+00 0.0000E+00 3.7245E-09 3.7245E-09 0.0000E+00 0.0000E+00 3.7245E-09 6.89E-06 6.95E-06   0.009 1.0000 7.0891E-06    701.058
 9471.00 0.99113017 4.7499E-28 0.0000E+00 0.0000E+00 3.7355E-09 3.7355E-09 0.0000E+00 0.0000E+00 3.7355E-09 6.90E-06 6.96E-06   0.009 1.0000 7.0904E-06    701.791
 9481.00 0.99131268 4.3301E-28 0.0000E+00 0.0000E+00 3.7425E-09 3.7425E-09 0.0000E+00 0.0000E+00 3.7425E-09 6.90E-06 6.96E-06   0.009 1.0000 7.0848E-06    702.485
 9491.00 0.99145454 3.9820E-28 0.0000E+00 0.0000E+00 3.7213E-09 3.7213E-09 0.0000E+00 0.0000E+00 3.7213E-09 6.84E-06 6.90E-06   0.009 1.0000 7.0271E-06    702.906
 9501.00 0.99154317 3.7064E-28 0.0000E+00 0.0000E+00 3.7509E-09 3.7509E-09 0.0000E+00 0.0000E+00 3.7509E-09 6.88E-06 6.94E-06   0.008 1.0000 7.0663E-06    703.819
 9511.00 0.99164069 3.4428E-28 0.0000E+00 0.0000E+00 3.7635E-09 3.7635E-09 0.0000E+00 0.0000E+00 3.7635E-09 6.89E-06 6.95E-06   0.008 1.0000 7.0729E-06    704.567
 9521.00 0.99168682 3.2351E-28 0.0000E+00 0.0000E+00 3.7697E-09 3.7697E-09 0.0000E+00 0.0000E+00 3.7697E-09 6.89E-06 6.95E-06   0.008 1.0000 7.0689E-06    705.253
 9531.00 0.99174225 3.0358E-28 0.0000E+00 0.0000E+00 3.7860E-09 3.7860E-09 0.0000E+00 0.0000E+00 3.7860E-09 6.90E-06 6.96E-06   0.008 1.0000 7.0837E-06    706.036
 9541.00 0.99186575 2.7988E-28 0.0000E+00 0.0000E+00 3.7967E-09 3.7967E-09 0.0000E+00 0.0000E+00 3.7967E-09 6.91E-06 6.96E-06   0.008 1.0000 7.0847E-06    706.765
 9551.00 0.99189913 2.6385E-28 0.0000E+00 0.0000E+00 3.7696E-09 3.7696E-09 0.0000E+00 0.0000E+00 3.7696E-09 6.84E-06 6.90E-06   0.008 1.0000 7.0183E-06    707.130
 9561.00 0.99192268 2.4933E-28 0.0000E+00 0.0000E+00 3.7378E-09 3.7378E-09 0.0000E+00 0.0000E+00 3.7378E-09 6.77E-06 6.83E-06   0.008 1.0000 6.9440E-06    707.449
 9571.00 0.99194115 2.3592E-28 0.0000E+00 0.0000E+00 3.8159E-09 3.8159E-09 0.0000E+00 0.0000E+00 3.8159E-09 6.90E-06 6.95E-06   0.008 1.0000 7.0733E-06    708.828
 9581.00 0.99195653 2.2340E-28 0.0000E+00 0.0000E+00 3.8296E-09 3.8296E-09 0.0000E+00 0.0000E+00 3.8296E-09 6.91E-06 6.96E-06   0.008 1.0000 7.0833E-06    709.585
 9591.00 0.99195844 2.1224E-28 0.0000E+00 0.0000E+00 3.8123E-09 3.8123E-09 0.0000E+00 0.0000E+00 3.8123E-09 6.86E-06 6.92E-06   0.008 1.0000 7.0362E-06    710.045
 9601.00 0.99194932 2.0220E-28 0.0000E+00 0.0000E+00 3.8552E-09 3.8552E-09 0.0000E+00 0.0000E+00 3.8552E-09 6.93E-06 6.98E-06   0.008 1.0000 7.1006E-06    711.081
 9611.00 0.99194896 1.9223E-28 0.0000E+00 0.0000E+00 3.8406E-09 3.8406E-09 0.0000E+00 0.0000E+00 3.8406E-09 6.88E-06 6.94E-06   0.008 1.0000 7.0589E-06    711.568
 9621.00 0.99193925 1.8315E-28 0.0000E+00 0.0000E+00 3.8461E-09 3.8461E-09 0.0000E+00 0.0000E+00 3.8461E-09 6.88E-06 6.94E-06   0.008 1.0000 7.0542E-06    712.247
 9631.00 0.99194056 1.7403E-28 0.0000E+00 0.0000E+00 3.8518E-09 3.8518E-09 0.0000E+00 0.0000E+00 3.8518E-09 6.88E-06 6.93E-06   0.008 1.0000 7.0494E-06    712.927
 9641.00 0.99190253 1.6702E-28 0.0000E+00 0.0000E+00 3.8345E-09 3.8345E-09 0.0000E+00 0.0000E+00 3.8345E-09 6.83E-06 6.89E-06   0.008 1.0000 7.0036E-06    713.388
 9651.00 0.99194151 1.5721E-28 0.0000E+00 0.0000E+00 3.9013E-09 3.9013E-09 0.0000E+00 0.0000E+00 3.9013E-09 6.93E-06 6.99E-06   0.008 1.0000 7.1097E-06    714.648
 9661.00 0.99194658 1.4924E-28 0.0000E+00 0.0000E+00 3.8637E-09 3.8637E-09 0.0000E+00 0.0000E+00 3.8637E-09 6.85E-06 6.91E-06   0.008 1.0000 7.0258E-06    714.918
 9671.00 0.99193221 1.4236E-28 0.0000E+00 0.0000E+00 3.8727E-09 3.8727E-09 0.0000E+00 0.0000E+00 3.8727E-09 6.85E-06 6.91E-06   0.008 1.0000 7.0276E-06    715.629
 9681.00 0.99193120 1.3537E-28 0.0000E+00 0.0000E+00 3.8700E-09 3.8700E-09 0.0000E+00 0.0000E+00 3.8700E-09 6.83E-06 6.89E-06   0.008 1.0000 7.0080E-06    716.229
 9691.00 0.99187982 1.3032E-28 0.0000E+00 0.0000E+00 3.9330E-09 3.9330E-09 0.0000E+00 0.0000E+00 3.9330E-09 6.93E-06 6.99E-06   0.008 1.0000 7.1079E-06    717.451
 9701.00 0.99187487 1.2406E-28 0.0000E+00 0.0000E+00 3.9356E-09 3.9356E-09 0.0000E+00 0.0000E+00 3.9356E-09 6.92E-06 6.98E-06   0.008 1.0000 7.0980E-06    718.101
 9711.00 0.99186319 1.1822E-28 0.0000E+00 0.0000E+00 3.9353E-09 3.9353E-09 0.0000E+00 0.0000E+00 3.9353E-09 6.91E-06 6.96E-06   0.008 1.0000 7.0827E-06    718.724
 9721.00 0.99173653 1.1614E-28 0.0000E+00 0.0000E+00 3.9457E-09 3.9457E-09 0.0000E+00 0.0000E+00 3.9457E-09 6.91E-06 6.97E-06   0.008 1.0000 7.0883E-06    719.448
 9731.00 0.99151063 1.1723E-28 0.0000E+00 0.0000E+00 3.9747E-09 3.9747E-09 0.0000E+00 0.0000E+00 3.9747E-09 6.94E-06 7.00E-06   0.009 1.0000 7.1280E-06    720.345
 9741.00 0.99167961 1.0652E-28 0.0000E+00 0.0000E+00 3.9770E-09 3.9770E-09 0.0000E+00 0.0000E+00 3.9770E-09 6.93E-06 6.99E-06   0.008 1.0000 7.1148E-06    720.992
 9751.00 0.99159664 1.0335E-28 0.0000E+00 0.0000E+00 3.9910E-09 3.9910E-09 0.0000E+00 0.0000E+00 3.9910E-09 6.94E-06 7.00E-06   0.008 1.0000 7.1256E-06    721.749
 9761.00 0.99128413 1.0816E-28 0.0000E+00 0.0000E+00 3.9901E-09 3.9901E-09 0.0000E+00 0.0000E+00 3.9901E-09 6.93E-06 6.99E-06   0.009 1.0000 7.1121E-06    722.366
 9771.00 0.99079484 1.1678E-28 0.0000E+00 0.0000E+00 4.0021E-09 4.0021E-09 0.0000E+00 0.0000E+00 4.0021E-09 6.93E-06 7.00E-06   0.009 1.0000 7.1242E-06    723.104
 9781.00 0.99137127 9.5386E-29 0.0000E+00 0.0000E+00 3.9696E-09 3.9696E-09 0.0000E+00 0.0000E+00 3.9696E-09 6.86E-06 6.92E-06   0.009 1.0000 7.0450E-06    723.426
 9791.00 0.99145329 8.8171E-29 0.0000E+00 0.0000E+00 3.9745E-09 3.9745E-09 0.0000E+00 0.0000E+00 3.9745E-09 6.86E-06 6.92E-06   0.009 1.0000 7.0386E-06    724.098
 9801.00 0.99137849 8.5429E-29 0.0000E+00 0.0000E+00 3.9921E-09 3.9921E-09 0.0000E+00 0.0000E+00 3.9921E-09 6.87E-06 6.93E-06   0.009 1.0000 7.0554E-06    724.888
 9811.00 0.99057192 1.0293E-28 0.0000E+00 0.0000E+00 3.9530E-09 3.9530E-09 0.0000E+00 0.0000E+00 3.9530E-09 6.79E-06 6.85E-06   0.009 1.0000 6.9787E-06    725.146
 9821.00 0.99161267 7.2104E-29 0.0000E+00 0.0000E+00 4.0139E-09 4.0139E-09 0.0000E+00 0.0000E+00 4.0139E-09 6.88E-06 6.94E-06   0.008 1.0000 7.0623E-06    726.342
 9831.00 0.99136335 7.3019E-29 0.0000E+00 0.0000E+00 4.0289E-09 4.0289E-09 0.0000E+00 0.0000E+00 4.0289E-09 6.89E-06 6.95E-06   0.009 1.0000 7.0767E-06    727.107
 9841.00 0.99136180 7.0385E-29 0.0000E+00 0.0000E+00 4.0257E-09 4.0257E-09 0.0000E+00 0.0000E+00 4.0257E-09 6.87E-06 6.93E-06   0.009 1.0000 7.0554E-06    727.702
 9851.00 0.99102098 7.3215E-29 0.0000E+00 0.0000E+00 4.0298E-09 4.0298E-09 0.0000E+00 0.0000E+00 4.0298E-09 6.86E-06 6.93E-06   0.009 1.0000 7.0514E-06    728.367
 9861.00 0.99127907 6.4103E-29 0.0000E+00 0.0000E+00 4.0693E-09 4.0693E-09 0.0000E+00 0.0000E+00 4.0693E-09 6.92E-06 6.98E-06   0.009 1.0000 7.1034E-06    729.357
 9871.00 0.99126363 6.1629E-29 0.0000E+00 0.0000E+00 4.0818E-09 4.0818E-09 0.0000E+00 0.0000E+00 4.0818E-09 6.92E-06 6.98E-06   0.009 1.0000 7.1106E-06    730.098
 9881.00 0.99062592 7.1113E-29 0.0000E+00 0.0000E+00 4.0880E-09 4.0880E-09 0.0000E+00 0.0000E+00 4.0880E-09 6.92E-06 6.98E-06   0.009 1.0000 7.1125E-06    730.781
 9891.00 0.99122077 5.5621E-29 0.0000E+00 0.0000E+00 4.1004E-09 4.1004E-09 0.0000E+00 0.0000E+00 4.1004E-09 6.93E-06 6.99E-06   0.009 1.0000 7.1147E-06    731.520
 9901.00 0.98980039 7.4709E-29 0.0000E+00 0.0000E+00 4.1100E-09 4.1100E-09 0.0000E+00 0.0000E+00 4.1100E-09 6.92E-06 6.99E-06   0.010 1.0000 7.1297E-06    732.233
 9911.00 0.98957986 7.6977E-29 0.0000E+00 0.0000E+00 4.1061E-09 4.1061E-09 0.0000E+00 0.0000E+00 4.1061E-09 6.90E-06 6.97E-06   0.010 1.0000 7.1100E-06    732.823
 9921.00 0.99072599 5.5681E-29 0.0000E+00 0.0000E+00 4.1239E-09 4.1239E-09 0.0000E+00 0.0000E+00 4.1239E-09 6.92E-06 6.99E-06   0.009 1.0000 7.1166E-06    733.611
 9931.00 0.99115789 4.6118E-29 0.0000E+00 0.0000E+00 4.1108E-09 4.1108E-09 0.0000E+00 0.0000E+00 4.1108E-09 6.89E-06 6.95E-06   0.009 1.0000 7.0750E-06    734.116
 9941.00 0.99100298 4.5857E-29 0.0000E+00 0.0000E+00 3.9815E-09 3.9815E-09 0.0000E+00 0.0000E+00 3.9815E-09 6.66E-06 6.72E-06   0.009 1.0000 6.8405E-06    733.538
 9951.00 0.99115098 4.2016E-29 0.0000E+00 0.0000E+00 3.9062E-09 3.9062E-09 0.0000E+00 0.0000E+00 3.9062E-09 6.52E-06 6.57E-06   0.009 1.0000 6.6965E-06    733.444
 9961.00 0.99077916 4.4446E-29 0.0000E+00 0.0000E+00 4.1020E-09 4.1020E-09 0.0000E+00 0.0000E+00 4.1020E-09 6.83E-06 6.89E-06   0.009 1.0000 7.0208E-06    735.911
 9971.00 0.99095273 3.9638E-29 0.0000E+00 0.0000E+00 4.1510E-09 4.1510E-09 0.0000E+00 0.0000E+00 4.1510E-09 6.90E-06 6.96E-06   0.009 1.0000 7.0893E-06    736.986
 9981.00 0.98978937 4.9639E-29 0.0000E+00 0.0000E+00 4.1837E-09 4.1837E-09 0.0000E+00 0.0000E+00 4.1837E-09 6.93E-06 7.00E-06   0.010 1.0000 7.1451E-06    737.908
 9991.00 0.99128544 3.2826E-29 0.0000E+00 0.0000E+00 4.1991E-09 4.1991E-09 0.0000E+00 0.0000E+00 4.1991E-09 6.95E-06 7.01E-06   0.009 1.0000 7.1388E-06    738.672
10001.00 0.99096113 3.4003E-29 0.0000E+00 0.0000E+00 4.1842E-09 4.1842E-09 0.0000E+00 0.0000E+00 4.1842E-09 6.91E-06 6.97E-06   0.009 1.0000 7.1031E-06    739.163
10011.00 0.99116063 3.0706E-29 0.0000E+00 0.0000E+00 4.2012E-09 4.2012E-09 0.0000E+00 0.0000E+00 4.2012E-09 6.92E-06 6.98E-06   0.009 1.0000 7.1150E-06    739.942
10021.00 0.99113053 2.9380E-29 0.0000E+00 0.0000E+00 4.2192E-09 4.2192E-09 0.0000E+00 0.0000E+00 4.2192E-09 6.94E-06 7.00E-06   0.009 1.0000 7.1310E-06    740.730
10031.00 0.99129981 2.6644E-29 0.0000E+00 0.0000E+00 4.2289E-09 4.2289E-09 0.0000E+00 0.0000E+00 4.2289E-09 6.94E-06 7.00E-06   0.009 1.0000 7.1318E-06    741.443
10041.00 0.99127001 2.5469E-29 0.0000E+00 0.0000E+00 4.2280E-09 4.2280E-09 0.0000E+00 0.0000E+00 4.2280E-09 6.92E-06 6.98E-06   0.009 1.0000 7.1164E-06    742.059
10051.00 0.99127489 2.4190E-29 0.0000E+00 0.0000E+00 4.2384E-09 4.2384E-09 0.0000E+00 0.0000E+00 4.2384E-09 6.93E-06 6.99E-06   0.009 1.0000 7.1191E-06    742.779
10061.00 0.99116367 2.3594E-29 0.0000E+00 0.0000E+00 4.2520E-09 4.2520E-09 0.0000E+00 0.0000E+00 4.2520E-09 6.93E-06 7.00E-06   0.009 1.0000 7.1296E-06    743.526
10071.00 0.99060595 2.5925E-29 0.0000E+00 0.0000E+00 4.2490E-09 4.2490E-09 0.0000E+00 0.0000E+00 4.2490E-09 6.91E-06 6.98E-06   0.009 1.0000 7.1221E-06    744.124
10081.00 0.99100226 2.2181E-29 0.0000E+00 0.0000E+00 4.2521E-09 4.2521E-09 0.0000E+00 0.0000E+00 4.2521E-09 6.90E-06 6.97E-06   0.009 1.0000 7.1031E-06    744.777
10091.00 0.99079221 2.2107E-29 0.0000E+00 0.0000E+00 4.2467E-09 4.2467E-09 0.0000E+00 0.0000E+00 4.2467E-09 6.88E-06 6.95E-06   0.009 1.0000 7.0846E-06    745.353
10101.00 0.99049592 2.2453E-29 0.0000E+00 0.0000E+00 4.2219E-09 4.2219E-09 0.0000E+00 0.0000E+00 4.2219E-09 6.83E-06 6.89E-06   0.010 1.0000 7.0367E-06    745.754
10111.00 0.99108303 1.8627E-29 0.0000E+00 0.0000E+00 4.2278E-09 4.2278E-09 0.0000E+00 0.0000E+00 4.2278E-09 6.82E-06 6.88E-06   0.009 1.0000 7.0192E-06    746.432
10121.00 0.99053466 2.0234E-29 0.0000E+00 0.0000E+00 4.2816E-09 4.2816E-09 0.0000E+00 0.0000E+00 4.2816E-09 6.89E-06 6.96E-06   0.010 1.0000 7.1091E-06    747.542
10131.00 0.99024481 2.0556E-29 0.0000E+00 0.0000E+00 4.2668E-09 4.2668E-09 0.0000E+00 0.0000E+00 4.2668E-09 6.86E-06 6.92E-06   0.010 1.0000 7.0756E-06    748.034
10141.00 0.99052727 1.8196E-29 0.0000E+00 0.0000E+00 4.2856E-09 4.2856E-09 0.0000E+00 0.0000E+00 4.2856E-09 6.87E-06 6.94E-06   0.010 1.0000 7.0813E-06    748.827
10151.00 0.98815203 2.8168E-29 0.0000E+00 0.0000E+00 4.2804E-09 4.2804E-09 0.0000E+00 0.0000E+00 4.2804E-09 6.84E-06 6.92E-06   0.012 1.0000 7.1130E-06    749.405
10161.00 0.98918021 2.2573E-29 0.0000E+00 0.0000E+00 4.2871E-09 4.2871E-09 0.0000E+00 0.0000E+00 4.2871E-09 6.84E-06 6.92E-06   0.011 1.0000 7.0884E-06    750.090
10171.00 0.98680121 3.9415E-29 0.0000E+00 0.0000E+00 4.2671E-09 4.2671E-09 0.0000E+00 0.0000E+00 4.2671E-09 6.79E-06 6.88E-06   0.013 1.0000 7.0885E-06    750.535
10181.00 0.98616767 3.9278E-29 0.0000E+00 0.0000E+00 4.2960E-09 4.2960E-09 0.0000E+00 0.0000E+00 4.2960E-09 6.82E-06 6.91E-06   0.014 1.0000 7.1238E-06    751.419
10191.00 0.98602527 3.9646E-29 0.0000E+00 0.0000E+00 4.3234E-09 4.3234E-09 0.0000E+00 0.0000E+00 4.3234E-09 6.85E-06 6.94E-06   0.014 1.0000 7.1342E-06    752.289
10201.00 0.97654295 1.4967E-28 0.0000E+00 0.0000E+00 4.2138E-09 4.2138E-09 0.0000E+00 0.0000E+00 4.2138E-09 6.64E-06 6.77E-06   0.024 1.0000 7.0727E-06    751.923
10211.00 0.97450280 2.0043E-28 0.0000E+00 0.0000E+00 4.1815E-09 4.1815E-09 0.0000E+00 0.0000E+00 4.1815E-09 6.57E-06 6.71E-06   0.026 1.0000 7.0352E-06    752.250
10221.00 0.97003365 2.9019E-28 0.0000E+00 0.0000E+00 4.1937E-09 4.1937E-09 0.0000E+00 0.0000E+00 4.1937E-09 6.57E-06 6.73E-06   0.030 1.0000 7.0526E-06    752.986
10231.00 0.97843534 1.0712E-28 0.0000E+00 0.0000E+00 4.2824E-09 4.2824E-09 0.0000E+00 0.0000E+00 4.2824E-09 6.71E-06 6.84E-06   0.022 1.0000 7.0865E-06    754.417
10241.00 0.96209365 4.4628E-28 0.0000E+00 0.0000E+00 4.1446E-09 4.1446E-09 0.0000E+00 0.0000E+00 4.1446E-09 6.45E-06 6.64E-06   0.039 1.0000 7.0343E-06    753.778
10251.00 0.95330602 7.1612E-28 0.0000E+00 0.0000E+00 4.1828E-09 4.1828E-09 0.0000E+00 0.0000E+00 4.1828E-09 6.49E-06 6.70E-06   0.048 1.0000 7.1175E-06    754.755
10261.00 0.95190048 7.6975E-28 0.0000E+00 0.0000E+00 4.1239E-09 4.1239E-09 0.0000E+00 0.0000E+00 4.1239E-09 6.38E-06 6.60E-06   0.049 1.0000 7.0004E-06    754.831
10271.00 0.96009922 4.1620E-28 0.0000E+00 0.0000E+00 4.1715E-09 4.1715E-09 0.0000E+00 0.0000E+00 4.1715E-09 6.44E-06 6.65E-06   0.041 1.0000 7.0253E-06    755.897
10281.00 0.96337229 3.8982E-28 0.0000E+00 0.0000E+00 4.2741E-09 4.2741E-09 0.0000E+00 0.0000E+00 4.2741E-09 6.60E-06 6.79E-06   0.037 1.0000 7.1074E-06    757.461
10291.00 0.96232647 6.2510E-28 0.0000E+00 0.0000E+00 4.2944E-09 4.2944E-09 0.0000E+00 0.0000E+00 4.2944E-09 6.62E-06 6.81E-06   0.038 1.0000 7.1198E-06    758.269
10301.00 0.96771842 4.5727E-28 0.0000E+00 0.0000E+00 4.2892E-09 4.2892E-09 0.0000E+00 0.0000E+00 4.2892E-09 6.61E-06 6.78E-06   0.033 1.0000 7.0598E-06    758.846
10311.00 0.97226453 3.1544E-28 0.0000E+00 0.0000E+00 4.3403E-09 4.3403E-09 0.0000E+00 0.0000E+00 4.3403E-09 6.68E-06 6.84E-06   0.028 1.0000 7.1065E-06    759.930
10321.00 0.97207546 2.9071E-28 0.0000E+00 0.0000E+00 4.3276E-09 4.3276E-09 0.0000E+00 0.0000E+00 4.3276E-09 6.65E-06 6.80E-06   0.028 1.0000 7.0834E-06    760.439
10331.00 0.96106827 5.8327E-28 0.0000E+00 0.0000E+00 4.2654E-09 4.2654E-09 0.0000E+00 0.0000E+00 4.2654E-09 6.52E-06 6.71E-06   0.040 1.0000 7.0410E-06    760.499
10341.00 0.93667412 9.0473E-28 0.0000E+00 0.0000E+00 4.1306E-09 4.1306E-09 0.0000E+00 0.0000E+00 4.1306E-09 6.25E-06 6.55E-06   0.065 1.0000 7.0807E-06    759.874
10351.00 0.93290740 7.6787E-28 0.0000E+00 0.0000E+00 4.0438E-09 4.0438E-09 0.0000E+00 0.0000E+00 4.0438E-09 6.09E-06 6.41E-06   0.069 1.0000 6.9482E-06    759.672
10361.00 0.94781446 5.4191E-28 0.0000E+00 0.0000E+00 4.1317E-09 4.1317E-09 0.0000E+00 0.0000E+00 4.1317E-09 6.24E-06 6.50E-06   0.054 1.0000 7.0420E-06    761.128
10371.00 0.93298584 1.1484E-27 0.0000E+00 0.0000E+00 4.0358E-09 4.0358E-09 0.0000E+00 0.0000E+00 4.0358E-09 6.07E-06 6.35E-06   0.069 1.0000 7.0259E-06    760.839
10381.00 0.95011169 5.6379E-28 0.0000E+00 0.0000E+00 4.1774E-09 4.1774E-09 0.0000E+00 0.0000E+00 4.1774E-09 6.30E-06 6.53E-06   0.051 1.0000 7.0297E-06    762.800
10391.00 0.90779775 1.3165E-27 0.0000E+00 0.0000E+00 3.9232E-09 3.9232E-09 0.0000E+00 0.0000E+00 3.9232E-09 5.83E-06 6.21E-06   0.097 1.0000 7.0152E-06    760.983
10401.00 0.95510197 3.4320E-28 0.0000E+00 0.0000E+00 4.2023E-09 4.2023E-09 0.0000E+00 0.0000E+00 4.2023E-09 6.32E-06 6.53E-06   0.046 1.0000 7.1156E-06    764.278
10411.00 0.91898698 8.2497E-28 0.0000E+00 0.0000E+00 4.0204E-09 4.0204E-09 0.0000E+00 0.0000E+00 4.0204E-09 5.96E-06 6.32E-06   0.084 1.0000 7.0090E-06    763.175
10421.00 0.90880769 7.4728E-28 0.0000E+00 0.0000E+00 3.8952E-09 3.8952E-09 0.0000E+00 0.0000E+00 3.8952E-09 5.74E-06 6.13E-06   0.096 1.0000 7.1097E-06    762.567
10431.00 0.92628759 6.3573E-28 0.0000E+00 0.0000E+00 4.0272E-09 4.0272E-09 0.0000E+00 0.0000E+00 4.0272E-09 5.97E-06 6.27E-06   0.077 1.0000 7.1282E-06    764.482
10441.00 0.93712896 4.6793E-28 0.0000E+00 0.0000E+00 4.1277E-09 4.1277E-09 0.0000E+00 0.0000E+00 4.1277E-09 6.13E-06 6.40E-06   0.065 1.0000 7.0319E-06    766.065
10451.00 0.91187793 6.3631E-28 0.0000E+00 0.0000E+00 3.8830E-09 3.8830E-09 0.0000E+00 0.0000E+00 3.8830E-09 5.73E-06 6.03E-06   0.092 1.0000 7.0411E-06    764.305
10461.00 0.90539354 5.8887E-28 0.0000E+00 0.0000E+00 3.8811E-09 3.8811E-09 0.0000E+00 0.0000E+00 3.8811E-09 5.68E-06 6.05E-06   0.099 1.0000 7.0152E-06    764.905
10471.00 0.91021204 1.1600E-27 0.0000E+00 0.0000E+00 3.7325E-09 3.7325E-09 0.0000E+00 0.0000E+00 3.7325E-09 5.48E-06 5.78E-06   0.094 1.0000 6.6482E-06    764.010
10481.00 0.91571426 9.3479E-28 0.0000E+00 0.0000E+00 3.9544E-09 3.9544E-09 0.0000E+00 0.0000E+00 3.9544E-09 5.80E-06 6.10E-06   0.088 1.0000 6.9292E-06    766.874
10491.00 0.90132612 9.1868E-28 0.0000E+00 0.0000E+00 3.9354E-09 3.9354E-09 0.0000E+00 0.0000E+00 3.9354E-09 5.73E-06 6.10E-06   0.104 1.0000 7.0576E-06    767.306
10501.00 0.83995026 2.5614E-27 0.0000E+00 0.0000E+00 3.6392E-09 3.6392E-09 0.0000E+00 0.0000E+00 3.6392E-09 5.22E-06 5.70E-06   0.174 1.0000 7.1082E-06    764.883
10511.00 0.93893367 4.2895E-28 0.0000E+00 0.0000E+00 4.2369E-09 4.2369E-09 0.0000E+00 0.0000E+00 4.2369E-09 6.20E-06 6.48E-06   0.063 1.0000 7.0870E-06    771.440
10521.00 0.86158580 2.4543E-27 0.0000E+00 0.0000E+00 3.7287E-09 3.7287E-09 0.0000E+00 0.0000E+00 3.7287E-09 5.34E-06 5.81E-06   0.149 1.0000 7.0837E-06    767.063
10531.00 0.86265290 2.1315E-27 0.0000E+00 0.0000E+00 3.8007E-09 3.8007E-09 0.0000E+00 0.0000E+00 3.8007E-09 5.45E-06 5.89E-06   0.148 1.0000 7.1337E-06    768.426
10541.00 0.85615790 2.4479E-27 0.0000E+00 0.0000E+00 3.8689E-09 3.8689E-09 0.0000E+00 0.0000E+00 3.8689E-09 5.51E-06 6.02E-06   0.155 1.0000 7.1238E-06    769.738
10551.00 0.86986899 1.4112E-27 0.0000E+00 0.0000E+00 3.8450E-09 3.8450E-09 0.0000E+00 0.0000E+00 3.8450E-09 5.47E-06 5.96E-06   0.139 1.0000 7.1123E-06    770.115
10561.00 0.87128323 1.2448E-27 0.0000E+00 0.0000E+00 3.8606E-09 3.8606E-09 0.0000E+00 0.0000E+00 3.8606E-09 5.47E-06 5.99E-06   0.138 1.0000 7.0759E-06    770.892
10571.00 0.81147605 2.4421E-27 0.0000E+00 0.0000E+00 3.5627E-09 3.5627E-09 0.0000E+00 0.0000E+00 3.5627E-09 4.98E-06 5.58E-06   0.209 1.0000 7.0632E-06    768.380
10581.00 0.87800676 1.1528E-27 0.0000E+00 0.0000E+00 3.9030E-09 3.9030E-09 0.0000E+00 0.0000E+00 3.9030E-09 5.54E-06 5.99E-06   0.130 1.0000 7.0083E-06    772.557
10591.00 0.77359003 4.1245E-27 0.0000E+00 0.0000E+00 3.3723E-09 3.3723E-09 0.0000E+00 0.0000E+00 3.3723E-09 4.68E-06 5.29E-06   0.257 1.0000 6.9242E-06    767.485
10601.00 0.79958880 3.2758E-27 0.0000E+00 0.0000E+00 3.6032E-09 3.6032E-09 0.0000E+00 0.0000E+00 3.6032E-09 5.02E-06 5.61E-06   0.224 1.0000 7.0103E-06    770.670
10611.00 0.85426664 1.8230E-27 0.0000E+00 0.0000E+00 3.8736E-09 3.8736E-09 0.0000E+00 0.0000E+00 3.8736E-09 5.44E-06 5.94E-06   0.158 1.0000 7.0013E-06    774.118
10621.00 0.88815242 5.8855E-28 0.0000E+00 0.0000E+00 3.8608E-09 3.8608E-09 0.0000E+00 0.0000E+00 3.8608E-09 5.43E-06 5.89E-06   0.119 1.0000 6.6904E-06    774.605
10631.00 0.88758647 4.1834E-28 0.0000E+00 0.0000E+00 4.0173E-09 4.0173E-09 0.0000E+00 0.0000E+00 4.0173E-09 5.63E-06 6.12E-06   0.119 1.0000 6.9249E-06    776.788
10641.00 0.91982877 3.0521E-28 0.0000E+00 0.0000E+00 4.3122E-09 4.3122E-09 0.0000E+00 0.0000E+00 4.3122E-09 6.10E-06 6.48E-06   0.084 1.0000 7.0679E-06    780.214
10651.00 0.82297254 1.7636E-27 0.0000E+00 0.0000E+00 3.7841E-09 3.7841E-09 0.0000E+00 0.0000E+00 3.7841E-09 5.21E-06 5.84E-06   0.195 1.0000 7.0860E-06    775.672
10661.00 0.75035000 3.0364E-27 0.0000E+00 0.0000E+00 3.4252E-09 3.4252E-09 0.0000E+00 0.0000E+00 3.4252E-09 4.61E-06 5.39E-06   0.287 1.0000 7.1135E-06    772.394
10671.00 0.75826877 2.6351E-27 0.0000E+00 0.0000E+00 3.4490E-09 3.4490E-09 0.0000E+00 0.0000E+00 3.4490E-09 4.64E-06 5.40E-06   0.277 1.0000 7.1053E-06    773.279
10681.00 0.77051824 2.0270E-27 0.0000E+00 0.0000E+00 3.4419E-09 3.4419E-09 0.0000E+00 0.0000E+00 3.4419E-09 4.67E-06 5.32E-06   0.261 1.0000 7.0271E-06    773.814
10691.00 0.79945934 1.8889E-27 0.0000E+00 0.0000E+00 3.5647E-09 3.5647E-09 0.0000E+00 0.0000E+00 3.5647E-09 4.88E-06 5.45E-06   0.224 1.0000 7.0496E-06    775.798
10701.00 0.72660750 2.4407E-27 0.0000E+00 0.0000E+00 3.1716E-09 3.1716E-09 0.0000E+00 0.0000E+00 3.1716E-09 4.25E-06 4.93E-06   0.319 1.0000 7.1224E-06    771.866
10711.00 0.82768589 7.8247E-28 0.0000E+00 0.0000E+00 3.6761E-09 3.6761E-09 0.0000E+00 0.0000E+00 3.6761E-09 5.04E-06 5.55E-06   0.189 1.0000 7.1299E-06    778.237
10721.00 0.85276681 4.4548E-28 0.0000E+00 0.0000E+00 3.7778E-09 3.7778E-09 0.0000E+00 0.0000E+00 3.7778E-09 5.21E-06 5.64E-06   0.159 1.0000 7.1129E-06    779.928
10731.00 0.86764091 4.2830E-28 0.0000E+00 0.0000E+00 3.7612E-09 3.7612E-09 0.0000E+00 0.0000E+00 3.7612E-09 5.19E-06 5.61E-06   0.142 1.0000 7.0795E-06    780.371
10741.00 0.92302418 1.6022E-28 0.0000E+00 0.0000E+00 4.2165E-09 4.2165E-09 0.0000E+00 0.0000E+00 4.2165E-09 5.89E-06 6.16E-06   0.080 1.0000 7.1186E-06    785.525
10751.00 0.95719892 2.6442E-29 0.0000E+00 0.0000E+00 4.3971E-09 4.3971E-09 0.0000E+00 0.0000E+00 4.3971E-09 6.16E-06 6.37E-06   0.044 1.0000 7.0904E-06    787.824
10761.00 0.97164994 9.8894E-30 0.0000E+00 0.0000E+00 4.5464E-09 4.5464E-09 0.0000E+00 0.0000E+00 4.5464E-09 6.39E-06 6.55E-06   0.029 1.0000 7.0349E-06    789.788
10771.00 0.95945191 3.6005E-29 0.0000E+00 0.0000E+00 4.6026E-09 4.6026E-09 0.0000E+00 0.0000E+00 4.6026E-09 6.43E-06 6.65E-06   0.041 1.0000 7.1304E-06    790.904
10781.00 0.97142786 1.7085E-29 0.0000E+00 0.0000E+00 4.7459E-09 4.7459E-09 0.0000E+00 0.0000E+00 4.7459E-09 6.64E-06 6.81E-06   0.029 1.0000 7.1406E-06    792.767
10791.00 0.97921681 5.2866E-30 0.0000E+00 0.0000E+00 4.7295E-09 4.7295E-09 0.0000E+00 0.0000E+00 4.7295E-09 6.62E-06 6.75E-06   0.021 1.0000 6.9990E-06    793.249
10801.00 0.97632837 6.9943E-30 0.0000E+00 0.0000E+00 4.6020E-09 4.6020E-09 0.0000E+00 0.0000E+00 4.6020E-09 6.42E-06 6.57E-06   0.024 1.0000 6.8221E-06    792.765
10811.00 0.96670085 1.4855E-29 0.0000E+00 0.0000E+00 4.6702E-09 4.6702E-09 0.0000E+00 0.0000E+00 4.6702E-09 6.48E-06 6.68E-06   0.034 1.0000 6.9842E-06    793.982
10821.00 0.97409928 6.5177E-30 0.0000E+00 0.0000E+00 4.6621E-09 4.6621E-09 0.0000E+00 0.0000E+00 4.6621E-09 6.47E-06 6.64E-06   0.026 1.0000 6.9254E-06    794.533
10831.00 0.97720951 4.5497E-30 0.0000E+00 0.0000E+00 4.5210E-09 4.5210E-09 0.0000E+00 0.0000E+00 4.5210E-09 6.27E-06 6.41E-06   0.023 1.0000 6.6572E-06    793.910
10841.00 0.97786862 4.8890E-30 0.0000E+00 0.0000E+00 4.6879E-09 4.6879E-09 0.0000E+00 0.0000E+00 4.6879E-09 6.50E-06 6.63E-06   0.022 1.0000 6.8867E-06    796.001
10851.00 0.97436082 7.7067E-30 0.0000E+00 0.0000E+00 4.6353E-09 4.6353E-09 0.0000E+00 0.0000E+00 4.6353E-09 6.40E-06 6.56E-06   0.026 1.0000 6.8426E-06    796.164
10861.00 0.98327279 1.8192E-30 0.0000E+00 0.0000E+00 4.8151E-09 4.8151E-09 0.0000E+00 0.0000E+00 4.8151E-09 6.66E-06 6.77E-06   0.017 1.0000 6.9906E-06    798.335
10871.00 0.97763991 4.2688E-30 0.0000E+00 0.0000E+00 4.8086E-09 4.8086E-09 0.0000E+00 0.0000E+00 4.8086E-09 6.63E-06 6.76E-06   0.023 1.0000 7.0910E-06    798.903
10881.00 0.97047710 9.9884E-30 0.0000E+00 0.0000E+00 4.8419E-09 4.8419E-09 0.0000E+00 0.0000E+00 4.8419E-09 6.64E-06 6.82E-06   0.030 1.0000 7.1322E-06    799.807
10891.00 0.95179951 2.1300E-29 0.0000E+00 0.0000E+00 4.6829E-09 4.6829E-09 0.0000E+00 0.0000E+00 4.6829E-09 6.37E-06 6.63E-06   0.049 1.0000 7.0869E-06    799.066
10901.00 0.95412040 1.9689E-29 0.0000E+00 0.0000E+00 4.6571E-09 4.6571E-09 0.0000E+00 0.0000E+00 4.6571E-09 6.32E-06 6.57E-06   0.047 1.0000 7.0299E-06    799.462
10911.00 0.96648359 1.0108E-29 0.0000E+00 0.0000E+00 4.8297E-09 4.8297E-09 0.0000E+00 0.0000E+00 4.8297E-09 6.57E-06 6.77E-06   0.034 1.0000 7.1167E-06    801.570
10921.00 0.93069285 3.6115E-29 0.0000E+00 0.0000E+00 4.5966E-09 4.5966E-09 0.0000E+00 0.0000E+00 4.5966E-09 6.17E-06 6.52E-06   0.072 1.0000 7.1418E-06    800.171
10931.00 0.97308338 4.6333E-30 0.0000E+00 0.0000E+00 4.8472E-09 4.8472E-09 0.0000E+00 0.0000E+00 4.8472E-09 6.59E-06 6.76E-06   0.027 1.0000 7.0585E-06    802.962
10941.00 0.93270671 3.5070E-29 0.0000E+00 0.0000E+00 4.6834E-09 4.6834E-09 0.0000E+00 0.0000E+00 4.6834E-09 6.27E-06 6.60E-06   0.070 1.0000 7.1797E-06    802.177
10951.00 0.93860799 2.8695E-29 0.0000E+00 0.0000E+00 4.7536E-09 4.7536E-09 0.0000E+00 0.0000E+00 4.7536E-09 6.36E-06 6.68E-06   0.063 1.0000 7.2169E-06    803.407
10961.00 0.94844937 2.7619E-29 0.0000E+00 0.0000E+00 4.7541E-09 4.7541E-09 0.0000E+00 0.0000E+00 4.7541E-09 6.38E-06 6.63E-06   0.053 1.0000 7.0517E-06    804.032
10971.00 0.96370554 1.1442E-29 0.0000E+00 0.0000E+00 4.7752E-09 4.7752E-09 0.0000E+00 0.0000E+00 4.7752E-09 6.42E-06 6.62E-06   0.037 1.0000 6.9688E-06    804.835
10981.00 0.94665164 2.1022E-29 0.0000E+00 0.0000E+00 4.7479E-09 4.7479E-09 0.0000E+00 0.0000E+00 4.7479E-09 6.34E-06 6.61E-06   0.055 1.0000 7.0849E-06    805.222
10991.00 0.94669646 1.9856E-29 0.0000E+00 0.0000E+00 4.6905E-09 4.6905E-09 0.0000E+00 0.0000E+00 4.6905E-09 6.24E-06 6.52E-06   0.055 1.0000 6.9574E-06    805.344
11001.00 0.94441295 2.7613E-29 0.0000E+00 0.0000E+00 4.6047E-09 4.6047E-09 0.0000E+00 0.0000E+00 4.6047E-09 6.13E-06 6.38E-06   0.057 1.0000 6.8715E-06    805.208
11011.00 0.93425077 2.6484E-29 0.0000E+00 0.0000E+00 4.6842E-09 4.6842E-09 0.0000E+00 0.0000E+00 4.6842E-09 6.20E-06 6.51E-06   0.068 1.0000 7.0129E-06    806.530
11021.00 0.92870295 3.8210E-29 0.0000E+00 0.0000E+00 4.7747E-09 4.7747E-09 0.0000E+00 0.0000E+00 4.7747E-09 6.31E-06 6.62E-06   0.074 1.0000 7.1591E-06    807.937
11031.00 0.95963341 9.0887E-30 0.0000E+00 0.0000E+00 4.8393E-09 4.8393E-09 0.0000E+00 0.0000E+00 4.8393E-09 6.42E-06 6.64E-06   0.041 1.0000 6.9952E-06    809.113
11041.00 0.96884865 7.0488E-30 0.0000E+00 0.0000E+00 5.0397E-09 5.0397E-09 0.0000E+00 0.0000E+00 5.0397E-09 6.70E-06 6.88E-06   0.032 1.0000 7.1647E-06    811.412
11051.00 0.97393346 3.4732E-30 0.0000E+00 0.0000E+00 5.1085E-09 5.1085E-09 0.0000E+00 0.0000E+00 5.1085E-09 6.79E-06 6.95E-06   0.026 1.0000 7.2125E-06    812.597
11061.00 0.97795850 2.2252E-30 0.0000E+00 0.0000E+00 5.1329E-09 5.1329E-09 0.0000E+00 0.0000E+00 5.1329E-09 6.82E-06 6.96E-06   0.022 1.0000 7.1991E-06    813.417
11071.00 0.95216757 1.8562E-29 0.0000E+00 0.0000E+00 4.9520E-09 4.9520E-09 0.0000E+00 0.0000E+00 4.9520E-09 6.52E-06 6.75E-06   0.049 1.0000 7.1309E-06    812.550
11081.00 0.92435658 3.6190E-29 0.0000E+00 0.0000E+00 4.6679E-09 4.6679E-09 0.0000E+00 0.0000E+00 4.6679E-09 6.09E-06 6.40E-06   0.079 1.0000 6.9276E-06    810.729
11091.00 0.93867987 1.6960E-29 0.0000E+00 0.0000E+00 4.5359E-09 4.5359E-09 0.0000E+00 0.0000E+00 4.5359E-09 5.93E-06 6.18E-06   0.063 1.0000 6.6409E-06    810.167
11101.00 0.93809581 1.3572E-29 0.0000E+00 0.0000E+00 4.7071E-09 4.7071E-09 0.0000E+00 0.0000E+00 4.7071E-09 6.13E-06 6.42E-06   0.064 1.0000 6.9341E-06    812.314
11111.00 0.94250965 1.8369E-29 0.0000E+00 0.0000E+00 4.8034E-09 4.8034E-09 0.0000E+00 0.0000E+00 4.8034E-09 6.27E-06 6.51E-06   0.059 1.0000 6.9855E-06    813.772
11121.00 0.91514361 2.2805E-29 0.0000E+00 0.0000E+00 4.6880E-09 4.6880E-09 0.0000E+00 0.0000E+00 4.6880E-09 6.05E-06 6.40E-06   0.089 1.0000 7.1540E-06    813.385
11131.00 0.95490557 8.4523E-30 0.0000E+00 0.0000E+00 4.9771E-09 4.9771E-09 0.0000E+00 0.0000E+00 4.9771E-09 6.49E-06 6.70E-06   0.046 1.0000 7.1521E-06    816.488
11141.00 0.96550339 3.0553E-30 0.0000E+00 0.0000E+00 4.9987E-09 4.9987E-09 0.0000E+00 0.0000E+00 4.9987E-09 6.51E-06 6.70E-06   0.035 1.0000 7.1081E-06    817.291
11151.00 0.96671730 2.2735E-30 0.0000E+00 0.0000E+00 4.9890E-09 4.9890E-09 0.0000E+00 0.0000E+00 4.9890E-09 6.49E-06 6.67E-06   0.034 1.0000 7.1052E-06    817.831
11161.00 0.97701079 9.4652E-31 0.0000E+00 0.0000E+00 5.1889E-09 5.1889E-09 0.0000E+00 0.0000E+00 5.1889E-09 6.76E-06 6.90E-06   0.023 1.0000 7.2334E-06    820.095
11171.00 0.98346126 4.2077E-31 0.0000E+00 0.0000E+00 5.1172E-09 5.1172E-09 0.0000E+00 0.0000E+00 5.1172E-09 6.67E-06 6.77E-06   0.017 1.0000 7.0471E-06    820.133
11181.00 0.98736542 1.6833E-31 0.0000E+00 0.0000E+00 5.1887E-09 5.1887E-09 0.0000E+00 0.0000E+00 5.1887E-09 6.76E-06 6.85E-06   0.013 1.0000 7.0589E-06    821.337
11191.00 0.98620296 2.1931E-31 0.0000E+00 0.0000E+00 5.2561E-09 5.2561E-09 0.0000E+00 0.0000E+00 5.2561E-09 6.83E-06 6.92E-06   0.014 1.0000 7.1368E-06    822.501
11201.00 0.98753852 1.6849E-31 0.0000E+00 0.0000E+00 5.1692E-09 5.1692E-09 0.0000E+00 0.0000E+00 5.1692E-09 6.71E-06 6.79E-06   0.013 1.0000 6.9786E-06    822.423
11211.00 0.98741889 1.4990E-31 0.0000E+00 0.0000E+00 5.2911E-09 5.2911E-09 0.0000E+00 0.0000E+00 5.2911E-09 6.85E-06 6.94E-06   0.013 1.0000 7.1244E-06    824.025
11221.00 0.98909849 9.6787E-32 0.0000E+00 0.0000E+00 5.3406E-09 5.3406E-09 0.0000E+00 0.0000E+00 5.3406E-09 6.91E-06 6.99E-06   0.011 1.0000 7.1611E-06    825.039
11231.00 0.98850274 1.0359E-31 0.0000E+00 0.0000E+00 5.3845E-09 5.3845E-09 0.0000E+00 0.0000E+00 5.3845E-09 6.95E-06 7.03E-06   0.012 1.0000 7.2119E-06    826.008
11241.00 0.98860931 9.6371E-32 0.0000E+00 0.0000E+00 5.3438E-09 5.3438E-09 0.0000E+00 0.0000E+00 5.3438E-09 6.89E-06 6.97E-06   0.011 1.0000 7.1417E-06    826.309
11251.00 0.98885727 8.7326E-32 0.0000E+00 0.0000E+00 5.3689E-09 5.3689E-09 0.0000E+00 0.0000E+00 5.3689E-09 6.91E-06 6.98E-06   0.011 1.0000 7.1598E-06    827.130
11261.00 0.98833609 9.3272E-32 0.0000E+00 0.0000E+00 5.3290E-09 5.3290E-09 0.0000E+00 0.0000E+00 5.3290E-09 6.84E-06 6.92E-06   0.012 1.0000 7.1006E-06    827.437
11271.00 0.98879731 7.9445E-32 0.0000E+00 0.0000E+00 5.2470E-09 5.2470E-09 0.0000E+00 0.0000E+00 5.2470E-09 6.72E-06 6.80E-06   0.011 1.0000 6.9712E-06    827.404
11281.00 0.98842245 8.1560E-32 0.0000E+00 0.0000E+00 5.0791E-09 5.0791E-09 0.0000E+00 0.0000E+00 5.0791E-09 6.49E-06 6.57E-06   0.012 1.0000 6.7401E-06    826.654
11291.00 0.98854822 7.5718E-32 0.0000E+00 0.0000E+00 5.3823E-09 5.3823E-09 0.0000E+00 0.0000E+00 5.3823E-09 6.87E-06 6.95E-06   0.012 1.0000 7.1282E-06    829.725
11301.00 0.98901778 6.5095E-32 0.0000E+00 0.0000E+00 5.4010E-09 5.4010E-09 0.0000E+00 0.0000E+00 5.4010E-09 6.88E-06 6.96E-06   0.011 1.0000 7.1331E-06    830.494
11311.00 0.98890728 6.3111E-32 0.0000E+00 0.0000E+00 5.3371E-09 5.3371E-09 0.0000E+00 0.0000E+00 5.3371E-09 6.79E-06 6.86E-06   0.011 1.0000 7.0365E-06    830.612
11321.00 0.98894852 5.9547E-32 0.0000E+00 0.0000E+00 5.4125E-09 5.4125E-09 0.0000E+00 0.0000E+00 5.4125E-09 6.87E-06 6.95E-06   0.011 1.0000 7.1226E-06    831.829
11331.00 0.98888963 5.7124E-32 0.0000E+00 0.0000E+00 5.3097E-09 5.3097E-09 0.0000E+00 0.0000E+00 5.3097E-09 6.73E-06 6.80E-06   0.011 1.0000 6.9746E-06    831.637
11341.00 0.98888284 5.4385E-32 0.0000E+00 0.0000E+00 5.4091E-09 5.4091E-09 0.0000E+00 0.0000E+00 5.4091E-09 6.84E-06 6.92E-06   0.011 1.0000 7.0920E-06    833.047
11351.00 0.98890406 5.1450E-32 0.0000E+00 0.0000E+00 5.1237E-09 5.1237E-09 0.0000E+00 0.0000E+00 5.1237E-09 6.47E-06 6.54E-06   0.011 1.0000 6.7048E-06    831.369
11361.00 0.98890215 4.8906E-32 0.0000E+00 0.0000E+00 5.4272E-09 5.4272E-09 0.0000E+00 0.0000E+00 5.4272E-09 6.84E-06 6.91E-06   0.011 1.0000 7.0885E-06    834.433
11371.00 0.98895532 4.5988E-32 0.0000E+00 0.0000E+00 5.3659E-09 5.3659E-09 0.0000E+00 0.0000E+00 5.3659E-09 6.75E-06 6.82E-06   0.011 1.0000 6.9944E-06    834.570
11381.00 0.98892242 4.3953E-32 0.0000E+00 0.0000E+00 5.5043E-09 5.5043E-09 0.0000E+00 0.0000E+00 5.5043E-09 6.91E-06 6.98E-06   0.011 1.0000 7.1623E-06    836.278
11391.00 0.98891449 4.1821E-32 0.0000E+00 0.0000E+00 5.4678E-09 5.4678E-09 0.0000E+00 0.0000E+00 5.4678E-09 6.85E-06 6.93E-06   0.011 1.0000 7.1013E-06    836.617
11401.00 0.98889542 3.9870E-32 0.0000E+00 0.0000E+00 5.4921E-09 5.4921E-09 0.0000E+00 0.0000E+00 5.4921E-09 6.87E-06 6.94E-06   0.011 1.0000 7.1195E-06    837.428
11411.00 0.98887312 3.8031E-32 0.0000E+00 0.0000E+00 5.4794E-09 5.4794E-09 0.0000E+00 0.0000E+00 5.4794E-09 6.84E-06 6.91E-06   0.011 1.0000 7.0904E-06    837.951
11421.00 0.98886412 3.6193E-32 0.0000E+00 0.0000E+00 5.3257E-09 5.3257E-09 0.0000E+00 0.0000E+00 5.3257E-09 6.63E-06 6.71E-06   0.011 1.0000 6.8786E-06    837.357
11431.00 0.98884040 3.4531E-32 0.0000E+00 0.0000E+00 5.4213E-09 5.4213E-09 0.0000E+00 0.0000E+00 5.4213E-09 6.74E-06 6.81E-06   0.011 1.0000 6.9893E-06    838.738
11441.00 0.98881584 3.2952E-32 0.0000E+00 0.0000E+00 5.4614E-09 5.4614E-09 0.0000E+00 0.0000E+00 5.4614E-09 6.78E-06 6.85E-06   0.011 1.0000 7.0284E-06    839.676
11451.00 0.98880273 3.1381E-32 0.0000E+00 0.0000E+00 5.5164E-09 5.5164E-09 0.0000E+00 0.0000E+00 5.5164E-09 6.83E-06 6.91E-06   0.011 1.0000 7.0859E-06    840.726
11461.00 0.98878199 2.9925E-32 0.0000E+00 0.0000E+00 5.5888E-09 5.5888E-09 0.0000E+00 0.0000E+00 5.5888E-09 6.91E-06 6.99E-06   0.011 1.0000 7.1660E-06    841.909
11471.00 0.98876113 2.8536E-32 0.0000E+00 0.0000E+00 5.5054E-09 5.5054E-09 0.0000E+00 0.0000E+00 5.5054E-09 6.79E-06 6.87E-06   0.011 1.0000 7.0465E-06    841.884
11481.00 0.98873395 2.7244E-32 0.0000E+00 0.0000E+00 5.5480E-09 5.5480E-09 0.0000E+00 0.0000E+00 5.5480E-09 6.83E-06 6.91E-06   0.011 1.0000 7.0883E-06    842.838
11491.00 0.98871750 2.5958E-32 0.0000E+00 0.0000E+00 5.5524E-09 5.5524E-09 0.0000E+00 0.0000E+00 5.5524E-09 6.82E-06 6.90E-06   0.011 1.0000 7.0811E-06    843.494
11501.00 0.98869216 2.4773E-32 0.0000E+00 0.0000E+00 5.4280E-09 5.4280E-09 0.0000E+00 0.0000E+00 5.4280E-09 6.66E-06 6.73E-06   0.011 1.0000 6.9103E-06    843.141
11511.00 0.98867708 2.3599E-32 0.0000E+00 0.0000E+00 5.4039E-09 5.4039E-09 0.0000E+00 0.0000E+00 5.4039E-09 6.62E-06 6.69E-06   0.011 1.0000 6.8667E-06    843.570
11521.00 0.98865986 2.2489E-32 0.0000E+00 0.0000E+00 5.4335E-09 5.4335E-09 0.0000E+00 0.0000E+00 5.4335E-09 6.64E-06 6.72E-06   0.011 1.0000 6.8922E-06    844.426
11531.00 0.98863846 2.1447E-32 0.0000E+00 0.0000E+00 5.2401E-09 5.2401E-09 0.0000E+00 0.0000E+00 5.2401E-09 6.39E-06 6.46E-06   0.011 1.0000 6.6351E-06    843.489
11541.00 0.98861593 2.0456E-32 0.0000E+00 0.0000E+00 4.1753E-09 4.1753E-09 0.0000E+00 0.0000E+00 4.1753E-09 5.08E-06 5.14E-06   0.011 1.0000 5.2774E-06    834.473
11551.00 0.98859245 1.9515E-32 0.0000E+00 0.0000E+00 5.3185E-09 5.3185E-09 0.0000E+00 0.0000E+00 5.3185E-09 6.46E-06 6.54E-06   0.011 1.0000 6.7102E-06    845.367
11561.00 0.98856801 1.8620E-32 0.0000E+00 0.0000E+00 5.5964E-09 5.5964E-09 0.0000E+00 0.0000E+00 5.5964E-09 6.79E-06 6.87E-06   0.011 1.0000 7.0485E-06    848.185
11571.00 0.98855019 1.7745E-32 0.0000E+00 0.0000E+00 5.7091E-09 5.7091E-09 0.0000E+00 0.0000E+00 5.7091E-09 6.91E-06 6.99E-06   0.012 1.0000 7.1778E-06    849.670
11581.00 0.98852301 1.6939E-32 0.0000E+00 0.0000E+00 5.6821E-09 5.6821E-09 0.0000E+00 0.0000E+00 5.6821E-09 6.86E-06 6.94E-06   0.012 1.0000 7.1315E-06    850.086
11591.00 0.98848617 1.6196E-32 0.0000E+00 0.0000E+00 5.6936E-09 5.6936E-09 0.0000E+00 0.0000E+00 5.6936E-09 6.87E-06 6.95E-06   0.012 1.0000 7.1338E-06    850.795
11601.00 0.98847800 1.5410E-32 0.0000E+00 0.0000E+00 5.6108E-09 5.6108E-09 0.0000E+00 0.0000E+00 5.6108E-09 6.75E-06 6.83E-06   0.012 1.0000 7.0173E-06    850.781
11611.00 0.98843867 1.4739E-32 0.0000E+00 0.0000E+00 5.6124E-09 5.6124E-09 0.0000E+00 0.0000E+00 5.6124E-09 6.74E-06 6.82E-06   0.012 1.0000 7.0074E-06    851.415
11621.00 0.98841345 1.4065E-32 0.0000E+00 0.0000E+00 5.6777E-09 5.6777E-09 0.0000E+00 0.0000E+00 5.6777E-09 6.81E-06 6.89E-06   0.012 1.0000 7.0763E-06    852.538
11631.00 0.98835826 1.3488E-32 0.0000E+00 0.0000E+00 5.6469E-09 5.6469E-09 0.0000E+00 0.0000E+00 5.6469E-09 6.76E-06 6.84E-06   0.012 1.0000 7.0263E-06    852.923
11641.00 0.98828727 1.2977E-32 0.0000E+00 0.0000E+00 5.6473E-09 5.6473E-09 0.0000E+00 0.0000E+00 5.6473E-09 6.75E-06 6.83E-06   0.012 1.0000 7.0154E-06    853.548
11651.00 0.98827350 1.2355E-32 0.0000E+00 0.0000E+00 5.6577E-09 5.6577E-09 0.0000E+00 0.0000E+00 5.6577E-09 6.75E-06 6.83E-06   0.012 1.0000 7.0154E-06    854.249
11661.00 0.98812783 1.2035E-32 0.0000E+00 0.0000E+00 5.7667E-09 5.7667E-09 0.0000E+00 0.0000E+00 5.7667E-09 6.86E-06 6.94E-06   0.012 1.0000 7.1406E-06    855.702
11671.00 0.98816824 1.1361E-32 0.0000E+00 0.0000E+00 5.7875E-09 5.7875E-09 0.0000E+00 0.0000E+00 5.7875E-09 6.87E-06 6.96E-06   0.012 1.0000 7.1519E-06    856.481
11681.00 0.98804325 1.1024E-32 0.0000E+00 0.0000E+00 5.7011E-09 5.7011E-09 0.0000E+00 0.0000E+00 5.7011E-09 6.76E-06 6.84E-06   0.012 1.0000 7.0342E-06    856.445
11691.00 0.98795491 1.0638E-32 0.0000E+00 0.0000E+00 5.5325E-09 5.5325E-09 0.0000E+00 0.0000E+00 5.5325E-09 6.55E-06 6.63E-06   0.012 1.0000 6.8153E-06    855.758
11701.00 0.98786694 1.0288E-32 0.0000E+00 0.0000E+00 4.1512E-09 4.1512E-09 0.0000E+00 0.0000E+00 4.1512E-09 4.90E-06 4.96E-06   0.012 1.0000 5.1054E-06    844.044
11711.00 0.98760980 1.0214E-32 0.0000E+00 0.0000E+00 4.9661E-09 4.9661E-09 0.0000E+00 0.0000E+00 4.9661E-09 5.85E-06 5.93E-06   0.012 1.0000 6.0975E-06    852.316
11721.00 0.98779547 9.3708E-33 0.0000E+00 0.0000E+00 5.6635E-09 5.6635E-09 0.0000E+00 0.0000E+00 5.6635E-09 6.66E-06 6.75E-06   0.012 1.0000 6.9393E-06    858.640
11731.00 0.98748171 9.4354E-33 0.0000E+00 0.0000E+00 5.7607E-09 5.7607E-09 0.0000E+00 0.0000E+00 5.7607E-09 6.76E-06 6.85E-06   0.013 1.0000 7.0489E-06    860.005
11741.00 0.98686510 1.0041E-32 0.0000E+00 0.0000E+00 5.5981E-09 5.5981E-09 0.0000E+00 0.0000E+00 5.5981E-09 6.56E-06 6.65E-06   0.013 1.0000 6.8430E-06    859.373
11751.00 0.98720843 9.0146E-33 0.0000E+00 0.0000E+00 5.8059E-09 5.8059E-09 0.0000E+00 0.0000E+00 5.8059E-09 6.79E-06 6.88E-06   0.013 1.0000 7.0799E-06    861.591
11761.00 0.98764879 7.8398E-33 0.0000E+00 0.0000E+00 5.1549E-09 5.1549E-09 0.0000E+00 0.0000E+00 5.1549E-09 6.02E-06 6.10E-06   0.012 1.0000 6.2711E-06    857.018
11771.00 0.98738664 7.7969E-33 0.0000E+00 0.0000E+00 5.5374E-09 5.5374E-09 0.0000E+00 0.0000E+00 5.5374E-09 6.45E-06 6.54E-06   0.013 1.0000 6.7248E-06    860.756
11781.00 0.98718524 7.7380E-33 0.0000E+00 0.0000E+00 5.8891E-09 5.8891E-09 0.0000E+00 0.0000E+00 5.8891E-09 6.85E-06 6.94E-06   0.013 1.0000 7.1404E-06    864.079
11791.00 0.98721725 7.2782E-33 0.0000E+00 0.0000E+00 5.8964E-09 5.8964E-09 0.0000E+00 0.0000E+00 5.8964E-09 6.85E-06 6.93E-06   0.013 1.0000 7.1364E-06    864.756
11801.00 0.98775089 6.2617E-33 0.0000E+00 0.0000E+00 5.7792E-09 5.7792E-09 0.0000E+00 0.0000E+00 5.7792E-09 6.70E-06 6.78E-06   0.012 1.0000 6.9763E-06    864.492
11811.00 0.98744738 6.3257E-33 0.0000E+00 0.0000E+00 5.8072E-09 5.8072E-09 0.0000E+00 0.0000E+00 5.8072E-09 6.72E-06 6.80E-06   0.013 1.0000 7.0000E-06    865.326
11821.00 0.98721808 6.3022E-33 0.0000E+00 0.0000E+00 5.9112E-09 5.9112E-09 0.0000E+00 0.0000E+00 5.9112E-09 6.83E-06 6.91E-06   0.013 1.0000 7.1140E-06    866.730
11831.00 0.98727494 5.8155E-33 0.0000E+00 0.0000E+00 5.9113E-09 5.9113E-09 0.0000E+00 0.0000E+00 5.9113E-09 6.81E-06 6.90E-06   0.013 1.0000 7.1007E-06    867.351
11841.00 0.98676211 6.0457E-33 0.0000E+00 0.0000E+00 5.8527E-09 5.8527E-09 0.0000E+00 0.0000E+00 5.8527E-09 6.73E-06 6.82E-06   0.013 1.0000 7.0230E-06    867.532
11851.00 0.98585093 6.8449E-33 0.0000E+00 0.0000E+00 5.7878E-09 5.7878E-09 0.0000E+00 0.0000E+00 5.7878E-09 6.64E-06 6.74E-06   0.014 1.0000 6.9407E-06    867.660
11861.00 0.98641801 5.9029E-33 0.0000E+00 0.0000E+00 5.9170E-09 5.9170E-09 0.0000E+00 0.0000E+00 5.9170E-09 6.78E-06 6.87E-06   0.014 1.0000 7.0767E-06    869.257
11871.00 0.98679942 5.2135E-33 0.0000E+00 0.0000E+00 5.8837E-09 5.8837E-09 0.0000E+00 0.0000E+00 5.8837E-09 6.73E-06 6.82E-06   0.013 1.0000 7.0212E-06    869.628
11881.00 0.98562473 6.1368E-33 0.0000E+00 0.0000E+00 5.9378E-09 5.9378E-09 0.0000E+00 0.0000E+00 5.9378E-09 6.77E-06 6.87E-06   0.014 1.0000 7.0855E-06    870.654
11891.00 0.98572409 5.6739E-33 0.0000E+00 0.0000E+00 5.9959E-09 5.9959E-09 0.0000E+00 0.0000E+00 5.9959E-09 6.83E-06 6.93E-06   0.014 1.0000 7.1453E-06    871.707
11901.00 0.98660272 4.5902E-33 0.0000E+00 0.0000E+00 5.9713E-09 5.9713E-09 0.0000E+00 0.0000E+00 5.9713E-09 6.79E-06 6.88E-06   0.013 1.0000 7.0928E-06    872.146
11911.00 0.98657471 4.3663E-33 0.0000E+00 0.0000E+00 5.9536E-09 5.9536E-09 0.0000E+00 0.0000E+00 5.9536E-09 6.76E-06 6.85E-06   0.014 1.0000 7.0600E-06    872.635
11921.00 0.98579866 4.6795E-33 0.0000E+00 0.0000E+00 5.7803E-09 5.7803E-09 0.0000E+00 0.0000E+00 5.7803E-09 6.55E-06 6.64E-06   0.014 1.0000 6.8519E-06    871.944
11931.00 0.98653823 3.9548E-33 0.0000E+00 0.0000E+00 5.9962E-09 5.9962E-09 0.0000E+00 0.0000E+00 5.9962E-09 6.78E-06 6.87E-06   0.014 1.0000 7.0928E-06    874.193
11941.00 0.98619503 3.9731E-33 0.0000E+00 0.0000E+00 6.0405E-09 6.0405E-09 0.0000E+00 0.0000E+00 6.0405E-09 6.82E-06 6.91E-06   0.014 1.0000 7.1401E-06    875.142
11951.00 0.98621279 3.7999E-33 0.0000E+00 0.0000E+00 5.9693E-09 5.9693E-09 0.0000E+00 0.0000E+00 5.9693E-09 6.73E-06 6.82E-06   0.014 1.0000 7.0443E-06    875.234
11961.00 0.98570144 3.8439E-33 0.0000E+00 0.0000E+00 6.0207E-09 6.0207E-09 0.0000E+00 0.0000E+00 6.0207E-09 6.77E-06 6.87E-06   0.014 1.0000 7.1078E-06    876.237
11971.00 0.98596412 3.5207E-33 0.0000E+00 0.0000E+00 6.0227E-09 6.0227E-09 0.0000E+00 0.0000E+00 6.0227E-09 6.76E-06 6.86E-06   0.014 1.0000 7.0906E-06    876.873
11981.00 0.98546022 3.7420E-33 0.0000E+00 0.0000E+00 5.9274E-09 5.9274E-09 0.0000E+00 0.0000E+00 5.9274E-09 6.64E-06 6.74E-06   0.015 1.0000 6.9668E-06    876.781
11991.00 0.98332626 4.9133E-33 0.0000E+00 0.0000E+00 5.9147E-09 5.9147E-09 0.0000E+00 0.0000E+00 5.9147E-09 6.61E-06 6.71E-06   0.017 1.0000 6.9804E-06    877.305
12001.00 0.98325509 4.8159E-33 0.0000E+00 0.0000E+00 5.8462E-09 5.8462E-09 0.0000E+00 0.0000E+00 5.8462E-09 6.52E-06 6.63E-06   0.017 1.0000 6.8879E-06    877.406
12011.00 0.97714829 1.8923E-32 0.0000E+00 0.0000E+00 5.8900E-09 5.8900E-09 0.0000E+00 0.0000E+00 5.8900E-09 6.54E-06 6.68E-06   0.023 1.0000 6.9934E-06    878.359
12021.00 0.97543341 1.5881E-32 0.0000E+00 0.0000E+00 5.9439E-09 5.9439E-09 0.0000E+00 0.0000E+00 5.9439E-09 6.59E-06 6.73E-06   0.025 1.0000 7.0695E-06    879.386
12031.00 0.98028052 8.6905E-33 0.0000E+00 0.0000E+00 5.9173E-09 5.9173E-09 0.0000E+00 0.0000E+00 5.9173E-09 6.56E-06 6.68E-06   0.020 1.0000 6.9475E-06    879.805
12041.00 0.97186422 1.9354E-32 0.0000E+00 0.0000E+00 5.9282E-09 5.9282E-09 0.0000E+00 0.0000E+00 5.9282E-09 6.54E-06 6.69E-06   0.029 1.0000 7.0298E-06    880.507
12051.00 0.97315836 2.0627E-32 0.0000E+00 0.0000E+00 5.9549E-09 5.9549E-09 0.0000E+00 0.0000E+00 5.9549E-09 6.56E-06 6.71E-06   0.027 1.0000 7.0419E-06    881.328
12061.00 0.96324015 3.7395E-32 0.0000E+00 0.0000E+00 5.9577E-09 5.9577E-09 0.0000E+00 0.0000E+00 5.9577E-09 6.53E-06 6.72E-06   0.037 1.0000 7.1140E-06    881.969
12071.00 0.95944643 5.1004E-32 0.0000E+00 0.0000E+00 5.9948E-09 5.9948E-09 0.0000E+00 0.0000E+00 5.9948E-09 6.55E-06 6.76E-06   0.041 1.0000 7.1599E-06    882.867
12081.00 0.95135432 5.8731E-32 0.0000E+00 0.0000E+00 5.9160E-09 5.9160E-09 0.0000E+00 0.0000E+00 5.9160E-09 6.43E-06 6.69E-06   0.050 1.0000 7.1226E-06    882.893
12091.00 0.97688913 1.2497E-32 0.0000E+00 0.0000E+00 6.1388E-09 6.1388E-09 0.0000E+00 0.0000E+00 6.1388E-09 6.72E-06 6.86E-06   0.023 1.0000 7.1353E-06    885.175
12101.00 0.96684420 2.5191E-32 0.0000E+00 0.0000E+00 6.0728E-09 6.0728E-09 0.0000E+00 0.0000E+00 6.0728E-09 6.61E-06 6.80E-06   0.034 1.0000 7.1283E-06    885.308
12111.00 0.96473420 3.2624E-32 0.0000E+00 0.0000E+00 6.0300E-09 6.0300E-09 0.0000E+00 0.0000E+00 6.0300E-09 6.55E-06 6.74E-06   0.036 1.0000 7.0848E-06    885.610
12121.00 0.97767037 1.1687E-32 0.0000E+00 0.0000E+00 6.0831E-09 6.0831E-09 0.0000E+00 0.0000E+00 6.0831E-09 6.63E-06 6.76E-06   0.023 1.0000 7.0243E-06    886.624
12131.00 0.97066724 1.7645E-32 0.0000E+00 0.0000E+00 6.0727E-09 6.0727E-09 0.0000E+00 0.0000E+00 6.0727E-09 6.58E-06 6.75E-06   0.030 1.0000 7.0679E-06    887.167
12141.00 0.95332187 4.5354E-32 0.0000E+00 0.0000E+00 5.8301E-09 5.8301E-09 0.0000E+00 0.0000E+00 5.8301E-09 6.28E-06 6.50E-06   0.048 1.0000 6.9714E-06    885.951
12151.00 0.90874666 1.2556E-31 0.0000E+00 0.0000E+00 5.5163E-09 5.5163E-09 0.0000E+00 0.0000E+00 5.5163E-09 5.84E-06 6.25E-06   0.096 1.0000 7.0361E-06    884.089
12161.00 0.96454793 2.1208E-32 0.0000E+00 0.0000E+00 5.9113E-09 5.9113E-09 0.0000E+00 0.0000E+00 5.9113E-09 6.35E-06 6.56E-06   0.036 1.0000 6.9045E-06    887.811
12171.00 0.97229856 1.0952E-32 0.0000E+00 0.0000E+00 6.0201E-09 6.0201E-09 0.0000E+00 0.0000E+00 6.0201E-09 6.48E-06 6.65E-06   0.028 1.0000 6.9343E-06    889.253
12181.00 0.98069924 3.6898E-33 0.0000E+00 0.0000E+00 6.1127E-09 6.1127E-09 0.0000E+00 0.0000E+00 6.1127E-09 6.59E-06 6.71E-06   0.019 1.0000 6.9604E-06    890.562
12191.00 0.94965363 4.5300E-32 0.0000E+00 0.0000E+00 5.8586E-09 5.8586E-09 0.0000E+00 0.0000E+00 5.8586E-09 6.24E-06 6.50E-06   0.052 1.0000 6.9001E-06    889.263
12201.00 0.94210082 6.9013E-32 0.0000E+00 0.0000E+00 5.7563E-09 5.7563E-09 0.0000E+00 0.0000E+00 5.7563E-09 6.11E-06 6.38E-06   0.060 1.0000 6.8274E-06    889.088
12211.00 0.94570750 5.1042E-32 0.0000E+00 0.0000E+00 5.8933E-09 5.8933E-09 0.0000E+00 0.0000E+00 5.8933E-09 6.25E-06 6.51E-06   0.056 1.0000 6.9594E-06    890.767
12221.00 0.93672097 4.5628E-32 0.0000E+00 0.0000E+00 5.7981E-09 5.7981E-09 0.0000E+00 0.0000E+00 5.7981E-09 6.11E-06 6.43E-06   0.065 1.0000 6.9415E-06    890.650
12231.00 0.95121187 3.5737E-32 0.0000E+00 0.0000E+00 6.0669E-09 6.0669E-09 0.0000E+00 0.0000E+00 6.0669E-09 6.42E-06 6.67E-06   0.050 1.0000 7.1216E-06    893.318
12241.00 0.94419229 3.7352E-32 0.0000E+00 0.0000E+00 5.9661E-09 5.9661E-09 0.0000E+00 0.0000E+00 5.9661E-09 6.29E-06 6.56E-06   0.057 1.0000 7.0928E-06    893.178
12251.00 0.94693339 3.1025E-32 0.0000E+00 0.0000E+00 5.9731E-09 5.9731E-09 0.0000E+00 0.0000E+00 5.9731E-09 6.30E-06 6.54E-06   0.055 1.0000 7.0794E-06    893.849
12261.00 0.96282440 8.6220E-33 0.0000E+00 0.0000E+00 6.0985E-09 6.0985E-09 0.0000E+00 0.0000E+00 6.0985E-09 6.44E-06 6.64E-06   0.038 1.0000 7.0894E-06    895.412
12271.00 0.97047436 4.4786E-33 0.0000E+00 0.0000E+00 6.1680E-09 6.1680E-09 0.0000E+00 0.0000E+00 6.1680E-09 6.51E-06 6.69E-06   0.030 1.0000 7.0956E-06    896.546
12281.00 0.97689950 2.5363E-33 0.0000E+00 0.0000E+00 6.2611E-09 6.2611E-09 0.0000E+00 0.0000E+00 6.2611E-09 6.62E-06 6.76E-06   0.023 1.0000 7.1191E-06    897.848
12291.00 0.97566545 2.8881E-33 0.0000E+00 0.0000E+00 6.2736E-09 6.2736E-09 0.0000E+00 0.0000E+00 6.2736E-09 6.61E-06 6.77E-06   0.025 1.0000 7.1358E-06    898.560
12301.00 0.98376983 9.0742E-34 0.0000E+00 0.0000E+00 6.3616E-09 6.3616E-09 0.0000E+00 0.0000E+00 6.3616E-09 6.72E-06 6.83E-06   0.016 1.0000 7.1019E-06    899.816
12311.00 0.98354673 8.6312E-34 0.0000E+00 0.0000E+00 6.3822E-09 6.3822E-09 0.0000E+00 0.0000E+00 6.3822E-09 6.73E-06 6.84E-06   0.017 1.0000 7.1036E-06    900.584
12321.00 0.98338103 8.4940E-34 0.0000E+00 0.0000E+00 6.3786E-09 6.3786E-09 0.0000E+00 0.0000E+00 6.3786E-09 6.71E-06 6.82E-06   0.017 1.0000 7.0841E-06    901.178
12331.00 0.98502433 6.3089E-34 0.0000E+00 0.0000E+00 6.4244E-09 6.4244E-09 0.0000E+00 0.0000E+00 6.4244E-09 6.75E-06 6.85E-06   0.015 1.0000 7.1024E-06    902.126
12341.00 0.98513275 5.8916E-34 0.0000E+00 0.0000E+00 6.3613E-09 6.3613E-09 0.0000E+00 0.0000E+00 6.3613E-09 6.67E-06 6.77E-06   0.015 1.0000 7.0116E-06    902.293
12351.00 0.98352468 7.2108E-34 0.0000E+00 0.0000E+00 6.2845E-09 6.2845E-09 0.0000E+00 0.0000E+00 6.2845E-09 6.57E-06 6.68E-06   0.017 1.0000 6.9247E-06    902.356
12361.00 0.98491442 5.5190E-34 0.0000E+00 0.0000E+00 6.3569E-09 6.3569E-09 0.0000E+00 0.0000E+00 6.3569E-09 6.64E-06 6.74E-06   0.015 1.0000 6.9793E-06    903.500
12371.00 0.98509812 5.0583E-34 0.0000E+00 0.0000E+00 6.4124E-09 6.4124E-09 0.0000E+00 0.0000E+00 6.4124E-09 6.69E-06 6.79E-06   0.015 1.0000 7.0253E-06    904.519
12381.00 0.98558342 4.5010E-34 0.0000E+00 0.0000E+00 6.4395E-09 6.4395E-09 0.0000E+00 0.0000E+00 6.4395E-09 6.71E-06 6.81E-06   0.015 1.0000 7.0369E-06    905.332
12391.00 0.98536384 4.5067E-34 0.0000E+00 0.0000E+00 6.4923E-09 6.4923E-09 0.0000E+00 0.0000E+00 6.4923E-09 6.75E-06 6.85E-06   0.015 1.0000 7.0840E-06    906.329
12401.00 0.98599970 3.7627E-34 0.0000E+00 0.0000E+00 6.5629E-09 6.5629E-09 0.0000E+00 0.0000E+00 6.5629E-09 6.81E-06 6.91E-06   0.014 1.0000 7.1455E-06    907.447
12411.00 0.98607063 3.5319E-34 0.0000E+00 0.0000E+00 6.5278E-09 6.5278E-09 0.0000E+00 0.0000E+00 6.5278E-09 6.76E-06 6.86E-06   0.014 1.0000 7.0929E-06    907.820
12421.00 0.98503649 4.0975E-34 0.0000E+00 0.0000E+00 6.3407E-09 6.3407E-09 0.0000E+00 0.0000E+00 6.3407E-09 6.56E-06 6.65E-06   0.015 1.0000 6.8849E-06    907.099
12431.00 0.98367375 4.6650E-34 0.0000E+00 0.0000E+00 6.4861E-09 6.4861E-09 0.0000E+00 0.0000E+00 6.4861E-09 6.69E-06 6.80E-06   0.016 1.0000 7.0471E-06    908.763
12441.00 0.98330975 4.6194E-34 0.0000E+00 0.0000E+00 6.5283E-09 6.5283E-09 0.0000E+00 0.0000E+00 6.5283E-09 6.72E-06 6.83E-06   0.017 1.0000 7.0810E-06    909.682
12451.00 0.98378348 4.0510E-34 0.0000E+00 0.0000E+00 6.4599E-09 6.4599E-09 0.0000E+00 0.0000E+00 6.4599E-09 6.64E-06 6.75E-06   0.016 1.0000 6.9937E-06    909.816
12461.00 0.98247951 4.5473E-34 0.0000E+00 0.0000E+00 6.5387E-09 6.5387E-09 0.0000E+00 0.0000E+00 6.5387E-09 6.70E-06 6.82E-06   0.018 1.0000 7.0759E-06    910.995
12471.00 0.98383379 3.7051E-34 0.0000E+00 0.0000E+00 6.5945E-09 6.5945E-09 0.0000E+00 0.0000E+00 6.5945E-09 6.75E-06 6.86E-06   0.016 1.0000 7.1120E-06    912.009
12481.00 0.98218185 4.7083E-34 0.0000E+00 0.0000E+00 6.5832E-09 6.5832E-09 0.0000E+00 0.0000E+00 6.5832E-09 6.72E-06 6.85E-06   0.018 1.0000 7.1032E-06    912.549
12491.00 0.98262852 4.3225E-34 0.0000E+00 0.0000E+00 6.5426E-09 6.5426E-09 0.0000E+00 0.0000E+00 6.5426E-09 6.67E-06 6.79E-06   0.018 1.0000 7.0410E-06    912.882
12501.00 0.98283434 3.9387E-34 0.0000E+00 0.0000E+00 6.4807E-09 6.4807E-09 0.0000E+00 0.0000E+00 6.4807E-09 6.60E-06 6.71E-06   0.017 1.0000 6.9583E-06    913.061
12511.00 0.98472214 2.6094E-34 0.0000E+00 0.0000E+00 6.6553E-09 6.6553E-09 0.0000E+00 0.0000E+00 6.6553E-09 6.77E-06 6.87E-06   0.015 1.0000 7.1163E-06    914.914
12521.00 0.98325521 3.2294E-34 0.0000E+00 0.0000E+00 6.6502E-09 6.6502E-09 0.0000E+00 0.0000E+00 6.6502E-09 6.75E-06 6.86E-06   0.017 1.0000 7.1113E-06    915.499
12531.00 0.98531336 2.1471E-34 0.0000E+00 0.0000E+00 6.6645E-09 6.6645E-09 0.0000E+00 0.0000E+00 6.6645E-09 6.76E-06 6.86E-06   0.015 1.0000 7.0974E-06    916.218
12541.00 0.98335391 2.8830E-34 0.0000E+00 0.0000E+00 6.6523E-09 6.6523E-09 0.0000E+00 0.0000E+00 6.6523E-09 6.73E-06 6.84E-06   0.017 1.0000 7.0882E-06    916.752
12551.00 0.98204547 3.1163E-34 0.0000E+00 0.0000E+00 6.6566E-09 6.6566E-09 0.0000E+00 0.0000E+00 6.6566E-09 6.71E-06 6.84E-06   0.018 1.0000 7.0994E-06    917.402
12561.00 0.97944522 4.2252E-34 0.0000E+00 0.0000E+00 6.5981E-09 6.5981E-09 0.0000E+00 0.0000E+00 6.5981E-09 6.64E-06 6.77E-06   0.021 1.0000 7.0428E-06    917.610
12571.00 0.98432529 2.0638E-34 0.0000E+00 0.0000E+00 6.6672E-09 6.6672E-09 0.0000E+00 0.0000E+00 6.6672E-09 6.71E-06 6.81E-06   0.016 1.0000 7.0580E-06    918.716
12581.00 0.98481041 1.8098E-34 0.0000E+00 0.0000E+00 6.4500E-09 6.4500E-09 0.0000E+00 0.0000E+00 6.4500E-09 6.48E-06 6.58E-06   0.015 1.0000 6.8119E-06    917.790
12591.00 0.98543608 1.5568E-34 0.0000E+00 0.0000E+00 6.4882E-09 6.4882E-09 0.0000E+00 0.0000E+00 6.4882E-09 6.51E-06 6.60E-06   0.015 1.0000 6.8345E-06    918.685
12601.00 0.98449099 1.8303E-34 0.0000E+00 0.0000E+00 6.4893E-09 6.4893E-09 0.0000E+00 0.0000E+00 6.4893E-09 6.50E-06 6.60E-06   0.016 1.0000 6.8321E-06    919.311
12611.00 0.98100054 3.0703E-34 0.0000E+00 0.0000E+00 6.6449E-09 6.6449E-09 0.0000E+00 0.0000E+00 6.6449E-09 6.63E-06 6.75E-06   0.019 1.0000 7.0130E-06    921.036
12621.00 0.98097599 2.8360E-34 0.0000E+00 0.0000E+00 6.6538E-09 6.6538E-09 0.0000E+00 0.0000E+00 6.6538E-09 6.63E-06 6.75E-06   0.019 1.0000 7.0117E-06    921.718
12631.00 0.98283547 1.9131E-34 0.0000E+00 0.0000E+00 6.5812E-09 6.5812E-09 0.0000E+00 0.0000E+00 6.5812E-09 6.55E-06 6.66E-06   0.017 1.0000 6.9099E-06    921.823
12641.00 0.98135239 2.2548E-34 0.0000E+00 0.0000E+00 6.7065E-09 6.7065E-09 0.0000E+00 0.0000E+00 6.7065E-09 6.66E-06 6.78E-06   0.019 1.0000 7.0438E-06    923.325
12651.00 0.98249143 1.8595E-34 0.0000E+00 0.0000E+00 6.7728E-09 6.7728E-09 0.0000E+00 0.0000E+00 6.7728E-09 6.71E-06 6.83E-06   0.018 1.0000 7.0958E-06    924.406
12661.00 0.98121887 2.0249E-34 0.0000E+00 0.0000E+00 6.7598E-09 6.7598E-09 0.0000E+00 0.0000E+00 6.7598E-09 6.68E-06 6.81E-06   0.019 1.0000 7.0839E-06    924.935
12671.00 0.98352915 1.3465E-34 0.0000E+00 0.0000E+00 6.8245E-09 6.8245E-09 0.0000E+00 0.0000E+00 6.8245E-09 6.74E-06 6.86E-06   0.017 1.0000 7.1204E-06    926.002
12681.00 0.98491371 1.0412E-34 0.0000E+00 0.0000E+00 6.8177E-09 6.8177E-09 0.0000E+00 0.0000E+00 6.8177E-09 6.73E-06 6.83E-06   0.015 1.0000 7.0842E-06    926.574
12691.00 0.98491871 9.9142E-35 0.0000E+00 0.0000E+00 6.7931E-09 6.7931E-09 0.0000E+00 0.0000E+00 6.7931E-09 6.69E-06 6.80E-06   0.015 1.0000 7.0488E-06    927.024
12701.00 0.98536980 8.7889E-35 0.0000E+00 0.0000E+00 6.8569E-09 6.8569E-09 0.0000E+00 0.0000E+00 6.8569E-09 6.75E-06 6.85E-06   0.015 1.0000 7.0968E-06    928.084
12711.00 0.98539698 8.3130E-35 0.0000E+00 0.0000E+00 6.9107E-09 6.9107E-09 0.0000E+00 0.0000E+00 6.9107E-09 6.79E-06 6.89E-06   0.015 1.0000 7.1406E-06    929.072
12721.00 0.98581159 7.4211E-35 0.0000E+00 0.0000E+00 6.7926E-09 6.7926E-09 0.0000E+00 0.0000E+00 6.7926E-09 6.66E-06 6.76E-06   0.014 1.0000 6.9992E-06    928.878
12731.00 0.98578358 7.0765E-35 0.0000E+00 0.0000E+00 6.7913E-09 6.7913E-09 0.0000E+00 0.0000E+00 6.7913E-09 6.65E-06 6.74E-06   0.014 1.0000 6.9861E-06    929.488
12741.00 0.98576134 6.7442E-35 0.0000E+00 0.0000E+00 6.9160E-09 6.9160E-09 0.0000E+00 0.0000E+00 6.9160E-09 6.76E-06 6.85E-06   0.014 1.0000 7.1028E-06    930.966
12751.00 0.98580563 6.3630E-35 0.0000E+00 0.0000E+00 6.9114E-09 6.9114E-09 0.0000E+00 0.0000E+00 6.9114E-09 6.74E-06 6.84E-06   0.014 1.0000 7.0859E-06    931.554
12761.00 0.98577261 6.0722E-35 0.0000E+00 0.0000E+00 6.7471E-09 6.7471E-09 0.0000E+00 0.0000E+00 6.7471E-09 6.57E-06 6.66E-06   0.014 1.0000 6.9058E-06    931.036
12771.00 0.98578095 5.7609E-35 0.0000E+00 0.0000E+00 6.8860E-09 6.8860E-09 0.0000E+00 0.0000E+00 6.8860E-09 6.69E-06 6.79E-06   0.014 1.0000 7.0362E-06    932.618
12781.00 0.98574287 5.5007E-35 0.0000E+00 0.0000E+00 6.9747E-09 6.9747E-09 0.0000E+00 0.0000E+00 6.9747E-09 6.77E-06 6.86E-06   0.014 1.0000 7.1156E-06    933.844
12791.00 0.98573202 5.2328E-35 0.0000E+00 0.0000E+00 6.9894E-09 6.9894E-09 0.0000E+00 0.0000E+00 6.9894E-09 6.77E-06 6.87E-06   0.014 1.0000 7.1190E-06    934.563
12801.00 0.98571736 4.9803E-35 0.0000E+00 0.0000E+00 6.8856E-09 6.8856E-09 0.0000E+00 0.0000E+00 6.8856E-09 6.66E-06 6.75E-06   0.014 1.0000 7.0016E-06    934.472
12811.00 0.98567545 4.7583E-35 0.0000E+00 0.0000E+00 6.9788E-09 6.9788E-09 0.0000E+00 0.0000E+00 6.9788E-09 6.73E-06 6.83E-06   0.014 1.0000 7.0852E-06    935.729
12821.00 0.98566461 4.5262E-35 0.0000E+00 0.0000E+00 6.9071E-09 6.9071E-09 0.0000E+00 0.0000E+00 6.9071E-09 6.65E-06 6.75E-06   0.014 1.0000 7.0007E-06    935.858
12831.00 0.98561913 4.3266E-35 0.0000E+00 0.0000E+00 7.0030E-09 7.0030E-09 0.0000E+00 0.0000E+00 7.0030E-09 6.73E-06 6.83E-06   0.014 1.0000 7.0866E-06    937.133
12841.00 0.98561835 4.1097E-35 0.0000E+00 0.0000E+00 7.0365E-09 7.0365E-09 0.0000E+00 0.0000E+00 7.0365E-09 6.75E-06 6.85E-06   0.014 1.0000 7.1081E-06    937.979
12851.00 0.98559219 3.9176E-35 0.0000E+00 0.0000E+00 7.0415E-09 7.0415E-09 0.0000E+00 0.0000E+00 7.0415E-09 6.75E-06 6.85E-06   0.015 1.0000 7.1013E-06    938.632
12861.00 0.98556930 3.7329E-35 0.0000E+00 0.0000E+00 6.9109E-09 6.9109E-09 0.0000E+00 0.0000E+00 6.9109E-09 6.61E-06 6.71E-06   0.015 1.0000 6.9577E-06    938.359
12871.00 0.98555130 3.5543E-35 0.0000E+00 0.0000E+00 7.0782E-09 7.0782E-09 0.0000E+00 0.0000E+00 7.0782E-09 6.76E-06 6.86E-06   0.015 1.0000 7.1139E-06    940.118
12881.00 0.98552680 3.3873E-35 0.0000E+00 0.0000E+00 7.0757E-09 7.0757E-09 0.0000E+00 0.0000E+00 7.0757E-09 6.74E-06 6.84E-06   0.015 1.0000 7.0994E-06    940.720
12891.00 0.98549932 3.2296E-35 0.0000E+00 0.0000E+00 7.0825E-09 7.0825E-09 0.0000E+00 0.0000E+00 7.0825E-09 6.74E-06 6.84E-06   0.015 1.0000 7.0944E-06    941.385
12901.00 0.98547846 3.0763E-35 0.0000E+00 0.0000E+00 6.7537E-09 6.7537E-09 0.0000E+00 0.0000E+00 6.7537E-09 6.41E-06 6.51E-06   0.015 1.0000 6.7536E-06    939.737
12911.00 0.98545057 2.9331E-35 0.0000E+00 0.0000E+00 6.9206E-09 6.9206E-09 0.0000E+00 0.0000E+00 6.9206E-09 6.56E-06 6.66E-06   0.015 1.0000 6.9089E-06    941.519
12921.00 0.98543036 2.7936E-35 0.0000E+00 0.0000E+00 7.1289E-09 7.1289E-09 0.0000E+00 0.0000E+00 7.1289E-09 6.75E-06 6.85E-06   0.015 1.0000 7.1049E-06    943.554
12931.00 0.98540419 2.6629E-35 0.0000E+00 0.0000E+00 7.0998E-09 7.0998E-09 0.0000E+00 0.0000E+00 7.0998E-09 6.71E-06 6.81E-06   0.015 1.0000 7.0646E-06    943.978
12941.00 0.98537683 2.5387E-35 0.0000E+00 0.0000E+00 6.9398E-09 6.9398E-09 0.0000E+00 0.0000E+00 6.9398E-09 6.54E-06 6.64E-06   0.015 1.0000 6.8949E-06    943.506
12951.00 0.98535293 2.4191E-35 0.0000E+00 0.0000E+00 7.0447E-09 7.0447E-09 0.0000E+00 0.0000E+00 7.0447E-09 6.63E-06 6.73E-06   0.015 1.0000 6.9877E-06    944.842
12961.00 0.98532689 2.3058E-35 0.0000E+00 0.0000E+00 6.9615E-09 6.9615E-09 0.0000E+00 0.0000E+00 6.9615E-09 6.54E-06 6.64E-06   0.015 1.0000 6.8945E-06    944.891
12971.00 0.98529696 2.1990E-35 0.0000E+00 0.0000E+00 7.1049E-09 7.1049E-09 0.0000E+00 0.0000E+00 7.1049E-09 6.66E-06 6.76E-06   0.015 1.0000 7.0270E-06    946.487
12981.00 0.98524040 2.1047E-35 0.0000E+00 0.0000E+00 7.0733E-09 7.0733E-09 0.0000E+00 0.0000E+00 7.0733E-09 6.62E-06 6.72E-06   0.015 1.0000 6.9958E-06    946.892
12991.00 0.98512596 2.0311E-35 0.0000E+00 0.0000E+00 7.0361E-09 7.0361E-09 0.0000E+00 0.0000E+00 7.0361E-09 6.58E-06 6.68E-06   0.015 1.0000 6.9674E-06    947.257
13001.00 0.98482555 2.0137E-35 0.0000E+00 0.0000E+00 7.0391E-09 7.0391E-09 0.0000E+00 0.0000E+00 7.0391E-09 6.57E-06 6.67E-06   0.015 1.0000 6.9977E-06    947.896
13011.00 0.98386681 2.2204E-35 0.0000E+00 0.0000E+00 7.0716E-09 7.0716E-09 0.0000E+00 0.0000E+00 7.0716E-09 6.59E-06 6.69E-06   0.016 1.0000 7.0635E-06    948.735
13021.00 0.98113763 3.3375E-35 0.0000E+00 0.0000E+00 6.9709E-09 6.9709E-09 0.0000E+00 0.0000E+00 6.9709E-09 6.48E-06 6.58E-06   0.019 1.0000 7.0503E-06    948.665
13031.00 0.97544885 7.3140E-35 0.0000E+00 0.0000E+00 6.9132E-09 6.9132E-09 0.0000E+00 0.0000E+00 6.9132E-09 6.41E-06 6.52E-06   0.025 1.0000 7.0771E-06    948.883
13041.00 0.96366179 2.2713E-34 0.0000E+00 0.0000E+00 6.3935E-09 6.3935E-09 0.0000E+00 0.0000E+00 6.3935E-09 5.91E-06 6.03E-06   0.037 1.0000 6.7057E-06    945.760
13051.00 0.95237482 4.1781E-34 0.0000E+00 0.0000E+00 6.1486E-09 6.1486E-09 0.0000E+00 0.0000E+00 6.1486E-09 5.67E-06 5.80E-06   0.049 1.0000 6.6213E-06    944.516
13061.00 0.92811924 1.1451E-33 0.0000E+00 0.0000E+00 6.0535E-09 6.0535E-09 0.0000E+00 0.0000E+00 6.0535E-09 5.55E-06 5.72E-06   0.075 1.0000 6.8845E-06    944.391
13071.00 0.88858092 2.8339E-33 0.0000E+00 0.0000E+00 5.7898E-09 5.7898E-09 0.0000E+00 0.0000E+00 5.7898E-09 5.27E-06 5.49E-06   0.118 1.0000 7.1115E-06    942.894
13081.00 0.85633296 4.4714E-33 0.0000E+00 0.0000E+00 5.3971E-09 5.3971E-09 0.0000E+00 0.0000E+00 5.3971E-09 4.87E-06 5.15E-06   0.155 1.0000 7.1104E-06    940.197
13091.00 0.80760866 6.6661E-33 0.0000E+00 0.0000E+00 4.8571E-09 4.8571E-09 0.0000E+00 0.0000E+00 4.8571E-09 4.32E-06 4.68E-06   0.214 1.0000 7.1062E-06    935.880
13101.00 0.77133054 8.6523E-33 0.0000E+00 0.0000E+00 4.5452E-09 4.5452E-09 0.0000E+00 0.0000E+00 4.5452E-09 4.00E-06 4.41E-06   0.260 1.0000 7.1028E-06    933.410
13111.00 0.77515525 7.9739E-33 0.0000E+00 0.0000E+00 4.6647E-09 4.6647E-09 0.0000E+00 0.0000E+00 4.6647E-09 4.10E-06 4.52E-06   0.255 1.0000 7.0290E-06    935.218
13121.00 0.87840545 3.3417E-33 0.0000E+00 0.0000E+00 5.7059E-09 5.7059E-09 0.0000E+00 0.0000E+00 5.7059E-09 5.11E-06 5.40E-06   0.130 1.0000 6.7816E-06    945.267
13131.00 0.76470965 5.9368E-33 0.0000E+00 0.0000E+00 4.4381E-09 4.4381E-09 0.0000E+00 0.0000E+00 4.4381E-09 3.86E-06 4.32E-06   0.268 1.0000 6.9749E-06    934.127
13141.00 0.67342037 8.8991E-33 0.0000E+00 0.0000E+00 3.2156E-09 3.2156E-09 0.0000E+00 0.0000E+00 3.2156E-09 2.70E-06 3.22E-06   0.395 1.0000 7.0062E-06    920.077
13151.00 0.68854350 7.6867E-33 0.0000E+00 0.0000E+00 3.2087E-09 3.2087E-09 0.0000E+00 0.0000E+00 3.2087E-09 2.75E-06 3.14E-06   0.373 1.0000 6.9759E-06    920.578
13161.00 0.86512160 1.6020E-33 0.0000E+00 0.0000E+00 4.8627E-09 4.8627E-09 0.0000E+00 0.0000E+00 4.8627E-09 4.34E-06 4.55E-06   0.145 1.0000 7.0394E-06    940.191
13171.00 0.97859532 3.2104E-35 0.0000E+00 0.0000E+00 7.0952E-09 7.0952E-09 0.0000E+00 0.0000E+00 7.0952E-09 6.42E-06 6.53E-06   0.022 1.0000 7.0248E-06    958.783
13181.00 0.98470634 8.0430E-36 0.0000E+00 0.0000E+00 7.1788E-09 7.1788E-09 0.0000E+00 0.0000E+00 7.1788E-09 6.49E-06 6.59E-06   0.015 1.0000 6.8540E-06    959.969
13191.00 0.98474103 7.6036E-36 0.0000E+00 0.0000E+00 7.3645E-09 7.3645E-09 0.0000E+00 0.0000E+00 7.3645E-09 6.65E-06 6.75E-06   0.015 1.0000 7.0170E-06    961.830
13201.00 0.98472875 7.2328E-36 0.0000E+00 0.0000E+00 7.3361E-09 7.3361E-09 0.0000E+00 0.0000E+00 7.3361E-09 6.61E-06 6.71E-06   0.015 1.0000 6.9786E-06    962.260
13211.00 0.98471016 6.8860E-36 0.0000E+00 0.0000E+00 7.3469E-09 7.3469E-09 0.0000E+00 0.0000E+00 7.3469E-09 6.61E-06 6.71E-06   0.015 1.0000 6.9776E-06    962.950
13221.00 0.98467964 6.5659E-36 0.0000E+00 0.0000E+00 7.3354E-09 7.3354E-09 0.0000E+00 0.0000E+00 7.3354E-09 6.59E-06 6.69E-06   0.015 1.0000 6.9558E-06    963.491
13231.00 0.98464346 6.2657E-36 0.0000E+00 0.0000E+00 7.3073E-09 7.3073E-09 0.0000E+00 0.0000E+00 7.3073E-09 6.55E-06 6.65E-06   0.015 1.0000 6.9184E-06    963.922
13241.00 0.98461860 5.9698E-36 0.0000E+00 0.0000E+00 7.4408E-09 7.4408E-09 0.0000E+00 0.0000E+00 7.4408E-09 6.66E-06 6.76E-06   0.016 1.0000 7.0339E-06    965.425
13251.00 0.98459357 5.6885E-36 0.0000E+00 0.0000E+00 7.4739E-09 7.4739E-09 0.0000E+00 0.0000E+00 7.4739E-09 6.68E-06 6.78E-06   0.016 1.0000 7.0541E-06    966.260
13261.00 0.98455489 5.4299E-36 0.0000E+00 0.0000E+00 7.5082E-09 7.5082E-09 0.0000E+00 0.0000E+00 7.5082E-09 6.70E-06 6.80E-06   0.016 1.0000 7.0756E-06    967.103
13271.00 0.98453408 5.1708E-36 0.0000E+00 0.0000E+00 7.4422E-09 7.4422E-09 0.0000E+00 0.0000E+00 7.4422E-09 6.62E-06 6.73E-06   0.016 1.0000 7.0026E-06    967.288
13281.00 0.98450255 4.9310E-36 0.0000E+00 0.0000E+00 7.3882E-09 7.3882E-09 0.0000E+00 0.0000E+00 7.3882E-09 6.57E-06 6.67E-06   0.016 1.0000 6.9412E-06    967.550
13291.00 0.98447722 4.6984E-36 0.0000E+00 0.0000E+00 7.3733E-09 7.3733E-09 0.0000E+00 0.0000E+00 7.3733E-09 6.54E-06 6.64E-06   0.016 1.0000 6.9165E-06    968.069
13301.00 0.98442698 4.4913E-36 0.0000E+00 0.0000E+00 7.4836E-09 7.4836E-09 0.0000E+00 0.0000E+00 7.4836E-09 6.63E-06 6.73E-06   0.016 1.0000 7.0096E-06    969.414
13311.00 0.98441780 4.2703E-36 0.0000E+00 0.0000E+00 7.2668E-09 7.2668E-09 0.0000E+00 0.0000E+00 7.2668E-09 6.42E-06 6.53E-06   0.016 1.0000 6.7959E-06    968.591
13321.00 0.98435932 4.0865E-36 0.0000E+00 0.0000E+00 7.5014E-09 7.5014E-09 0.0000E+00 0.0000E+00 7.5014E-09 6.62E-06 6.72E-06   0.016 1.0000 7.0050E-06    970.767
13331.00 0.98435128 3.8851E-36 0.0000E+00 0.0000E+00 7.4439E-09 7.4439E-09 0.0000E+00 0.0000E+00 7.4439E-09 6.56E-06 6.66E-06   0.016 1.0000 6.9407E-06    971.007
13341.00 0.98434025 3.6949E-36 0.0000E+00 0.0000E+00 7.2856E-09 7.2856E-09 0.0000E+00 0.0000E+00 7.2856E-09 6.41E-06 6.51E-06   0.016 1.0000 6.7825E-06    970.569
13351.00 0.98430723 3.5239E-36 0.0000E+00 0.0000E+00 7.5205E-09 7.5205E-09 0.0000E+00 0.0000E+00 7.5205E-09 6.60E-06 6.71E-06   0.016 1.0000 6.9903E-06    972.747
13361.00 0.98428541 3.3561E-36 0.0000E+00 0.0000E+00 7.4879E-09 7.4879E-09 0.0000E+00 0.0000E+00 7.4879E-09 6.56E-06 6.67E-06   0.016 1.0000 6.9490E-06    973.151
13371.00 0.98424786 3.2026E-36 0.0000E+00 0.0000E+00 7.4928E-09 7.4928E-09 0.0000E+00 0.0000E+00 7.4928E-09 6.56E-06 6.66E-06   0.016 1.0000 6.9428E-06    973.800
13381.00 0.98421162 3.0555E-36 0.0000E+00 0.0000E+00 7.5480E-09 7.5480E-09 0.0000E+00 0.0000E+00 7.5480E-09 6.59E-06 6.70E-06   0.016 1.0000 6.9829E-06    974.780
13391.00 0.98416412 2.9199E-36 0.0000E+00 0.0000E+00 7.5629E-09 7.5629E-09 0.0000E+00 0.0000E+00 7.5629E-09 6.59E-06 6.70E-06   0.016 1.0000 6.9856E-06    975.495
13401.00 0.98416263 2.7732E-36 0.0000E+00 0.0000E+00 7.5162E-09 7.5162E-09 0.0000E+00 0.0000E+00 7.5162E-09 6.54E-06 6.65E-06   0.016 1.0000 6.9311E-06    975.807
13411.00 0.98411465 2.6498E-36 0.0000E+00 0.0000E+00 7.5997E-09 7.5997E-09 0.0000E+00 0.0000E+00 7.5997E-09 6.60E-06 6.71E-06   0.016 1.0000 6.9973E-06    976.971
13421.00 0.98410457 2.5199E-36 0.0000E+00 0.0000E+00 7.4482E-09 7.4482E-09 0.0000E+00 0.0000E+00 7.4482E-09 6.46E-06 6.56E-06   0.016 1.0000 6.8463E-06    976.593
13431.00 0.98407096 2.4031E-36 0.0000E+00 0.0000E+00 7.3644E-09 7.3644E-09 0.0000E+00 0.0000E+00 7.3644E-09 6.38E-06 6.48E-06   0.016 1.0000 6.7587E-06    976.652
13441.00 0.98403585 2.2925E-36 0.0000E+00 0.0000E+00 7.6159E-09 7.6159E-09 0.0000E+00 0.0000E+00 7.6159E-09 6.58E-06 6.69E-06   0.016 1.0000 6.9782E-06    978.930
13451.00 0.98402160 2.1810E-36 0.0000E+00 0.0000E+00 7.6317E-09 7.6317E-09 0.0000E+00 0.0000E+00 7.6317E-09 6.59E-06 6.69E-06   0.016 1.0000 6.9805E-06    979.650
13461.00 0.98388773 2.1062E-36 0.0000E+00 0.0000E+00 7.5687E-09 7.5687E-09 0.0000E+00 0.0000E+00 7.5687E-09 6.52E-06 6.63E-06   0.016 1.0000 6.9145E-06    979.857
13471.00 0.98383546 2.0143E-36 0.0000E+00 0.0000E+00 7.3134E-09 7.3134E-09 0.0000E+00 0.0000E+00 7.3134E-09 6.29E-06 6.39E-06   0.016 1.0000 6.6706E-06    978.775
13481.00 0.98378748 1.9236E-36 0.0000E+00 0.0000E+00 7.3306E-09 7.3306E-09 0.0000E+00 0.0000E+00 7.3306E-09 6.29E-06 6.40E-06   0.016 1.0000 6.6756E-06    979.508
13491.00 0.98354983 1.8838E-36 0.0000E+00 0.0000E+00 7.3197E-09 7.3197E-09 0.0000E+00 0.0000E+00 7.3197E-09 6.27E-06 6.38E-06   0.017 1.0000 6.6588E-06    980.051
13501.00 0.98368180 1.7580E-36 0.0000E+00 0.0000E+00 7.5475E-09 7.5475E-09 0.0000E+00 0.0000E+00 7.5475E-09 6.46E-06 6.56E-06   0.016 1.0000 6.8511E-06    982.187
13511.00 0.98325300 1.7655E-36 0.0000E+00 0.0000E+00 7.5489E-09 7.5489E-09 0.0000E+00 0.0000E+00 7.5489E-09 6.44E-06 6.55E-06   0.017 1.0000 6.8479E-06    982.813
13521.00 0.98264837 1.8157E-36 0.0000E+00 0.0000E+00 7.5591E-09 7.5591E-09 0.0000E+00 0.0000E+00 7.5591E-09 6.44E-06 6.55E-06   0.018 1.0000 6.8549E-06    983.497
13531.00 0.98281205 1.6970E-36 0.0000E+00 0.0000E+00 7.3318E-09 7.3318E-09 0.0000E+00 0.0000E+00 7.3318E-09 6.24E-06 6.35E-06   0.017 1.0000 6.6352E-06    982.598
13541.00 0.98184305 1.8337E-36 0.0000E+00 0.0000E+00 7.5454E-09 7.5454E-09 0.0000E+00 0.0000E+00 7.5454E-09 6.40E-06 6.52E-06   0.018 1.0000 6.8288E-06    984.641
13551.00 0.98262340 1.5549E-36 0.0000E+00 0.0000E+00 7.7245E-09 7.7245E-09 0.0000E+00 0.0000E+00 7.7245E-09 6.55E-06 6.66E-06   0.018 1.0000 6.9678E-06    986.427
13561.00 0.98117036 1.8210E-36 0.0000E+00 0.0000E+00 7.7348E-09 7.7348E-09 0.0000E+00 0.0000E+00 7.7348E-09 6.54E-06 6.67E-06   0.019 1.0000 6.9805E-06    987.111
13571.00 0.98021078 1.9886E-36 0.0000E+00 0.0000E+00 7.6760E-09 7.6760E-09 0.0000E+00 0.0000E+00 7.6760E-09 6.48E-06 6.61E-06   0.020 1.0000 6.9293E-06    987.348
13581.00 0.97879010 2.1718E-36 0.0000E+00 0.0000E+00 7.6090E-09 7.6090E-09 0.0000E+00 0.0000E+00 7.6090E-09 6.41E-06 6.54E-06   0.021 1.0000 6.8674E-06    987.527
13591.00 0.98025978 1.7060E-36 0.0000E+00 0.0000E+00 7.5958E-09 7.5958E-09 0.0000E+00 0.0000E+00 7.5958E-09 6.39E-06 6.52E-06   0.020 1.0000 6.8280E-06    988.057
13601.00 0.98138779 1.3991E-36 0.0000E+00 0.0000E+00 7.7080E-09 7.7080E-09 0.0000E+00 0.0000E+00 7.7080E-09 6.47E-06 6.60E-06   0.019 1.0000 6.9178E-06    989.407
13611.00 0.97999150 1.6586E-36 0.0000E+00 0.0000E+00 7.7862E-09 7.7862E-09 0.0000E+00 0.0000E+00 7.7862E-09 6.53E-06 6.66E-06   0.020 1.0000 6.9838E-06    990.530
13621.00 0.98164314 1.2800E-36 0.0000E+00 0.0000E+00 7.8464E-09 7.8464E-09 0.0000E+00 0.0000E+00 7.8464E-09 6.57E-06 6.69E-06   0.019 1.0000 7.0039E-06    991.533
13631.00 0.97940439 1.6062E-36 0.0000E+00 0.0000E+00 7.7275E-09 7.7275E-09 0.0000E+00 0.0000E+00 7.7275E-09 6.45E-06 6.59E-06   0.021 1.0000 6.9291E-06    991.384
13641.00 0.98089439 1.2336E-36 0.0000E+00 0.0000E+00 7.6303E-09 7.6303E-09 0.0000E+00 0.0000E+00 7.6303E-09 6.36E-06 6.49E-06   0.019 1.0000 6.8141E-06    991.367
13651.00 0.97841084 1.6892E-36 0.0000E+00 0.0000E+00 7.6493E-09 7.6493E-09 0.0000E+00 0.0000E+00 7.6493E-09 6.36E-06 6.50E-06   0.022 1.0000 6.8293E-06    992.109
13661.00 0.97316265 2.5010E-36 0.0000E+00 0.0000E+00 7.6613E-09 7.6613E-09 0.0000E+00 0.0000E+00 7.6613E-09 6.35E-06 6.52E-06   0.027 1.0000 6.9146E-06    992.804
13671.00 0.97208047 2.4697E-36 0.0000E+00 0.0000E+00 7.6089E-09 7.6089E-09 0.0000E+00 0.0000E+00 7.6089E-09 6.29E-06 6.46E-06   0.028 1.0000 6.8594E-06    993.076
13681.00 0.97265267 2.5168E-36 0.0000E+00 0.0000E+00 7.4951E-09 7.4951E-09 0.0000E+00 0.0000E+00 7.4951E-09 6.19E-06 6.35E-06   0.028 1.0000 6.7477E-06    992.937
13691.00 0.96873772 3.2123E-36 0.0000E+00 0.0000E+00 7.6540E-09 7.6540E-09 0.0000E+00 0.0000E+00 7.6540E-09 6.30E-06 6.49E-06   0.032 1.0000 6.9298E-06    994.605
13701.00 0.97401035 1.8415E-36 0.0000E+00 0.0000E+00 7.7155E-09 7.7155E-09 0.0000E+00 0.0000E+00 7.7155E-09 6.35E-06 6.52E-06   0.026 1.0000 6.8895E-06    995.624
13711.00 0.95903331 5.7708E-36 0.0000E+00 0.0000E+00 7.2130E-09 7.2130E-09 0.0000E+00 0.0000E+00 7.2130E-09 5.89E-06 6.12E-06   0.042 1.0000 6.5819E-06    992.864
13721.00 0.96968126 3.1858E-36 0.0000E+00 0.0000E+00 7.4387E-09 7.4387E-09 0.0000E+00 0.0000E+00 7.4387E-09 6.10E-06 6.27E-06   0.031 1.0000 6.6556E-06    995.021
13731.00 0.96593529 3.4612E-36 0.0000E+00 0.0000E+00 7.6393E-09 7.6393E-09 0.0000E+00 0.0000E+00 7.6393E-09 6.24E-06 6.44E-06   0.035 1.0000 6.8519E-06    996.974
13741.00 0.94780421 9.2543E-36 0.0000E+00 0.0000E+00 7.4916E-09 7.4916E-09 0.0000E+00 0.0000E+00 7.4916E-09 6.07E-06 6.35E-06   0.054 1.0000 6.8890E-06    996.608
13751.00 0.96594858 5.1930E-36 0.0000E+00 0.0000E+00 7.8024E-09 7.8024E-09 0.0000E+00 0.0000E+00 7.8024E-09 6.35E-06 6.55E-06   0.035 1.0000 6.9714E-06    999.271
13761.00 0.95157105 9.4491E-36 0.0000E+00 0.0000E+00 7.5870E-09 7.5870E-09 0.0000E+00 0.0000E+00 7.5870E-09 6.14E-06 6.39E-06   0.050 1.0000 6.9003E-06    998.476
13771.00 0.96953642 2.0212E-36 0.0000E+00 0.0000E+00 7.6848E-09 7.6848E-09 0.0000E+00 0.0000E+00 7.6848E-09 6.24E-06 6.43E-06   0.031 1.0000 6.8340E-06    999.737
13781.00 0.95329452 7.0449E-36 0.0000E+00 0.0000E+00 7.6288E-09 7.6288E-09 0.0000E+00 0.0000E+00 7.6288E-09 6.15E-06 6.41E-06   0.048 1.0000 6.9166E-06    999.984
13791.00 0.96252340 4.3292E-36 0.0000E+00 0.0000E+00 7.6935E-09 7.6935E-09 0.0000E+00 0.0000E+00 7.6935E-09 6.21E-06 6.43E-06   0.038 1.0000 6.8767E-06   1001.027
13801.00 0.95002395 8.9663E-36 0.0000E+00 0.0000E+00 7.5713E-09 7.5713E-09 0.0000E+00 0.0000E+00 7.5713E-09 6.08E-06 6.34E-06   0.051 1.0000 6.8804E-06   1000.834
13811.00 0.94930363 1.0865E-35 0.0000E+00 0.0000E+00 7.6388E-09 7.6388E-09 0.0000E+00 0.0000E+00 7.6388E-09 6.12E-06 6.39E-06   0.052 1.0000 6.8949E-06   1001.898
13821.00 0.93749899 1.2014E-35 0.0000E+00 0.0000E+00 7.5986E-09 7.5986E-09 0.0000E+00 0.0000E+00 7.5986E-09 6.06E-06 6.37E-06   0.065 1.0000 6.9471E-06   1002.247
13831.00 0.96831745 2.7011E-36 0.0000E+00 0.0000E+00 7.8378E-09 7.8378E-09 0.0000E+00 0.0000E+00 7.8378E-09 6.30E-06 6.49E-06   0.032 1.0000 6.8800E-06   1004.431
13841.00 0.97099930 1.8956E-36 0.0000E+00 0.0000E+00 7.6255E-09 7.6255E-09 0.0000E+00 0.0000E+00 7.6255E-09 6.13E-06 6.29E-06   0.029 1.0000 6.6572E-06   1003.657
13851.00 0.97268188 1.2896E-36 0.0000E+00 0.0000E+00 7.8951E-09 7.8951E-09 0.0000E+00 0.0000E+00 7.8951E-09 6.33E-06 6.50E-06   0.028 1.0000 6.8689E-06   1006.033
13861.00 0.97379726 1.1024E-36 0.0000E+00 0.0000E+00 7.8873E-09 7.8873E-09 0.0000E+00 0.0000E+00 7.8873E-09 6.32E-06 6.48E-06   0.027 1.0000 6.8448E-06   1006.599
13871.00 0.94378215 8.8542E-36 0.0000E+00 0.0000E+00 7.3707E-09 7.3707E-09 0.0000E+00 0.0000E+00 7.3707E-09 5.84E-06 6.11E-06   0.058 1.0000 6.6067E-06   1003.784
13881.00 0.92353415 1.2578E-35 0.0000E+00 0.0000E+00 7.4431E-09 7.4431E-09 0.0000E+00 0.0000E+00 7.4431E-09 5.84E-06 6.22E-06   0.080 1.0000 6.8443E-06   1004.893
13891.00 0.94405609 5.2970E-36 0.0000E+00 0.0000E+00 7.5319E-09 7.5319E-09 0.0000E+00 0.0000E+00 7.5319E-09 5.93E-06 6.24E-06   0.058 1.0000 6.7708E-06   1006.108
13901.00 0.94149274 5.6158E-36 0.0000E+00 0.0000E+00 7.3414E-09 7.3414E-09 0.0000E+00 0.0000E+00 7.3414E-09 5.78E-06 6.06E-06   0.060 1.0000 6.6271E-06   1005.426
13911.00 0.93352723 7.1438E-36 0.0000E+00 0.0000E+00 7.1990E-09 7.1990E-09 0.0000E+00 0.0000E+00 7.1990E-09 5.65E-06 5.95E-06   0.069 1.0000 6.5880E-06   1005.051
13921.00 0.95461571 3.8529E-36 0.0000E+00 0.0000E+00 7.5004E-09 7.5004E-09 0.0000E+00 0.0000E+00 7.5004E-09 5.92E-06 6.14E-06   0.046 1.0000 6.6696E-06   1007.740
13931.00 0.96224952 1.3353E-36 0.0000E+00 0.0000E+00 7.6920E-09 7.6920E-09 0.0000E+00 0.0000E+00 7.6920E-09 6.06E-06 6.28E-06   0.038 1.0000 6.7975E-06   1009.635
13941.00 0.96988040 6.9999E-37 0.0000E+00 0.0000E+00 7.9203E-09 7.9203E-09 0.0000E+00 0.0000E+00 7.9203E-09 6.25E-06 6.43E-06   0.031 1.0000 6.9216E-06   1011.741
13951.00 0.97722024 3.2969E-37 0.0000E+00 0.0000E+00 7.7327E-09 7.7327E-09 0.0000E+00 0.0000E+00 7.7327E-09 6.11E-06 6.25E-06   0.023 1.0000 6.6387E-06   1011.134
13961.00 0.98061121 1.7990E-37 0.0000E+00 0.0000E+00 8.0300E-09 8.0300E-09 0.0000E+00 0.0000E+00 8.0300E-09 6.35E-06 6.47E-06   0.020 1.0000 6.8145E-06   1013.676
13971.00 0.98132193 1.3950E-37 0.0000E+00 0.0000E+00 8.0865E-09 8.0865E-09 0.0000E+00 0.0000E+00 8.0865E-09 6.38E-06 6.50E-06   0.019 1.0000 6.8419E-06   1014.651
13981.00 0.98042804 1.4566E-37 0.0000E+00 0.0000E+00 7.8655E-09 7.8655E-09 0.0000E+00 0.0000E+00 7.8655E-09 6.19E-06 6.32E-06   0.020 1.0000 6.6525E-06   1013.849
13991.00 0.98054302 1.4031E-37 0.0000E+00 0.0000E+00 7.9406E-09 7.9406E-09 0.0000E+00 0.0000E+00 7.9406E-09 6.24E-06 6.37E-06   0.020 1.0000 6.6990E-06   1014.951
14001.00 0.98114455 1.1488E-37 0.0000E+00 0.0000E+00 8.1936E-09 8.1936E-09 0.0000E+00 0.0000E+00 8.1936E-09 6.43E-06 6.56E-06   0.019 1.0000 6.8966E-06   1017.175
14011.00 0.98138326 8.8417E-38 0.0000E+00 0.0000E+00 8.1673E-09 8.1673E-09 0.0000E+00 0.0000E+00 8.1673E-09 6.40E-06 6.52E-06   0.019 1.0000 6.8603E-06   1017.626
14021.00 0.98136526 8.2025E-38 0.0000E+00 0.0000E+00 7.9924E-09 7.9924E-09 0.0000E+00 0.0000E+00 7.9924E-09 6.26E-06 6.37E-06   0.019 1.0000 6.7046E-06   1017.131
14031.00 0.98183727 3.7959E-38 0.0000E+00 0.0000E+00 8.1324E-09 8.1324E-09 0.0000E+00 0.0000E+00 8.1324E-09 6.36E-06 6.47E-06   0.018 1.0000 6.8054E-06   1018.638
14041.00 0.98164678 4.0033E-38 0.0000E+00 0.0000E+00 8.1293E-09 8.1293E-09 0.0000E+00 0.0000E+00 8.1293E-09 6.34E-06 6.46E-06   0.019 1.0000 6.7943E-06   1019.235
14051.00 0.98179317 2.4016E-38 0.0000E+00 0.0000E+00 8.1342E-09 8.1342E-09 0.0000E+00 0.0000E+00 8.1342E-09 6.34E-06 6.45E-06   0.018 1.0000 6.7860E-06   1019.882
14061.00 0.98146188 1.2603E-38 0.0000E+00 0.0000E+00 8.1610E-09 8.1610E-09 0.0000E+00 0.0000E+00 8.1610E-09 6.35E-06 6.46E-06   0.019 1.0000 6.8011E-06   1020.668
14071.00 0.98125529 1.3040E-38 0.0000E+00 0.0000E+00 8.3056E-09 8.3056E-09 0.0000E+00 0.0000E+00 8.3056E-09 6.45E-06 6.57E-06   0.019 1.0000 6.9130E-06   1022.189
14081.00 0.98115247 0.0000E+00 0.0000E+00 0.0000E+00 8.3277E-09 8.3277E-09 0.0000E+00 0.0000E+00 8.3277E-09 6.45E-06 6.58E-06   0.019 1.0000 6.9222E-06   1022.943
14091.00 0.98161912 0.0000E+00 0.0000E+00 0.0000E+00 8.2561E-09 8.2561E-09 0.0000E+00 0.0000E+00 8.2561E-09 6.39E-06 6.51E-06   0.019 1.0000 6.8480E-06   1023.113
14101.00 0.98135632 0.0000E+00 0.0000E+00 0.0000E+00 8.1691E-09 8.1691E-09 0.0000E+00 0.0000E+00 8.1691E-09 6.31E-06 6.43E-06   0.019 1.0000 6.7686E-06   1023.182
14111.00 0.98140162 0.0000E+00 0.0000E+00 0.0000E+00 8.1516E-09 8.1516E-09 0.0000E+00 0.0000E+00 8.1516E-09 6.29E-06 6.40E-06   0.019 1.0000 6.7405E-06   1023.687
14121.00 0.98052669 0.0000E+00 0.0000E+00 0.0000E+00 8.3845E-09 8.3845E-09 0.0000E+00 0.0000E+00 8.3845E-09 6.45E-06 6.58E-06   0.020 1.0000 6.9338E-06   1025.760
14131.00 0.98077941 0.0000E+00 0.0000E+00 0.0000E+00 8.3743E-09 8.3743E-09 0.0000E+00 0.0000E+00 8.3743E-09 6.43E-06 6.56E-06   0.019 1.0000 6.9114E-06   1026.313
14141.00 0.98108768 0.0000E+00 0.0000E+00 0.0000E+00 8.0979E-09 8.0979E-09 0.0000E+00 0.0000E+00 8.0979E-09 6.21E-06 6.33E-06   0.019 1.0000 6.6690E-06   1025.193
14151.00 0.98047131 0.0000E+00 0.0000E+00 0.0000E+00 8.3019E-09 8.3019E-09 0.0000E+00 0.0000E+00 8.3019E-09 6.36E-06 6.48E-06   0.020 1.0000 6.8364E-06   1027.096
14161.00 0.97990721 0.0000E+00 0.0000E+00 0.0000E+00 8.2997E-09 8.2997E-09 0.0000E+00 0.0000E+00 8.2997E-09 6.34E-06 6.47E-06   0.020 1.0000 6.8263E-06   1027.698
14171.00 0.97949636 0.0000E+00 0.0000E+00 0.0000E+00 8.2998E-09 8.2998E-09 0.0000E+00 0.0000E+00 8.2998E-09 6.33E-06 6.46E-06   0.021 1.0000 6.8218E-06   1028.314
14181.00 0.97950739 1.1957E-38 0.0000E+00 0.0000E+00 8.4252E-09 8.4252E-09 0.0000E+00 0.0000E+00 8.4252E-09 6.42E-06 6.55E-06   0.021 1.0000 6.9162E-06   1029.708
14191.00 0.98072702 0.0000E+00 0.0000E+00 0.0000E+00 8.4401E-09 8.4401E-09 0.0000E+00 0.0000E+00 8.4401E-09 6.42E-06 6.55E-06   0.019 1.0000 6.9005E-06   1030.417
14201.00 0.97747386 4.2172E-38 0.0000E+00 0.0000E+00 8.2966E-09 8.2966E-09 0.0000E+00 0.0000E+00 8.2966E-09 6.29E-06 6.43E-06   0.023 1.0000 6.8083E-06   1030.142
14211.00 0.98059785 1.2015E-38 0.0000E+00 0.0000E+00 8.3412E-09 8.3412E-09 0.0000E+00 0.0000E+00 8.3412E-09 6.32E-06 6.45E-06   0.020 1.0000 6.7993E-06   1031.036
14221.00 0.97863817 1.8096E-38 0.0000E+00 0.0000E+00 8.3278E-09 8.3278E-09 0.0000E+00 0.0000E+00 8.3278E-09 6.30E-06 6.43E-06   0.022 1.0000 6.7995E-06   1031.568
14231.00 0.97516418 4.4653E-38 0.0000E+00 0.0000E+00 8.1689E-09 8.1689E-09 0.0000E+00 0.0000E+00 8.1689E-09 6.16E-06 6.31E-06   0.025 1.0000 6.6909E-06   1031.182
14241.00 0.97666281 1.5720E-38 0.0000E+00 0.0000E+00 8.2581E-09 8.2581E-09 0.0000E+00 0.0000E+00 8.2581E-09 6.22E-06 6.36E-06   0.024 1.0000 6.7352E-06   1032.362
14251.00 0.97553247 5.1062E-38 0.0000E+00 0.0000E+00 8.0720E-09 8.0720E-09 0.0000E+00 0.0000E+00 8.0720E-09 6.06E-06 6.21E-06   0.025 1.0000 6.5845E-06   1031.792
14261.00 0.97826874 0.0000E+00 0.0000E+00 0.0000E+00 8.3227E-09 8.3227E-09 0.0000E+00 0.0000E+00 8.3227E-09 6.25E-06 6.39E-06   0.022 1.0000 6.7582E-06   1033.998
14271.00 0.97320807 5.2613E-38 0.0000E+00 0.0000E+00 8.2405E-09 8.2405E-09 0.0000E+00 0.0000E+00 8.2405E-09 6.16E-06 6.33E-06   0.027 1.0000 6.7184E-06   1034.096
14281.00 0.97737658 1.9411E-38 0.0000E+00 0.0000E+00 8.2927E-09 8.2927E-09 0.0000E+00 0.0000E+00 8.2927E-09 6.20E-06 6.35E-06   0.023 1.0000 6.7221E-06   1035.040
 -9999.
