T F 2    2    2    0    2    2    2    2    2    2    1    0    0   0.0000.00000
    1    1    1    0    0    0  50.00000   0.00000   0.00000   0.00000   0.00000
 -99.000 -99.000 -99.000
 -99.00000 -99.00000 -99.00000  2.922360  0.000710 ! H2O & O3 COLUMNS [GM/CM2]
   36MID-LATITUDE SUMMER 
  20.00000  20.00000  90.15345  35.00032   0.31377   0.00000    1        0.00000
    0    0  172    0
   0.00000   0.00000   0.00000  70.00331   0.00000 180.00000   0.00000   0.00000
    9091.0   14286.0      10.0      10.0NW              
    0   0    0.000  0    0.000  0    1.000
    FREQ  TOT_TRANS  PTH_THRML  THRML_SCT  SURF_EMIS   SOL_SCAT  SING_SCAT  GRND_RFLT  DRCT_RFLT  TOTAL_RAD  REF_SOL  SOL@OBS   DEPTH DIR_EM    TOA_SUN BBODY_T[K]
 9091.00 0.99240810 8.2187E-29 0.0000E+00 0.0000E+00 3.8721E-09 3.8721E-09 0.0000E+00 0.0000E+00 3.8721E-09 6.85E-06 6.90E-06   0.008 1.0000 6.9214E-06    679.186
 9101.00 0.99241900 7.7116E-29 0.0000E+00 0.0000E+00 3.7898E-09 3.7898E-09 0.0000E+00 0.0000E+00 3.7898E-09 6.68E-06 6.73E-06   0.008 1.0000 6.7529E-06    679.060
 9111.00 0.99240935 7.2545E-29 0.0000E+00 0.0000E+00 3.8119E-09 3.8119E-09 0.0000E+00 0.0000E+00 3.8119E-09 6.70E-06 6.75E-06   0.008 1.0000 6.7702E-06    679.894
 9121.00 0.99237901 6.8424E-29 0.0000E+00 0.0000E+00 3.8166E-09 3.8166E-09 0.0000E+00 0.0000E+00 3.8166E-09 6.69E-06 6.74E-06   0.008 1.0000 6.7570E-06    680.568
 9131.00 0.99234021 6.4621E-29 0.0000E+00 0.0000E+00 3.8062E-09 3.8062E-09 0.0000E+00 0.0000E+00 3.8062E-09 6.65E-06 6.70E-06   0.008 1.0000 6.7175E-06    681.102
 9141.00 0.99233836 6.0729E-29 0.0000E+00 0.0000E+00 3.6630E-09 3.6630E-09 0.0000E+00 0.0000E+00 3.6630E-09 6.38E-06 6.43E-06   0.008 1.0000 6.4440E-06    680.379
 9151.00 0.99227226 5.7546E-29 0.0000E+00 0.0000E+00 3.9125E-09 3.9125E-09 0.0000E+00 0.0000E+00 3.9125E-09 6.79E-06 6.84E-06   0.008 1.0000 6.8615E-06    683.337
 9161.00 0.99229163 5.3935E-29 0.0000E+00 0.0000E+00 3.9667E-09 3.9667E-09 0.0000E+00 0.0000E+00 3.9667E-09 6.86E-06 6.91E-06   0.008 1.0000 6.9345E-06    684.456
 9171.00 0.99224067 5.1006E-29 0.0000E+00 0.0000E+00 4.0098E-09 4.0098E-09 0.0000E+00 0.0000E+00 4.0098E-09 6.91E-06 6.97E-06   0.008 1.0000 6.9883E-06    685.471
 9181.00 0.99222726 4.8006E-29 0.0000E+00 0.0000E+00 3.9564E-09 3.9564E-09 0.0000E+00 0.0000E+00 3.9564E-09 6.80E-06 6.85E-06   0.008 1.0000 6.8738E-06    685.625
 9191.00 0.99220675 4.5222E-29 0.0000E+00 0.0000E+00 3.9570E-09 3.9570E-09 0.0000E+00 0.0000E+00 3.9570E-09 6.78E-06 6.83E-06   0.008 1.0000 6.8531E-06    686.261
 9201.00 0.99215889 4.2745E-29 0.0000E+00 0.0000E+00 3.9268E-09 3.9268E-09 0.0000E+00 0.0000E+00 3.9268E-09 6.71E-06 6.76E-06   0.008 1.0000 6.7792E-06    686.619
 9211.00 0.99212807 4.0322E-29 0.0000E+00 0.0000E+00 4.0835E-09 4.0835E-09 0.0000E+00 0.0000E+00 4.0835E-09 6.95E-06 7.01E-06   0.008 1.0000 7.0277E-06    688.646
 9221.00 0.99211216 3.7958E-29 0.0000E+00 0.0000E+00 4.0621E-09 4.0621E-09 0.0000E+00 0.0000E+00 4.0621E-09 6.89E-06 6.95E-06   0.008 1.0000 6.9689E-06    689.089
 9231.00 0.99207592 3.5827E-29 0.0000E+00 0.0000E+00 3.9734E-09 3.9734E-09 0.0000E+00 0.0000E+00 3.9734E-09 6.72E-06 6.77E-06   0.008 1.0000 6.7955E-06    688.929
 9241.00 0.99204832 3.3776E-29 0.0000E+00 0.0000E+00 3.9793E-09 3.9793E-09 0.0000E+00 0.0000E+00 3.9793E-09 6.71E-06 6.76E-06   0.008 1.0000 6.7842E-06    689.613
 9251.00 0.99200445 3.1907E-29 0.0000E+00 0.0000E+00 4.0602E-09 4.0602E-09 0.0000E+00 0.0000E+00 4.0602E-09 6.82E-06 6.88E-06   0.008 1.0000 6.9007E-06    690.964
 9261.00 0.99196464 3.0127E-29 0.0000E+00 0.0000E+00 4.1281E-09 4.1281E-09 0.0000E+00 0.0000E+00 4.1281E-09 6.92E-06 6.97E-06   0.008 1.0000 6.9947E-06    692.190
 9271.00 0.99192339 2.8449E-29 0.0000E+00 0.0000E+00 4.0708E-09 4.0708E-09 0.0000E+00 0.0000E+00 4.0708E-09 6.80E-06 6.86E-06   0.008 1.0000 6.8762E-06    692.319
 9281.00 0.99186248 2.6929E-29 0.0000E+00 0.0000E+00 4.1766E-09 4.1766E-09 0.0000E+00 0.0000E+00 4.1766E-09 6.95E-06 7.01E-06   0.008 1.0000 7.0330E-06    693.873
 9291.00 0.99180460 2.5480E-29 0.0000E+00 0.0000E+00 4.1780E-09 4.1780E-09 0.0000E+00 0.0000E+00 4.1780E-09 6.93E-06 6.99E-06   0.008 1.0000 7.0135E-06    694.516
 9301.00 0.99172914 2.4157E-29 0.0000E+00 0.0000E+00 4.1014E-09 4.1014E-09 0.0000E+00 0.0000E+00 4.1014E-09 6.79E-06 6.84E-06   0.008 1.0000 6.8637E-06    694.479
 9311.00 0.99164158 2.2936E-29 0.0000E+00 0.0000E+00 4.1865E-09 4.1865E-09 0.0000E+00 0.0000E+00 4.1865E-09 6.90E-06 6.96E-06   0.008 1.0000 6.9849E-06    695.852
 9321.00 0.99153525 2.1821E-29 0.0000E+00 0.0000E+00 4.1399E-09 4.1399E-09 0.0000E+00 0.0000E+00 4.1399E-09 6.81E-06 6.86E-06   0.009 1.0000 6.8861E-06    696.078
 9331.00 0.99140012 2.0828E-29 0.0000E+00 0.0000E+00 4.2271E-09 4.2271E-09 0.0000E+00 0.0000E+00 4.2271E-09 6.93E-06 6.99E-06   0.009 1.0000 7.0103E-06    697.463
 9341.00 0.99127352 1.9855E-29 0.0000E+00 0.0000E+00 4.2211E-09 4.2211E-09 0.0000E+00 0.0000E+00 4.2211E-09 6.90E-06 6.96E-06   0.009 1.0000 6.9794E-06    698.042
 9351.00 0.99109972 1.9023E-29 0.0000E+00 0.0000E+00 4.0676E-09 4.0676E-09 0.0000E+00 0.0000E+00 4.0676E-09 6.62E-06 6.68E-06   0.009 1.0000 6.7060E-06    697.332
 9361.00 0.99064791 1.8773E-29 0.0000E+00 0.0000E+00 4.2054E-09 4.2054E-09 0.0000E+00 0.0000E+00 4.2054E-09 6.83E-06 6.89E-06   0.009 1.0000 6.9146E-06    699.169
 9371.00 0.99070829 1.7539E-29 0.0000E+00 0.0000E+00 4.2746E-09 4.2746E-09 0.0000E+00 0.0000E+00 4.2746E-09 6.92E-06 6.98E-06   0.009 1.0000 7.0062E-06    700.392
 9381.00 0.99067235 1.6533E-29 0.0000E+00 0.0000E+00 4.2673E-09 4.2673E-09 0.0000E+00 0.0000E+00 4.2673E-09 6.88E-06 6.95E-06   0.009 1.0000 6.9727E-06    700.961
 9391.00 0.99065679 1.5560E-29 0.0000E+00 0.0000E+00 4.3538E-09 4.3538E-09 0.0000E+00 0.0000E+00 4.3538E-09 7.00E-06 7.07E-06   0.009 1.0000 7.0927E-06    702.324
 9401.00 0.99073666 1.4495E-29 0.0000E+00 0.0000E+00 4.3346E-09 4.3346E-09 0.0000E+00 0.0000E+00 4.3346E-09 6.95E-06 7.01E-06   0.009 1.0000 7.0394E-06    702.793
 9411.00 0.99087852 1.3409E-29 0.0000E+00 0.0000E+00 4.3379E-09 4.3379E-09 0.0000E+00 0.0000E+00 4.3379E-09 6.93E-06 7.00E-06   0.009 1.0000 7.0221E-06    703.452
 9421.00 0.99093509 1.2517E-29 0.0000E+00 0.0000E+00 4.3408E-09 4.3408E-09 0.0000E+00 0.0000E+00 4.3408E-09 6.92E-06 6.98E-06   0.009 1.0000 7.0055E-06    704.108
 9431.00 0.99095231 1.1737E-29 0.0000E+00 0.0000E+00 4.3306E-09 4.3306E-09 0.0000E+00 0.0000E+00 4.3306E-09 6.88E-06 6.94E-06   0.009 1.0000 6.9676E-06    704.653
 9441.00 0.99097574 1.0998E-29 0.0000E+00 0.0000E+00 4.3314E-09 4.3314E-09 0.0000E+00 0.0000E+00 4.3314E-09 6.86E-06 6.92E-06   0.009 1.0000 6.9484E-06    705.290
 9451.00 0.99102193 1.0279E-29 0.0000E+00 0.0000E+00 4.3609E-09 4.3609E-09 0.0000E+00 0.0000E+00 4.3609E-09 6.89E-06 6.95E-06   0.009 1.0000 6.9764E-06    706.169
 9461.00 0.99107236 9.6025E-30 0.0000E+00 0.0000E+00 4.4429E-09 4.4429E-09 0.0000E+00 0.0000E+00 4.4429E-09 7.00E-06 7.07E-06   0.009 1.0000 7.0891E-06    707.484
 9471.00 0.99111807 8.9748E-30 0.0000E+00 0.0000E+00 4.4553E-09 4.4553E-09 0.0000E+00 0.0000E+00 4.4553E-09 7.00E-06 7.07E-06   0.009 1.0000 7.0904E-06    708.218
 9481.00 0.99113703 8.4128E-30 0.0000E+00 0.0000E+00 4.4632E-09 4.4632E-09 0.0000E+00 0.0000E+00 4.4632E-09 7.00E-06 7.06E-06   0.009 1.0000 7.0848E-06    708.915
 9491.00 0.99112457 7.9140E-30 0.0000E+00 0.0000E+00 4.4381E-09 4.4381E-09 0.0000E+00 0.0000E+00 4.4381E-09 6.94E-06 7.00E-06   0.009 1.0000 7.0271E-06    709.338
 9501.00 0.99108642 7.4666E-30 0.0000E+00 0.0000E+00 4.4740E-09 4.4740E-09 0.0000E+00 0.0000E+00 4.4740E-09 6.98E-06 7.04E-06   0.009 1.0000 7.0663E-06    710.266
 9511.00 0.99110931 6.9972E-30 0.0000E+00 0.0000E+00 4.4897E-09 4.4897E-09 0.0000E+00 0.0000E+00 4.4897E-09 6.99E-06 7.05E-06   0.009 1.0000 7.0729E-06    711.026
 9521.00 0.99104381 6.6193E-30 0.0000E+00 0.0000E+00 4.4981E-09 4.4981E-09 0.0000E+00 0.0000E+00 4.4981E-09 6.98E-06 7.04E-06   0.009 1.0000 7.0689E-06    711.727
 9531.00 0.99099976 6.2526E-30 0.0000E+00 0.0000E+00 4.5189E-09 4.5189E-09 0.0000E+00 0.0000E+00 4.5189E-09 7.00E-06 7.06E-06   0.009 1.0000 7.0837E-06    712.528
 9541.00 0.99118471 5.7513E-30 0.0000E+00 0.0000E+00 4.5320E-09 4.5320E-09 0.0000E+00 0.0000E+00 4.5320E-09 7.00E-06 7.06E-06   0.009 1.0000 7.0847E-06    713.266
 9551.00 0.99116969 5.4118E-30 0.0000E+00 0.0000E+00 4.5009E-09 4.5009E-09 0.0000E+00 0.0000E+00 4.5009E-09 6.93E-06 6.99E-06   0.009 1.0000 7.0183E-06    713.642
 9561.00 0.99114859 5.0962E-30 0.0000E+00 0.0000E+00 4.4645E-09 4.4645E-09 0.0000E+00 0.0000E+00 4.4645E-09 6.86E-06 6.92E-06   0.009 1.0000 6.9440E-06    713.971
 9571.00 0.99115783 4.7825E-30 0.0000E+00 0.0000E+00 4.5594E-09 4.5594E-09 0.0000E+00 0.0000E+00 4.5594E-09 6.99E-06 7.05E-06   0.009 1.0000 7.0733E-06    715.383
 9581.00 0.99116242 4.4903E-30 0.0000E+00 0.0000E+00 4.5774E-09 4.5774E-09 0.0000E+00 0.0000E+00 4.5774E-09 7.00E-06 7.06E-06   0.009 1.0000 7.0833E-06    716.160
 9591.00 0.99115205 4.2231E-30 0.0000E+00 0.0000E+00 4.5585E-09 4.5585E-09 0.0000E+00 0.0000E+00 4.5585E-09 6.95E-06 7.01E-06   0.009 1.0000 7.0362E-06    716.637
 9601.00 0.99112999 3.9770E-30 0.0000E+00 0.0000E+00 4.6118E-09 4.6118E-09 0.0000E+00 0.0000E+00 4.6118E-09 7.01E-06 7.08E-06   0.009 1.0000 7.1006E-06    717.701
 9611.00 0.99109763 3.7495E-30 0.0000E+00 0.0000E+00 4.5961E-09 4.5961E-09 0.0000E+00 0.0000E+00 4.5961E-09 6.97E-06 7.03E-06   0.009 1.0000 7.0589E-06    718.205
 9621.00 0.99107045 3.5331E-30 0.0000E+00 0.0000E+00 4.6046E-09 4.6046E-09 0.0000E+00 0.0000E+00 4.6046E-09 6.97E-06 7.03E-06   0.009 1.0000 7.0542E-06    718.905
 9631.00 0.99106789 3.3198E-30 0.0000E+00 0.0000E+00 4.6132E-09 4.6132E-09 0.0000E+00 0.0000E+00 4.6132E-09 6.96E-06 7.03E-06   0.009 1.0000 7.0494E-06    719.605
 9641.00 0.99099523 3.1440E-30 0.0000E+00 0.0000E+00 4.5946E-09 4.5946E-09 0.0000E+00 0.0000E+00 4.5946E-09 6.92E-06 6.98E-06   0.009 1.0000 7.0036E-06    720.085
 9651.00 0.99103951 2.9392E-30 0.0000E+00 0.0000E+00 4.6762E-09 4.6762E-09 0.0000E+00 0.0000E+00 4.6762E-09 7.02E-06 7.09E-06   0.009 1.0000 7.1097E-06    721.375
 9661.00 0.99104506 2.7590E-30 0.0000E+00 0.0000E+00 4.6328E-09 4.6328E-09 0.0000E+00 0.0000E+00 4.6328E-09 6.94E-06 7.00E-06   0.009 1.0000 7.0258E-06    721.656
 9671.00 0.99102610 2.5973E-30 0.0000E+00 0.0000E+00 4.6456E-09 4.6456E-09 0.0000E+00 0.0000E+00 4.6456E-09 6.94E-06 7.00E-06   0.009 1.0000 7.0276E-06    722.390
 9681.00 0.99100655 2.4451E-30 0.0000E+00 0.0000E+00 4.6442E-09 4.6442E-09 0.0000E+00 0.0000E+00 4.6442E-09 6.92E-06 6.98E-06   0.009 1.0000 7.0080E-06    723.010
 9691.00 0.99098599 2.3021E-30 0.0000E+00 0.0000E+00 4.7222E-09 4.7222E-09 0.0000E+00 0.0000E+00 4.7222E-09 7.02E-06 7.08E-06   0.009 1.0000 7.1079E-06    724.266
 9701.00 0.99096507 2.1675E-30 0.0000E+00 0.0000E+00 4.7273E-09 4.7273E-09 0.0000E+00 0.0000E+00 4.7273E-09 7.01E-06 7.07E-06   0.009 1.0000 7.0980E-06    724.938
 9711.00 0.99094361 2.0409E-30 0.0000E+00 0.0000E+00 4.7289E-09 4.7289E-09 0.0000E+00 0.0000E+00 4.7289E-09 6.99E-06 7.06E-06   0.009 1.0000 7.0827E-06    725.581
 9721.00 0.99092132 1.9219E-30 0.0000E+00 0.0000E+00 4.7446E-09 4.7446E-09 0.0000E+00 0.0000E+00 4.7446E-09 7.00E-06 7.06E-06   0.009 1.0000 7.0883E-06    726.337
 9731.00 0.99089867 1.8098E-30 0.0000E+00 0.0000E+00 4.7831E-09 4.7831E-09 0.0000E+00 0.0000E+00 4.7831E-09 7.04E-06 7.10E-06   0.009 1.0000 7.1280E-06    727.272
 9741.00 0.99087787 1.7040E-30 0.0000E+00 0.0000E+00 4.7861E-09 4.7861E-09 0.0000E+00 0.0000E+00 4.7861E-09 7.03E-06 7.09E-06   0.009 1.0000 7.1148E-06    727.927
 9751.00 0.99085510 1.6046E-30 0.0000E+00 0.0000E+00 4.8053E-09 4.8053E-09 0.0000E+00 0.0000E+00 4.8053E-09 7.04E-06 7.10E-06   0.009 1.0000 7.1256E-06    728.710
 9761.00 0.99083102 1.5113E-30 0.0000E+00 0.0000E+00 4.8082E-09 4.8082E-09 0.0000E+00 0.0000E+00 4.8082E-09 7.02E-06 7.09E-06   0.009 1.0000 7.1121E-06    729.363
 9771.00 0.99080592 1.4235E-30 0.0000E+00 0.0000E+00 4.8283E-09 4.8283E-09 0.0000E+00 0.0000E+00 4.8283E-09 7.03E-06 7.10E-06   0.009 1.0000 7.1242E-06    730.152
 9781.00 0.99078518 1.3402E-30 0.0000E+00 0.0000E+00 4.7864E-09 4.7864E-09 0.0000E+00 0.0000E+00 4.7864E-09 6.96E-06 7.02E-06   0.009 1.0000 7.0450E-06    730.452
 9791.00 0.99076128 1.2621E-30 0.0000E+00 0.0000E+00 4.7939E-09 4.7939E-09 0.0000E+00 0.0000E+00 4.7939E-09 6.95E-06 7.01E-06   0.009 1.0000 7.0386E-06    731.142
 9801.00 0.99073565 1.1889E-30 0.0000E+00 0.0000E+00 4.8172E-09 4.8172E-09 0.0000E+00 0.0000E+00 4.8172E-09 6.97E-06 7.03E-06   0.009 1.0000 7.0554E-06    731.957
 9811.00 0.99070847 1.1200E-30 0.0000E+00 0.0000E+00 4.7768E-09 4.7768E-09 0.0000E+00 0.0000E+00 4.7768E-09 6.89E-06 6.95E-06   0.009 1.0000 6.9787E-06    732.267
 9821.00 0.99068785 1.0544E-30 0.0000E+00 0.0000E+00 4.8461E-09 4.8461E-09 0.0000E+00 0.0000E+00 4.8461E-09 6.97E-06 7.04E-06   0.009 1.0000 7.0623E-06    733.445
 9831.00 0.99066174 9.9320E-31 0.0000E+00 0.0000E+00 4.8680E-09 4.8680E-09 0.0000E+00 0.0000E+00 4.8680E-09 6.99E-06 7.05E-06   0.009 1.0000 7.0767E-06    734.247
 9841.00 0.99063647 9.3546E-31 0.0000E+00 0.0000E+00 4.8654E-09 4.8654E-09 0.0000E+00 0.0000E+00 4.8654E-09 6.96E-06 7.03E-06   0.009 1.0000 7.0554E-06    734.858
 9851.00 0.99061126 8.8107E-31 0.0000E+00 0.0000E+00 4.8747E-09 4.8747E-09 0.0000E+00 0.0000E+00 4.8747E-09 6.96E-06 7.03E-06   0.009 1.0000 7.0514E-06    735.561
 9861.00 0.99058741 8.2970E-31 0.0000E+00 0.0000E+00 4.9228E-09 4.9228E-09 0.0000E+00 0.0000E+00 4.9228E-09 7.01E-06 7.08E-06   0.009 1.0000 7.1034E-06    736.567
 9871.00 0.99056107 7.8153E-31 0.0000E+00 0.0000E+00 4.9399E-09 4.9399E-09 0.0000E+00 0.0000E+00 4.9399E-09 7.02E-06 7.08E-06   0.009 1.0000 7.1106E-06    737.330
 9881.00 0.99053305 7.3629E-31 0.0000E+00 0.0000E+00 4.9533E-09 4.9533E-09 0.0000E+00 0.0000E+00 4.9533E-09 7.02E-06 7.09E-06   0.010 1.0000 7.1125E-06    738.065
 9891.00 0.99051082 6.9323E-31 0.0000E+00 0.0000E+00 4.9669E-09 4.9669E-09 0.0000E+00 0.0000E+00 4.9669E-09 7.02E-06 7.09E-06   0.010 1.0000 7.1147E-06    738.800
 9901.00 0.99047941 6.5331E-31 0.0000E+00 0.0000E+00 4.9896E-09 4.9896E-09 0.0000E+00 0.0000E+00 4.9896E-09 7.04E-06 7.10E-06   0.010 1.0000 7.1297E-06    739.606
 9911.00 0.99044979 6.1557E-31 0.0000E+00 0.0000E+00 4.9879E-09 4.9879E-09 0.0000E+00 0.0000E+00 4.9879E-09 7.02E-06 7.08E-06   0.010 1.0000 7.1100E-06    740.223
 9921.00 0.99042845 5.7949E-31 0.0000E+00 0.0000E+00 5.0049E-09 5.0049E-09 0.0000E+00 0.0000E+00 5.0049E-09 7.02E-06 7.09E-06   0.010 1.0000 7.1166E-06    740.984
 9931.00 0.99040055 5.4590E-31 0.0000E+00 0.0000E+00 4.9879E-09 4.9879E-09 0.0000E+00 0.0000E+00 4.9879E-09 6.98E-06 7.05E-06   0.010 1.0000 7.0750E-06    741.484
 9941.00 0.99036902 5.1444E-31 0.0000E+00 0.0000E+00 4.8343E-09 4.8343E-09 0.0000E+00 0.0000E+00 4.8343E-09 6.75E-06 6.81E-06   0.010 1.0000 6.8405E-06    740.912
 9951.00 0.99034423 4.8446E-31 0.0000E+00 0.0000E+00 4.7443E-09 4.7443E-09 0.0000E+00 0.0000E+00 4.7443E-09 6.61E-06 6.67E-06   0.010 1.0000 6.6965E-06    740.821
 9961.00 0.99030805 4.5675E-31 0.0000E+00 0.0000E+00 4.9861E-09 4.9861E-09 0.0000E+00 0.0000E+00 4.9861E-09 6.93E-06 6.99E-06   0.010 1.0000 7.0208E-06    743.361
 9971.00 0.99027866 4.3032E-31 0.0000E+00 0.0000E+00 5.0471E-09 5.0471E-09 0.0000E+00 0.0000E+00 5.0471E-09 6.99E-06 7.06E-06   0.010 1.0000 7.0893E-06    744.460
 9981.00 0.99024045 4.0578E-31 0.0000E+00 0.0000E+00 5.0991E-09 5.0991E-09 0.0000E+00 0.0000E+00 5.0991E-09 7.05E-06 7.12E-06   0.010 1.0000 7.1451E-06    745.487
 9991.00 0.99020976 3.8234E-31 0.0000E+00 0.0000E+00 5.1068E-09 5.1068E-09 0.0000E+00 0.0000E+00 5.1068E-09 7.04E-06 7.11E-06   0.010 1.0000 7.1388E-06    746.177
10001.00 0.99017340 3.6046E-31 0.0000E+00 0.0000E+00 5.0936E-09 5.0936E-09 0.0000E+00 0.0000E+00 5.0936E-09 7.01E-06 7.08E-06   0.010 1.0000 7.1031E-06    746.706
10011.00 0.99012768 3.4014E-31 0.0000E+00 0.0000E+00 5.1144E-09 5.1144E-09 0.0000E+00 0.0000E+00 5.1144E-09 7.02E-06 7.09E-06   0.010 1.0000 7.1150E-06    747.495
10021.00 0.99007469 3.2120E-31 0.0000E+00 0.0000E+00 5.1382E-09 5.1382E-09 0.0000E+00 0.0000E+00 5.1382E-09 7.03E-06 7.10E-06   0.010 1.0000 7.1310E-06    748.306
10031.00 0.99001837 3.0340E-31 0.0000E+00 0.0000E+00 5.1510E-09 5.1510E-09 0.0000E+00 0.0000E+00 5.1510E-09 7.03E-06 7.10E-06   0.010 1.0000 7.1318E-06    749.033
10041.00 0.98994726 2.8700E-31 0.0000E+00 0.0000E+00 5.1519E-09 5.1519E-09 0.0000E+00 0.0000E+00 5.1519E-09 7.02E-06 7.09E-06   0.010 1.0000 7.1164E-06    749.670
10051.00 0.98987651 2.7147E-31 0.0000E+00 0.0000E+00 5.1660E-09 5.1660E-09 0.0000E+00 0.0000E+00 5.1660E-09 7.02E-06 7.09E-06   0.010 1.0000 7.1191E-06    750.407
10061.00 0.98983610 2.5601E-31 0.0000E+00 0.0000E+00 5.1861E-09 5.1861E-09 0.0000E+00 0.0000E+00 5.1861E-09 7.03E-06 7.10E-06   0.010 1.0000 7.1296E-06    751.189
10071.00 0.98979664 2.4139E-31 0.0000E+00 0.0000E+00 5.1932E-09 5.1932E-09 0.0000E+00 0.0000E+00 5.1932E-09 7.02E-06 7.09E-06   0.010 1.0000 7.1221E-06    751.872
10081.00 0.98971045 2.2863E-31 0.0000E+00 0.0000E+00 5.1913E-09 5.1913E-09 0.0000E+00 0.0000E+00 5.1913E-09 7.00E-06 7.07E-06   0.010 1.0000 7.1031E-06    752.488
10091.00 0.98967278 2.1556E-31 0.0000E+00 0.0000E+00 5.1902E-09 5.1902E-09 0.0000E+00 0.0000E+00 5.1902E-09 6.98E-06 7.05E-06   0.010 1.0000 7.0846E-06    753.110
10101.00 0.98977190 2.0053E-31 0.0000E+00 0.0000E+00 5.1688E-09 5.1688E-09 0.0000E+00 0.0000E+00 5.1688E-09 6.94E-06 7.01E-06   0.010 1.0000 7.0367E-06    753.579
10111.00 0.98983306 1.8721E-31 0.0000E+00 0.0000E+00 5.1693E-09 5.1693E-09 0.0000E+00 0.0000E+00 5.1693E-09 6.92E-06 6.99E-06   0.010 1.0000 7.0192E-06    754.213
10121.00 0.98983544 1.7578E-31 0.0000E+00 0.0000E+00 5.2485E-09 5.2485E-09 0.0000E+00 0.0000E+00 5.2485E-09 7.01E-06 7.08E-06   0.010 1.0000 7.1091E-06    755.438
10131.00 0.98983186 1.6517E-31 0.0000E+00 0.0000E+00 5.2366E-09 5.2366E-09 0.0000E+00 0.0000E+00 5.2366E-09 6.98E-06 7.05E-06   0.010 1.0000 7.0756E-06    755.980
10141.00 0.98983002 1.5516E-31 0.0000E+00 0.0000E+00 5.2538E-09 5.2538E-09 0.0000E+00 0.0000E+00 5.2538E-09 6.98E-06 7.05E-06   0.010 1.0000 7.0813E-06    756.738
10151.00 0.98980528 1.4608E-31 0.0000E+00 0.0000E+00 5.2900E-09 5.2900E-09 0.0000E+00 0.0000E+00 5.2900E-09 7.01E-06 7.08E-06   0.010 1.0000 7.1130E-06    757.638
10161.00 0.98980004 1.3728E-31 0.0000E+00 0.0000E+00 5.2846E-09 5.2846E-09 0.0000E+00 0.0000E+00 5.2846E-09 6.99E-06 7.06E-06   0.010 1.0000 7.0884E-06    758.228
10171.00 0.98976767 1.2934E-31 0.0000E+00 0.0000E+00 5.2975E-09 5.2975E-09 0.0000E+00 0.0000E+00 5.2975E-09 6.99E-06 7.06E-06   0.010 1.0000 7.0885E-06    758.953
10181.00 0.98974699 1.2173E-31 0.0000E+00 0.0000E+00 5.3367E-09 5.3367E-09 0.0000E+00 0.0000E+00 5.3367E-09 7.02E-06 7.10E-06   0.010 1.0000 7.1238E-06    759.875
10191.00 0.98972899 1.1453E-31 0.0000E+00 0.0000E+00 5.3575E-09 5.3575E-09 0.0000E+00 0.0000E+00 5.3575E-09 7.03E-06 7.11E-06   0.010 1.0000 7.1342E-06    760.658
10201.00 0.98964280 1.0847E-31 0.0000E+00 0.0000E+00 5.3237E-09 5.3237E-09 0.0000E+00 0.0000E+00 5.3237E-09 6.97E-06 7.04E-06   0.010 1.0000 7.0727E-06    761.038
10211.00 0.98961294 1.0218E-31 0.0000E+00 0.0000E+00 5.3081E-09 5.3081E-09 0.0000E+00 0.0000E+00 5.3081E-09 6.93E-06 7.01E-06   0.010 1.0000 7.0352E-06    761.552
10221.00 0.98956561 9.6399E-32 0.0000E+00 0.0000E+00 5.3341E-09 5.3341E-09 0.0000E+00 0.0000E+00 5.3341E-09 6.95E-06 7.02E-06   0.010 1.0000 7.0526E-06    762.375
10231.00 0.98959637 9.0273E-32 0.0000E+00 0.0000E+00 5.3729E-09 5.3729E-09 0.0000E+00 0.0000E+00 5.3729E-09 6.98E-06 7.06E-06   0.010 1.0000 7.0865E-06    763.292
10241.00 0.98947197 8.5788E-32 0.0000E+00 0.0000E+00 5.3456E-09 5.3456E-09 0.0000E+00 0.0000E+00 5.3456E-09 6.93E-06 7.00E-06   0.011 1.0000 7.0343E-06    763.720
10251.00 0.98937941 8.1293E-32 0.0000E+00 0.0000E+00 5.4212E-09 5.4212E-09 0.0000E+00 0.0000E+00 5.4212E-09 7.01E-06 7.09E-06   0.011 1.0000 7.1175E-06    764.907
10261.00 0.98934388 7.6611E-32 0.0000E+00 0.0000E+00 5.3448E-09 5.3448E-09 0.0000E+00 0.0000E+00 5.3448E-09 6.90E-06 6.97E-06   0.011 1.0000 7.0004E-06    764.974
10271.00 0.98940384 7.1552E-32 0.0000E+00 0.0000E+00 5.3773E-09 5.3773E-09 0.0000E+00 0.0000E+00 5.3773E-09 6.92E-06 7.00E-06   0.011 1.0000 7.0253E-06    765.844
10281.00 0.98940176 6.7205E-32 0.0000E+00 0.0000E+00 5.4533E-09 5.4533E-09 0.0000E+00 0.0000E+00 5.4533E-09 7.00E-06 7.08E-06   0.011 1.0000 7.1074E-06    767.031
10291.00 0.98935616 6.3396E-32 0.0000E+00 0.0000E+00 5.4757E-09 5.4757E-09 0.0000E+00 0.0000E+00 5.4757E-09 7.01E-06 7.09E-06   0.011 1.0000 7.1198E-06    767.824
10301.00 0.98935688 5.9526E-32 0.0000E+00 0.0000E+00 5.4427E-09 5.4427E-09 0.0000E+00 0.0000E+00 5.4427E-09 6.96E-06 7.03E-06   0.011 1.0000 7.0598E-06    768.214
10311.00 0.98934340 5.5993E-32 0.0000E+00 0.0000E+00 5.4919E-09 5.4919E-09 0.0000E+00 0.0000E+00 5.4919E-09 7.00E-06 7.08E-06   0.011 1.0000 7.1065E-06    769.202
10321.00 0.98929328 5.2817E-32 0.0000E+00 0.0000E+00 5.4870E-09 5.4870E-09 0.0000E+00 0.0000E+00 5.4870E-09 6.98E-06 7.05E-06   0.011 1.0000 7.0834E-06    769.797
10331.00 0.98920929 5.0009E-32 0.0000E+00 0.0000E+00 5.4668E-09 5.4668E-09 0.0000E+00 0.0000E+00 5.4668E-09 6.94E-06 7.01E-06   0.011 1.0000 7.0410E-06    770.279
10341.00 0.98906004 4.7599E-32 0.0000E+00 0.0000E+00 5.5099E-09 5.5099E-09 0.0000E+00 0.0000E+00 5.5099E-09 6.97E-06 7.05E-06   0.011 1.0000 7.0807E-06    771.223
10351.00 0.98900998 4.4938E-32 0.0000E+00 0.0000E+00 5.4195E-09 5.4195E-09 0.0000E+00 0.0000E+00 5.4195E-09 6.84E-06 6.92E-06   0.011 1.0000 6.9482E-06    771.191
10361.00 0.98902488 4.2122E-32 0.0000E+00 0.0000E+00 5.5061E-09 5.5061E-09 0.0000E+00 0.0000E+00 5.5061E-09 6.93E-06 7.01E-06   0.011 1.0000 7.0420E-06    772.454
10371.00 0.98885036 4.0201E-32 0.0000E+00 0.0000E+00 5.5056E-09 5.5056E-09 0.0000E+00 0.0000E+00 5.5056E-09 6.92E-06 6.99E-06   0.011 1.0000 7.0259E-06    773.080
10381.00 0.98896438 3.7367E-32 0.0000E+00 0.0000E+00 5.5227E-09 5.5227E-09 0.0000E+00 0.0000E+00 5.5227E-09 6.92E-06 7.00E-06   0.011 1.0000 7.0297E-06    773.834
10391.00 0.98868924 3.5976E-32 0.0000E+00 0.0000E+00 5.5228E-09 5.5228E-09 0.0000E+00 0.0000E+00 5.5228E-09 6.90E-06 6.98E-06   0.011 1.0000 7.0152E-06    774.464
10401.00 0.98890412 3.3132E-32 0.0000E+00 0.0000E+00 5.6165E-09 5.6165E-09 0.0000E+00 0.0000E+00 5.6165E-09 7.01E-06 7.08E-06   0.011 1.0000 7.1156E-06    775.770
10411.00 0.98872268 3.1639E-32 0.0000E+00 0.0000E+00 5.5445E-09 5.5445E-09 0.0000E+00 0.0000E+00 5.5445E-09 6.90E-06 6.98E-06   0.011 1.0000 7.0090E-06    775.881
10421.00 0.98858416 3.0068E-32 0.0000E+00 0.0000E+00 5.6366E-09 5.6366E-09 0.0000E+00 0.0000E+00 5.6366E-09 7.00E-06 7.08E-06   0.011 1.0000 7.1097E-06    777.173
10431.00 0.98859107 2.8225E-32 0.0000E+00 0.0000E+00 5.6649E-09 5.6649E-09 0.0000E+00 0.0000E+00 5.6649E-09 7.01E-06 7.09E-06   0.011 1.0000 7.1282E-06    778.005
10441.00 0.98865813 2.6358E-32 0.0000E+00 0.0000E+00 5.6022E-09 5.6022E-09 0.0000E+00 0.0000E+00 5.6022E-09 6.92E-06 7.00E-06   0.011 1.0000 7.0319E-06    778.186
10451.00 0.98830056 2.5531E-32 0.0000E+00 0.0000E+00 5.6205E-09 5.6205E-09 0.0000E+00 0.0000E+00 5.6205E-09 6.92E-06 7.01E-06   0.012 1.0000 7.0411E-06    778.947
10461.00 0.98831499 2.3944E-32 0.0000E+00 0.0000E+00 5.6133E-09 5.6133E-09 0.0000E+00 0.0000E+00 5.6133E-09 6.90E-06 6.98E-06   0.012 1.0000 7.0152E-06    779.525
10471.00 0.98813051 2.2832E-32 0.0000E+00 0.0000E+00 5.3312E-09 5.3312E-09 0.0000E+00 0.0000E+00 5.3312E-09 6.54E-06 6.61E-06   0.012 1.0000 6.6482E-06    778.076
10481.00 0.98821509 2.1320E-32 0.0000E+00 0.0000E+00 5.5707E-09 5.5707E-09 0.0000E+00 0.0000E+00 5.5707E-09 6.81E-06 6.89E-06   0.012 1.0000 6.9292E-06    780.476
10491.00 0.98815489 2.0092E-32 0.0000E+00 0.0000E+00 5.6869E-09 5.6869E-09 0.0000E+00 0.0000E+00 5.6869E-09 6.94E-06 7.02E-06   0.012 1.0000 7.0576E-06    781.940
10501.00 0.98728395 2.0276E-32 0.0000E+00 0.0000E+00 5.7354E-09 5.7354E-09 0.0000E+00 0.0000E+00 5.7354E-09 6.98E-06 7.07E-06   0.013 1.0000 7.1082E-06    782.914
10511.00 0.98831254 1.7515E-32 0.0000E+00 0.0000E+00 5.7388E-09 5.7388E-09 0.0000E+00 0.0000E+00 5.7388E-09 6.97E-06 7.05E-06   0.012 1.0000 7.0870E-06    783.568
10521.00 0.98716348 1.8028E-32 0.0000E+00 0.0000E+00 5.7421E-09 5.7421E-09 0.0000E+00 0.0000E+00 5.7421E-09 6.95E-06 7.04E-06   0.013 1.0000 7.0837E-06    784.220
10531.00 0.98721892 1.6898E-32 0.0000E+00 0.0000E+00 5.7968E-09 5.7968E-09 0.0000E+00 0.0000E+00 5.7968E-09 7.00E-06 7.09E-06   0.013 1.0000 7.1337E-06    785.236
10541.00 0.98707306 1.6000E-32 0.0000E+00 0.0000E+00 5.8017E-09 5.8017E-09 0.0000E+00 0.0000E+00 5.8017E-09 6.99E-06 7.08E-06   0.013 1.0000 7.1238E-06    785.899
10551.00 0.98738003 1.4721E-32 0.0000E+00 0.0000E+00 5.8079E-09 5.8079E-09 0.0000E+00 0.0000E+00 5.8079E-09 6.98E-06 7.07E-06   0.013 1.0000 7.1123E-06    786.572
10561.00 0.98735964 1.3809E-32 0.0000E+00 0.0000E+00 5.7917E-09 5.7917E-09 0.0000E+00 0.0000E+00 5.7917E-09 6.95E-06 7.04E-06   0.013 1.0000 7.0759E-06    787.088
10571.00 0.98654819 1.3833E-32 0.0000E+00 0.0000E+00 5.7893E-09 5.7893E-09 0.0000E+00 0.0000E+00 5.7893E-09 6.93E-06 7.02E-06   0.014 1.0000 7.0632E-06    787.701
10581.00 0.98735988 1.2180E-32 0.0000E+00 0.0000E+00 5.7632E-09 5.7632E-09 0.0000E+00 0.0000E+00 5.7632E-09 6.88E-06 6.97E-06   0.013 1.0000 7.0083E-06    788.146
10591.00 0.98551255 1.3139E-32 0.0000E+00 0.0000E+00 5.6958E-09 5.6958E-09 0.0000E+00 0.0000E+00 5.6958E-09 6.78E-06 6.88E-06   0.015 1.0000 6.9242E-06    788.295
10601.00 0.98564798 1.2182E-32 0.0000E+00 0.0000E+00 5.7816E-09 5.7816E-09 0.0000E+00 0.0000E+00 5.7816E-09 6.87E-06 6.96E-06   0.014 1.0000 7.0103E-06    789.534
10611.00 0.98659825 1.0735E-32 0.0000E+00 0.0000E+00 5.7939E-09 5.7939E-09 0.0000E+00 0.0000E+00 5.7939E-09 6.87E-06 6.96E-06   0.013 1.0000 7.0013E-06    790.250
10621.00 0.98743147 9.4306E-33 0.0000E+00 0.0000E+00 5.5551E-09 5.5551E-09 0.0000E+00 0.0000E+00 5.5551E-09 6.57E-06 6.65E-06   0.013 1.0000 6.6904E-06    789.160
10631.00 0.98759001 8.7471E-33 0.0000E+00 0.0000E+00 5.7647E-09 5.7647E-09 0.0000E+00 0.0000E+00 5.7647E-09 6.80E-06 6.89E-06   0.012 1.0000 6.9249E-06    791.302
10641.00 0.98781627 8.0638E-33 0.0000E+00 0.0000E+00 5.8994E-09 5.8994E-09 0.0000E+00 0.0000E+00 5.8994E-09 6.95E-06 7.03E-06   0.012 1.0000 7.0679E-06    792.877
10651.00 0.98660207 8.3133E-33 0.0000E+00 0.0000E+00 5.9207E-09 5.9207E-09 0.0000E+00 0.0000E+00 5.9207E-09 6.95E-06 7.04E-06   0.013 1.0000 7.0860E-06    793.655
10661.00 0.98514426 8.6686E-33 0.0000E+00 0.0000E+00 5.9483E-09 5.9483E-09 0.0000E+00 0.0000E+00 5.9483E-09 6.96E-06 7.06E-06   0.015 1.0000 7.1135E-06    794.476
10671.00 0.98543608 7.9914E-33 0.0000E+00 0.0000E+00 5.9574E-09 5.9574E-09 0.0000E+00 0.0000E+00 5.9574E-09 6.96E-06 7.06E-06   0.015 1.0000 7.1053E-06    795.168
10681.00 0.98577565 7.3070E-33 0.0000E+00 0.0000E+00 5.9078E-09 5.9078E-09 0.0000E+00 0.0000E+00 5.9078E-09 6.88E-06 6.98E-06   0.014 1.0000 7.0271E-06    795.453
10691.00 0.98596364 6.7918E-33 0.0000E+00 0.0000E+00 5.9421E-09 5.9421E-09 0.0000E+00 0.0000E+00 5.9421E-09 6.91E-06 7.00E-06   0.014 1.0000 7.0496E-06    796.321
10701.00 0.98451287 7.0358E-33 0.0000E+00 0.0000E+00 6.0076E-09 6.0076E-09 0.0000E+00 0.0000E+00 6.0076E-09 6.96E-06 7.07E-06   0.016 1.0000 7.1224E-06    797.402
10711.00 0.98650420 5.7567E-33 0.0000E+00 0.0000E+00 6.0416E-09 6.0416E-09 0.0000E+00 0.0000E+00 6.0416E-09 6.99E-06 7.09E-06   0.014 1.0000 7.1299E-06    798.264
10721.00 0.98691630 5.2365E-33 0.0000E+00 0.0000E+00 6.0442E-09 6.0442E-09 0.0000E+00 0.0000E+00 6.0442E-09 6.98E-06 7.07E-06   0.013 1.0000 7.1129E-06    798.912
10731.00 0.98698497 4.8942E-33 0.0000E+00 0.0000E+00 6.0304E-09 6.0304E-09 0.0000E+00 0.0000E+00 6.0304E-09 6.95E-06 7.04E-06   0.013 1.0000 7.0795E-06    799.446
10741.00 0.98754042 4.3997E-33 0.0000E+00 0.0000E+00 6.0820E-09 6.0820E-09 0.0000E+00 0.0000E+00 6.0820E-09 6.99E-06 7.08E-06   0.013 1.0000 7.1186E-06    800.429
10751.00 0.98783928 4.0319E-33 0.0000E+00 0.0000E+00 6.0743E-09 6.0743E-09 0.0000E+00 0.0000E+00 6.0743E-09 6.97E-06 7.05E-06   0.012 1.0000 7.0904E-06    801.006
10761.00 0.98792803 3.7584E-33 0.0000E+00 0.0000E+00 6.0417E-09 6.0417E-09 0.0000E+00 0.0000E+00 6.0417E-09 6.92E-06 7.00E-06   0.012 1.0000 7.0349E-06    801.412
10771.00 0.98786098 3.5487E-33 0.0000E+00 0.0000E+00 6.1376E-09 6.1376E-09 0.0000E+00 0.0000E+00 6.1376E-09 7.01E-06 7.09E-06   0.012 1.0000 7.1304E-06    802.695
10781.00 0.98790324 3.3216E-33 0.0000E+00 0.0000E+00 6.1612E-09 6.1612E-09 0.0000E+00 0.0000E+00 6.1612E-09 7.02E-06 7.11E-06   0.012 1.0000 7.1406E-06    803.484
10791.00 0.98791277 3.1161E-33 0.0000E+00 0.0000E+00 6.0532E-09 6.0532E-09 0.0000E+00 0.0000E+00 6.0532E-09 6.88E-06 6.96E-06   0.012 1.0000 6.9990E-06    803.378
10801.00 0.98787075 2.9367E-33 0.0000E+00 0.0000E+00 5.9139E-09 5.9139E-09 0.0000E+00 0.0000E+00 5.9139E-09 6.71E-06 6.79E-06   0.012 1.0000 6.8221E-06    803.039
10811.00 0.98780876 2.7718E-33 0.0000E+00 0.0000E+00 6.0680E-09 6.0680E-09 0.0000E+00 0.0000E+00 6.0680E-09 6.86E-06 6.95E-06   0.012 1.0000 6.9842E-06    804.737
10821.00 0.98780417 2.6039E-33 0.0000E+00 0.0000E+00 6.0310E-09 6.0310E-09 0.0000E+00 0.0000E+00 6.0310E-09 6.81E-06 6.89E-06   0.012 1.0000 6.9254E-06    805.111
10831.00 0.98778909 2.4482E-33 0.0000E+00 0.0000E+00 5.8109E-09 5.8109E-09 0.0000E+00 0.0000E+00 5.8109E-09 6.54E-06 6.62E-06   0.012 1.0000 6.6572E-06    804.194
10841.00 0.98775786 2.3048E-33 0.0000E+00 0.0000E+00 6.0253E-09 6.0253E-09 0.0000E+00 0.0000E+00 6.0253E-09 6.77E-06 6.85E-06   0.012 1.0000 6.8867E-06    806.329
10851.00 0.98770863 2.1732E-33 0.0000E+00 0.0000E+00 6.0002E-09 6.0002E-09 0.0000E+00 0.0000E+00 6.0002E-09 6.72E-06 6.81E-06   0.012 1.0000 6.8426E-06    806.783
10861.00 0.98771989 2.0389E-33 0.0000E+00 0.0000E+00 6.1445E-09 6.1445E-09 0.0000E+00 0.0000E+00 6.1445E-09 6.87E-06 6.96E-06   0.012 1.0000 6.9906E-06    808.404
10871.00 0.98764658 1.9259E-33 0.0000E+00 0.0000E+00 6.2467E-09 6.2467E-09 0.0000E+00 0.0000E+00 6.2467E-09 6.97E-06 7.06E-06   0.012 1.0000 7.0910E-06    809.724
10881.00 0.98759913 1.8154E-33 0.0000E+00 0.0000E+00 6.2973E-09 6.2973E-09 0.0000E+00 0.0000E+00 6.2973E-09 7.01E-06 7.10E-06   0.012 1.0000 7.1322E-06    810.691
10891.00 0.98747653 1.7215E-33 0.0000E+00 0.0000E+00 6.2710E-09 6.2710E-09 0.0000E+00 0.0000E+00 6.2710E-09 6.96E-06 7.05E-06   0.013 1.0000 7.0869E-06    811.145
10901.00 0.98744476 1.6212E-33 0.0000E+00 0.0000E+00 6.2349E-09 6.2349E-09 0.0000E+00 0.0000E+00 6.2349E-09 6.91E-06 6.99E-06   0.013 1.0000 7.0299E-06    811.532
10911.00 0.98747349 1.5184E-33 0.0000E+00 0.0000E+00 6.3268E-09 6.3268E-09 0.0000E+00 0.0000E+00 6.3268E-09 6.99E-06 7.08E-06   0.013 1.0000 7.1167E-06    812.776
10921.00 0.98724586 1.4520E-33 0.0000E+00 0.0000E+00 6.3621E-09 6.3621E-09 0.0000E+00 0.0000E+00 6.3621E-09 7.01E-06 7.10E-06   0.013 1.0000 7.1418E-06    813.639
10931.00 0.98742563 1.3443E-33 0.0000E+00 0.0000E+00 6.3038E-09 6.3038E-09 0.0000E+00 0.0000E+00 6.3038E-09 6.93E-06 7.02E-06   0.013 1.0000 7.0585E-06    813.880
10941.00 0.98718500 1.2861E-33 0.0000E+00 0.0000E+00 6.4251E-09 6.4251E-09 0.0000E+00 0.0000E+00 6.4251E-09 7.05E-06 7.14E-06   0.013 1.0000 7.1797E-06    815.313
10951.00 0.98717475 1.2092E-33 0.0000E+00 0.0000E+00 6.4733E-09 6.4733E-09 0.0000E+00 0.0000E+00 6.4733E-09 7.09E-06 7.18E-06   0.013 1.0000 7.2169E-06    816.258
10961.00 0.98715883 1.1365E-33 0.0000E+00 0.0000E+00 6.3396E-09 6.3396E-09 0.0000E+00 0.0000E+00 6.3396E-09 6.92E-06 7.01E-06   0.013 1.0000 7.0517E-06    816.006
10971.00 0.98719001 1.0648E-33 0.0000E+00 0.0000E+00 6.2798E-09 6.2798E-09 0.0000E+00 0.0000E+00 6.2798E-09 6.84E-06 6.93E-06   0.013 1.0000 6.9688E-06    816.235
10981.00 0.98704994 1.0107E-33 0.0000E+00 0.0000E+00 6.3981E-09 6.3981E-09 0.0000E+00 0.0000E+00 6.3981E-09 6.95E-06 7.05E-06   0.013 1.0000 7.0849E-06    817.652
10991.00 0.98701674 9.5168E-34 0.0000E+00 0.0000E+00 6.2972E-09 6.2972E-09 0.0000E+00 0.0000E+00 6.2972E-09 6.83E-06 6.92E-06   0.013 1.0000 6.9574E-06    817.608
11001.00 0.98690027 9.0148E-34 0.0000E+00 0.0000E+00 6.2330E-09 6.2330E-09 0.0000E+00 0.0000E+00 6.2330E-09 6.74E-06 6.83E-06   0.013 1.0000 6.8715E-06    817.804
11011.00 0.98682553 8.5145E-34 0.0000E+00 0.0000E+00 6.3753E-09 6.3753E-09 0.0000E+00 0.0000E+00 6.3753E-09 6.88E-06 6.97E-06   0.013 1.0000 7.0129E-06    819.388
11021.00 0.98668051 8.0829E-34 0.0000E+00 0.0000E+00 6.5221E-09 6.5221E-09 0.0000E+00 0.0000E+00 6.5221E-09 7.02E-06 7.12E-06   0.013 1.0000 7.1591E-06    820.983
11031.00 0.98682803 7.5065E-34 0.0000E+00 0.0000E+00 6.3884E-09 6.3884E-09 0.0000E+00 0.0000E+00 6.3884E-09 6.86E-06 6.96E-06   0.013 1.0000 6.9952E-06    820.732
11041.00 0.98680830 7.0586E-34 0.0000E+00 0.0000E+00 6.5581E-09 6.5581E-09 0.0000E+00 0.0000E+00 6.5581E-09 7.03E-06 7.12E-06   0.013 1.0000 7.1647E-06    822.475
11051.00 0.98675138 6.6566E-34 0.0000E+00 0.0000E+00 6.6165E-09 6.6165E-09 0.0000E+00 0.0000E+00 6.6165E-09 7.08E-06 7.17E-06   0.013 1.0000 7.2125E-06    823.482
11061.00 0.98669761 6.2763E-34 0.0000E+00 0.0000E+00 6.6189E-09 6.6189E-09 0.0000E+00 0.0000E+00 6.6189E-09 7.06E-06 7.16E-06   0.013 1.0000 7.1991E-06    824.128
11071.00 0.98649603 5.9810E-34 0.0000E+00 0.0000E+00 6.5697E-09 6.5697E-09 0.0000E+00 0.0000E+00 6.5697E-09 6.99E-06 7.09E-06   0.014 1.0000 7.1309E-06    824.438
11081.00 0.98625523 5.7178E-34 0.0000E+00 0.0000E+00 6.3952E-09 6.3952E-09 0.0000E+00 0.0000E+00 6.3952E-09 6.79E-06 6.89E-06   0.014 1.0000 6.9276E-06    823.919
11091.00 0.98625076 5.3718E-34 0.0000E+00 0.0000E+00 6.1445E-09 6.1445E-09 0.0000E+00 0.0000E+00 6.1445E-09 6.51E-06 6.60E-06   0.014 1.0000 6.6409E-06    822.847
11101.00 0.98623121 5.0494E-34 0.0000E+00 0.0000E+00 6.4304E-09 6.4304E-09 0.0000E+00 0.0000E+00 6.4304E-09 6.80E-06 6.89E-06   0.014 1.0000 6.9341E-06    825.410
11111.00 0.98615599 4.7687E-34 0.0000E+00 0.0000E+00 6.4923E-09 6.4923E-09 0.0000E+00 0.0000E+00 6.4923E-09 6.85E-06 6.94E-06   0.014 1.0000 6.9855E-06    826.447
11121.00 0.98595011 4.5441E-34 0.0000E+00 0.0000E+00 6.6623E-09 6.6623E-09 0.0000E+00 0.0000E+00 6.6623E-09 7.01E-06 7.11E-06   0.014 1.0000 7.1540E-06    828.182
11131.00 0.98614299 4.2088E-34 0.0000E+00 0.0000E+00 6.6774E-09 6.6774E-09 0.0000E+00 0.0000E+00 6.6774E-09 7.01E-06 7.11E-06   0.014 1.0000 7.1521E-06    828.908
11141.00 0.98617613 3.9421E-34 0.0000E+00 0.0000E+00 6.6518E-09 6.6518E-09 0.0000E+00 0.0000E+00 6.6518E-09 6.97E-06 7.06E-06   0.014 1.0000 7.1081E-06    829.372
11151.00 0.98615617 3.7070E-34 0.0000E+00 0.0000E+00 6.6644E-09 6.6644E-09 0.0000E+00 0.0000E+00 6.6644E-09 6.96E-06 7.06E-06   0.014 1.0000 7.1052E-06    830.082
11161.00 0.98621148 3.4669E-34 0.0000E+00 0.0000E+00 6.8006E-09 6.8006E-09 0.0000E+00 0.0000E+00 6.8006E-09 7.09E-06 7.19E-06   0.014 1.0000 7.2334E-06    831.582
11171.00 0.98624521 3.2476E-34 0.0000E+00 0.0000E+00 6.6410E-09 6.6410E-09 0.0000E+00 0.0000E+00 6.6410E-09 6.91E-06 7.00E-06   0.014 1.0000 7.0471E-06    831.188
11181.00 0.98627013 3.0437E-34 0.0000E+00 0.0000E+00 6.6680E-09 6.6680E-09 0.0000E+00 0.0000E+00 6.6680E-09 6.92E-06 7.02E-06   0.014 1.0000 7.0589E-06    831.992
11191.00 0.98626453 2.8591E-34 0.0000E+00 0.0000E+00 6.7569E-09 6.7569E-09 0.0000E+00 0.0000E+00 6.7569E-09 7.00E-06 7.09E-06   0.014 1.0000 7.1368E-06    833.191
11201.00 0.98626137 2.6853E-34 0.0000E+00 0.0000E+00 6.6224E-09 6.6224E-09 0.0000E+00 0.0000E+00 6.6224E-09 6.84E-06 6.94E-06   0.014 1.0000 6.9786E-06    832.953
11211.00 0.98624271 2.5248E-34 0.0000E+00 0.0000E+00 6.7761E-09 6.7761E-09 0.0000E+00 0.0000E+00 6.7761E-09 6.98E-06 7.08E-06   0.014 1.0000 7.1244E-06    834.572
11221.00 0.98621845 2.3749E-34 0.0000E+00 0.0000E+00 6.8265E-09 6.8265E-09 0.0000E+00 0.0000E+00 6.8265E-09 7.02E-06 7.12E-06   0.014 1.0000 7.1611E-06    835.520
11231.00 0.98618114 2.2360E-34 0.0000E+00 0.0000E+00 6.8901E-09 6.8901E-09 0.0000E+00 0.0000E+00 6.8901E-09 7.07E-06 7.17E-06   0.014 1.0000 7.2119E-06    836.551
11241.00 0.98614758 2.1046E-34 0.0000E+00 0.0000E+00 6.8383E-09 6.8383E-09 0.0000E+00 0.0000E+00 6.8383E-09 7.00E-06 7.10E-06   0.014 1.0000 7.1417E-06    836.854
11251.00 0.98611927 1.9802E-34 0.0000E+00 0.0000E+00 6.8711E-09 6.8711E-09 0.0000E+00 0.0000E+00 6.8711E-09 7.02E-06 7.12E-06   0.014 1.0000 7.1598E-06    837.689
11261.00 0.98609257 1.8629E-34 0.0000E+00 0.0000E+00 6.8297E-09 6.8297E-09 0.0000E+00 0.0000E+00 6.8297E-09 6.96E-06 7.06E-06   0.014 1.0000 7.1006E-06    838.056
11271.00 0.98607284 1.7517E-34 0.0000E+00 0.0000E+00 6.7203E-09 6.7203E-09 0.0000E+00 0.0000E+00 6.7203E-09 6.83E-06 6.93E-06   0.014 1.0000 6.9712E-06    837.985
11281.00 0.98605090 1.6473E-34 0.0000E+00 0.0000E+00 6.5124E-09 6.5124E-09 0.0000E+00 0.0000E+00 6.5124E-09 6.61E-06 6.70E-06   0.014 1.0000 6.7401E-06    837.254
11291.00 0.98603594 1.5485E-34 0.0000E+00 0.0000E+00 6.9030E-09 6.9030E-09 0.0000E+00 0.0000E+00 6.9030E-09 6.99E-06 7.08E-06   0.014 1.0000 7.1282E-06    840.406
11301.00 0.98602617 1.4550E-34 0.0000E+00 0.0000E+00 6.9234E-09 6.9234E-09 0.0000E+00 0.0000E+00 6.9234E-09 6.99E-06 7.09E-06   0.014 1.0000 7.1331E-06    841.163
11311.00 0.98601359 1.3674E-34 0.0000E+00 0.0000E+00 6.8452E-09 6.8452E-09 0.0000E+00 0.0000E+00 6.8452E-09 6.90E-06 6.99E-06   0.014 1.0000 7.0365E-06    841.298
11321.00 0.98599923 1.2852E-34 0.0000E+00 0.0000E+00 6.9447E-09 6.9447E-09 0.0000E+00 0.0000E+00 6.9447E-09 6.98E-06 7.08E-06   0.014 1.0000 7.1226E-06    842.555
11331.00 0.98598307 1.2081E-34 0.0000E+00 0.0000E+00 6.8160E-09 6.8160E-09 0.0000E+00 0.0000E+00 6.8160E-09 6.84E-06 6.93E-06   0.014 1.0000 6.9746E-06    842.368
11341.00 0.98596567 1.1358E-34 0.0000E+00 0.0000E+00 6.9462E-09 6.9462E-09 0.0000E+00 0.0000E+00 6.9462E-09 6.95E-06 7.05E-06   0.014 1.0000 7.0920E-06    843.822
11351.00 0.98594511 1.0680E-34 0.0000E+00 0.0000E+00 6.5818E-09 6.5818E-09 0.0000E+00 0.0000E+00 6.5818E-09 6.57E-06 6.66E-06   0.014 1.0000 6.7048E-06    842.103
11361.00 0.98592067 1.0045E-34 0.0000E+00 0.0000E+00 6.9741E-09 6.9741E-09 0.0000E+00 0.0000E+00 6.9741E-09 6.95E-06 7.05E-06   0.014 1.0000 7.0885E-06    845.254
11371.00 0.98589498 9.4491E-35 0.0000E+00 0.0000E+00 6.8969E-09 6.8969E-09 0.0000E+00 0.0000E+00 6.8969E-09 6.85E-06 6.95E-06   0.014 1.0000 6.9944E-06    845.395
11381.00 0.98586750 8.8894E-35 0.0000E+00 0.0000E+00 7.0781E-09 7.0781E-09 0.0000E+00 0.0000E+00 7.0781E-09 7.02E-06 7.12E-06   0.014 1.0000 7.1623E-06    847.159
11391.00 0.98583800 8.3639E-35 0.0000E+00 0.0000E+00 7.0335E-09 7.0335E-09 0.0000E+00 0.0000E+00 7.0335E-09 6.96E-06 7.06E-06   0.014 1.0000 7.1013E-06    847.510
11401.00 0.98580551 7.8712E-35 0.0000E+00 0.0000E+00 7.0674E-09 7.0674E-09 0.0000E+00 0.0000E+00 7.0674E-09 6.98E-06 7.08E-06   0.014 1.0000 7.1195E-06    848.350
11411.00 0.98576933 7.4093E-35 0.0000E+00 0.0000E+00 7.0540E-09 7.0540E-09 0.0000E+00 0.0000E+00 7.0540E-09 6.95E-06 7.05E-06   0.014 1.0000 7.0904E-06    848.895
11421.00 0.98573172 6.9752E-35 0.0000E+00 0.0000E+00 6.8585E-09 6.8585E-09 0.0000E+00 0.0000E+00 6.8585E-09 6.74E-06 6.84E-06   0.014 1.0000 6.8786E-06    848.291
11431.00 0.98569161 6.5676E-35 0.0000E+00 0.0000E+00 6.9843E-09 6.9843E-09 0.0000E+00 0.0000E+00 6.9843E-09 6.85E-06 6.95E-06   0.014 1.0000 6.9893E-06    849.716
11441.00 0.98564649 6.1859E-35 0.0000E+00 0.0000E+00 7.0387E-09 7.0387E-09 0.0000E+00 0.0000E+00 7.0387E-09 6.88E-06 6.99E-06   0.014 1.0000 7.0284E-06    850.685
11451.00 0.98559767 5.8278E-35 0.0000E+00 0.0000E+00 7.1120E-09 7.1120E-09 0.0000E+00 0.0000E+00 7.1120E-09 6.94E-06 7.04E-06   0.015 1.0000 7.0859E-06    851.769
11461.00 0.98554265 5.4927E-35 0.0000E+00 0.0000E+00 7.2081E-09 7.2081E-09 0.0000E+00 0.0000E+00 7.2081E-09 7.02E-06 7.12E-06   0.015 1.0000 7.1660E-06    852.989
11471.00 0.98548114 5.1791E-35 0.0000E+00 0.0000E+00 7.1031E-09 7.1031E-09 0.0000E+00 0.0000E+00 7.1031E-09 6.90E-06 7.00E-06   0.015 1.0000 7.0465E-06    852.971
11481.00 0.98541826 4.8838E-35 0.0000E+00 0.0000E+00 7.1609E-09 7.1609E-09 0.0000E+00 0.0000E+00 7.1609E-09 6.94E-06 7.04E-06   0.015 1.0000 7.0883E-06    853.956
11491.00 0.98536384 4.6026E-35 0.0000E+00 0.0000E+00 7.1690E-09 7.1690E-09 0.0000E+00 0.0000E+00 7.1690E-09 6.93E-06 7.04E-06   0.015 1.0000 7.0811E-06    854.636
11501.00 0.98529369 4.3421E-35 0.0000E+00 0.0000E+00 7.0110E-09 7.0110E-09 0.0000E+00 0.0000E+00 7.0110E-09 6.76E-06 6.87E-06   0.015 1.0000 6.9103E-06    854.280
11511.00 0.98524302 4.0910E-35 0.0000E+00 0.0000E+00 6.9824E-09 6.9824E-09 0.0000E+00 0.0000E+00 6.9824E-09 6.72E-06 6.82E-06   0.015 1.0000 6.8667E-06    854.727
11521.00 0.98518306 3.8566E-35 0.0000E+00 0.0000E+00 7.0231E-09 7.0231E-09 0.0000E+00 0.0000E+00 7.0231E-09 6.75E-06 6.85E-06   0.015 1.0000 6.8922E-06    855.611
11531.00 0.98510605 3.6398E-35 0.0000E+00 0.0000E+00 6.7754E-09 6.7754E-09 0.0000E+00 0.0000E+00 6.7754E-09 6.49E-06 6.59E-06   0.015 1.0000 6.6351E-06    854.655
11541.00 0.98502493 3.4360E-35 0.0000E+00 0.0000E+00 5.4005E-09 5.4005E-09 0.0000E+00 0.0000E+00 5.4005E-09 5.16E-06 5.24E-06   0.015 1.0000 5.2774E-06    845.406
11551.00 0.98493898 3.2445E-35 0.0000E+00 0.0000E+00 6.8817E-09 6.8817E-09 0.0000E+00 0.0000E+00 6.8817E-09 6.56E-06 6.66E-06   0.015 1.0000 6.7102E-06    856.594
11561.00 0.98484886 3.0645E-35 0.0000E+00 0.0000E+00 7.2434E-09 7.2434E-09 0.0000E+00 0.0000E+00 7.2434E-09 6.89E-06 7.00E-06   0.015 1.0000 7.0485E-06    859.491
11571.00 0.98474574 2.8968E-35 0.0000E+00 0.0000E+00 7.3917E-09 7.3917E-09 0.0000E+00 0.0000E+00 7.3917E-09 7.02E-06 7.13E-06   0.015 1.0000 7.1778E-06    861.020
11581.00 0.98463267 2.7400E-35 0.0000E+00 0.0000E+00 7.3592E-09 7.3592E-09 0.0000E+00 0.0000E+00 7.3592E-09 6.97E-06 7.08E-06   0.015 1.0000 7.1315E-06    861.453
11591.00 0.98452395 2.5907E-35 0.0000E+00 0.0000E+00 7.3768E-09 7.3768E-09 0.0000E+00 0.0000E+00 7.3768E-09 6.97E-06 7.08E-06   0.016 1.0000 7.1338E-06    862.188
11601.00 0.98441881 2.4489E-35 0.0000E+00 0.0000E+00 7.2714E-09 7.2714E-09 0.0000E+00 0.0000E+00 7.2714E-09 6.86E-06 6.97E-06   0.016 1.0000 7.0173E-06    862.175
11611.00 0.98431093 2.3152E-35 0.0000E+00 0.0000E+00 7.2762E-09 7.2762E-09 0.0000E+00 0.0000E+00 7.2762E-09 6.85E-06 6.96E-06   0.016 1.0000 7.0074E-06    862.832
11621.00 0.98419416 2.1899E-35 0.0000E+00 0.0000E+00 7.3627E-09 7.3627E-09 0.0000E+00 0.0000E+00 7.3627E-09 6.91E-06 7.02E-06   0.016 1.0000 7.0763E-06    863.987
11631.00 0.98407227 2.0719E-35 0.0000E+00 0.0000E+00 7.3256E-09 7.3256E-09 0.0000E+00 0.0000E+00 7.3256E-09 6.86E-06 6.97E-06   0.016 1.0000 7.0263E-06    864.390
11641.00 0.98395509 1.9596E-35 0.0000E+00 0.0000E+00 7.3291E-09 7.3291E-09 0.0000E+00 0.0000E+00 7.3291E-09 6.85E-06 6.96E-06   0.016 1.0000 7.0154E-06    865.039
11651.00 0.98385239 1.8516E-35 0.0000E+00 0.0000E+00 7.3444E-09 7.3444E-09 0.0000E+00 0.0000E+00 7.3444E-09 6.85E-06 6.96E-06   0.016 1.0000 7.0154E-06    865.760
11661.00 0.98375934 1.7485E-35 0.0000E+00 0.0000E+00 7.4910E-09 7.4910E-09 0.0000E+00 0.0000E+00 7.4910E-09 6.97E-06 7.08E-06   0.016 1.0000 7.1406E-06    867.274
11671.00 0.98367321 1.6503E-35 0.0000E+00 0.0000E+00 7.5186E-09 7.5186E-09 0.0000E+00 0.0000E+00 7.5186E-09 6.98E-06 7.09E-06   0.016 1.0000 7.1519E-06    868.067
11681.00 0.98359096 1.5572E-35 0.0000E+00 0.0000E+00 7.4104E-09 7.4104E-09 0.0000E+00 0.0000E+00 7.4104E-09 6.86E-06 6.98E-06   0.017 1.0000 7.0342E-06    868.044
11691.00 0.98351473 1.4688E-35 0.0000E+00 0.0000E+00 7.1947E-09 7.1947E-09 0.0000E+00 0.0000E+00 7.1947E-09 6.65E-06 6.76E-06   0.017 1.0000 6.8153E-06    867.350
11701.00 0.98344606 1.3848E-35 0.0000E+00 0.0000E+00 5.4006E-09 5.4006E-09 0.0000E+00 0.0000E+00 5.4006E-09 4.98E-06 5.06E-06   0.017 1.0000 5.1054E-06    855.328
11711.00 0.98339140 1.3044E-35 0.0000E+00 0.0000E+00 6.4656E-09 6.4656E-09 0.0000E+00 0.0000E+00 6.4656E-09 5.95E-06 6.05E-06   0.017 1.0000 6.0975E-06    863.846
11721.00 0.98336130 1.2269E-35 0.0000E+00 0.0000E+00 7.3734E-09 7.3734E-09 0.0000E+00 0.0000E+00 7.3734E-09 6.77E-06 6.88E-06   0.017 1.0000 6.9393E-06    870.331
11731.00 0.98335677 1.1523E-35 0.0000E+00 0.0000E+00 7.5067E-09 7.5067E-09 0.0000E+00 0.0000E+00 7.5067E-09 6.87E-06 6.99E-06   0.017 1.0000 7.0489E-06    871.765
11741.00 0.98337936 1.0804E-35 0.0000E+00 0.0000E+00 7.3039E-09 7.3039E-09 0.0000E+00 0.0000E+00 7.3039E-09 6.67E-06 6.79E-06   0.017 1.0000 6.8430E-06    871.161
11751.00 0.98342574 1.0115E-35 0.0000E+00 0.0000E+00 7.5743E-09 7.5743E-09 0.0000E+00 0.0000E+00 7.5743E-09 6.91E-06 7.02E-06   0.017 1.0000 7.0799E-06    873.425
11761.00 0.98348325 9.4525E-36 0.0000E+00 0.0000E+00 6.7243E-09 6.7243E-09 0.0000E+00 0.0000E+00 6.7243E-09 6.12E-06 6.22E-06   0.017 1.0000 6.2711E-06    868.712
11771.00 0.98353887 8.8446E-36 0.0000E+00 0.0000E+00 7.2286E-09 7.2286E-09 0.0000E+00 0.0000E+00 7.2286E-09 6.56E-06 6.67E-06   0.017 1.0000 6.7248E-06    872.576
11781.00 0.98358977 8.2670E-36 0.0000E+00 0.0000E+00 7.6925E-09 7.6925E-09 0.0000E+00 0.0000E+00 7.6925E-09 6.97E-06 7.08E-06   0.017 1.0000 7.1404E-06    876.009
11791.00 0.98363423 7.7405E-36 0.0000E+00 0.0000E+00 7.7061E-09 7.7061E-09 0.0000E+00 0.0000E+00 7.7061E-09 6.97E-06 7.08E-06   0.017 1.0000 7.1364E-06    876.718
11801.00 0.98367137 7.2506E-36 0.0000E+00 0.0000E+00 7.5504E-09 7.5504E-09 0.0000E+00 0.0000E+00 7.5504E-09 6.81E-06 6.92E-06   0.016 1.0000 6.9763E-06    876.422
11811.00 0.98369610 6.7968E-36 0.0000E+00 0.0000E+00 7.5935E-09 7.5935E-09 0.0000E+00 0.0000E+00 7.5935E-09 6.83E-06 6.95E-06   0.016 1.0000 7.0000E-06    877.307
11821.00 0.98371351 6.3744E-36 0.0000E+00 0.0000E+00 7.7346E-09 7.7346E-09 0.0000E+00 0.0000E+00 7.7346E-09 6.95E-06 7.06E-06   0.016 1.0000 7.1140E-06    878.770
11831.00 0.98372662 5.9797E-36 0.0000E+00 0.0000E+00 7.7373E-09 7.7373E-09 0.0000E+00 0.0000E+00 7.7373E-09 6.93E-06 7.05E-06   0.016 1.0000 7.1007E-06    879.414
11841.00 0.98373252 5.6119E-36 0.0000E+00 0.0000E+00 7.6700E-09 7.6700E-09 0.0000E+00 0.0000E+00 7.6700E-09 6.86E-06 6.97E-06   0.016 1.0000 7.0230E-06    879.645
11851.00 0.98372906 5.2697E-36 0.0000E+00 0.0000E+00 7.5970E-09 7.5970E-09 0.0000E+00 0.0000E+00 7.5970E-09 6.78E-06 6.89E-06   0.016 1.0000 6.9407E-06    879.838
11861.00 0.98372030 4.9501E-36 0.0000E+00 0.0000E+00 7.7629E-09 7.7629E-09 0.0000E+00 0.0000E+00 7.7629E-09 6.91E-06 7.02E-06   0.016 1.0000 7.0767E-06    881.448
11871.00 0.98370391 4.6520E-36 0.0000E+00 0.0000E+00 7.7190E-09 7.7190E-09 0.0000E+00 0.0000E+00 7.7190E-09 6.86E-06 6.97E-06   0.016 1.0000 7.0212E-06    881.818
11881.00 0.98367971 4.3739E-36 0.0000E+00 0.0000E+00 7.8067E-09 7.8067E-09 0.0000E+00 0.0000E+00 7.8067E-09 6.92E-06 7.03E-06   0.016 1.0000 7.0855E-06    882.961
11891.00 0.98365784 4.1118E-36 0.0000E+00 0.0000E+00 7.8898E-09 7.8898E-09 0.0000E+00 0.0000E+00 7.8898E-09 6.98E-06 7.09E-06   0.016 1.0000 7.1453E-06    884.072
11901.00 0.98363733 3.8652E-36 0.0000E+00 0.0000E+00 7.8489E-09 7.8489E-09 0.0000E+00 0.0000E+00 7.8489E-09 6.93E-06 7.04E-06   0.016 1.0000 7.0928E-06    884.462
11911.00 0.98360813 3.6352E-36 0.0000E+00 0.0000E+00 7.8293E-09 7.8293E-09 0.0000E+00 0.0000E+00 7.8293E-09 6.89E-06 7.01E-06   0.017 1.0000 7.0600E-06    884.977
11921.00 0.98357147 3.4204E-36 0.0000E+00 0.0000E+00 7.6151E-09 7.6151E-09 0.0000E+00 0.0000E+00 7.6151E-09 6.69E-06 6.80E-06   0.017 1.0000 6.8519E-06    884.338
11931.00 0.98353583 3.2181E-36 0.0000E+00 0.0000E+00 7.8999E-09 7.8999E-09 0.0000E+00 0.0000E+00 7.8999E-09 6.92E-06 7.04E-06   0.017 1.0000 7.0928E-06    886.643
11941.00 0.98349369 3.0290E-36 0.0000E+00 0.0000E+00 7.9696E-09 7.9696E-09 0.0000E+00 0.0000E+00 7.9696E-09 6.97E-06 7.09E-06   0.017 1.0000 7.1401E-06    887.674
11951.00 0.98345083 2.8511E-36 0.0000E+00 0.0000E+00 7.8795E-09 7.8795E-09 0.0000E+00 0.0000E+00 7.8795E-09 6.88E-06 6.99E-06   0.017 1.0000 7.0443E-06    887.780
11961.00 0.98340291 2.6843E-36 0.0000E+00 0.0000E+00 7.9675E-09 7.9675E-09 0.0000E+00 0.0000E+00 7.9675E-09 6.94E-06 7.05E-06   0.017 1.0000 7.1078E-06    888.917
11971.00 0.98336208 2.5263E-36 0.0000E+00 0.0000E+00 7.9651E-09 7.9651E-09 0.0000E+00 0.0000E+00 7.9651E-09 6.92E-06 7.04E-06   0.017 1.0000 7.0906E-06    889.532
11981.00 0.98331416 2.3785E-36 0.0000E+00 0.0000E+00 7.8428E-09 7.8428E-09 0.0000E+00 0.0000E+00 7.8428E-09 6.80E-06 6.91E-06   0.017 1.0000 6.9668E-06    889.449
11991.00 0.98324591 2.2421E-36 0.0000E+00 0.0000E+00 7.8747E-09 7.8747E-09 0.0000E+00 0.0000E+00 7.8747E-09 6.81E-06 6.93E-06   0.017 1.0000 6.9804E-06    890.263
12001.00 0.98318666 2.1124E-36 0.0000E+00 0.0000E+00 7.7867E-09 7.7867E-09 0.0000E+00 0.0000E+00 7.7867E-09 6.72E-06 6.84E-06   0.017 1.0000 6.8879E-06    890.374
12011.00 0.98309147 1.9942E-36 0.0000E+00 0.0000E+00 7.9224E-09 7.9224E-09 0.0000E+00 0.0000E+00 7.9224E-09 6.82E-06 6.94E-06   0.017 1.0000 6.9934E-06    891.796
12021.00 0.98301494 1.8809E-36 0.0000E+00 0.0000E+00 8.0251E-09 8.0251E-09 0.0000E+00 0.0000E+00 8.0251E-09 6.90E-06 7.01E-06   0.017 1.0000 7.0695E-06    893.017
12031.00 0.98297024 1.7702E-36 0.0000E+00 0.0000E+00 7.9031E-09 7.9031E-09 0.0000E+00 0.0000E+00 7.9031E-09 6.78E-06 6.89E-06   0.017 1.0000 6.9475E-06    892.938
12041.00 0.98284745 1.6740E-36 0.0000E+00 0.0000E+00 8.0129E-09 8.0129E-09 0.0000E+00 0.0000E+00 8.0129E-09 6.85E-06 6.97E-06   0.017 1.0000 7.0298E-06    894.202
12051.00 0.98277158 1.5784E-36 0.0000E+00 0.0000E+00 8.0433E-09 8.0433E-09 0.0000E+00 0.0000E+00 8.0433E-09 6.87E-06 6.99E-06   0.017 1.0000 7.0419E-06    895.004
12061.00 0.98262203 1.4946E-36 0.0000E+00 0.0000E+00 8.1418E-09 8.1418E-09 0.0000E+00 0.0000E+00 8.1418E-09 6.93E-06 7.06E-06   0.018 1.0000 7.1140E-06    896.195
12071.00 0.98252100 1.4113E-36 0.0000E+00 0.0000E+00 8.2109E-09 8.2109E-09 0.0000E+00 0.0000E+00 8.2109E-09 6.98E-06 7.10E-06   0.018 1.0000 7.1599E-06    897.215
12081.00 0.98238766 1.3350E-36 0.0000E+00 0.0000E+00 8.1844E-09 8.1844E-09 0.0000E+00 0.0000E+00 8.1844E-09 6.94E-06 7.06E-06   0.018 1.0000 7.1226E-06    897.692
12091.00 0.98238587 1.2535E-36 0.0000E+00 0.0000E+00 8.2165E-09 8.2165E-09 0.0000E+00 0.0000E+00 8.2165E-09 6.95E-06 7.08E-06   0.018 1.0000 7.1353E-06    898.502
12101.00 0.98222440 1.1762E-36 0.0000E+00 0.0000E+00 8.2243E-09 8.2243E-09 0.0000E+00 0.0000E+00 8.2243E-09 6.94E-06 7.07E-06   0.018 1.0000 7.1283E-06    899.174
12111.00 0.98207849 1.1134E-36 0.0000E+00 0.0000E+00 8.1899E-09 8.1899E-09 0.0000E+00 0.0000E+00 8.1899E-09 6.90E-06 7.02E-06   0.018 1.0000 7.0848E-06    899.608
12121.00 0.98199236 1.0390E-36 0.0000E+00 0.0000E+00 8.1363E-09 8.1363E-09 0.0000E+00 0.0000E+00 8.1363E-09 6.84E-06 6.96E-06   0.018 1.0000 7.0243E-06    899.930
12131.00 0.98182529 9.8457E-37 0.0000E+00 0.0000E+00 8.2025E-09 8.2025E-09 0.0000E+00 0.0000E+00 8.2025E-09 6.88E-06 7.00E-06   0.018 1.0000 7.0679E-06    900.934
12141.00 0.98158485 9.3570E-37 0.0000E+00 0.0000E+00 8.1052E-09 8.1052E-09 0.0000E+00 0.0000E+00 8.1052E-09 6.78E-06 6.91E-06   0.019 1.0000 6.9714E-06    901.007
12151.00 0.98121953 8.9669E-37 0.0000E+00 0.0000E+00 8.1943E-09 8.1943E-09 0.0000E+00 0.0000E+00 8.1943E-09 6.84E-06 6.97E-06   0.019 1.0000 7.0361E-06    902.143
12161.00 0.98137146 8.3432E-37 0.0000E+00 0.0000E+00 8.0594E-09 8.0594E-09 0.0000E+00 0.0000E+00 8.0594E-09 6.71E-06 6.84E-06   0.019 1.0000 6.9045E-06    901.998
12171.00 0.98125911 7.8847E-37 0.0000E+00 0.0000E+00 8.1101E-09 8.1101E-09 0.0000E+00 0.0000E+00 8.1101E-09 6.74E-06 6.87E-06   0.019 1.0000 6.9343E-06    902.917
12181.00 0.98114216 7.4479E-37 0.0000E+00 0.0000E+00 8.1567E-09 8.1567E-09 0.0000E+00 0.0000E+00 8.1567E-09 6.76E-06 6.89E-06   0.019 1.0000 6.9604E-06    903.810
12191.00 0.98087984 7.0894E-37 0.0000E+00 0.0000E+00 8.1005E-09 8.1005E-09 0.0000E+00 0.0000E+00 8.1005E-09 6.70E-06 6.83E-06   0.019 1.0000 6.9001E-06    904.116
12201.00 0.98070711 6.7157E-37 0.0000E+00 0.0000E+00 8.0308E-09 8.0308E-09 0.0000E+00 0.0000E+00 8.0308E-09 6.63E-06 6.76E-06   0.019 1.0000 6.8274E-06    904.340
12211.00 0.98061520 6.3323E-37 0.0000E+00 0.0000E+00 8.2024E-09 8.2024E-09 0.0000E+00 0.0000E+00 8.2024E-09 6.76E-06 6.89E-06   0.020 1.0000 6.9594E-06    905.953
12221.00 0.98049259 5.8670E-37 0.0000E+00 0.0000E+00 8.1977E-09 8.1977E-09 0.0000E+00 0.0000E+00 8.1977E-09 6.74E-06 6.87E-06   0.020 1.0000 6.9415E-06    906.553
12231.00 0.98045331 5.5214E-37 0.0000E+00 0.0000E+00 8.4279E-09 8.4279E-09 0.0000E+00 0.0000E+00 8.4279E-09 6.91E-06 7.05E-06   0.020 1.0000 7.1216E-06    908.477
12241.00 0.98034215 5.0955E-37 0.0000E+00 0.0000E+00 8.4107E-09 8.4107E-09 0.0000E+00 0.0000E+00 8.4107E-09 6.88E-06 7.02E-06   0.020 1.0000 7.0928E-06    909.009
12251.00 0.98030776 4.7952E-37 0.0000E+00 0.0000E+00 8.4125E-09 8.4125E-09 0.0000E+00 0.0000E+00 8.4125E-09 6.87E-06 7.01E-06   0.020 1.0000 7.0794E-06    909.646
12261.00 0.98036420 4.4872E-37 0.0000E+00 0.0000E+00 8.4431E-09 8.4431E-09 0.0000E+00 0.0000E+00 8.4431E-09 6.88E-06 7.02E-06   0.020 1.0000 7.0894E-06    910.445
12271.00 0.98039061 3.9045E-37 0.0000E+00 0.0000E+00 8.4691E-09 8.4691E-09 0.0000E+00 0.0000E+00 8.4691E-09 6.88E-06 7.02E-06   0.020 1.0000 7.0956E-06    911.217
12281.00 0.98041409 5.2334E-38 0.0000E+00 0.0000E+00 8.5159E-09 8.5159E-09 0.0000E+00 0.0000E+00 8.5159E-09 6.91E-06 7.05E-06   0.020 1.0000 7.1191E-06    912.104
12291.00 0.98042083 0.0000E+00 0.0000E+00 0.0000E+00 8.5547E-09 8.5547E-09 0.0000E+00 0.0000E+00 8.5547E-09 6.92E-06 7.06E-06   0.020 1.0000 7.1358E-06    912.946
12301.00 0.98048347 0.0000E+00 0.0000E+00 0.0000E+00 8.5333E-09 8.5333E-09 0.0000E+00 0.0000E+00 8.5333E-09 6.89E-06 7.03E-06   0.020 1.0000 7.1019E-06    913.455
12311.00 0.98051113 0.0000E+00 0.0000E+00 0.0000E+00 8.5543E-09 8.5543E-09 0.0000E+00 0.0000E+00 8.5543E-09 6.89E-06 7.03E-06   0.020 1.0000 7.1036E-06    914.199
12321.00 0.98053849 0.0000E+00 0.0000E+00 0.0000E+00 8.5499E-09 8.5499E-09 0.0000E+00 0.0000E+00 8.5499E-09 6.88E-06 7.01E-06   0.020 1.0000 7.0841E-06    914.802
12331.00 0.98057079 0.0000E+00 0.0000E+00 0.0000E+00 8.5909E-09 8.5909E-09 0.0000E+00 0.0000E+00 8.5909E-09 6.90E-06 7.03E-06   0.020 1.0000 7.1024E-06    915.656
12341.00 0.98059869 0.0000E+00 0.0000E+00 0.0000E+00 8.4998E-09 8.4998E-09 0.0000E+00 0.0000E+00 8.4998E-09 6.81E-06 6.94E-06   0.020 1.0000 7.0116E-06    915.780
12351.00 0.98062372 0.0000E+00 0.0000E+00 0.0000E+00 8.4132E-09 8.4132E-09 0.0000E+00 0.0000E+00 8.4132E-09 6.72E-06 6.86E-06   0.020 1.0000 6.9247E-06    915.923
12361.00 0.98066258 0.0000E+00 0.0000E+00 0.0000E+00 8.4983E-09 8.4983E-09 0.0000E+00 0.0000E+00 8.4983E-09 6.78E-06 6.91E-06   0.020 1.0000 6.9793E-06    917.026
12371.00 0.98069483 0.0000E+00 0.0000E+00 0.0000E+00 8.5736E-09 8.5736E-09 0.0000E+00 0.0000E+00 8.5736E-09 6.82E-06 6.96E-06   0.019 1.0000 7.0253E-06    918.070
12381.00 0.98072088 0.0000E+00 0.0000E+00 0.0000E+00 8.6066E-09 8.6066E-09 0.0000E+00 0.0000E+00 8.6066E-09 6.83E-06 6.97E-06   0.019 1.0000 7.0369E-06    918.879
12391.00 0.98073995 0.0000E+00 0.0000E+00 0.0000E+00 8.6834E-09 8.6834E-09 0.0000E+00 0.0000E+00 8.6834E-09 6.88E-06 7.02E-06   0.019 1.0000 7.0840E-06    919.928
12401.00 0.98074806 0.0000E+00 0.0000E+00 0.0000E+00 8.7779E-09 8.7779E-09 0.0000E+00 0.0000E+00 8.7779E-09 6.94E-06 7.08E-06   0.019 1.0000 7.1455E-06    921.070
12411.00 0.98074198 0.0000E+00 0.0000E+00 0.0000E+00 8.7318E-09 8.7318E-09 0.0000E+00 0.0000E+00 8.7318E-09 6.89E-06 7.03E-06   0.019 1.0000 7.0929E-06    921.448
12421.00 0.98072535 0.0000E+00 0.0000E+00 0.0000E+00 8.4938E-09 8.4938E-09 0.0000E+00 0.0000E+00 8.4938E-09 6.69E-06 6.82E-06   0.019 1.0000 6.8849E-06    920.762
12431.00 0.98070329 0.0000E+00 0.0000E+00 0.0000E+00 8.7128E-09 8.7128E-09 0.0000E+00 0.0000E+00 8.7128E-09 6.85E-06 6.98E-06   0.019 1.0000 7.0471E-06    922.598
12441.00 0.98067814 0.0000E+00 0.0000E+00 0.0000E+00 8.7732E-09 8.7732E-09 0.0000E+00 0.0000E+00 8.7732E-09 6.88E-06 7.01E-06   0.020 1.0000 7.0810E-06    923.555
12451.00 0.98064607 0.0000E+00 0.0000E+00 0.0000E+00 8.6833E-09 8.6833E-09 0.0000E+00 0.0000E+00 8.6833E-09 6.79E-06 6.93E-06   0.020 1.0000 6.9937E-06    923.691
12461.00 0.98060477 0.0000E+00 0.0000E+00 0.0000E+00 8.8037E-09 8.8037E-09 0.0000E+00 0.0000E+00 8.8037E-09 6.87E-06 7.01E-06   0.020 1.0000 7.0759E-06    924.975
12471.00 0.98056501 0.0000E+00 0.0000E+00 0.0000E+00 8.8671E-09 8.8671E-09 0.0000E+00 0.0000E+00 8.8671E-09 6.91E-06 7.04E-06   0.020 1.0000 7.1120E-06    925.945
12481.00 0.98051673 0.0000E+00 0.0000E+00 0.0000E+00 8.8744E-09 8.8744E-09 0.0000E+00 0.0000E+00 8.8744E-09 6.90E-06 7.04E-06   0.020 1.0000 7.1032E-06    926.612
12491.00 0.98047376 0.0000E+00 0.0000E+00 0.0000E+00 8.8148E-09 8.8148E-09 0.0000E+00 0.0000E+00 8.8148E-09 6.84E-06 6.97E-06   0.020 1.0000 7.0410E-06    926.917
12501.00 0.98042285 0.0000E+00 0.0000E+00 0.0000E+00 8.7294E-09 8.7294E-09 0.0000E+00 0.0000E+00 8.7294E-09 6.76E-06 6.89E-06   0.020 1.0000 6.9583E-06    927.079
12511.00 0.98036486 0.0000E+00 0.0000E+00 0.0000E+00 8.9459E-09 8.9459E-09 0.0000E+00 0.0000E+00 8.9459E-09 6.91E-06 7.05E-06   0.020 1.0000 7.1163E-06    928.879
12521.00 0.98028970 0.0000E+00 0.0000E+00 0.0000E+00 8.9577E-09 8.9577E-09 0.0000E+00 0.0000E+00 8.9577E-09 6.90E-06 7.04E-06   0.020 1.0000 7.1113E-06    929.570
12531.00 0.98023325 0.0000E+00 0.0000E+00 0.0000E+00 8.9586E-09 8.9586E-09 0.0000E+00 0.0000E+00 8.9586E-09 6.89E-06 7.03E-06   0.020 1.0000 7.0974E-06    930.202
12541.00 0.98017198 0.0000E+00 0.0000E+00 0.0000E+00 8.9654E-09 8.9654E-09 0.0000E+00 0.0000E+00 8.9654E-09 6.88E-06 7.02E-06   0.020 1.0000 7.0882E-06    930.865
12551.00 0.98011023 0.0000E+00 0.0000E+00 0.0000E+00 8.9978E-09 8.9978E-09 0.0000E+00 0.0000E+00 8.9978E-09 6.89E-06 7.03E-06   0.020 1.0000 7.0994E-06    931.666
12561.00 0.98004168 0.0000E+00 0.0000E+00 0.0000E+00 8.9441E-09 8.9441E-09 0.0000E+00 0.0000E+00 8.9441E-09 6.83E-06 6.97E-06   0.020 1.0000 7.0428E-06    932.006
12571.00 0.97998852 0.0000E+00 0.0000E+00 0.0000E+00 8.9819E-09 8.9819E-09 0.0000E+00 0.0000E+00 8.9819E-09 6.85E-06 6.99E-06   0.020 1.0000 7.0580E-06    932.836
12581.00 0.97991663 0.0000E+00 0.0000E+00 0.0000E+00 8.6859E-09 8.6859E-09 0.0000E+00 0.0000E+00 8.6859E-09 6.61E-06 6.74E-06   0.020 1.0000 6.8119E-06    931.852
12591.00 0.97982788 0.0000E+00 0.0000E+00 0.0000E+00 8.7321E-09 8.7321E-09 0.0000E+00 0.0000E+00 8.7321E-09 6.63E-06 6.77E-06   0.020 1.0000 6.8345E-06    932.734
12601.00 0.97972775 0.0000E+00 0.0000E+00 0.0000E+00 8.7464E-09 8.7464E-09 0.0000E+00 0.0000E+00 8.7464E-09 6.63E-06 6.76E-06   0.020 1.0000 6.8321E-06    933.439
12611.00 0.97962022 0.0000E+00 0.0000E+00 0.0000E+00 8.9957E-09 8.9957E-09 0.0000E+00 0.0000E+00 8.9957E-09 6.80E-06 6.94E-06   0.021 1.0000 7.0130E-06    935.418
12621.00 0.97952187 0.0000E+00 0.0000E+00 0.0000E+00 9.0116E-09 9.0116E-09 0.0000E+00 0.0000E+00 9.0116E-09 6.80E-06 6.94E-06   0.021 1.0000 7.0117E-06    936.131
12631.00 0.97942322 0.0000E+00 0.0000E+00 0.0000E+00 8.8982E-09 8.8982E-09 0.0000E+00 0.0000E+00 8.8982E-09 6.70E-06 6.84E-06   0.021 1.0000 6.9099E-06    936.146
12641.00 0.97930515 0.0000E+00 0.0000E+00 0.0000E+00 9.0883E-09 9.0883E-09 0.0000E+00 0.0000E+00 9.0883E-09 6.83E-06 6.97E-06   0.021 1.0000 7.0438E-06    937.794
12651.00 0.97919530 0.0000E+00 0.0000E+00 0.0000E+00 9.1731E-09 9.1731E-09 0.0000E+00 0.0000E+00 9.1731E-09 6.87E-06 7.02E-06   0.021 1.0000 7.0958E-06    938.870
12661.00 0.97909194 0.0000E+00 0.0000E+00 0.0000E+00 9.1758E-09 9.1758E-09 0.0000E+00 0.0000E+00 9.1758E-09 6.86E-06 7.01E-06   0.021 1.0000 7.0839E-06    939.512
12671.00 0.97899967 0.0000E+00 0.0000E+00 0.0000E+00 9.2412E-09 9.2412E-09 0.0000E+00 0.0000E+00 9.2412E-09 6.90E-06 7.04E-06   0.021 1.0000 7.1204E-06    940.484
12681.00 0.97888398 0.0000E+00 0.0000E+00 0.0000E+00 9.2120E-09 9.2120E-09 0.0000E+00 0.0000E+00 9.2120E-09 6.86E-06 7.01E-06   0.021 1.0000 7.0842E-06    940.958
12691.00 0.97876716 0.0000E+00 0.0000E+00 0.0000E+00 9.1837E-09 9.1837E-09 0.0000E+00 0.0000E+00 9.1837E-09 6.82E-06 6.97E-06   0.021 1.0000 7.0488E-06    941.436
12701.00 0.97865087 0.0000E+00 0.0000E+00 0.0000E+00 9.2642E-09 9.2642E-09 0.0000E+00 0.0000E+00 9.2642E-09 6.87E-06 7.02E-06   0.022 1.0000 7.0968E-06    942.486
12711.00 0.97852802 0.0000E+00 0.0000E+00 0.0000E+00 9.3391E-09 9.3391E-09 0.0000E+00 0.0000E+00 9.3391E-09 6.91E-06 7.06E-06   0.022 1.0000 7.1406E-06    943.505
12721.00 0.97841227 0.0000E+00 0.0000E+00 0.0000E+00 9.1716E-09 9.1716E-09 0.0000E+00 0.0000E+00 9.1716E-09 6.77E-06 6.92E-06   0.022 1.0000 6.9992E-06    943.252
12731.00 0.97828466 0.0000E+00 0.0000E+00 0.0000E+00 9.1721E-09 9.1721E-09 0.0000E+00 0.0000E+00 9.1721E-09 6.76E-06 6.91E-06   0.022 1.0000 6.9861E-06    943.882
12741.00 0.97812730 0.0000E+00 0.0000E+00 0.0000E+00 9.3425E-09 9.3425E-09 0.0000E+00 0.0000E+00 9.3425E-09 6.87E-06 7.02E-06   0.022 1.0000 7.1028E-06    945.405
12751.00 0.97795373 0.0000E+00 0.0000E+00 0.0000E+00 9.3373E-09 9.3373E-09 0.0000E+00 0.0000E+00 9.3373E-09 6.85E-06 7.00E-06   0.022 1.0000 7.0859E-06    946.005
12761.00 0.97778809 0.0000E+00 0.0000E+00 0.0000E+00 9.1167E-09 9.1167E-09 0.0000E+00 0.0000E+00 9.1167E-09 6.67E-06 6.82E-06   0.022 1.0000 6.9058E-06    945.467
12771.00 0.97762102 0.0000E+00 0.0000E+00 0.0000E+00 9.3060E-09 9.3060E-09 0.0000E+00 0.0000E+00 9.3060E-09 6.79E-06 6.95E-06   0.023 1.0000 7.0362E-06    947.095
12781.00 0.97745150 0.0000E+00 0.0000E+00 0.0000E+00 9.4281E-09 9.4281E-09 0.0000E+00 0.0000E+00 9.4281E-09 6.87E-06 7.03E-06   0.023 1.0000 7.1156E-06    948.359
12791.00 0.97731894 0.0000E+00 0.0000E+00 0.0000E+00 9.4504E-09 9.4504E-09 0.0000E+00 0.0000E+00 9.4504E-09 6.87E-06 7.03E-06   0.023 1.0000 7.1190E-06    949.102
12801.00 0.97719705 0.0000E+00 0.0000E+00 0.0000E+00 9.3123E-09 9.3123E-09 0.0000E+00 0.0000E+00 9.3123E-09 6.76E-06 6.91E-06   0.023 1.0000 7.0016E-06    949.009
12811.00 0.97708225 0.0000E+00 0.0000E+00 0.0000E+00 9.4414E-09 9.4414E-09 0.0000E+00 0.0000E+00 9.4414E-09 6.83E-06 6.99E-06   0.023 1.0000 7.0852E-06    950.310
12821.00 0.97697645 0.0000E+00 0.0000E+00 0.0000E+00 9.3470E-09 9.3470E-09 0.0000E+00 0.0000E+00 9.3470E-09 6.75E-06 6.91E-06   0.023 1.0000 7.0007E-06    950.444
12831.00 0.97689450 0.0000E+00 0.0000E+00 0.0000E+00 9.4802E-09 9.4802E-09 0.0000E+00 0.0000E+00 9.4802E-09 6.83E-06 6.99E-06   0.023 1.0000 7.0866E-06    951.765
12841.00 0.97685307 0.0000E+00 0.0000E+00 0.0000E+00 9.5286E-09 9.5286E-09 0.0000E+00 0.0000E+00 9.5286E-09 6.85E-06 7.02E-06   0.023 1.0000 7.1081E-06    952.642
12851.00 0.97682369 0.0000E+00 0.0000E+00 0.0000E+00 9.5391E-09 9.5391E-09 0.0000E+00 0.0000E+00 9.5391E-09 6.85E-06 7.01E-06   0.023 1.0000 7.1013E-06    953.323
12861.00 0.97680908 0.0000E+00 0.0000E+00 0.0000E+00 9.3659E-09 9.3659E-09 0.0000E+00 0.0000E+00 9.3659E-09 6.71E-06 6.87E-06   0.023 1.0000 6.9577E-06    953.050
12871.00 0.97681266 0.0000E+00 0.0000E+00 0.0000E+00 9.5966E-09 9.5966E-09 0.0000E+00 0.0000E+00 9.5966E-09 6.86E-06 7.02E-06   0.023 1.0000 7.1139E-06    954.873
12881.00 0.97682190 0.0000E+00 0.0000E+00 0.0000E+00 9.5973E-09 9.5973E-09 0.0000E+00 0.0000E+00 9.5973E-09 6.85E-06 7.01E-06   0.023 1.0000 7.0994E-06    955.504
12891.00 0.97684097 0.0000E+00 0.0000E+00 0.0000E+00 9.6111E-09 9.6111E-09 0.0000E+00 0.0000E+00 9.6111E-09 6.84E-06 7.00E-06   0.023 1.0000 7.0944E-06    956.202
12901.00 0.97687727 0.0000E+00 0.0000E+00 0.0000E+00 9.1692E-09 9.1692E-09 0.0000E+00 0.0000E+00 9.1692E-09 6.51E-06 6.67E-06   0.023 1.0000 6.7536E-06    954.513
12911.00 0.97692090 0.0000E+00 0.0000E+00 0.0000E+00 9.4010E-09 9.4010E-09 0.0000E+00 0.0000E+00 9.4010E-09 6.66E-06 6.82E-06   0.023 1.0000 6.9089E-06    956.366
12921.00 0.97696054 0.0000E+00 0.0000E+00 0.0000E+00 9.6887E-09 9.6887E-09 0.0000E+00 0.0000E+00 9.6887E-09 6.85E-06 7.02E-06   0.023 1.0000 7.1049E-06    958.480
12931.00 0.97696877 0.0000E+00 0.0000E+00 0.0000E+00 9.6544E-09 9.6544E-09 0.0000E+00 0.0000E+00 9.6544E-09 6.82E-06 6.98E-06   0.023 1.0000 7.0646E-06    958.932
12941.00 0.97694725 0.0000E+00 0.0000E+00 0.0000E+00 9.4423E-09 9.4423E-09 0.0000E+00 0.0000E+00 9.4423E-09 6.65E-06 6.81E-06   0.023 1.0000 6.8949E-06    958.461
12951.00 0.97693861 0.0000E+00 0.0000E+00 0.0000E+00 9.5897E-09 9.5897E-09 0.0000E+00 0.0000E+00 9.5897E-09 6.74E-06 6.90E-06   0.023 1.0000 6.9877E-06    959.853
12961.00 0.97690403 0.0000E+00 0.0000E+00 0.0000E+00 9.4813E-09 9.4813E-09 0.0000E+00 0.0000E+00 9.4813E-09 6.65E-06 6.81E-06   0.023 1.0000 6.8945E-06    959.917
12971.00 0.97680950 0.0000E+00 0.0000E+00 0.0000E+00 9.6830E-09 9.6830E-09 0.0000E+00 0.0000E+00 9.6830E-09 6.78E-06 6.94E-06   0.023 1.0000 7.0270E-06    961.585
12981.00 0.97632569 0.0000E+00 0.0000E+00 0.0000E+00 9.6542E-09 9.6542E-09 0.0000E+00 0.0000E+00 9.6542E-09 6.74E-06 6.91E-06   0.024 1.0000 6.9958E-06    962.064
12991.00 0.97532523 0.0000E+00 0.0000E+00 0.0000E+00 9.6241E-09 9.6241E-09 0.0000E+00 0.0000E+00 9.6241E-09 6.71E-06 6.87E-06   0.025 1.0000 6.9674E-06    962.536
13001.00 0.97315824 0.0000E+00 0.0000E+00 0.0000E+00 9.6634E-09 9.6634E-09 0.0000E+00 0.0000E+00 9.6634E-09 6.71E-06 6.89E-06   0.027 1.0000 6.9977E-06    963.365
13011.00 0.97043687 0.0000E+00 0.0000E+00 0.0000E+00 9.7496E-09 9.7496E-09 0.0000E+00 0.0000E+00 9.7496E-09 6.76E-06 6.94E-06   0.030 1.0000 7.0635E-06    964.432
13021.00 0.96524870 0.0000E+00 0.0000E+00 0.0000E+00 9.7028E-09 9.7028E-09 0.0000E+00 0.0000E+00 9.7028E-09 6.71E-06 6.90E-06   0.035 1.0000 7.0503E-06    964.820
13031.00 0.96168762 0.0000E+00 0.0000E+00 0.0000E+00 9.7308E-09 9.7308E-09 0.0000E+00 0.0000E+00 9.7308E-09 6.71E-06 6.91E-06   0.039 1.0000 7.0771E-06    965.589
13041.00 0.95286834 0.0000E+00 0.0000E+00 0.0000E+00 9.1709E-09 9.1709E-09 0.0000E+00 0.0000E+00 9.1709E-09 6.30E-06 6.52E-06   0.048 1.0000 6.7057E-06    963.276
13051.00 0.94790727 0.0000E+00 0.0000E+00 0.0000E+00 9.0316E-09 9.0316E-09 0.0000E+00 0.0000E+00 9.0316E-09 6.17E-06 6.42E-06   0.053 1.0000 6.6213E-06    963.145
13061.00 0.93160290 0.0000E+00 0.0000E+00 0.0000E+00 9.2700E-09 9.2700E-09 0.0000E+00 0.0000E+00 9.2700E-09 6.29E-06 6.62E-06   0.071 1.0000 6.8845E-06    965.058
13071.00 0.90497094 0.0000E+00 0.0000E+00 0.0000E+00 9.3586E-09 9.3586E-09 0.0000E+00 0.0000E+00 9.3586E-09 6.28E-06 6.73E-06   0.100 1.0000 7.1115E-06    966.155
13081.00 0.88646746 0.0000E+00 0.0000E+00 0.0000E+00 9.2195E-09 9.2195E-09 0.0000E+00 0.0000E+00 9.2195E-09 6.13E-06 6.67E-06   0.121 1.0000 7.1104E-06    966.037
13091.00 0.85968095 0.0000E+00 0.0000E+00 0.0000E+00 9.0022E-09 9.0022E-09 0.0000E+00 0.0000E+00 9.0022E-09 5.92E-06 6.58E-06   0.151 1.0000 7.1062E-06    965.480
13101.00 0.83892477 0.0000E+00 0.0000E+00 0.0000E+00 8.8308E-09 8.8308E-09 0.0000E+00 0.0000E+00 8.8308E-09 5.75E-06 6.50E-06   0.176 1.0000 7.1028E-06    965.153
13111.00 0.84528905 0.0000E+00 0.0000E+00 0.0000E+00 8.8155E-09 8.8155E-09 0.0000E+00 0.0000E+00 8.8155E-09 5.74E-06 6.45E-06   0.168 1.0000 7.0290E-06    965.691
13121.00 0.91143149 0.0000E+00 0.0000E+00 0.0000E+00 9.0736E-09 9.0736E-09 0.0000E+00 0.0000E+00 9.0736E-09 6.03E-06 6.46E-06   0.093 1.0000 6.7816E-06    967.744
13131.00 0.84475899 0.0000E+00 0.0000E+00 0.0000E+00 8.7844E-09 8.7844E-09 0.0000E+00 0.0000E+00 8.7844E-09 5.69E-06 6.41E-06   0.169 1.0000 6.9749E-06    966.763
13141.00 0.77589446 0.0000E+00 0.0000E+00 0.0000E+00 8.2323E-09 8.2323E-09 0.0000E+00 0.0000E+00 8.2323E-09 5.16E-06 6.19E-06   0.254 1.0000 7.0062E-06    964.184
13151.00 0.76408982 0.0000E+00 0.0000E+00 0.0000E+00 8.0796E-09 8.0796E-09 0.0000E+00 0.0000E+00 8.0796E-09 5.06E-06 6.06E-06   0.269 1.0000 6.9759E-06    963.885
13161.00 0.85611796 0.0000E+00 0.0000E+00 0.0000E+00 8.9433E-09 8.9433E-09 0.0000E+00 0.0000E+00 8.9433E-09 5.81E-06 6.41E-06   0.155 1.0000 7.0394E-06    969.522
13171.00 0.96379602 0.0000E+00 0.0000E+00 0.0000E+00 9.9558E-09 9.9558E-09 0.0000E+00 0.0000E+00 9.9558E-09 6.67E-06 6.87E-06   0.037 1.0000 7.0248E-06    975.501
13181.00 0.97622305 0.0000E+00 0.0000E+00 0.0000E+00 9.8567E-09 9.8567E-09 0.0000E+00 0.0000E+00 9.8567E-09 6.61E-06 6.77E-06   0.024 1.0000 6.8540E-06    975.625
13191.00 0.97616160 0.0000E+00 0.0000E+00 0.0000E+00 1.0111E-08 1.0111E-08 0.0000E+00 0.0000E+00 1.0111E-08 6.76E-06 6.93E-06   0.024 1.0000 7.0170E-06    977.530
13201.00 0.97605044 0.0000E+00 0.0000E+00 0.0000E+00 1.0074E-08 1.0074E-08 0.0000E+00 0.0000E+00 1.0074E-08 6.72E-06 6.89E-06   0.024 1.0000 6.9786E-06    977.975
13211.00 0.97592866 0.0000E+00 0.0000E+00 0.0000E+00 1.0092E-08 1.0092E-08 0.0000E+00 0.0000E+00 1.0092E-08 6.72E-06 6.89E-06   0.024 1.0000 6.9776E-06    978.689
13221.00 0.97579634 0.0000E+00 0.0000E+00 0.0000E+00 1.0079E-08 1.0079E-08 0.0000E+00 0.0000E+00 1.0079E-08 6.70E-06 6.86E-06   0.025 1.0000 6.9558E-06    979.250
13231.00 0.97565264 0.0000E+00 0.0000E+00 0.0000E+00 1.0043E-08 1.0043E-08 0.0000E+00 0.0000E+00 1.0043E-08 6.66E-06 6.83E-06   0.025 1.0000 6.9184E-06    979.696
13241.00 0.97549462 0.0000E+00 0.0000E+00 0.0000E+00 1.0229E-08 1.0229E-08 0.0000E+00 0.0000E+00 1.0229E-08 6.77E-06 6.94E-06   0.025 1.0000 7.0339E-06    981.249
13251.00 0.97533065 0.0000E+00 0.0000E+00 0.0000E+00 1.0277E-08 1.0277E-08 0.0000E+00 0.0000E+00 1.0277E-08 6.79E-06 6.96E-06   0.025 1.0000 7.0541E-06    982.112
13261.00 0.97515959 0.0000E+00 0.0000E+00 0.0000E+00 1.0326E-08 1.0326E-08 0.0000E+00 0.0000E+00 1.0326E-08 6.80E-06 6.98E-06   0.025 1.0000 7.0756E-06    982.983
13271.00 0.97497249 0.0000E+00 0.0000E+00 0.0000E+00 1.0238E-08 1.0238E-08 0.0000E+00 0.0000E+00 1.0238E-08 6.73E-06 6.90E-06   0.025 1.0000 7.0026E-06    983.172
13281.00 0.97477639 0.0000E+00 0.0000E+00 0.0000E+00 1.0166E-08 1.0166E-08 0.0000E+00 0.0000E+00 1.0166E-08 6.67E-06 6.84E-06   0.026 1.0000 6.9412E-06    983.440
13291.00 0.97457606 0.0000E+00 0.0000E+00 0.0000E+00 1.0147E-08 1.0147E-08 0.0000E+00 0.0000E+00 1.0147E-08 6.64E-06 6.82E-06   0.026 1.0000 6.9165E-06    983.975
13301.00 0.97437686 0.0000E+00 0.0000E+00 0.0000E+00 1.0301E-08 1.0301E-08 0.0000E+00 0.0000E+00 1.0301E-08 6.73E-06 6.91E-06   0.026 1.0000 7.0096E-06    985.364
13311.00 0.97418338 0.0000E+00 0.0000E+00 0.0000E+00 1.0005E-08 1.0005E-08 0.0000E+00 0.0000E+00 1.0005E-08 6.52E-06 6.70E-06   0.026 1.0000 6.7959E-06    984.510
13321.00 0.97398555 0.0000E+00 0.0000E+00 0.0000E+00 1.0330E-08 1.0330E-08 0.0000E+00 0.0000E+00 1.0330E-08 6.72E-06 6.90E-06   0.026 1.0000 7.0050E-06    986.760
13331.00 0.97378850 0.0000E+00 0.0000E+00 0.0000E+00 1.0253E-08 1.0253E-08 0.0000E+00 0.0000E+00 1.0253E-08 6.66E-06 6.84E-06   0.027 1.0000 6.9407E-06    987.004
13341.00 0.97360653 0.0000E+00 0.0000E+00 0.0000E+00 1.0037E-08 1.0037E-08 0.0000E+00 0.0000E+00 1.0037E-08 6.50E-06 6.68E-06   0.027 1.0000 6.7825E-06    986.549
13351.00 0.97344238 0.0000E+00 0.0000E+00 0.0000E+00 1.0363E-08 1.0363E-08 0.0000E+00 0.0000E+00 1.0363E-08 6.70E-06 6.88E-06   0.027 1.0000 6.9903E-06    988.799
13361.00 0.97331268 0.0000E+00 0.0000E+00 0.0000E+00 1.0321E-08 1.0321E-08 0.0000E+00 0.0000E+00 1.0321E-08 6.66E-06 6.84E-06   0.027 1.0000 6.9490E-06    989.218
13371.00 0.97320598 0.0000E+00 0.0000E+00 0.0000E+00 1.0331E-08 1.0331E-08 0.0000E+00 0.0000E+00 1.0331E-08 6.65E-06 6.83E-06   0.027 1.0000 6.9428E-06    989.893
13381.00 0.97312307 0.0000E+00 0.0000E+00 0.0000E+00 1.0410E-08 1.0410E-08 0.0000E+00 0.0000E+00 1.0410E-08 6.69E-06 6.87E-06   0.027 1.0000 6.9829E-06    990.912
13391.00 0.97305882 0.0000E+00 0.0000E+00 0.0000E+00 1.0435E-08 1.0435E-08 0.0000E+00 0.0000E+00 1.0435E-08 6.69E-06 6.87E-06   0.027 1.0000 6.9856E-06    991.657
13401.00 0.97301257 0.0000E+00 0.0000E+00 0.0000E+00 1.0374E-08 1.0374E-08 0.0000E+00 0.0000E+00 1.0374E-08 6.64E-06 6.82E-06   0.027 1.0000 6.9311E-06    991.985
13411.00 0.97298676 0.0000E+00 0.0000E+00 0.0000E+00 1.0494E-08 1.0494E-08 0.0000E+00 0.0000E+00 1.0494E-08 6.70E-06 6.89E-06   0.027 1.0000 6.9973E-06    993.199
13421.00 0.97297323 0.0000E+00 0.0000E+00 0.0000E+00 1.0288E-08 1.0288E-08 0.0000E+00 0.0000E+00 1.0288E-08 6.56E-06 6.74E-06   0.027 1.0000 6.8463E-06    992.813
13431.00 0.97296149 0.0000E+00 0.0000E+00 0.0000E+00 1.0178E-08 1.0178E-08 0.0000E+00 0.0000E+00 1.0178E-08 6.47E-06 6.65E-06   0.027 1.0000 6.7587E-06    992.887
13441.00 0.97295469 0.0000E+00 0.0000E+00 0.0000E+00 1.0530E-08 1.0530E-08 0.0000E+00 0.0000E+00 1.0530E-08 6.68E-06 6.87E-06   0.027 1.0000 6.9782E-06    995.252
13451.00 0.97295868 0.0000E+00 0.0000E+00 0.0000E+00 1.0555E-08 1.0555E-08 0.0000E+00 0.0000E+00 1.0555E-08 6.68E-06 6.87E-06   0.027 1.0000 6.9805E-06    996.000
13461.00 0.97295678 0.0000E+00 0.0000E+00 0.0000E+00 1.0477E-08 1.0477E-08 0.0000E+00 0.0000E+00 1.0477E-08 6.62E-06 6.81E-06   0.027 1.0000 6.9145E-06    996.244
13471.00 0.97294742 0.0000E+00 0.0000E+00 0.0000E+00 1.0128E-08 1.0128E-08 0.0000E+00 0.0000E+00 1.0128E-08 6.39E-06 6.57E-06   0.027 1.0000 6.6706E-06    995.138
13481.00 0.97294050 0.0000E+00 0.0000E+00 0.0000E+00 1.0156E-08 1.0156E-08 0.0000E+00 0.0000E+00 1.0156E-08 6.39E-06 6.57E-06   0.027 1.0000 6.6756E-06    995.905
13491.00 0.97293305 0.0000E+00 0.0000E+00 0.0000E+00 1.0151E-08 1.0151E-08 0.0000E+00 0.0000E+00 1.0151E-08 6.38E-06 6.55E-06   0.027 1.0000 6.6588E-06    996.506
13501.00 0.97292596 0.0000E+00 0.0000E+00 0.0000E+00 1.0466E-08 1.0466E-08 0.0000E+00 0.0000E+00 1.0466E-08 6.56E-06 6.74E-06   0.027 1.0000 6.8511E-06    998.695
13511.00 0.97290587 0.0000E+00 0.0000E+00 0.0000E+00 1.0482E-08 1.0482E-08 0.0000E+00 0.0000E+00 1.0482E-08 6.56E-06 6.74E-06   0.027 1.0000 6.8479E-06    999.400
13521.00 0.97287238 0.0000E+00 0.0000E+00 0.0000E+00 1.0514E-08 1.0514E-08 0.0000E+00 0.0000E+00 1.0514E-08 6.56E-06 6.75E-06   0.028 1.0000 6.8549E-06   1000.180
13531.00 0.97283530 0.0000E+00 0.0000E+00 0.0000E+00 1.0197E-08 1.0197E-08 0.0000E+00 0.0000E+00 1.0197E-08 6.35E-06 6.53E-06   0.028 1.0000 6.6352E-06    999.234
13541.00 0.97279227 0.0000E+00 0.0000E+00 0.0000E+00 1.0515E-08 1.0515E-08 0.0000E+00 0.0000E+00 1.0515E-08 6.54E-06 6.72E-06   0.028 1.0000 6.8288E-06   1001.440
13551.00 0.97275066 0.0000E+00 0.0000E+00 0.0000E+00 1.0751E-08 1.0751E-08 0.0000E+00 0.0000E+00 1.0751E-08 6.67E-06 6.86E-06   0.028 1.0000 6.9678E-06   1003.206
13561.00 0.97268862 0.0000E+00 0.0000E+00 0.0000E+00 1.0791E-08 1.0791E-08 0.0000E+00 0.0000E+00 1.0791E-08 6.68E-06 6.87E-06   0.028 1.0000 6.9805E-06   1004.027
13571.00 0.97262490 0.0000E+00 0.0000E+00 0.0000E+00 1.0733E-08 1.0733E-08 0.0000E+00 0.0000E+00 1.0733E-08 6.63E-06 6.82E-06   0.028 1.0000 6.9293E-06   1004.372
13581.00 0.97256136 0.0000E+00 0.0000E+00 0.0000E+00 1.0658E-08 1.0658E-08 0.0000E+00 0.0000E+00 1.0658E-08 6.57E-06 6.76E-06   0.028 1.0000 6.8674E-06   1004.634
13591.00 0.97251016 0.0000E+00 0.0000E+00 0.0000E+00 1.0617E-08 1.0617E-08 0.0000E+00 0.0000E+00 1.0617E-08 6.53E-06 6.72E-06   0.028 1.0000 6.8280E-06   1005.063
13601.00 0.97245544 0.0000E+00 0.0000E+00 0.0000E+00 1.0778E-08 1.0778E-08 0.0000E+00 0.0000E+00 1.0778E-08 6.62E-06 6.81E-06   0.028 1.0000 6.9178E-06   1006.466
13611.00 0.97238827 0.0000E+00 0.0000E+00 0.0000E+00 1.0901E-08 1.0901E-08 0.0000E+00 0.0000E+00 1.0901E-08 6.68E-06 6.87E-06   0.028 1.0000 6.9838E-06   1007.682
13621.00 0.97232610 0.0000E+00 0.0000E+00 0.0000E+00 1.0954E-08 1.0954E-08 0.0000E+00 0.0000E+00 1.0954E-08 6.70E-06 6.89E-06   0.028 1.0000 7.0039E-06   1008.558
13631.00 0.97224343 0.0000E+00 0.0000E+00 0.0000E+00 1.0858E-08 1.0858E-08 0.0000E+00 0.0000E+00 1.0858E-08 6.63E-06 6.82E-06   0.028 1.0000 6.9291E-06   1008.725
13641.00 0.97217304 0.0000E+00 0.0000E+00 0.0000E+00 1.0698E-08 1.0698E-08 0.0000E+00 0.0000E+00 1.0698E-08 6.52E-06 6.70E-06   0.028 1.0000 6.8141E-06   1008.582
13651.00 0.97207725 0.0000E+00 0.0000E+00 0.0000E+00 1.0742E-08 1.0742E-08 0.0000E+00 0.0000E+00 1.0742E-08 6.53E-06 6.72E-06   0.028 1.0000 6.8293E-06   1009.422
13661.00 0.97195286 0.0000E+00 0.0000E+00 0.0000E+00 1.0896E-08 1.0896E-08 0.0000E+00 0.0000E+00 1.0896E-08 6.61E-06 6.80E-06   0.028 1.0000 6.9146E-06   1010.787
13671.00 0.97185534 0.0000E+00 0.0000E+00 0.0000E+00 1.0829E-08 1.0829E-08 0.0000E+00 0.0000E+00 1.0829E-08 6.56E-06 6.75E-06   0.029 1.0000 6.8594E-06   1011.092
13681.00 0.97175336 0.0000E+00 0.0000E+00 0.0000E+00 1.0673E-08 1.0673E-08 0.0000E+00 0.0000E+00 1.0673E-08 6.45E-06 6.64E-06   0.029 1.0000 6.7477E-06   1010.962
13691.00 0.97162384 0.0000E+00 0.0000E+00 0.0000E+00 1.0981E-08 1.0981E-08 0.0000E+00 0.0000E+00 1.0981E-08 6.62E-06 6.81E-06   0.029 1.0000 6.9298E-06   1013.067
13701.00 0.97153455 0.0000E+00 0.0000E+00 0.0000E+00 1.0937E-08 1.0937E-08 0.0000E+00 0.0000E+00 1.0937E-08 6.58E-06 6.77E-06   0.029 1.0000 6.8895E-06   1013.485
13711.00 0.97133499 0.0000E+00 0.0000E+00 0.0000E+00 1.0467E-08 1.0467E-08 0.0000E+00 0.0000E+00 1.0467E-08 6.29E-06 6.47E-06   0.029 1.0000 6.5819E-06   1011.824
13721.00 0.97124100 0.0000E+00 0.0000E+00 0.0000E+00 1.0604E-08 1.0604E-08 0.0000E+00 0.0000E+00 1.0604E-08 6.35E-06 6.54E-06   0.029 1.0000 6.6556E-06   1013.124
13731.00 0.97108638 0.0000E+00 0.0000E+00 0.0000E+00 1.0936E-08 1.0936E-08 0.0000E+00 0.0000E+00 1.0936E-08 6.54E-06 6.73E-06   0.029 1.0000 6.8519E-06   1015.356
13741.00 0.97086227 0.0000E+00 0.0000E+00 0.0000E+00 1.1014E-08 1.1014E-08 0.0000E+00 0.0000E+00 1.1014E-08 6.57E-06 6.77E-06   0.030 1.0000 6.8890E-06   1016.352
13751.00 0.97080123 0.0000E+00 0.0000E+00 0.0000E+00 1.1167E-08 1.1167E-08 0.0000E+00 0.0000E+00 1.1167E-08 6.65E-06 6.85E-06   0.030 1.0000 6.9714E-06   1017.698
13761.00 0.97061229 0.0000E+00 0.0000E+00 0.0000E+00 1.1072E-08 1.1072E-08 0.0000E+00 0.0000E+00 1.1072E-08 6.58E-06 6.78E-06   0.030 1.0000 6.9003E-06   1017.877
13771.00 0.97056866 0.0000E+00 0.0000E+00 0.0000E+00 1.0986E-08 1.0986E-08 0.0000E+00 0.0000E+00 1.0986E-08 6.52E-06 6.71E-06   0.030 1.0000 6.8340E-06   1018.098
13781.00 0.97036439 0.0000E+00 0.0000E+00 0.0000E+00 1.1138E-08 1.1138E-08 0.0000E+00 0.0000E+00 1.1138E-08 6.59E-06 6.79E-06   0.030 1.0000 6.9166E-06   1019.441
13791.00 0.97025472 0.0000E+00 0.0000E+00 0.0000E+00 1.1094E-08 1.1094E-08 0.0000E+00 0.0000E+00 1.1094E-08 6.55E-06 6.75E-06   0.030 1.0000 6.8767E-06   1019.859
13801.00 0.97004724 0.0000E+00 0.0000E+00 0.0000E+00 1.1119E-08 1.1119E-08 0.0000E+00 0.0000E+00 1.1119E-08 6.55E-06 6.76E-06   0.030 1.0000 6.8804E-06   1020.601
13811.00 0.96992159 0.0000E+00 0.0000E+00 0.0000E+00 1.1162E-08 1.1162E-08 0.0000E+00 0.0000E+00 1.1162E-08 6.57E-06 6.77E-06   0.031 1.0000 6.8949E-06   1021.432
13821.00 0.96970445 0.0000E+00 0.0000E+00 0.0000E+00 1.1266E-08 1.1266E-08 0.0000E+00 0.0000E+00 1.1266E-08 6.61E-06 6.82E-06   0.031 1.0000 6.9471E-06   1022.543
13831.00 0.96969450 0.0000E+00 0.0000E+00 0.0000E+00 1.1178E-08 1.1178E-08 0.0000E+00 0.0000E+00 1.1178E-08 6.55E-06 6.75E-06   0.031 1.0000 6.8800E-06   1022.759
13841.00 0.96955013 0.0000E+00 0.0000E+00 0.0000E+00 1.0836E-08 1.0836E-08 0.0000E+00 0.0000E+00 1.0836E-08 6.33E-06 6.53E-06   0.031 1.0000 6.6572E-06   1021.750
13851.00 0.96940160 0.0000E+00 0.0000E+00 0.0000E+00 1.1200E-08 1.1200E-08 0.0000E+00 0.0000E+00 1.1200E-08 6.53E-06 6.74E-06   0.031 1.0000 6.8689E-06   1024.111
13861.00 0.96922964 0.0000E+00 0.0000E+00 0.0000E+00 1.1180E-08 1.1180E-08 0.0000E+00 0.0000E+00 1.1180E-08 6.51E-06 6.72E-06   0.031 1.0000 6.8448E-06   1024.641
13871.00 0.96891516 0.0000E+00 0.0000E+00 0.0000E+00 1.0808E-08 1.0808E-08 0.0000E+00 0.0000E+00 1.0808E-08 6.28E-06 6.48E-06   0.032 1.0000 6.6067E-06   1023.487
13881.00 0.96864861 0.0000E+00 0.0000E+00 0.0000E+00 1.1214E-08 1.1214E-08 0.0000E+00 0.0000E+00 1.1214E-08 6.50E-06 6.71E-06   0.032 1.0000 6.8443E-06   1026.054
13891.00 0.96854919 0.0000E+00 0.0000E+00 0.0000E+00 1.1113E-08 1.1113E-08 0.0000E+00 0.0000E+00 1.1113E-08 6.43E-06 6.64E-06   0.032 1.0000 6.7708E-06   1026.203
13901.00 0.96830064 0.0000E+00 0.0000E+00 0.0000E+00 1.0895E-08 1.0895E-08 0.0000E+00 0.0000E+00 1.0895E-08 6.29E-06 6.50E-06   0.032 1.0000 6.6271E-06   1025.783
13911.00 0.96806520 0.0000E+00 0.0000E+00 0.0000E+00 1.0849E-08 1.0849E-08 0.0000E+00 0.0000E+00 1.0849E-08 6.25E-06 6.46E-06   0.032 1.0000 6.5880E-06   1026.183
13921.00 0.96798700 0.0000E+00 0.0000E+00 0.0000E+00 1.1003E-08 1.1003E-08 0.0000E+00 0.0000E+00 1.1003E-08 6.33E-06 6.53E-06   0.033 1.0000 6.6696E-06   1027.551
13931.00 0.96785235 0.0000E+00 0.0000E+00 0.0000E+00 1.1234E-08 1.1234E-08 0.0000E+00 0.0000E+00 1.1234E-08 6.45E-06 6.66E-06   0.033 1.0000 6.7975E-06   1029.271
13941.00 0.96771806 0.0000E+00 0.0000E+00 0.0000E+00 1.1459E-08 1.1459E-08 0.0000E+00 0.0000E+00 1.1459E-08 6.56E-06 6.78E-06   0.033 1.0000 6.9216E-06   1030.947
13951.00 0.96760488 0.0000E+00 0.0000E+00 0.0000E+00 1.1010E-08 1.1010E-08 0.0000E+00 0.0000E+00 1.1010E-08 6.29E-06 6.50E-06   0.033 1.0000 6.6387E-06   1029.459
13961.00 0.96748221 0.0000E+00 0.0000E+00 0.0000E+00 1.1322E-08 1.1322E-08 0.0000E+00 0.0000E+00 1.1322E-08 6.46E-06 6.67E-06   0.033 1.0000 6.8145E-06   1031.562
13971.00 0.96736091 0.0000E+00 0.0000E+00 0.0000E+00 1.1388E-08 1.1388E-08 0.0000E+00 0.0000E+00 1.1388E-08 6.48E-06 6.70E-06   0.033 1.0000 6.8419E-06   1032.494
13981.00 0.96725440 0.0000E+00 0.0000E+00 0.0000E+00 1.1093E-08 1.1093E-08 0.0000E+00 0.0000E+00 1.1093E-08 6.30E-06 6.51E-06   0.033 1.0000 6.6525E-06   1031.727
13991.00 0.96715999 0.0000E+00 0.0000E+00 0.0000E+00 1.1191E-08 1.1191E-08 0.0000E+00 0.0000E+00 1.1191E-08 6.34E-06 6.56E-06   0.033 1.0000 6.6990E-06   1032.820
14001.00 0.96707338 0.0000E+00 0.0000E+00 0.0000E+00 1.1543E-08 1.1543E-08 0.0000E+00 0.0000E+00 1.1543E-08 6.53E-06 6.75E-06   0.033 1.0000 6.8966E-06   1035.086
14011.00 0.96700197 0.0000E+00 0.0000E+00 0.0000E+00 1.1503E-08 1.1503E-08 0.0000E+00 0.0000E+00 1.1503E-08 6.49E-06 6.72E-06   0.034 1.0000 6.8603E-06   1035.530
14021.00 0.96694082 0.0000E+00 0.0000E+00 0.0000E+00 1.1264E-08 1.1264E-08 0.0000E+00 0.0000E+00 1.1264E-08 6.35E-06 6.56E-06   0.034 1.0000 6.7046E-06   1035.037
14031.00 0.96687096 0.0000E+00 0.0000E+00 0.0000E+00 1.1455E-08 1.1455E-08 0.0000E+00 0.0000E+00 1.1455E-08 6.44E-06 6.66E-06   0.034 1.0000 6.8054E-06   1036.555
14041.00 0.96678829 0.0000E+00 0.0000E+00 0.0000E+00 1.1458E-08 1.1458E-08 0.0000E+00 0.0000E+00 1.1458E-08 6.43E-06 6.65E-06   0.034 1.0000 6.7943E-06   1037.193
14051.00 0.96670026 0.0000E+00 0.0000E+00 0.0000E+00 1.1465E-08 1.1465E-08 0.0000E+00 0.0000E+00 1.1465E-08 6.42E-06 6.64E-06   0.034 1.0000 6.7860E-06   1037.850
14061.00 0.96660823 0.0000E+00 0.0000E+00 0.0000E+00 1.1511E-08 1.1511E-08 0.0000E+00 0.0000E+00 1.1511E-08 6.43E-06 6.66E-06   0.034 1.0000 6.8011E-06   1038.693
14071.00 0.96651417 0.0000E+00 0.0000E+00 0.0000E+00 1.1722E-08 1.1722E-08 0.0000E+00 0.0000E+00 1.1722E-08 6.54E-06 6.76E-06   0.034 1.0000 6.9130E-06   1040.287
14081.00 0.96641898 0.0000E+00 0.0000E+00 0.0000E+00 1.1759E-08 1.1759E-08 0.0000E+00 0.0000E+00 1.1759E-08 6.55E-06 6.77E-06   0.034 1.0000 6.9222E-06   1041.081
14091.00 0.96629447 0.0000E+00 0.0000E+00 0.0000E+00 1.1654E-08 1.1654E-08 0.0000E+00 0.0000E+00 1.1654E-08 6.47E-06 6.70E-06   0.034 1.0000 6.8480E-06   1041.225
14101.00 0.96616501 0.0000E+00 0.0000E+00 0.0000E+00 1.1539E-08 1.1539E-08 0.0000E+00 0.0000E+00 1.1539E-08 6.40E-06 6.62E-06   0.034 1.0000 6.7686E-06   1041.321
14111.00 0.96606952 0.0000E+00 0.0000E+00 0.0000E+00 1.1512E-08 1.1512E-08 0.0000E+00 0.0000E+00 1.1512E-08 6.37E-06 6.59E-06   0.035 1.0000 6.7405E-06   1041.822
14121.00 0.96594298 0.0000E+00 0.0000E+00 0.0000E+00 1.1864E-08 1.1864E-08 0.0000E+00 0.0000E+00 1.1864E-08 6.55E-06 6.78E-06   0.035 1.0000 6.9338E-06   1044.057
14131.00 0.96580100 0.0000E+00 0.0000E+00 0.0000E+00 1.1846E-08 1.1846E-08 0.0000E+00 0.0000E+00 1.1846E-08 6.53E-06 6.76E-06   0.035 1.0000 6.9114E-06   1044.601
14141.00 0.96569091 0.0000E+00 0.0000E+00 0.0000E+00 1.1451E-08 1.1451E-08 0.0000E+00 0.0000E+00 1.1451E-08 6.30E-06 6.52E-06   0.035 1.0000 6.6690E-06   1043.410
14151.00 0.96558017 0.0000E+00 0.0000E+00 0.0000E+00 1.1760E-08 1.1760E-08 0.0000E+00 0.0000E+00 1.1760E-08 6.45E-06 6.68E-06   0.035 1.0000 6.8364E-06   1045.461
14161.00 0.96546578 0.0000E+00 0.0000E+00 0.0000E+00 1.1764E-08 1.1764E-08 0.0000E+00 0.0000E+00 1.1764E-08 6.44E-06 6.67E-06   0.035 1.0000 6.8263E-06   1046.102
14171.00 0.96534455 0.0000E+00 0.0000E+00 0.0000E+00 1.1777E-08 1.1777E-08 0.0000E+00 0.0000E+00 1.1777E-08 6.44E-06 6.67E-06   0.035 1.0000 6.8218E-06   1046.788
14181.00 0.96520466 0.0000E+00 0.0000E+00 0.0000E+00 1.1961E-08 1.1961E-08 0.0000E+00 0.0000E+00 1.1961E-08 6.52E-06 6.76E-06   0.035 1.0000 6.9162E-06   1048.246
14191.00 0.96508670 0.0000E+00 0.0000E+00 0.0000E+00 1.1955E-08 1.1955E-08 0.0000E+00 0.0000E+00 1.1955E-08 6.51E-06 6.74E-06   0.036 1.0000 6.9005E-06   1048.845
14201.00 0.96494621 0.0000E+00 0.0000E+00 0.0000E+00 1.1816E-08 1.1816E-08 0.0000E+00 0.0000E+00 1.1816E-08 6.42E-06 6.65E-06   0.036 1.0000 6.8083E-06   1048.839
14211.00 0.96482056 0.0000E+00 0.0000E+00 0.0000E+00 1.1821E-08 1.1821E-08 0.0000E+00 0.0000E+00 1.1821E-08 6.41E-06 6.64E-06   0.036 1.0000 6.7993E-06   1049.489
14221.00 0.96467066 0.0000E+00 0.0000E+00 0.0000E+00 1.1842E-08 1.1842E-08 0.0000E+00 0.0000E+00 1.1842E-08 6.41E-06 6.64E-06   0.036 1.0000 6.7995E-06   1050.208
14231.00 0.96451610 0.0000E+00 0.0000E+00 0.0000E+00 1.1673E-08 1.1673E-08 0.0000E+00 0.0000E+00 1.1673E-08 6.30E-06 6.53E-06   0.036 1.0000 6.6909E-06   1050.059
14241.00 0.96435815 0.0000E+00 0.0000E+00 0.0000E+00 1.1770E-08 1.1770E-08 0.0000E+00 0.0000E+00 1.1770E-08 6.34E-06 6.58E-06   0.036 1.0000 6.7352E-06   1051.130
14251.00 0.96420932 0.0000E+00 0.0000E+00 0.0000E+00 1.1527E-08 1.1527E-08 0.0000E+00 0.0000E+00 1.1527E-08 6.20E-06 6.43E-06   0.036 1.0000 6.5845E-06   1050.629
14261.00 0.96407282 0.0000E+00 0.0000E+00 0.0000E+00 1.1852E-08 1.1852E-08 0.0000E+00 0.0000E+00 1.1852E-08 6.36E-06 6.60E-06   0.037 1.0000 6.7582E-06   1052.751
14271.00 0.96388853 0.0000E+00 0.0000E+00 0.0000E+00 1.1802E-08 1.1802E-08 0.0000E+00 0.0000E+00 1.1802E-08 6.32E-06 6.56E-06   0.037 1.0000 6.7184E-06   1053.146
14281.00 0.96372139 0.0000E+00 0.0000E+00 0.0000E+00 1.1828E-08 1.1828E-08 0.0000E+00 0.0000E+00 1.1828E-08 6.32E-06 6.56E-06   0.037 1.0000 6.7221E-06   1053.891
 -9999.
