T F 2    2    2    1    2    2    2    2    2    2    1    0    0 294.200   0.40
    1    1    1    0   18    0  10.00000   0.00000   0.00000   0.00000   0.00000
   1.000  10.000   0.140
 -99.00000 -99.00000 -99.00000  2.922432  0.000710 ! H2O & O3 COLUMNS [GM/CM2]
   40MID-LATITUDE SUMMER 
  20.00000   0.00000 180.00000  20.00000   0.00000   0.00000    0        0.00000
    0    2    1    0
   0.00000   0.00000   0.00000  20.00044   0.00000 270.00000   0.00000   0.00000
    9091.0   14286.0      10.0      10.0RN              
    0   0    0.000  0    0.000  0    1.000
    FREQ  TOT_TRANS  PTH_THRML  THRML_SCT  SURF_EMIS   SOL_SCAT  SING_SCAT  GRND_RFLT  DRCT_RFLT  TOTAL_RAD  REF_SOL  SOL@OBS   DEPTH DIR_EM    TOA_SUN BBODY_T[K]
 9091.00 0.52343386 8.6266E-21            1.3815E-20 1.4372E-07 1.8891E-08 3.5736E-07 2.5232E-07 5.0108E-07 2.11E-06 7.38E-06   0.647 0.6000 7.3883E-06    908.627
 9101.00 0.55089098 7.8131E-21            1.3885E-20 1.5666E-07 1.9174E-08 3.8072E-07 2.6571E-07 5.3737E-07 2.22E-06 7.20E-06   0.596 0.6000 7.2084E-06    913.856
 9111.00 0.58402222 6.8827E-21            1.4051E-20 1.8357E-07 2.0231E-08 4.3128E-07 2.9704E-07 6.1485E-07 2.48E-06 7.22E-06   0.538 0.6000 7.2268E-06    923.326
 9121.00 0.58371127 6.5309E-21            1.3449E-20 1.8371E-07 2.0220E-08 4.3098E-07 2.9666E-07 6.1470E-07 2.48E-06 7.21E-06   0.538 0.6000 7.2128E-06    924.109
 9131.00 0.57676464 6.3566E-21            1.2678E-20 1.7735E-07 1.9933E-08 4.1779E-07 2.8795E-07 5.9513E-07 2.41E-06 7.16E-06   0.550 0.6000 7.1706E-06    922.807
 9141.00 0.61122805 5.6157E-21            1.2833E-20 1.9254E-07 2.0078E-08 4.4460E-07 3.0387E-07 6.3714E-07 2.54E-06 6.87E-06   0.492 0.6000 6.8786E-06    928.050
 9151.00 0.57812953 5.7760E-21            1.1603E-20 1.8684E-07 2.0525E-08 4.3458E-07 2.9920E-07 6.2142E-07 2.50E-06 7.32E-06   0.548 0.6000 7.3243E-06    927.216
 9161.00 0.64198661 4.6581E-21            1.2308E-20 2.3571E-07 2.2627E-08 5.2847E-07 3.5736E-07 7.6417E-07 2.99E-06 7.39E-06   0.443 0.6000 7.4023E-06    941.726
 9171.00 0.60213274 4.9407E-21            1.1033E-20 2.0707E-07 2.1675E-08 4.7563E-07 3.2496E-07 6.8270E-07 2.72E-06 7.45E-06   0.507 0.6000 7.4596E-06    935.003
 9181.00 0.61953151 4.5513E-21            1.0841E-20 2.1434E-07 2.1833E-08 4.8855E-07 3.3240E-07 7.0290E-07 2.78E-06 7.33E-06   0.479 0.6000 7.3374E-06    937.743
 9191.00 0.63942218 4.0933E-21            1.0693E-20 2.3163E-07 2.2405E-08 5.1781E-07 3.4975E-07 7.4944E-07 2.92E-06 7.31E-06   0.447 0.6000 7.3153E-06    942.838
 9201.00 0.61273801 4.2209E-21            9.7952E-21 2.0872E-07 2.1452E-08 4.7468E-07 3.2322E-07 6.8340E-07 2.70E-06 7.23E-06   0.490 0.6000 7.2365E-06    937.480
 9211.00 0.61567760 3.9965E-21            9.3894E-21 2.1990E-07 2.2378E-08 4.9772E-07 3.3822E-07 7.1762E-07 2.83E-06 7.49E-06   0.485 0.6000 7.5017E-06    941.539
 9221.00 0.62990594 3.6752E-21            9.1881E-21 2.2781E-07 2.2626E-08 5.1150E-07 3.4605E-07 7.3930E-07 2.89E-06 7.43E-06   0.462 0.6000 7.4389E-06    944.340
 9231.00 0.62783808 3.5238E-21            8.7417E-21 2.2309E-07 2.2063E-08 4.9872E-07 3.3745E-07 7.2182E-07 2.82E-06 7.25E-06   0.465 0.6000 7.2538E-06    943.538
 9241.00 0.64400995 3.2031E-21            8.5741E-21 2.3600E-07 2.2540E-08 5.2133E-07 3.5078E-07 7.5733E-07 2.93E-06 7.23E-06   0.440 0.6000 7.2418E-06    947.575
 9251.00 0.62956709 3.2089E-21            8.0056E-21 2.2786E-07 2.2560E-08 5.0892E-07 3.4404E-07 7.3678E-07 2.88E-06 7.36E-06   0.463 0.6000 7.3662E-06    946.525
 9261.00 0.63713866 2.9869E-21            7.7367E-21 2.3910E-07 2.3135E-08 5.2852E-07 3.5598E-07 7.6762E-07 2.98E-06 7.46E-06   0.451 0.6000 7.4664E-06    950.100
 9271.00 0.64887166 2.7455E-21            7.5313E-21 2.4525E-07 2.3120E-08 5.3656E-07 3.5981E-07 7.8182E-07 3.01E-06 7.33E-06   0.433 0.6000 7.3400E-06    952.151
 9281.00 0.62781477 2.7985E-21            6.9601E-21 2.3362E-07 2.3052E-08 5.1677E-07 3.4824E-07 7.5039E-07 2.91E-06 7.50E-06   0.466 0.6000 7.5074E-06    950.176
 9291.00 0.65098196 2.4803E-21            6.8950E-21 2.5356E-07 2.3730E-08 5.5160E-07 3.6911E-07 8.0515E-07 3.08E-06 7.48E-06   0.429 0.6000 7.4866E-06    955.770
 9301.00 0.64037919 2.4569E-21            6.4821E-21 2.3854E-07 2.2952E-08 5.2332E-07 3.5143E-07 7.6185E-07 2.94E-06 7.32E-06   0.446 0.6000 7.3267E-06    952.813
 9311.00 0.64590812 2.2995E-21            6.2424E-21 2.4895E-07 2.3565E-08 5.4221E-07 3.6307E-07 7.9116E-07 3.03E-06 7.45E-06   0.437 0.6000 7.4561E-06    956.188
 9321.00 0.64405853 2.2045E-21            5.9491E-21 2.4291E-07 2.3188E-08 5.2997E-07 3.5475E-07 7.7289E-07 2.96E-06 7.34E-06   0.440 0.6000 7.3505E-06    955.401
 9331.00 0.64522219 2.0943E-21            5.6923E-21 2.4895E-07 2.3675E-08 5.4187E-07 3.6232E-07 7.9082E-07 3.03E-06 7.47E-06   0.438 0.6000 7.4831E-06    957.772
 9341.00 0.64498913 1.9954E-21            5.4373E-21 2.4824E-07 2.3593E-08 5.3947E-07 3.6045E-07 7.8771E-07 3.01E-06 7.44E-06   0.439 0.6000 7.4501E-06    958.309
 9351.00 0.64069653 1.9305E-21            5.1589E-21 2.3444E-07 2.2566E-08 5.1140E-07 3.4200E-07 7.4584E-07 2.86E-06 7.15E-06   0.445 0.6000 7.1583E-06    955.396
 9361.00 0.64344698 1.8134E-21            4.9502E-21 2.4482E-07 2.3357E-08 5.3201E-07 3.5509E-07 7.7684E-07 2.97E-06 7.37E-06   0.441 0.6000 7.3810E-06    958.972
 9371.00 0.64201844 1.7390E-21            4.7182E-21 2.4707E-07 2.3662E-08 5.3681E-07 3.5825E-07 7.8389E-07 2.99E-06 7.47E-06   0.443 0.6000 7.4787E-06    960.395
 9381.00 0.64334196 1.6506E-21            4.5169E-21 2.4789E-07 2.3631E-08 5.3687E-07 3.5787E-07 7.8476E-07 2.99E-06 7.43E-06   0.441 0.6000 7.4430E-06    961.277
 9391.00 0.64192969 1.5854E-21            4.3055E-21 2.5119E-07 2.4042E-08 5.4376E-07 3.6242E-07 7.9495E-07 3.03E-06 7.56E-06   0.443 0.6000 7.5710E-06    962.968
 9401.00 0.64381081 1.5068E-21            4.1252E-21 2.5215E-07 2.3983E-08 5.4350E-07 3.6185E-07 7.9565E-07 3.02E-06 7.50E-06   0.440 0.6000 7.5142E-06    963.834
 9411.00 0.64328611 1.4455E-21            3.9376E-21 2.5163E-07 2.3969E-08 5.4146E-07 3.6038E-07 7.9310E-07 3.01E-06 7.49E-06   0.441 0.6000 7.4958E-06    964.419
 9421.00 0.64482355 1.3754E-21            3.7706E-21 2.5350E-07 2.4020E-08 5.4334E-07 3.6127E-07 7.9684E-07 3.02E-06 7.47E-06   0.439 0.6000 7.4780E-06    965.549
 9431.00 0.64520234 1.3137E-21            3.6042E-21 2.5327E-07 2.3959E-08 5.4142E-07 3.5976E-07 7.9468E-07 3.01E-06 7.43E-06   0.438 0.6000 7.4376E-06    966.168
 9441.00 0.64545292 1.2556E-21            3.4445E-21 2.5353E-07 2.3959E-08 5.4067E-07 3.5905E-07 7.9420E-07 3.00E-06 7.41E-06   0.438 0.6000 7.4170E-06    966.932
 9451.00 0.64610165 1.1994E-21            3.2938E-21 2.5602E-07 2.4141E-08 5.4433E-07 3.6126E-07 8.0036E-07 3.02E-06 7.44E-06   0.437 0.6000 7.4469E-06    968.269
 9461.00 0.64701957 1.1447E-21            3.1510E-21 2.6195E-07 2.4626E-08 5.5512E-07 3.6816E-07 8.1706E-07 3.08E-06 7.56E-06   0.435 0.6000 7.5672E-06    970.503
 9471.00 0.64764637 1.0933E-21            3.0131E-21 2.6345E-07 2.4715E-08 5.5668E-07 3.6897E-07 8.2013E-07 3.08E-06 7.56E-06   0.434 0.6000 7.5686E-06    971.568
 9481.00 0.64827687 1.0427E-21            2.8812E-21 2.6470E-07 2.4778E-08 5.5770E-07 3.6941E-07 8.2240E-07 3.09E-06 7.55E-06   0.433 0.6000 7.5627E-06    972.566
 9491.00 0.64871633 9.9573E-22            2.7542E-21 2.6374E-07 2.4648E-08 5.5426E-07 3.6692E-07 8.1800E-07 3.07E-06 7.49E-06   0.433 0.6000 7.5010E-06    973.001
 9501.00 0.64877898 9.5206E-22            2.6314E-21 2.6594E-07 2.4844E-08 5.5774E-07 3.6905E-07 8.2368E-07 3.08E-06 7.53E-06   0.433 0.6000 7.5429E-06    974.286
 9511.00 0.64894438 9.1006E-22            2.5143E-21 2.6705E-07 2.4929E-08 5.5883E-07 3.6958E-07 8.2588E-07 3.09E-06 7.54E-06   0.432 0.6000 7.5499E-06    975.278
 9521.00 0.64909232 8.6922E-22            2.4024E-21 2.6771E-07 2.4972E-08 5.5907E-07 3.6955E-07 8.2678E-07 3.09E-06 7.54E-06   0.432 0.6000 7.5456E-06    976.160
 9531.00 0.64905244 8.3068E-22            2.2948E-21 2.6885E-07 2.5074E-08 5.6044E-07 3.7027E-07 8.2928E-07 3.09E-06 7.55E-06   0.432 0.6000 7.5615E-06    977.176
 9541.00 0.64929223 7.9424E-22            2.1930E-21 2.6989E-07 2.5148E-08 5.6124E-07 3.7060E-07 8.3113E-07 3.10E-06 7.55E-06   0.432 0.6000 7.5625E-06    978.138
 9551.00 0.64917922 7.5935E-22            2.0945E-21 2.6785E-07 2.4961E-08 5.5604E-07 3.6700E-07 8.2389E-07 3.07E-06 7.48E-06   0.432 0.6000 7.4917E-06    978.334
 9561.00 0.64907891 7.2583E-22            2.0005E-21 2.6551E-07 2.4743E-08 5.5022E-07 3.6298E-07 8.1572E-07 3.03E-06 7.40E-06   0.432 0.6000 7.4123E-06    978.445
 9571.00 0.64885682 6.9411E-22            1.9104E-21 2.7080E-07 2.5249E-08 5.6033E-07 3.6950E-07 8.3113E-07 3.09E-06 7.54E-06   0.433 0.6000 7.5504E-06    980.555
 9581.00 0.64881295 6.6328E-22            1.8248E-21 2.7176E-07 2.5334E-08 5.6130E-07 3.6996E-07 8.3306E-07 3.09E-06 7.55E-06   0.433 0.6000 7.5610E-06    981.523
 9591.00 0.64847642 6.3443E-22            1.7422E-21 2.7014E-07 2.5205E-08 5.5720E-07 3.6711E-07 8.2734E-07 3.07E-06 7.50E-06   0.433 0.6000 7.5108E-06    981.847
 9601.00 0.64805245 6.0698E-22            1.6632E-21 2.7267E-07 2.5472E-08 5.6176E-07 3.6998E-07 8.3443E-07 3.09E-06 7.57E-06   0.434 0.6000 7.5795E-06    983.249
 9611.00 0.64801508 5.7989E-22            1.5887E-21 2.7165E-07 2.5370E-08 5.5866E-07 3.6775E-07 8.3031E-07 3.07E-06 7.53E-06   0.434 0.6000 7.5350E-06    983.707
 9621.00 0.64774084 5.5450E-22            1.5169E-21 2.7174E-07 2.5394E-08 5.5803E-07 3.6718E-07 8.2977E-07 3.07E-06 7.52E-06   0.434 0.6000 7.5299E-06    984.467
 9631.00 0.64744031 5.3033E-22            1.4484E-21 2.7181E-07 2.5419E-08 5.5737E-07 3.6659E-07 8.2918E-07 3.06E-06 7.52E-06   0.435 0.6000 7.5249E-06    985.222
 9641.00 0.64714801 5.0692E-22            1.3829E-21 2.7030E-07 2.5292E-08 5.5347E-07 3.6386E-07 8.2377E-07 3.04E-06 7.47E-06   0.435 0.6000 7.4759E-06    985.569
 9651.00 0.64673173 4.8516E-22            1.3202E-21 2.7451E-07 2.5715E-08 5.6134E-07 3.6890E-07 8.3585E-07 3.08E-06 7.58E-06   0.436 0.6000 7.5893E-06    987.394
 9661.00 0.64689302 4.6327E-22            1.2614E-21 2.7212E-07 2.5469E-08 5.5531E-07 3.6472E-07 8.2743E-07 3.05E-06 7.49E-06   0.436 0.6000 7.4997E-06    987.487
 9671.00 0.64619726 4.4360E-22            1.2036E-21 2.7193E-07 2.5502E-08 5.5439E-07 3.6401E-07 8.2632E-07 3.04E-06 7.49E-06   0.437 0.6000 7.5015E-06    988.198
 9681.00 0.64596552 4.2413E-22            1.1493E-21 2.7152E-07 2.5474E-08 5.5270E-07 3.6273E-07 8.2422E-07 3.03E-06 7.47E-06   0.437 0.6000 7.4807E-06    988.823
 9691.00 0.64521551 4.0612E-22            1.0966E-21 2.7506E-07 2.5861E-08 5.5942E-07 3.6704E-07 8.3448E-07 3.07E-06 7.58E-06   0.438 0.6000 7.5873E-06    990.496
 9701.00 0.64456385 3.8890E-22            1.0464E-21 2.7446E-07 2.5853E-08 5.5764E-07 3.6577E-07 8.3210E-07 3.06E-06 7.57E-06   0.439 0.6000 7.5768E-06    991.100
 9711.00 0.64445525 3.7158E-22            9.9940E-22 2.7433E-07 2.5844E-08 5.5650E-07 3.6484E-07 8.3083E-07 3.05E-06 7.55E-06   0.439 0.6000 7.5604E-06    991.796
 9721.00 0.64218396 3.5767E-22            9.5127E-22 2.7229E-07 2.5834E-08 5.5289E-07 3.6256E-07 8.2518E-07 3.03E-06 7.56E-06   0.443 0.6000 7.5664E-06    992.120
 9731.00 0.63991308 3.4414E-22            9.0549E-22 2.7169E-07 2.5949E-08 5.5209E-07 3.6213E-07 8.2378E-07 3.03E-06 7.60E-06   0.446 0.6000 7.6088E-06    992.803
 9741.00 0.64226520 3.2619E-22            8.6807E-22 2.7465E-07 2.6036E-08 5.5567E-07 3.6398E-07 8.3032E-07 3.04E-06 7.58E-06   0.443 0.6000 7.5946E-06    994.164
 9751.00 0.64175349 3.1209E-22            8.2851E-22 2.7497E-07 2.6107E-08 5.5577E-07 3.6392E-07 8.3074E-07 3.04E-06 7.60E-06   0.444 0.6000 7.6062E-06    995.002
 9761.00 0.63942093 3.0024E-22            7.8868E-22 2.7246E-07 2.6027E-08 5.5088E-07 3.6081E-07 8.2334E-07 3.02E-06 7.58E-06   0.447 0.6000 7.5918E-06    995.175
 9771.00 0.63456595 2.9145E-22            7.4742E-22 2.6749E-07 2.5944E-08 5.4297E-07 3.5602E-07 8.1046E-07 2.98E-06 7.59E-06   0.455 0.6000 7.6047E-06    994.866
 9781.00 0.64044082 2.7308E-22            7.2061E-22 2.7224E-07 2.5917E-08 5.4797E-07 3.5840E-07 8.2021E-07 3.00E-06 7.51E-06   0.446 0.6000 7.5202E-06    996.511
 9791.00 0.64012611 2.6119E-22            6.8797E-22 2.7207E-07 2.5934E-08 5.4704E-07 3.5763E-07 8.1911E-07 2.99E-06 7.50E-06   0.446 0.6000 7.5133E-06    997.218
 9801.00 0.64027756 2.4926E-22            6.5736E-22 2.7360E-07 2.6052E-08 5.4897E-07 3.5868E-07 8.2257E-07 3.00E-06 7.52E-06   0.446 0.6000 7.5312E-06    998.318
 9811.00 0.63495630 2.4205E-22            6.2262E-22 2.6531E-07 2.5627E-08 5.3379E-07 3.4909E-07 7.9910E-07 2.92E-06 7.44E-06   0.454 0.6000 7.4494E-06    997.078
 9821.00 0.64126760 2.2675E-22            6.0068E-22 2.7635E-07 2.6219E-08 5.5187E-07 3.6008E-07 8.2822E-07 3.01E-06 7.53E-06   0.444 0.6000 7.5386E-06   1000.407
 9831.00 0.63865244 2.1844E-22            5.7140E-22 2.7417E-07 2.6227E-08 5.4830E-07 3.5787E-07 8.2246E-07 2.99E-06 7.54E-06   0.448 0.6000 7.5540E-06   1000.715
 9841.00 0.63979125 2.0788E-22            5.4678E-22 2.7551E-07 2.6244E-08 5.4920E-07 3.5815E-07 8.2470E-07 2.99E-06 7.52E-06   0.447 0.6000 7.5312E-06   1001.710
 9851.00 0.63707989 2.0029E-22            5.2005E-22 2.7250E-07 2.6180E-08 5.4408E-07 3.5496E-07 8.1658E-07 2.97E-06 7.52E-06   0.451 0.6000 7.5270E-06   1001.811
 9861.00 0.63842088 1.9052E-22            4.9774E-22 2.7679E-07 2.6475E-08 5.5075E-07 3.5893E-07 8.2754E-07 3.00E-06 7.57E-06   0.449 0.6000 7.5825E-06   1003.557
 9871.00 0.63858134 1.8183E-22            4.7560E-22 2.7795E-07 2.6559E-08 5.5194E-07 3.5950E-07 8.2989E-07 3.00E-06 7.58E-06   0.449 0.6000 7.5902E-06   1004.560
 9881.00 0.63442689 1.7595E-22            4.5130E-22 2.7345E-07 2.6462E-08 5.4460E-07 3.5502E-07 8.1805E-07 2.97E-06 7.58E-06   0.455 0.6000 7.5923E-06   1004.342
 9891.00 0.63713139 1.6670E-22            4.3293E-22 2.7742E-07 2.6625E-08 5.4997E-07 3.5801E-07 8.2739E-07 2.99E-06 7.58E-06   0.451 0.6000 7.5945E-06   1005.949
 9901.00 0.62814820 1.6365E-22            4.0773E-22 2.6741E-07 2.6397E-08 5.3489E-07 3.4916E-07 8.0231E-07 2.92E-06 7.60E-06   0.465 0.6000 7.6106E-06   1004.565
 9911.00 0.62720954 1.5678E-22            3.8875E-22 2.6642E-07 2.6339E-08 5.3204E-07 3.4715E-07 7.9846E-07 2.90E-06 7.58E-06   0.466 0.6000 7.5896E-06   1005.024
 9921.00 0.63250196 1.4740E-22            3.7450E-22 2.7380E-07 2.6618E-08 5.4245E-07 3.5308E-07 8.1625E-07 2.95E-06 7.59E-06   0.458 0.6000 7.5966E-06   1007.388
 9931.00 0.63580304 1.3934E-22            3.5958E-22 2.7668E-07 2.6636E-08 5.4546E-07 3.5447E-07 8.2214E-07 2.96E-06 7.54E-06   0.453 0.6000 7.5522E-06   1008.700
 9941.00 0.63394910 1.3386E-22            3.4246E-22 2.6601E-07 2.5738E-08 5.2445E-07 3.4086E-07 7.9047E-07 2.85E-06 7.29E-06   0.456 0.6000 7.3019E-06   1006.709
 9951.00 0.63353014 1.2810E-22            3.2688E-22 2.6047E-07 2.5231E-08 5.1277E-07 3.3313E-07 7.7325E-07 2.78E-06 7.14E-06   0.456 0.6000 7.1481E-06   1005.949
 9961.00 0.63158482 1.2304E-22            3.1122E-22 2.7160E-07 2.6433E-08 5.3456E-07 3.4728E-07 8.0616E-07 2.90E-06 7.48E-06   0.460 0.6000 7.4944E-06   1009.703
 9971.00 0.63155085 1.1755E-22            2.9734E-22 2.7449E-07 2.6744E-08 5.3979E-07 3.5058E-07 8.1428E-07 2.93E-06 7.56E-06   0.460 0.6000 7.5675E-06   1011.216
 9981.00 0.61960649 1.1668E-22            2.7853E-22 2.6291E-07 2.6576E-08 5.2330E-07 3.4143E-07 7.8622E-07 2.85E-06 7.62E-06   0.479 0.6000 7.6271E-06   1009.521
 9991.00 0.63407105 1.0643E-22            2.7228E-22 2.8086E-07 2.7131E-08 5.4874E-07 3.5566E-07 8.2960E-07 2.97E-06 7.61E-06   0.456 0.6000 7.6202E-06   1014.147
10001.00 0.63015592 1.0293E-22            2.5847E-22 2.7518E-07 2.6902E-08 5.3898E-07 3.4963E-07 8.1416E-07 2.92E-06 7.57E-06   0.462 0.6000 7.5822E-06   1013.604
10011.00 0.63187933 9.7807E-23            2.4753E-22 2.7834E-07 2.7065E-08 5.4332E-07 3.5205E-07 8.2165E-07 2.94E-06 7.58E-06   0.459 0.6000 7.5949E-06   1015.058
10021.00 0.63253504 9.3171E-23            2.3667E-22 2.8056E-07 2.7201E-08 5.4614E-07 3.5359E-07 8.2670E-07 2.96E-06 7.60E-06   0.458 0.6000 7.6120E-06   1016.297
10031.00 0.63256043 8.9021E-23            2.2606E-22 2.8120E-07 2.7259E-08 5.4639E-07 3.5354E-07 8.2759E-07 2.95E-06 7.60E-06   0.458 0.6000 7.6128E-06   1017.174
10041.00 0.63141632 8.5369E-23            2.1554E-22 2.7963E-07 2.7211E-08 5.4322E-07 3.5147E-07 8.2286E-07 2.94E-06 7.59E-06   0.460 0.6000 7.5964E-06   1017.561
10051.00 0.63267547 8.1156E-23            2.0627E-22 2.8210E-07 2.7318E-08 5.4617E-07 3.5300E-07 8.2827E-07 2.95E-06 7.59E-06   0.458 0.6000 7.5992E-06   1018.831
10061.00 0.62962413 7.8279E-23            1.9607E-22 2.7917E-07 2.7297E-08 5.4142E-07 3.5011E-07 8.2059E-07 2.93E-06 7.60E-06   0.463 0.6000 7.6105E-06   1018.962
10071.00 0.61468947 7.8225E-23            1.8282E-22 2.6303E-07 2.6782E-08 5.1527E-07 3.3459E-07 7.7830E-07 2.80E-06 7.59E-06   0.487 0.6000 7.6024E-06   1015.978
10081.00 0.62727237 7.1982E-23            1.7818E-22 2.7633E-07 2.7214E-08 5.3548E-07 3.4619E-07 8.1181E-07 2.89E-06 7.57E-06   0.466 0.6000 7.5822E-06   1019.788
10091.00 0.62094301 7.0050E-23            1.6850E-22 2.6905E-07 2.6963E-08 5.2317E-07 3.3871E-07 7.9222E-07 2.83E-06 7.55E-06   0.477 0.6000 7.5624E-06   1018.837
10101.00 0.60754251 6.9732E-23            1.5741E-22 2.5260E-07 2.6353E-08 4.9607E-07 3.2239E-07 7.4867E-07 2.69E-06 7.50E-06   0.498 0.6000 7.5113E-06   1015.605
10111.00 0.62403506 6.3425E-23            1.5444E-22 2.7085E-07 2.6940E-08 5.2387E-07 3.3855E-07 7.9472E-07 2.83E-06 7.48E-06   0.472 0.6000 7.4926E-06   1020.656
10121.00 0.60681272 6.3672E-23            1.4351E-22 2.5773E-07 2.6755E-08 5.0415E-07 3.2774E-07 7.6188E-07 2.74E-06 7.58E-06   0.500 0.6000 7.5886E-06   1018.438
10131.00 0.59947526 6.2227E-23            1.3529E-22 2.4821E-07 2.6398E-08 4.8825E-07 3.1808E-07 7.3646E-07 2.66E-06 7.54E-06   0.512 0.6000 7.5528E-06   1016.820
10141.00 0.61216408 5.7333E-23            1.3203E-22 2.6120E-07 2.6905E-08 5.0818E-07 3.2930E-07 7.6938E-07 2.75E-06 7.55E-06   0.491 0.6000 7.5589E-06   1020.727
10151.00 0.56579781 6.2101E-23            1.1659E-22 2.1801E-07 2.5498E-08 4.4031E-07 2.9114E-07 6.5832E-07 2.43E-06 7.58E-06   0.570 0.6000 7.5928E-06   1010.505
10161.00 0.57947600 5.6913E-23            1.1395E-22 2.3239E-07 2.5924E-08 4.6077E-07 3.0174E-07 6.9316E-07 2.52E-06 7.56E-06   0.546 0.6000 7.5665E-06   1014.913
10171.00 0.55009204 5.7418E-23            1.0344E-22 2.1270E-07 2.5022E-08 4.2500E-07 2.8052E-07 6.3770E-07 2.34E-06 7.56E-06   0.598 0.6000 7.5666E-06   1009.859
10181.00 0.54423183 5.6085E-23            9.7603E-23 2.0464E-07 2.4946E-08 4.1341E-07 2.7412E-07 6.1805E-07 2.29E-06 7.59E-06   0.608 0.6000 7.6043E-06   1008.469
10191.00 0.56461924 5.1260E-23            9.6750E-23 2.2039E-07 2.5686E-08 4.4051E-07 2.8971E-07 6.6090E-07 2.42E-06 7.60E-06   0.572 0.6000 7.6154E-06   1013.933
10201.00 0.50288516 5.4411E-23            8.2366E-23 1.7802E-07 2.3479E-08 3.6199E-07 2.4226E-07 5.4002E-07 2.02E-06 7.54E-06   0.687 0.6000 7.5497E-06   1000.745
10211.00 0.48405340 5.3438E-23            7.5636E-23 1.6320E-07 2.2742E-08 3.3487E-07 2.2541E-07 4.9806E-07 1.88E-06 7.50E-06   0.726 0.6000 7.5097E-06    996.034
10221.00 0.49298611 5.0245E-23            7.3617E-23 1.7030E-07 2.3135E-08 3.4773E-07 2.3333E-07 5.1803E-07 1.95E-06 7.52E-06   0.707 0.6000 7.5283E-06    999.474
10231.00 0.53434902 4.4886E-23            7.6193E-23 2.0004E-07 2.4674E-08 4.0057E-07 2.6507E-07 6.0061E-07 2.22E-06 7.55E-06   0.627 0.6000 7.5645E-06   1010.408
10241.00 0.44007072 4.8078E-23            6.0004E-23 1.4220E-07 2.1399E-08 2.8921E-07 1.9506E-07 4.3141E-07 1.63E-06 7.50E-06   0.821 0.6000 7.5088E-06    988.739
10251.00 0.45774642 4.5841E-23            5.9485E-23 1.5053E-07 2.2247E-08 3.0812E-07 2.0835E-07 4.5866E-07 1.74E-06 7.59E-06   0.781 0.6000 7.5975E-06    993.593
10261.00 0.45682803 4.3213E-23            5.6806E-23 1.4928E-07 2.1839E-08 3.0280E-07 2.0338E-07 4.5208E-07 1.70E-06 7.46E-06   0.783 0.6000 7.4726E-06    993.400
10271.00 0.45257753 4.1358E-23            5.3606E-23 1.5029E-07 2.1893E-08 3.0249E-07 2.0268E-07 4.5278E-07 1.69E-06 7.49E-06   0.793 0.6000 7.4992E-06    994.276
10281.00 0.49615183 3.7879E-23            5.6178E-23 1.7460E-07 2.3646E-08 3.5148E-07 2.3418E-07 5.2608E-07 1.96E-06 7.58E-06   0.701 0.6000 7.5867E-06   1005.195
10291.00 0.51802641 3.4045E-23            5.6052E-23 1.9646E-07 2.4508E-08 3.8701E-07 2.5433E-07 5.8347E-07 2.13E-06 7.59E-06   0.658 0.6000 7.6000E-06   1013.100
10301.00 0.52503651 3.2229E-23            5.4322E-23 1.9969E-07 2.4579E-08 3.9223E-07 2.5747E-07 5.9192E-07 2.15E-06 7.52E-06   0.644 0.6000 7.5360E-06   1014.880
10311.00 0.50937837 3.2275E-23            5.0235E-23 1.8623E-07 2.4298E-08 3.7072E-07 2.4541E-07 5.5696E-07 2.05E-06 7.57E-06   0.675 0.6000 7.5858E-06   1011.447
10321.00 0.49994713 3.1193E-23            4.7179E-23 1.7835E-07 2.3891E-08 3.5576E-07 2.3573E-07 5.3411E-07 1.97E-06 7.55E-06   0.693 0.6000 7.5612E-06   1009.346
10331.00 0.50748551 2.8283E-23            4.5647E-23 1.9313E-07 2.4057E-08 3.7543E-07 2.4568E-07 5.6856E-07 2.05E-06 7.50E-06   0.678 0.6000 7.5159E-06   1014.433
10341.00 0.38238367 3.1555E-23            3.3016E-23 1.1617E-07 2.0013E-08 2.3418E-07 1.5966E-07 3.5034E-07 1.33E-06 7.55E-06   0.961 0.6000 7.5583E-06    982.746
10351.00 0.36420882 3.1359E-23            2.9838E-23 9.8114E-08 1.9013E-08 2.0278E-07 1.4095E-07 3.0089E-07 1.18E-06 7.40E-06   1.010 0.6000 7.4168E-06    973.724
10361.00 0.36564985 2.9475E-23            2.8703E-23 1.0004E-07 1.9424E-08 2.0884E-07 1.4528E-07 3.0888E-07 1.21E-06 7.50E-06   1.006 0.6000 7.5170E-06    976.152
10371.00 0.33302423 2.6971E-23            2.4936E-23 1.0102E-07 1.8463E-08 1.9924E-07 1.3559E-07 3.0026E-07 1.13E-06 7.49E-06   1.100 0.6000 7.4998E-06    975.102
10381.00 0.38269329 2.6047E-23            2.7403E-23 1.1854E-07 2.0106E-08 2.3550E-07 1.5912E-07 3.5404E-07 1.33E-06 7.49E-06   0.961 0.6000 7.5039E-06    986.476
10391.00 0.27862364 2.6563E-23            1.9001E-23 7.0744E-08 1.6633E-08 1.3770E-07 9.6917E-08 2.0845E-07 8.10E-07 7.48E-06   1.278 0.6000 7.4884E-06    953.872
10401.00 0.34715378 2.5049E-23            2.2688E-23 1.0038E-07 1.9311E-08 2.0007E-07 1.3785E-07 3.0045E-07 1.15E-06 7.58E-06   1.058 0.6000 7.5955E-06    977.410
10411.00 0.31224909 2.3867E-23            1.9436E-23 8.2727E-08 1.7728E-08 1.6370E-07 1.1370E-07 2.4643E-07 9.50E-07 7.47E-06   1.164 0.6000 7.4817E-06    965.665
10421.00 0.22520387 2.2826E-23            1.3450E-23 5.1719E-08 1.5123E-08 9.7461E-08 7.0451E-08 1.4918E-07 5.89E-07 7.58E-06   1.491 0.6000 7.5892E-06    936.129
10431.00 0.27917734 2.1230E-23            1.5825E-23 7.5083E-08 1.7028E-08 1.4497E-07 1.0066E-07 2.2006E-07 8.41E-07 7.60E-06   1.276 0.6000 7.6090E-06    960.158
10441.00 0.34798947 2.0143E-23            1.8876E-23 9.9948E-08 1.9095E-08 1.9779E-07 1.3509E-07 2.9774E-07 1.13E-06 7.49E-06   1.056 0.6000 7.5062E-06    979.850
10451.00 0.22626580 1.9613E-23            1.1724E-23 5.6837E-08 1.5141E-08 1.0185E-07 7.1153E-08 1.5869E-07 5.95E-07 7.50E-06   1.486 0.6000 7.5160E-06    941.951
10461.00 0.23130414 1.8528E-23            1.1465E-23 5.8034E-08 1.5253E-08 1.0627E-07 7.4567E-08 1.6430E-07 6.23E-07 7.47E-06   1.464 0.6000 7.4884E-06    944.739
10471.00 0.24871965 1.8137E-23            1.1773E-23 5.5315E-08 1.5032E-08 1.0448E-07 7.4183E-08 1.5980E-07 6.20E-07 7.08E-06   1.391 0.6000 7.0966E-06    943.825
10481.00 0.27280557 1.7392E-23            1.2276E-23 6.6471E-08 1.6521E-08 1.2701E-07 8.9096E-08 1.9349E-07 7.45E-07 7.38E-06   1.299 0.6000 7.3966E-06    956.013
10491.00 0.23834114 1.6390E-23            1.0321E-23 5.6340E-08 1.5639E-08 1.0558E-07 7.5202E-08 1.6192E-07 6.29E-07 7.52E-06   1.434 0.6000 7.5336E-06    946.072
10501.00 0.15141772 1.4747E-23            6.2245E-24 3.2161E-08 1.2756E-08 4.8338E-08 3.5430E-08 8.0499E-08 2.96E-07 7.57E-06   1.888 0.6000 7.5876E-06    907.078
10511.00 0.32070011 1.5512E-23            1.2562E-23 8.0921E-08 1.8525E-08 1.5855E-07 1.1017E-07 2.3947E-07 9.21E-07 7.55E-06   1.137 0.6000 7.5650E-06    971.352
10521.00 0.19150987 1.2818E-23            7.2656E-24 4.7374E-08 1.4063E-08 8.1077E-08 5.6532E-08 1.2845E-07 4.72E-07 7.55E-06   1.653 0.6000 7.5614E-06    934.709
10531.00 0.20334737 1.2468E-23            7.2232E-24 5.2051E-08 1.4674E-08 9.0141E-08 6.2529E-08 1.4219E-07 5.23E-07 7.60E-06   1.593 0.6000 7.6148E-06    941.339
10541.00 0.23350558 1.2340E-23            8.0404E-24 5.6578E-08 1.5611E-08 1.0305E-07 7.2157E-08 1.5962E-07 6.03E-07 7.59E-06   1.455 0.6000 7.6042E-06    948.882
10551.00 0.20167831 1.1619E-23            6.5815E-24 4.9541E-08 1.4625E-08 8.5499E-08 5.9887E-08 1.3504E-07 5.01E-07 7.58E-06   1.601 0.6000 7.5920E-06    939.781
10561.00 0.20621252 1.1362E-23            6.4516E-24 4.7902E-08 1.4724E-08 8.3529E-08 5.9151E-08 1.3143E-07 4.94E-07 7.54E-06   1.579 0.6000 7.5532E-06    938.932
10571.00 0.16279283 9.9483E-24            4.8466E-24 3.8433E-08 1.3116E-08 5.9881E-08 4.2025E-08 9.8313E-08 3.51E-07 7.52E-06   1.815 0.6000 7.5396E-06    923.099
10581.00 0.22941674 1.0624E-23            6.5503E-24 5.5536E-08 1.5422E-08 9.7821E-08 6.8077E-08 1.5336E-07 5.69E-07 7.47E-06   1.472 0.6000 7.4809E-06    949.429
10591.00 0.14890577 8.6459E-24            4.0134E-24 3.7295E-08 1.2404E-08 5.6423E-08 3.8937E-08 9.3717E-08 3.25E-07 7.37E-06   1.904 0.6000 7.3912E-06    921.850
10601.00 0.19403997 8.7013E-24            5.0694E-24 4.8908E-08 1.4064E-08 8.0595E-08 5.4910E-08 1.2950E-07 4.59E-07 7.46E-06   1.640 0.6000 7.4831E-06    940.970
10611.00 0.23127091 9.2453E-24            5.7124E-24 5.3811E-08 1.5412E-08 9.3372E-08 6.4774E-08 1.4718E-07 5.41E-07 7.46E-06   1.464 0.6000 7.4735E-06    949.186
10621.00 0.25333300 9.1772E-24            6.0086E-24 5.6494E-08 1.5482E-08 1.0090E-07 6.9999E-08 1.5739E-07 5.85E-07 7.13E-06   1.373 0.6000 7.1416E-06    953.889
10631.00 0.25055468 9.0970E-24            5.6597E-24 5.3195E-08 1.6089E-08 9.9355E-08 7.1753E-08 1.5255E-07 6.00E-07 7.38E-06   1.384 0.6000 7.3919E-06    952.762
10641.00 0.33585697 8.5012E-24            7.2459E-24 8.9282E-08 1.9465E-08 1.7203E-07 1.1834E-07 2.6131E-07 9.89E-07 7.53E-06   1.091 0.6000 7.5446E-06    986.559
10651.00 0.21004730 7.0564E-24            4.3647E-24 5.3884E-08 1.4991E-08 9.2220E-08 6.3319E-08 1.4610E-07 5.29E-07 7.55E-06   1.560 0.6000 7.5639E-06    951.661
10661.00 0.11526017 6.3109E-24            2.2703E-24 2.5875E-08 1.1723E-08 3.1250E-08 2.2615E-08 5.7125E-08 1.89E-07 7.57E-06   2.161 0.6000 7.5933E-06    899.917
10671.00 0.10801324 5.9865E-24            2.0274E-24 2.4502E-08 1.1534E-08 2.8444E-08 2.0752E-08 5.2946E-08 1.73E-07 7.57E-06   2.226 0.6000 7.5846E-06    896.616
10681.00 0.12506080 5.8107E-24            2.2599E-24 2.7530E-08 1.1952E-08 3.4929E-08 2.5055E-08 6.2459E-08 2.09E-07 7.48E-06   2.079 0.6000 7.5010E-06    906.051
10691.00 0.15587862 5.5222E-24            2.6638E-24 3.6422E-08 1.3088E-08 5.3863E-08 3.7555E-08 9.0285E-08 3.14E-07 7.51E-06   1.859 0.6000 7.5250E-06    926.881
10701.00 0.07466583 4.3709E-24            1.2311E-24 2.0446E-08 1.0307E-08 1.8438E-08 1.3269E-08 3.8884E-08 1.11E-07 7.58E-06   2.595 0.6000 7.6028E-06    882.788
10711.00 0.10738538 5.1929E-24            1.6673E-24 2.5129E-08 1.1866E-08 2.8058E-08 2.0601E-08 5.3187E-08 1.72E-07 7.59E-06   2.231 0.6000 7.6107E-06    899.626
10721.00 0.13074756 5.1970E-24            1.9563E-24 3.0675E-08 1.2705E-08 3.9393E-08 2.8266E-08 7.0068E-08 2.36E-07 7.58E-06   2.034 0.6000 7.5927E-06    915.041
10731.00 0.16550410 4.8740E-24            2.3510E-24 3.9508E-08 1.3831E-08 6.1399E-08 4.3752E-08 1.0091E-07 3.66E-07 7.54E-06   1.799 0.6000 7.5570E-06    935.990
10741.00 0.24450047 5.2177E-24            3.3262E-24 6.2272E-08 1.6906E-08 1.1092E-07 7.7771E-08 1.7319E-07 6.50E-07 7.58E-06   1.409 0.6000 7.5987E-06    968.413
10751.00 0.27643549 5.1466E-24            3.5948E-24 7.1093E-08 1.8097E-08 1.3212E-07 9.2705E-08 2.0321E-07 7.75E-07 7.55E-06   1.286 0.6000 7.5686E-06    978.948
10761.00 0.33817157 4.9960E-24            4.1982E-24 9.2505E-08 2.0201E-08 1.7837E-07 1.2379E-07 2.7087E-07 1.03E-06 7.50E-06   1.084 0.6000 7.5094E-06    997.832
10771.00 0.35530901 4.6277E-24            4.2104E-24 1.0405E-07 2.1036E-08 1.9852E-07 1.3525E-07 3.0257E-07 1.13E-06 7.60E-06   1.035 0.6000 7.6113E-06   1005.753
10781.00 0.44597018 4.0852E-24            5.0389E-24 1.5318E-07 2.4263E-08 2.9055E-07 1.9181E-07 4.4373E-07 1.60E-06 7.61E-06   0.808 0.6000 7.6222E-06   1032.149
10791.00 0.50368124 3.6351E-24            5.4532E-24 1.8954E-07 2.5951E-08 3.5309E-07 2.2919E-07 5.4263E-07 1.92E-06 7.46E-06   0.686 0.6000 7.4710E-06   1046.929
10801.00 0.50154537 3.4816E-24            5.1776E-24 1.8151E-07 2.5201E-08 3.4038E-07 2.2176E-07 5.2189E-07 1.85E-06 7.27E-06   0.690 0.6000 7.2822E-06   1044.957
10811.00 0.48185572 3.3656E-24            4.7553E-24 1.7677E-07 2.5150E-08 3.3115E-07 2.1644E-07 5.0792E-07 1.81E-06 7.44E-06   0.730 0.6000 7.4552E-06   1043.826
10821.00 0.47060391 3.3030E-24            4.4311E-24 1.6418E-07 2.4579E-08 3.1057E-07 2.0424E-07 4.7475E-07 1.71E-06 7.38E-06   0.754 0.6000 7.3925E-06   1039.885
10831.00 0.50722468 2.9817E-24            4.5591E-24 1.8519E-07 2.4961E-08 3.4358E-07 2.2277E-07 5.2877E-07 1.86E-06 7.09E-06   0.679 0.6000 7.1062E-06   1048.197
10841.00 0.52348667 2.7175E-24            4.5000E-24 2.1304E-07 2.6568E-08 3.8694E-07 2.4822E-07 5.9997E-07 2.07E-06 7.34E-06   0.647 0.6000 7.3512E-06   1057.957
10851.00 0.49073148 2.7816E-24            4.0222E-24 1.8115E-07 2.5224E-08 3.3746E-07 2.2032E-07 5.1861E-07 1.84E-06 7.29E-06   0.712 0.6000 7.3041E-06   1048.374
10861.00 0.53908873 2.4618E-24            4.2182E-24 2.2357E-07 2.7606E-08 4.0561E-07 2.5952E-07 6.2917E-07 2.17E-06 7.45E-06   0.618 0.6000 7.4621E-06   1062.937
10871.00 0.48573136 2.4092E-24            3.6376E-24 2.0059E-07 2.6151E-08 3.6294E-07 2.3348E-07 5.6354E-07 1.95E-06 7.56E-06   0.722 0.6000 7.5693E-06   1055.805
10881.00 0.48914999 2.3807E-24            3.4962E-24 1.9293E-07 2.6379E-08 3.5413E-07 2.2936E-07 5.4705E-07 1.92E-06 7.60E-06   0.715 0.6000 7.6132E-06   1054.466
10891.00 0.41385266 2.4257E-24            2.8289E-24 1.4415E-07 2.3400E-08 2.6749E-07 1.7626E-07 4.1164E-07 1.47E-06 7.55E-06   0.882 0.6000 7.5649E-06   1035.409
10901.00 0.40020788 2.3610E-24            2.5974E-24 1.3504E-07 2.2729E-08 2.4812E-07 1.6341E-07 3.8316E-07 1.37E-06 7.49E-06   0.916 0.6000 7.5041E-06   1031.286
10911.00 0.46315172 2.1323E-24            2.8829E-24 1.7501E-07 2.5421E-08 3.2024E-07 2.0792E-07 4.9526E-07 1.74E-06 7.58E-06   0.770 0.6000 7.5967E-06   1049.757
10921.00 0.35180384 2.1561E-24            2.0896E-24 1.1485E-07 2.1378E-08 2.1065E-07 1.4055E-07 3.2550E-07 1.17E-06 7.61E-06   1.045 0.6000 7.6235E-06   1021.852
10931.00 0.47041512 1.9749E-24            2.6629E-24 1.7029E-07 2.5500E-08 3.1553E-07 2.0569E-07 4.8582E-07 1.72E-06 7.52E-06   0.754 0.6000 7.5345E-06   1049.945
10941.00 0.38602161 1.9333E-24            2.0967E-24 1.3487E-07 2.2843E-08 2.4670E-07 1.6291E-07 3.8157E-07 1.36E-06 7.65E-06   0.952 0.6000 7.6639E-06   1034.042
10951.00 0.38051811 1.9018E-24            1.9604E-24 1.2846E-07 2.2816E-08 2.3622E-07 1.5698E-07 3.6467E-07 1.31E-06 7.69E-06   0.966 0.6000 7.7036E-06   1031.731
10961.00 0.44957584 1.6758E-24            2.2230E-24 1.7404E-07 2.5003E-08 3.1239E-07 2.0138E-07 4.8643E-07 1.68E-06 7.51E-06   0.799 0.6000 7.5273E-06   1052.336
10971.00 0.46792662 1.5880E-24            2.2057E-24 1.8166E-07 2.5410E-08 3.2639E-07 2.1007E-07 5.0804E-07 1.76E-06 7.42E-06   0.759 0.6000 7.4388E-06   1056.167
10981.00 0.41375306 1.6060E-24            1.8619E-24 1.5133E-07 2.3869E-08 2.7359E-07 1.7924E-07 4.2492E-07 1.50E-06 7.55E-06   0.882 0.6000 7.5628E-06   1044.453
10991.00 0.42460382 1.5389E-24            1.8240E-24 1.4804E-07 2.3811E-08 2.7220E-07 1.7930E-07 4.2024E-07 1.50E-06 7.41E-06   0.857 0.6000 7.4267E-06   1044.451
11001.00 0.42041472 1.4288E-24            1.7249E-24 1.5133E-07 2.3495E-08 2.7362E-07 1.7841E-07 4.2495E-07 1.49E-06 7.32E-06   0.867 0.6000 7.3350E-06   1045.983
11011.00 0.41894859 1.3482E-24            1.6410E-24 1.6138E-07 2.3990E-08 2.8589E-07 1.8471E-07 4.4727E-07 1.54E-06 7.47E-06   0.870 0.6000 7.4859E-06   1050.298
11021.00 0.42433614 1.3035E-24            1.5874E-24 1.5983E-07 2.4592E-08 2.8574E-07 1.8537E-07 4.4557E-07 1.55E-06 7.63E-06   0.857 0.6000 7.6420E-06   1050.796
11031.00 0.46920666 1.2253E-24            1.6753E-24 1.8096E-07 2.5885E-08 3.2606E-07 2.1084E-07 5.0702E-07 1.76E-06 7.45E-06   0.757 0.6000 7.4670E-06   1060.639
11041.00 0.52344310 1.0688E-24            1.7860E-24 2.3169E-07 2.8669E-08 4.0563E-07 2.5641E-07 6.3731E-07 2.14E-06 7.63E-06   0.647 0.6000 7.6479E-06   1077.880
11051.00 0.52884781 1.0336E-24            1.7230E-24 2.3301E-07 2.9096E-08 4.1027E-07 2.6047E-07 6.4329E-07 2.18E-06 7.68E-06   0.637 0.6000 7.6989E-06   1079.340
11061.00 0.54052079 9.7100E-25            1.6804E-24 2.4378E-07 2.9573E-08 4.2537E-07 2.6867E-07 6.6914E-07 2.25E-06 7.67E-06   0.615 0.6000 7.6847E-06   1083.015
11071.00 0.48272648 9.8691E-25            1.4367E-24 1.9726E-07 2.7040E-08 3.4993E-07 2.2407E-07 5.4718E-07 1.87E-06 7.60E-06   0.728 0.6000 7.6118E-06   1069.156
11081.00 0.42801312 9.7357E-25            1.2137E-24 1.6089E-07 2.4208E-08 2.8326E-07 1.8211E-07 4.4414E-07 1.52E-06 7.38E-06   0.849 0.6000 7.3949E-06   1055.154
11091.00 0.43538532 9.4505E-25            1.1791E-24 1.5501E-07 2.3529E-08 2.7570E-07 1.7850E-07 4.3071E-07 1.49E-06 7.07E-06   0.832 0.6000 7.0888E-06   1053.775
11101.00 0.40115079 9.3031E-25            1.0383E-24 1.4091E-07 2.3391E-08 2.5295E-07 1.6601E-07 3.9386E-07 1.39E-06 7.39E-06   0.913 0.6000 7.4018E-06   1048.347
11111.00 0.45481288 8.1368E-25            1.1220E-24 1.8783E-07 2.5682E-08 3.2423E-07 2.0567E-07 5.1206E-07 1.72E-06 7.44E-06   0.788 0.6000 7.4567E-06   1067.490
11121.00 0.32967776 8.6090E-25            7.7756E-25 1.1524E-07 2.1434E-08 1.9811E-07 1.3022E-07 3.1335E-07 1.09E-06 7.62E-06   1.110 0.6000 7.6365E-06   1034.344
11131.00 0.45594874 7.4994E-25            1.0251E-24 1.9149E-07 2.6446E-08 3.3126E-07 2.1079E-07 5.2275E-07 1.76E-06 7.62E-06   0.785 0.6000 7.6345E-06   1070.503
11141.00 0.44045517 7.6523E-25            9.4696E-25 1.6817E-07 2.5768E-08 2.9980E-07 1.9520E-07 4.6797E-07 1.63E-06 7.57E-06   0.820 0.6000 7.5875E-06   1063.405
11151.00 0.43156099 7.3667E-25            8.8577E-25 1.6555E-07 2.5515E-08 2.9346E-07 1.9132E-07 4.5900E-07 1.60E-06 7.57E-06   0.840 0.6000 7.5845E-06   1062.805
11161.00 0.48193097 6.7028E-25            9.4447E-25 2.0144E-07 2.8015E-08 3.5465E-07 2.2781E-07 5.5609E-07 1.90E-06 7.70E-06   0.730 0.6000 7.7213E-06   1077.259
11171.00 0.50113881 6.3457E-25            9.3669E-25 2.0661E-07 2.8090E-08 3.6432E-07 2.3379E-07 5.7093E-07 1.95E-06 7.51E-06   0.691 0.6000 7.5224E-06   1079.938
11181.00 0.54363018 5.5993E-25            9.7068E-25 2.4825E-07 2.9904E-08 4.2486E-07 2.6687E-07 6.7311E-07 2.23E-06 7.52E-06   0.609 0.6000 7.5350E-06   1092.796
11191.00 0.55024540 5.2472E-25            9.3912E-25 2.5761E-07 3.0505E-08 4.3803E-07 2.7373E-07 6.9564E-07 2.29E-06 7.60E-06   0.597 0.6000 7.6181E-06   1096.025
11201.00 0.57530773 4.7484E-25            9.3641E-25 2.7919E-07 3.0876E-08 4.6583E-07 2.8791E-07 7.4502E-07 2.41E-06 7.43E-06   0.553 0.6000 7.4492E-06   1101.947
11211.00 0.58477879 4.4234E-25            9.0944E-25 2.9508E-07 3.1930E-08 4.8954E-07 3.0135E-07 7.8462E-07 2.52E-06 7.59E-06   0.537 0.6000 7.6049E-06   1106.648
11221.00 0.59496713 4.1278E-25            8.8352E-25 3.1067E-07 3.2624E-08 5.1036E-07 3.1285E-07 8.2103E-07 2.61E-06 7.63E-06   0.519 0.6000 7.6441E-06   1110.888
11231.00 0.59304881 3.9521E-25            8.4096E-25 3.1083E-07 3.2813E-08 5.1077E-07 3.1309E-07 8.2161E-07 2.62E-06 7.68E-06   0.522 0.6000 7.6983E-06   1111.727
11241.00 0.59556055 3.7495E-25            8.0619E-25 3.1194E-07 3.2663E-08 5.1058E-07 3.1245E-07 8.2251E-07 2.61E-06 7.61E-06   0.518 0.6000 7.6234E-06   1112.597
11251.00 0.59691411 3.5665E-25            7.7175E-25 3.1596E-07 3.2878E-08 5.1520E-07 3.1493E-07 8.3116E-07 2.63E-06 7.63E-06   0.516 0.6000 7.6427E-06   1114.184
11261.00 0.59031731 3.4616E-25            7.2849E-25 3.0542E-07 3.2375E-08 4.9975E-07 3.0606E-07 8.0517E-07 2.56E-06 7.56E-06   0.527 0.6000 7.5795E-06   1112.538
11271.00 0.59655285 3.2557E-25            7.0309E-25 3.0819E-07 3.2115E-08 5.0131E-07 3.0613E-07 8.0949E-07 2.56E-06 7.42E-06   0.517 0.6000 7.4414E-06   1113.731
11281.00 0.59241474 3.1398E-25            6.6669E-25 2.9300E-07 3.0921E-08 4.7752E-07 2.9191E-07 7.7052E-07 2.44E-06 7.18E-06   0.524 0.6000 7.1947E-06   1110.752
11291.00 0.59219521 3.0013E-25            6.3614E-25 3.1058E-07 3.2765E-08 5.0523E-07 3.0864E-07 8.1581E-07 2.58E-06 7.59E-06   0.524 0.6000 7.6089E-06   1115.896
11301.00 0.59772247 2.8266E-25            6.1314E-25 3.1921E-07 3.3100E-08 5.1588E-07 3.1430E-07 8.3509E-07 2.63E-06 7.60E-06   0.515 0.6000 7.6142E-06   1118.474
11311.00 0.59692949 2.7036E-25            5.8470E-25 3.1437E-07 3.2675E-08 5.0763E-07 3.0917E-07 8.2199E-07 2.58E-06 7.49E-06   0.516 0.6000 7.5111E-06   1118.045
11321.00 0.59596837 2.5892E-25            5.5732E-25 3.1752E-07 3.3096E-08 5.1229E-07 3.1196E-07 8.2982E-07 2.61E-06 7.59E-06   0.518 0.6000 7.6030E-06   1119.558
11331.00 0.59572190 2.4731E-25            5.3197E-25 3.1116E-07 3.2456E-08 5.0139E-07 3.0518E-07 8.1255E-07 2.55E-06 7.43E-06   0.518 0.6000 7.4450E-06   1118.726
11341.00 0.59560674 2.3625E-25            5.0777E-25 3.1707E-07 3.3061E-08 5.1002E-07 3.1026E-07 8.2708E-07 2.59E-06 7.55E-06   0.518 0.6000 7.5703E-06   1120.874
11351.00 0.59614861 2.2524E-25            4.8527E-25 3.0115E-07 3.1335E-08 4.8329E-07 2.9375E-07 7.8444E-07 2.46E-06 7.14E-06   0.517 0.6000 7.1571E-06   1117.595
11361.00 0.59599400 2.1515E-25            4.6320E-25 3.1901E-07 3.3188E-08 5.1109E-07 3.1046E-07 8.3010E-07 2.59E-06 7.55E-06   0.518 0.6000 7.5666E-06   1122.723
11371.00 0.59701157 2.0486E-25            4.4303E-25 3.1710E-07 3.2856E-08 5.0655E-07 3.0738E-07 8.2366E-07 2.57E-06 7.45E-06   0.516 0.6000 7.4662E-06   1122.907
11381.00 0.59585696 1.9621E-25            4.2218E-25 3.2359E-07 3.3654E-08 5.1671E-07 3.1351E-07 8.4030E-07 2.62E-06 7.63E-06   0.518 0.6000 7.6453E-06   1125.236
11391.00 0.59631318 1.8711E-25            4.0339E-25 3.2236E-07 3.3451E-08 5.1355E-07 3.1134E-07 8.3590E-07 2.60E-06 7.56E-06   0.517 0.6000 7.5803E-06   1125.615
11401.00 0.59621012 1.7870E-25            3.8509E-25 3.2379E-07 3.3595E-08 5.1496E-07 3.1201E-07 8.3875E-07 2.61E-06 7.58E-06   0.517 0.6000 7.5997E-06   1126.663
11411.00 0.59572399 1.7084E-25            3.6738E-25 3.2245E-07 3.3497E-08 5.1222E-07 3.1022E-07 8.3467E-07 2.59E-06 7.55E-06   0.518 0.6000 7.5687E-06   1127.070
11421.00 0.59583837 1.6306E-25            3.5083E-25 3.1374E-07 3.2562E-08 4.9743E-07 3.0106E-07 8.1117E-07 2.52E-06 7.33E-06   0.518 0.6000 7.3425E-06   1125.647
11431.00 0.59554815 1.5580E-25            3.3480E-25 3.1909E-07 3.3135E-08 5.0517E-07 3.0559E-07 8.2425E-07 2.55E-06 7.44E-06   0.518 0.6000 7.4607E-06   1127.666
11441.00 0.59521532 1.4888E-25            3.1948E-25 3.2110E-07 3.3367E-08 5.0766E-07 3.0695E-07 8.2876E-07 2.57E-06 7.49E-06   0.519 0.6000 7.5024E-06   1128.872
11451.00 0.59516335 1.4217E-25            3.0500E-25 3.2443E-07 3.3701E-08 5.1202E-07 3.0940E-07 8.3645E-07 2.59E-06 7.55E-06   0.519 0.6000 7.5639E-06   1130.371
11461.00 0.59494466 1.3582E-25            2.9110E-25 3.2851E-07 3.4135E-08 5.1768E-07 3.1265E-07 8.4619E-07 2.61E-06 7.63E-06   0.519 0.6000 7.6494E-06   1132.054
11471.00 0.59464598 1.2977E-25            2.7779E-25 3.2331E-07 3.3613E-08 5.0876E-07 3.0711E-07 8.3208E-07 2.57E-06 7.50E-06   0.520 0.6000 7.5218E-06   1131.532
11481.00 0.59421891 1.2404E-25            2.6504E-25 3.2530E-07 3.3856E-08 5.1124E-07 3.0847E-07 8.3654E-07 2.58E-06 7.55E-06   0.521 0.6000 7.5664E-06   1132.731
11491.00 0.59404492 1.1848E-25            2.5297E-25 3.2547E-07 3.3876E-08 5.1069E-07 3.0796E-07 8.3615E-07 2.57E-06 7.54E-06   0.521 0.6000 7.5587E-06   1133.479
11501.00 0.59374154 1.1320E-25            2.4140E-25 3.1788E-07 3.3105E-08 4.9809E-07 3.0022E-07 8.1597E-07 2.51E-06 7.36E-06   0.521 0.6000 7.3764E-06   1132.365
11511.00 0.59345162 1.0817E-25            2.3037E-25 3.1617E-07 3.2945E-08 4.9468E-07 2.9801E-07 8.1086E-07 2.49E-06 7.31E-06   0.522 0.6000 7.3299E-06   1132.661
11521.00 0.59309375 1.0337E-25            2.1981E-25 3.1752E-07 3.3112E-08 4.9613E-07 2.9875E-07 8.1366E-07 2.50E-06 7.34E-06   0.522 0.6000 7.3570E-06   1133.710
11531.00 0.59277689 9.8771E-26            2.0976E-25 3.0590E-07 3.1920E-08 4.7733E-07 2.8729E-07 7.8323E-07 2.40E-06 7.07E-06   0.523 0.6000 7.0826E-06   1131.543
11541.00 0.59249336 9.4364E-26            2.0017E-25 2.4352E-07 2.5425E-08 3.7944E-07 2.2826E-07 6.2296E-07 1.91E-06 5.62E-06   0.523 0.6000 5.6333E-06   1114.918
11551.00 0.59207976 9.0191E-26            1.9098E-25 3.0973E-07 3.2370E-08 4.8198E-07 2.8981E-07 7.9172E-07 2.42E-06 7.15E-06   0.524 0.6000 7.1627E-06   1133.937
11561.00 0.59174031 8.6194E-26            1.8223E-25 3.2556E-07 3.4047E-08 5.0591E-07 3.0405E-07 8.3147E-07 2.54E-06 7.51E-06   0.525 0.6000 7.5239E-06   1138.522
11571.00 0.59149486 8.2343E-26            1.7391E-25 3.3191E-07 3.4723E-08 5.1500E-07 3.0935E-07 8.4691E-07 2.59E-06 7.64E-06   0.525 0.6000 7.6619E-06   1140.742
11581.00 0.59104383 7.8691E-26            1.6592E-25 3.2979E-07 3.4538E-08 5.1109E-07 3.0687E-07 8.4088E-07 2.56E-06 7.59E-06   0.526 0.6000 7.6124E-06   1140.966
11591.00 0.59017712 7.5299E-26            1.5817E-25 3.2922E-07 3.4570E-08 5.0983E-07 3.0604E-07 8.3906E-07 2.56E-06 7.59E-06   0.527 0.6000 7.6150E-06   1141.580
11601.00 0.59033144 7.1866E-26            1.5105E-25 3.2488E-07 3.4075E-08 5.0210E-07 3.0119E-07 8.2698E-07 2.52E-06 7.47E-06   0.527 0.6000 7.4906E-06   1141.229
11611.00 0.58933109 6.8794E-26            1.4397E-25 3.2353E-07 3.4042E-08 4.9972E-07 2.9970E-07 8.2325E-07 2.50E-06 7.46E-06   0.529 0.6000 7.4800E-06   1141.659
11621.00 0.58940178 6.5641E-26            1.3747E-25 3.2760E-07 3.4442E-08 5.0507E-07 3.0271E-07 8.3267E-07 2.53E-06 7.53E-06   0.529 0.6000 7.5536E-06   1143.329
11631.00 0.58836704 6.2817E-26            1.3102E-25 3.2434E-07 3.4210E-08 4.9974E-07 2.9946E-07 8.2408E-07 2.50E-06 7.48E-06   0.530 0.6000 7.5002E-06   1143.300
11641.00 0.58740801 6.0116E-26            1.2488E-25 3.2300E-07 3.4171E-08 4.9738E-07 2.9799E-07 8.2038E-07 2.49E-06 7.47E-06   0.532 0.6000 7.4886E-06   1143.731
11651.00 0.58778661 5.7332E-26            1.1931E-25 3.2442E-07 3.4252E-08 4.9845E-07 2.9838E-07 8.2287E-07 2.49E-06 7.47E-06   0.531 0.6000 7.4886E-06   1144.749
11661.00 0.58444846 5.5184E-26            1.1326E-25 3.2544E-07 3.4764E-08 5.0107E-07 3.0020E-07 8.2652E-07 2.51E-06 7.60E-06   0.537 0.6000 7.6222E-06   1145.876
11671.00 0.58658975 5.2411E-26            1.0852E-25 3.3030E-07 3.4986E-08 5.0638E-07 3.0289E-07 8.3668E-07 2.53E-06 7.61E-06   0.533 0.6000 7.6343E-06   1147.615
11681.00 0.58480191 5.0245E-26            1.0330E-25 3.2274E-07 3.4388E-08 4.9494E-07 2.9610E-07 8.1768E-07 2.47E-06 7.49E-06   0.536 0.6000 7.5086E-06   1146.597
11691.00 0.58367050 4.8112E-26            9.8424E-26 3.1162E-07 3.3324E-08 4.7769E-07 2.8577E-07 7.8931E-07 2.39E-06 7.25E-06   0.538 0.6000 7.2750E-06   1144.621
11701.00 0.58246034 4.6054E-26            9.3783E-26 2.3305E-07 2.4977E-08 3.5689E-07 2.1345E-07 5.8994E-07 1.78E-06 5.43E-06   0.540 0.6000 5.4498E-06   1123.152
11711.00 0.58028239 4.4191E-26            8.9189E-26 2.7609E-07 2.9802E-08 4.2302E-07 2.5304E-07 6.9912E-07 2.11E-06 6.49E-06   0.544 0.6000 6.5087E-06   1136.795
11721.00 0.58314604 4.1907E-26            8.5575E-26 3.1871E-07 3.4094E-08 4.8625E-07 2.9036E-07 8.0497E-07 2.43E-06 7.38E-06   0.539 0.6000 7.4074E-06   1148.491
11731.00 0.58009583 4.0288E-26            8.1278E-26 3.1977E-07 3.4550E-08 4.8856E-07 2.9197E-07 8.0833E-07 2.44E-06 7.50E-06   0.545 0.6000 7.5244E-06   1149.598
11741.00 0.57645828 3.8767E-26            7.7110E-26 3.0574E-07 3.3426E-08 4.6800E-07 2.7996E-07 7.7373E-07 2.34E-06 7.28E-06   0.551 0.6000 7.3045E-06   1146.961
11751.00 0.57908273 3.6809E-26            7.3940E-26 3.2145E-07 3.4787E-08 4.8968E-07 2.9236E-07 8.1113E-07 2.44E-06 7.53E-06   0.546 0.6000 7.5574E-06   1151.427
11761.00 0.58103925 3.5009E-26            7.0836E-26 2.8785E-07 3.0957E-08 4.3704E-07 2.6056E-07 7.2488E-07 2.18E-06 6.67E-06   0.543 0.6000 6.6941E-06   1143.455
11771.00 0.58032167 3.3467E-26            6.7545E-26 3.0831E-07 3.3225E-08 4.6760E-07 2.7867E-07 7.7591E-07 2.33E-06 7.16E-06   0.544 0.6000 7.1784E-06   1149.513
11781.00 0.57973844 3.1994E-26            6.4420E-26 3.2727E-07 3.5317E-08 4.9583E-07 2.9542E-07 8.2310E-07 2.47E-06 7.60E-06   0.545 0.6000 7.6220E-06   1154.918
11791.00 0.57850879 3.0640E-26            6.1370E-26 3.2577E-07 3.5302E-08 4.9333E-07 2.9388E-07 8.1910E-07 2.46E-06 7.60E-06   0.547 0.6000 7.6178E-06   1155.315
11801.00 0.58243573 2.9005E-26            5.8987E-26 3.2547E-07 3.4771E-08 4.8994E-07 2.9118E-07 8.1540E-07 2.43E-06 7.43E-06   0.541 0.6000 7.4468E-06   1155.738
11811.00 0.58015448 2.7833E-26            5.6102E-26 3.2377E-07 3.4843E-08 4.8765E-07 2.8995E-07 8.1142E-07 2.42E-06 7.45E-06   0.544 0.6000 7.4721E-06   1156.132
11821.00 0.57880819 2.6659E-26            5.3426E-26 3.2777E-07 3.5414E-08 4.9349E-07 2.9341E-07 8.2126E-07 2.45E-06 7.57E-06   0.547 0.6000 7.5939E-06   1157.860
11831.00 0.57871950 2.5457E-26            5.1003E-26 3.2742E-07 3.5406E-08 4.9240E-07 2.9257E-07 8.1982E-07 2.45E-06 7.56E-06   0.547 0.6000 7.5796E-06   1158.502
11841.00 0.57417178 2.4554E-26            4.8313E-26 3.1762E-07 3.4866E-08 4.7908E-07 2.8512E-07 7.9671E-07 2.38E-06 7.48E-06   0.555 0.6000 7.4967E-06   1157.029
11851.00 0.56844288 2.3716E-26            4.5658E-26 3.0654E-07 3.4242E-08 4.6370E-07 2.7638E-07 7.7024E-07 2.31E-06 7.39E-06   0.565 0.6000 7.4088E-06   1155.157
11861.00 0.57277495 2.2443E-26            4.3917E-26 3.1932E-07 3.5185E-08 4.8044E-07 2.8564E-07 7.9977E-07 2.39E-06 7.53E-06   0.557 0.6000 7.5539E-06   1158.887
11871.00 0.57373774 2.1235E-26            4.2011E-26 3.1970E-07 3.5043E-08 4.7944E-07 2.8482E-07 7.9914E-07 2.38E-06 7.47E-06   0.556 0.6000 7.4948E-06   1159.603
11881.00 0.56423497 2.0553E-26            3.9434E-26 3.0928E-07 3.4962E-08 4.6701E-07 2.7845E-07 7.7629E-07 2.33E-06 7.54E-06   0.572 0.6000 7.5634E-06   1158.101
11891.00 0.55877227 1.9818E-26            3.7281E-26 3.0504E-07 3.5057E-08 4.6148E-07 2.7555E-07 7.6651E-07 2.30E-06 7.61E-06   0.582 0.6000 7.6272E-06   1157.883
11901.00 0.56557262 1.8742E-26            3.6028E-26 3.1229E-07 3.5206E-08 4.6978E-07 2.7967E-07 7.8207E-07 2.34E-06 7.55E-06   0.570 0.6000 7.5712E-06   1160.236
11911.00 0.56509709 1.7897E-26            3.4359E-26 3.1138E-07 3.5080E-08 4.6730E-07 2.7796E-07 7.7868E-07 2.32E-06 7.52E-06   0.571 0.6000 7.5362E-06   1160.671
11921.00 0.55512267 1.7374E-26            3.2233E-26 2.8860E-07 3.3625E-08 4.3598E-07 2.6015E-07 7.2458E-07 2.17E-06 7.29E-06   0.589 0.6000 7.3140E-06   1155.812
11931.00 0.55388987 1.6626E-26            3.0710E-26 3.0013E-07 3.4860E-08 4.5188E-07 2.6962E-07 7.5201E-07 2.25E-06 7.55E-06   0.591 0.6000 7.5712E-06   1159.488
11941.00 0.54608554 1.6102E-26            2.8885E-26 2.9261E-07 3.4802E-08 4.4250E-07 2.6487E-07 7.3511E-07 2.21E-06 7.60E-06   0.605 0.6000 7.6217E-06   1158.485
11951.00 0.54712462 1.5334E-26            2.7641E-26 2.9268E-07 3.4469E-08 4.4051E-07 2.6340E-07 7.3319E-07 2.20E-06 7.50E-06   0.603 0.6000 7.5194E-06   1159.054
11961.00 0.53299445 1.5032E-26            2.5706E-26 2.7805E-07 3.4215E-08 4.2263E-07 2.5471E-07 7.0068E-07 2.13E-06 7.57E-06   0.629 0.6000 7.5871E-06   1156.293
11971.00 0.53763759 1.4188E-26            2.4744E-26 2.8388E-07 3.4377E-08 4.2845E-07 2.5682E-07 7.1233E-07 2.15E-06 7.55E-06   0.621 0.6000 7.5688E-06   1158.349
11981.00 0.54256642 1.3423E-26            2.3855E-26 2.8564E-07 3.4034E-08 4.2844E-07 2.5586E-07 7.1409E-07 2.14E-06 7.42E-06   0.611 0.6000 7.4366E-06   1159.313
11991.00 0.51115024 1.3472E-26            2.1448E-26 2.5203E-07 3.2781E-08 3.8435E-07 2.3297E-07 6.3637E-07 1.95E-06 7.43E-06   0.671 0.6000 7.4512E-06   1151.167
12001.00 0.51089412 1.2800E-26            2.0453E-26 2.4645E-07 3.2346E-08 3.7724E-07 2.2868E-07 6.2369E-07 1.91E-06 7.33E-06   0.672 0.6000 7.3525E-06   1150.390
12011.00 0.50649500 1.1740E-26            1.9391E-26 2.6239E-07 3.2765E-08 3.9255E-07 2.3520E-07 6.5493E-07 1.97E-06 7.44E-06   0.680 0.6000 7.4651E-06   1154.917
12021.00 0.48288977 1.1922E-26            1.7610E-26 2.3276E-07 3.2139E-08 3.5754E-07 2.1884E-07 5.9030E-07 1.83E-06 7.52E-06   0.728 0.6000 7.5463E-06   1147.718
12031.00 0.51860946 1.1008E-26            1.8078E-26 2.6100E-07 3.3172E-08 3.9451E-07 2.3759E-07 6.5551E-07 1.99E-06 7.39E-06   0.657 0.6000 7.4160E-06   1156.522
12041.00 0.49383178 1.0761E-26            1.6421E-26 2.4518E-07 3.2548E-08 3.7156E-07 2.2559E-07 6.1674E-07 1.89E-06 7.48E-06   0.706 0.6000 7.5039E-06   1152.596
12051.00 0.48997432 9.9440E-27            1.5568E-26 2.4689E-07 3.2487E-08 3.7042E-07 2.2308E-07 6.1731E-07 1.86E-06 7.49E-06   0.713 0.6000 7.5169E-06   1153.434
12061.00 0.46926969 8.4079E-27            1.4221E-26 2.3148E-07 3.1912E-08 3.4862E-07 2.1170E-07 5.8010E-07 1.77E-06 7.57E-06   0.757 0.6000 7.5939E-06   1149.446
12071.00 0.47509554 7.8132E-27            1.3761E-26 2.3774E-07 3.2416E-08 3.5766E-07 2.1664E-07 5.9540E-07 1.81E-06 7.62E-06   0.744 0.6000 7.6428E-06   1152.196
12081.00 0.44666752 7.4222E-27            1.2339E-26 2.0717E-07 3.0959E-08 3.1661E-07 1.9460E-07 5.2379E-07 1.63E-06 7.58E-06   0.806 0.6000 7.6030E-06   1143.243
12091.00 0.52835906 7.2738E-27            1.3926E-26 2.8485E-07 3.4880E-08 4.2249E-07 2.5187E-07 7.0734E-07 2.11E-06 7.59E-06   0.638 0.6000 7.6166E-06   1167.060
12101.00 0.49824777 6.9055E-27            1.2560E-26 2.5366E-07 3.3484E-08 3.8083E-07 2.2957E-07 6.3449E-07 1.92E-06 7.59E-06   0.697 0.6000 7.6091E-06   1159.378
12111.00 0.49532989 6.5838E-27            1.1892E-26 2.5197E-07 3.3215E-08 3.7693E-07 2.2709E-07 6.2890E-07 1.90E-06 7.54E-06   0.703 0.6000 7.5626E-06   1159.461
12121.00 0.53369808 6.3536E-27            1.2255E-26 2.8794E-07 3.4740E-08 4.2319E-07 2.5107E-07 7.1113E-07 2.10E-06 7.47E-06   0.628 0.6000 7.4981E-06   1169.791
12131.00 0.49666771 6.0920E-27            1.0877E-26 2.4721E-07 3.3277E-08 3.7072E-07 2.2373E-07 6.1793E-07 1.87E-06 7.52E-06   0.700 0.6000 7.5446E-06   1159.637
12141.00 0.42253333 5.6107E-27            8.8672E-27 1.8737E-07 2.9649E-08 2.8419E-07 1.7549E-07 4.7155E-07 1.47E-06 7.42E-06   0.861 0.6000 7.4416E-06   1139.931
12151.00 0.31425172 4.8137E-27            6.2554E-27 1.2068E-07 2.4962E-08 1.8081E-07 1.1513E-07 3.0149E-07 9.62E-07 7.48E-06   1.158 0.6000 7.5107E-06   1108.340
12161.00 0.47991464 5.1976E-27            9.1347E-27 2.3292E-07 3.1934E-08 3.4730E-07 2.0956E-07 5.8022E-07 1.75E-06 7.34E-06   0.734 0.6000 7.3702E-06   1157.094
12171.00 0.51297712 5.0330E-27            9.3324E-27 2.6111E-07 3.3620E-08 3.8759E-07 2.3170E-07 6.4870E-07 1.94E-06 7.38E-06   0.668 0.6000 7.4020E-06   1166.462
12181.00 0.53845417 4.8412E-27            9.3454E-27 2.9047E-07 3.5033E-08 4.2489E-07 2.5152E-07 7.1536E-07 2.10E-06 7.40E-06   0.619 0.6000 7.4299E-06   1174.882
12191.00 0.45896196 4.4841E-27            7.6227E-27 2.1696E-07 3.1124E-08 3.2357E-07 1.9621E-07 5.4053E-07 1.64E-06 7.34E-06   0.779 0.6000 7.3655E-06   1153.978
12201.00 0.45499754 4.2385E-27            7.2011E-27 2.1535E-07 3.0617E-08 3.1765E-07 1.9140E-07 5.3301E-07 1.60E-06 7.26E-06   0.787 0.6000 7.2879E-06   1153.673
12211.00 0.45245081 4.0743E-27            6.8323E-27 2.1439E-07 3.1168E-08 3.1833E-07 1.9266E-07 5.3273E-07 1.61E-06 7.40E-06   0.793 0.6000 7.4288E-06   1154.392
12221.00 0.40903831 3.7960E-27            5.9123E-27 1.8107E-07 2.9170E-08 2.6958E-07 1.6539E-07 4.5065E-07 1.38E-06 7.38E-06   0.894 0.6000 7.4096E-06   1142.592
12231.00 0.44678342 3.6909E-27            6.1443E-27 2.1919E-07 3.1836E-08 3.2368E-07 1.9563E-07 5.4287E-07 1.64E-06 7.57E-06   0.806 0.6000 7.6019E-06   1157.344
12241.00 0.40889311 3.3201E-27            5.3823E-27 1.9018E-07 3.0020E-08 2.8057E-07 1.7118E-07 4.7075E-07 1.43E-06 7.54E-06   0.894 0.6000 7.5712E-06   1147.350
12251.00 0.41424826 2.4992E-27            5.1844E-27 1.9427E-07 3.0315E-08 2.8662E-07 1.7515E-07 4.8088E-07 1.46E-06 7.53E-06   0.881 0.6000 7.5568E-06   1149.698
12261.00 0.42653871 2.0403E-27            5.1124E-27 1.9332E-07 3.0977E-08 2.9018E-07 1.7928E-07 4.8350E-07 1.50E-06 7.54E-06   0.852 0.6000 7.5676E-06   1150.860
12271.00 0.42715901 1.9495E-27            4.8808E-27 1.9173E-07 3.1117E-08 2.8893E-07 1.7857E-07 4.8066E-07 1.49E-06 7.55E-06   0.851 0.6000 7.5742E-06   1151.173
12281.00 0.45942605 2.0413E-27            5.0123E-27 2.1667E-07 3.2834E-08 3.2633E-07 2.0068E-07 5.4300E-07 1.68E-06 7.57E-06   0.778 0.6000 7.5993E-06   1161.159
12291.00 0.44798282 1.9164E-27            4.6671E-27 2.1343E-07 3.2361E-08 3.1609E-07 1.9213E-07 5.2952E-07 1.61E-06 7.59E-06   0.803 0.6000 7.6171E-06   1160.003
12301.00 0.50877714 2.1710E-27            5.0586E-27 2.6800E-07 3.5133E-08 3.9027E-07 2.3239E-07 6.5826E-07 1.94E-06 7.55E-06   0.676 0.6000 7.5809E-06   1177.568
12311.00 0.51522559 2.1118E-27            4.8888E-27 2.7237E-07 3.5432E-08 3.9586E-07 2.3468E-07 6.6823E-07 1.96E-06 7.55E-06   0.663 0.6000 7.5827E-06   1179.513
12321.00 0.52060336 2.0510E-27            4.7191E-27 2.7977E-07 3.5692E-08 4.0496E-07 2.3959E-07 6.8473E-07 2.00E-06 7.53E-06   0.653 0.6000 7.5619E-06   1182.200
12331.00 0.53357381 2.0279E-27            4.6148E-27 2.9578E-07 3.6488E-08 4.2503E-07 2.5002E-07 7.2081E-07 2.09E-06 7.55E-06   0.628 0.6000 7.5814E-06   1187.032
12341.00 0.54406911 1.9976E-27            4.4937E-27 3.0705E-07 3.6585E-08 4.3678E-07 2.5521E-07 7.4383E-07 2.13E-06 7.46E-06   0.609 0.6000 7.4845E-06   1190.305
12351.00 0.54224426 1.9008E-27            4.2739E-27 3.0157E-07 3.6082E-08 4.2893E-07 2.5060E-07 7.3050E-07 2.09E-06 7.37E-06   0.612 0.6000 7.3918E-06   1189.633
12361.00 0.54979205 1.8564E-27            4.1378E-27 3.1654E-07 3.6834E-08 4.4608E-07 2.5942E-07 7.6262E-07 2.17E-06 7.42E-06   0.598 0.6000 7.4500E-06   1193.842
12371.00 0.55142754 1.7819E-27            3.9607E-27 3.2117E-07 3.7222E-08 4.5168E-07 2.6233E-07 7.7285E-07 2.19E-06 7.47E-06   0.595 0.6000 7.4992E-06   1195.682
12381.00 0.55602312 1.7255E-27            3.8130E-27 3.2995E-07 3.7594E-08 4.6115E-07 2.6711E-07 7.9109E-07 2.23E-06 7.48E-06   0.587 0.6000 7.5115E-06   1198.331
12391.00 0.55457824 1.6438E-27            3.6302E-27 3.3099E-07 3.7843E-08 4.6213E-07 2.6763E-07 7.9312E-07 2.24E-06 7.54E-06   0.590 0.6000 7.5618E-06   1199.311
12401.00 0.55390966 1.5679E-27            3.4610E-27 3.3291E-07 3.8216E-08 4.6489E-07 2.6932E-07 7.9780E-07 2.25E-06 7.60E-06   0.591 0.6000 7.6275E-06   1200.558
12411.00 0.55600131 1.5083E-27            3.3165E-27 3.3474E-07 3.8108E-08 4.6551E-07 2.6911E-07 8.0025E-07 2.25E-06 7.54E-06   0.587 0.6000 7.5712E-06   1201.579
12421.00 0.55281913 1.4309E-27            3.1485E-27 3.2142E-07 3.6893E-08 4.4710E-07 2.5866E-07 7.6851E-07 2.16E-06 7.32E-06   0.593 0.6000 7.3492E-06   1199.087
12431.00 0.53934580 1.3176E-27            2.9310E-27 3.0865E-07 3.7127E-08 4.3402E-07 2.5269E-07 7.4267E-07 2.11E-06 7.50E-06   0.617 0.6000 7.5224E-06   1197.110
12441.00 0.54076385 1.2662E-27            2.8058E-27 3.1383E-07 3.7444E-08 4.3933E-07 2.5519E-07 7.5316E-07 2.13E-06 7.53E-06   0.615 0.6000 7.5586E-06   1199.005
12451.00 0.53880036 1.2041E-27            2.6689E-27 3.0756E-07 3.6959E-08 4.3071E-07 2.5028E-07 7.3827E-07 2.09E-06 7.44E-06   0.618 0.6000 7.4655E-06   1198.173
12461.00 0.53462166 1.1372E-27            2.5270E-27 3.0391E-07 3.7206E-08 4.2733E-07 2.4876E-07 7.3124E-07 2.08E-06 7.53E-06   0.626 0.6000 7.5531E-06   1198.176
12471.00 0.54168564 1.1102E-27            2.4451E-27 3.1864E-07 3.7861E-08 4.4334E-07 2.5684E-07 7.6198E-07 2.15E-06 7.57E-06   0.613 0.6000 7.5917E-06   1202.253
12481.00 0.53408098 1.0410E-27            2.3006E-27 3.1069E-07 3.7499E-08 4.3243E-07 2.5103E-07 7.4312E-07 2.10E-06 7.56E-06   0.627 0.6000 7.5823E-06   1201.006
12491.00 0.53775299 1.0050E-27            2.2112E-27 3.1353E-07 3.7438E-08 4.3483E-07 2.5184E-07 7.4836E-07 2.10E-06 7.49E-06   0.620 0.6000 7.5158E-06   1202.341
12501.00 0.53956467 9.6460E-28            2.1172E-27 3.1188E-07 3.7153E-08 4.3190E-07 2.4980E-07 7.4378E-07 2.09E-06 7.40E-06   0.617 0.6000 7.4276E-06   1202.616
12511.00 0.55001909 9.4839E-28            2.0608E-27 3.3393E-07 3.8604E-08 4.5880E-07 2.6413E-07 7.9274E-07 2.21E-06 7.57E-06   0.598 0.6000 7.5963E-06   1208.535
12521.00 0.54322201 8.9057E-28            1.9428E-27 3.2459E-07 3.8285E-08 4.4735E-07 2.5818E-07 7.7194E-07 2.16E-06 7.56E-06   0.610 0.6000 7.5909E-06   1207.152
12531.00 0.55107802 8.6929E-28            1.8814E-27 3.3615E-07 3.8710E-08 4.6001E-07 2.6442E-07 7.9615E-07 2.21E-06 7.55E-06   0.596 0.6000 7.5761E-06   1210.427
12541.00 0.54320151 8.1393E-28            1.7704E-27 3.2483E-07 3.8306E-08 4.4646E-07 2.5747E-07 7.7129E-07 2.15E-06 7.54E-06   0.610 0.6000 7.5663E-06   1208.624
12551.00 0.53001326 7.5059E-28            1.6496E-27 3.0704E-07 3.7760E-08 4.2580E-07 2.4729E-07 7.3284E-07 2.07E-06 7.55E-06   0.635 0.6000 7.5782E-06   1205.266
12561.00 0.52384388 7.0511E-28            1.5545E-27 2.9712E-07 3.7178E-08 4.1282E-07 2.4010E-07 7.0995E-07 2.01E-06 7.49E-06   0.647 0.6000 7.5178E-06   1203.486
12571.00 0.54934794 7.2347E-28            1.5570E-27 3.3518E-07 3.8676E-08 4.5606E-07 2.6166E-07 7.9125E-07 2.19E-06 7.51E-06   0.599 0.6000 7.5341E-06   1213.009
12581.00 0.55277139 6.9813E-28            1.4954E-27 3.2936E-07 3.7562E-08 4.4600E-07 2.5528E-07 7.7536E-07 2.13E-06 7.24E-06   0.593 0.6000 7.2713E-06   1212.131
12591.00 0.55642271 6.7417E-28            1.4369E-27 3.3742E-07 3.7959E-08 4.5446E-07 2.5945E-07 7.9187E-07 2.17E-06 7.27E-06   0.586 0.6000 7.2954E-06   1214.615
12601.00 0.55172175 6.3727E-28            1.3606E-27 3.3144E-07 3.7768E-08 4.4695E-07 2.5548E-07 7.7839E-07 2.14E-06 7.27E-06   0.595 0.6000 7.2929E-06   1213.988
12611.00 0.53678268 5.8525E-28            1.2629E-27 3.1945E-07 3.8041E-08 4.3449E-07 2.4986E-07 7.5395E-07 2.09E-06 7.46E-06   0.622 0.6000 7.4861E-06   1212.168
12621.00 0.53631294 5.5876E-28            1.2048E-27 3.1927E-07 3.8088E-08 4.3410E-07 2.4975E-07 7.5336E-07 2.09E-06 7.46E-06   0.623 0.6000 7.4847E-06   1212.874
12631.00 0.54111594 5.4133E-28            1.1600E-27 3.2020E-07 3.7831E-08 4.3405E-07 2.4906E-07 7.5425E-07 2.08E-06 7.35E-06   0.614 0.6000 7.3759E-06   1213.737
12641.00 0.53347796 5.0716E-28            1.0916E-27 3.1721E-07 3.8243E-08 4.3117E-07 2.4810E-07 7.4838E-07 2.07E-06 7.49E-06   0.628 0.6000 7.5189E-06   1213.873
12651.00 0.53366178 4.8566E-28            1.0426E-27 3.2157E-07 3.8619E-08 4.3552E-07 2.5021E-07 7.5709E-07 2.09E-06 7.54E-06   0.628 0.6000 7.5744E-06   1215.580
12661.00 0.52461374 4.5278E-28            9.7853E-28 3.0812E-07 3.8140E-08 4.1976E-07 2.4224E-07 7.2788E-07 2.02E-06 7.53E-06   0.645 0.6000 7.5617E-06   1213.161
12671.00 0.53238040 4.4119E-28            9.4735E-28 3.1864E-07 3.8812E-08 4.3275E-07 2.4896E-07 7.5139E-07 2.08E-06 7.57E-06   0.630 0.6000 7.6006E-06   1216.502
12681.00 0.54465944 4.3660E-28            9.2525E-28 3.3700E-07 3.9344E-08 4.5202E-07 2.5814E-07 7.8902E-07 2.16E-06 7.53E-06   0.608 0.6000 7.5620E-06   1221.251
12691.00 0.54193032 4.1433E-28            8.7884E-28 3.3224E-07 3.9090E-08 4.4581E-07 2.5489E-07 7.7805E-07 2.13E-06 7.49E-06   0.613 0.6000 7.5242E-06   1220.877
12701.00 0.54635572 4.0110E-28            8.4570E-28 3.4222E-07 3.9657E-08 4.5650E-07 2.6009E-07 7.9872E-07 2.17E-06 7.54E-06   0.604 0.6000 7.5755E-06   1223.791
12711.00 0.54564303 3.8275E-28            8.0613E-28 3.4358E-07 3.9923E-08 4.5778E-07 2.6063E-07 8.0137E-07 2.18E-06 7.59E-06   0.606 0.6000 7.6222E-06   1224.833
12721.00 0.55378056 3.7432E-28            7.8100E-28 3.5148E-07 3.9642E-08 4.6399E-07 2.6289E-07 8.1547E-07 2.20E-06 7.44E-06   0.591 0.6000 7.4713E-06   1227.036
12731.00 0.55393398 3.5807E-28            7.4568E-28 3.5199E-07 3.9647E-08 4.6375E-07 2.6254E-07 8.1574E-07 2.19E-06 7.43E-06   0.591 0.6000 7.4573E-06   1227.834
12741.00 0.55377847 3.4225E-28            7.1158E-28 3.5850E-07 4.0370E-08 4.7152E-07 2.6676E-07 8.3002E-07 2.23E-06 7.55E-06   0.591 0.6000 7.5819E-06   1230.035
12751.00 0.55433023 3.2775E-28            6.7991E-28 3.5948E-07 4.0375E-08 4.7173E-07 2.6663E-07 8.3121E-07 2.23E-06 7.53E-06   0.590 0.6000 7.5638E-06   1230.924
12761.00 0.55515695 3.1410E-28            6.4993E-28 3.5273E-07 3.9461E-08 4.6164E-07 2.6062E-07 8.1437E-07 2.18E-06 7.34E-06   0.589 0.6000 7.3715E-06   1230.006
12771.00 0.55508876 3.0028E-28            6.2030E-28 3.6014E-07 4.0273E-08 4.7053E-07 2.6547E-07 8.3066E-07 2.22E-06 7.48E-06   0.589 0.6000 7.5108E-06   1232.411
12781.00 0.55491185 2.8699E-28            5.9190E-28 3.6473E-07 4.0786E-08 4.7579E-07 2.6826E-07 8.4052E-07 2.24E-06 7.56E-06   0.589 0.6000 7.5955E-06   1234.158
12791.00 0.55466193 2.7421E-28            5.6471E-28 3.6531E-07 4.0864E-08 4.7583E-07 2.6814E-07 8.4114E-07 2.24E-06 7.56E-06   0.589 0.6000 7.5991E-06   1234.992
12801.00 0.55458516 2.6213E-28            5.3895E-28 3.6003E-07 4.0255E-08 4.6813E-07 2.6361E-07 8.2815E-07 2.20E-06 7.44E-06   0.590 0.6000 7.4738E-06   1234.473
12811.00 0.55413109 2.5032E-28            5.1401E-28 3.6431E-07 4.0781E-08 4.7312E-07 2.6629E-07 8.3743E-07 2.23E-06 7.53E-06   0.590 0.6000 7.5630E-06   1236.166
12821.00 0.55404145 2.3928E-28            4.9054E-28 3.6068E-07 4.0362E-08 4.6761E-07 2.6302E-07 8.2829E-07 2.20E-06 7.44E-06   0.591 0.6000 7.4729E-06   1236.027
12831.00 0.55354601 2.2847E-28            4.6780E-28 3.6502E-07 4.0901E-08 4.7267E-07 2.6575E-07 8.3769E-07 2.22E-06 7.53E-06   0.591 0.6000 7.5645E-06   1237.734
12841.00 0.55344707 2.1840E-28            4.4644E-28 3.6685E-07 4.1095E-08 4.7425E-07 2.6646E-07 8.4110E-07 2.23E-06 7.55E-06   0.592 0.6000 7.5875E-06   1238.842
12851.00 0.55309755 2.0862E-28            4.2586E-28 3.6674E-07 4.1111E-08 4.7344E-07 2.6587E-07 8.4018E-07 2.22E-06 7.54E-06   0.592 0.6000 7.5802E-06   1239.521
12861.00 0.55284423 1.9933E-28            4.0629E-28 3.5974E-07 4.0340E-08 4.6369E-07 2.6024E-07 8.2343E-07 2.18E-06 7.39E-06   0.593 0.6000 7.4270E-06   1238.620
12871.00 0.55262017 1.9047E-28            3.8765E-28 3.6830E-07 4.1309E-08 4.7399E-07 2.6586E-07 8.4229E-07 2.22E-06 7.56E-06   0.593 0.6000 7.5937E-06   1241.271
12881.00 0.55228484 1.8194E-28            3.6978E-28 3.6780E-07 4.1281E-08 4.7270E-07 2.6500E-07 8.4049E-07 2.21E-06 7.54E-06   0.594 0.6000 7.5782E-06   1241.863
12891.00 0.55182517 1.7374E-28            3.5266E-28 3.6753E-07 4.1302E-08 4.7180E-07 2.6438E-07 8.3933E-07 2.21E-06 7.54E-06   0.595 0.6000 7.5729E-06   1242.519
12901.00 0.55154163 1.6599E-28            3.3644E-28 3.5025E-07 3.9375E-08 4.4895E-07 2.5143E-07 7.9920E-07 2.10E-06 7.18E-06   0.595 0.6000 7.2091E-06   1239.222
12911.00 0.55101383 1.5848E-28            3.2082E-28 3.5819E-07 4.0325E-08 4.5864E-07 2.5674E-07 8.1683E-07 2.15E-06 7.34E-06   0.596 0.6000 7.3749E-06   1241.799
12921.00 0.55065334 1.5138E-28            3.0602E-28 3.6855E-07 4.1524E-08 4.7128E-07 2.6369E-07 8.3983E-07 2.20E-06 7.55E-06   0.597 0.6000 7.5841E-06   1244.878
12931.00 0.55007964 1.4451E-28            2.9178E-28 3.6622E-07 4.1329E-08 4.6784E-07 2.6168E-07 8.3406E-07 2.19E-06 7.51E-06   0.598 0.6000 7.5411E-06   1245.073
12941.00 0.54931265 1.3791E-28            2.7811E-28 3.5682E-07 4.0362E-08 4.5550E-07 2.5471E-07 8.1232E-07 2.13E-06 7.33E-06   0.599 0.6000 7.3599E-06   1243.645
12951.00 0.54884714 1.3170E-28            2.6523E-28 3.6160E-07 4.0952E-08 4.6108E-07 2.5770E-07 8.2267E-07 2.15E-06 7.42E-06   0.600 0.6000 7.4590E-06   1245.467
12961.00 0.54827040 1.2572E-28            2.5289E-28 3.5660E-07 4.0445E-08 4.5424E-07 2.5379E-07 8.1084E-07 2.12E-06 7.33E-06   0.601 0.6000 7.3595E-06   1245.030
12971.00 0.54731876 1.1990E-28            2.4097E-28 3.6262E-07 4.1239E-08 4.6166E-07 2.5791E-07 8.2428E-07 2.16E-06 7.47E-06   0.603 0.6000 7.5010E-06   1247.167
12981.00 0.54408574 1.1364E-28            2.2864E-28 3.5563E-07 4.0906E-08 4.5430E-07 2.5419E-07 8.0992E-07 2.12E-06 7.43E-06   0.609 0.6000 7.4677E-06   1246.472
12991.00 0.53956079 1.0723E-28            2.1640E-28 3.4693E-07 4.0533E-08 4.4573E-07 2.5020E-07 7.9266E-07 2.09E-06 7.40E-06   0.617 0.6000 7.4373E-06   1245.450
13001.00 0.53220654 1.0037E-28            2.0374E-28 3.3834E-07 4.0320E-08 4.3757E-07 2.4666E-07 7.7591E-07 2.06E-06 7.43E-06   0.631 0.6000 7.4697E-06   1244.446
13011.00 0.52596474 9.3957E-29            1.9220E-28 3.3403E-07 4.0357E-08 4.3333E-07 2.4515E-07 7.6737E-07 2.05E-06 7.49E-06   0.643 0.6000 7.5399E-06   1244.296
13021.00 0.51146841 8.6235E-29            1.7841E-28 3.1674E-07 3.9341E-08 4.1352E-07 2.3521E-07 7.3026E-07 1.97E-06 7.45E-06   0.670 0.6000 7.5258E-06   1240.974
13031.00 0.49690464 7.9242E-29            1.6544E-28 3.0130E-07 3.8528E-08 3.9587E-07 2.2617E-07 6.9717E-07 1.89E-06 7.46E-06   0.699 0.6000 7.5545E-06   1237.936
13041.00 0.47292104 7.1617E-29            1.5031E-28 2.6740E-07 3.5042E-08 3.5124E-07 2.0068E-07 6.1865E-07 1.68E-06 7.04E-06   0.749 0.6000 7.1580E-06   1229.002
13051.00 0.44822791 6.3172E-29            1.3599E-28 2.3008E-07 3.2755E-08 3.1041E-07 1.8008E-07 5.4049E-07 1.51E-06 6.95E-06   0.802 0.6000 7.0679E-06   1218.976
13061.00 0.40843287 5.4726E-29            1.1835E-28 2.0453E-07 3.1148E-08 2.7840E-07 1.6231E-07 4.8293E-07 1.36E-06 7.19E-06   0.895 0.6000 7.3488E-06   1210.879
13071.00 0.36431056 4.9244E-29            1.0080E-28 1.8180E-07 2.8775E-08 2.4412E-07 1.4083E-07 4.2592E-07 1.18E-06 7.35E-06   1.010 0.6000 7.5912E-06   1201.899
13081.00 0.32603717 4.1031E-29            8.6051E-29 1.4924E-07 2.5886E-08 2.0329E-07 1.1834E-07 3.5254E-07 9.89E-07 7.32E-06   1.121 0.6000 7.5900E-06   1188.284
13091.00 0.27939177 3.3296E-29            7.0345E-29 1.1267E-07 2.2332E-08 1.5585E-07 9.2036E-08 2.6851E-07 7.69E-07 7.26E-06   1.275 0.6000 7.5855E-06   1168.930
13101.00 0.25622699 2.9368E-29            6.1559E-29 9.6998E-08 2.0422E-08 1.3366E-07 7.8871E-08 2.3066E-07 6.59E-07 7.21E-06   1.362 0.6000 7.5818E-06   1158.730
13111.00 0.27522245 2.9475E-29            6.3031E-29 1.0550E-07 2.1352E-08 1.4561E-07 8.5504E-08 2.5111E-07 7.15E-07 7.14E-06   1.290 0.6000 7.5031E-06   1165.538
13121.00 0.40077475 4.1851E-29            8.7578E-29 2.0007E-07 2.9490E-08 2.6499E-07 1.5078E-07 4.6507E-07 1.26E-06 7.04E-06   0.914 0.6000 7.2390E-06   1212.423
13131.00 0.25462162 2.2055E-29            5.3511E-29 8.6417E-08 1.9847E-08 1.2234E-07 7.4385E-08 2.0875E-07 6.22E-07 7.10E-06   1.368 0.6000 7.4454E-06   1153.819
13141.00 0.13640824 1.1229E-29            2.7282E-29 2.7253E-08 1.2215E-08 3.5374E-08 2.3731E-08 6.2627E-08 1.98E-07 6.98E-06   1.992 0.6000 7.4787E-06   1075.471
13151.00 0.12529182 1.1523E-29            2.3761E-29 2.6685E-08 1.2065E-08 3.3839E-08 2.3076E-08 6.0524E-08 1.93E-07 6.85E-06   2.077 0.6000 7.4464E-06   1074.063
13161.00 0.23861226 1.7031E-29            4.2999E-29 8.9700E-08 2.1089E-08 1.2412E-07 7.7930E-08 2.1382E-07 6.51E-07 7.10E-06   1.433 0.6000 7.5141E-06   1157.668
13171.00 0.50618249 4.4002E-29            8.7538E-29 3.3121E-07 3.9944E-08 4.1392E-07 2.3050E-07 7.4513E-07 1.93E-06 7.42E-06   0.681 0.6000 7.4986E-06   1254.090
13181.00 0.54253465 4.6125E-29            8.9748E-29 3.6303E-07 4.1505E-08 4.4720E-07 2.4663E-07 8.1024E-07 2.06E-06 7.28E-06   0.612 0.6000 7.3163E-06   1261.847
13191.00 0.54299355 4.4149E-29            8.5732E-29 3.7360E-07 4.2613E-08 4.5902E-07 2.5291E-07 8.3262E-07 2.11E-06 7.46E-06   0.611 0.6000 7.4903E-06   1264.906
13201.00 0.54276115 4.2183E-29            8.1792E-29 3.7201E-07 4.2441E-08 4.5636E-07 2.5130E-07 8.2837E-07 2.10E-06 7.41E-06   0.611 0.6000 7.4493E-06   1265.241
13211.00 0.54254788 4.0305E-29            7.8034E-29 3.7245E-07 4.2497E-08 4.5618E-07 2.5104E-07 8.2863E-07 2.10E-06 7.41E-06   0.611 0.6000 7.4483E-06   1266.035
13221.00 0.54221314 3.8498E-29            7.4433E-29 3.7151E-07 4.2418E-08 4.5440E-07 2.4992E-07 8.2591E-07 2.09E-06 7.39E-06   0.612 0.6000 7.4250E-06   1266.525
13231.00 0.54186016 3.6770E-29            7.0995E-29 3.6972E-07 4.2242E-08 4.5157E-07 2.4823E-07 8.2129E-07 2.07E-06 7.35E-06   0.613 0.6000 7.3850E-06   1266.817
13241.00 0.54154205 3.5124E-29            6.7720E-29 3.7616E-07 4.3002E-08 4.5879E-07 2.5206E-07 8.3495E-07 2.11E-06 7.47E-06   0.613 0.6000 7.5083E-06   1268.977
13251.00 0.54126740 3.3555E-29            6.4601E-29 3.7758E-07 4.3183E-08 4.5983E-07 2.5250E-07 8.3742E-07 2.11E-06 7.49E-06   0.614 0.6000 7.5299E-06   1269.993
13261.00 0.54082894 3.2041E-29            6.1608E-29 3.7875E-07 4.3362E-08 4.6066E-07 2.5283E-07 8.3941E-07 2.11E-06 7.51E-06   0.615 0.6000 7.5529E-06   1270.962
13271.00 0.54059905 3.0615E-29            5.8775E-29 3.7534E-07 4.2974E-08 4.5579E-07 2.4998E-07 8.3113E-07 2.09E-06 7.44E-06   0.615 0.6000 7.4749E-06   1270.889
13281.00 0.54026175 2.9243E-29            5.6061E-29 3.7228E-07 4.2650E-08 4.5143E-07 2.4746E-07 8.2371E-07 2.07E-06 7.37E-06   0.616 0.6000 7.4093E-06   1270.897
13291.00 0.53990936 2.7931E-29            5.3472E-29 3.7115E-07 4.2550E-08 4.4943E-07 2.4622E-07 8.2058E-07 2.06E-06 7.34E-06   0.616 0.6000 7.3830E-06   1271.341
13301.00 0.53947800 2.6671E-29            5.0994E-29 3.7618E-07 4.3168E-08 4.5492E-07 2.4911E-07 8.3110E-07 2.08E-06 7.44E-06   0.617 0.6000 7.4823E-06   1273.185
13311.00 0.53922313 2.5482E-29            4.8646E-29 3.6510E-07 4.1909E-08 4.4086E-07 2.4126E-07 8.0596E-07 2.02E-06 7.21E-06   0.618 0.6000 7.2543E-06   1271.353
13321.00 0.53862756 2.4321E-29            4.6378E-29 3.7603E-07 4.3236E-08 4.5354E-07 2.4810E-07 8.2957E-07 2.07E-06 7.44E-06   0.619 0.6000 7.4775E-06   1274.561
13331.00 0.53838092 2.3235E-29            4.4243E-29 3.7299E-07 4.2897E-08 4.4920E-07 2.4558E-07 8.2218E-07 2.05E-06 7.37E-06   0.619 0.6000 7.4089E-06   1274.569
13341.00 0.53807265 2.2195E-29            4.2203E-29 3.6477E-07 4.1973E-08 4.3866E-07 2.3968E-07 8.0342E-07 2.00E-06 7.20E-06   0.620 0.6000 7.2399E-06   1273.382
13351.00 0.53787607 2.1209E-29            4.0264E-29 3.7649E-07 4.3321E-08 4.5202E-07 2.4682E-07 8.2851E-07 2.06E-06 7.42E-06   0.620 0.6000 7.4618E-06   1276.750
13361.00 0.53752756 2.0256E-29            3.8404E-29 3.7447E-07 4.3119E-08 4.4897E-07 2.4502E-07 8.2344E-07 2.05E-06 7.37E-06   0.621 0.6000 7.4177E-06   1276.995
13371.00 0.53692853 1.9332E-29            3.6612E-29 3.7385E-07 4.3120E-08 4.4771E-07 2.4424E-07 8.2155E-07 2.04E-06 7.37E-06   0.622 0.6000 7.4110E-06   1277.565
13381.00 0.53651810 1.8461E-29            3.4917E-29 3.7608E-07 4.3421E-08 4.4981E-07 2.4526E-07 8.2589E-07 2.05E-06 7.41E-06   0.623 0.6000 7.4538E-06   1278.777
13391.00 0.53619862 1.7633E-29            3.3304E-29 3.7650E-07 4.3495E-08 4.4968E-07 2.4505E-07 8.2618E-07 2.05E-06 7.41E-06   0.623 0.6000 7.4568E-06   1279.573
13401.00 0.53569961 1.6833E-29            3.1757E-29 3.7348E-07 4.3204E-08 4.4550E-07 2.4266E-07 8.1898E-07 2.03E-06 7.36E-06   0.624 0.6000 7.3986E-06   1279.594
13411.00 0.53475606 1.6048E-29            3.0255E-29 3.7604E-07 4.3639E-08 4.4822E-07 2.4410E-07 8.2426E-07 2.04E-06 7.43E-06   0.626 0.6000 7.4693E-06   1280.905
13421.00 0.53497618 1.5353E-29            2.8887E-29 3.6930E-07 4.2785E-08 4.3929E-07 2.3902E-07 8.0859E-07 2.00E-06 7.27E-06   0.626 0.6000 7.3080E-06   1280.038
13431.00 0.53363949 1.4621E-29            2.7502E-29 3.6287E-07 4.2239E-08 4.3145E-07 2.3477E-07 7.9432E-07 1.96E-06 7.17E-06   0.628 0.6000 7.2145E-06   1279.293
13441.00 0.53301525 1.3951E-29            2.6216E-29 3.7437E-07 4.3655E-08 4.4460E-07 2.4183E-07 8.1897E-07 2.02E-06 7.41E-06   0.629 0.6000 7.4488E-06   1282.651
13451.00 0.53368932 1.3366E-29            2.5053E-29 3.7678E-07 4.3786E-08 4.4638E-07 2.4251E-07 8.2316E-07 2.03E-06 7.41E-06   0.628 0.6000 7.4513E-06   1283.850
13461.00 0.52959442 1.2628E-29            2.3729E-29 3.6623E-07 4.3213E-08 4.3479E-07 2.3659E-07 8.0101E-07 1.98E-06 7.34E-06   0.636 0.6000 7.3809E-06   1282.295
13471.00 0.52867711 1.2036E-29            2.2604E-29 3.5226E-07 4.1710E-08 4.1794E-07 2.2741E-07 7.7021E-07 1.90E-06 7.08E-06   0.637 0.6000 7.1206E-06   1279.735
13481.00 0.52820861 1.1495E-29            2.1557E-29 3.5277E-07 4.1795E-08 4.1794E-07 2.2727E-07 7.7071E-07 1.90E-06 7.08E-06   0.638 0.6000 7.1258E-06   1280.552
13491.00 0.52369750 1.0844E-29            2.0397E-29 3.4467E-07 4.1510E-08 4.0929E-07 2.2300E-07 7.5396E-07 1.86E-06 7.07E-06   0.647 0.6000 7.1079E-06   1279.459
13501.00 0.52716601 1.0471E-29            1.9595E-29 3.6153E-07 4.2983E-08 4.2732E-07 2.3218E-07 7.8885E-07 1.94E-06 7.27E-06   0.640 0.6000 7.3132E-06   1284.047
13511.00 0.52097523 9.8393E-30            1.8487E-29 3.5123E-07 4.2672E-08 4.1643E-07 2.2687E-07 7.6766E-07 1.90E-06 7.27E-06   0.652 0.6000 7.3098E-06   1282.501
13521.00 0.51366121 9.2066E-30            1.7392E-29 3.4001E-07 4.2363E-08 4.0469E-07 2.2124E-07 7.4469E-07 1.85E-06 7.27E-06   0.666 0.6000 7.3173E-06   1280.697
13531.00 0.51584953 8.8512E-30            1.6664E-29 3.3327E-07 4.1205E-08 3.9547E-07 2.1586E-07 7.2874E-07 1.80E-06 7.04E-06   0.662 0.6000 7.0827E-06   1279.632
13541.00 0.50676578 8.2456E-30            1.5630E-29 3.2925E-07 4.1967E-08 3.9243E-07 2.1509E-07 7.2168E-07 1.80E-06 7.25E-06   0.680 0.6000 7.2893E-06   1279.574
13551.00 0.51550013 8.0811E-30            1.5171E-29 3.5060E-07 4.3404E-08 4.1498E-07 2.2615E-07 7.6558E-07 1.89E-06 7.39E-06   0.663 0.6000 7.4378E-06   1285.316
13561.00 0.50648731 7.5367E-30            1.4234E-29 3.3806E-07 4.3032E-08 4.0157E-07 2.1971E-07 7.3962E-07 1.84E-06 7.41E-06   0.680 0.6000 7.4514E-06   1283.160
13571.00 0.49574962 6.9780E-30            1.3289E-29 3.2008E-07 4.2196E-08 3.8204E-07 2.1024E-07 7.0212E-07 1.76E-06 7.35E-06   0.702 0.6000 7.3967E-06   1279.541
13581.00 0.49306706 6.6103E-30            1.2614E-29 3.1125E-07 4.1705E-08 3.7321E-07 2.0592E-07 6.8446E-07 1.72E-06 7.29E-06   0.707 0.6000 7.3305E-06   1278.165
13591.00 0.50366271 6.5230E-30            1.2296E-29 3.2655E-07 4.2142E-08 3.8801E-07 2.1253E-07 7.1457E-07 1.78E-06 7.25E-06   0.686 0.6000 7.2885E-06   1282.533
13601.00 0.49506143 6.1021E-30            1.1540E-29 3.2232E-07 4.2327E-08 3.8171E-07 2.0933E-07 7.0403E-07 1.75E-06 7.34E-06   0.703 0.6000 7.3844E-06   1282.041
13611.00 0.49553600 5.8303E-30            1.1018E-29 3.2599E-07 4.2824E-08 3.8623E-07 2.1188E-07 7.1221E-07 1.77E-06 7.41E-06   0.702 0.6000 7.4548E-06   1283.771
13621.00 0.51228648 5.8549E-30            1.0873E-29 3.5347E-07 4.3983E-08 4.1398E-07 2.2474E-07 7.6744E-07 1.88E-06 7.43E-06   0.669 0.6000 7.4763E-06   1290.848
13631.00 0.47932765 5.0880E-30            9.7145E-30 3.0526E-07 4.1780E-08 3.6220E-07 2.0007E-07 6.6746E-07 1.67E-06 7.35E-06   0.735 0.6000 7.3964E-06   1279.843
13641.00 0.48668322 4.9756E-30            9.4084E-30 3.1018E-07 4.1536E-08 3.6564E-07 2.0048E-07 6.7582E-07 1.68E-06 7.23E-06   0.720 0.6000 7.2736E-06   1281.639
13651.00 0.49160340 4.8260E-30            9.0695E-30 3.1764E-07 4.1915E-08 3.7347E-07 2.0418E-07 6.9111E-07 1.71E-06 7.25E-06   0.710 0.6000 7.2899E-06   1284.269
13661.00 0.43963045 3.9561E-30            7.7463E-30 2.5940E-07 3.9604E-08 3.0914E-07 1.7301E-07 5.6854E-07 1.45E-06 7.34E-06   0.822 0.6000 7.3809E-06   1268.831
13671.00 0.43521717 3.6982E-30            7.3190E-30 2.4397E-07 3.9048E-08 2.9446E-07 1.6618E-07 5.3843E-07 1.39E-06 7.28E-06   0.832 0.6000 7.3220E-06   1265.136
13681.00 0.44282055 3.6398E-30            7.1024E-30 2.5580E-07 3.8923E-08 3.0444E-07 1.7018E-07 5.6024E-07 1.42E-06 7.16E-06   0.815 0.6000 7.2028E-06   1269.125
13691.00 0.41566253 3.1797E-30            6.3563E-30 2.3184E-07 3.8539E-08 2.7781E-07 1.5749E-07 5.0965E-07 1.32E-06 7.35E-06   0.878 0.6000 7.3972E-06   1262.172
13701.00 0.45344844 3.4168E-30            6.6281E-30 2.6835E-07 4.0509E-08 3.2094E-07 1.7945E-07 5.8929E-07 1.50E-06 7.31E-06   0.791 0.6000 7.3541E-06   1274.774
13711.00 0.39441827 2.6883E-30            5.5008E-30 1.9635E-07 3.5595E-08 2.3821E-07 1.3757E-07 4.3456E-07 1.15E-06 6.98E-06   0.930 0.6000 7.0258E-06   1250.890
13721.00 0.45776844 3.1772E-30            6.0814E-30 2.7486E-07 3.9529E-08 3.2300E-07 1.7893E-07 5.9787E-07 1.50E-06 7.06E-06   0.781 0.6000 7.1045E-06   1277.467
13731.00 0.43832278 2.8753E-30            5.5777E-30 2.5506E-07 3.9510E-08 3.0188E-07 1.6834E-07 5.5694E-07 1.41E-06 7.27E-06   0.825 0.6000 7.3140E-06   1272.381
13741.00 0.37431836 2.2179E-30            4.5295E-30 1.9729E-07 3.6241E-08 2.3228E-07 1.3272E-07 4.2957E-07 1.11E-06 7.31E-06   0.983 0.6000 7.3536E-06   1252.189
13751.00 0.44660479 2.6926E-30            5.1617E-30 2.7469E-07 4.0908E-08 3.2176E-07 1.7799E-07 5.9645E-07 1.49E-06 7.39E-06   0.806 0.6000 7.4416E-06   1279.522
13761.00 0.40380603 2.2378E-30            4.4607E-30 2.2554E-07 3.8140E-08 2.6689E-07 1.5129E-07 4.9242E-07 1.26E-06 7.32E-06   0.907 0.6000 7.3658E-06   1264.600
13771.00 0.42864415 2.2909E-30            4.5132E-30 2.3718E-07 3.9230E-08 2.8421E-07 1.6069E-07 5.2139E-07 1.34E-06 7.25E-06   0.847 0.6000 7.2949E-06   1269.978
13781.00 0.39844167 2.0299E-30            4.0109E-30 2.3010E-07 3.8132E-08 2.6808E-07 1.5079E-07 4.9818E-07 1.26E-06 7.33E-06   0.920 0.6000 7.3832E-06   1267.025
13791.00 0.41991115 2.0536E-30            4.0230E-30 2.3997E-07 3.9147E-08 2.8312E-07 1.5917E-07 5.2310E-07 1.33E-06 7.29E-06   0.868 0.6000 7.3406E-06   1271.734
13801.00 0.39618373 1.8817E-30            3.6303E-30 2.2556E-07 3.7968E-08 2.6369E-07 1.4911E-07 4.8926E-07 1.25E-06 7.30E-06   0.926 0.6000 7.3445E-06   1267.048
13811.00 0.41270345 1.9413E-30            3.6059E-30 2.4495E-07 3.8980E-08 2.8427E-07 1.5812E-07 5.2922E-07 1.32E-06 7.31E-06   0.885 0.6000 7.3600E-06   1274.174
13821.00 0.38164353 1.5942E-30            3.1776E-30 2.1536E-07 3.7531E-08 2.4932E-07 1.4077E-07 4.6468E-07 1.18E-06 7.37E-06   0.963 0.6000 7.4156E-06   1264.376
13831.00 0.46227700 1.9682E-30            3.6774E-30 2.9514E-07 4.1860E-08 3.4013E-07 1.8594E-07 6.3528E-07 1.55E-06 7.29E-06   0.772 0.6000 7.3440E-06   1290.778
13841.00 0.47472399 1.9478E-30            3.6034E-30 3.0247E-07 4.1345E-08 3.4708E-07 1.8892E-07 6.4955E-07 1.58E-06 7.06E-06   0.745 0.6000 7.1063E-06   1293.393
13851.00 0.47597232 1.8655E-30            3.4507E-30 3.0679E-07 4.2677E-08 3.5378E-07 1.9280E-07 6.6057E-07 1.61E-06 7.28E-06   0.742 0.6000 7.3322E-06   1295.560
13861.00 0.47771275 1.7920E-30            3.3054E-30 3.0941E-07 4.2740E-08 3.5592E-07 1.9377E-07 6.6534E-07 1.62E-06 7.26E-06   0.739 0.6000 7.3065E-06   1296.920
13871.00 0.41526213 1.4212E-30            2.7452E-30 2.3438E-07 3.7816E-08 2.7153E-07 1.5156E-07 5.0591E-07 1.27E-06 7.00E-06   0.879 0.6000 7.0523E-06   1274.964
13881.00 0.36150700 1.1332E-30            2.2786E-30 1.9387E-07 3.6153E-08 2.2355E-07 1.2712E-07 4.1742E-07 1.06E-06 7.25E-06   1.017 0.6000 7.3060E-06   1260.230
13891.00 0.37859005 1.1312E-30            2.2743E-30 1.9746E-07 3.6845E-08 2.3173E-07 1.3275E-07 4.2919E-07 1.11E-06 7.18E-06   0.971 0.6000 7.2275E-06   1263.181
13901.00 0.36970821 1.0610E-30            2.1187E-30 1.9379E-07 3.5613E-08 2.2259E-07 1.2648E-07 4.1638E-07 1.06E-06 7.02E-06   0.995 0.6000 7.0741E-06   1261.502
13911.00 0.34393874 9.7942E-31            1.8853E-30 1.8029E-07 3.4195E-08 2.0369E-07 1.1576E-07 3.8398E-07 9.68E-07 6.98E-06   1.067 0.6000 7.0323E-06   1255.823
13921.00 0.39590937 1.1072E-30            2.0673E-30 2.2291E-07 3.7540E-08 2.5546E-07 1.4288E-07 4.7838E-07 1.19E-06 7.07E-06   0.927 0.6000 7.1195E-06   1274.126
13931.00 0.37590599 9.9085E-31            1.8757E-30 2.0045E-07 3.7222E-08 2.3288E-07 1.3309E-07 4.3333E-07 1.11E-06 7.20E-06   0.978 0.6000 7.2560E-06   1266.896
13941.00 0.38294262 9.1658E-31            1.8210E-30 2.0657E-07 3.8401E-08 2.3972E-07 1.3681E-07 4.4628E-07 1.14E-06 7.33E-06   0.960 0.6000 7.3884E-06   1269.998
13951.00 0.43924862 1.0578E-30            1.9919E-30 2.5355E-07 3.9919E-08 2.9113E-07 1.6076E-07 5.4468E-07 1.34E-06 7.03E-06   0.823 0.6000 7.0864E-06   1286.969
13961.00 0.48959467 1.1841E-30            2.1212E-30 3.3135E-07 4.3996E-08 3.7225E-07 1.9960E-07 7.0360E-07 1.67E-06 7.22E-06   0.714 0.6000 7.2741E-06   1309.201
13971.00 0.49869686 1.1632E-30            2.0620E-30 3.4834E-07 4.4783E-08 3.8870E-07 2.0729E-07 7.3704E-07 1.73E-06 7.25E-06   0.696 0.6000 7.3034E-06   1313.931
13981.00 0.49471831 1.0997E-30            1.9528E-30 3.3247E-07 4.3350E-08 3.7144E-07 1.9828E-07 7.0390E-07 1.66E-06 7.05E-06   0.704 0.6000 7.1012E-06   1310.746
13991.00 0.50223297 1.0751E-30            1.8914E-30 3.4939E-07 4.4193E-08 3.8752E-07 2.0577E-07 7.3691E-07 1.72E-06 7.10E-06   0.689 0.6000 7.1508E-06   1315.428
14001.00 0.50547421 1.0380E-30            1.8169E-30 3.6599E-07 4.5764E-08 4.0437E-07 2.1418E-07 7.7037E-07 1.79E-06 7.30E-06   0.682 0.6000 7.3618E-06   1320.013
14011.00 0.50815552 1.0005E-30            1.7430E-30 3.7047E-07 4.5772E-08 4.0749E-07 2.1527E-07 7.7795E-07 1.80E-06 7.27E-06   0.677 0.6000 7.3230E-06   1321.619
14021.00 0.50470543 9.4612E-31            1.6522E-30 3.5549E-07 4.4601E-08 3.9189E-07 2.0736E-07 7.4739E-07 1.73E-06 7.10E-06   0.684 0.6000 7.1568E-06   1318.911
14031.00 0.50939465 9.1747E-31            1.5912E-30 3.7146E-07 4.5652E-08 4.0681E-07 2.1443E-07 7.7826E-07 1.79E-06 7.21E-06   0.675 0.6000 7.2644E-06   1323.169
14041.00 0.50793117 8.7334E-31            1.5143E-30 3.6903E-07 4.5566E-08 4.0401E-07 2.1305E-07 7.7304E-07 1.78E-06 7.20E-06   0.677 0.6000 7.2526E-06   1323.343
14051.00 0.50913382 8.3783E-31            1.4484E-30 3.7178E-07 4.5664E-08 4.0588E-07 2.1368E-07 7.7766E-07 1.79E-06 7.19E-06   0.675 0.6000 7.2437E-06   1324.617
14061.00 0.50610936 7.9366E-31            1.3742E-30 3.6712E-07 4.5648E-08 4.0129E-07 2.1147E-07 7.6841E-07 1.77E-06 7.20E-06   0.681 0.6000 7.2598E-06   1324.336
14071.00 0.50465810 7.5535E-31            1.3075E-30 3.7132E-07 4.6383E-08 4.0562E-07 2.1374E-07 7.7694E-07 1.79E-06 7.32E-06   0.684 0.6000 7.3793E-06   1326.051
14081.00 0.50321084 7.1870E-31            1.2442E-30 3.6926E-07 4.6425E-08 4.0346E-07 2.1267E-07 7.7272E-07 1.78E-06 7.33E-06   0.687 0.6000 7.3891E-06   1326.335
14091.00 0.50476205 6.9015E-31            1.1909E-30 3.6957E-07 4.6126E-08 4.0243E-07 2.1183E-07 7.7200E-07 1.77E-06 7.25E-06   0.684 0.6000 7.3099E-06   1327.011
14101.00 0.50245649 6.5585E-31            1.1315E-30 3.6267E-07 4.5517E-08 3.9434E-07 2.0753E-07 7.5701E-07 1.73E-06 7.17E-06   0.688 0.6000 7.2252E-06   1326.066
14111.00 0.50619364 6.3385E-31            1.0876E-30 3.6906E-07 4.5637E-08 3.9954E-07 2.0967E-07 7.6859E-07 1.75E-06 7.14E-06   0.681 0.6000 7.1951E-06   1328.140
14121.00 0.49657813 5.8864E-31            1.0185E-30 3.6133E-07 4.6404E-08 3.9372E-07 2.0771E-07 7.5505E-07 1.74E-06 7.34E-06   0.700 0.6000 7.4015E-06   1327.353
14131.00 0.49930134 5.6758E-31            9.7695E-31 3.6570E-07 4.6501E-08 3.9726E-07 2.0906E-07 7.6296E-07 1.75E-06 7.32E-06   0.695 0.6000 7.3775E-06   1329.014
14141.00 0.50248557 5.4826E-31            9.3840E-31 3.6004E-07 4.5151E-08 3.8929E-07 2.0433E-07 7.4934E-07 1.71E-06 7.06E-06   0.688 0.6000 7.1188E-06   1328.206
14151.00 0.49388903 5.1084E-31            8.8015E-31 3.5376E-07 4.5829E-08 3.8456E-07 2.0289E-07 7.3832E-07 1.70E-06 7.24E-06   0.705 0.6000 7.2975E-06   1327.677
14161.00 0.49455255 4.8932E-31            8.4107E-31 3.5491E-07 4.5878E-08 3.8538E-07 2.0319E-07 7.4029E-07 1.70E-06 7.23E-06   0.704 0.6000 7.2867E-06   1328.663
14171.00 0.48997265 4.6252E-31            7.9538E-31 3.4939E-07 4.5644E-08 3.7879E-07 1.9982E-07 7.2818E-07 1.67E-06 7.22E-06   0.713 0.6000 7.2819E-06   1327.989
14181.00 0.48726171 4.3827E-31            7.5433E-31 3.5039E-07 4.6184E-08 3.7971E-07 2.0039E-07 7.3010E-07 1.67E-06 7.32E-06   0.719 0.6000 7.3827E-06   1328.971
14191.00 0.50012350 4.3559E-31            7.3911E-31 3.7263E-07 4.6971E-08 4.0009E-07 2.0946E-07 7.7272E-07 1.75E-06 7.30E-06   0.693 0.6000 7.3659E-06   1334.657
14201.00 0.47897252 3.9171E-31            6.7570E-31 3.3668E-07 4.5128E-08 3.6386E-07 1.9233E-07 7.0054E-07 1.61E-06 7.21E-06   0.736 0.6000 7.2675E-06   1326.908
14211.00 0.50054437 3.9915E-31            6.7337E-31 3.7337E-07 4.6495E-08 3.9773E-07 2.0752E-07 7.7110E-07 1.73E-06 7.20E-06   0.692 0.6000 7.2579E-06   1335.985
14221.00 0.48702326 3.6708E-31            6.2605E-31 3.5029E-07 4.5724E-08 3.7595E-07 1.9763E-07 7.2624E-07 1.65E-06 7.20E-06   0.719 0.6000 7.2581E-06   1331.527
14231.00 0.47019154 3.3279E-31            5.7604E-31 3.1788E-07 4.4023E-08 3.4423E-07 1.8268E-07 6.6211E-07 1.53E-06 7.08E-06   0.755 0.6000 7.1422E-06   1324.314
14241.00 0.48066428 3.2821E-31            5.6225E-31 3.3532E-07 4.5049E-08 3.6174E-07 1.9091E-07 6.9707E-07 1.60E-06 7.13E-06   0.733 0.6000 7.1894E-06   1329.488
14251.00 0.47308636 3.0667E-31            5.2783E-31 3.1933E-07 4.3694E-08 3.4410E-07 1.8196E-07 6.6343E-07 1.52E-06 6.97E-06   0.748 0.6000 7.0286E-06   1325.985
14261.00 0.48203108 3.0130E-31            5.1341E-31 3.3943E-07 4.5403E-08 3.6418E-07 1.9154E-07 7.0361E-07 1.60E-06 7.15E-06   0.730 0.6000 7.2140E-06   1331.798
14271.00 0.46648210 2.7473E-31            4.7414E-31 3.1405E-07 4.4221E-08 3.3905E-07 1.7963E-07 6.5310E-07 1.50E-06 7.11E-06   0.763 0.6000 7.1715E-06   1326.140
14281.00 0.47949916 2.7400E-31            4.6517E-31 3.3929E-07 4.5180E-08 3.6162E-07 1.8977E-07 7.0091E-07 1.59E-06 7.11E-06   0.735 0.6000 7.1755E-06   1332.970
 -9999.
