T F 2    2    2    0    2    2    2    2    2    2    1    0    0   0.0000.00000
    1    1    1    0    0    0   2.00000   0.00000   0.00000   0.00000   0.00000
 -99.000 -99.000 -99.000
 -99.00000 -99.00000 -99.00000  2.922360  0.000710 ! H2O & O3 COLUMNS [GM/CM2]
   36MID-LATITUDE SUMMER 
   3.00000   3.00000  90.13738  35.00051   0.31461   0.00000    1        0.00000
    0    0  172    0
   0.00000   0.00000   0.00000  20.00413   0.00000 180.00000   0.00000   0.00000
    9091.0   14286.0      10.0      10.0NW              
    0   0    0.000  0    0.000  0    1.000
    FREQ  TOT_TRANS  PTH_THRML  THRML_SCT  SURF_EMIS   SOL_SCAT  SING_SCAT  GRND_RFLT  DRCT_RFLT  TOTAL_RAD  REF_SOL  SOL@OBS   DEPTH DIR_EM    TOA_SUN BBODY_T[K]
 9091.00 0.35832050 2.6221E-21 0.0000E+00 0.0000E+00 1.1625E-07 1.1625E-07 0.0000E+00 0.0000E+00 1.1625E-07 2.37E-06 6.32E-06   1.026 1.0000 6.9214E-06    824.904
 9101.00 0.40069264 2.3371E-21 0.0000E+00 0.0000E+00 1.2098E-07 1.2098E-07 0.0000E+00 0.0000E+00 1.2098E-07 2.58E-06 6.27E-06   0.915 1.0000 6.7529E-06    827.723
 9111.00 0.47474968 1.9561E-21 0.0000E+00 0.0000E+00 1.3325E-07 1.3325E-07 0.0000E+00 0.0000E+00 1.3325E-07 3.09E-06 6.38E-06   0.745 1.0000 6.7702E-06    833.548
 9121.00 0.47379586 1.8570E-21 0.0000E+00 0.0000E+00 1.3321E-07 1.3321E-07 0.0000E+00 0.0000E+00 1.3321E-07 3.08E-06 6.36E-06   0.747 1.0000 6.7570E-06    834.270
 9131.00 0.45501181 1.8384E-21 0.0000E+00 0.0000E+00 1.3010E-07 1.3010E-07 0.0000E+00 0.0000E+00 1.3010E-07 2.93E-06 6.31E-06   0.787 1.0000 6.7175E-06    833.762
 9141.00 0.52485943 1.5296E-21 0.0000E+00 0.0000E+00 1.3577E-07 1.3577E-07 0.0000E+00 0.0000E+00 1.3577E-07 3.25E-06 6.14E-06   0.645 1.0000 6.4440E-06    836.765
 9151.00 0.47628468 1.6037E-21 0.0000E+00 0.0000E+00 1.3580E-07 1.3580E-07 0.0000E+00 0.0000E+00 1.3580E-07 3.14E-06 6.41E-06   0.742 1.0000 6.8615E-06    837.515
 9161.00 0.59654433 1.1781E-21 0.0000E+00 0.0000E+00 1.5833E-07 1.5833E-07 0.0000E+00 0.0000E+00 1.5833E-07 4.00E-06 6.68E-06   0.517 1.0000 6.9345E-06    846.520
 9171.00 0.51807386 1.3394E-21 0.0000E+00 0.0000E+00 1.4672E-07 1.4672E-07 0.0000E+00 0.0000E+00 1.4672E-07 3.49E-06 6.61E-06   0.658 1.0000 6.9883E-06    843.145
 9181.00 0.54313177 1.2114E-21 0.0000E+00 0.0000E+00 1.4942E-07 1.4942E-07 0.0000E+00 0.0000E+00 1.4942E-07 3.60E-06 6.57E-06   0.610 1.0000 6.8738E-06    844.871
 9191.00 0.58685368 1.0429E-21 0.0000E+00 0.0000E+00 1.5644E-07 1.5644E-07 0.0000E+00 0.0000E+00 1.5644E-07 3.89E-06 6.61E-06   0.533 1.0000 6.8531E-06    848.104
 9201.00 0.53594786 1.1148E-21 0.0000E+00 0.0000E+00 1.4673E-07 1.4673E-07 0.0000E+00 0.0000E+00 1.4673E-07 3.50E-06 6.45E-06   0.624 1.0000 6.7792E-06    845.376
 9211.00 0.54194176 1.0523E-21 0.0000E+00 0.0000E+00 1.5361E-07 1.5361E-07 0.0000E+00 0.0000E+00 1.5361E-07 3.67E-06 6.69E-06   0.613 1.0000 7.0277E-06    848.602
 9221.00 0.56363201 9.5256E-22 0.0000E+00 0.0000E+00 1.5674E-07 1.5674E-07 0.0000E+00 0.0000E+00 1.5674E-07 3.79E-06 6.69E-06   0.573 1.0000 6.9689E-06    850.446
 9231.00 0.57171905 8.9330E-22 0.0000E+00 0.0000E+00 1.5367E-07 1.5367E-07 0.0000E+00 0.0000E+00 1.5367E-07 3.75E-06 6.51E-06   0.559 1.0000 6.7955E-06    850.111
 9241.00 0.59981555 7.9289E-22 0.0000E+00 0.0000E+00 1.5890E-07 1.5890E-07 0.0000E+00 0.0000E+00 1.5890E-07 3.94E-06 6.55E-06   0.511 1.0000 6.7842E-06    852.681
 9251.00 0.57091415 8.1114E-22 0.0000E+00 0.0000E+00 1.5739E-07 1.5739E-07 0.0000E+00 0.0000E+00 1.5739E-07 3.81E-06 6.62E-06   0.561 1.0000 6.9007E-06    852.903
 9261.00 0.58987266 7.3970E-22 0.0000E+00 0.0000E+00 1.6280E-07 1.6280E-07 0.0000E+00 0.0000E+00 1.6280E-07 3.99E-06 6.73E-06   0.528 1.0000 6.9947E-06    855.501
 9271.00 0.61195439 6.6571E-22 0.0000E+00 0.0000E+00 1.6419E-07 1.6419E-07 0.0000E+00 0.0000E+00 1.6419E-07 4.07E-06 6.65E-06   0.491 1.0000 6.8762E-06    856.715
 9281.00 0.56673330 7.0882E-22 0.0000E+00 0.0000E+00 1.6076E-07 1.6076E-07 0.0000E+00 0.0000E+00 1.6076E-07 3.85E-06 6.74E-06   0.568 1.0000 7.0330E-06    856.299
 9291.00 0.61629772 5.9816E-22 0.0000E+00 0.0000E+00 1.6909E-07 1.6909E-07 0.0000E+00 0.0000E+00 1.6909E-07 4.18E-06 6.78E-06   0.484 1.0000 7.0135E-06    859.830
 9301.00 0.59421468 6.0192E-22 0.0000E+00 0.0000E+00 1.6227E-07 1.6227E-07 0.0000E+00 0.0000E+00 1.6227E-07 3.94E-06 6.61E-06   0.521 1.0000 6.8637E-06    858.304
 9311.00 0.60647279 5.5745E-22 0.0000E+00 0.0000E+00 1.6759E-07 1.6759E-07 0.0000E+00 0.0000E+00 1.6759E-07 4.09E-06 6.73E-06   0.500 1.0000 6.9849E-06    860.829
 9321.00 0.59519500 5.4544E-22 0.0000E+00 0.0000E+00 1.6409E-07 1.6409E-07 0.0000E+00 0.0000E+00 1.6409E-07 3.95E-06 6.63E-06   0.519 1.0000 6.8861E-06    860.410
 9331.00 0.59772563 5.1711E-22 0.0000E+00 0.0000E+00 1.6787E-07 1.6787E-07 0.0000E+00 0.0000E+00 1.6787E-07 4.04E-06 6.75E-06   0.515 1.0000 7.0103E-06    862.414
 9341.00 0.59678119 4.9336E-22 0.0000E+00 0.0000E+00 1.6732E-07 1.6732E-07 0.0000E+00 0.0000E+00 1.6732E-07 4.01E-06 6.72E-06   0.516 1.0000 6.9794E-06    862.980
 9351.00 0.58456272 4.8471E-22 0.0000E+00 0.0000E+00 1.5932E-07 1.5932E-07 0.0000E+00 0.0000E+00 1.5932E-07 3.77E-06 6.44E-06   0.537 1.0000 6.7060E-06    861.018
 9361.00 0.59007925 4.5552E-22 0.0000E+00 0.0000E+00 1.6539E-07 1.6539E-07 0.0000E+00 0.0000E+00 1.6539E-07 3.92E-06 6.64E-06   0.527 1.0000 6.9146E-06    863.827
 9371.00 0.58592939 4.3856E-22 0.0000E+00 0.0000E+00 1.6735E-07 1.6735E-07 0.0000E+00 0.0000E+00 1.6735E-07 3.94E-06 6.72E-06   0.535 1.0000 7.0062E-06    865.225
 9381.00 0.58909309 4.1461E-22 0.0000E+00 0.0000E+00 1.6747E-07 1.6747E-07 0.0000E+00 0.0000E+00 1.6747E-07 3.94E-06 6.69E-06   0.529 1.0000 6.9727E-06    866.010
 9391.00 0.58485460 3.9918E-22 0.0000E+00 0.0000E+00 1.7018E-07 1.7018E-07 0.0000E+00 0.0000E+00 1.7018E-07 3.98E-06 6.80E-06   0.536 1.0000 7.0927E-06    867.650
 9401.00 0.59166181 3.7409E-22 0.0000E+00 0.0000E+00 1.7042E-07 1.7042E-07 0.0000E+00 0.0000E+00 1.7042E-07 4.00E-06 6.76E-06   0.525 1.0000 7.0394E-06    868.474
 9411.00 0.59040523 3.5756E-22 0.0000E+00 0.0000E+00 1.7035E-07 1.7035E-07 0.0000E+00 0.0000E+00 1.7035E-07 3.98E-06 6.74E-06   0.527 1.0000 7.0221E-06    869.198
 9421.00 0.59617704 3.3589E-22 0.0000E+00 0.0000E+00 1.7129E-07 1.7129E-07 0.0000E+00 0.0000E+00 1.7129E-07 4.01E-06 6.73E-06   0.517 1.0000 7.0055E-06    870.252
 9431.00 0.59805828 3.1854E-22 0.0000E+00 0.0000E+00 1.7114E-07 1.7114E-07 0.0000E+00 0.0000E+00 1.7114E-07 4.01E-06 6.70E-06   0.514 1.0000 6.9676E-06    870.947
 9441.00 0.59951890 3.0240E-22 0.0000E+00 0.0000E+00 1.7135E-07 1.7135E-07 0.0000E+00 0.0000E+00 1.7135E-07 4.01E-06 6.68E-06   0.512 1.0000 6.9484E-06    871.763
 9451.00 0.60256004 2.8596E-22 0.0000E+00 0.0000E+00 1.7296E-07 1.7296E-07 0.0000E+00 0.0000E+00 1.7296E-07 4.05E-06 6.72E-06   0.507 1.0000 6.9764E-06    873.030
 9461.00 0.60651404 2.6975E-22 0.0000E+00 0.0000E+00 1.7678E-07 1.7678E-07 0.0000E+00 0.0000E+00 1.7678E-07 4.14E-06 6.83E-06   0.500 1.0000 7.0891E-06    875.003
 9471.00 0.60954368 2.5504E-22 0.0000E+00 0.0000E+00 1.7770E-07 1.7770E-07 0.0000E+00 0.0000E+00 1.7770E-07 4.17E-06 6.84E-06   0.495 1.0000 7.0904E-06    876.043
 9481.00 0.61249310 2.4116E-22 0.0000E+00 0.0000E+00 1.7842E-07 1.7842E-07 0.0000E+00 0.0000E+00 1.7842E-07 4.19E-06 6.84E-06   0.490 1.0000 7.0848E-06    877.018
 9491.00 0.61481512 2.2840E-22 0.0000E+00 0.0000E+00 1.7771E-07 1.7771E-07 0.0000E+00 0.0000E+00 1.7771E-07 4.17E-06 6.78E-06   0.486 1.0000 7.0271E-06    877.540
 9501.00 0.61581522 2.1704E-22 0.0000E+00 0.0000E+00 1.7924E-07 1.7924E-07 0.0000E+00 0.0000E+00 1.7924E-07 4.20E-06 6.82E-06   0.485 1.0000 7.0663E-06    878.770
 9511.00 0.61701953 2.0616E-22 0.0000E+00 0.0000E+00 1.7999E-07 1.7999E-07 0.0000E+00 0.0000E+00 1.7999E-07 4.22E-06 6.83E-06   0.483 1.0000 7.0729E-06    879.751
 9521.00 0.61821681 1.9580E-22 0.0000E+00 0.0000E+00 1.8043E-07 1.8043E-07 0.0000E+00 0.0000E+00 1.8043E-07 4.22E-06 6.83E-06   0.481 1.0000 7.0689E-06    880.635
 9531.00 0.61860478 1.8638E-22 0.0000E+00 0.0000E+00 1.8123E-07 1.8123E-07 0.0000E+00 0.0000E+00 1.8123E-07 4.23E-06 6.84E-06   0.480 1.0000 7.0837E-06    881.633
 9541.00 0.61990899 1.7696E-22 0.0000E+00 0.0000E+00 1.8190E-07 1.8190E-07 0.0000E+00 0.0000E+00 1.8190E-07 4.25E-06 6.85E-06   0.478 1.0000 7.0847E-06    882.588
 9551.00 0.62007403 1.6854E-22 0.0000E+00 0.0000E+00 1.8059E-07 1.8059E-07 0.0000E+00 0.0000E+00 1.8059E-07 4.21E-06 6.79E-06   0.478 1.0000 7.0183E-06    882.926
 9561.00 0.62022495 1.6051E-22 0.0000E+00 0.0000E+00 1.7906E-07 1.7906E-07 0.0000E+00 0.0000E+00 1.7906E-07 4.16E-06 6.71E-06   0.478 1.0000 6.9440E-06    883.190
 9571.00 0.62000936 1.5302E-22 0.0000E+00 0.0000E+00 1.8274E-07 1.8274E-07 0.0000E+00 0.0000E+00 1.8274E-07 4.24E-06 6.84E-06   0.478 1.0000 7.0733E-06    885.090
 9581.00 0.62032837 1.4566E-22 0.0000E+00 0.0000E+00 1.8341E-07 1.8341E-07 0.0000E+00 0.0000E+00 1.8341E-07 4.25E-06 6.85E-06   0.478 1.0000 7.0833E-06    886.045
 9591.00 0.61961907 1.3904E-22 0.0000E+00 0.0000E+00 1.8244E-07 1.8244E-07 0.0000E+00 0.0000E+00 1.8244E-07 4.22E-06 6.80E-06   0.479 1.0000 7.0362E-06    886.491
 9601.00 0.61862588 1.3282E-22 0.0000E+00 0.0000E+00 1.8432E-07 1.8432E-07 0.0000E+00 0.0000E+00 1.8432E-07 4.25E-06 6.87E-06   0.480 1.0000 7.1006E-06    887.820
 9611.00 0.61898065 1.2643E-22 0.0000E+00 0.0000E+00 1.8364E-07 1.8364E-07 0.0000E+00 0.0000E+00 1.8364E-07 4.22E-06 6.83E-06   0.480 1.0000 7.0589E-06    888.357
 9621.00 0.61853701 1.2059E-22 0.0000E+00 0.0000E+00 1.8381E-07 1.8381E-07 0.0000E+00 0.0000E+00 1.8381E-07 4.22E-06 6.82E-06   0.480 1.0000 7.0542E-06    889.156
 9631.00 0.61799753 1.1506E-22 0.0000E+00 0.0000E+00 1.8397E-07 1.8397E-07 0.0000E+00 0.0000E+00 1.8397E-07 4.21E-06 6.82E-06   0.481 1.0000 7.0494E-06    889.952
 9641.00 0.61743021 1.0979E-22 0.0000E+00 0.0000E+00 1.8303E-07 1.8303E-07 0.0000E+00 0.0000E+00 1.8303E-07 4.18E-06 6.77E-06   0.482 1.0000 7.0036E-06    890.405
 9651.00 0.61657250 1.0483E-22 0.0000E+00 0.0000E+00 1.8606E-07 1.8606E-07 0.0000E+00 0.0000E+00 1.8606E-07 4.24E-06 6.87E-06   0.484 1.0000 7.1097E-06    892.089
 9661.00 0.61755139 9.9625E-23 0.0000E+00 0.0000E+00 1.8438E-07 1.8438E-07 0.0000E+00 0.0000E+00 1.8438E-07 4.20E-06 6.79E-06   0.482 1.0000 7.0258E-06    892.316
 9671.00 0.61568815 9.5367E-23 0.0000E+00 0.0000E+00 1.8449E-07 1.8449E-07 0.0000E+00 0.0000E+00 1.8449E-07 4.18E-06 6.79E-06   0.485 1.0000 7.0276E-06    893.097
 9681.00 0.61539781 9.0949E-23 0.0000E+00 0.0000E+00 1.8429E-07 1.8429E-07 0.0000E+00 0.0000E+00 1.8429E-07 4.17E-06 6.77E-06   0.485 1.0000 7.0080E-06    893.780
 9691.00 0.61329293 8.7098E-23 0.0000E+00 0.0000E+00 1.8694E-07 1.8694E-07 0.0000E+00 0.0000E+00 1.8694E-07 4.21E-06 6.87E-06   0.489 1.0000 7.1079E-06    895.345
 9701.00 0.61151046 8.3386E-23 0.0000E+00 0.0000E+00 1.8676E-07 1.8676E-07 0.0000E+00 0.0000E+00 1.8676E-07 4.19E-06 6.86E-06   0.492 1.0000 7.0980E-06    896.035
 9711.00 0.61149800 7.9435E-23 0.0000E+00 0.0000E+00 1.8672E-07 1.8672E-07 0.0000E+00 0.0000E+00 1.8672E-07 4.19E-06 6.84E-06   0.492 1.0000 7.0827E-06    896.768
 9721.00 0.60452217 7.7044E-23 0.0000E+00 0.0000E+00 1.8608E-07 1.8608E-07 0.0000E+00 0.0000E+00 1.8608E-07 4.14E-06 6.84E-06   0.503 1.0000 7.0883E-06    897.318
 9731.00 0.59819335 7.4557E-23 0.0000E+00 0.0000E+00 1.8641E-07 1.8641E-07 0.0000E+00 0.0000E+00 1.8641E-07 4.12E-06 6.88E-06   0.514 1.0000 7.1280E-06    898.163
 9741.00 0.60550529 6.9757E-23 0.0000E+00 0.0000E+00 1.8766E-07 1.8766E-07 0.0000E+00 0.0000E+00 1.8766E-07 4.16E-06 6.87E-06   0.502 1.0000 7.1148E-06    899.296
 9751.00 0.60387701 6.6743E-23 0.0000E+00 0.0000E+00 1.8806E-07 1.8806E-07 0.0000E+00 0.0000E+00 1.8806E-07 4.16E-06 6.88E-06   0.504 1.0000 7.1256E-06    900.163
 9761.00 0.59826535 6.4421E-23 0.0000E+00 0.0000E+00 1.8704E-07 1.8704E-07 0.0000E+00 0.0000E+00 1.8704E-07 4.11E-06 6.86E-06   0.514 1.0000 7.1121E-06    900.594
 9771.00 0.58305418 6.3785E-23 0.0000E+00 0.0000E+00 1.8516E-07 1.8516E-07 0.0000E+00 0.0000E+00 1.8516E-07 4.01E-06 6.86E-06   0.539 1.0000 7.1242E-06    900.756
 9781.00 0.60143691 5.8061E-23 0.0000E+00 0.0000E+00 1.8655E-07 1.8655E-07 0.0000E+00 0.0000E+00 1.8655E-07 4.09E-06 6.80E-06   0.508 1.0000 7.0450E-06    901.934
 9791.00 0.60013390 5.5507E-23 0.0000E+00 0.0000E+00 1.8659E-07 1.8659E-07 0.0000E+00 0.0000E+00 1.8659E-07 4.08E-06 6.79E-06   0.511 1.0000 7.0386E-06    902.691
 9801.00 0.60118663 5.2717E-23 0.0000E+00 0.0000E+00 1.8754E-07 1.8754E-07 0.0000E+00 0.0000E+00 1.8754E-07 4.10E-06 6.81E-06   0.509 1.0000 7.0554E-06    903.729
 9811.00 0.58481050 5.2312E-23 0.0000E+00 0.0000E+00 1.8310E-07 1.8310E-07 0.0000E+00 0.0000E+00 1.8310E-07 3.94E-06 6.72E-06   0.536 1.0000 6.9787E-06    903.086
 9821.00 0.60542804 4.7344E-23 0.0000E+00 0.0000E+00 1.8916E-07 1.8916E-07 0.0000E+00 0.0000E+00 1.8916E-07 4.13E-06 6.82E-06   0.502 1.0000 7.0623E-06    905.717
 9831.00 0.59704524 4.6069E-23 0.0000E+00 0.0000E+00 1.8852E-07 1.8852E-07 0.0000E+00 0.0000E+00 1.8852E-07 4.08E-06 6.83E-06   0.516 1.0000 7.0767E-06    906.265
 9841.00 0.60214359 4.3330E-23 0.0000E+00 0.0000E+00 1.8911E-07 1.8911E-07 0.0000E+00 0.0000E+00 1.8911E-07 4.10E-06 6.81E-06   0.507 1.0000 7.0554E-06    907.193
 9851.00 0.59373784 4.2149E-23 0.0000E+00 0.0000E+00 1.8795E-07 1.8795E-07 0.0000E+00 0.0000E+00 1.8795E-07 4.04E-06 6.80E-06   0.521 1.0000 7.0514E-06    907.578
 9861.00 0.59742409 3.9813E-23 0.0000E+00 0.0000E+00 1.9039E-07 1.9039E-07 0.0000E+00 0.0000E+00 1.9039E-07 4.10E-06 6.85E-06   0.515 1.0000 7.1034E-06    909.074
 9871.00 0.59891355 3.7768E-23 0.0000E+00 0.0000E+00 1.9116E-07 1.9116E-07 0.0000E+00 0.0000E+00 1.9116E-07 4.11E-06 6.86E-06   0.513 1.0000 7.1106E-06    910.052
 9881.00 0.58632171 3.7115E-23 0.0000E+00 0.0000E+00 1.8936E-07 1.8936E-07 0.0000E+00 0.0000E+00 1.8936E-07 4.02E-06 6.85E-06   0.534 1.0000 7.1125E-06    910.247
 9891.00 0.59461308 3.4644E-23 0.0000E+00 0.0000E+00 1.9129E-07 1.9129E-07 0.0000E+00 0.0000E+00 1.9129E-07 4.08E-06 6.86E-06   0.520 1.0000 7.1147E-06    911.581
 9901.00 0.56843472 3.5116E-23 0.0000E+00 0.0000E+00 1.8737E-07 1.8737E-07 0.0000E+00 0.0000E+00 1.8737E-07 3.90E-06 6.85E-06   0.565 1.0000 7.1297E-06    911.119
 9911.00 0.56603277 3.3686E-23 0.0000E+00 0.0000E+00 1.8675E-07 1.8675E-07 0.0000E+00 0.0000E+00 1.8675E-07 3.87E-06 6.83E-06   0.569 1.0000 7.1100E-06    911.669
 9921.00 0.58212817 3.0884E-23 0.0000E+00 0.0000E+00 1.9020E-07 1.9020E-07 0.0000E+00 0.0000E+00 1.9020E-07 3.99E-06 6.85E-06   0.541 1.0000 7.1166E-06    913.480
 9931.00 0.59166944 2.8749E-23 0.0000E+00 0.0000E+00 1.9118E-07 1.9118E-07 0.0000E+00 0.0000E+00 1.9118E-07 4.04E-06 6.82E-06   0.525 1.0000 7.0750E-06    914.524
 9941.00 0.58724248 2.7679E-23 0.0000E+00 0.0000E+00 1.8438E-07 1.8438E-07 0.0000E+00 0.0000E+00 1.8438E-07 3.87E-06 6.59E-06   0.532 1.0000 6.8405E-06    913.152
 9951.00 0.58616686 2.6440E-23 0.0000E+00 0.0000E+00 1.8067E-07 1.8067E-07 0.0000E+00 0.0000E+00 1.8067E-07 3.78E-06 6.45E-06   0.534 1.0000 6.6965E-06    912.712
 9961.00 0.58062476 2.5538E-23 0.0000E+00 0.0000E+00 1.8880E-07 1.8880E-07 0.0000E+00 0.0000E+00 1.8880E-07 3.93E-06 6.76E-06   0.544 1.0000 7.0208E-06    916.024
 9971.00 0.58100706 2.4273E-23 0.0000E+00 0.0000E+00 1.9108E-07 1.9108E-07 0.0000E+00 0.0000E+00 1.9108E-07 3.97E-06 6.83E-06   0.543 1.0000 7.0893E-06    917.471
 9981.00 0.55125284 2.4801E-23 0.0000E+00 0.0000E+00 1.8737E-07 1.8737E-07 0.0000E+00 0.0000E+00 1.8737E-07 3.79E-06 6.85E-06   0.596 1.0000 7.1451E-06    917.064
 9991.00 0.58868778 2.1648E-23 0.0000E+00 0.0000E+00 1.9457E-07 1.9457E-07 0.0000E+00 0.0000E+00 1.9457E-07 4.05E-06 6.88E-06   0.530 1.0000 7.1388E-06    920.022
10001.00 0.57730365 2.1189E-23 0.0000E+00 0.0000E+00 1.9193E-07 1.9193E-07 0.0000E+00 0.0000E+00 1.9193E-07 3.95E-06 6.84E-06   0.549 1.0000 7.1031E-06    919.962
10011.00 0.58307266 1.9916E-23 0.0000E+00 0.0000E+00 1.9366E-07 1.9366E-07 0.0000E+00 0.0000E+00 1.9366E-07 4.00E-06 6.85E-06   0.539 1.0000 7.1150E-06    921.232
10021.00 0.58564013 1.8854E-23 0.0000E+00 0.0000E+00 1.9487E-07 1.9487E-07 0.0000E+00 0.0000E+00 1.9487E-07 4.02E-06 6.87E-06   0.535 1.0000 7.1310E-06    922.344
10031.00 0.58576447 1.7954E-23 0.0000E+00 0.0000E+00 1.9534E-07 1.9534E-07 0.0000E+00 0.0000E+00 1.9534E-07 4.03E-06 6.87E-06   0.535 1.0000 7.1318E-06    923.229
10041.00 0.58261329 1.7231E-23 0.0000E+00 0.0000E+00 1.9475E-07 1.9475E-07 0.0000E+00 0.0000E+00 1.9475E-07 3.99E-06 6.85E-06   0.540 1.0000 7.1164E-06    923.795
10051.00 0.58687872 1.6249E-23 0.0000E+00 0.0000E+00 1.9591E-07 1.9591E-07 0.0000E+00 0.0000E+00 1.9591E-07 4.03E-06 6.86E-06   0.533 1.0000 7.1191E-06    924.888
10061.00 0.57763022 1.5821E-23 0.0000E+00 0.0000E+00 1.9494E-07 1.9494E-07 0.0000E+00 0.0000E+00 1.9494E-07 3.97E-06 6.86E-06   0.549 1.0000 7.1296E-06    925.340
10071.00 0.54027581 1.6408E-23 0.0000E+00 0.0000E+00 1.8797E-07 1.8797E-07 0.0000E+00 0.0000E+00 1.8797E-07 3.70E-06 6.82E-06   0.616 1.0000 7.1221E-06    923.933
10081.00 0.57143837 1.4573E-23 0.0000E+00 0.0000E+00 1.9382E-07 1.9382E-07 0.0000E+00 0.0000E+00 1.9382E-07 3.91E-06 6.83E-06   0.560 1.0000 7.1031E-06    926.486
10091.00 0.55391467 1.4438E-23 0.0000E+00 0.0000E+00 1.9046E-07 1.9046E-07 0.0000E+00 0.0000E+00 1.9046E-07 3.77E-06 6.80E-06   0.591 1.0000 7.0846E-06    926.193
10101.00 0.51656479 1.4922E-23 0.0000E+00 0.0000E+00 1.8279E-07 1.8279E-07 0.0000E+00 0.0000E+00 1.8279E-07 3.49E-06 6.73E-06   0.661 1.0000 7.0367E-06    924.512
10111.00 0.56295425 1.2850E-23 0.0000E+00 0.0000E+00 1.9119E-07 1.9119E-07 0.0000E+00 0.0000E+00 1.9119E-07 3.80E-06 6.75E-06   0.575 1.0000 7.0192E-06    927.904
10121.00 0.52951366 1.3157E-23 0.0000E+00 0.0000E+00 1.8713E-07 1.8713E-07 0.0000E+00 0.0000E+00 1.8713E-07 3.62E-06 6.79E-06   0.636 1.0000 7.1091E-06    927.375
10131.00 0.50857079 1.3119E-23 0.0000E+00 0.0000E+00 1.8264E-07 1.8264E-07 0.0000E+00 0.0000E+00 1.8264E-07 3.45E-06 6.74E-06   0.676 1.0000 7.0756E-06    926.683
10141.00 0.53220886 1.1875E-23 0.0000E+00 0.0000E+00 1.8821E-07 1.8821E-07 0.0000E+00 0.0000E+00 1.8821E-07 3.62E-06 6.78E-06   0.631 1.0000 7.0813E-06    929.201
10151.00 0.44499958 1.3415E-23 0.0000E+00 0.0000E+00 1.7100E-07 1.7100E-07 0.0000E+00 0.0000E+00 1.7100E-07 3.02E-06 6.67E-06   0.810 1.0000 7.1130E-06    924.296
10161.00 0.47226956 1.2174E-23 0.0000E+00 0.0000E+00 1.7630E-07 1.7630E-07 0.0000E+00 0.0000E+00 1.7630E-07 3.20E-06 6.70E-06   0.750 1.0000 7.0884E-06    926.825
10171.00 0.43346369 1.2418E-23 0.0000E+00 0.0000E+00 1.6694E-07 1.6694E-07 0.0000E+00 0.0000E+00 1.6694E-07 2.94E-06 6.59E-06   0.836 1.0000 7.0885E-06    924.368
10181.00 0.41265753 1.2287E-23 0.0000E+00 0.0000E+00 1.6432E-07 1.6432E-07 0.0000E+00 0.0000E+00 1.6432E-07 2.80E-06 6.62E-06   0.885 1.0000 7.1238E-06    924.180
10191.00 0.43959537 1.1168E-23 0.0000E+00 0.0000E+00 1.7154E-07 1.7154E-07 0.0000E+00 0.0000E+00 1.7154E-07 2.99E-06 6.70E-06   0.822 1.0000 7.1342E-06    927.433
10201.00 0.35040715 1.2313E-23 0.0000E+00 0.0000E+00 1.4875E-07 1.4875E-07 0.0000E+00 0.0000E+00 1.4875E-07 2.36E-06 6.38E-06   1.049 1.0000 7.0727E-06    919.876
10211.00 0.32110196 1.2270E-23 0.0000E+00 0.0000E+00 1.4101E-07 1.4101E-07 0.0000E+00 0.0000E+00 1.4101E-07 2.13E-06 6.28E-06   1.136 1.0000 7.0352E-06    917.537
10221.00 0.33213410 1.1491E-23 0.0000E+00 0.0000E+00 1.4462E-07 1.4462E-07 0.0000E+00 0.0000E+00 1.4462E-07 2.22E-06 6.31E-06   1.102 1.0000 7.0526E-06    919.719
10231.00 0.39413679 9.9392E-24 0.0000E+00 0.0000E+00 1.6051E-07 1.6051E-07 0.0000E+00 0.0000E+00 1.6051E-07 2.66E-06 6.52E-06   0.931 1.0000 7.0865E-06    926.490
10241.00 0.26347917 1.1479E-23 0.0000E+00 0.0000E+00 1.2614E-07 1.2614E-07 0.0000E+00 0.0000E+00 1.2614E-07 1.75E-06 6.11E-06   1.334 1.0000 7.0343E-06    913.374
10251.00 0.27987805 1.0720E-23 0.0000E+00 0.0000E+00 1.3335E-07 1.3335E-07 0.0000E+00 0.0000E+00 1.3335E-07 1.88E-06 6.21E-06   1.273 1.0000 7.1175E-06    917.257
10261.00 0.27412343 1.0273E-23 0.0000E+00 0.0000E+00 1.2980E-07 1.2980E-07 0.0000E+00 0.0000E+00 1.2980E-07 1.81E-06 6.12E-06   1.294 1.0000 7.0004E-06    916.448
10271.00 0.27634996 9.7746E-24 0.0000E+00 0.0000E+00 1.3038E-07 1.3038E-07 0.0000E+00 0.0000E+00 1.3038E-07 1.84E-06 6.16E-06   1.286 1.0000 7.0253E-06    917.429
10281.00 0.32843345 8.6453E-24 0.0000E+00 0.0000E+00 1.4718E-07 1.4718E-07 0.0000E+00 0.0000E+00 1.4718E-07 2.21E-06 6.40E-06   1.113 1.0000 7.1074E-06    925.118
10291.00 0.37047595 7.7110E-24 0.0000E+00 0.0000E+00 1.5699E-07 1.5699E-07 0.0000E+00 0.0000E+00 1.5699E-07 2.50E-06 6.45E-06   0.993 1.0000 7.1198E-06    929.600
10301.00 0.38443366 7.1730E-24 0.0000E+00 0.0000E+00 1.5883E-07 1.5883E-07 0.0000E+00 0.0000E+00 1.5883E-07 2.58E-06 6.44E-06   0.956 1.0000 7.0598E-06    931.011
10311.00 0.35600755 7.1634E-24 0.0000E+00 0.0000E+00 1.5438E-07 1.5438E-07 0.0000E+00 0.0000E+00 1.5438E-07 2.40E-06 6.48E-06   1.033 1.0000 7.1065E-06    930.086
10321.00 0.33690736 7.0131E-24 0.0000E+00 0.0000E+00 1.4960E-07 1.4960E-07 0.0000E+00 0.0000E+00 1.4960E-07 2.26E-06 6.43E-06   1.088 1.0000 7.0834E-06    928.988
10331.00 0.36642066 6.3943E-24 0.0000E+00 0.0000E+00 1.5369E-07 1.5369E-07 0.0000E+00 0.0000E+00 1.5369E-07 2.44E-06 6.32E-06   1.004 1.0000 7.0410E-06    931.287
10341.00 0.20490526 7.6086E-24 0.0000E+00 0.0000E+00 1.1081E-07 1.1081E-07 0.0000E+00 0.0000E+00 1.1081E-07 1.36E-06 5.86E-06   1.585 1.0000 7.0807E-06    913.304
10351.00 0.17255385 7.5682E-24 0.0000E+00 0.0000E+00 1.0146E-07 1.0146E-07 0.0000E+00 0.0000E+00 1.0146E-07 1.11E-06 5.70E-06   1.757 1.0000 6.9482E-06    909.105
10361.00 0.17597859 7.1717E-24 0.0000E+00 0.0000E+00 1.0459E-07 1.0459E-07 0.0000E+00 0.0000E+00 1.0459E-07 1.15E-06 5.77E-06   1.737 1.0000 7.0420E-06    911.513
10371.00 0.17291826 6.8517E-24 0.0000E+00 0.0000E+00 9.7752E-08 9.7752E-08 0.0000E+00 0.0000E+00 9.7752E-08 1.14E-06 5.50E-06   1.755 1.0000 7.0259E-06    908.479
10381.00 0.20379648 6.2820E-24 0.0000E+00 0.0000E+00 1.1130E-07 1.1130E-07 0.0000E+00 0.0000E+00 1.1130E-07 1.35E-06 5.86E-06   1.591 1.0000 7.0297E-06    916.433
10391.00 0.10453035 6.7331E-24 0.0000E+00 0.0000E+00 7.8775E-08 7.8775E-08 0.0000E+00 0.0000E+00 7.8775E-08 6.79E-07 5.24E-06   2.258 1.0000 7.0152E-06    898.113
10401.00 0.16449879 5.9816E-24 0.0000E+00 0.0000E+00 1.0222E-07 1.0222E-07 0.0000E+00 0.0000E+00 1.0222E-07 1.09E-06 5.75E-06   1.805 1.0000 7.1156E-06    913.108
10411.00 0.12825884 5.9474E-24 0.0000E+00 0.0000E+00 8.8052E-08 8.8052E-08 0.0000E+00 0.0000E+00 8.8052E-08 8.31E-07 5.45E-06   2.054 1.0000 7.0090E-06    905.584
10421.00 0.06593820 6.0585E-24 0.0000E+00 0.0000E+00 6.4037E-08 6.4037E-08 0.0000E+00 0.0000E+00 6.4037E-08 4.25E-07 4.95E-06   2.719 1.0000 7.1097E-06    889.179
10431.00 0.10875043 5.5147E-24 0.0000E+00 0.0000E+00 8.0712E-08 8.0712E-08 0.0000E+00 0.0000E+00 8.0712E-08 7.14E-07 5.27E-06   2.219 1.0000 7.1282E-06    902.262
10441.00 0.15995353 4.9527E-24 0.0000E+00 0.0000E+00 9.9808E-08 9.9808E-08 0.0000E+00 0.0000E+00 9.9808E-08 1.04E-06 5.63E-06   1.833 1.0000 7.0319E-06    914.646
10451.00 0.07064853 5.2111E-24 0.0000E+00 0.0000E+00 6.4188E-08 6.4188E-08 0.0000E+00 0.0000E+00 6.4188E-08 4.53E-07 4.92E-06   2.650 1.0000 7.0411E-06    891.407
10461.00 0.07506339 4.9379E-24 0.0000E+00 0.0000E+00 6.5486E-08 6.5486E-08 0.0000E+00 0.0000E+00 6.5486E-08 4.81E-07 4.91E-06   2.589 1.0000 7.0152E-06    893.168
10471.00 0.07276937 4.7174E-24 0.0000E+00 0.0000E+00 6.5801E-08 6.5801E-08 0.0000E+00 0.0000E+00 6.5801E-08 4.41E-07 4.81E-06   2.620 1.0000 6.6482E-06    894.125
10481.00 0.08734198 4.4282E-24 0.0000E+00 0.0000E+00 7.5627E-08 7.5627E-08 0.0000E+00 0.0000E+00 7.5627E-08 5.56E-07 5.17E-06   2.438 1.0000 6.9292E-06    902.278
10491.00 0.07144025 4.2835E-24 0.0000E+00 0.0000E+00 6.7421E-08 6.7421E-08 0.0000E+00 0.0000E+00 6.7421E-08 4.58E-07 5.01E-06   2.639 1.0000 7.0576E-06    896.822
10501.00 0.02436450 4.2829E-24 0.0000E+00 0.0000E+00 4.2887E-08 4.2887E-08 0.0000E+00 0.0000E+00 4.2887E-08 1.53E-07 4.37E-06   3.715 1.0000 7.1082E-06    874.036
10511.00 0.10902312 3.7393E-24 0.0000E+00 0.0000E+00 8.9378E-08 8.9378E-08 0.0000E+00 0.0000E+00 8.9378E-08 7.03E-07 5.68E-06   2.216 1.0000 7.0870E-06    913.523
10521.00 0.05028537 3.7789E-24 0.0000E+00 0.0000E+00 5.3939E-08 5.3939E-08 0.0000E+00 0.0000E+00 5.3939E-08 3.19E-07 4.52E-06   2.990 1.0000 7.0837E-06    887.175
10531.00 0.05775816 3.5790E-24 0.0000E+00 0.0000E+00 5.8675E-08 5.8675E-08 0.0000E+00 0.0000E+00 5.8675E-08 3.75E-07 4.67E-06   2.851 1.0000 7.1337E-06    892.271
10541.00 0.06435811 3.3821E-24 0.0000E+00 0.0000E+00 6.5534E-08 6.5534E-08 0.0000E+00 0.0000E+00 6.5534E-08 4.14E-07 4.91E-06   2.743 1.0000 7.1238E-06    898.819
10551.00 0.05177808 3.2659E-24 0.0000E+00 0.0000E+00 5.7601E-08 5.7601E-08 0.0000E+00 0.0000E+00 5.7601E-08 3.30E-07 4.70E-06   2.961 1.0000 7.1123E-06    892.695
10561.00 0.04893123 3.1195E-24 0.0000E+00 0.0000E+00 5.7869E-08 5.7869E-08 0.0000E+00 0.0000E+00 5.7869E-08 3.08E-07 4.77E-06   3.017 1.0000 7.0759E-06    893.636
10571.00 0.03081484 3.0249E-24 0.0000E+00 0.0000E+00 4.5276E-08 4.5276E-08 0.0000E+00 0.0000E+00 4.5276E-08 1.92E-07 4.25E-06   3.480 1.0000 7.0632E-06    881.610
10581.00 0.05934059 2.8006E-24 0.0000E+00 0.0000E+00 6.3498E-08 6.3498E-08 0.0000E+00 0.0000E+00 6.3498E-08 3.73E-07 4.90E-06   2.824 1.0000 7.0083E-06    899.941
10591.00 0.03189017 2.7406E-24 0.0000E+00 0.0000E+00 4.1671E-08 4.1671E-08 0.0000E+00 0.0000E+00 4.1671E-08 1.98E-07 3.99E-06   3.445 1.0000 6.9242E-06    878.763
10601.00 0.04588391 2.5725E-24 0.0000E+00 0.0000E+00 5.2951E-08 5.2951E-08 0.0000E+00 0.0000E+00 5.2951E-08 2.85E-07 4.43E-06   3.082 1.0000 7.0103E-06    891.767
10611.00 0.05271204 2.4383E-24 0.0000E+00 0.0000E+00 6.2289E-08 6.2289E-08 0.0000E+00 0.0000E+00 6.2289E-08 3.24E-07 4.91E-06   2.943 1.0000 7.0013E-06    901.016
10621.00 0.06322170 2.2970E-24 0.0000E+00 0.0000E+00 6.5029E-08 6.5029E-08 0.0000E+00 0.0000E+00 6.5029E-08 3.71E-07 4.93E-06   2.761 1.0000 6.6904E-06    904.011
10631.00 0.06083233 2.1951E-24 0.0000E+00 0.0000E+00 6.8369E-08 6.8369E-08 0.0000E+00 0.0000E+00 6.8369E-08 3.77E-07 5.14E-06   2.800 1.0000 6.9249E-06    907.399
10641.00 0.12058190 1.9602E-24 0.0000E+00 0.0000E+00 9.6200E-08 9.6200E-08 0.0000E+00 0.0000E+00 9.6200E-08 7.77E-07 5.73E-06   2.115 1.0000 7.0679E-06    926.876
10651.00 0.05616087 1.9954E-24 0.0000E+00 0.0000E+00 5.9692E-08 5.9692E-08 0.0000E+00 0.0000E+00 5.9692E-08 3.57E-07 4.65E-06   2.880 1.0000 7.0860E-06    901.546
10661.00 0.01175976 1.9878E-24 0.0000E+00 0.0000E+00 3.3154E-08 3.3154E-08 0.0000E+00 0.0000E+00 3.3154E-08 7.09E-08 3.91E-06   4.443 1.0000 7.1135E-06    872.078
10671.00 0.01104776 1.8943E-24 0.0000E+00 0.0000E+00 3.1741E-08 3.1741E-08 0.0000E+00 0.0000E+00 3.1741E-08 6.66E-08 3.89E-06   4.506 1.0000 7.1053E-06    870.602
10681.00 0.01397287 1.7993E-24 0.0000E+00 0.0000E+00 3.5055E-08 3.5055E-08 0.0000E+00 0.0000E+00 3.5055E-08 8.43E-08 3.92E-06   4.271 1.0000 7.0271E-06    876.213
10691.00 0.02530993 1.6952E-24 0.0000E+00 0.0000E+00 4.3514E-08 4.3514E-08 0.0000E+00 0.0000E+00 4.3514E-08 1.55E-07 4.12E-06   3.677 1.0000 7.0496E-06    887.833
10701.00 0.00709130 1.6407E-24 0.0000E+00 0.0000E+00 2.3635E-08 2.3635E-08 0.0000E+00 0.0000E+00 2.3635E-08 4.29E-08 3.26E-06   4.949 1.0000 7.1224E-06    858.288
10711.00 0.01145400 1.5590E-24 0.0000E+00 0.0000E+00 3.3132E-08 3.3132E-08 0.0000E+00 0.0000E+00 3.3132E-08 7.07E-08 4.02E-06   4.469 1.0000 7.1299E-06    875.438
10721.00 0.01786242 1.4761E-24 0.0000E+00 0.0000E+00 3.9369E-08 3.9369E-08 0.0000E+00 0.0000E+00 3.9369E-08 1.11E-07 4.21E-06   4.025 1.0000 7.1129E-06    884.783
10731.00 0.03431919 1.3834E-24 0.0000E+00 0.0000E+00 4.9383E-08 4.9383E-08 0.0000E+00 0.0000E+00 4.9383E-08 2.17E-07 4.30E-06   3.372 1.0000 7.0795E-06    897.127
10741.00 0.07369021 1.2664E-24 0.0000E+00 0.0000E+00 7.3771E-08 7.3771E-08 0.0000E+00 0.0000E+00 7.3771E-08 4.74E-07 5.11E-06   2.608 1.0000 7.1186E-06    919.251
10751.00 0.09590057 1.1779E-24 0.0000E+00 0.0000E+00 8.4458E-08 8.4458E-08 0.0000E+00 0.0000E+00 8.4458E-08 6.21E-07 5.40E-06   2.344 1.0000 7.0904E-06    927.416
10761.00 0.14441586 1.0629E-24 0.0000E+00 0.0000E+00 1.0405E-07 1.0405E-07 0.0000E+00 0.0000E+00 1.0405E-07 9.37E-07 5.79E-06   1.935 1.0000 7.0349E-06    939.880
10771.00 0.15885653 9.9544E-25 0.0000E+00 0.0000E+00 1.1024E-07 1.1024E-07 0.0000E+00 0.0000E+00 1.1024E-07 1.05E-06 5.94E-06   1.840 1.0000 7.1304E-06    943.904
10781.00 0.24808688 8.4954E-25 0.0000E+00 0.0000E+00 1.4080E-07 1.4080E-07 0.0000E+00 0.0000E+00 1.4080E-07 1.66E-06 6.34E-06   1.394 1.0000 7.1406E-06    958.905
10791.00 0.32620296 7.2355E-25 0.0000E+00 0.0000E+00 1.6101E-07 1.6101E-07 0.0000E+00 0.0000E+00 1.6101E-07 2.15E-06 6.42E-06   1.120 1.0000 6.9990E-06    967.653
10801.00 0.32496896 6.9147E-25 0.0000E+00 0.0000E+00 1.5606E-07 1.5606E-07 0.0000E+00 0.0000E+00 1.5606E-07 2.08E-06 6.23E-06   1.124 1.0000 6.8221E-06    966.502
10811.00 0.30879825 6.7336E-25 0.0000E+00 0.0000E+00 1.5392E-07 1.5392E-07 0.0000E+00 0.0000E+00 1.5392E-07 2.03E-06 6.28E-06   1.175 1.0000 6.9842E-06    966.398
10821.00 0.28502849 6.6399E-25 0.0000E+00 0.0000E+00 1.4757E-07 1.4757E-07 0.0000E+00 0.0000E+00 1.4757E-07 1.86E-06 6.23E-06   1.255 1.0000 6.9254E-06    964.600
10831.00 0.34255251 5.8206E-25 0.0000E+00 0.0000E+00 1.5672E-07 1.5672E-07 0.0000E+00 0.0000E+00 1.5672E-07 2.15E-06 6.09E-06   1.071 1.0000 6.6572E-06    968.939
10841.00 0.38830826 5.1469E-25 0.0000E+00 0.0000E+00 1.7234E-07 1.7234E-07 0.0000E+00 0.0000E+00 1.7234E-07 2.54E-06 6.31E-06   0.946 1.0000 6.8867E-06    975.427
10851.00 0.32952210 5.3801E-25 0.0000E+00 0.0000E+00 1.5713E-07 1.5713E-07 0.0000E+00 0.0000E+00 1.5713E-07 2.12E-06 6.17E-06   1.110 1.0000 6.8426E-06    970.551
10861.00 0.39874640 4.6018E-25 0.0000E+00 0.0000E+00 1.8000E-07 1.8000E-07 0.0000E+00 0.0000E+00 1.8000E-07 2.64E-06 6.50E-06   0.919 1.0000 6.9906E-06    979.552
10871.00 0.35267273 4.6986E-25 0.0000E+00 0.0000E+00 1.6504E-07 1.6504E-07 0.0000E+00 0.0000E+00 1.6504E-07 2.37E-06 6.32E-06   1.042 1.0000 7.0910E-06    974.982
10881.00 0.32935688 4.6412E-25 0.0000E+00 0.0000E+00 1.6406E-07 1.6406E-07 0.0000E+00 0.0000E+00 1.6406E-07 2.22E-06 6.41E-06   1.111 1.0000 7.1322E-06    975.350
10891.00 0.22918020 5.0754E-25 0.0000E+00 0.0000E+00 1.3301E-07 1.3301E-07 0.0000E+00 0.0000E+00 1.3301E-07 1.52E-06 6.03E-06   1.473 1.0000 7.0869E-06    963.487
10901.00 0.20767348 4.9842E-25 0.0000E+00 0.0000E+00 1.2579E-07 1.2579E-07 0.0000E+00 0.0000E+00 1.2579E-07 1.37E-06 5.96E-06   1.572 1.0000 7.0299E-06    960.912
10911.00 0.28823969 4.2557E-25 0.0000E+00 0.0000E+00 1.5275E-07 1.5275E-07 0.0000E+00 0.0000E+00 1.5275E-07 1.93E-06 6.32E-06   1.244 1.0000 7.1167E-06    973.206
10921.00 0.17326269 4.7032E-25 0.0000E+00 0.0000E+00 1.1294E-07 1.1294E-07 0.0000E+00 0.0000E+00 1.1294E-07 1.15E-06 5.73E-06   1.753 1.0000 7.1418E-06    956.043
10931.00 0.27926782 3.9167E-25 0.0000E+00 0.0000E+00 1.5185E-07 1.5185E-07 0.0000E+00 0.0000E+00 1.5185E-07 1.84E-06 6.34E-06   1.276 1.0000 7.0585E-06    974.303
10941.00 0.20966937 4.0750E-25 0.0000E+00 0.0000E+00 1.2648E-07 1.2648E-07 0.0000E+00 0.0000E+00 1.2648E-07 1.40E-06 5.91E-06   1.562 1.0000 7.1797E-06    964.112
10951.00 0.19444059 3.9696E-25 0.0000E+00 0.0000E+00 1.2426E-07 1.2426E-07 0.0000E+00 0.0000E+00 1.2426E-07 1.31E-06 6.00E-06   1.638 1.0000 7.2169E-06    963.786
10961.00 0.27971354 3.3721E-25 0.0000E+00 0.0000E+00 1.4917E-07 1.4917E-07 0.0000E+00 0.0000E+00 1.4917E-07 1.87E-06 6.14E-06   1.274 1.0000 7.0517E-06    975.403
10971.00 0.30655479 3.0969E-25 0.0000E+00 0.0000E+00 1.5497E-07 1.5497E-07 0.0000E+00 0.0000E+00 1.5497E-07 2.01E-06 6.18E-06   1.182 1.0000 6.9688E-06    978.438
10981.00 0.24593557 3.2055E-25 0.0000E+00 0.0000E+00 1.3803E-07 1.3803E-07 0.0000E+00 0.0000E+00 1.3803E-07 1.64E-06 6.01E-06   1.403 1.0000 7.0849E-06    972.185
10991.00 0.24539098 3.0560E-25 0.0000E+00 0.0000E+00 1.3781E-07 1.3781E-07 0.0000E+00 0.0000E+00 1.3781E-07 1.60E-06 5.97E-06   1.405 1.0000 6.9574E-06    972.814
11001.00 0.24863859 2.8977E-25 0.0000E+00 0.0000E+00 1.3655E-07 1.3655E-07 0.0000E+00 0.0000E+00 1.3655E-07 1.61E-06 5.82E-06   1.392 1.0000 6.8715E-06    972.987
11011.00 0.26029849 2.7161E-25 0.0000E+00 0.0000E+00 1.4039E-07 1.4039E-07 0.0000E+00 0.0000E+00 1.4039E-07 1.73E-06 5.92E-06   1.346 1.0000 7.0129E-06    975.372
11021.00 0.24417217 2.6433E-25 0.0000E+00 0.0000E+00 1.4172E-07 1.4172E-07 0.0000E+00 0.0000E+00 1.4172E-07 1.63E-06 6.05E-06   1.410 1.0000 7.1591E-06    976.658
11031.00 0.29744843 2.3435E-25 0.0000E+00 0.0000E+00 1.5731E-07 1.5731E-07 0.0000E+00 0.0000E+00 1.5731E-07 1.97E-06 6.21E-06   1.213 1.0000 6.9952E-06    983.703
11041.00 0.38353652 1.9573E-25 0.0000E+00 0.0000E+00 1.8516E-07 1.8516E-07 0.0000E+00 0.0000E+00 1.8516E-07 2.61E-06 6.55E-06   0.958 1.0000 7.1647E-06    994.474
11051.00 0.38954282 1.8459E-25 0.0000E+00 0.0000E+00 1.8845E-07 1.8845E-07 0.0000E+00 0.0000E+00 1.8845E-07 2.66E-06 6.64E-06   0.943 1.0000 7.2125E-06    996.303
11061.00 0.40762940 1.7083E-25 0.0000E+00 0.0000E+00 1.9366E-07 1.9366E-07 0.0000E+00 0.0000E+00 1.9366E-07 2.78E-06 6.68E-06   0.897 1.0000 7.1991E-06    998.742
11071.00 0.31950495 1.8619E-25 0.0000E+00 0.0000E+00 1.6673E-07 1.6673E-07 0.0000E+00 0.0000E+00 1.6673E-07 2.15E-06 6.34E-06   1.141 1.0000 7.1309E-06    990.172
11081.00 0.25115398 1.9543E-25 0.0000E+00 0.0000E+00 1.4025E-07 1.4025E-07 0.0000E+00 0.0000E+00 1.4025E-07 1.63E-06 5.87E-06   1.382 1.0000 6.9276E-06    980.364
11091.00 0.26069063 1.8374E-25 0.0000E+00 0.0000E+00 1.3781E-07 1.3781E-07 0.0000E+00 0.0000E+00 1.3781E-07 1.62E-06 5.69E-06   1.344 1.0000 6.6409E-06    980.027
11101.00 0.22418736 1.8350E-25 0.0000E+00 0.0000E+00 1.3219E-07 1.3219E-07 0.0000E+00 0.0000E+00 1.3219E-07 1.45E-06 5.80E-06   1.495 1.0000 6.9341E-06    978.246
11111.00 0.29923823 1.5809E-25 0.0000E+00 0.0000E+00 1.5561E-07 1.5561E-07 0.0000E+00 0.0000E+00 1.5561E-07 1.97E-06 6.01E-06   1.207 1.0000 6.9855E-06    988.843
11121.00 0.16372865 1.7925E-25 0.0000E+00 0.0000E+00 1.1035E-07 1.1035E-07 0.0000E+00 0.0000E+00 1.1035E-07 1.09E-06 5.56E-06   1.810 1.0000 7.1540E-06    968.973
11131.00 0.30529210 1.4215E-25 0.0000E+00 0.0000E+00 1.6094E-07 1.6094E-07 0.0000E+00 0.0000E+00 1.6094E-07 2.05E-06 6.19E-06   1.186 1.0000 7.1521E-06    992.359
11141.00 0.27629074 1.4093E-25 0.0000E+00 0.0000E+00 1.5365E-07 1.5365E-07 0.0000E+00 0.0000E+00 1.5365E-07 1.84E-06 6.18E-06   1.286 1.0000 7.1081E-06    990.239
11151.00 0.27152252 1.3510E-25 0.0000E+00 0.0000E+00 1.5151E-07 1.5151E-07 0.0000E+00 0.0000E+00 1.5151E-07 1.81E-06 6.11E-06   1.304 1.0000 7.1052E-06    990.108
11161.00 0.32968196 1.1845E-25 0.0000E+00 0.0000E+00 1.7452E-07 1.7452E-07 0.0000E+00 0.0000E+00 1.7452E-07 2.25E-06 6.48E-06   1.110 1.0000 7.2334E-06    999.549
11171.00 0.35567105 1.0861E-25 0.0000E+00 0.0000E+00 1.7827E-07 1.7827E-07 0.0000E+00 0.0000E+00 1.7827E-07 2.36E-06 6.42E-06   1.034 1.0000 7.0471E-06   1001.603
11181.00 0.42455953 9.2380E-26 0.0000E+00 0.0000E+00 1.9834E-07 1.9834E-07 0.0000E+00 0.0000E+00 1.9834E-07 2.85E-06 6.59E-06   0.857 1.0000 7.0589E-06   1009.039
11191.00 0.42766356 8.7328E-26 0.0000E+00 0.0000E+00 2.0236E-07 2.0236E-07 0.0000E+00 0.0000E+00 2.0236E-07 2.90E-06 6.68E-06   0.849 1.0000 7.1368E-06   1011.044
11201.00 0.47466880 7.6551E-26 0.0000E+00 0.0000E+00 2.1013E-07 2.1013E-07 0.0000E+00 0.0000E+00 2.1013E-07 3.15E-06 6.60E-06   0.745 1.0000 6.9786E-06   1014.178
11211.00 0.48900017 7.0819E-26 0.0000E+00 0.0000E+00 2.1873E-07 2.1873E-07 0.0000E+00 0.0000E+00 2.1873E-07 3.31E-06 6.76E-06   0.715 1.0000 7.1244E-06   1017.480
11221.00 0.51514697 6.3988E-26 0.0000E+00 0.0000E+00 2.2673E-07 2.2673E-07 0.0000E+00 0.0000E+00 2.2673E-07 3.52E-06 6.82E-06   0.663 1.0000 7.1611E-06   1020.526
11231.00 0.50905836 6.1678E-26 0.0000E+00 0.0000E+00 2.2721E-07 2.2721E-07 0.0000E+00 0.0000E+00 2.2721E-07 3.50E-06 6.86E-06   0.675 1.0000 7.2119E-06   1021.400
11241.00 0.51542544 5.8026E-26 0.0000E+00 0.0000E+00 2.2690E-07 2.2690E-07 0.0000E+00 0.0000E+00 2.2690E-07 3.51E-06 6.80E-06   0.663 1.0000 7.1417E-06   1022.049
11251.00 0.52173859 5.4482E-26 0.0000E+00 0.0000E+00 2.2920E-07 2.2920E-07 0.0000E+00 0.0000E+00 2.2920E-07 3.56E-06 6.82E-06   0.651 1.0000 7.1598E-06   1023.440
11261.00 0.50627559 5.3615E-26 0.0000E+00 0.0000E+00 2.2386E-07 2.2386E-07 0.0000E+00 0.0000E+00 2.2386E-07 3.42E-06 6.75E-06   0.681 1.0000 7.1006E-06   1022.652
11271.00 0.52018756 4.9584E-26 0.0000E+00 0.0000E+00 2.2369E-07 2.2369E-07 0.0000E+00 0.0000E+00 2.2369E-07 3.46E-06 6.64E-06   0.654 1.0000 6.9712E-06   1023.339
11281.00 0.50998133 4.8216E-26 0.0000E+00 0.0000E+00 2.1412E-07 2.1412E-07 0.0000E+00 0.0000E+00 2.1412E-07 3.27E-06 6.41E-06   0.673 1.0000 6.7401E-06   1021.256
11291.00 0.50911891 4.6044E-26 0.0000E+00 0.0000E+00 2.2685E-07 2.2685E-07 0.0000E+00 0.0000E+00 2.2685E-07 3.46E-06 6.78E-06   0.675 1.0000 7.1282E-06   1025.717
11301.00 0.52435243 4.2469E-26 0.0000E+00 0.0000E+00 2.3102E-07 2.3102E-07 0.0000E+00 0.0000E+00 2.3102E-07 3.57E-06 6.80E-06   0.646 1.0000 7.1331E-06   1027.637
11311.00 0.52180248 4.0647E-26 0.0000E+00 0.0000E+00 2.2772E-07 2.2772E-07 0.0000E+00 0.0000E+00 2.2772E-07 3.50E-06 6.71E-06   0.650 1.0000 7.0365E-06   1027.441
11321.00 0.51978534 3.8888E-26 0.0000E+00 0.0000E+00 2.3041E-07 2.3041E-07 0.0000E+00 0.0000E+00 2.3041E-07 3.53E-06 6.79E-06   0.654 1.0000 7.1226E-06   1028.940
11331.00 0.51953870 3.7034E-26 0.0000E+00 0.0000E+00 2.2590E-07 2.2590E-07 0.0000E+00 0.0000E+00 2.2590E-07 3.45E-06 6.65E-06   0.655 1.0000 6.9746E-06   1028.390
11341.00 0.51969028 3.5271E-26 0.0000E+00 0.0000E+00 2.3014E-07 2.3014E-07 0.0000E+00 0.0000E+00 2.3014E-07 3.51E-06 6.76E-06   0.655 1.0000 7.0920E-06   1030.336
11351.00 0.52138513 3.3466E-26 0.0000E+00 0.0000E+00 2.1829E-07 2.1829E-07 0.0000E+00 0.0000E+00 2.1829E-07 3.33E-06 6.39E-06   0.651 1.0000 6.7048E-06   1027.642
11361.00 0.52107477 3.1895E-26 0.0000E+00 0.0000E+00 2.3118E-07 2.3118E-07 0.0000E+00 0.0000E+00 2.3118E-07 3.52E-06 6.76E-06   0.652 1.0000 7.0885E-06   1032.102
11371.00 0.52460766 3.0144E-26 0.0000E+00 0.0000E+00 2.2929E-07 2.2929E-07 0.0000E+00 0.0000E+00 2.2929E-07 3.50E-06 6.67E-06   0.645 1.0000 6.9944E-06   1032.303
11381.00 0.52133548 2.8903E-26 0.0000E+00 0.0000E+00 2.3445E-07 2.3445E-07 0.0000E+00 0.0000E+00 2.3445E-07 3.56E-06 6.83E-06   0.651 1.0000 7.1623E-06   1034.491
11391.00 0.52324611 2.7418E-26 0.0000E+00 0.0000E+00 2.3326E-07 2.3326E-07 0.0000E+00 0.0000E+00 2.3326E-07 3.54E-06 6.77E-06   0.648 1.0000 7.1013E-06   1034.896
11401.00 0.52325302 2.6108E-26 0.0000E+00 0.0000E+00 2.3426E-07 2.3426E-07 0.0000E+00 0.0000E+00 2.3426E-07 3.55E-06 6.79E-06   0.648 1.0000 7.1195E-06   1035.911
11411.00 0.52210772 2.4921E-26 0.0000E+00 0.0000E+00 2.3343E-07 2.3343E-07 0.0000E+00 0.0000E+00 2.3343E-07 3.53E-06 6.76E-06   0.650 1.0000 7.0904E-06   1036.416
11421.00 0.52289289 2.3694E-26 0.0000E+00 0.0000E+00 2.2700E-07 2.2700E-07 0.0000E+00 0.0000E+00 2.2700E-07 3.43E-06 6.56E-06   0.648 1.0000 6.8786E-06   1035.326
11431.00 0.52234477 2.2589E-26 0.0000E+00 0.0000E+00 2.3092E-07 2.3092E-07 0.0000E+00 0.0000E+00 2.3092E-07 3.48E-06 6.66E-06   0.649 1.0000 6.9893E-06   1037.179
11441.00 0.52165306 2.1542E-26 0.0000E+00 0.0000E+00 2.3244E-07 2.3244E-07 0.0000E+00 0.0000E+00 2.3244E-07 3.49E-06 6.70E-06   0.651 1.0000 7.0284E-06   1038.345
11451.00 0.52189285 2.0504E-26 0.0000E+00 0.0000E+00 2.3478E-07 2.3478E-07 0.0000E+00 0.0000E+00 2.3478E-07 3.52E-06 6.75E-06   0.650 1.0000 7.0859E-06   1039.739
11461.00 0.52161545 1.9537E-26 0.0000E+00 0.0000E+00 2.3776E-07 2.3776E-07 0.0000E+00 0.0000E+00 2.3776E-07 3.56E-06 6.83E-06   0.651 1.0000 7.1660E-06   1041.302
11471.00 0.52106446 1.8625E-26 0.0000E+00 0.0000E+00 2.3405E-07 2.3405E-07 0.0000E+00 0.0000E+00 2.3405E-07 3.50E-06 6.71E-06   0.652 1.0000 7.0465E-06   1041.004
11481.00 0.52008533 1.7773E-26 0.0000E+00 0.0000E+00 2.3560E-07 2.3560E-07 0.0000E+00 0.0000E+00 2.3560E-07 3.51E-06 6.75E-06   0.654 1.0000 7.0883E-06   1042.174
11491.00 0.51995254 1.6929E-26 0.0000E+00 0.0000E+00 2.3571E-07 2.3571E-07 0.0000E+00 0.0000E+00 2.3571E-07 3.51E-06 6.74E-06   0.654 1.0000 7.0811E-06   1042.943
11501.00 0.51937282 1.6141E-26 0.0000E+00 0.0000E+00 2.3027E-07 2.3027E-07 0.0000E+00 0.0000E+00 2.3027E-07 3.42E-06 6.58E-06   0.655 1.0000 6.9103E-06   1042.142
11511.00 0.51884335 1.5387E-26 0.0000E+00 0.0000E+00 2.2908E-07 2.2908E-07 0.0000E+00 0.0000E+00 2.2908E-07 3.39E-06 6.54E-06   0.656 1.0000 6.8667E-06   1042.538
11521.00 0.51811677 1.4675E-26 0.0000E+00 0.0000E+00 2.3014E-07 2.3014E-07 0.0000E+00 0.0000E+00 2.3014E-07 3.40E-06 6.56E-06   0.658 1.0000 6.8922E-06   1043.576
11531.00 0.51748627 1.3993E-26 0.0000E+00 0.0000E+00 2.2178E-07 2.2178E-07 0.0000E+00 0.0000E+00 2.2178E-07 3.27E-06 6.32E-06   0.659 1.0000 6.6351E-06   1041.882
11541.00 0.51698703 1.3338E-26 0.0000E+00 0.0000E+00 1.7659E-07 1.7659E-07 0.0000E+00 0.0000E+00 1.7659E-07 2.60E-06 5.02E-06   0.660 1.0000 5.2774E-06   1027.909
11551.00 0.51612121 1.2724E-26 0.0000E+00 0.0000E+00 2.2471E-07 2.2471E-07 0.0000E+00 0.0000E+00 2.2471E-07 3.30E-06 6.39E-06   0.661 1.0000 6.7102E-06   1044.211
11561.00 0.51546067 1.2133E-26 0.0000E+00 0.0000E+00 2.3627E-07 2.3627E-07 0.0000E+00 0.0000E+00 2.3627E-07 3.46E-06 6.71E-06   0.663 1.0000 7.0485E-06   1048.247
11571.00 0.51509428 1.1563E-26 0.0000E+00 0.0000E+00 2.4090E-07 2.4090E-07 0.0000E+00 0.0000E+00 2.4090E-07 3.52E-06 6.83E-06   0.663 1.0000 7.1778E-06   1050.267
11581.00 0.51404226 1.1034E-26 0.0000E+00 0.0000E+00 2.3948E-07 2.3948E-07 0.0000E+00 0.0000E+00 2.3948E-07 3.49E-06 6.78E-06   0.665 1.0000 7.1315E-06   1050.609
11591.00 0.51168036 1.0558E-26 0.0000E+00 0.0000E+00 2.3939E-07 2.3939E-07 0.0000E+00 0.0000E+00 2.3939E-07 3.47E-06 6.78E-06   0.670 1.0000 7.1338E-06   1051.321
11601.00 0.51262587 1.0035E-26 0.0000E+00 0.0000E+00 2.3607E-07 2.3607E-07 0.0000E+00 0.0000E+00 2.3607E-07 3.42E-06 6.67E-06   0.668 1.0000 7.0173E-06   1051.132
11611.00 0.50991434 9.6083E-27 0.0000E+00 0.0000E+00 2.3549E-07 2.3549E-07 0.0000E+00 0.0000E+00 2.3549E-07 3.40E-06 6.66E-06   0.674 1.0000 7.0074E-06   1051.705
11621.00 0.51053661 9.1386E-27 0.0000E+00 0.0000E+00 2.3833E-07 2.3833E-07 0.0000E+00 0.0000E+00 2.3833E-07 3.43E-06 6.73E-06   0.672 1.0000 7.0763E-06   1053.233
11631.00 0.50776881 8.7498E-27 0.0000E+00 0.0000E+00 2.3636E-07 2.3636E-07 0.0000E+00 0.0000E+00 2.3636E-07 3.39E-06 6.68E-06   0.678 1.0000 7.0263E-06   1053.416
11641.00 0.50511092 8.3790E-27 0.0000E+00 0.0000E+00 2.3573E-07 2.3573E-07 0.0000E+00 0.0000E+00 2.3573E-07 3.37E-06 6.66E-06   0.683 1.0000 7.0154E-06   1053.976
11651.00 0.50656372 7.9543E-27 0.0000E+00 0.0000E+00 2.3648E-07 2.3648E-07 0.0000E+00 0.0000E+00 2.3648E-07 3.38E-06 6.66E-06   0.680 1.0000 7.0154E-06   1054.919
11661.00 0.49673083 7.7243E-27 0.0000E+00 0.0000E+00 2.3870E-07 2.3870E-07 0.0000E+00 0.0000E+00 2.3870E-07 3.37E-06 6.77E-06   0.700 1.0000 7.1406E-06   1056.275
11671.00 0.50365824 7.2561E-27 0.0000E+00 0.0000E+00 2.4113E-07 2.4113E-07 0.0000E+00 0.0000E+00 2.4113E-07 3.42E-06 6.79E-06   0.686 1.0000 7.1519E-06   1057.685
11681.00 0.49874285 6.9754E-27 0.0000E+00 0.0000E+00 2.3635E-07 2.3635E-07 0.0000E+00 0.0000E+00 2.3635E-07 3.33E-06 6.67E-06   0.696 1.0000 7.0342E-06   1057.087
11691.00 0.49604392 6.6802E-27 0.0000E+00 0.0000E+00 2.2868E-07 2.2868E-07 0.0000E+00 0.0000E+00 2.2868E-07 3.21E-06 6.46E-06   0.701 1.0000 6.8153E-06   1055.631
11701.00 0.49356654 6.3901E-27 0.0000E+00 0.0000E+00 1.7121E-07 1.7121E-07 0.0000E+00 0.0000E+00 1.7121E-07 2.39E-06 4.84E-06   0.706 1.0000 5.1054E-06   1037.521
11711.00 0.48674852 6.1690E-27 0.0000E+00 0.0000E+00 2.0351E-07 2.0351E-07 0.0000E+00 0.0000E+00 2.0351E-07 2.82E-06 5.78E-06   0.720 1.0000 6.0975E-06   1049.420
11721.00 0.49478436 5.7816E-27 0.0000E+00 0.0000E+00 2.3373E-07 2.3373E-07 0.0000E+00 0.0000E+00 2.3373E-07 3.26E-06 6.58E-06   0.704 1.0000 6.9393E-06   1059.282
11731.00 0.48687550 5.5903E-27 0.0000E+00 0.0000E+00 2.3579E-07 2.3579E-07 0.0000E+00 0.0000E+00 2.3579E-07 3.25E-06 6.68E-06   0.720 1.0000 7.0489E-06   1060.598
11741.00 0.47757614 5.4194E-27 0.0000E+00 0.0000E+00 2.2683E-07 2.2683E-07 0.0000E+00 0.0000E+00 2.2683E-07 3.09E-06 6.47E-06   0.739 1.0000 6.8430E-06   1058.756
11751.00 0.48515436 5.0885E-27 0.0000E+00 0.0000E+00 2.3714E-07 2.3714E-07 0.0000E+00 0.0000E+00 2.3714E-07 3.26E-06 6.70E-06   0.723 1.0000 7.0799E-06   1062.447
11761.00 0.49005732 4.7977E-27 0.0000E+00 0.0000E+00 2.1163E-07 2.1163E-07 0.0000E+00 0.0000E+00 2.1163E-07 2.91E-06 5.94E-06   0.713 1.0000 6.2711E-06   1055.631
11771.00 0.48800373 4.5866E-27 0.0000E+00 0.0000E+00 2.2681E-07 2.2681E-07 0.0000E+00 0.0000E+00 2.2681E-07 3.11E-06 6.37E-06   0.717 1.0000 6.7248E-06   1060.944
11781.00 0.48763195 4.3708E-27 0.0000E+00 0.0000E+00 2.4102E-07 2.4102E-07 0.0000E+00 0.0000E+00 2.4102E-07 3.30E-06 6.76E-06   0.718 1.0000 7.1404E-06   1065.733
11791.00 0.48332387 4.1970E-27 0.0000E+00 0.0000E+00 2.4030E-07 2.4030E-07 0.0000E+00 0.0000E+00 2.4030E-07 3.27E-06 6.76E-06   0.727 1.0000 7.1364E-06   1066.266
11801.00 0.49539790 3.9032E-27 0.0000E+00 0.0000E+00 2.3831E-07 2.3831E-07 0.0000E+00 0.0000E+00 2.3831E-07 3.28E-06 6.62E-06   0.702 1.0000 6.9763E-06   1066.443
11811.00 0.48977831 3.7564E-27 0.0000E+00 0.0000E+00 2.3802E-07 2.3802E-07 0.0000E+00 0.0000E+00 2.3802E-07 3.25E-06 6.63E-06   0.714 1.0000 7.0000E-06   1067.096
11821.00 0.48654813 3.6015E-27 0.0000E+00 0.0000E+00 2.4148E-07 2.4148E-07 0.0000E+00 0.0000E+00 2.4148E-07 3.28E-06 6.74E-06   0.720 1.0000 7.1140E-06   1068.796
11831.00 0.48497030 3.4388E-27 0.0000E+00 0.0000E+00 2.4118E-07 2.4118E-07 0.0000E+00 0.0000E+00 2.4118E-07 3.26E-06 6.73E-06   0.724 1.0000 7.1007E-06   1069.446
11841.00 0.47405720 3.3430E-27 0.0000E+00 0.0000E+00 2.3601E-07 2.3601E-07 0.0000E+00 0.0000E+00 2.3601E-07 3.15E-06 6.64E-06   0.746 1.0000 7.0230E-06   1068.725
11851.00 0.45900482 3.2753E-27 0.0000E+00 0.0000E+00 2.2969E-07 2.2969E-07 0.0000E+00 0.0000E+00 2.2969E-07 3.01E-06 6.55E-06   0.779 1.0000 6.9407E-06   1067.641
11861.00 0.46930230 3.0603E-27 0.0000E+00 0.0000E+00 2.3739E-07 2.3739E-07 0.0000E+00 0.0000E+00 2.3739E-07 3.14E-06 6.69E-06   0.757 1.0000 7.0767E-06   1070.582
11871.00 0.47535253 2.8782E-27 0.0000E+00 0.0000E+00 2.3737E-07 2.3737E-07 0.0000E+00 0.0000E+00 2.3737E-07 3.16E-06 6.64E-06   0.744 1.0000 7.0212E-06   1071.308
11881.00 0.45238397 2.8621E-27 0.0000E+00 0.0000E+00 2.3358E-07 2.3358E-07 0.0000E+00 0.0000E+00 2.3358E-07 3.03E-06 6.67E-06   0.793 1.0000 7.0855E-06   1070.962
11891.00 0.43896392 2.7920E-27 0.0000E+00 0.0000E+00 2.3225E-07 2.3225E-07 0.0000E+00 0.0000E+00 2.3225E-07 2.96E-06 6.72E-06   0.823 1.0000 7.1453E-06   1071.309
11901.00 0.45447654 2.5847E-27 0.0000E+00 0.0000E+00 2.3551E-07 2.3551E-07 0.0000E+00 0.0000E+00 2.3551E-07 3.05E-06 6.69E-06   0.789 1.0000 7.0928E-06   1072.977
11911.00 0.45348310 2.4668E-27 0.0000E+00 0.0000E+00 2.3447E-07 2.3447E-07 0.0000E+00 0.0000E+00 2.3447E-07 3.03E-06 6.66E-06   0.791 1.0000 7.0600E-06   1073.414
11921.00 0.42610821 2.4643E-27 0.0000E+00 0.0000E+00 2.2088E-07 2.2088E-07 0.0000E+00 0.0000E+00 2.2088E-07 2.75E-06 6.44E-06   0.853 1.0000 6.8519E-06   1070.141
11931.00 0.43210703 2.3213E-27 0.0000E+00 0.0000E+00 2.3002E-07 2.3002E-07 0.0000E+00 0.0000E+00 2.3002E-07 2.89E-06 6.66E-06   0.839 1.0000 7.0928E-06   1073.589
11941.00 0.41734138 2.2705E-27 0.0000E+00 0.0000E+00 2.2761E-07 2.2761E-07 0.0000E+00 0.0000E+00 2.2761E-07 2.81E-06 6.68E-06   0.874 1.0000 7.1401E-06   1073.611
11951.00 0.42568555 2.1292E-27 0.0000E+00 0.0000E+00 2.2669E-07 2.2669E-07 0.0000E+00 0.0000E+00 2.2669E-07 2.83E-06 6.59E-06   0.854 1.0000 7.0443E-06   1074.071
11961.00 0.40217394 2.1100E-27 0.0000E+00 0.0000E+00 2.2188E-07 2.2188E-07 0.0000E+00 0.0000E+00 2.2188E-07 2.69E-06 6.61E-06   0.911 1.0000 7.1078E-06   1073.361
11971.00 0.40592989 1.9980E-27 0.0000E+00 0.0000E+00 2.2322E-07 2.2322E-07 0.0000E+00 0.0000E+00 2.2322E-07 2.71E-06 6.61E-06   0.902 1.0000 7.0906E-06   1074.496
11981.00 0.41285869 1.8782E-27 0.0000E+00 0.0000E+00 2.2175E-07 2.2175E-07 0.0000E+00 0.0000E+00 2.2175E-07 2.71E-06 6.50E-06   0.885 1.0000 6.9668E-06   1074.781
11991.00 0.36246783 1.9421E-27 0.0000E+00 0.0000E+00 2.0670E-07 2.0670E-07 0.0000E+00 0.0000E+00 2.0670E-07 2.38E-06 6.42E-06   1.015 1.0000 6.9804E-06   1070.818
12001.00 0.35819548 1.8634E-27 0.0000E+00 0.0000E+00 2.0329E-07 2.0329E-07 0.0000E+00 0.0000E+00 2.0329E-07 2.31E-06 6.33E-06   1.027 1.0000 6.8879E-06   1070.440
12011.00 0.37336776 1.7284E-27 0.0000E+00 0.0000E+00 2.0814E-07 2.0814E-07 0.0000E+00 0.0000E+00 2.0814E-07 2.45E-06 6.33E-06   0.985 1.0000 6.9934E-06   1072.735
12021.00 0.32968155 1.7637E-27 0.0000E+00 0.0000E+00 1.9817E-07 1.9817E-07 0.0000E+00 0.0000E+00 1.9817E-07 2.19E-06 6.34E-06   1.110 1.0000 7.0695E-06   1070.202
12031.00 0.37278900 1.5706E-27 0.0000E+00 0.0000E+00 2.1062E-07 2.1062E-07 0.0000E+00 0.0000E+00 2.1062E-07 2.43E-06 6.39E-06   0.987 1.0000 6.9475E-06   1074.979
12041.00 0.34602883 1.5600E-27 0.0000E+00 0.0000E+00 2.0301E-07 2.0301E-07 0.0000E+00 0.0000E+00 2.0301E-07 2.28E-06 6.33E-06   1.061 1.0000 7.0298E-06   1073.252
12051.00 0.33984911 1.4977E-27 0.0000E+00 0.0000E+00 2.0131E-07 2.0131E-07 0.0000E+00 0.0000E+00 2.0131E-07 2.25E-06 6.34E-06   1.079 1.0000 7.0419E-06   1073.421
12061.00 0.31489158 1.4808E-27 0.0000E+00 0.0000E+00 1.9398E-07 1.9398E-07 0.0000E+00 0.0000E+00 1.9398E-07 2.10E-06 6.30E-06   1.156 1.0000 7.1140E-06   1071.684
12071.00 0.31982759 1.3981E-27 0.0000E+00 0.0000E+00 1.9778E-07 1.9778E-07 0.0000E+00 0.0000E+00 1.9778E-07 2.14E-06 6.34E-06   1.140 1.0000 7.1599E-06   1073.695
12081.00 0.27545083 1.4193E-27 0.0000E+00 0.0000E+00 1.8182E-07 1.8182E-07 0.0000E+00 0.0000E+00 1.8182E-07 1.83E-06 6.20E-06   1.289 1.0000 7.1226E-06   1068.861
12091.00 0.39238673 1.1352E-27 0.0000E+00 0.0000E+00 2.2420E-07 2.2420E-07 0.0000E+00 0.0000E+00 2.2420E-07 2.63E-06 6.58E-06   0.936 1.0000 7.1353E-06   1083.541
12101.00 0.34483615 1.1625E-27 0.0000E+00 0.0000E+00 2.0820E-07 2.0820E-07 0.0000E+00 0.0000E+00 2.0820E-07 2.30E-06 6.46E-06   1.065 1.0000 7.1283E-06   1079.292
12111.00 0.34544870 1.1088E-27 0.0000E+00 0.0000E+00 2.0662E-07 2.0662E-07 0.0000E+00 0.0000E+00 2.0662E-07 2.29E-06 6.39E-06   1.063 1.0000 7.0848E-06   1079.509
12121.00 0.40018815 9.6551E-28 0.0000E+00 0.0000E+00 2.2417E-07 2.2417E-07 0.0000E+00 0.0000E+00 2.2417E-07 2.64E-06 6.50E-06   0.916 1.0000 7.0243E-06   1085.715
12131.00 0.33594948 1.0186E-27 0.0000E+00 0.0000E+00 2.0519E-07 2.0519E-07 0.0000E+00 0.0000E+00 2.0519E-07 2.22E-06 6.42E-06   1.091 1.0000 7.0679E-06   1080.496
12141.00 0.24888057 1.0932E-27 0.0000E+00 0.0000E+00 1.6937E-07 1.6937E-07 0.0000E+00 0.0000E+00 1.6937E-07 1.62E-06 5.98E-06   1.391 1.0000 6.9714E-06   1068.533
12151.00 0.14271200 1.1899E-27 0.0000E+00 0.0000E+00 1.2276E-07 1.2276E-07 0.0000E+00 0.0000E+00 1.2276E-07 9.21E-07 5.38E-06   1.947 1.0000 7.0361E-06   1048.611
12161.00 0.32210267 8.9832E-28 0.0000E+00 0.0000E+00 1.9486E-07 1.9486E-07 0.0000E+00 0.0000E+00 1.9486E-07 2.07E-06 6.18E-06   1.133 1.0000 6.9045E-06   1079.221
12171.00 0.36233601 8.0370E-28 0.0000E+00 0.0000E+00 2.1145E-07 2.1145E-07 0.0000E+00 0.0000E+00 2.1145E-07 2.35E-06 6.35E-06   1.015 1.0000 6.9343E-06   1085.413
12181.00 0.40763375 7.1193E-28 0.0000E+00 0.0000E+00 2.2724E-07 2.2724E-07 0.0000E+00 0.0000E+00 2.2724E-07 2.67E-06 6.48E-06   0.897 1.0000 6.9604E-06   1091.010
12191.00 0.29646534 8.0205E-28 0.0000E+00 0.0000E+00 1.8575E-07 1.8575E-07 0.0000E+00 0.0000E+00 1.8575E-07 1.91E-06 6.07E-06   1.216 1.0000 6.9001E-06   1078.209
12201.00 0.29037908 7.7141E-28 0.0000E+00 0.0000E+00 1.8134E-07 1.8134E-07 0.0000E+00 0.0000E+00 1.8134E-07 1.83E-06 5.94E-06   1.237 1.0000 6.8274E-06   1077.337
12211.00 0.28101254 7.4452E-28 0.0000E+00 0.0000E+00 1.8337E-07 1.8337E-07 0.0000E+00 0.0000E+00 1.8337E-07 1.81E-06 6.06E-06   1.269 1.0000 6.9594E-06   1078.793
12221.00 0.23254633 7.5506E-28 0.0000E+00 0.0000E+00 1.6310E-07 1.6310E-07 0.0000E+00 0.0000E+00 1.6310E-07 1.49E-06 5.86E-06   1.459 1.0000 6.9415E-06   1071.807
12231.00 0.28311965 6.7318E-28 0.0000E+00 0.0000E+00 1.8754E-07 1.8754E-07 0.0000E+00 0.0000E+00 1.8754E-07 1.88E-06 6.19E-06   1.262 1.0000 7.1216E-06   1081.729
12241.00 0.23965390 6.7823E-28 0.0000E+00 0.0000E+00 1.6925E-07 1.6925E-07 0.0000E+00 0.0000E+00 1.6925E-07 1.58E-06 5.98E-06   1.429 1.0000 7.0928E-06   1075.667
12251.00 0.24907227 6.3935E-28 0.0000E+00 0.0000E+00 1.7279E-07 1.7279E-07 0.0000E+00 0.0000E+00 1.7279E-07 1.64E-06 5.98E-06   1.390 1.0000 7.0794E-06   1077.747
12261.00 0.25340265 6.0440E-28 0.0000E+00 0.0000E+00 1.7779E-07 1.7779E-07 0.0000E+00 0.0000E+00 1.7779E-07 1.67E-06 6.13E-06   1.373 1.0000 7.0894E-06   1080.348
12271.00 0.25206679 5.7691E-28 0.0000E+00 0.0000E+00 1.7840E-07 1.7840E-07 0.0000E+00 0.0000E+00 1.7840E-07 1.66E-06 6.19E-06   1.378 1.0000 7.0956E-06   1081.293
12281.00 0.29429403 5.1855E-28 0.0000E+00 0.0000E+00 1.9615E-07 1.9615E-07 0.0000E+00 0.0000E+00 1.9615E-07 1.95E-06 6.34E-06   1.223 1.0000 7.1191E-06   1088.336
12291.00 0.27451268 5.0723E-28 0.0000E+00 0.0000E+00 1.8910E-07 1.8910E-07 0.0000E+00 0.0000E+00 1.8910E-07 1.82E-06 6.32E-06   1.293 1.0000 7.1358E-06   1086.609
12301.00 0.35662794 4.2865E-28 0.0000E+00 0.0000E+00 2.1968E-07 2.1968E-07 0.0000E+00 0.0000E+00 2.1968E-07 2.37E-06 6.53E-06   1.031 1.0000 7.1019E-06   1097.436
12311.00 0.35567835 4.0905E-28 0.0000E+00 0.0000E+00 2.2097E-07 2.2097E-07 0.0000E+00 0.0000E+00 2.2097E-07 2.36E-06 6.56E-06   1.034 1.0000 7.1036E-06   1098.562
12321.00 0.37098676 3.7977E-28 0.0000E+00 0.0000E+00 2.2521E-07 2.2521E-07 0.0000E+00 0.0000E+00 2.2521E-07 2.46E-06 6.56E-06   0.992 1.0000 7.0841E-06   1100.585
12331.00 0.39156738 3.5007E-28 0.0000E+00 0.0000E+00 2.3357E-07 2.3357E-07 0.0000E+00 0.0000E+00 2.3357E-07 2.60E-06 6.61E-06   0.938 1.0000 7.1024E-06   1103.808
12341.00 0.40959561 3.2322E-28 0.0000E+00 0.0000E+00 2.3688E-07 2.3688E-07 0.0000E+00 0.0000E+00 2.3688E-07 2.69E-06 6.56E-06   0.893 1.0000 7.0116E-06   1105.504
12351.00 0.40589568 3.0988E-28 0.0000E+00 0.0000E+00 2.3290E-07 2.3290E-07 0.0000E+00 0.0000E+00 2.3290E-07 2.63E-06 6.46E-06   0.902 1.0000 6.9247E-06   1105.066
12361.00 0.42400837 2.8586E-28 0.0000E+00 0.0000E+00 2.4061E-07 2.4061E-07 0.0000E+00 0.0000E+00 2.4061E-07 2.78E-06 6.54E-06   0.858 1.0000 6.9793E-06   1108.039
12371.00 0.42608139 2.7136E-28 0.0000E+00 0.0000E+00 2.4340E-07 2.4340E-07 0.0000E+00 0.0000E+00 2.4340E-07 2.81E-06 6.58E-06   0.853 1.0000 7.0253E-06   1109.565
12381.00 0.43963671 2.5216E-28 0.0000E+00 0.0000E+00 2.4792E-07 2.4792E-07 0.0000E+00 0.0000E+00 2.4792E-07 2.91E-06 6.61E-06   0.822 1.0000 7.0369E-06   1111.567
12391.00 0.43666452 2.4137E-28 0.0000E+00 0.0000E+00 2.4906E-07 2.4906E-07 0.0000E+00 0.0000E+00 2.4906E-07 2.91E-06 6.65E-06   0.829 1.0000 7.0840E-06   1112.616
12401.00 0.43596926 2.3011E-28 0.0000E+00 0.0000E+00 2.5144E-07 2.5144E-07 0.0000E+00 0.0000E+00 2.5144E-07 2.93E-06 6.70E-06   0.830 1.0000 7.1455E-06   1114.007
12411.00 0.43999457 2.1748E-28 0.0000E+00 0.0000E+00 2.5129E-07 2.5129E-07 0.0000E+00 0.0000E+00 2.5129E-07 2.93E-06 6.66E-06   0.821 1.0000 7.0929E-06   1114.696
12421.00 0.43459257 2.0894E-28 0.0000E+00 0.0000E+00 2.4239E-07 2.4239E-07 0.0000E+00 0.0000E+00 2.4239E-07 2.81E-06 6.45E-06   0.833 1.0000 6.8849E-06   1112.920
12431.00 0.40266302 2.1034E-28 0.0000E+00 0.0000E+00 2.3885E-07 2.3885E-07 0.0000E+00 0.0000E+00 2.3885E-07 2.66E-06 6.57E-06   0.910 1.0000 7.0471E-06   1112.631
12441.00 0.40569970 1.9914E-28 0.0000E+00 0.0000E+00 2.4133E-07 2.4133E-07 0.0000E+00 0.0000E+00 2.4133E-07 2.69E-06 6.61E-06   0.902 1.0000 7.0810E-06   1114.074
12451.00 0.40057600 1.9119E-28 0.0000E+00 0.0000E+00 2.3740E-07 2.3740E-07 0.0000E+00 0.0000E+00 2.3740E-07 2.63E-06 6.52E-06   0.915 1.0000 6.9937E-06   1113.664
12461.00 0.38770878 1.8608E-28 0.0000E+00 0.0000E+00 2.3669E-07 2.3669E-07 0.0000E+00 0.0000E+00 2.3669E-07 2.56E-06 6.59E-06   0.948 1.0000 7.0759E-06   1114.185
12471.00 0.40746206 1.7129E-28 0.0000E+00 0.0000E+00 2.4415E-07 2.4415E-07 0.0000E+00 0.0000E+00 2.4415E-07 2.71E-06 6.64E-06   0.898 1.0000 7.1120E-06   1117.067
12481.00 0.39791062 1.6581E-28 0.0000E+00 0.0000E+00 2.4021E-07 2.4021E-07 0.0000E+00 0.0000E+00 2.4021E-07 2.65E-06 6.60E-06   0.922 1.0000 7.1032E-06   1116.663
12491.00 0.40400800 1.5623E-28 0.0000E+00 0.0000E+00 2.4089E-07 2.4089E-07 0.0000E+00 0.0000E+00 2.4089E-07 2.67E-06 6.56E-06   0.906 1.0000 7.0410E-06   1117.586
12501.00 0.40367478 1.4893E-28 0.0000E+00 0.0000E+00 2.3899E-07 2.3899E-07 0.0000E+00 0.0000E+00 2.3899E-07 2.64E-06 6.49E-06   0.907 1.0000 6.9583E-06   1117.766
12511.00 0.42613113 1.3638E-28 0.0000E+00 0.0000E+00 2.5190E-07 2.5190E-07 0.0000E+00 0.0000E+00 2.5190E-07 2.84E-06 6.67E-06   0.853 1.0000 7.1163E-06   1122.162
12521.00 0.41311041 1.3279E-28 0.0000E+00 0.0000E+00 2.4768E-07 2.4768E-07 0.0000E+00 0.0000E+00 2.4768E-07 2.75E-06 6.64E-06   0.884 1.0000 7.1113E-06   1121.708
12531.00 0.43025717 1.2274E-28 0.0000E+00 0.0000E+00 2.5328E-07 2.5328E-07 0.0000E+00 0.0000E+00 2.5328E-07 2.87E-06 6.65E-06   0.843 1.0000 7.0974E-06   1124.001
12541.00 0.41442519 1.2007E-28 0.0000E+00 0.0000E+00 2.4801E-07 2.4801E-07 0.0000E+00 0.0000E+00 2.4801E-07 2.75E-06 6.62E-06   0.881 1.0000 7.0882E-06   1123.260
12551.00 0.39022112 1.1892E-28 0.0000E+00 0.0000E+00 2.4055E-07 2.4055E-07 0.0000E+00 0.0000E+00 2.4055E-07 2.59E-06 6.59E-06   0.941 1.0000 7.0994E-06   1121.855
12561.00 0.37856305 1.1563E-28 0.0000E+00 0.0000E+00 2.3477E-07 2.3477E-07 0.0000E+00 0.0000E+00 2.3477E-07 2.49E-06 6.51E-06   0.971 1.0000 7.0428E-06   1120.888
12571.00 0.42907906 1.0105E-28 0.0000E+00 0.0000E+00 2.5271E-07 2.5271E-07 0.0000E+00 0.0000E+00 2.5271E-07 2.84E-06 6.61E-06   0.846 1.0000 7.0580E-06   1126.759
12581.00 0.43732357 9.4839E-29 0.0000E+00 0.0000E+00 2.4662E-07 2.4662E-07 0.0000E+00 0.0000E+00 2.4662E-07 2.79E-06 6.38E-06   0.827 1.0000 6.8119E-06   1125.777
12591.00 0.44659269 8.8798E-29 0.0000E+00 0.0000E+00 2.5073E-07 2.5073E-07 0.0000E+00 0.0000E+00 2.5073E-07 2.87E-06 6.42E-06   0.806 1.0000 6.8345E-06   1127.665
12601.00 0.43702200 8.5915E-29 0.0000E+00 0.0000E+00 2.4793E-07 2.4793E-07 0.0000E+00 0.0000E+00 2.4793E-07 2.80E-06 6.40E-06   0.828 1.0000 6.8321E-06   1127.605
12611.00 0.40686041 8.6266E-29 0.0000E+00 0.0000E+00 2.4481E-07 2.4481E-07 0.0000E+00 0.0000E+00 2.4481E-07 2.67E-06 6.52E-06   0.899 1.0000 7.0130E-06   1127.446
12621.00 0.40834206 8.1872E-29 0.0000E+00 0.0000E+00 2.4542E-07 2.4542E-07 0.0000E+00 0.0000E+00 2.4542E-07 2.68E-06 6.52E-06   0.896 1.0000 7.0117E-06   1128.348
12631.00 0.41353831 7.7304E-29 0.0000E+00 0.0000E+00 2.4446E-07 2.4446E-07 0.0000E+00 0.0000E+00 2.4446E-07 2.67E-06 6.44E-06   0.883 1.0000 6.9099E-06   1128.798
12641.00 0.40026248 7.5261E-29 0.0000E+00 0.0000E+00 2.4497E-07 2.4497E-07 0.0000E+00 0.0000E+00 2.4497E-07 2.64E-06 6.54E-06   0.916 1.0000 7.0438E-06   1129.673
12651.00 0.40128267 7.1498E-29 0.0000E+00 0.0000E+00 2.4756E-07 2.4756E-07 0.0000E+00 0.0000E+00 2.4756E-07 2.66E-06 6.59E-06   0.913 1.0000 7.0958E-06   1131.137
12661.00 0.38455355 6.9934E-29 0.0000E+00 0.0000E+00 2.4163E-07 2.4163E-07 0.0000E+00 0.0000E+00 2.4163E-07 2.55E-06 6.56E-06   0.956 1.0000 7.0839E-06   1130.163
12671.00 0.39475611 6.5552E-29 0.0000E+00 0.0000E+00 2.4763E-07 2.4763E-07 0.0000E+00 0.0000E+00 2.4763E-07 2.63E-06 6.62E-06   0.929 1.0000 7.1204E-06   1132.612
12681.00 0.42108798 5.9688E-29 0.0000E+00 0.0000E+00 2.5544E-07 2.5544E-07 0.0000E+00 0.0000E+00 2.5544E-07 2.79E-06 6.62E-06   0.865 1.0000 7.0842E-06   1135.530
12691.00 0.41792277 5.7123E-29 0.0000E+00 0.0000E+00 2.5333E-07 2.5333E-07 0.0000E+00 0.0000E+00 2.5333E-07 2.76E-06 6.58E-06   0.872 1.0000 7.0488E-06   1135.673
12701.00 0.42640767 5.3591E-29 0.0000E+00 0.0000E+00 2.5834E-07 2.5834E-07 0.0000E+00 0.0000E+00 2.5834E-07 2.84E-06 6.64E-06   0.852 1.0000 7.0968E-06   1137.786
12711.00 0.42263612 5.1368E-29 0.0000E+00 0.0000E+00 2.5934E-07 2.5934E-07 0.0000E+00 0.0000E+00 2.5934E-07 2.82E-06 6.68E-06   0.861 1.0000 7.1406E-06   1138.788
12721.00 0.44365910 4.7119E-29 0.0000E+00 0.0000E+00 2.6099E-07 2.6099E-07 0.0000E+00 0.0000E+00 2.6099E-07 2.91E-06 6.56E-06   0.813 1.0000 6.9992E-06   1139.966
12731.00 0.44436049 4.4802E-29 0.0000E+00 0.0000E+00 2.6111E-07 2.6111E-07 0.0000E+00 0.0000E+00 2.6111E-07 2.91E-06 6.55E-06   0.811 1.0000 6.9861E-06   1140.727
12741.00 0.44441429 4.2646E-29 0.0000E+00 0.0000E+00 2.6585E-07 2.6585E-07 0.0000E+00 0.0000E+00 2.6585E-07 2.96E-06 6.66E-06   0.811 1.0000 7.1028E-06   1142.736
12751.00 0.44628602 4.0461E-29 0.0000E+00 0.0000E+00 2.6616E-07 2.6616E-07 0.0000E+00 0.0000E+00 2.6616E-07 2.96E-06 6.64E-06   0.807 1.0000 7.0859E-06   1143.550
12761.00 0.44902807 3.8332E-29 0.0000E+00 0.0000E+00 2.6054E-07 2.6054E-07 0.0000E+00 0.0000E+00 2.6054E-07 2.91E-06 6.48E-06   0.801 1.0000 6.9058E-06   1142.759
12771.00 0.44928819 3.6475E-29 0.0000E+00 0.0000E+00 2.6593E-07 2.6593E-07 0.0000E+00 0.0000E+00 2.6593E-07 2.96E-06 6.60E-06   0.800 1.0000 7.0362E-06   1144.944
12781.00 0.44909847 3.4736E-29 0.0000E+00 0.0000E+00 2.6924E-07 2.6924E-07 0.0000E+00 0.0000E+00 2.6924E-07 3.00E-06 6.67E-06   0.801 1.0000 7.1156E-06   1146.558
12791.00 0.44880319 3.3088E-29 0.0000E+00 0.0000E+00 2.6967E-07 2.6967E-07 0.0000E+00 0.0000E+00 2.6967E-07 2.99E-06 6.67E-06   0.801 1.0000 7.1190E-06   1147.402
12801.00 0.44886696 3.1496E-29 0.0000E+00 0.0000E+00 2.6563E-07 2.6563E-07 0.0000E+00 0.0000E+00 2.6563E-07 2.95E-06 6.56E-06   0.801 1.0000 7.0016E-06   1147.050
12811.00 0.44788066 3.0038E-29 0.0000E+00 0.0000E+00 2.6889E-07 2.6889E-07 0.0000E+00 0.0000E+00 2.6889E-07 2.97E-06 6.64E-06   0.803 1.0000 7.0852E-06   1148.653
12821.00 0.44801548 2.8590E-29 0.0000E+00 0.0000E+00 2.6611E-07 2.6611E-07 0.0000E+00 0.0000E+00 2.6611E-07 2.94E-06 6.56E-06   0.803 1.0000 7.0007E-06   1148.638
12831.00 0.44686514 2.7275E-29 0.0000E+00 0.0000E+00 2.6943E-07 2.6943E-07 0.0000E+00 0.0000E+00 2.6943E-07 2.97E-06 6.64E-06   0.805 1.0000 7.0866E-06   1150.254
12841.00 0.44698051 2.5960E-29 0.0000E+00 0.0000E+00 2.7069E-07 2.7069E-07 0.0000E+00 0.0000E+00 2.7069E-07 2.98E-06 6.66E-06   0.805 1.0000 7.1081E-06   1151.318
12851.00 0.44631046 2.4744E-29 0.0000E+00 0.0000E+00 2.7064E-07 2.7064E-07 0.0000E+00 0.0000E+00 2.7064E-07 2.97E-06 6.65E-06   0.807 1.0000 7.1013E-06   1152.034
12861.00 0.44588643 2.3575E-29 0.0000E+00 0.0000E+00 2.6545E-07 2.6545E-07 0.0000E+00 0.0000E+00 2.6545E-07 2.91E-06 6.52E-06   0.808 1.0000 6.9577E-06   1151.373
12871.00 0.44556251 2.2456E-29 0.0000E+00 0.0000E+00 2.7173E-07 2.7173E-07 0.0000E+00 0.0000E+00 2.7173E-07 2.97E-06 6.66E-06   0.808 1.0000 7.1139E-06   1153.778
12881.00 0.44489837 2.1404E-29 0.0000E+00 0.0000E+00 2.7138E-07 2.7138E-07 0.0000E+00 0.0000E+00 2.7138E-07 2.96E-06 6.65E-06   0.810 1.0000 7.0994E-06   1154.416
12891.00 0.44386044 2.0415E-29 0.0000E+00 0.0000E+00 2.7129E-07 2.7129E-07 0.0000E+00 0.0000E+00 2.7129E-07 2.95E-06 6.64E-06   0.812 1.0000 7.0944E-06   1155.121
12901.00 0.44330674 1.9454E-29 0.0000E+00 0.0000E+00 2.5850E-07 2.5850E-07 0.0000E+00 0.0000E+00 2.5850E-07 2.80E-06 6.32E-06   0.813 1.0000 6.7536E-06   1152.382
12911.00 0.44200927 1.8563E-29 0.0000E+00 0.0000E+00 2.6446E-07 2.6446E-07 0.0000E+00 0.0000E+00 2.6446E-07 2.86E-06 6.47E-06   0.816 1.0000 6.9089E-06   1154.744
12921.00 0.44119972 1.7698E-29 0.0000E+00 0.0000E+00 2.7213E-07 2.7213E-07 0.0000E+00 0.0000E+00 2.7213E-07 2.93E-06 6.65E-06   0.818 1.0000 7.1049E-06   1157.529
12931.00 0.43973085 1.6892E-29 0.0000E+00 0.0000E+00 2.7054E-07 2.7054E-07 0.0000E+00 0.0000E+00 2.7054E-07 2.91E-06 6.61E-06   0.822 1.0000 7.0646E-06   1157.835
12941.00 0.43767250 1.6140E-29 0.0000E+00 0.0000E+00 2.6380E-07 2.6380E-07 0.0000E+00 0.0000E+00 2.6380E-07 2.82E-06 6.45E-06   0.826 1.0000 6.8949E-06   1156.746
12951.00 0.43658766 1.5395E-29 0.0000E+00 0.0000E+00 2.6741E-07 2.6741E-07 0.0000E+00 0.0000E+00 2.6741E-07 2.85E-06 6.53E-06   0.829 1.0000 6.9877E-06   1158.452
12961.00 0.43535128 1.4688E-29 0.0000E+00 0.0000E+00 2.6385E-07 2.6385E-07 0.0000E+00 0.0000E+00 2.6385E-07 2.81E-06 6.44E-06   0.832 1.0000 6.8945E-06   1158.216
12971.00 0.43355480 1.4026E-29 0.0000E+00 0.0000E+00 2.6868E-07 2.6868E-07 0.0000E+00 0.0000E+00 2.6868E-07 2.85E-06 6.56E-06   0.836 1.0000 7.0270E-06   1160.248
12981.00 0.42597032 1.3532E-29 0.0000E+00 0.0000E+00 2.6510E-07 2.6510E-07 0.0000E+00 0.0000E+00 2.6510E-07 2.78E-06 6.52E-06   0.853 1.0000 6.9958E-06   1160.009
12991.00 0.41833702 1.3054E-29 0.0000E+00 0.0000E+00 2.6143E-07 2.6143E-07 0.0000E+00 0.0000E+00 2.6143E-07 2.72E-06 6.46E-06   0.871 1.0000 6.9674E-06   1159.733
13001.00 0.40617213 1.2685E-29 0.0000E+00 0.0000E+00 2.5810E-07 2.5810E-07 0.0000E+00 0.0000E+00 2.5810E-07 2.65E-06 6.44E-06   0.901 1.0000 6.9977E-06   1159.538
13011.00 0.39808959 1.2238E-29 0.0000E+00 0.0000E+00 2.5706E-07 2.5706E-07 0.0000E+00 0.0000E+00 2.5706E-07 2.62E-06 6.45E-06   0.921 1.0000 7.0635E-06   1159.974
13021.00 0.37618241 1.2070E-29 0.0000E+00 0.0000E+00 2.4706E-07 2.4706E-07 0.0000E+00 0.0000E+00 2.4706E-07 2.46E-06 6.32E-06   0.978 1.0000 7.0503E-06   1157.852
13031.00 0.35110924 1.1950E-29 0.0000E+00 0.0000E+00 2.3775E-07 2.3775E-07 0.0000E+00 0.0000E+00 2.3775E-07 2.30E-06 6.23E-06   1.047 1.0000 7.0771E-06   1155.833
13041.00 0.31500092 1.2002E-29 0.0000E+00 0.0000E+00 2.1099E-07 2.1099E-07 0.0000E+00 0.0000E+00 2.1099E-07 1.96E-06 5.72E-06   1.155 1.0000 6.7057E-06   1148.107
13051.00 0.27365896 1.2112E-29 0.0000E+00 0.0000E+00 1.8997E-07 1.8997E-07 0.0000E+00 0.0000E+00 1.8997E-07 1.65E-06 5.44E-06   1.296 1.0000 6.6213E-06   1141.494
13061.00 0.22432661 1.2302E-29 0.0000E+00 0.0000E+00 1.7220E-07 1.7220E-07 0.0000E+00 0.0000E+00 1.7220E-07 1.38E-06 5.28E-06   1.495 1.0000 6.8845E-06   1135.431
13071.00 0.17682405 1.2414E-29 0.0000E+00 0.0000E+00 1.5045E-07 1.5045E-07 0.0000E+00 0.0000E+00 1.5045E-07 1.10E-06 4.98E-06   1.733 1.0000 7.1115E-06   1126.950
13081.00 0.13883395 1.2360E-29 0.0000E+00 0.0000E+00 1.2822E-07 1.2822E-07 0.0000E+00 0.0000E+00 1.2822E-07 8.47E-07 4.58E-06   1.974 1.0000 7.1104E-06   1116.961
13091.00 0.09728287 1.2327E-29 0.0000E+00 0.0000E+00 1.0198E-07 1.0198E-07 0.0000E+00 0.0000E+00 1.0198E-07 5.72E-07 4.05E-06   2.330 1.0000 7.1062E-06   1102.679
13101.00 0.07888477 1.1969E-29 0.0000E+00 0.0000E+00 8.9206E-08 8.9206E-08 0.0000E+00 0.0000E+00 8.9206E-08 4.49E-07 3.77E-06   2.540 1.0000 7.1028E-06   1094.796
13111.00 0.08914290 1.1278E-29 0.0000E+00 0.0000E+00 9.6093E-08 9.6093E-08 0.0000E+00 0.0000E+00 9.6093E-08 4.99E-07 3.91E-06   2.418 1.0000 7.0290E-06   1100.238
13121.00 0.21905014 9.2288E-30 0.0000E+00 0.0000E+00 1.6336E-07 1.6336E-07 0.0000E+00 0.0000E+00 1.6336E-07 1.28E-06 4.98E-06   1.518 1.0000 6.7816E-06   1136.087
13131.00 0.07759155 1.0331E-29 0.0000E+00 0.0000E+00 8.5787E-08 8.5787E-08 0.0000E+00 0.0000E+00 8.5787E-08 4.29E-07 3.67E-06   2.556 1.0000 6.9749E-06   1094.383
13141.00 0.01065042 1.0534E-29 0.0000E+00 0.0000E+00 3.4328E-08 3.4328E-08 0.0000E+00 0.0000E+00 3.4328E-08 4.61E-08 2.43E-06   4.542 1.0000 7.0062E-06   1039.907
13151.00 0.00918294 1.0039E-29 0.0000E+00 0.0000E+00 3.2757E-08 3.2757E-08 0.0000E+00 0.0000E+00 3.2757E-08 4.25E-08 2.36E-06   4.690 1.0000 6.9759E-06   1037.893
13161.00 0.08136635 8.9012E-30 0.0000E+00 0.0000E+00 8.9797E-08 8.9797E-08 0.0000E+00 0.0000E+00 8.9797E-08 5.05E-07 3.85E-06   2.509 1.0000 7.0394E-06   1099.357
13171.00 0.37431237 5.7991E-30 0.0000E+00 0.0000E+00 2.5003E-07 2.5003E-07 0.0000E+00 0.0000E+00 2.5003E-07 2.44E-06 6.26E-06   0.983 1.0000 7.0248E-06   1169.572
13181.00 0.42620993 5.0544E-30 0.0000E+00 0.0000E+00 2.6821E-07 2.6821E-07 0.0000E+00 0.0000E+00 2.6821E-07 2.72E-06 6.39E-06   0.853 1.0000 6.8540E-06   1175.384
13191.00 0.42830896 4.7937E-30 0.0000E+00 0.0000E+00 2.7573E-07 2.7573E-07 0.0000E+00 0.0000E+00 2.7573E-07 2.80E-06 6.55E-06   0.848 1.0000 7.0170E-06   1178.130
13201.00 0.42807397 4.5652E-30 0.0000E+00 0.0000E+00 2.7454E-07 2.7454E-07 0.0000E+00 0.0000E+00 2.7454E-07 2.79E-06 6.51E-06   0.848 1.0000 6.9786E-06   1178.540
13211.00 0.42780384 4.3479E-30 0.0000E+00 0.0000E+00 2.7481E-07 2.7481E-07 0.0000E+00 0.0000E+00 2.7481E-07 2.78E-06 6.51E-06   0.849 1.0000 6.9776E-06   1179.337
13221.00 0.42719138 4.1433E-30 0.0000E+00 0.0000E+00 2.7414E-07 2.7414E-07 0.0000E+00 0.0000E+00 2.7414E-07 2.77E-06 6.49E-06   0.851 1.0000 6.9558E-06   1179.885
13231.00 0.42653009 3.9488E-30 0.0000E+00 0.0000E+00 2.7283E-07 2.7283E-07 0.0000E+00 0.0000E+00 2.7283E-07 2.75E-06 6.45E-06   0.852 1.0000 6.9184E-06   1180.263
13241.00 0.42600685 3.7624E-30 0.0000E+00 0.0000E+00 2.7760E-07 2.7760E-07 0.0000E+00 0.0000E+00 2.7760E-07 2.79E-06 6.56E-06   0.853 1.0000 7.0339E-06   1182.259
13251.00 0.42558116 3.5843E-30 0.0000E+00 0.0000E+00 2.7865E-07 2.7865E-07 0.0000E+00 0.0000E+00 2.7865E-07 2.80E-06 6.58E-06   0.854 1.0000 7.0541E-06   1183.262
13261.00 0.42468837 3.4173E-30 0.0000E+00 0.0000E+00 2.7960E-07 2.7960E-07 0.0000E+00 0.0000E+00 2.7960E-07 2.80E-06 6.59E-06   0.856 1.0000 7.0756E-06   1184.238
13271.00 0.42441908 3.2546E-30 0.0000E+00 0.0000E+00 2.7700E-07 2.7700E-07 0.0000E+00 0.0000E+00 2.7700E-07 2.77E-06 6.52E-06   0.857 1.0000 7.0026E-06   1184.279
13281.00 0.42383572 3.1013E-30 0.0000E+00 0.0000E+00 2.7476E-07 2.7476E-07 0.0000E+00 0.0000E+00 2.7476E-07 2.74E-06 6.47E-06   0.858 1.0000 6.9412E-06   1184.409
13291.00 0.42319852 2.9555E-30 0.0000E+00 0.0000E+00 2.7396E-07 2.7396E-07 0.0000E+00 0.0000E+00 2.7396E-07 2.73E-06 6.44E-06   0.860 1.0000 6.9165E-06   1184.920
13301.00 0.42231336 2.8177E-30 0.0000E+00 0.0000E+00 2.7773E-07 2.7773E-07 0.0000E+00 0.0000E+00 2.7773E-07 2.76E-06 6.53E-06   0.862 1.0000 7.0096E-06   1186.651
13311.00 0.42200410 2.6837E-30 0.0000E+00 0.0000E+00 2.6953E-07 2.6953E-07 0.0000E+00 0.0000E+00 2.6953E-07 2.67E-06 6.33E-06   0.863 1.0000 6.7959E-06   1185.175
13321.00 0.42062575 2.5608E-30 0.0000E+00 0.0000E+00 2.7775E-07 2.7775E-07 0.0000E+00 0.0000E+00 2.7775E-07 2.74E-06 6.52E-06   0.866 1.0000 7.0050E-06   1188.110
13331.00 0.42036051 2.4388E-30 0.0000E+00 0.0000E+00 2.7549E-07 2.7549E-07 0.0000E+00 0.0000E+00 2.7549E-07 2.71E-06 6.46E-06   0.867 1.0000 6.9407E-06   1188.232
13341.00 0.41987801 2.3235E-30 0.0000E+00 0.0000E+00 2.6943E-07 2.6943E-07 0.0000E+00 0.0000E+00 2.6943E-07 2.65E-06 6.31E-06   0.868 1.0000 6.7825E-06   1187.322
13351.00 0.41966867 2.2126E-30 0.0000E+00 0.0000E+00 2.7800E-07 2.7800E-07 0.0000E+00 0.0000E+00 2.7800E-07 2.73E-06 6.50E-06   0.868 1.0000 6.9903E-06   1190.352
13361.00 0.41905817 2.1084E-30 0.0000E+00 0.0000E+00 2.7654E-07 2.7654E-07 0.0000E+00 0.0000E+00 2.7654E-07 2.71E-06 6.46E-06   0.870 1.0000 6.9490E-06   1190.691
13371.00 0.41771916 2.0117E-30 0.0000E+00 0.0000E+00 2.7626E-07 2.7626E-07 0.0000E+00 0.0000E+00 2.7626E-07 2.70E-06 6.45E-06   0.873 1.0000 6.9428E-06   1191.341
13381.00 0.41688898 1.9176E-30 0.0000E+00 0.0000E+00 2.7798E-07 2.7798E-07 0.0000E+00 0.0000E+00 2.7798E-07 2.71E-06 6.49E-06   0.875 1.0000 6.9829E-06   1192.525
13391.00 0.41629463 1.8274E-30 0.0000E+00 0.0000E+00 2.7829E-07 2.7829E-07 0.0000E+00 0.0000E+00 2.7829E-07 2.70E-06 6.49E-06   0.876 1.0000 6.9856E-06   1193.332
13401.00 0.41531804 1.7423E-30 0.0000E+00 0.0000E+00 2.7620E-07 2.7620E-07 0.0000E+00 0.0000E+00 2.7620E-07 2.67E-06 6.44E-06   0.879 1.0000 6.9311E-06   1193.500
13411.00 0.41292349 1.6654E-30 0.0000E+00 0.0000E+00 2.7847E-07 2.7847E-07 0.0000E+00 0.0000E+00 2.7847E-07 2.68E-06 6.50E-06   0.884 1.0000 6.9973E-06   1194.833
13421.00 0.41385779 1.5828E-30 0.0000E+00 0.0000E+00 2.7314E-07 2.7314E-07 0.0000E+00 0.0000E+00 2.7314E-07 2.63E-06 6.36E-06   0.882 1.0000 6.8463E-06   1194.129
13431.00 0.41067803 1.5146E-30 0.0000E+00 0.0000E+00 2.6903E-07 2.6903E-07 0.0000E+00 0.0000E+00 2.6903E-07 2.58E-06 6.28E-06   0.890 1.0000 6.7587E-06   1193.733
13441.00 0.40918022 1.4457E-30 0.0000E+00 0.0000E+00 2.7772E-07 2.7772E-07 0.0000E+00 0.0000E+00 2.7772E-07 2.65E-06 6.48E-06   0.894 1.0000 6.9782E-06   1196.807
13451.00 0.41119149 1.3714E-30 0.0000E+00 0.0000E+00 2.7887E-07 2.7887E-07 0.0000E+00 0.0000E+00 2.7887E-07 2.67E-06 6.48E-06   0.889 1.0000 6.9805E-06   1197.839
13461.00 0.40077838 1.3282E-30 0.0000E+00 0.0000E+00 2.7321E-07 2.7321E-07 0.0000E+00 0.0000E+00 2.7321E-07 2.57E-06 6.41E-06   0.914 1.0000 6.9145E-06   1197.045
13471.00 0.39906394 1.2685E-30 0.0000E+00 0.0000E+00 2.6331E-07 2.6331E-07 0.0000E+00 0.0000E+00 2.6331E-07 2.47E-06 6.18E-06   0.919 1.0000 6.6706E-06   1195.044
13481.00 0.39784139 1.2095E-30 0.0000E+00 0.0000E+00 2.6361E-07 2.6361E-07 0.0000E+00 0.0000E+00 2.6361E-07 2.46E-06 6.19E-06   0.922 1.0000 6.6756E-06   1195.852
13491.00 0.38769677 1.1708E-30 0.0000E+00 0.0000E+00 2.5987E-07 2.5987E-07 0.0000E+00 0.0000E+00 2.5987E-07 2.39E-06 6.16E-06   0.948 1.0000 6.6588E-06   1195.520
13501.00 0.39533985 1.1008E-30 0.0000E+00 0.0000E+00 2.7049E-07 2.7049E-07 0.0000E+00 0.0000E+00 2.7049E-07 2.51E-06 6.35E-06   0.928 1.0000 6.8511E-06   1199.201
13511.00 0.38178810 1.0706E-30 0.0000E+00 0.0000E+00 2.6578E-07 2.6578E-07 0.0000E+00 0.0000E+00 2.6578E-07 2.42E-06 6.33E-06   0.963 1.0000 6.8479E-06   1198.625
13521.00 0.36721271 1.0435E-30 0.0000E+00 0.0000E+00 2.6091E-07 2.6091E-07 0.0000E+00 0.0000E+00 2.6091E-07 2.32E-06 6.31E-06   1.002 1.0000 6.8549E-06   1197.982
13531.00 0.37275067 9.8523E-31 0.0000E+00 0.0000E+00 2.5481E-07 2.5481E-07 0.0000E+00 0.0000E+00 2.5481E-07 2.28E-06 6.12E-06   0.987 1.0000 6.6352E-06   1196.962
13541.00 0.35378000 9.6531E-31 0.0000E+00 0.0000E+00 2.5577E-07 2.5577E-07 0.0000E+00 0.0000E+00 2.5577E-07 2.23E-06 6.27E-06   1.039 1.0000 6.8288E-06   1197.960
13551.00 0.36882874 8.9803E-31 0.0000E+00 0.0000E+00 2.6758E-07 2.6758E-07 0.0000E+00 0.0000E+00 2.6758E-07 2.37E-06 6.42E-06   0.997 1.0000 6.9678E-06   1202.016
13561.00 0.35360655 8.7457E-31 0.0000E+00 0.0000E+00 2.6213E-07 2.6213E-07 0.0000E+00 0.0000E+00 2.6213E-07 2.28E-06 6.41E-06   1.040 1.0000 6.9805E-06   1201.217
13571.00 0.33668876 8.5483E-31 0.0000E+00 0.0000E+00 2.5362E-07 2.5362E-07 0.0000E+00 0.0000E+00 2.5362E-07 2.15E-06 6.33E-06   1.089 1.0000 6.9293E-06   1199.501
13581.00 0.32836473 8.2399E-31 0.0000E+00 0.0000E+00 2.4891E-07 2.4891E-07 0.0000E+00 0.0000E+00 2.4891E-07 2.08E-06 6.26E-06   1.114 1.0000 6.8674E-06   1198.842
13591.00 0.34677663 7.6294E-31 0.0000E+00 0.0000E+00 2.5521E-07 2.5521E-07 0.0000E+00 0.0000E+00 2.5521E-07 2.18E-06 6.26E-06   1.059 1.0000 6.8280E-06   1201.405
13601.00 0.33666262 7.3700E-31 0.0000E+00 0.0000E+00 2.5411E-07 2.5411E-07 0.0000E+00 0.0000E+00 2.5411E-07 2.14E-06 6.32E-06   1.089 1.0000 6.9178E-06   1201.805
13611.00 0.33733690 7.0126E-31 0.0000E+00 0.0000E+00 2.5730E-07 2.5730E-07 0.0000E+00 0.0000E+00 2.5730E-07 2.17E-06 6.38E-06   1.087 1.0000 6.9838E-06   1203.449
13621.00 0.36486626 6.3981E-31 0.0000E+00 0.0000E+00 2.6995E-07 2.6995E-07 0.0000E+00 0.0000E+00 2.6995E-07 2.36E-06 6.45E-06   1.008 1.0000 7.0039E-06   1207.731
13631.00 0.31787884 6.5338E-31 0.0000E+00 0.0000E+00 2.4707E-07 2.4707E-07 0.0000E+00 0.0000E+00 2.4707E-07 2.03E-06 6.27E-06   1.146 1.0000 6.9291E-06   1201.894
13641.00 0.32277876 6.1786E-31 0.0000E+00 0.0000E+00 2.4637E-07 2.4637E-07 0.0000E+00 0.0000E+00 2.4637E-07 2.03E-06 6.20E-06   1.131 1.0000 6.8141E-06   1202.405
13651.00 0.33080307 5.8130E-31 0.0000E+00 0.0000E+00 2.5006E-07 2.5006E-07 0.0000E+00 0.0000E+00 2.5006E-07 2.08E-06 6.22E-06   1.106 1.0000 6.8293E-06   1204.223
13661.00 0.25972465 6.1114E-31 0.0000E+00 0.0000E+00 2.2100E-07 2.2100E-07 0.0000E+00 0.0000E+00 2.2100E-07 1.64E-06 6.11E-06   1.348 1.0000 6.9146E-06   1195.884
13671.00 0.24105179 5.9648E-31 0.0000E+00 0.0000E+00 2.1396E-07 2.1396E-07 0.0000E+00 0.0000E+00 2.1396E-07 1.51E-06 6.06E-06   1.423 1.0000 6.8594E-06   1194.247
13681.00 0.26059026 5.5356E-31 0.0000E+00 0.0000E+00 2.1747E-07 2.1747E-07 0.0000E+00 0.0000E+00 2.1747E-07 1.60E-06 5.96E-06   1.345 1.0000 6.7477E-06   1196.143
13691.00 0.22397074 5.5313E-31 0.0000E+00 0.0000E+00 2.0689E-07 2.0689E-07 0.0000E+00 0.0000E+00 2.0689E-07 1.41E-06 6.02E-06   1.496 1.0000 6.9298E-06   1193.242
13701.00 0.27074251 4.9442E-31 0.0000E+00 0.0000E+00 2.2899E-07 2.2899E-07 0.0000E+00 0.0000E+00 2.2899E-07 1.71E-06 6.15E-06   1.307 1.0000 6.8895E-06   1201.341
13711.00 0.19801225 5.1746E-31 0.0000E+00 0.0000E+00 1.8518E-07 1.8518E-07 0.0000E+00 0.0000E+00 1.8518E-07 1.18E-06 5.62E-06   1.619 1.0000 6.5819E-06   1186.704
13721.00 0.28799310 4.3816E-31 0.0000E+00 0.0000E+00 2.2707E-07 2.2707E-07 0.0000E+00 0.0000E+00 2.2707E-07 1.76E-06 5.91E-06   1.245 1.0000 6.6556E-06   1202.157
13731.00 0.24936308 4.3829E-31 0.0000E+00 0.0000E+00 2.1729E-07 2.1729E-07 0.0000E+00 0.0000E+00 2.1729E-07 1.55E-06 6.04E-06   1.389 1.0000 6.8519E-06   1199.656
13741.00 0.17806275 4.5755E-31 0.0000E+00 0.0000E+00 1.8182E-07 1.8182E-07 0.0000E+00 0.0000E+00 1.8182E-07 1.11E-06 5.78E-06   1.726 1.0000 6.8890E-06   1187.523
13751.00 0.26417649 3.9017E-31 0.0000E+00 0.0000E+00 2.2905E-07 2.2905E-07 0.0000E+00 0.0000E+00 2.2905E-07 1.68E-06 6.16E-06   1.331 1.0000 6.9714E-06   1204.942
13761.00 0.21523267 3.9537E-31 0.0000E+00 0.0000E+00 2.0214E-07 2.0214E-07 0.0000E+00 0.0000E+00 2.0214E-07 1.35E-06 5.89E-06   1.536 1.0000 6.9003E-06   1196.550
13771.00 0.23037964 3.6970E-31 0.0000E+00 0.0000E+00 2.1220E-07 2.1220E-07 0.0000E+00 0.0000E+00 2.1220E-07 1.43E-06 6.02E-06   1.468 1.0000 6.8340E-06   1200.786
13781.00 0.21993680 3.5602E-31 0.0000E+00 0.0000E+00 2.0265E-07 2.0265E-07 0.0000E+00 0.0000E+00 2.0265E-07 1.38E-06 5.88E-06   1.514 1.0000 6.9166E-06   1198.156
13791.00 0.23262286 3.3399E-31 0.0000E+00 0.0000E+00 2.1181E-07 2.1181E-07 0.0000E+00 0.0000E+00 2.1181E-07 1.46E-06 5.98E-06   1.458 1.0000 6.8767E-06   1202.079
13801.00 0.21554427 3.2451E-31 0.0000E+00 0.0000E+00 2.0131E-07 2.0131E-07 0.0000E+00 0.0000E+00 2.0131E-07 1.35E-06 5.80E-06   1.535 1.0000 6.8804E-06   1199.099
13811.00 0.23227061 3.0238E-31 0.0000E+00 0.0000E+00 2.1031E-07 2.1031E-07 0.0000E+00 0.0000E+00 2.1031E-07 1.46E-06 5.90E-06   1.460 1.0000 6.8949E-06   1202.989
13821.00 0.19637398 3.0145E-31 0.0000E+00 0.0000E+00 1.9306E-07 1.9306E-07 0.0000E+00 0.0000E+00 1.9306E-07 1.24E-06 5.80E-06   1.628 1.0000 6.9471E-06   1197.497
13831.00 0.28811076 2.5439E-31 0.0000E+00 0.0000E+00 2.3972E-07 2.3972E-07 0.0000E+00 0.0000E+00 2.3972E-07 1.81E-06 6.14E-06   1.244 1.0000 6.8800E-06   1214.031
13841.00 0.30976123 2.3485E-31 0.0000E+00 0.0000E+00 2.4185E-07 2.4185E-07 0.0000E+00 0.0000E+00 2.4185E-07 1.90E-06 5.98E-06   1.172 1.0000 6.6572E-06   1215.405
13851.00 0.30191004 2.2591E-31 0.0000E+00 0.0000E+00 2.4742E-07 2.4742E-07 0.0000E+00 0.0000E+00 2.4742E-07 1.89E-06 6.19E-06   1.198 1.0000 6.8689E-06   1217.815
13861.00 0.30638963 2.1365E-31 0.0000E+00 0.0000E+00 2.4892E-07 2.4892E-07 0.0000E+00 0.0000E+00 2.4892E-07 1.92E-06 6.18E-06   1.183 1.0000 6.8448E-06   1218.981
13871.00 0.23110646 2.2510E-31 0.0000E+00 0.0000E+00 2.0369E-07 2.0369E-07 0.0000E+00 0.0000E+00 2.0369E-07 1.38E-06 5.66E-06   1.465 1.0000 6.6067E-06   1204.934
13881.00 0.17235689 2.3059E-31 0.0000E+00 0.0000E+00 1.7959E-07 1.7959E-07 0.0000E+00 0.0000E+00 1.7959E-07 1.06E-06 5.59E-06   1.758 1.0000 6.8443E-06   1196.550
13891.00 0.18382837 2.1665E-31 0.0000E+00 0.0000E+00 1.8698E-07 1.8698E-07 0.0000E+00 0.0000E+00 1.8698E-07 1.12E-06 5.69E-06   1.694 1.0000 6.7708E-06   1200.157
13901.00 0.18326607 2.0636E-31 0.0000E+00 0.0000E+00 1.7888E-07 1.7888E-07 0.0000E+00 0.0000E+00 1.7888E-07 1.09E-06 5.50E-06   1.697 1.0000 6.6271E-06   1197.679
13911.00 0.16586436 2.0024E-31 0.0000E+00 0.0000E+00 1.6701E-07 1.6701E-07 0.0000E+00 0.0000E+00 1.6701E-07 9.90E-07 5.31E-06   1.797 1.0000 6.5880E-06   1193.479
13921.00 0.21294674 1.8018E-31 0.0000E+00 0.0000E+00 1.9749E-07 1.9749E-07 0.0000E+00 0.0000E+00 1.9749E-07 1.29E-06 5.63E-06   1.547 1.0000 6.6696E-06   1206.239
13931.00 0.19027779 1.7629E-31 0.0000E+00 0.0000E+00 1.8983E-07 1.8983E-07 0.0000E+00 0.0000E+00 1.8983E-07 1.17E-06 5.72E-06   1.659 1.0000 6.7975E-06   1204.082
13941.00 0.19032075 1.6794E-31 0.0000E+00 0.0000E+00 1.9615E-07 1.9615E-07 0.0000E+00 0.0000E+00 1.9615E-07 1.19E-06 5.91E-06   1.659 1.0000 6.9216E-06   1207.165
13951.00 0.24635428 1.4902E-31 0.0000E+00 0.0000E+00 2.1839E-07 2.1839E-07 0.0000E+00 0.0000E+00 2.1839E-07 1.48E-06 5.89E-06   1.401 1.0000 6.6387E-06   1215.730
13961.00 0.32279995 1.2746E-31 0.0000E+00 0.0000E+00 2.5927E-07 2.5927E-07 0.0000E+00 0.0000E+00 2.5927E-07 2.02E-06 6.20E-06   1.131 1.0000 6.8145E-06   1229.217
13971.00 0.34137082 1.1799E-31 0.0000E+00 0.0000E+00 2.6789E-07 2.6789E-07 0.0000E+00 0.0000E+00 2.6789E-07 2.14E-06 6.25E-06   1.075 1.0000 6.8419E-06   1232.403
13981.00 0.33133873 1.1396E-31 0.0000E+00 0.0000E+00 2.5696E-07 2.5696E-07 0.0000E+00 0.0000E+00 2.5696E-07 2.02E-06 6.06E-06   1.105 1.0000 6.6525E-06   1229.980
13991.00 0.34798175 1.0582E-31 0.0000E+00 0.0000E+00 2.6563E-07 2.6563E-07 0.0000E+00 0.0000E+00 2.6563E-07 2.14E-06 6.12E-06   1.056 1.0000 6.6990E-06   1233.202
14001.00 0.35476592 9.9655E-32 0.0000E+00 0.0000E+00 2.7641E-07 2.7641E-07 0.0000E+00 0.0000E+00 2.7641E-07 2.24E-06 6.31E-06   1.036 1.0000 6.8966E-06   1236.935
14011.00 0.36153454 9.3868E-32 0.0000E+00 0.0000E+00 2.7788E-07 2.7788E-07 0.0000E+00 0.0000E+00 2.7788E-07 2.28E-06 6.29E-06   1.017 1.0000 6.8603E-06   1238.058
14021.00 0.35174584 9.0698E-32 0.0000E+00 0.0000E+00 2.6866E-07 2.6866E-07 0.0000E+00 0.0000E+00 2.6866E-07 2.16E-06 6.14E-06   1.045 1.0000 6.7046E-06   1236.220
14031.00 0.36415404 8.4700E-32 0.0000E+00 0.0000E+00 2.7766E-07 2.7766E-07 0.0000E+00 0.0000E+00 2.7766E-07 2.27E-06 6.24E-06   1.010 1.0000 6.8054E-06   1239.441
14041.00 0.36235318 8.0830E-32 0.0000E+00 0.0000E+00 2.7667E-07 2.7667E-07 0.0000E+00 0.0000E+00 2.7667E-07 2.26E-06 6.23E-06   1.015 1.0000 6.7943E-06   1239.888
14051.00 0.36484721 7.6641E-32 0.0000E+00 0.0000E+00 2.7775E-07 2.7775E-07 0.0000E+00 0.0000E+00 2.7775E-07 2.27E-06 6.22E-06   1.008 1.0000 6.7860E-06   1240.905
14061.00 0.35654315 7.3887E-32 0.0000E+00 0.0000E+00 2.7575E-07 2.7575E-07 0.0000E+00 0.0000E+00 2.7575E-07 2.22E-06 6.23E-06   1.031 1.0000 6.8011E-06   1241.078
14071.00 0.35311961 7.0712E-32 0.0000E+00 0.0000E+00 2.7935E-07 2.7935E-07 0.0000E+00 0.0000E+00 2.7935E-07 2.24E-06 6.32E-06   1.041 1.0000 6.9130E-06   1242.786
14081.00 0.34886283 6.7745E-32 0.0000E+00 0.0000E+00 2.7858E-07 2.7858E-07 0.0000E+00 0.0000E+00 2.7858E-07 2.21E-06 6.33E-06   1.053 1.0000 6.9222E-06   1243.295
14091.00 0.35476452 6.3905E-32 0.0000E+00 0.0000E+00 2.7811E-07 2.7811E-07 0.0000E+00 0.0000E+00 2.7811E-07 2.22E-06 6.27E-06   1.036 1.0000 6.8480E-06   1243.888
14101.00 0.35029042 6.1226E-32 0.0000E+00 0.0000E+00 2.7329E-07 2.7329E-07 0.0000E+00 0.0000E+00 2.7329E-07 2.17E-06 6.19E-06   1.049 1.0000 6.7686E-06   1243.273
14111.00 0.35915259 5.7507E-32 0.0000E+00 0.0000E+00 2.7590E-07 2.7590E-07 0.0000E+00 0.0000E+00 2.7590E-07 2.22E-06 6.17E-06   1.024 1.0000 6.7405E-06   1244.717
14121.00 0.33691341 5.6594E-32 0.0000E+00 0.0000E+00 2.7542E-07 2.7542E-07 0.0000E+00 0.0000E+00 2.7542E-07 2.13E-06 6.32E-06   1.088 1.0000 6.9338E-06   1245.304
14131.00 0.34144601 5.3534E-32 0.0000E+00 0.0000E+00 2.7702E-07 2.7702E-07 0.0000E+00 0.0000E+00 2.7702E-07 2.16E-06 6.31E-06   1.075 1.0000 6.9114E-06   1246.467
14141.00 0.35019976 5.0262E-32 0.0000E+00 0.0000E+00 2.7085E-07 2.7085E-07 0.0000E+00 0.0000E+00 2.7085E-07 2.14E-06 6.09E-06   1.049 1.0000 6.6690E-06   1245.467
14151.00 0.33383596 4.9045E-32 0.0000E+00 0.0000E+00 2.7117E-07 2.7117E-07 0.0000E+00 0.0000E+00 2.7117E-07 2.08E-06 6.22E-06   1.097 1.0000 6.8364E-06   1246.275
14161.00 0.33542919 4.6567E-32 0.0000E+00 0.0000E+00 2.7180E-07 2.7180E-07 0.0000E+00 0.0000E+00 2.7180E-07 2.09E-06 6.21E-06   1.092 1.0000 6.8263E-06   1247.173
14171.00 0.32808685 4.4794E-32 0.0000E+00 0.0000E+00 2.6858E-07 2.6858E-07 0.0000E+00 0.0000E+00 2.6858E-07 2.04E-06 6.19E-06   1.114 1.0000 6.8218E-06   1246.981
14181.00 0.32262802 4.3019E-32 0.0000E+00 0.0000E+00 2.7040E-07 2.7040E-07 0.0000E+00 0.0000E+00 2.7040E-07 2.04E-06 6.27E-06   1.131 1.0000 6.9162E-06   1248.216
14191.00 0.34654021 3.9488E-32 0.0000E+00 0.0000E+00 2.8062E-07 2.8062E-07 0.0000E+00 0.0000E+00 2.8062E-07 2.18E-06 6.30E-06   1.060 1.0000 6.9005E-06   1251.775
14201.00 0.31340095 3.9464E-32 0.0000E+00 0.0000E+00 2.6195E-07 2.6195E-07 0.0000E+00 0.0000E+00 2.6195E-07 1.95E-06 6.14E-06   1.160 1.0000 6.8083E-06   1247.232
14211.00 0.35310787 3.5433E-32 0.0000E+00 0.0000E+00 2.7914E-07 2.7914E-07 0.0000E+00 0.0000E+00 2.7914E-07 2.20E-06 6.20E-06   1.041 1.0000 6.7993E-06   1252.807
14221.00 0.32798851 3.4965E-32 0.0000E+00 0.0000E+00 2.6873E-07 2.6873E-07 0.0000E+00 0.0000E+00 2.6873E-07 2.04E-06 6.16E-06   1.115 1.0000 6.7995E-06   1250.617
14231.00 0.29838160 3.4795E-32 0.0000E+00 0.0000E+00 2.5184E-07 2.5184E-07 0.0000E+00 0.0000E+00 2.5184E-07 1.82E-06 6.01E-06   1.209 1.0000 6.6909E-06   1246.389
14241.00 0.31283629 3.2422E-32 0.0000E+00 0.0000E+00 2.6134E-07 2.6134E-07 0.0000E+00 0.0000E+00 2.6134E-07 1.92E-06 6.08E-06   1.162 1.0000 6.7352E-06   1249.923
14251.00 0.30134115 3.1388E-32 0.0000E+00 0.0000E+00 2.5089E-07 2.5089E-07 0.0000E+00 0.0000E+00 2.5089E-07 1.81E-06 5.92E-06   1.200 1.0000 6.5845E-06   1247.533
14261.00 0.31251681 2.9385E-32 0.0000E+00 0.0000E+00 2.6292E-07 2.6292E-07 0.0000E+00 0.0000E+00 2.6292E-07 1.92E-06 6.11E-06   1.163 1.0000 6.7582E-06   1251.818
14271.00 0.28493389 2.9090E-32 0.0000E+00 0.0000E+00 2.4938E-07 2.4938E-07 0.0000E+00 0.0000E+00 2.4938E-07 1.74E-06 6.02E-06   1.255 1.0000 6.7184E-06   1248.506
14281.00 0.31388068 2.6562E-32 0.0000E+00 0.0000E+00 2.6180E-07 2.6180E-07 0.0000E+00 0.0000E+00 2.6180E-07 1.92E-06 6.06E-06   1.159 1.0000 6.7221E-06   1252.924
 -9999.
