T F 2    2    2    0    2    2    2    2    2    2    1    0    0   0.0000.00000
    1    1    1    0    0    0   5.00000   0.00000   0.00000   0.00000   0.00000
 -99.000 -99.000 -99.000
 -99.00000 -99.00000 -99.00000  2.922360  0.000710 ! H2O & O3 COLUMNS [GM/CM2]
   36MID-LATITUDE SUMMER 
  20.00000   3.00000 110.07702  50.00042   0.42210   0.00000    0        0.00000
    0    0  172    0
   0.00000   0.00000   0.00000  20.00044   0.00000 180.00000   0.00000   0.00000
    9091.0   14286.0      10.0      10.0NW              
    0   0    0.000  0    0.000  0    1.000
    FREQ  TOT_TRANS  PTH_THRML  THRML_SCT  SURF_EMIS   SOL_SCAT  SING_SCAT  GRND_RFLT  DRCT_RFLT  TOTAL_RAD  REF_SOL  SOL@OBS   DEPTH DIR_EM    TOA_SUN BBODY_T[K]
 9091.00 0.80347824 2.1092E-22 0.0000E+00 0.0000E+00 3.3316E-08 3.3316E-08 0.0000E+00 0.0000E+00 3.3316E-08 5.21E-06 6.91E-06   0.219 1.0000 6.9214E-06    764.640
 9101.00 0.83010972 1.7933E-22 0.0000E+00 0.0000E+00 3.3182E-08 3.3182E-08 0.0000E+00 0.0000E+00 3.3182E-08 5.27E-06 6.75E-06   0.186 1.0000 6.7529E-06    765.154
 9111.00 0.85914612 1.4111E-22 0.0000E+00 0.0000E+00 3.3981E-08 3.3981E-08 0.0000E+00 0.0000E+00 3.3981E-08 5.53E-06 6.76E-06   0.152 1.0000 6.7702E-06    766.913
 9121.00 0.85742110 1.3341E-22 0.0000E+00 0.0000E+00 3.3969E-08 3.3969E-08 0.0000E+00 0.0000E+00 3.3969E-08 5.51E-06 6.75E-06   0.154 1.0000 6.7570E-06    767.590
 9131.00 0.85151970 1.3310E-22 0.0000E+00 0.0000E+00 3.3741E-08 3.3741E-08 0.0000E+00 0.0000E+00 3.3741E-08 5.43E-06 6.71E-06   0.161 1.0000 6.7175E-06    767.982
 9141.00 0.88334990 1.0005E-22 0.0000E+00 0.0000E+00 3.3105E-08 3.3105E-08 0.0000E+00 0.0000E+00 3.3105E-08 5.45E-06 6.44E-06   0.124 1.0000 6.4440E-06    767.821
 9151.00 0.85069168 1.1716E-22 0.0000E+00 0.0000E+00 3.4613E-08 3.4613E-08 0.0000E+00 0.0000E+00 3.4613E-08 5.55E-06 6.85E-06   0.162 1.0000 6.8615E-06    770.518
 9161.00 0.90818137 6.7880E-23 0.0000E+00 0.0000E+00 3.6354E-08 3.6354E-08 0.0000E+00 0.0000E+00 3.6354E-08 6.09E-06 6.93E-06   0.096 1.0000 6.9345E-06    773.433
 9171.00 0.87163651 9.1503E-23 0.0000E+00 0.0000E+00 3.5931E-08 3.5931E-08 0.0000E+00 0.0000E+00 3.5931E-08 5.83E-06 6.98E-06   0.137 1.0000 6.9883E-06    773.598
 9181.00 0.88874954 7.6945E-23 0.0000E+00 0.0000E+00 3.5833E-08 3.5833E-08 0.0000E+00 0.0000E+00 3.5833E-08 5.86E-06 6.87E-06   0.118 1.0000 6.8738E-06    774.168
 9191.00 0.90619582 6.0820E-23 0.0000E+00 0.0000E+00 3.6211E-08 3.6211E-08 0.0000E+00 0.0000E+00 3.6211E-08 5.99E-06 6.85E-06   0.098 1.0000 6.8531E-06    775.340
 9201.00 0.88280582 7.1936E-23 0.0000E+00 0.0000E+00 3.5408E-08 3.5408E-08 0.0000E+00 0.0000E+00 3.5408E-08 5.74E-06 6.77E-06   0.125 1.0000 6.7792E-06    775.017
 9211.00 0.88460487 6.7281E-23 0.0000E+00 0.0000E+00 3.6852E-08 3.6852E-08 0.0000E+00 0.0000E+00 3.6852E-08 5.97E-06 7.02E-06   0.123 1.0000 7.0277E-06    777.529
 9221.00 0.89799541 5.7291E-23 0.0000E+00 0.0000E+00 3.6962E-08 3.6962E-08 0.0000E+00 0.0000E+00 3.6962E-08 6.02E-06 6.96E-06   0.108 1.0000 6.9689E-06    778.362
 9231.00 0.89520484 5.5487E-23 0.0000E+00 0.0000E+00 3.6066E-08 3.6066E-08 0.0000E+00 0.0000E+00 3.6066E-08 5.85E-06 6.79E-06   0.111 1.0000 6.7955E-06    777.937
 9241.00 0.90911311 4.5045E-23 0.0000E+00 0.0000E+00 3.6419E-08 3.6419E-08 0.0000E+00 0.0000E+00 3.6419E-08 5.96E-06 6.78E-06   0.095 1.0000 6.7842E-06    779.076
 9251.00 0.89709902 4.9272E-23 0.0000E+00 0.0000E+00 3.6893E-08 3.6893E-08 0.0000E+00 0.0000E+00 3.6893E-08 5.96E-06 6.89E-06   0.109 1.0000 6.9007E-06    780.362
 9261.00 0.90288740 4.3780E-23 0.0000E+00 0.0000E+00 3.7617E-08 3.7617E-08 0.0000E+00 0.0000E+00 3.7617E-08 6.09E-06 6.99E-06   0.102 1.0000 6.9947E-06    781.948
 9271.00 0.91272706 3.6828E-23 0.0000E+00 0.0000E+00 3.7296E-08 3.7296E-08 0.0000E+00 0.0000E+00 3.7296E-08 6.07E-06 6.87E-06   0.091 1.0000 6.8762E-06    782.250
 9281.00 0.89491200 4.3478E-23 0.0000E+00 0.0000E+00 3.7860E-08 3.7860E-08 0.0000E+00 0.0000E+00 3.7860E-08 6.05E-06 7.03E-06   0.111 1.0000 7.0330E-06    783.635
 9291.00 0.91301835 3.2722E-23 0.0000E+00 0.0000E+00 3.8247E-08 3.8247E-08 0.0000E+00 0.0000E+00 3.8247E-08 6.19E-06 7.01E-06   0.091 1.0000 7.0135E-06    784.799
 9301.00 0.90409124 3.4725E-23 0.0000E+00 0.0000E+00 3.7335E-08 3.7335E-08 0.0000E+00 0.0000E+00 3.7335E-08 5.98E-06 6.86E-06   0.101 1.0000 6.8637E-06    784.383
 9311.00 0.90724868 3.1432E-23 0.0000E+00 0.0000E+00 3.8154E-08 3.8154E-08 0.0000E+00 0.0000E+00 3.8154E-08 6.12E-06 6.98E-06   0.097 1.0000 6.9849E-06    786.078
 9321.00 0.90483576 3.0508E-23 0.0000E+00 0.0000E+00 3.7645E-08 3.7645E-08 0.0000E+00 0.0000E+00 3.7645E-08 6.00E-06 6.88E-06   0.100 1.0000 6.8861E-06    786.155
 9331.00 0.90417308 2.8799E-23 0.0000E+00 0.0000E+00 3.8388E-08 3.8388E-08 0.0000E+00 0.0000E+00 3.8388E-08 6.11E-06 7.00E-06   0.101 1.0000 7.0103E-06    787.753
 9341.00 0.90217900 2.7536E-23 0.0000E+00 0.0000E+00 3.8250E-08 3.8250E-08 0.0000E+00 0.0000E+00 3.8250E-08 6.06E-06 6.97E-06   0.103 1.0000 6.9794E-06    788.282
 9351.00 0.89696050 2.7485E-23 0.0000E+00 0.0000E+00 3.6709E-08 3.6709E-08 0.0000E+00 0.0000E+00 3.6709E-08 5.78E-06 6.70E-06   0.109 1.0000 6.7060E-06    787.079
 9361.00 0.89550918 2.5594E-23 0.0000E+00 0.0000E+00 3.7852E-08 3.7852E-08 0.0000E+00 0.0000E+00 3.7852E-08 5.94E-06 6.91E-06   0.110 1.0000 6.9146E-06    789.188
 9371.00 0.89369816 2.4768E-23 0.0000E+00 0.0000E+00 3.8412E-08 3.8412E-08 0.0000E+00 0.0000E+00 3.8412E-08 6.01E-06 7.00E-06   0.112 1.0000 7.0062E-06    790.563
 9381.00 0.89402151 2.3305E-23 0.0000E+00 0.0000E+00 3.8334E-08 3.8334E-08 0.0000E+00 0.0000E+00 3.8334E-08 5.98E-06 6.96E-06   0.112 1.0000 6.9727E-06    791.164
 9391.00 0.89327353 2.2467E-23 0.0000E+00 0.0000E+00 3.9092E-08 3.9092E-08 0.0000E+00 0.0000E+00 3.9092E-08 6.08E-06 7.08E-06   0.113 1.0000 7.0927E-06    792.768
 9401.00 0.89565969 2.0922E-23 0.0000E+00 0.0000E+00 3.8980E-08 3.8980E-08 0.0000E+00 0.0000E+00 3.8980E-08 6.05E-06 7.03E-06   0.110 1.0000 7.0394E-06    793.330
 9411.00 0.89663213 1.9958E-23 0.0000E+00 0.0000E+00 3.9045E-08 3.9045E-08 0.0000E+00 0.0000E+00 3.9045E-08 6.05E-06 7.01E-06   0.109 1.0000 7.0221E-06    794.104
 9421.00 0.89872241 1.8641E-23 0.0000E+00 0.0000E+00 3.9125E-08 3.9125E-08 0.0000E+00 0.0000E+00 3.9125E-08 6.05E-06 7.00E-06   0.107 1.0000 7.0055E-06    794.894
 9431.00 0.89974403 1.7622E-23 0.0000E+00 0.0000E+00 3.9060E-08 3.9060E-08 0.0000E+00 0.0000E+00 3.9060E-08 6.03E-06 6.96E-06   0.106 1.0000 6.9676E-06    795.511
 9441.00 0.90083623 1.6673E-23 0.0000E+00 0.0000E+00 3.9096E-08 3.9096E-08 0.0000E+00 0.0000E+00 3.9096E-08 6.02E-06 6.94E-06   0.104 1.0000 6.9484E-06    796.251
 9451.00 0.90266389 1.5691E-23 0.0000E+00 0.0000E+00 3.9416E-08 3.9416E-08 0.0000E+00 0.0000E+00 3.9416E-08 6.06E-06 6.97E-06   0.102 1.0000 6.9764E-06    797.326
 9461.00 0.90481615 1.4715E-23 0.0000E+00 0.0000E+00 4.0219E-08 4.0219E-08 0.0000E+00 0.0000E+00 4.0219E-08 6.18E-06 7.08E-06   0.100 1.0000 7.0891E-06    798.965
 9471.00 0.90671694 1.3839E-23 0.0000E+00 0.0000E+00 4.0386E-08 4.0386E-08 0.0000E+00 0.0000E+00 4.0386E-08 6.20E-06 7.08E-06   0.098 1.0000 7.0904E-06    799.856
 9481.00 0.90835077 1.3023E-23 0.0000E+00 0.0000E+00 4.0503E-08 4.0503E-08 0.0000E+00 0.0000E+00 4.0503E-08 6.21E-06 7.08E-06   0.096 1.0000 7.0848E-06    800.688
 9491.00 0.90957916 1.2281E-23 0.0000E+00 0.0000E+00 4.0305E-08 4.0305E-08 0.0000E+00 0.0000E+00 4.0305E-08 6.17E-06 7.02E-06   0.095 1.0000 7.0271E-06    801.153
 9501.00 0.91034114 1.1633E-23 0.0000E+00 0.0000E+00 4.0648E-08 4.0648E-08 0.0000E+00 0.0000E+00 4.0648E-08 6.21E-06 7.06E-06   0.094 1.0000 7.0663E-06    802.247
 9511.00 0.91124254 1.1018E-23 0.0000E+00 0.0000E+00 4.0811E-08 4.0811E-08 0.0000E+00 0.0000E+00 4.0811E-08 6.23E-06 7.06E-06   0.093 1.0000 7.0729E-06    803.132
 9521.00 0.91169214 1.0436E-23 0.0000E+00 0.0000E+00 4.0891E-08 4.0891E-08 0.0000E+00 0.0000E+00 4.0891E-08 6.23E-06 7.06E-06   0.092 1.0000 7.0689E-06    803.920
 9531.00 0.91190255 9.9201E-24 0.0000E+00 0.0000E+00 4.1076E-08 4.1076E-08 0.0000E+00 0.0000E+00 4.1076E-08 6.24E-06 7.07E-06   0.092 1.0000 7.0837E-06    804.828
 9541.00 0.91326654 9.3872E-24 0.0000E+00 0.0000E+00 4.1233E-08 4.1233E-08 0.0000E+00 0.0000E+00 4.1233E-08 6.25E-06 7.08E-06   0.091 1.0000 7.0847E-06    805.705
 9551.00 0.91352898 8.9259E-24 0.0000E+00 0.0000E+00 4.0949E-08 4.0949E-08 0.0000E+00 0.0000E+00 4.0949E-08 6.20E-06 7.01E-06   0.090 1.0000 7.0183E-06    806.073
 9561.00 0.91372728 8.4869E-24 0.0000E+00 0.0000E+00 4.0614E-08 4.0614E-08 0.0000E+00 0.0000E+00 4.0614E-08 6.13E-06 6.94E-06   0.090 1.0000 6.9440E-06    806.380
 9571.00 0.91382915 8.0823E-24 0.0000E+00 0.0000E+00 4.1469E-08 4.1469E-08 0.0000E+00 0.0000E+00 4.1469E-08 6.25E-06 7.06E-06   0.090 1.0000 7.0733E-06    808.062
 9581.00 0.91400558 7.6829E-24 0.0000E+00 0.0000E+00 4.1626E-08 4.1626E-08 0.0000E+00 0.0000E+00 4.1626E-08 6.26E-06 7.07E-06   0.090 1.0000 7.0833E-06    808.937
 9591.00 0.91392606 7.3282E-24 0.0000E+00 0.0000E+00 4.1441E-08 4.1441E-08 0.0000E+00 0.0000E+00 4.1441E-08 6.22E-06 7.03E-06   0.090 1.0000 7.0362E-06    809.421
 9601.00 0.91373348 6.9972E-24 0.0000E+00 0.0000E+00 4.1909E-08 4.1909E-08 0.0000E+00 0.0000E+00 4.1909E-08 6.27E-06 7.09E-06   0.090 1.0000 7.1006E-06    810.650
 9611.00 0.91377127 6.6533E-24 0.0000E+00 0.0000E+00 4.1755E-08 4.1755E-08 0.0000E+00 0.0000E+00 4.1755E-08 6.24E-06 7.05E-06   0.090 1.0000 7.0589E-06    811.170
 9621.00 0.91366982 6.3412E-24 0.0000E+00 0.0000E+00 4.1817E-08 4.1817E-08 0.0000E+00 0.0000E+00 4.1817E-08 6.23E-06 7.05E-06   0.090 1.0000 7.0542E-06    811.937
 9631.00 0.91365999 6.0433E-24 0.0000E+00 0.0000E+00 4.1884E-08 4.1884E-08 0.0000E+00 0.0000E+00 4.1884E-08 6.23E-06 7.04E-06   0.090 1.0000 7.0494E-06    812.708
 9641.00 0.91329521 5.7646E-24 0.0000E+00 0.0000E+00 4.1690E-08 4.1690E-08 0.0000E+00 0.0000E+00 4.1690E-08 6.18E-06 6.99E-06   0.091 1.0000 7.0036E-06    813.182
 9651.00 0.91339284 5.5018E-24 0.0000E+00 0.0000E+00 4.2426E-08 4.2426E-08 0.0000E+00 0.0000E+00 4.2426E-08 6.28E-06 7.10E-06   0.091 1.0000 7.1097E-06    814.713
 9661.00 0.91370595 5.2191E-24 0.0000E+00 0.0000E+00 4.2028E-08 4.2028E-08 0.0000E+00 0.0000E+00 4.2028E-08 6.21E-06 7.02E-06   0.090 1.0000 7.0258E-06    814.958
 9671.00 0.91330951 4.9972E-24 0.0000E+00 0.0000E+00 4.2123E-08 4.2123E-08 0.0000E+00 0.0000E+00 4.2123E-08 6.20E-06 7.02E-06   0.091 1.0000 7.0276E-06    815.761
 9681.00 0.91323781 4.7622E-24 0.0000E+00 0.0000E+00 4.2096E-08 4.2096E-08 0.0000E+00 0.0000E+00 4.2096E-08 6.19E-06 7.00E-06   0.091 1.0000 7.0080E-06    816.426
 9691.00 0.91272217 4.5635E-24 0.0000E+00 0.0000E+00 4.2777E-08 4.2777E-08 0.0000E+00 0.0000E+00 4.2777E-08 6.27E-06 7.10E-06   0.091 1.0000 7.1079E-06    817.890
 9701.00 0.91233605 4.3713E-24 0.0000E+00 0.0000E+00 4.2802E-08 4.2802E-08 0.0000E+00 0.0000E+00 4.2802E-08 6.26E-06 7.09E-06   0.092 1.0000 7.0980E-06    818.613
 9711.00 0.91234422 4.1576E-24 0.0000E+00 0.0000E+00 4.2803E-08 4.2803E-08 0.0000E+00 0.0000E+00 4.2803E-08 6.24E-06 7.07E-06   0.092 1.0000 7.0827E-06    819.309
 9721.00 0.91061509 4.0570E-24 0.0000E+00 0.0000E+00 4.2890E-08 4.2890E-08 0.0000E+00 0.0000E+00 4.2890E-08 6.23E-06 7.08E-06   0.094 1.0000 7.0883E-06    820.102
 9731.00 0.90874755 3.9580E-24 0.0000E+00 0.0000E+00 4.3178E-08 4.3178E-08 0.0000E+00 0.0000E+00 4.3178E-08 6.25E-06 7.12E-06   0.096 1.0000 7.1280E-06    821.120
 9741.00 0.91075140 3.6630E-24 0.0000E+00 0.0000E+00 4.3241E-08 4.3241E-08 0.0000E+00 0.0000E+00 4.3241E-08 6.26E-06 7.11E-06   0.093 1.0000 7.1148E-06    821.886
 9751.00 0.91036189 3.5037E-24 0.0000E+00 0.0000E+00 4.3392E-08 4.3392E-08 0.0000E+00 0.0000E+00 4.3392E-08 6.26E-06 7.12E-06   0.094 1.0000 7.1256E-06    822.748
 9761.00 0.90842044 3.4151E-24 0.0000E+00 0.0000E+00 4.3355E-08 4.3355E-08 0.0000E+00 0.0000E+00 4.3355E-08 6.23E-06 7.10E-06   0.096 1.0000 7.1121E-06    823.403
 9771.00 0.90438050 3.4348E-24 0.0000E+00 0.0000E+00 4.3421E-08 4.3421E-08 0.0000E+00 0.0000E+00 4.3421E-08 6.21E-06 7.11E-06   0.101 1.0000 7.1242E-06    824.172
 9781.00 0.90938365 3.0550E-24 0.0000E+00 0.0000E+00 4.3155E-08 4.3155E-08 0.0000E+00 0.0000E+00 4.3155E-08 6.18E-06 7.04E-06   0.095 1.0000 7.0450E-06    824.570
 9791.00 0.90936124 2.9110E-24 0.0000E+00 0.0000E+00 4.3211E-08 4.3211E-08 0.0000E+00 0.0000E+00 4.3211E-08 6.18E-06 7.03E-06   0.095 1.0000 7.0386E-06    825.327
 9801.00 0.90942001 2.7624E-24 0.0000E+00 0.0000E+00 4.3408E-08 4.3408E-08 0.0000E+00 0.0000E+00 4.3408E-08 6.19E-06 7.05E-06   0.095 1.0000 7.0554E-06    826.242
 9811.00 0.90477234 2.7946E-24 0.0000E+00 0.0000E+00 4.2914E-08 4.2914E-08 0.0000E+00 0.0000E+00 4.2914E-08 6.08E-06 6.97E-06   0.100 1.0000 6.9787E-06    826.382
 9821.00 0.91049790 2.4643E-24 0.0000E+00 0.0000E+00 4.3669E-08 4.3669E-08 0.0000E+00 0.0000E+00 4.3669E-08 6.21E-06 7.05E-06   0.094 1.0000 7.0623E-06    827.922
 9831.00 0.90838748 2.4151E-24 0.0000E+00 0.0000E+00 4.3800E-08 4.3800E-08 0.0000E+00 0.0000E+00 4.3800E-08 6.20E-06 7.07E-06   0.096 1.0000 7.0767E-06    828.762
 9841.00 0.90934819 2.2641E-24 0.0000E+00 0.0000E+00 4.3787E-08 4.3787E-08 0.0000E+00 0.0000E+00 4.3787E-08 6.19E-06 7.05E-06   0.095 1.0000 7.0554E-06    829.442
 9851.00 0.90707821 2.2208E-24 0.0000E+00 0.0000E+00 4.3799E-08 4.3799E-08 0.0000E+00 0.0000E+00 4.3799E-08 6.17E-06 7.04E-06   0.098 1.0000 7.0514E-06    830.151
 9861.00 0.90836984 2.0795E-24 0.0000E+00 0.0000E+00 4.4252E-08 4.4252E-08 0.0000E+00 0.0000E+00 4.4252E-08 6.23E-06 7.09E-06   0.096 1.0000 7.1034E-06    831.346
 9871.00 0.90853393 1.9709E-24 0.0000E+00 0.0000E+00 4.4395E-08 4.4395E-08 0.0000E+00 0.0000E+00 4.4395E-08 6.23E-06 7.10E-06   0.096 1.0000 7.1106E-06    832.198
 9881.00 0.90494269 1.9651E-24 0.0000E+00 0.0000E+00 4.4408E-08 4.4408E-08 0.0000E+00 0.0000E+00 4.4408E-08 6.20E-06 7.10E-06   0.100 1.0000 7.1125E-06    832.907
 9891.00 0.90753335 1.8086E-24 0.0000E+00 0.0000E+00 4.4586E-08 4.4586E-08 0.0000E+00 0.0000E+00 4.4586E-08 6.23E-06 7.11E-06   0.097 1.0000 7.1147E-06    833.797
 9901.00 0.89957851 1.8968E-24 0.0000E+00 0.0000E+00 4.4565E-08 4.4565E-08 0.0000E+00 0.0000E+00 4.4565E-08 6.17E-06 7.12E-06   0.106 1.0000 7.1297E-06    834.470
 9911.00 0.89874095 1.8258E-24 0.0000E+00 0.0000E+00 4.4514E-08 4.4514E-08 0.0000E+00 0.0000E+00 4.4514E-08 6.14E-06 7.10E-06   0.107 1.0000 7.1100E-06    835.108
 9921.00 0.90381187 1.6344E-24 0.0000E+00 0.0000E+00 4.4789E-08 4.4789E-08 0.0000E+00 0.0000E+00 4.4789E-08 6.19E-06 7.11E-06   0.101 1.0000 7.1166E-06    836.104
 9931.00 0.90672237 1.4973E-24 0.0000E+00 0.0000E+00 4.4698E-08 4.4698E-08 0.0000E+00 0.0000E+00 4.4698E-08 6.18E-06 7.07E-06   0.098 1.0000 7.0750E-06    836.699
 9941.00 0.90516984 1.4528E-24 0.0000E+00 0.0000E+00 4.3270E-08 4.3270E-08 0.0000E+00 0.0000E+00 4.3270E-08 5.97E-06 6.83E-06   0.100 1.0000 6.8405E-06    835.804
 9951.00 0.90510857 1.3852E-24 0.0000E+00 0.0000E+00 4.2451E-08 4.2451E-08 0.0000E+00 0.0000E+00 4.2451E-08 5.84E-06 6.69E-06   0.100 1.0000 6.6965E-06    835.565
 9961.00 0.90328056 1.3480E-24 0.0000E+00 0.0000E+00 4.4554E-08 4.4554E-08 0.0000E+00 0.0000E+00 4.4554E-08 6.11E-06 7.01E-06   0.102 1.0000 7.0208E-06    838.623
 9971.00 0.90353733 1.2766E-24 0.0000E+00 0.0000E+00 4.5092E-08 4.5092E-08 0.0000E+00 0.0000E+00 4.5092E-08 6.17E-06 7.08E-06   0.101 1.0000 7.0893E-06    839.908
 9981.00 0.89340156 1.3695E-24 0.0000E+00 0.0000E+00 4.5277E-08 4.5277E-08 0.0000E+00 0.0000E+00 4.5277E-08 6.13E-06 7.14E-06   0.113 1.0000 7.1451E-06    840.803
 9991.00 0.90583074 1.1235E-24 0.0000E+00 0.0000E+00 4.5661E-08 4.5661E-08 0.0000E+00 0.0000E+00 4.5661E-08 6.23E-06 7.13E-06   0.099 1.0000 7.1388E-06    841.914
10001.00 0.90270960 1.1131E-24 0.0000E+00 0.0000E+00 4.5448E-08 4.5448E-08 0.0000E+00 0.0000E+00 4.5448E-08 6.17E-06 7.09E-06   0.102 1.0000 7.1031E-06    842.378
10011.00 0.90428734 1.0380E-24 0.0000E+00 0.0000E+00 4.5663E-08 4.5663E-08 0.0000E+00 0.0000E+00 4.5663E-08 6.20E-06 7.10E-06   0.101 1.0000 7.1150E-06    843.305
10021.00 0.90464813 9.8082E-25 0.0000E+00 0.0000E+00 4.5869E-08 4.5869E-08 0.0000E+00 0.0000E+00 4.5869E-08 6.21E-06 7.12E-06   0.100 1.0000 7.1310E-06    844.223
10031.00 0.90502369 9.2979E-25 0.0000E+00 0.0000E+00 4.5984E-08 4.5984E-08 0.0000E+00 0.0000E+00 4.5984E-08 6.22E-06 7.12E-06   0.100 1.0000 7.1318E-06    845.040
10041.00 0.90437961 8.9228E-25 0.0000E+00 0.0000E+00 4.5964E-08 4.5964E-08 0.0000E+00 0.0000E+00 4.5964E-08 6.20E-06 7.11E-06   0.101 1.0000 7.1164E-06    845.713
10051.00 0.90514964 8.3850E-25 0.0000E+00 0.0000E+00 4.6096E-08 4.6096E-08 0.0000E+00 0.0000E+00 4.6096E-08 6.21E-06 7.11E-06   0.100 1.0000 7.1191E-06    846.549
10061.00 0.90294325 8.2207E-25 0.0000E+00 0.0000E+00 4.6205E-08 4.6205E-08 0.0000E+00 0.0000E+00 4.6205E-08 6.20E-06 7.12E-06   0.102 1.0000 7.1296E-06    847.361
10071.00 0.89152592 9.0093E-25 0.0000E+00 0.0000E+00 4.5962E-08 4.5962E-08 0.0000E+00 0.0000E+00 4.5962E-08 6.09E-06 7.11E-06   0.115 1.0000 7.1221E-06    847.793
10081.00 0.90125835 7.6036E-25 0.0000E+00 0.0000E+00 4.6182E-08 4.6182E-08 0.0000E+00 0.0000E+00 4.6182E-08 6.16E-06 7.09E-06   0.104 1.0000 7.1031E-06    848.725
10091.00 0.89635909 7.6872E-25 0.0000E+00 0.0000E+00 4.6035E-08 4.6035E-08 0.0000E+00 0.0000E+00 4.6035E-08 6.10E-06 7.07E-06   0.109 1.0000 7.0846E-06    849.260
10101.00 0.88697839 8.2175E-25 0.0000E+00 0.0000E+00 4.5595E-08 4.5595E-08 0.0000E+00 0.0000E+00 4.5595E-08 5.97E-06 7.03E-06   0.120 1.0000 7.0367E-06    849.477
10111.00 0.89961720 6.7172E-25 0.0000E+00 0.0000E+00 4.5900E-08 4.5900E-08 0.0000E+00 0.0000E+00 4.5900E-08 6.07E-06 7.01E-06   0.106 1.0000 7.0192E-06    850.502
10121.00 0.88586789 7.4346E-25 0.0000E+00 0.0000E+00 4.6236E-08 4.6236E-08 0.0000E+00 0.0000E+00 4.6236E-08 6.03E-06 7.10E-06   0.121 1.0000 7.1091E-06    851.559
10131.00 0.88033146 7.5496E-25 0.0000E+00 0.0000E+00 4.5971E-08 4.5971E-08 0.0000E+00 0.0000E+00 4.5971E-08 5.95E-06 7.07E-06   0.127 1.0000 7.0756E-06    851.966
10141.00 0.89086443 6.4146E-25 0.0000E+00 0.0000E+00 4.6378E-08 4.6378E-08 0.0000E+00 0.0000E+00 4.6378E-08 6.05E-06 7.07E-06   0.116 1.0000 7.0813E-06    853.099
10151.00 0.85186297 8.4744E-25 0.0000E+00 0.0000E+00 4.5639E-08 4.5639E-08 0.0000E+00 0.0000E+00 4.5639E-08 5.74E-06 7.10E-06   0.160 1.0000 7.1130E-06    852.991
10161.00 0.86359376 7.4876E-25 0.0000E+00 0.0000E+00 4.5904E-08 4.5904E-08 0.0000E+00 0.0000E+00 4.5904E-08 5.82E-06 7.08E-06   0.147 1.0000 7.0884E-06    853.973
10171.00 0.83640909 8.3855E-25 0.0000E+00 0.0000E+00 4.5242E-08 4.5242E-08 0.0000E+00 0.0000E+00 4.5242E-08 5.61E-06 7.08E-06   0.179 1.0000 7.0885E-06    853.941
10181.00 0.83248764 8.3417E-25 0.0000E+00 0.0000E+00 4.5468E-08 4.5468E-08 0.0000E+00 0.0000E+00 4.5468E-08 5.59E-06 7.11E-06   0.183 1.0000 7.1238E-06    854.883
10191.00 0.84958404 7.0970E-25 0.0000E+00 0.0000E+00 4.6087E-08 4.6087E-08 0.0000E+00 0.0000E+00 4.6087E-08 5.74E-06 7.12E-06   0.163 1.0000 7.1342E-06    856.252
10201.00 0.79107434 8.9082E-25 0.0000E+00 0.0000E+00 4.4084E-08 4.4084E-08 0.0000E+00 0.0000E+00 4.4084E-08 5.23E-06 7.06E-06   0.234 1.0000 7.0727E-06    854.727
10211.00 0.77498418 9.1673E-25 0.0000E+00 0.0000E+00 4.3473E-08 4.3473E-08 0.0000E+00 0.0000E+00 4.3473E-08 5.07E-06 7.02E-06   0.255 1.0000 7.0352E-06    854.723
10221.00 0.78037095 8.3791E-25 0.0000E+00 0.0000E+00 4.3793E-08 4.3793E-08 0.0000E+00 0.0000E+00 4.3793E-08 5.13E-06 7.04E-06   0.248 1.0000 7.0526E-06    855.780
10231.00 0.81910330 6.7593E-25 0.0000E+00 0.0000E+00 4.5248E-08 4.5248E-08 0.0000E+00 0.0000E+00 4.5248E-08 5.46E-06 7.08E-06   0.200 1.0000 7.0865E-06    858.102
10241.00 0.72812498 9.4197E-25 0.0000E+00 0.0000E+00 4.2402E-08 4.2402E-08 0.0000E+00 0.0000E+00 4.2402E-08 4.70E-06 7.02E-06   0.317 1.0000 7.0343E-06    855.555
10251.00 0.74614197 8.1465E-25 0.0000E+00 0.0000E+00 4.3387E-08 4.3387E-08 0.0000E+00 0.0000E+00 4.3387E-08 4.90E-06 7.11E-06   0.293 1.0000 7.1175E-06    857.388
10261.00 0.74316633 7.9279E-25 0.0000E+00 0.0000E+00 4.2694E-08 4.2694E-08 0.0000E+00 0.0000E+00 4.2694E-08 4.78E-06 6.99E-06   0.297 1.0000 7.0004E-06    857.276
10271.00 0.74028069 7.7976E-25 0.0000E+00 0.0000E+00 4.2961E-08 4.2961E-08 0.0000E+00 0.0000E+00 4.2961E-08 4.78E-06 7.01E-06   0.301 1.0000 7.0253E-06    858.277
10281.00 0.78537959 6.1485E-25 0.0000E+00 0.0000E+00 4.4833E-08 4.4833E-08 0.0000E+00 0.0000E+00 4.4833E-08 5.20E-06 7.10E-06   0.242 1.0000 7.1074E-06    861.100
10291.00 0.80216539 5.2008E-25 0.0000E+00 0.0000E+00 4.5427E-08 4.5427E-08 0.0000E+00 0.0000E+00 4.5427E-08 5.36E-06 7.11E-06   0.220 1.0000 7.1198E-06    862.451
10301.00 0.80856949 4.8787E-25 0.0000E+00 0.0000E+00 4.5357E-08 4.5357E-08 0.0000E+00 0.0000E+00 4.5357E-08 5.35E-06 7.05E-06   0.212 1.0000 7.0598E-06    863.066
10311.00 0.80006963 5.1036E-25 0.0000E+00 0.0000E+00 4.5626E-08 4.5626E-08 0.0000E+00 0.0000E+00 4.5626E-08 5.31E-06 7.10E-06   0.223 1.0000 7.1065E-06    864.055
10321.00 0.79165548 5.0754E-25 0.0000E+00 0.0000E+00 4.5326E-08 4.5326E-08 0.0000E+00 0.0000E+00 4.5326E-08 5.21E-06 7.07E-06   0.234 1.0000 7.0834E-06    864.414
10331.00 0.78971398 4.5300E-25 0.0000E+00 0.0000E+00 4.4908E-08 4.4908E-08 0.0000E+00 0.0000E+00 4.4908E-08 5.19E-06 7.03E-06   0.236 1.0000 7.0410E-06    864.639
10341.00 0.66637528 6.6805E-25 0.0000E+00 0.0000E+00 4.1601E-08 4.1601E-08 0.0000E+00 0.0000E+00 4.1601E-08 4.25E-06 7.07E-06   0.406 1.0000 7.0807E-06    861.497
10351.00 0.65055054 6.7914E-25 0.0000E+00 0.0000E+00 4.0446E-08 4.0446E-08 0.0000E+00 0.0000E+00 4.0446E-08 4.03E-06 6.94E-06   0.430 1.0000 6.9482E-06    860.783
10361.00 0.65135801 6.3748E-25 0.0000E+00 0.0000E+00 4.1155E-08 4.1155E-08 0.0000E+00 0.0000E+00 4.1155E-08 4.11E-06 7.03E-06   0.429 1.0000 7.0420E-06    862.335
10371.00 0.60501927 6.4716E-25 0.0000E+00 0.0000E+00 3.9646E-08 3.9646E-08 0.0000E+00 0.0000E+00 3.9646E-08 3.80E-06 7.01E-06   0.502 1.0000 7.0259E-06    861.163
10381.00 0.66816914 5.6059E-25 0.0000E+00 0.0000E+00 4.1873E-08 4.1873E-08 0.0000E+00 0.0000E+00 4.1873E-08 4.24E-06 7.02E-06   0.403 1.0000 7.0297E-06    864.576
10391.00 0.55386055 6.5193E-25 0.0000E+00 0.0000E+00 3.8096E-08 3.8096E-08 0.0000E+00 0.0000E+00 3.8096E-08 3.39E-06 7.00E-06   0.591 1.0000 7.0152E-06    860.556
10401.00 0.63896358 5.3915E-25 0.0000E+00 0.0000E+00 4.1670E-08 4.1670E-08 0.0000E+00 0.0000E+00 4.1670E-08 4.08E-06 7.10E-06   0.448 1.0000 7.1156E-06    865.709
10411.00 0.59074950 5.6028E-25 0.0000E+00 0.0000E+00 3.9428E-08 3.9428E-08 0.0000E+00 0.0000E+00 3.9428E-08 3.64E-06 7.00E-06   0.526 1.0000 7.0090E-06    863.634
10421.00 0.48480207 6.2109E-25 0.0000E+00 0.0000E+00 3.6551E-08 3.6551E-08 0.0000E+00 0.0000E+00 3.6551E-08 2.92E-06 7.10E-06   0.724 1.0000 7.1097E-06    860.562
10431.00 0.54968035 5.3123E-25 0.0000E+00 0.0000E+00 3.8844E-08 3.8844E-08 0.0000E+00 0.0000E+00 3.8844E-08 3.42E-06 7.12E-06   0.598 1.0000 7.1282E-06    864.263
10441.00 0.63163823 4.3815E-25 0.0000E+00 0.0000E+00 4.1067E-08 4.1067E-08 0.0000E+00 0.0000E+00 4.1067E-08 3.96E-06 7.02E-06   0.459 1.0000 7.0319E-06    867.729
10451.00 0.49380559 5.3087E-25 0.0000E+00 0.0000E+00 3.6703E-08 3.6703E-08 0.0000E+00 0.0000E+00 3.6703E-08 2.95E-06 7.03E-06   0.706 1.0000 7.0411E-06    862.817
10461.00 0.48948774 5.0621E-25 0.0000E+00 0.0000E+00 3.6518E-08 3.6518E-08 0.0000E+00 0.0000E+00 3.6518E-08 2.92E-06 7.00E-06   0.714 1.0000 7.0152E-06    863.251
10471.00 0.52174062 4.6079E-25 0.0000E+00 0.0000E+00 3.5694E-08 3.5694E-08 0.0000E+00 0.0000E+00 3.5694E-08 2.99E-06 6.64E-06   0.651 1.0000 6.6482E-06    862.804
10481.00 0.55286968 4.1871E-25 0.0000E+00 0.0000E+00 3.8357E-08 3.8357E-08 0.0000E+00 0.0000E+00 3.8357E-08 3.34E-06 6.92E-06   0.593 1.0000 6.9292E-06    867.059
10491.00 0.50291789 4.2674E-25 0.0000E+00 0.0000E+00 3.7381E-08 3.7381E-08 0.0000E+00 0.0000E+00 3.7381E-08 3.03E-06 7.04E-06   0.687 1.0000 7.0576E-06    866.459
10501.00 0.38856593 4.5346E-25 0.0000E+00 0.0000E+00 3.3467E-08 3.3467E-08 0.0000E+00 0.0000E+00 3.3467E-08 2.22E-06 7.09E-06   0.945 1.0000 7.1082E-06    861.673
10511.00 0.61757386 3.3925E-25 0.0000E+00 0.0000E+00 4.1747E-08 4.1747E-08 0.0000E+00 0.0000E+00 4.1747E-08 3.84E-06 7.07E-06   0.482 1.0000 7.0870E-06    873.363
10521.00 0.42714980 3.7735E-25 0.0000E+00 0.0000E+00 3.4706E-08 3.4706E-08 0.0000E+00 0.0000E+00 3.4706E-08 2.52E-06 7.07E-06   0.851 1.0000 7.0837E-06    864.826
10531.00 0.44835964 3.5415E-25 0.0000E+00 0.0000E+00 3.5864E-08 3.5864E-08 0.0000E+00 0.0000E+00 3.5864E-08 2.70E-06 7.12E-06   0.802 1.0000 7.1337E-06    867.133
10541.00 0.48886228 3.1945E-25 0.0000E+00 0.0000E+00 3.7220E-08 3.7220E-08 0.0000E+00 0.0000E+00 3.7220E-08 2.97E-06 7.11E-06   0.716 1.0000 7.1238E-06    869.662
10551.00 0.44474754 3.2924E-25 0.0000E+00 0.0000E+00 3.5928E-08 3.5928E-08 0.0000E+00 0.0000E+00 3.5928E-08 2.65E-06 7.10E-06   0.810 1.0000 7.1123E-06    868.586
10561.00 0.45516363 3.1496E-25 0.0000E+00 0.0000E+00 3.6248E-08 3.6248E-08 0.0000E+00 0.0000E+00 3.6248E-08 2.70E-06 7.06E-06   0.787 1.0000 7.0759E-06    869.709
10571.00 0.38858071 3.0002E-25 0.0000E+00 0.0000E+00 3.3393E-08 3.3393E-08 0.0000E+00 0.0000E+00 3.3393E-08 2.25E-06 7.05E-06   0.945 1.0000 7.0632E-06    866.324
10581.00 0.49213216 2.7372E-25 0.0000E+00 0.0000E+00 3.7314E-08 3.7314E-08 0.0000E+00 0.0000E+00 3.7314E-08 2.92E-06 6.99E-06   0.709 1.0000 7.0083E-06    872.519
10591.00 0.36409029 2.7216E-25 0.0000E+00 0.0000E+00 3.1719E-08 3.1719E-08 0.0000E+00 0.0000E+00 3.1719E-08 2.04E-06 6.91E-06   1.010 1.0000 6.9242E-06    865.149
10601.00 0.43019626 2.4497E-25 0.0000E+00 0.0000E+00 3.4616E-08 3.4616E-08 0.0000E+00 0.0000E+00 3.4616E-08 2.50E-06 6.99E-06   0.844 1.0000 7.0103E-06    870.143
10611.00 0.49679455 2.3373E-25 0.0000E+00 0.0000E+00 3.7457E-08 3.7457E-08 0.0000E+00 0.0000E+00 3.7457E-08 2.92E-06 6.99E-06   0.700 1.0000 7.0013E-06    874.759
10621.00 0.52827108 2.2544E-25 0.0000E+00 0.0000E+00 3.7177E-08 3.7177E-08 0.0000E+00 0.0000E+00 3.7177E-08 2.96E-06 6.68E-06   0.638 1.0000 6.6904E-06    875.065
10631.00 0.52646333 2.1772E-25 0.0000E+00 0.0000E+00 3.8715E-08 3.8715E-08 0.0000E+00 0.0000E+00 3.8715E-08 3.08E-06 6.91E-06   0.642 1.0000 6.9249E-06    877.785
10641.00 0.63201815 1.7042E-25 0.0000E+00 0.0000E+00 4.3181E-08 4.3181E-08 0.0000E+00 0.0000E+00 4.3181E-08 3.94E-06 7.05E-06   0.459 1.0000 7.0679E-06    884.006
10651.00 0.44595996 1.8933E-25 0.0000E+00 0.0000E+00 3.6173E-08 3.6173E-08 0.0000E+00 0.0000E+00 3.6173E-08 2.66E-06 7.07E-06   0.808 1.0000 7.0860E-06    875.741
10661.00 0.32003769 2.0605E-25 0.0000E+00 0.0000E+00 3.1608E-08 3.1608E-08 0.0000E+00 0.0000E+00 3.1608E-08 1.76E-06 7.10E-06   1.139 1.0000 7.1135E-06    869.719
10671.00 0.30981484 2.0240E-25 0.0000E+00 0.0000E+00 3.1425E-08 3.1425E-08 0.0000E+00 0.0000E+00 3.1425E-08 1.68E-06 7.09E-06   1.172 1.0000 7.1053E-06    870.108
10681.00 0.33671361 1.8062E-25 0.0000E+00 0.0000E+00 3.1861E-08 3.1861E-08 0.0000E+00 0.0000E+00 3.1861E-08 1.86E-06 7.01E-06   1.089 1.0000 7.0271E-06    871.465
10691.00 0.37973797 1.5969E-25 0.0000E+00 0.0000E+00 3.3515E-08 3.3515E-08 0.0000E+00 0.0000E+00 3.3515E-08 2.18E-06 7.03E-06   0.968 1.0000 7.0496E-06    874.652
10701.00 0.24026325 1.6251E-25 0.0000E+00 0.0000E+00 2.8374E-08 2.8374E-08 0.0000E+00 0.0000E+00 2.8374E-08 1.28E-06 7.10E-06   1.426 1.0000 7.1224E-06    867.121
10711.00 0.32124192 1.7242E-25 0.0000E+00 0.0000E+00 3.2787E-08 3.2787E-08 0.0000E+00 0.0000E+00 3.2787E-08 1.76E-06 7.11E-06   1.136 1.0000 7.1299E-06    874.917
10721.00 0.36037832 1.5806E-25 0.0000E+00 0.0000E+00 3.4245E-08 3.4245E-08 0.0000E+00 0.0000E+00 3.4245E-08 2.03E-06 7.10E-06   1.021 1.0000 7.1129E-06    877.762
10731.00 0.40138653 1.3317E-25 0.0000E+00 0.0000E+00 3.5238E-08 3.5238E-08 0.0000E+00 0.0000E+00 3.5238E-08 2.36E-06 7.06E-06   0.913 1.0000 7.0795E-06    879.872
10741.00 0.52211797 1.2044E-25 0.0000E+00 0.0000E+00 4.0497E-08 4.0497E-08 0.0000E+00 0.0000E+00 4.0497E-08 3.20E-06 7.10E-06   0.650 1.0000 7.1186E-06    887.587
10751.00 0.56675756 1.1225E-25 0.0000E+00 0.0000E+00 4.2325E-08 4.2325E-08 0.0000E+00 0.0000E+00 4.2325E-08 3.49E-06 7.08E-06   0.568 1.0000 7.0904E-06    890.528
10761.00 0.64453989 9.5849E-26 0.0000E+00 0.0000E+00 4.4868E-08 4.4868E-08 0.0000E+00 0.0000E+00 4.4868E-08 4.02E-06 7.02E-06   0.439 1.0000 7.0349E-06    894.217
10771.00 0.65759385 8.7382E-26 0.0000E+00 0.0000E+00 4.5883E-08 4.5883E-08 0.0000E+00 0.0000E+00 4.5883E-08 4.17E-06 7.12E-06   0.419 1.0000 7.1304E-06    896.062
10781.00 0.74638104 6.4701E-26 0.0000E+00 0.0000E+00 4.8907E-08 4.8907E-08 0.0000E+00 0.0000E+00 4.8907E-08 4.86E-06 7.13E-06   0.293 1.0000 7.1406E-06    900.070
10791.00 0.80233806 4.8150E-26 0.0000E+00 0.0000E+00 4.9786E-08 4.9786E-08 0.0000E+00 0.0000E+00 4.9786E-08 5.22E-06 6.99E-06   0.220 1.0000 6.9990E-06    901.692
10801.00 0.79671013 4.6503E-26 0.0000E+00 0.0000E+00 4.8378E-08 4.8378E-08 0.0000E+00 0.0000E+00 4.8378E-08 5.04E-06 6.81E-06   0.227 1.0000 6.8221E-06    900.881
10811.00 0.77183229 4.7901E-26 0.0000E+00 0.0000E+00 4.8787E-08 4.8787E-08 0.0000E+00 0.0000E+00 4.8787E-08 4.98E-06 6.97E-06   0.259 1.0000 6.9842E-06    902.010
10821.00 0.76559812 4.8729E-26 0.0000E+00 0.0000E+00 4.8393E-08 4.8393E-08 0.0000E+00 0.0000E+00 4.8393E-08 4.87E-06 6.91E-06   0.267 1.0000 6.9254E-06    902.275
10831.00 0.79892939 3.9414E-26 0.0000E+00 0.0000E+00 4.7564E-08 4.7564E-08 0.0000E+00 0.0000E+00 4.7564E-08 4.94E-06 6.65E-06   0.224 1.0000 6.6572E-06    902.060
10841.00 0.81025422 3.3768E-26 0.0000E+00 0.0000E+00 4.9603E-08 4.9603E-08 0.0000E+00 0.0000E+00 4.9603E-08 5.23E-06 6.87E-06   0.210 1.0000 6.8867E-06    904.947
10851.00 0.78216106 3.7496E-26 0.0000E+00 0.0000E+00 4.8533E-08 4.8533E-08 0.0000E+00 0.0000E+00 4.8533E-08 4.96E-06 6.83E-06   0.246 1.0000 6.8426E-06    904.492
10861.00 0.82935792 2.8711E-26 0.0000E+00 0.0000E+00 5.1215E-08 5.1215E-08 0.0000E+00 0.0000E+00 5.1215E-08 5.44E-06 6.98E-06   0.187 1.0000 6.9906E-06    908.010
10871.00 0.76807237 3.4577E-26 0.0000E+00 0.0000E+00 4.9977E-08 4.9977E-08 0.0000E+00 0.0000E+00 4.9977E-08 5.06E-06 7.08E-06   0.264 1.0000 7.0910E-06    907.410
10881.00 0.77838522 3.2114E-26 0.0000E+00 0.0000E+00 5.0724E-08 5.0724E-08 0.0000E+00 0.0000E+00 5.0724E-08 5.15E-06 7.12E-06   0.251 1.0000 7.1322E-06    908.882
10891.00 0.69773972 3.9928E-26 0.0000E+00 0.0000E+00 4.7769E-08 4.7769E-08 0.0000E+00 0.0000E+00 4.7769E-08 4.49E-06 7.07E-06   0.360 1.0000 7.0869E-06    906.413
10901.00 0.68708038 4.0510E-26 0.0000E+00 0.0000E+00 4.7205E-08 4.7205E-08 0.0000E+00 0.0000E+00 4.7205E-08 4.35E-06 7.02E-06   0.375 1.0000 7.0299E-06    906.478
10911.00 0.75272679 3.1255E-26 0.0000E+00 0.0000E+00 5.0089E-08 5.0089E-08 0.0000E+00 0.0000E+00 5.0089E-08 4.92E-06 7.10E-06   0.284 1.0000 7.1167E-06    910.286
10921.00 0.62630242 4.0371E-26 0.0000E+00 0.0000E+00 4.5823E-08 4.5823E-08 0.0000E+00 0.0000E+00 4.5823E-08 3.98E-06 7.13E-06   0.468 1.0000 7.1418E-06    906.298
10931.00 0.76518363 2.8080E-26 0.0000E+00 0.0000E+00 5.0363E-08 5.0363E-08 0.0000E+00 0.0000E+00 5.0363E-08 4.95E-06 7.05E-06   0.268 1.0000 7.0585E-06    911.952
10941.00 0.66326743 3.2939E-26 0.0000E+00 0.0000E+00 4.7488E-08 4.7488E-08 0.0000E+00 0.0000E+00 4.7488E-08 4.29E-06 7.17E-06   0.411 1.0000 7.1797E-06    909.542
10951.00 0.66342121 3.3004E-26 0.0000E+00 0.0000E+00 4.8026E-08 4.8026E-08 0.0000E+00 0.0000E+00 4.8026E-08 4.29E-06 7.20E-06   0.410 1.0000 7.2169E-06    910.822
10961.00 0.73305070 2.4701E-26 0.0000E+00 0.0000E+00 4.9400E-08 4.9400E-08 0.0000E+00 0.0000E+00 4.9400E-08 4.76E-06 7.04E-06   0.311 1.0000 7.0517E-06    912.998
10971.00 0.75547397 2.2497E-26 0.0000E+00 0.0000E+00 4.9699E-08 4.9699E-08 0.0000E+00 0.0000E+00 4.9699E-08 4.85E-06 6.96E-06   0.280 1.0000 6.9688E-06    914.005
10981.00 0.69836563 2.5305E-26 0.0000E+00 0.0000E+00 4.8617E-08 4.8617E-08 0.0000E+00 0.0000E+00 4.8617E-08 4.50E-06 7.07E-06   0.359 1.0000 7.0849E-06    913.529
10991.00 0.71104449 2.3387E-26 0.0000E+00 0.0000E+00 4.8258E-08 4.8258E-08 0.0000E+00 0.0000E+00 4.8258E-08 4.50E-06 6.94E-06   0.341 1.0000 6.9574E-06    913.826
11001.00 0.70315892 2.1738E-26 0.0000E+00 0.0000E+00 4.7424E-08 4.7424E-08 0.0000E+00 0.0000E+00 4.7424E-08 4.42E-06 6.86E-06   0.352 1.0000 6.8715E-06    913.593
11011.00 0.69584185 2.1051E-26 0.0000E+00 0.0000E+00 4.8235E-08 4.8235E-08 0.0000E+00 0.0000E+00 4.8235E-08 4.46E-06 7.00E-06   0.363 1.0000 7.0129E-06    915.175
11021.00 0.70739144 1.9063E-26 0.0000E+00 0.0000E+00 4.9585E-08 4.9585E-08 0.0000E+00 0.0000E+00 4.9585E-08 4.63E-06 7.14E-06   0.346 1.0000 7.1591E-06    917.324
11031.00 0.75726801 1.6408E-26 0.0000E+00 0.0000E+00 5.0575E-08 5.0575E-08 0.0000E+00 0.0000E+00 5.0575E-08 4.90E-06 6.98E-06   0.278 1.0000 6.9952E-06    919.063
11041.00 0.80974382 1.2120E-26 0.0000E+00 0.0000E+00 5.3625E-08 5.3625E-08 0.0000E+00 0.0000E+00 5.3625E-08 5.44E-06 7.15E-06   0.211 1.0000 7.1647E-06    922.881
11051.00 0.81687403 1.1440E-26 0.0000E+00 0.0000E+00 5.4369E-08 5.4369E-08 0.0000E+00 0.0000E+00 5.4369E-08 5.52E-06 7.20E-06   0.202 1.0000 7.2125E-06    924.310
11061.00 0.82933247 1.0253E-26 0.0000E+00 0.0000E+00 5.4821E-08 5.4821E-08 0.0000E+00 0.0000E+00 5.4821E-08 5.61E-06 7.18E-06   0.187 1.0000 7.1991E-06    925.447
11071.00 0.76946890 1.2318E-26 0.0000E+00 0.0000E+00 5.2219E-08 5.2219E-08 0.0000E+00 0.0000E+00 5.2219E-08 5.09E-06 7.12E-06   0.262 1.0000 7.1309E-06    923.526
11081.00 0.71024996 1.3966E-26 0.0000E+00 0.0000E+00 4.8643E-08 4.8643E-08 0.0000E+00 0.0000E+00 4.8643E-08 4.50E-06 6.91E-06   0.342 1.0000 6.9276E-06    920.430
11091.00 0.72047269 1.3242E-26 0.0000E+00 0.0000E+00 4.7147E-08 4.7147E-08 0.0000E+00 0.0000E+00 4.7147E-08 4.37E-06 6.63E-06   0.328 1.0000 6.6409E-06    919.459
11101.00 0.68403107 1.4175E-26 0.0000E+00 0.0000E+00 4.8152E-08 4.8152E-08 0.0000E+00 0.0000E+00 4.8152E-08 4.30E-06 6.92E-06   0.380 1.0000 6.9341E-06    921.263
11111.00 0.73590392 1.0863E-26 0.0000E+00 0.0000E+00 5.0275E-08 5.0275E-08 0.0000E+00 0.0000E+00 5.0275E-08 4.75E-06 6.97E-06   0.307 1.0000 6.9855E-06    924.249
11121.00 0.60205799 1.5335E-26 0.0000E+00 0.0000E+00 4.6758E-08 4.6758E-08 0.0000E+00 0.0000E+00 4.6758E-08 3.80E-06 7.14E-06   0.507 1.0000 7.1540E-06    921.076
11131.00 0.73989218 9.9875E-27 0.0000E+00 0.0000E+00 5.1884E-08 5.1884E-08 0.0000E+00 0.0000E+00 5.1884E-08 4.88E-06 7.14E-06   0.301 1.0000 7.1521E-06    927.313
11141.00 0.73313451 1.0370E-26 0.0000E+00 0.0000E+00 5.1650E-08 5.1650E-08 0.0000E+00 0.0000E+00 5.1650E-08 4.78E-06 7.09E-06   0.310 1.0000 7.1081E-06    927.759
11151.00 0.72306120 1.0052E-26 0.0000E+00 0.0000E+00 5.1377E-08 5.1377E-08 0.0000E+00 0.0000E+00 5.1377E-08 4.71E-06 7.09E-06   0.324 1.0000 7.1052E-06    928.162
11161.00 0.77591521 8.0286E-27 0.0000E+00 0.0000E+00 5.4355E-08 5.4355E-08 0.0000E+00 0.0000E+00 5.4355E-08 5.21E-06 7.22E-06   0.254 1.0000 7.2334E-06    931.887
11171.00 0.79826289 7.1837E-27 0.0000E+00 0.0000E+00 5.3897E-08 5.3897E-08 0.0000E+00 0.0000E+00 5.3897E-08 5.23E-06 7.03E-06   0.225 1.0000 7.0471E-06    932.119
11181.00 0.83779919 5.5322E-27 0.0000E+00 0.0000E+00 5.5451E-08 5.5451E-08 0.0000E+00 0.0000E+00 5.5451E-08 5.57E-06 7.04E-06   0.177 1.0000 7.0589E-06    934.348
11191.00 0.84238416 5.0551E-27 0.0000E+00 0.0000E+00 5.6300E-08 5.6300E-08 0.0000E+00 0.0000E+00 5.6300E-08 5.66E-06 7.12E-06   0.172 1.0000 7.1368E-06    935.864
11201.00 0.86365622 4.0813E-27 0.0000E+00 0.0000E+00 5.5828E-08 5.5828E-08 0.0000E+00 0.0000E+00 5.5828E-08 5.71E-06 6.96E-06   0.147 1.0000 6.9786E-06    936.096
11211.00 0.87020534 3.6269E-27 0.0000E+00 0.0000E+00 5.7297E-08 5.7297E-08 0.0000E+00 0.0000E+00 5.7297E-08 5.89E-06 7.11E-06   0.139 1.0000 7.1244E-06    938.202
11221.00 0.87976599 3.1449E-27 0.0000E+00 0.0000E+00 5.8036E-08 5.8036E-08 0.0000E+00 0.0000E+00 5.8036E-08 6.00E-06 7.15E-06   0.128 1.0000 7.1611E-06    939.592
11231.00 0.87718028 3.0577E-27 0.0000E+00 0.0000E+00 5.8465E-08 5.8465E-08 0.0000E+00 0.0000E+00 5.8465E-08 6.02E-06 7.20E-06   0.131 1.0000 7.2119E-06    940.687
11241.00 0.87918669 2.8471E-27 0.0000E+00 0.0000E+00 5.8072E-08 5.8072E-08 0.0000E+00 0.0000E+00 5.8072E-08 5.98E-06 7.13E-06   0.129 1.0000 7.1417E-06    941.009
11251.00 0.88043368 2.6645E-27 0.0000E+00 0.0000E+00 5.8377E-08 5.8377E-08 0.0000E+00 0.0000E+00 5.8377E-08 6.01E-06 7.14E-06   0.127 1.0000 7.1598E-06    941.986
11261.00 0.87473226 2.6926E-27 0.0000E+00 0.0000E+00 5.7819E-08 5.7819E-08 0.0000E+00 0.0000E+00 5.7819E-08 5.91E-06 7.08E-06   0.134 1.0000 7.1006E-06    942.152
11271.00 0.88019103 2.4169E-27 0.0000E+00 0.0000E+00 5.7056E-08 5.7056E-08 0.0000E+00 0.0000E+00 5.7056E-08 5.85E-06 6.96E-06   0.128 1.0000 6.9712E-06    942.114
11281.00 0.87657315 2.3865E-27 0.0000E+00 0.0000E+00 5.5154E-08 5.5154E-08 0.0000E+00 0.0000E+00 5.5154E-08 5.62E-06 6.73E-06   0.132 1.0000 6.7401E-06    940.951
11291.00 0.87656832 2.2758E-27 0.0000E+00 0.0000E+00 5.8453E-08 5.8453E-08 0.0000E+00 0.0000E+00 5.8453E-08 5.95E-06 7.11E-06   0.132 1.0000 7.1282E-06    944.822
11301.00 0.88140833 2.0527E-27 0.0000E+00 0.0000E+00 5.8769E-08 5.8769E-08 0.0000E+00 0.0000E+00 5.8769E-08 5.99E-06 7.12E-06   0.126 1.0000 7.1331E-06    945.809
11311.00 0.88070780 1.9655E-27 0.0000E+00 0.0000E+00 5.8064E-08 5.8064E-08 0.0000E+00 0.0000E+00 5.8064E-08 5.91E-06 7.02E-06   0.127 1.0000 7.0365E-06    945.836
11321.00 0.88012874 1.8837E-27 0.0000E+00 0.0000E+00 5.8873E-08 5.8873E-08 0.0000E+00 0.0000E+00 5.8873E-08 5.97E-06 7.11E-06   0.128 1.0000 7.1226E-06    947.288
11331.00 0.87987113 1.7938E-27 0.0000E+00 0.0000E+00 5.7754E-08 5.7754E-08 0.0000E+00 0.0000E+00 5.7754E-08 5.85E-06 6.96E-06   0.128 1.0000 6.9746E-06    946.922
11341.00 0.87981099 1.7075E-27 0.0000E+00 0.0000E+00 5.8840E-08 5.8840E-08 0.0000E+00 0.0000E+00 5.8840E-08 5.95E-06 7.08E-06   0.128 1.0000 7.0920E-06    948.638
11351.00 0.88025999 1.6147E-27 0.0000E+00 0.0000E+00 5.5749E-08 5.5749E-08 0.0000E+00 0.0000E+00 5.5749E-08 5.62E-06 6.69E-06   0.128 1.0000 6.7048E-06    946.360
11361.00 0.88017654 1.5370E-27 0.0000E+00 0.0000E+00 5.9055E-08 5.9055E-08 0.0000E+00 0.0000E+00 5.9055E-08 5.95E-06 7.07E-06   0.128 1.0000 7.0885E-06    950.221
11371.00 0.88104171 1.4463E-27 0.0000E+00 0.0000E+00 5.8412E-08 5.8412E-08 0.0000E+00 0.0000E+00 5.8412E-08 5.87E-06 6.98E-06   0.127 1.0000 6.9944E-06    950.307
11381.00 0.88021082 1.3885E-27 0.0000E+00 0.0000E+00 5.9903E-08 5.9903E-08 0.0000E+00 0.0000E+00 5.9903E-08 6.01E-06 7.15E-06   0.128 1.0000 7.1623E-06    952.391
11391.00 0.88053578 1.3148E-27 0.0000E+00 0.0000E+00 5.9519E-08 5.9519E-08 0.0000E+00 0.0000E+00 5.9519E-08 5.96E-06 7.09E-06   0.127 1.0000 7.1013E-06    952.726
11401.00 0.88045710 1.2507E-27 0.0000E+00 0.0000E+00 5.9786E-08 5.9786E-08 0.0000E+00 0.0000E+00 5.9786E-08 5.97E-06 7.10E-06   0.127 1.0000 7.1195E-06    953.664
11411.00 0.88009650 1.1937E-27 0.0000E+00 0.0000E+00 5.9645E-08 5.9645E-08 0.0000E+00 0.0000E+00 5.9645E-08 5.95E-06 7.07E-06   0.128 1.0000 7.0904E-06    954.224
11421.00 0.88019031 1.1334E-27 0.0000E+00 0.0000E+00 5.7978E-08 5.7978E-08 0.0000E+00 0.0000E+00 5.7978E-08 5.77E-06 6.86E-06   0.128 1.0000 6.8786E-06    953.344
11431.00 0.87996894 1.0799E-27 0.0000E+00 0.0000E+00 5.9018E-08 5.9018E-08 0.0000E+00 0.0000E+00 5.9018E-08 5.86E-06 6.97E-06   0.128 1.0000 6.9893E-06    955.018
11441.00 0.87969732 1.0296E-27 0.0000E+00 0.0000E+00 5.9453E-08 5.9453E-08 0.0000E+00 0.0000E+00 5.9453E-08 5.89E-06 7.01E-06   0.128 1.0000 7.0284E-06    956.116
11451.00 0.87965369 9.7907E-28 0.0000E+00 0.0000E+00 6.0055E-08 6.0055E-08 0.0000E+00 0.0000E+00 6.0055E-08 5.94E-06 7.07E-06   0.128 1.0000 7.0859E-06    957.365
11461.00 0.87947732 9.3229E-28 0.0000E+00 0.0000E+00 6.0843E-08 6.0843E-08 0.0000E+00 0.0000E+00 6.0843E-08 6.00E-06 7.15E-06   0.128 1.0000 7.1660E-06    958.782
11471.00 0.87923396 8.8837E-28 0.0000E+00 0.0000E+00 5.9934E-08 5.9934E-08 0.0000E+00 0.0000E+00 5.9934E-08 5.90E-06 7.03E-06   0.129 1.0000 7.0465E-06    958.633
11481.00 0.87888497 8.4748E-28 0.0000E+00 0.0000E+00 6.0393E-08 6.0393E-08 0.0000E+00 0.0000E+00 6.0393E-08 5.93E-06 7.07E-06   0.129 1.0000 7.0883E-06    959.749
11491.00 0.87875193 8.0671E-28 0.0000E+00 0.0000E+00 6.0442E-08 6.0442E-08 0.0000E+00 0.0000E+00 6.0442E-08 5.93E-06 7.06E-06   0.129 1.0000 7.0811E-06    960.485
11501.00 0.87844491 7.6882E-28 0.0000E+00 0.0000E+00 5.9084E-08 5.9084E-08 0.0000E+00 0.0000E+00 5.9084E-08 5.78E-06 6.89E-06   0.130 1.0000 6.9103E-06    959.908
11511.00 0.87824368 7.3261E-28 0.0000E+00 0.0000E+00 5.8821E-08 5.8821E-08 0.0000E+00 0.0000E+00 5.8821E-08 5.74E-06 6.85E-06   0.130 1.0000 6.8667E-06    960.349
11521.00 0.87798637 6.9845E-28 0.0000E+00 0.0000E+00 5.9142E-08 5.9142E-08 0.0000E+00 0.0000E+00 5.9142E-08 5.76E-06 6.88E-06   0.130 1.0000 6.8922E-06    961.341
11531.00 0.87768519 6.6577E-28 0.0000E+00 0.0000E+00 5.7033E-08 5.7033E-08 0.0000E+00 0.0000E+00 5.7033E-08 5.54E-06 6.62E-06   0.130 1.0000 6.6351E-06    960.008
11541.00 0.87742889 6.3435E-28 0.0000E+00 0.0000E+00 4.5441E-08 4.5441E-08 0.0000E+00 0.0000E+00 4.5441E-08 4.41E-06 5.26E-06   0.131 1.0000 5.2774E-06    948.232
11551.00 0.87711155 6.0499E-28 0.0000E+00 0.0000E+00 5.7880E-08 5.7880E-08 0.0000E+00 0.0000E+00 5.7880E-08 5.60E-06 6.69E-06   0.131 1.0000 6.7102E-06    962.205
11561.00 0.87689126 5.7654E-28 0.0000E+00 0.0000E+00 6.0904E-08 6.0904E-08 0.0000E+00 0.0000E+00 6.0904E-08 5.88E-06 7.03E-06   0.131 1.0000 7.0485E-06    965.740
11571.00 0.87666923 5.4911E-28 0.0000E+00 0.0000E+00 6.2129E-08 6.2129E-08 0.0000E+00 0.0000E+00 6.2129E-08 5.99E-06 7.16E-06   0.132 1.0000 7.1778E-06    967.549
11581.00 0.87620157 5.2405E-28 0.0000E+00 0.0000E+00 6.1825E-08 6.1825E-08 0.0000E+00 0.0000E+00 6.1825E-08 5.94E-06 7.11E-06   0.132 1.0000 7.1315E-06    967.963
11591.00 0.87548238 5.0190E-28 0.0000E+00 0.0000E+00 6.1935E-08 6.1935E-08 0.0000E+00 0.0000E+00 6.1935E-08 5.94E-06 7.12E-06   0.133 1.0000 7.1338E-06    968.754
11601.00 0.87562293 4.7630E-28 0.0000E+00 0.0000E+00 6.1043E-08 6.1043E-08 0.0000E+00 0.0000E+00 6.1043E-08 5.84E-06 7.00E-06   0.133 1.0000 7.0173E-06    968.627
11611.00 0.87492728 4.5629E-28 0.0000E+00 0.0000E+00 6.1048E-08 6.1048E-08 0.0000E+00 0.0000E+00 6.1048E-08 5.83E-06 6.99E-06   0.134 1.0000 7.0074E-06    969.322
11621.00 0.87495160 4.3346E-28 0.0000E+00 0.0000E+00 6.1762E-08 6.1762E-08 0.0000E+00 0.0000E+00 6.1762E-08 5.88E-06 7.06E-06   0.134 1.0000 7.0763E-06    970.666
11631.00 0.87411809 4.1556E-28 0.0000E+00 0.0000E+00 6.1410E-08 6.1410E-08 0.0000E+00 0.0000E+00 6.1410E-08 5.84E-06 7.01E-06   0.135 1.0000 7.0263E-06    971.033
11641.00 0.87329751 3.9845E-28 0.0000E+00 0.0000E+00 6.1398E-08 6.1398E-08 0.0000E+00 0.0000E+00 6.1398E-08 5.82E-06 7.00E-06   0.135 1.0000 7.0154E-06    971.712
11651.00 0.87354493 3.7734E-28 0.0000E+00 0.0000E+00 6.1522E-08 6.1522E-08 0.0000E+00 0.0000E+00 6.1522E-08 5.82E-06 7.00E-06   0.135 1.0000 7.0154E-06    972.515
11661.00 0.87089449 3.6905E-28 0.0000E+00 0.0000E+00 6.2644E-08 6.2644E-08 0.0000E+00 0.0000E+00 6.2644E-08 5.90E-06 7.12E-06   0.138 1.0000 7.1406E-06    974.226
11671.00 0.87254411 3.4443E-28 0.0000E+00 0.0000E+00 6.2916E-08 6.2916E-08 0.0000E+00 0.0000E+00 6.2916E-08 5.92E-06 7.13E-06   0.136 1.0000 7.1519E-06    975.161
11681.00 0.87105197 3.3240E-28 0.0000E+00 0.0000E+00 6.1945E-08 6.1945E-08 0.0000E+00 0.0000E+00 6.1945E-08 5.81E-06 7.01E-06   0.138 1.0000 7.0342E-06    974.970
11691.00 0.87009948 3.1920E-28 0.0000E+00 0.0000E+00 6.0095E-08 6.0095E-08 0.0000E+00 0.0000E+00 6.0095E-08 5.62E-06 6.79E-06   0.139 1.0000 6.8153E-06    973.947
11701.00 0.86904162 3.0643E-28 0.0000E+00 0.0000E+00 4.5079E-08 4.5079E-08 0.0000E+00 0.0000E+00 4.5079E-08 4.21E-06 5.09E-06   0.140 1.0000 5.1054E-06    958.678
11711.00 0.86713165 2.9710E-28 0.0000E+00 0.0000E+00 5.3896E-08 5.3896E-08 0.0000E+00 0.0000E+00 5.3896E-08 5.01E-06 6.08E-06   0.143 1.0000 6.0975E-06    969.216
11721.00 0.86957234 2.7541E-28 0.0000E+00 0.0000E+00 6.1520E-08 6.1520E-08 0.0000E+00 0.0000E+00 6.1520E-08 5.72E-06 6.92E-06   0.140 1.0000 6.9393E-06    977.337
11731.00 0.86695379 2.6869E-28 0.0000E+00 0.0000E+00 6.2519E-08 6.2519E-08 0.0000E+00 0.0000E+00 6.2519E-08 5.79E-06 7.03E-06   0.143 1.0000 7.0489E-06    978.940
11741.00 0.86361706 2.6352E-28 0.0000E+00 0.0000E+00 6.0688E-08 6.0688E-08 0.0000E+00 0.0000E+00 6.0688E-08 5.59E-06 6.82E-06   0.147 1.0000 6.8430E-06    977.944
11751.00 0.86600095 2.4522E-28 0.0000E+00 0.0000E+00 6.3006E-08 6.3006E-08 0.0000E+00 0.0000E+00 6.3006E-08 5.81E-06 7.06E-06   0.144 1.0000 7.0799E-06    980.760
11761.00 0.86807406 2.2872E-28 0.0000E+00 0.0000E+00 5.5985E-08 5.5985E-08 0.0000E+00 0.0000E+00 5.5985E-08 5.16E-06 6.25E-06   0.141 1.0000 6.2711E-06    974.770
11771.00 0.86730087 2.1898E-28 0.0000E+00 0.0000E+00 6.0131E-08 6.0131E-08 0.0000E+00 0.0000E+00 6.0131E-08 5.53E-06 6.71E-06   0.142 1.0000 6.7248E-06    979.486
11781.00 0.86675400 2.0925E-28 0.0000E+00 0.0000E+00 6.3948E-08 6.3948E-08 0.0000E+00 0.0000E+00 6.3948E-08 5.86E-06 7.12E-06   0.143 1.0000 7.1404E-06    983.673
11791.00 0.86590177 2.0095E-28 0.0000E+00 0.0000E+00 6.4011E-08 6.4011E-08 0.0000E+00 0.0000E+00 6.4011E-08 5.85E-06 7.12E-06   0.144 1.0000 7.1364E-06    984.419
11801.00 0.86948395 1.8443E-28 0.0000E+00 0.0000E+00 6.2826E-08 6.2826E-08 0.0000E+00 0.0000E+00 6.2826E-08 5.75E-06 6.96E-06   0.140 1.0000 6.9763E-06    984.042
11811.00 0.86755216 1.7862E-28 0.0000E+00 0.0000E+00 6.3092E-08 6.3092E-08 0.0000E+00 0.0000E+00 6.3092E-08 5.75E-06 6.98E-06   0.142 1.0000 7.0000E-06    984.973
11821.00 0.86637557 1.7193E-28 0.0000E+00 0.0000E+00 6.4202E-08 6.4202E-08 0.0000E+00 0.0000E+00 6.4202E-08 5.84E-06 7.09E-06   0.143 1.0000 7.1140E-06    986.658
11831.00 0.86643893 1.6342E-28 0.0000E+00 0.0000E+00 6.4209E-08 6.4209E-08 0.0000E+00 0.0000E+00 6.4209E-08 5.83E-06 7.08E-06   0.143 1.0000 7.1007E-06    987.354
11841.00 0.86246431 1.6131E-28 0.0000E+00 0.0000E+00 6.3485E-08 6.3485E-08 0.0000E+00 0.0000E+00 6.3485E-08 5.73E-06 7.00E-06   0.148 1.0000 7.0230E-06    987.394
11851.00 0.85720330 1.6087E-28 0.0000E+00 0.0000E+00 6.2670E-08 6.2670E-08 0.0000E+00 0.0000E+00 6.2670E-08 5.62E-06 6.92E-06   0.154 1.0000 6.9407E-06    987.344
11861.00 0.86124980 1.4765E-28 0.0000E+00 0.0000E+00 6.4168E-08 6.4168E-08 0.0000E+00 0.0000E+00 6.4168E-08 5.76E-06 7.06E-06   0.149 1.0000 7.0767E-06    989.385
11871.00 0.86244762 1.3859E-28 0.0000E+00 0.0000E+00 6.3838E-08 6.3838E-08 0.0000E+00 0.0000E+00 6.3838E-08 5.73E-06 7.00E-06   0.148 1.0000 7.0212E-06    989.778
11881.00 0.85402292 1.4228E-28 0.0000E+00 0.0000E+00 6.4231E-08 6.4231E-08 0.0000E+00 0.0000E+00 6.4231E-08 5.71E-06 7.07E-06   0.158 1.0000 7.0855E-06    990.819
11891.00 0.84971237 1.4081E-28 0.0000E+00 0.0000E+00 6.4743E-08 6.4743E-08 0.0000E+00 0.0000E+00 6.4743E-08 5.71E-06 7.13E-06   0.163 1.0000 7.1453E-06    991.965
11901.00 0.85634834 1.2670E-28 0.0000E+00 0.0000E+00 6.4644E-08 6.4644E-08 0.0000E+00 0.0000E+00 6.4644E-08 5.73E-06 7.07E-06   0.155 1.0000 7.0928E-06    992.566
11911.00 0.85563171 1.2122E-28 0.0000E+00 0.0000E+00 6.4437E-08 6.4437E-08 0.0000E+00 0.0000E+00 6.4437E-08 5.70E-06 7.04E-06   0.156 1.0000 7.0600E-06    993.070
11921.00 0.84744585 1.2384E-28 0.0000E+00 0.0000E+00 6.2367E-08 6.2367E-08 0.0000E+00 0.0000E+00 6.2367E-08 5.46E-06 6.83E-06   0.166 1.0000 6.8519E-06    991.882
11931.00 0.84685308 1.1825E-28 0.0000E+00 0.0000E+00 6.4674E-08 6.4674E-08 0.0000E+00 0.0000E+00 6.4674E-08 5.65E-06 7.07E-06   0.166 1.0000 7.0928E-06    994.659
11941.00 0.84035772 1.1867E-28 0.0000E+00 0.0000E+00 6.4994E-08 6.4994E-08 0.0000E+00 0.0000E+00 6.4994E-08 5.63E-06 7.12E-06   0.174 1.0000 7.1401E-06    995.632
11951.00 0.84063250 1.1171E-28 0.0000E+00 0.0000E+00 6.4244E-08 6.4244E-08 0.0000E+00 0.0000E+00 6.4244E-08 5.56E-06 7.02E-06   0.174 1.0000 7.0443E-06    995.652
11961.00 0.82860476 1.1563E-28 0.0000E+00 0.0000E+00 6.4505E-08 6.4505E-08 0.0000E+00 0.0000E+00 6.4505E-08 5.51E-06 7.09E-06   0.188 1.0000 7.1078E-06    996.574
11971.00 0.83281642 1.0738E-28 0.0000E+00 0.0000E+00 6.4625E-08 6.4625E-08 0.0000E+00 0.0000E+00 6.4625E-08 5.53E-06 7.07E-06   0.183 1.0000 7.0906E-06    997.369
11981.00 0.83629721 9.8595E-29 0.0000E+00 0.0000E+00 6.3717E-08 6.3717E-08 0.0000E+00 0.0000E+00 6.3717E-08 5.46E-06 6.95E-06   0.179 1.0000 6.9668E-06    997.241
11991.00 0.80839574 1.1197E-28 0.0000E+00 0.0000E+00 6.2936E-08 6.2936E-08 0.0000E+00 0.0000E+00 6.2936E-08 5.25E-06 6.96E-06   0.213 1.0000 6.9804E-06    997.217
12001.00 0.80756879 1.0707E-28 0.0000E+00 0.0000E+00 6.2155E-08 6.2155E-08 0.0000E+00 0.0000E+00 6.2155E-08 5.16E-06 6.87E-06   0.214 1.0000 6.8879E-06    997.185
12011.00 0.79566073 9.9460E-29 0.0000E+00 0.0000E+00 6.2581E-08 6.2581E-08 0.0000E+00 0.0000E+00 6.2581E-08 5.18E-06 6.97E-06   0.229 1.0000 6.9934E-06    998.266
12021.00 0.77624685 1.0707E-28 0.0000E+00 0.0000E+00 6.2711E-08 6.2711E-08 0.0000E+00 0.0000E+00 6.2711E-08 5.08E-06 7.05E-06   0.253 1.0000 7.0695E-06    999.073
12031.00 0.81290358 8.6746E-29 0.0000E+00 0.0000E+00 6.3198E-08 6.3198E-08 0.0000E+00 0.0000E+00 6.3198E-08 5.26E-06 6.93E-06   0.207 1.0000 6.9475E-06   1000.206
12041.00 0.78579223 9.1439E-29 0.0000E+00 0.0000E+00 6.2910E-08 6.2910E-08 0.0000E+00 0.0000E+00 6.2910E-08 5.13E-06 7.01E-06   0.241 1.0000 7.0298E-06   1000.630
12051.00 0.78125703 8.9401E-29 0.0000E+00 0.0000E+00 6.3001E-08 6.3001E-08 0.0000E+00 0.0000E+00 6.3001E-08 5.10E-06 7.02E-06   0.247 1.0000 7.0419E-06   1001.400
12061.00 0.75914443 9.2049E-29 0.0000E+00 0.0000E+00 6.2765E-08 6.2765E-08 0.0000E+00 0.0000E+00 6.2765E-08 4.98E-06 7.09E-06   0.276 1.0000 7.1140E-06   1001.870
12071.00 0.76410842 8.3694E-29 0.0000E+00 0.0000E+00 6.3417E-08 6.3417E-08 0.0000E+00 0.0000E+00 6.3417E-08 5.05E-06 7.14E-06   0.269 1.0000 7.1599E-06   1003.156
12081.00 0.73457217 9.0468E-29 0.0000E+00 0.0000E+00 6.1993E-08 6.1993E-08 0.0000E+00 0.0000E+00 6.1993E-08 4.78E-06 7.10E-06   0.308 1.0000 7.1226E-06   1002.527
12091.00 0.81955075 6.0893E-29 0.0000E+00 0.0000E+00 6.5843E-08 6.5843E-08 0.0000E+00 0.0000E+00 6.5843E-08 5.46E-06 7.11E-06   0.199 1.0000 7.1353E-06   1006.712
12101.00 0.78870887 6.7080E-29 0.0000E+00 0.0000E+00 6.4604E-08 6.4604E-08 0.0000E+00 0.0000E+00 6.4604E-08 5.21E-06 7.11E-06   0.237 1.0000 7.1283E-06   1006.293
12111.00 0.78497702 6.4546E-29 0.0000E+00 0.0000E+00 6.4137E-08 6.4137E-08 0.0000E+00 0.0000E+00 6.4137E-08 5.15E-06 7.06E-06   0.242 1.0000 7.0848E-06   1006.559
12121.00 0.82533926 5.0524E-29 0.0000E+00 0.0000E+00 6.5380E-08 6.5380E-08 0.0000E+00 0.0000E+00 6.5380E-08 5.42E-06 7.00E-06   0.192 1.0000 7.0243E-06   1008.363
12131.00 0.79111761 5.8801E-29 0.0000E+00 0.0000E+00 6.4556E-08 6.4556E-08 0.0000E+00 0.0000E+00 6.4556E-08 5.17E-06 7.04E-06   0.234 1.0000 7.0679E-06   1008.311
12141.00 0.71310210 7.2339E-29 0.0000E+00 0.0000E+00 6.0568E-08 6.0568E-08 0.0000E+00 0.0000E+00 6.0568E-08 4.52E-06 6.95E-06   0.338 1.0000 6.9714E-06   1005.297
12151.00 0.58214694 9.0766E-29 0.0000E+00 0.0000E+00 5.5237E-08 5.5237E-08 0.0000E+00 0.0000E+00 5.5237E-08 3.59E-06 7.01E-06   0.541 1.0000 7.0361E-06   1000.677
12161.00 0.77023709 5.4097E-29 0.0000E+00 0.0000E+00 6.2470E-08 6.2470E-08 0.0000E+00 0.0000E+00 6.2470E-08 4.89E-06 6.88E-06   0.261 1.0000 6.9045E-06   1008.460
12171.00 0.80401617 4.4509E-29 0.0000E+00 0.0000E+00 6.4281E-08 6.4281E-08 0.0000E+00 0.0000E+00 6.4281E-08 5.17E-06 6.91E-06   0.218 1.0000 6.9343E-06   1010.811
12181.00 0.83055264 3.6855E-29 0.0000E+00 0.0000E+00 6.5750E-08 6.5750E-08 0.0000E+00 0.0000E+00 6.5750E-08 5.41E-06 6.94E-06   0.186 1.0000 6.9604E-06   1012.818
12191.00 0.74570268 5.0122E-29 0.0000E+00 0.0000E+00 6.1711E-08 6.1711E-08 0.0000E+00 0.0000E+00 6.1711E-08 4.71E-06 6.88E-06   0.293 1.0000 6.9001E-06   1009.806
12201.00 0.74143595 4.6633E-29 0.0000E+00 0.0000E+00 6.0804E-08 6.0804E-08 0.0000E+00 0.0000E+00 6.0804E-08 4.63E-06 6.80E-06   0.299 1.0000 6.8274E-06   1009.631
12211.00 0.73953515 4.5392E-29 0.0000E+00 0.0000E+00 6.2096E-08 6.2096E-08 0.0000E+00 0.0000E+00 6.2096E-08 4.71E-06 6.93E-06   0.302 1.0000 6.9594E-06   1011.539
12221.00 0.69206017 5.0783E-29 0.0000E+00 0.0000E+00 6.0077E-08 6.0077E-08 0.0000E+00 0.0000E+00 6.0077E-08 4.33E-06 6.92E-06   0.368 1.0000 6.9415E-06   1010.301
12231.00 0.73361182 4.2501E-29 0.0000E+00 0.0000E+00 6.3627E-08 6.3627E-08 0.0000E+00 0.0000E+00 6.3627E-08 4.77E-06 7.09E-06   0.310 1.0000 7.1216E-06   1014.331
12241.00 0.69334686 4.5717E-29 0.0000E+00 0.0000E+00 6.1737E-08 6.1737E-08 0.0000E+00 0.0000E+00 6.1737E-08 4.45E-06 7.07E-06   0.366 1.0000 7.0928E-06   1013.256
12251.00 0.69974589 4.2205E-29 0.0000E+00 0.0000E+00 6.1992E-08 6.1992E-08 0.0000E+00 0.0000E+00 6.1992E-08 4.50E-06 7.05E-06   0.357 1.0000 7.0794E-06   1014.182
12261.00 0.71891725 3.9907E-29 0.0000E+00 0.0000E+00 6.3243E-08 6.3243E-08 0.0000E+00 0.0000E+00 6.3243E-08 4.62E-06 7.06E-06   0.330 1.0000 7.0894E-06   1016.035
12271.00 0.72225404 3.9194E-29 0.0000E+00 0.0000E+00 6.3735E-08 6.3735E-08 0.0000E+00 0.0000E+00 6.3735E-08 4.64E-06 7.07E-06   0.325 1.0000 7.0956E-06   1017.174
12281.00 0.75797200 3.2462E-29 0.0000E+00 0.0000E+00 6.5569E-08 6.5569E-08 0.0000E+00 0.0000E+00 6.5569E-08 4.94E-06 7.09E-06   0.277 1.0000 7.1191E-06   1019.525
12291.00 0.74514198 3.2845E-29 0.0000E+00 0.0000E+00 6.5322E-08 6.5322E-08 0.0000E+00 0.0000E+00 6.5322E-08 4.84E-06 7.11E-06   0.294 1.0000 7.1358E-06   1019.989
12301.00 0.80723763 2.3888E-29 0.0000E+00 0.0000E+00 6.7734E-08 6.7734E-08 0.0000E+00 0.0000E+00 6.7734E-08 5.31E-06 7.08E-06   0.214 1.0000 7.1019E-06   1022.814
12311.00 0.81324458 2.2108E-29 0.0000E+00 0.0000E+00 6.8111E-08 6.8111E-08 0.0000E+00 0.0000E+00 6.8111E-08 5.35E-06 7.08E-06   0.207 1.0000 7.1036E-06   1023.831
12321.00 0.81737512 2.0309E-29 0.0000E+00 0.0000E+00 6.8208E-08 6.8208E-08 0.0000E+00 0.0000E+00 6.8208E-08 5.38E-06 7.06E-06   0.202 1.0000 7.0841E-06   1024.602
12331.00 0.82982439 1.7823E-29 0.0000E+00 0.0000E+00 6.9018E-08 6.9018E-08 0.0000E+00 0.0000E+00 6.9018E-08 5.50E-06 7.08E-06   0.187 1.0000 7.1024E-06   1025.990
12341.00 0.83831304 1.5822E-29 0.0000E+00 0.0000E+00 6.8582E-08 6.8582E-08 0.0000E+00 0.0000E+00 6.8582E-08 5.50E-06 6.99E-06   0.176 1.0000 7.0116E-06   1026.301
12351.00 0.83504564 1.5336E-29 0.0000E+00 0.0000E+00 6.7708E-08 6.7708E-08 0.0000E+00 0.0000E+00 6.7708E-08 5.40E-06 6.90E-06   0.180 1.0000 6.9247E-06   1026.228
12361.00 0.84211934 1.3795E-29 0.0000E+00 0.0000E+00 6.8662E-08 6.8662E-08 0.0000E+00 0.0000E+00 6.8662E-08 5.51E-06 6.95E-06   0.172 1.0000 6.9793E-06   1027.745
12371.00 0.84350592 1.2989E-29 0.0000E+00 0.0000E+00 6.9301E-08 6.9301E-08 0.0000E+00 0.0000E+00 6.9301E-08 5.56E-06 7.00E-06   0.170 1.0000 7.0253E-06   1028.983
12381.00 0.84758526 1.1909E-29 0.0000E+00 0.0000E+00 6.9703E-08 6.9703E-08 0.0000E+00 0.0000E+00 6.9703E-08 5.60E-06 7.01E-06   0.165 1.0000 7.0369E-06   1030.015
12391.00 0.84628898 1.1444E-29 0.0000E+00 0.0000E+00 7.0252E-08 7.0252E-08 0.0000E+00 0.0000E+00 7.0252E-08 5.63E-06 7.06E-06   0.167 1.0000 7.0840E-06   1031.170
12401.00 0.84628898 1.0913E-29 0.0000E+00 0.0000E+00 7.1003E-08 7.1003E-08 0.0000E+00 0.0000E+00 7.1003E-08 5.68E-06 7.12E-06   0.167 1.0000 7.1455E-06   1032.493
12411.00 0.84797186 1.0219E-29 0.0000E+00 0.0000E+00 7.0676E-08 7.0676E-08 0.0000E+00 0.0000E+00 7.0676E-08 5.65E-06 7.07E-06   0.165 1.0000 7.0929E-06   1032.905
12421.00 0.84458667 9.9519E-30 0.0000E+00 0.0000E+00 6.8587E-08 6.8587E-08 0.0000E+00 0.0000E+00 6.8587E-08 5.46E-06 6.86E-06   0.169 1.0000 6.8849E-06   1031.803
12431.00 0.83246481 1.0438E-29 0.0000E+00 0.0000E+00 6.9849E-08 6.9849E-08 0.0000E+00 0.0000E+00 6.9849E-08 5.48E-06 7.02E-06   0.183 1.0000 7.0471E-06   1033.577
12441.00 0.83323103 9.8386E-30 0.0000E+00 0.0000E+00 7.0342E-08 7.0342E-08 0.0000E+00 0.0000E+00 7.0342E-08 5.51E-06 7.06E-06   0.182 1.0000 7.0810E-06   1034.685
12451.00 0.83199805 9.4592E-30 0.0000E+00 0.0000E+00 6.9564E-08 6.9564E-08 0.0000E+00 0.0000E+00 6.9564E-08 5.43E-06 6.97E-06   0.184 1.0000 6.9937E-06   1034.707
12461.00 0.82773793 9.2850E-30 0.0000E+00 0.0000E+00 7.0319E-08 7.0319E-08 0.0000E+00 0.0000E+00 7.0319E-08 5.46E-06 7.05E-06   0.189 1.0000 7.0759E-06   1036.040
12471.00 0.83452857 8.3735E-30 0.0000E+00 0.0000E+00 7.1092E-08 7.1092E-08 0.0000E+00 0.0000E+00 7.1092E-08 5.55E-06 7.09E-06   0.181 1.0000 7.1120E-06   1037.383
12481.00 0.82658225 8.3884E-30 0.0000E+00 0.0000E+00 7.0790E-08 7.0790E-08 0.0000E+00 0.0000E+00 7.0790E-08 5.47E-06 7.08E-06   0.190 1.0000 7.1032E-06   1037.815
12491.00 0.83020645 7.7772E-30 0.0000E+00 0.0000E+00 7.0458E-08 7.0458E-08 0.0000E+00 0.0000E+00 7.0458E-08 5.46E-06 7.02E-06   0.186 1.0000 7.0410E-06   1038.220
12501.00 0.83218074 7.3180E-30 0.0000E+00 0.0000E+00 6.9849E-08 6.9849E-08 0.0000E+00 0.0000E+00 6.9849E-08 5.41E-06 6.93E-06   0.184 1.0000 6.9583E-06   1038.387
12511.00 0.84220171 6.4433E-30 0.0000E+00 0.0000E+00 7.1973E-08 7.1973E-08 0.0000E+00 0.0000E+00 7.1973E-08 5.62E-06 7.09E-06   0.172 1.0000 7.1163E-06   1040.873
12521.00 0.83560205 6.4321E-30 0.0000E+00 0.0000E+00 7.1769E-08 7.1769E-08 0.0000E+00 0.0000E+00 7.1769E-08 5.55E-06 7.09E-06   0.180 1.0000 7.1113E-06   1041.390
12531.00 0.84365124 5.7603E-30 0.0000E+00 0.0000E+00 7.2109E-08 7.2109E-08 0.0000E+00 0.0000E+00 7.2109E-08 5.61E-06 7.07E-06   0.170 1.0000 7.0974E-06   1042.362
12541.00 0.83564961 5.8053E-30 0.0000E+00 0.0000E+00 7.1800E-08 7.1800E-08 0.0000E+00 0.0000E+00 7.1800E-08 5.54E-06 7.06E-06   0.180 1.0000 7.0882E-06   1042.790
12551.00 0.82340413 6.0016E-30 0.0000E+00 0.0000E+00 7.1529E-08 7.1529E-08 0.0000E+00 0.0000E+00 7.1529E-08 5.44E-06 7.07E-06   0.194 1.0000 7.0994E-06   1043.250
12561.00 0.81639063 5.9781E-30 0.0000E+00 0.0000E+00 7.0768E-08 7.0768E-08 0.0000E+00 0.0000E+00 7.0768E-08 5.34E-06 7.02E-06   0.203 1.0000 7.0428E-06   1043.292
12571.00 0.84121639 4.7728E-30 0.0000E+00 0.0000E+00 7.2113E-08 7.2113E-08 0.0000E+00 0.0000E+00 7.2113E-08 5.56E-06 7.03E-06   0.173 1.0000 7.0580E-06   1045.115
12581.00 0.84436917 4.4212E-30 0.0000E+00 0.0000E+00 6.9841E-08 6.9841E-08 0.0000E+00 0.0000E+00 6.9841E-08 5.39E-06 6.79E-06   0.169 1.0000 6.8119E-06   1043.871
12591.00 0.84786141 4.0797E-30 0.0000E+00 0.0000E+00 7.0348E-08 7.0348E-08 0.0000E+00 0.0000E+00 7.0348E-08 5.44E-06 6.81E-06   0.165 1.0000 6.8345E-06   1044.993
12601.00 0.84326309 4.0141E-30 0.0000E+00 0.0000E+00 7.0256E-08 7.0256E-08 0.0000E+00 0.0000E+00 7.0256E-08 5.40E-06 6.81E-06   0.170 1.0000 6.8321E-06   1045.600
12611.00 0.82847041 4.2588E-30 0.0000E+00 0.0000E+00 7.1608E-08 7.1608E-08 0.0000E+00 0.0000E+00 7.1608E-08 5.42E-06 6.99E-06   0.188 1.0000 7.0130E-06   1047.438
12621.00 0.82807624 4.0456E-30 0.0000E+00 0.0000E+00 7.1700E-08 7.1700E-08 0.0000E+00 0.0000E+00 7.1700E-08 5.41E-06 6.99E-06   0.189 1.0000 7.0117E-06   1048.202
12631.00 0.83327585 3.7321E-30 0.0000E+00 0.0000E+00 7.1012E-08 7.1012E-08 0.0000E+00 0.0000E+00 7.1012E-08 5.38E-06 6.88E-06   0.182 1.0000 6.9099E-06   1048.305
12641.00 0.82567406 3.7321E-30 0.0000E+00 0.0000E+00 7.2189E-08 7.2189E-08 0.0000E+00 0.0000E+00 7.2189E-08 5.42E-06 7.02E-06   0.192 1.0000 7.0438E-06   1049.988
12651.00 0.82636976 3.5360E-30 0.0000E+00 0.0000E+00 7.2896E-08 7.2896E-08 0.0000E+00 0.0000E+00 7.2896E-08 5.46E-06 7.07E-06   0.191 1.0000 7.0958E-06   1051.265
12661.00 0.81778038 3.5648E-30 0.0000E+00 0.0000E+00 7.2535E-08 7.2535E-08 0.0000E+00 0.0000E+00 7.2535E-08 5.38E-06 7.06E-06   0.201 1.0000 7.0839E-06   1051.651
12671.00 0.82630080 3.2247E-30 0.0000E+00 0.0000E+00 7.3421E-08 7.3421E-08 0.0000E+00 0.0000E+00 7.3421E-08 5.48E-06 7.09E-06   0.191 1.0000 7.1204E-06   1053.076
12681.00 0.83761305 2.8128E-30 0.0000E+00 0.0000E+00 7.3656E-08 7.3656E-08 0.0000E+00 0.0000E+00 7.3656E-08 5.55E-06 7.06E-06   0.177 1.0000 7.0842E-06   1053.957
12691.00 0.83538544 2.7201E-30 0.0000E+00 0.0000E+00 7.3330E-08 7.3330E-08 0.0000E+00 0.0000E+00 7.3330E-08 5.50E-06 7.02E-06   0.180 1.0000 7.0488E-06   1054.375
12701.00 0.83953780 2.5039E-30 0.0000E+00 0.0000E+00 7.4135E-08 7.4135E-08 0.0000E+00 0.0000E+00 7.4135E-08 5.57E-06 7.07E-06   0.175 1.0000 7.0968E-06   1055.726
12711.00 0.83905363 2.3931E-30 0.0000E+00 0.0000E+00 7.4701E-08 7.4701E-08 0.0000E+00 0.0000E+00 7.4701E-08 5.60E-06 7.11E-06   0.175 1.0000 7.1406E-06   1056.878
12721.00 0.84583575 2.1392E-30 0.0000E+00 0.0000E+00 7.3624E-08 7.3624E-08 0.0000E+00 0.0000E+00 7.3624E-08 5.55E-06 6.97E-06   0.167 1.0000 6.9992E-06   1056.678
12731.00 0.84586704 2.0307E-30 0.0000E+00 0.0000E+00 7.3615E-08 7.3615E-08 0.0000E+00 0.0000E+00 7.3615E-08 5.54E-06 6.96E-06   0.167 1.0000 6.9861E-06   1057.358
12741.00 0.84568834 1.9316E-30 0.0000E+00 0.0000E+00 7.4963E-08 7.4963E-08 0.0000E+00 0.0000E+00 7.4963E-08 5.63E-06 7.07E-06   0.168 1.0000 7.1028E-06   1059.154
12751.00 0.84610236 1.8268E-30 0.0000E+00 0.0000E+00 7.4928E-08 7.4928E-08 0.0000E+00 0.0000E+00 7.4928E-08 5.62E-06 7.05E-06   0.167 1.0000 7.0859E-06   1059.812
12761.00 0.84658724 1.7262E-30 0.0000E+00 0.0000E+00 7.3164E-08 7.3164E-08 0.0000E+00 0.0000E+00 7.3164E-08 5.48E-06 6.88E-06   0.167 1.0000 6.9058E-06   1059.042
12771.00 0.84649032 1.6409E-30 0.0000E+00 0.0000E+00 7.4669E-08 7.4669E-08 0.0000E+00 0.0000E+00 7.4669E-08 5.58E-06 7.00E-06   0.167 1.0000 7.0362E-06   1060.975
12781.00 0.84622800 1.5613E-30 0.0000E+00 0.0000E+00 7.5625E-08 7.5625E-08 0.0000E+00 0.0000E+00 7.5625E-08 5.64E-06 7.08E-06   0.167 1.0000 7.1156E-06   1062.442
12791.00 0.84601557 1.4866E-30 0.0000E+00 0.0000E+00 7.5783E-08 7.5783E-08 0.0000E+00 0.0000E+00 7.5783E-08 5.64E-06 7.09E-06   0.167 1.0000 7.1190E-06   1063.257
12801.00 0.84587663 1.4137E-30 0.0000E+00 0.0000E+00 7.4656E-08 7.4656E-08 0.0000E+00 0.0000E+00 7.4656E-08 5.55E-06 6.97E-06   0.167 1.0000 7.0016E-06   1063.024
12811.00 0.84545946 1.3480E-30 0.0000E+00 0.0000E+00 7.5659E-08 7.5659E-08 0.0000E+00 0.0000E+00 7.5659E-08 5.61E-06 7.05E-06   0.168 1.0000 7.0852E-06   1064.530
12821.00 0.84535408 1.2818E-30 0.0000E+00 0.0000E+00 7.4882E-08 7.4882E-08 0.0000E+00 0.0000E+00 7.4882E-08 5.54E-06 6.97E-06   0.168 1.0000 7.0007E-06   1064.583
12831.00 0.84490186 1.2226E-30 0.0000E+00 0.0000E+00 7.5914E-08 7.5914E-08 0.0000E+00 0.0000E+00 7.5914E-08 5.61E-06 7.05E-06   0.169 1.0000 7.0866E-06   1066.111
12841.00 0.84482449 1.1629E-30 0.0000E+00 0.0000E+00 7.6279E-08 7.6279E-08 0.0000E+00 0.0000E+00 7.6279E-08 5.62E-06 7.07E-06   0.169 1.0000 7.1081E-06   1067.094
12851.00 0.84453058 1.1081E-30 0.0000E+00 0.0000E+00 7.6331E-08 7.6331E-08 0.0000E+00 0.0000E+00 7.6331E-08 5.62E-06 7.07E-06   0.169 1.0000 7.1013E-06   1067.823
12861.00 0.84431332 1.0552E-30 0.0000E+00 0.0000E+00 7.4915E-08 7.4915E-08 0.0000E+00 0.0000E+00 7.4915E-08 5.50E-06 6.92E-06   0.169 1.0000 6.9577E-06   1067.355
12871.00 0.84412718 1.0045E-30 0.0000E+00 0.0000E+00 7.6729E-08 7.6729E-08 0.0000E+00 0.0000E+00 7.6729E-08 5.62E-06 7.08E-06   0.169 1.0000 7.1139E-06   1069.517
12881.00 0.84383434 9.5721E-31 0.0000E+00 0.0000E+00 7.6699E-08 7.6699E-08 0.0000E+00 0.0000E+00 7.6699E-08 5.61E-06 7.07E-06   0.170 1.0000 7.0994E-06   1070.180
12891.00 0.84341931 9.1304E-31 0.0000E+00 0.0000E+00 7.6767E-08 7.6767E-08 0.0000E+00 0.0000E+00 7.6767E-08 5.60E-06 7.06E-06   0.170 1.0000 7.0944E-06   1070.922
12901.00 0.84311444 8.6989E-31 0.0000E+00 0.0000E+00 7.3200E-08 7.3200E-08 0.0000E+00 0.0000E+00 7.3200E-08 5.33E-06 6.72E-06   0.171 1.0000 6.7536E-06   1068.673
12911.00 0.84252048 8.3049E-31 0.0000E+00 0.0000E+00 7.4995E-08 7.4995E-08 0.0000E+00 0.0000E+00 7.4995E-08 5.45E-06 6.88E-06   0.171 1.0000 6.9089E-06   1070.852
12921.00 0.84208721 7.9176E-31 0.0000E+00 0.0000E+00 7.7243E-08 7.7243E-08 0.0000E+00 0.0000E+00 7.7243E-08 5.60E-06 7.07E-06   0.172 1.0000 7.1049E-06   1073.365
12931.00 0.84133303 7.5619E-31 0.0000E+00 0.0000E+00 7.6907E-08 7.6907E-08 0.0000E+00 0.0000E+00 7.6907E-08 5.56E-06 7.03E-06   0.173 1.0000 7.0646E-06   1073.782
12941.00 0.84019953 7.2364E-31 0.0000E+00 0.0000E+00 7.5135E-08 7.5135E-08 0.0000E+00 0.0000E+00 7.5135E-08 5.42E-06 6.86E-06   0.174 1.0000 6.8949E-06   1073.025
12951.00 0.83958691 6.9046E-31 0.0000E+00 0.0000E+00 7.6254E-08 7.6254E-08 0.0000E+00 0.0000E+00 7.6254E-08 5.49E-06 6.96E-06   0.175 1.0000 6.9877E-06   1074.626
12961.00 0.83881730 6.5910E-31 0.0000E+00 0.0000E+00 7.5334E-08 7.5334E-08 0.0000E+00 0.0000E+00 7.5334E-08 5.41E-06 6.86E-06   0.176 1.0000 6.8945E-06   1074.560
12971.00 0.83739001 6.3051E-31 0.0000E+00 0.0000E+00 7.6841E-08 7.6841E-08 0.0000E+00 0.0000E+00 7.6841E-08 5.50E-06 6.99E-06   0.177 1.0000 7.0270E-06   1076.474
12981.00 0.83168399 6.1331E-31 0.0000E+00 0.0000E+00 7.6279E-08 7.6279E-08 0.0000E+00 0.0000E+00 7.6279E-08 5.43E-06 6.96E-06   0.184 1.0000 6.9958E-06   1076.705
12991.00 0.82453650 5.9503E-31 0.0000E+00 0.0000E+00 7.5659E-08 7.5659E-08 0.0000E+00 0.0000E+00 7.5659E-08 5.35E-06 6.93E-06   0.193 1.0000 6.9674E-06   1076.884
13001.00 0.81264907 5.8149E-31 0.0000E+00 0.0000E+00 7.5362E-08 7.5362E-08 0.0000E+00 0.0000E+00 7.5362E-08 5.29E-06 6.96E-06   0.207 1.0000 6.9977E-06   1077.326
13011.00 0.80318946 5.6117E-31 0.0000E+00 0.0000E+00 7.5523E-08 7.5523E-08 0.0000E+00 0.0000E+00 7.5523E-08 5.27E-06 7.01E-06   0.219 1.0000 7.0635E-06   1078.143
13021.00 0.77849716 5.5754E-31 0.0000E+00 0.0000E+00 7.3759E-08 7.3759E-08 0.0000E+00 0.0000E+00 7.3759E-08 5.07E-06 6.98E-06   0.250 1.0000 7.0503E-06   1077.363
13031.00 0.75233674 5.5700E-31 0.0000E+00 0.0000E+00 7.2352E-08 7.2352E-08 0.0000E+00 0.0000E+00 7.2352E-08 4.89E-06 6.99E-06   0.285 1.0000 7.0771E-06   1076.855
13041.00 0.70916420 5.5719E-31 0.0000E+00 0.0000E+00 6.5872E-08 6.5872E-08 0.0000E+00 0.0000E+00 6.5872E-08 4.35E-06 6.60E-06   0.344 1.0000 6.7057E-06   1071.763
13051.00 0.66098779 5.7367E-31 0.0000E+00 0.0000E+00 6.1656E-08 6.1656E-08 0.0000E+00 0.0000E+00 6.1656E-08 3.92E-06 6.51E-06   0.414 1.0000 6.6213E-06   1068.409
13061.00 0.58731776 5.7160E-31 0.0000E+00 0.0000E+00 5.8561E-08 5.8561E-08 0.0000E+00 0.0000E+00 5.8561E-08 3.53E-06 6.73E-06   0.532 1.0000 6.8845E-06   1065.964
13071.00 0.50608879 5.5072E-31 0.0000E+00 0.0000E+00 5.3869E-08 5.3869E-08 0.0000E+00 0.0000E+00 5.3869E-08 3.05E-06 6.89E-06   0.681 1.0000 7.1115E-06   1061.613
13081.00 0.43498066 5.2152E-31 0.0000E+00 0.0000E+00 4.8104E-08 4.8104E-08 0.0000E+00 0.0000E+00 4.8104E-08 2.55E-06 6.86E-06   0.832 1.0000 7.1104E-06   1055.543
13091.00 0.35251448 4.8409E-31 0.0000E+00 0.0000E+00 4.1145E-08 4.1145E-08 0.0000E+00 0.0000E+00 4.1145E-08 1.97E-06 6.80E-06   1.043 1.0000 7.1062E-06   1047.040
13101.00 0.30834761 4.4530E-31 0.0000E+00 0.0000E+00 3.7131E-08 3.7131E-08 0.0000E+00 0.0000E+00 3.7131E-08 1.65E-06 6.75E-06   1.177 1.0000 7.1028E-06   1041.763
13111.00 0.33500609 4.3420E-31 0.0000E+00 0.0000E+00 3.8844E-08 3.8844E-08 0.0000E+00 0.0000E+00 3.8844E-08 1.79E-06 6.69E-06   1.094 1.0000 7.0290E-06   1045.030
13121.00 0.55544466 3.9545E-31 0.0000E+00 0.0000E+00 5.4366E-08 5.4366E-08 0.0000E+00 0.0000E+00 5.4366E-08 3.19E-06 6.60E-06   0.588 1.0000 6.7816E-06   1065.538
13131.00 0.30184829 3.8509E-31 0.0000E+00 0.0000E+00 3.5955E-08 3.5955E-08 0.0000E+00 0.0000E+00 3.5955E-08 1.56E-06 6.65E-06   1.198 1.0000 6.9749E-06   1041.899
13141.00 0.12210494 3.0410E-31 0.0000E+00 0.0000E+00 2.1398E-08 2.1398E-08 0.0000E+00 0.0000E+00 2.1398E-08 4.81E-07 6.54E-06   2.103 1.0000 7.0062E-06   1013.558
13151.00 0.12292208 2.9306E-31 0.0000E+00 0.0000E+00 2.1928E-08 2.1928E-08 0.0000E+00 0.0000E+00 2.1928E-08 5.16E-07 6.42E-06   2.096 1.0000 6.9759E-06   1015.537
13161.00 0.31634033 3.6969E-31 0.0000E+00 0.0000E+00 4.0183E-08 4.0183E-08 0.0000E+00 0.0000E+00 4.0183E-08 1.78E-06 6.65E-06   1.151 1.0000 7.0394E-06   1050.324
13171.00 0.77192760 2.6227E-31 0.0000E+00 0.0000E+00 7.5001E-08 7.5001E-08 0.0000E+00 0.0000E+00 7.5001E-08 5.01E-06 6.95E-06   0.259 1.0000 7.0248E-06   1088.668
13181.00 0.83459949 2.2385E-31 0.0000E+00 0.0000E+00 7.7700E-08 7.7700E-08 0.0000E+00 0.0000E+00 7.7700E-08 5.34E-06 6.82E-06   0.181 1.0000 6.8540E-06   1091.568
13191.00 0.83594489 2.1165E-31 0.0000E+00 0.0000E+00 7.9779E-08 7.9779E-08 0.0000E+00 0.0000E+00 7.9779E-08 5.47E-06 6.98E-06   0.179 1.0000 7.0170E-06   1093.916
13201.00 0.83578366 2.0141E-31 0.0000E+00 0.0000E+00 7.9471E-08 7.9471E-08 0.0000E+00 0.0000E+00 7.9471E-08 5.44E-06 6.95E-06   0.179 1.0000 6.9786E-06   1094.358
13211.00 0.83555776 1.9169E-31 0.0000E+00 0.0000E+00 7.9584E-08 7.9584E-08 0.0000E+00 0.0000E+00 7.9584E-08 5.44E-06 6.94E-06   0.180 1.0000 6.9776E-06   1095.134
13221.00 0.83521801 1.8260E-31 0.0000E+00 0.0000E+00 7.9452E-08 7.9452E-08 0.0000E+00 0.0000E+00 7.9452E-08 5.42E-06 6.92E-06   0.180 1.0000 6.9558E-06   1095.715
13231.00 0.83485466 1.7397E-31 0.0000E+00 0.0000E+00 7.9141E-08 7.9141E-08 0.0000E+00 0.0000E+00 7.9141E-08 5.39E-06 6.88E-06   0.180 1.0000 6.9184E-06   1096.152
13241.00 0.83453256 1.6568E-31 0.0000E+00 0.0000E+00 8.0579E-08 8.0579E-08 0.0000E+00 0.0000E+00 8.0579E-08 5.47E-06 7.00E-06   0.181 1.0000 7.0339E-06   1097.976
13251.00 0.83423501 1.5774E-31 0.0000E+00 0.0000E+00 8.0931E-08 8.0931E-08 0.0000E+00 0.0000E+00 8.0931E-08 5.49E-06 7.02E-06   0.181 1.0000 7.0541E-06   1098.937
13261.00 0.83378935 1.5038E-31 0.0000E+00 0.0000E+00 8.1291E-08 8.1291E-08 0.0000E+00 0.0000E+00 8.1291E-08 5.50E-06 7.04E-06   0.182 1.0000 7.0756E-06   1099.905
13271.00 0.83352900 1.4311E-31 0.0000E+00 0.0000E+00 8.0570E-08 8.0570E-08 0.0000E+00 0.0000E+00 8.0570E-08 5.44E-06 6.97E-06   0.182 1.0000 7.0026E-06   1100.026
13281.00 0.83316511 1.3631E-31 0.0000E+00 0.0000E+00 7.9976E-08 7.9976E-08 0.0000E+00 0.0000E+00 7.9976E-08 5.39E-06 6.90E-06   0.183 1.0000 6.9412E-06   1100.243
13291.00 0.83278817 1.2984E-31 0.0000E+00 0.0000E+00 7.9805E-08 7.9805E-08 0.0000E+00 0.0000E+00 7.9805E-08 5.36E-06 6.88E-06   0.183 1.0000 6.9165E-06   1100.792
13301.00 0.83233732 1.2374E-31 0.0000E+00 0.0000E+00 8.0986E-08 8.0986E-08 0.0000E+00 0.0000E+00 8.0986E-08 5.43E-06 6.97E-06   0.184 1.0000 7.0096E-06   1102.409
13311.00 0.83205533 1.1780E-31 0.0000E+00 0.0000E+00 7.8633E-08 7.8633E-08 0.0000E+00 0.0000E+00 7.8633E-08 5.26E-06 6.76E-06   0.184 1.0000 6.7959E-06   1101.225
13321.00 0.83145499 1.1242E-31 0.0000E+00 0.0000E+00 8.1155E-08 8.1155E-08 0.0000E+00 0.0000E+00 8.1155E-08 5.42E-06 6.97E-06   0.185 1.0000 7.0050E-06   1103.913
13331.00 0.83119255 1.0700E-31 0.0000E+00 0.0000E+00 8.0526E-08 8.0526E-08 0.0000E+00 0.0000E+00 8.0526E-08 5.37E-06 6.90E-06   0.185 1.0000 6.9407E-06   1104.104
13341.00 0.83089125 1.0187E-31 0.0000E+00 0.0000E+00 7.8806E-08 7.8806E-08 0.0000E+00 0.0000E+00 7.8806E-08 5.24E-06 6.74E-06   0.185 1.0000 6.7825E-06   1103.418
13351.00 0.83063269 9.6948E-32 0.0000E+00 0.0000E+00 8.1342E-08 8.1342E-08 0.0000E+00 0.0000E+00 8.1342E-08 5.40E-06 6.95E-06   0.186 1.0000 6.9903E-06   1106.116
13361.00 0.83030373 9.2346E-32 0.0000E+00 0.0000E+00 8.0982E-08 8.0982E-08 0.0000E+00 0.0000E+00 8.0982E-08 5.37E-06 6.91E-06   0.186 1.0000 6.9490E-06   1106.519
13371.00 0.82978487 8.8122E-32 0.0000E+00 0.0000E+00 8.1022E-08 8.1022E-08 0.0000E+00 0.0000E+00 8.1022E-08 5.36E-06 6.90E-06   0.187 1.0000 6.9428E-06   1107.235
13381.00 0.82940865 8.3974E-32 0.0000E+00 0.0000E+00 8.1613E-08 8.1613E-08 0.0000E+00 0.0000E+00 8.1613E-08 5.38E-06 6.94E-06   0.187 1.0000 6.9829E-06   1108.384
13391.00 0.82908714 8.0001E-32 0.0000E+00 0.0000E+00 8.1769E-08 8.1769E-08 0.0000E+00 0.0000E+00 8.1769E-08 5.38E-06 6.94E-06   0.187 1.0000 6.9856E-06   1109.191
13401.00 0.82871461 7.6270E-32 0.0000E+00 0.0000E+00 8.1258E-08 8.1258E-08 0.0000E+00 0.0000E+00 8.1258E-08 5.34E-06 6.89E-06   0.188 1.0000 6.9311E-06   1109.475
13411.00 0.82795894 7.2953E-32 0.0000E+00 0.0000E+00 8.2143E-08 8.2143E-08 0.0000E+00 0.0000E+00 8.2143E-08 5.38E-06 6.96E-06   0.189 1.0000 6.9973E-06   1110.853
13421.00 0.82809502 6.9239E-32 0.0000E+00 0.0000E+00 8.0515E-08 8.0515E-08 0.0000E+00 0.0000E+00 8.0515E-08 5.27E-06 6.81E-06   0.189 1.0000 6.8463E-06   1110.259
13431.00 0.82709354 6.6385E-32 0.0000E+00 0.0000E+00 7.9584E-08 7.9584E-08 0.0000E+00 0.0000E+00 7.9584E-08 5.19E-06 6.72E-06   0.190 1.0000 6.7587E-06   1110.201
13441.00 0.82660824 6.3370E-32 0.0000E+00 0.0000E+00 8.2294E-08 8.2294E-08 0.0000E+00 0.0000E+00 8.2294E-08 5.35E-06 6.94E-06   0.190 1.0000 6.9782E-06   1113.026
13451.00 0.82703996 5.9976E-32 0.0000E+00 0.0000E+00 8.2485E-08 8.2485E-08 0.0000E+00 0.0000E+00 8.2485E-08 5.36E-06 6.94E-06   0.190 1.0000 6.9805E-06   1113.860
13461.00 0.82380080 5.8602E-32 0.0000E+00 0.0000E+00 8.1709E-08 8.1709E-08 0.0000E+00 0.0000E+00 8.1709E-08 5.28E-06 6.87E-06   0.194 1.0000 6.9145E-06   1113.939
13471.00 0.82308978 5.6054E-32 0.0000E+00 0.0000E+00 7.8934E-08 7.8934E-08 0.0000E+00 0.0000E+00 7.8934E-08 5.09E-06 6.63E-06   0.195 1.0000 6.6706E-06   1112.413
13481.00 0.82263017 5.3439E-32 0.0000E+00 0.0000E+00 7.9115E-08 7.9115E-08 0.0000E+00 0.0000E+00 7.9115E-08 5.09E-06 6.64E-06   0.195 1.0000 6.6756E-06   1113.243
13491.00 0.81878054 5.2390E-32 0.0000E+00 0.0000E+00 7.8886E-08 7.8886E-08 0.0000E+00 0.0000E+00 7.8886E-08 5.05E-06 6.62E-06   0.200 1.0000 6.6588E-06   1113.742
13501.00 0.82184172 4.8609E-32 0.0000E+00 0.0000E+00 8.1444E-08 8.1444E-08 0.0000E+00 0.0000E+00 8.1444E-08 5.22E-06 6.81E-06   0.196 1.0000 6.8511E-06   1116.469
13511.00 0.81637502 4.8138E-32 0.0000E+00 0.0000E+00 8.1293E-08 8.1293E-08 0.0000E+00 0.0000E+00 8.1293E-08 5.17E-06 6.81E-06   0.203 1.0000 6.8479E-06   1117.035
13521.00 0.80966967 4.8050E-32 0.0000E+00 0.0000E+00 8.1204E-08 8.1204E-08 0.0000E+00 0.0000E+00 8.1204E-08 5.12E-06 6.82E-06   0.211 1.0000 6.8549E-06   1117.648
13531.00 0.81180257 4.5025E-32 0.0000E+00 0.0000E+00 7.8830E-08 7.8830E-08 0.0000E+00 0.0000E+00 7.8830E-08 4.97E-06 6.60E-06   0.208 1.0000 6.6352E-06   1116.429
13541.00 0.80356687 4.5185E-32 0.0000E+00 0.0000E+00 8.0894E-08 8.0894E-08 0.0000E+00 0.0000E+00 8.0894E-08 5.05E-06 6.79E-06   0.219 1.0000 6.8288E-06   1118.771
13551.00 0.81129044 4.0803E-32 0.0000E+00 0.0000E+00 8.3057E-08 8.3057E-08 0.0000E+00 0.0000E+00 8.3057E-08 5.22E-06 6.93E-06   0.209 1.0000 6.9678E-06   1121.153
13561.00 0.80263627 4.0930E-32 0.0000E+00 0.0000E+00 8.2927E-08 8.2927E-08 0.0000E+00 0.0000E+00 8.2927E-08 5.15E-06 6.94E-06   0.220 1.0000 6.9805E-06   1121.737
13571.00 0.79328519 4.1381E-32 0.0000E+00 0.0000E+00 8.2025E-08 8.2025E-08 0.0000E+00 0.0000E+00 8.2025E-08 5.04E-06 6.89E-06   0.232 1.0000 6.9293E-06   1121.716
13581.00 0.78978735 4.0016E-32 0.0000E+00 0.0000E+00 8.1242E-08 8.1242E-08 0.0000E+00 0.0000E+00 8.1242E-08 4.96E-06 6.83E-06   0.236 1.0000 6.8674E-06   1121.782
13591.00 0.79955441 3.5862E-32 0.0000E+00 0.0000E+00 8.1381E-08 8.1381E-08 0.0000E+00 0.0000E+00 8.1381E-08 5.01E-06 6.79E-06   0.224 1.0000 6.8280E-06   1122.576
13601.00 0.79370797 3.5623E-32 0.0000E+00 0.0000E+00 8.2353E-08 8.2353E-08 0.0000E+00 0.0000E+00 8.2353E-08 5.03E-06 6.88E-06   0.231 1.0000 6.9178E-06   1124.025
13611.00 0.79273725 3.3896E-32 0.0000E+00 0.0000E+00 8.3215E-08 8.3215E-08 0.0000E+00 0.0000E+00 8.3215E-08 5.07E-06 6.94E-06   0.232 1.0000 6.9838E-06   1125.383
13621.00 0.80804414 2.9132E-32 0.0000E+00 0.0000E+00 8.4327E-08 8.4327E-08 0.0000E+00 0.0000E+00 8.4327E-08 5.21E-06 6.96E-06   0.213 1.0000 7.0039E-06   1126.926
13631.00 0.77773672 3.3149E-32 0.0000E+00 0.0000E+00 8.2135E-08 8.2135E-08 0.0000E+00 0.0000E+00 8.2135E-08 4.92E-06 6.89E-06   0.251 1.0000 6.9291E-06   1125.905
13641.00 0.78545952 3.0480E-32 0.0000E+00 0.0000E+00 8.1297E-08 8.1297E-08 0.0000E+00 0.0000E+00 8.1297E-08 4.89E-06 6.77E-06   0.241 1.0000 6.8141E-06   1125.927
13651.00 0.78773445 2.8280E-32 0.0000E+00 0.0000E+00 8.1652E-08 8.1652E-08 0.0000E+00 0.0000E+00 8.1652E-08 4.92E-06 6.79E-06   0.239 1.0000 6.8293E-06   1126.891
13661.00 0.73613346 3.4182E-32 0.0000E+00 0.0000E+00 8.0256E-08 8.0256E-08 0.0000E+00 0.0000E+00 8.0256E-08 4.58E-06 6.87E-06   0.306 1.0000 6.9146E-06   1126.461
13671.00 0.73276281 3.3345E-32 0.0000E+00 0.0000E+00 7.9613E-08 7.9613E-08 0.0000E+00 0.0000E+00 7.9613E-08 4.51E-06 6.82E-06   0.311 1.0000 6.8594E-06   1126.624
13681.00 0.73925453 3.0158E-32 0.0000E+00 0.0000E+00 7.8662E-08 7.8662E-08 0.0000E+00 0.0000E+00 7.8662E-08 4.49E-06 6.71E-06   0.302 1.0000 6.7477E-06   1126.531
13691.00 0.71185106 3.1989E-32 0.0000E+00 0.0000E+00 7.9574E-08 7.9574E-08 0.0000E+00 0.0000E+00 7.9574E-08 4.40E-06 6.89E-06   0.340 1.0000 6.9298E-06   1127.958
13701.00 0.75180882 2.6415E-32 0.0000E+00 0.0000E+00 8.1332E-08 8.1332E-08 0.0000E+00 0.0000E+00 8.1332E-08 4.68E-06 6.85E-06   0.285 1.0000 6.8895E-06   1130.053
13711.00 0.68765801 3.0881E-32 0.0000E+00 0.0000E+00 7.4601E-08 7.4601E-08 0.0000E+00 0.0000E+00 7.4601E-08 4.01E-06 6.54E-06   0.374 1.0000 6.5819E-06   1125.165
13721.00 0.75214016 2.2809E-32 0.0000E+00 0.0000E+00 7.8679E-08 7.8679E-08 0.0000E+00 0.0000E+00 7.8679E-08 4.54E-06 6.61E-06   0.285 1.0000 6.6556E-06   1129.272
13731.00 0.73197025 2.4111E-32 0.0000E+00 0.0000E+00 8.0141E-08 8.0141E-08 0.0000E+00 0.0000E+00 8.0141E-08 4.49E-06 6.81E-06   0.312 1.0000 6.8519E-06   1131.146
13741.00 0.66246498 2.8383E-32 0.0000E+00 0.0000E+00 7.7020E-08 7.7020E-08 0.0000E+00 0.0000E+00 7.7020E-08 4.01E-06 6.84E-06   0.412 1.0000 6.8890E-06   1129.260
13751.00 0.74157947 2.0638E-32 0.0000E+00 0.0000E+00 8.2274E-08 8.2274E-08 0.0000E+00 0.0000E+00 8.2274E-08 4.66E-06 6.93E-06   0.299 1.0000 6.9714E-06   1134.215
13761.00 0.69467366 2.2731E-32 0.0000E+00 0.0000E+00 7.9018E-08 7.9018E-08 0.0000E+00 0.0000E+00 7.9018E-08 4.27E-06 6.86E-06   0.364 1.0000 6.9003E-06   1132.278
13771.00 0.72643232 2.0628E-32 0.0000E+00 0.0000E+00 8.0329E-08 8.0329E-08 0.0000E+00 0.0000E+00 8.0329E-08 4.44E-06 6.79E-06   0.320 1.0000 6.8340E-06   1134.026
13781.00 0.68730146 2.1068E-32 0.0000E+00 0.0000E+00 7.9132E-08 7.9132E-08 0.0000E+00 0.0000E+00 7.9132E-08 4.22E-06 6.87E-06   0.375 1.0000 6.9166E-06   1133.734
13791.00 0.71397859 1.8906E-32 0.0000E+00 0.0000E+00 8.0313E-08 8.0313E-08 0.0000E+00 0.0000E+00 8.0313E-08 4.39E-06 6.83E-06   0.337 1.0000 6.8767E-06   1135.378
13801.00 0.68472528 1.8563E-32 0.0000E+00 0.0000E+00 7.8722E-08 7.8722E-08 0.0000E+00 0.0000E+00 7.8722E-08 4.20E-06 6.83E-06   0.379 1.0000 6.8804E-06   1134.761
13811.00 0.70061672 1.6889E-32 0.0000E+00 0.0000E+00 7.9862E-08 7.9862E-08 0.0000E+00 0.0000E+00 7.9862E-08 4.32E-06 6.85E-06   0.356 1.0000 6.8949E-06   1136.375
13821.00 0.66708320 1.7972E-32 0.0000E+00 0.0000E+00 7.8759E-08 7.8759E-08 0.0000E+00 0.0000E+00 7.8759E-08 4.09E-06 6.90E-06   0.405 1.0000 6.9471E-06   1136.153
13831.00 0.75665104 1.2901E-32 0.0000E+00 0.0000E+00 8.3065E-08 8.3065E-08 0.0000E+00 0.0000E+00 8.3065E-08 4.72E-06 6.83E-06   0.279 1.0000 6.8800E-06   1140.302
13841.00 0.76918399 1.1501E-32 0.0000E+00 0.0000E+00 8.1174E-08 8.1174E-08 0.0000E+00 0.0000E+00 8.1174E-08 4.67E-06 6.61E-06   0.262 1.0000 6.6572E-06   1139.481
13851.00 0.77142835 1.1018E-32 0.0000E+00 0.0000E+00 8.3987E-08 8.3987E-08 0.0000E+00 0.0000E+00 8.3987E-08 4.81E-06 6.82E-06   0.260 1.0000 6.8689E-06   1142.390
13861.00 0.77362704 1.0341E-32 0.0000E+00 0.0000E+00 8.3957E-08 8.3957E-08 0.0000E+00 0.0000E+00 8.3957E-08 4.82E-06 6.80E-06   0.257 1.0000 6.8448E-06   1143.050
13871.00 0.70421535 1.2318E-32 0.0000E+00 0.0000E+00 7.7384E-08 7.7384E-08 0.0000E+00 0.0000E+00 7.7384E-08 4.15E-06 6.56E-06   0.351 1.0000 6.6067E-06   1138.413
13881.00 0.64175475 1.3880E-32 0.0000E+00 0.0000E+00 7.6828E-08 7.6828E-08 0.0000E+00 0.0000E+00 7.6828E-08 3.85E-06 6.80E-06   0.444 1.0000 6.8443E-06   1138.625
13891.00 0.66607201 1.2993E-32 0.0000E+00 0.0000E+00 7.7733E-08 7.7733E-08 0.0000E+00 0.0000E+00 7.7733E-08 3.97E-06 6.72E-06   0.406 1.0000 6.7708E-06   1140.067
13901.00 0.65552157 1.2634E-32 0.0000E+00 0.0000E+00 7.5550E-08 7.5550E-08 0.0000E+00 0.0000E+00 7.5550E-08 3.80E-06 6.58E-06   0.422 1.0000 6.6271E-06   1138.896
13911.00 0.62451845 1.2571E-32 0.0000E+00 0.0000E+00 7.3558E-08 7.3558E-08 0.0000E+00 0.0000E+00 7.3558E-08 3.60E-06 6.54E-06   0.471 1.0000 6.5880E-06   1137.844
13921.00 0.68565696 1.0186E-32 0.0000E+00 0.0000E+00 7.7880E-08 7.7880E-08 0.0000E+00 0.0000E+00 7.7880E-08 4.07E-06 6.62E-06   0.377 1.0000 6.6696E-06   1142.230
13931.00 0.66650164 1.0816E-32 0.0000E+00 0.0000E+00 7.8759E-08 7.8759E-08 0.0000E+00 0.0000E+00 7.8759E-08 3.98E-06 6.75E-06   0.406 1.0000 6.7975E-06   1143.642
13941.00 0.68051869 1.0247E-32 0.0000E+00 0.0000E+00 8.1270E-08 8.1270E-08 0.0000E+00 0.0000E+00 8.1270E-08 4.14E-06 6.87E-06   0.385 1.0000 6.9216E-06   1146.375
13951.00 0.74164164 7.8756E-33 0.0000E+00 0.0000E+00 8.1113E-08 8.1113E-08 0.0000E+00 0.0000E+00 8.1113E-08 4.41E-06 6.59E-06   0.299 1.0000 6.6387E-06   1146.930
13961.00 0.78720838 5.8936E-33 0.0000E+00 0.0000E+00 8.5706E-08 8.5706E-08 0.0000E+00 0.0000E+00 8.5706E-08 4.89E-06 6.76E-06   0.239 1.0000 6.8145E-06   1151.233
13971.00 0.79496008 5.3124E-33 0.0000E+00 0.0000E+00 8.6554E-08 8.6554E-08 0.0000E+00 0.0000E+00 8.6554E-08 4.97E-06 6.79E-06   0.229 1.0000 6.8419E-06   1152.566
13981.00 0.79040903 5.1803E-33 0.0000E+00 0.0000E+00 8.4060E-08 8.4060E-08 0.0000E+00 0.0000E+00 8.4060E-08 4.80E-06 6.60E-06   0.235 1.0000 6.6525E-06   1151.319
13991.00 0.79656583 4.7121E-33 0.0000E+00 0.0000E+00 8.5084E-08 8.5084E-08 0.0000E+00 0.0000E+00 8.5084E-08 4.88E-06 6.65E-06   0.227 1.0000 6.6990E-06   1152.801
14001.00 0.79955500 4.3883E-33 0.0000E+00 0.0000E+00 8.7880E-08 8.7880E-08 0.0000E+00 0.0000E+00 8.7880E-08 5.05E-06 6.84E-06   0.224 1.0000 6.8966E-06   1155.622
14011.00 0.80193317 4.0983E-33 0.0000E+00 0.0000E+00 8.7679E-08 8.7679E-08 0.0000E+00 0.0000E+00 8.7679E-08 5.04E-06 6.81E-06   0.221 1.0000 6.8603E-06   1156.154
14021.00 0.79924965 3.9777E-33 0.0000E+00 0.0000E+00 8.5713E-08 8.5713E-08 0.0000E+00 0.0000E+00 8.5713E-08 4.91E-06 6.65E-06   0.224 1.0000 6.7046E-06   1155.334
14031.00 0.80343878 3.6668E-33 0.0000E+00 0.0000E+00 8.7354E-08 8.7354E-08 0.0000E+00 0.0000E+00 8.7354E-08 5.01E-06 6.75E-06   0.219 1.0000 6.8054E-06   1157.273
14041.00 0.80185115 3.5182E-33 0.0000E+00 0.0000E+00 8.7274E-08 8.7274E-08 0.0000E+00 0.0000E+00 8.7274E-08 4.99E-06 6.74E-06   0.221 1.0000 6.7943E-06   1157.896
14051.00 0.80294734 3.3179E-33 0.0000E+00 0.0000E+00 8.7366E-08 8.7366E-08 0.0000E+00 0.0000E+00 8.7366E-08 5.00E-06 6.73E-06   0.219 1.0000 6.7860E-06   1158.648
14061.00 0.80026770 3.2147E-33 0.0000E+00 0.0000E+00 8.7572E-08 8.7572E-08 0.0000E+00 0.0000E+00 8.7572E-08 4.98E-06 6.75E-06   0.223 1.0000 6.8011E-06   1159.488
14071.00 0.79873413 3.0865E-33 0.0000E+00 0.0000E+00 8.9079E-08 8.9079E-08 0.0000E+00 0.0000E+00 8.9079E-08 5.05E-06 6.86E-06   0.225 1.0000 6.9130E-06   1161.306
14081.00 0.79737014 2.9616E-33 0.0000E+00 0.0000E+00 8.9272E-08 8.9272E-08 0.0000E+00 0.0000E+00 8.9272E-08 5.05E-06 6.87E-06   0.226 1.0000 6.9222E-06   1162.133
14091.00 0.79928589 2.7796E-33 0.0000E+00 0.0000E+00 8.8564E-08 8.8564E-08 0.0000E+00 0.0000E+00 8.8564E-08 5.01E-06 6.79E-06   0.224 1.0000 6.8480E-06   1162.286
14101.00 0.79693013 2.6812E-33 0.0000E+00 0.0000E+00 8.7555E-08 8.7555E-08 0.0000E+00 0.0000E+00 8.7555E-08 4.93E-06 6.71E-06   0.227 1.0000 6.7686E-06   1162.206
14111.00 0.79996228 2.4907E-33 0.0000E+00 0.0000E+00 8.7479E-08 8.7479E-08 0.0000E+00 0.0000E+00 8.7479E-08 4.94E-06 6.69E-06   0.223 1.0000 6.7405E-06   1162.830
14121.00 0.79129076 2.5127E-33 0.0000E+00 0.0000E+00 8.9693E-08 8.9693E-08 0.0000E+00 0.0000E+00 8.9693E-08 5.00E-06 6.88E-06   0.234 1.0000 6.9338E-06   1165.180
14131.00 0.79359883 2.3520E-33 0.0000E+00 0.0000E+00 8.9662E-08 8.9662E-08 0.0000E+00 0.0000E+00 8.9662E-08 5.01E-06 6.85E-06   0.231 1.0000 6.9114E-06   1165.841
14141.00 0.79647994 2.1874E-33 0.0000E+00 0.0000E+00 8.6799E-08 8.6799E-08 0.0000E+00 0.0000E+00 8.6799E-08 4.85E-06 6.61E-06   0.228 1.0000 6.6690E-06   1164.358
14151.00 0.78866291 2.1914E-33 0.0000E+00 0.0000E+00 8.8728E-08 8.8728E-08 0.0000E+00 0.0000E+00 8.8728E-08 4.91E-06 6.78E-06   0.237 1.0000 6.8364E-06   1166.506
14161.00 0.78870630 2.0757E-33 0.0000E+00 0.0000E+00 8.8732E-08 8.8732E-08 0.0000E+00 0.0000E+00 8.8732E-08 4.91E-06 6.77E-06   0.237 1.0000 6.8263E-06   1167.192
14171.00 0.78423405 2.0260E-33 0.0000E+00 0.0000E+00 8.8587E-08 8.8587E-08 0.0000E+00 0.0000E+00 8.8587E-08 4.87E-06 6.76E-06   0.243 1.0000 6.8218E-06   1167.765
14181.00 0.78186446 1.9600E-33 0.0000E+00 0.0000E+00 8.9841E-08 8.9841E-08 0.0000E+00 0.0000E+00 8.9841E-08 4.91E-06 6.86E-06   0.246 1.0000 6.9162E-06   1169.389
14191.00 0.79402250 1.7203E-33 0.0000E+00 0.0000E+00 9.0409E-08 9.0409E-08 0.0000E+00 0.0000E+00 9.0409E-08 5.00E-06 6.84E-06   0.231 1.0000 6.9005E-06   1170.494
14201.00 0.77274942 1.8478E-33 0.0000E+00 0.0000E+00 8.8231E-08 8.8231E-08 0.0000E+00 0.0000E+00 8.8231E-08 4.77E-06 6.75E-06   0.258 1.0000 6.8083E-06   1169.542
14211.00 0.79388225 1.5500E-33 0.0000E+00 0.0000E+00 8.9362E-08 8.9362E-08 0.0000E+00 0.0000E+00 8.9362E-08 4.93E-06 6.74E-06   0.231 1.0000 6.7993E-06   1171.078
14221.00 0.78082722 1.5897E-33 0.0000E+00 0.0000E+00 8.8818E-08 8.8818E-08 0.0000E+00 0.0000E+00 8.8818E-08 4.82E-06 6.74E-06   0.247 1.0000 6.7995E-06   1171.351
14231.00 0.76358420 1.6653E-33 0.0000E+00 0.0000E+00 8.6635E-08 8.6635E-08 0.0000E+00 0.0000E+00 8.6635E-08 4.61E-06 6.63E-06   0.270 1.0000 6.6909E-06   1170.366
14241.00 0.77404356 1.4939E-33 0.0000E+00 0.0000E+00 8.7919E-08 8.7919E-08 0.0000E+00 0.0000E+00 8.7919E-08 4.73E-06 6.68E-06   0.256 1.0000 6.7352E-06   1172.033
14251.00 0.76673108 1.4789E-33 0.0000E+00 0.0000E+00 8.5738E-08 8.5738E-08 0.0000E+00 0.0000E+00 8.5738E-08 4.57E-06 6.53E-06   0.266 1.0000 6.5845E-06   1171.032
14261.00 0.77619880 1.3423E-33 0.0000E+00 0.0000E+00 8.8607E-08 8.8607E-08 0.0000E+00 0.0000E+00 8.8607E-08 4.75E-06 6.70E-06   0.253 1.0000 6.7582E-06   1173.920
14271.00 0.75902301 1.3924E-33 0.0000E+00 0.0000E+00 8.7301E-08 8.7301E-08 0.0000E+00 0.0000E+00 8.7301E-08 4.59E-06 6.66E-06   0.276 1.0000 6.7184E-06   1173.604
14281.00 0.77271533 1.2252E-33 0.0000E+00 0.0000E+00 8.8208E-08 8.8208E-08 0.0000E+00 0.0000E+00 8.8208E-08 4.70E-06 6.66E-06   0.258 1.0000 6.7221E-06   1174.980
 -9999.
