T F 2    2    2    0    2    2    2    2    2    2    1    0    0   0.0000.00000
    1    1    1    0    0    0  50.00000   0.00000   0.00000   0.00000   0.00000
 -99.000 -99.000 -99.000
 -99.00000 -99.00000 -99.00000  2.922360  0.000710 ! H2O & O3 COLUMNS [GM/CM2]
   36MID-LATITUDE SUMMER 
   3.00000   3.00000  90.01963   5.00115   0.04495   0.00000    1        0.00000
    0    0  172    0
   0.00000   0.00000   0.00000  70.03094   0.00000 180.00000   0.00000   0.00000
    9091.0   14286.0      10.0      10.0NW              
    0   0    0.000  0    0.000  0    1.000
    FREQ  TOT_TRANS  PTH_THRML  THRML_SCT  SURF_EMIS   SOL_SCAT  SING_SCAT  GRND_RFLT  DRCT_RFLT  TOTAL_RAD  REF_SOL  SOL@OBS   DEPTH DIR_EM    TOA_SUN BBODY_T[K]
 9091.00 0.84127152 6.4039E-22 0.0000E+00 0.0000E+00 9.8416E-09 9.8416E-09 0.0000E+00 0.0000E+00 9.8416E-09 4.97E-06 5.65E-06   0.173 1.0000 6.9214E-06    713.759
 9101.00 0.87109667 4.9657E-22 0.0000E+00 0.0000E+00 1.0025E-08 1.0025E-08 0.0000E+00 0.0000E+00 1.0025E-08 5.09E-06 5.69E-06   0.138 1.0000 6.7529E-06    715.135
 9111.00 0.90182346 3.6245E-22 0.0000E+00 0.0000E+00 1.0583E-08 1.0583E-08 0.0000E+00 0.0000E+00 1.0583E-08 5.43E-06 5.91E-06   0.103 1.0000 6.7702E-06    717.916
 9121.00 0.90072727 3.4426E-22 0.0000E+00 0.0000E+00 1.0575E-08 1.0575E-08 0.0000E+00 0.0000E+00 1.0575E-08 5.41E-06 5.88E-06   0.105 1.0000 6.7570E-06    718.543
 9131.00 0.89481539 3.5071E-22 0.0000E+00 0.0000E+00 1.0441E-08 1.0441E-08 0.0000E+00 0.0000E+00 1.0441E-08 5.31E-06 5.81E-06   0.111 1.0000 6.7175E-06    718.703
 9141.00 0.92826933 2.2855E-22 0.0000E+00 0.0000E+00 1.0542E-08 1.0542E-08 0.0000E+00 0.0000E+00 1.0542E-08 5.41E-06 5.78E-06   0.074 1.0000 6.4440E-06    719.737
 9151.00 0.89329135 3.2241E-22 0.0000E+00 0.0000E+00 1.0744E-08 1.0744E-08 0.0000E+00 0.0000E+00 1.0744E-08 5.45E-06 5.93E-06   0.113 1.0000 6.8615E-06    721.147
 9161.00 0.95540571 1.2882E-22 0.0000E+00 0.0000E+00 1.1878E-08 1.1878E-08 0.0000E+00 0.0000E+00 1.1878E-08 6.14E-06 6.39E-06   0.046 1.0000 6.9345E-06    725.792
 9171.00 0.91710687 2.2721E-22 0.0000E+00 0.0000E+00 1.1371E-08 1.1371E-08 0.0000E+00 0.0000E+00 1.1371E-08 5.79E-06 6.18E-06   0.087 1.0000 6.9883E-06    724.713
 9181.00 0.93570328 1.6843E-22 0.0000E+00 0.0000E+00 1.1488E-08 1.1488E-08 0.0000E+00 0.0000E+00 1.1488E-08 5.85E-06 6.20E-06   0.066 1.0000 6.8738E-06    725.783
 9191.00 0.95441741 1.1339E-22 0.0000E+00 0.0000E+00 1.1799E-08 1.1799E-08 0.0000E+00 0.0000E+00 1.1799E-08 6.03E-06 6.31E-06   0.047 1.0000 6.8531E-06    727.510
 9201.00 0.92866975 1.6831E-22 0.0000E+00 0.0000E+00 1.1308E-08 1.1308E-08 0.0000E+00 0.0000E+00 1.1308E-08 5.72E-06 6.08E-06   0.074 1.0000 6.7792E-06    726.470
 9211.00 0.93104929 1.5717E-22 0.0000E+00 0.0000E+00 1.1800E-08 1.1800E-08 0.0000E+00 0.0000E+00 1.1800E-08 5.96E-06 6.31E-06   0.071 1.0000 7.0277E-06    728.833
 9221.00 0.94637012 1.1514E-22 0.0000E+00 0.0000E+00 1.1954E-08 1.1954E-08 0.0000E+00 0.0000E+00 1.1954E-08 6.04E-06 6.36E-06   0.055 1.0000 6.9689E-06    730.015
 9231.00 0.94328058 1.1717E-22 0.0000E+00 0.0000E+00 1.1650E-08 1.1650E-08 0.0000E+00 0.0000E+00 1.1650E-08 5.88E-06 6.17E-06   0.058 1.0000 6.7955E-06    729.642
 9241.00 0.95899302 7.9854E-23 0.0000E+00 0.0000E+00 1.1914E-08 1.1914E-08 0.0000E+00 0.0000E+00 1.1914E-08 6.02E-06 6.26E-06   0.042 1.0000 6.7842E-06    731.202
 9251.00 0.94585007 1.0088E-22 0.0000E+00 0.0000E+00 1.1941E-08 1.1941E-08 0.0000E+00 0.0000E+00 1.1941E-08 5.99E-06 6.29E-06   0.056 1.0000 6.9007E-06    731.954
 9261.00 0.95266706 8.4553E-23 0.0000E+00 0.0000E+00 1.2246E-08 1.2246E-08 0.0000E+00 0.0000E+00 1.2246E-08 6.14E-06 6.41E-06   0.048 1.0000 6.9947E-06    733.633
 9271.00 0.96412903 6.0612E-23 0.0000E+00 0.0000E+00 1.2248E-08 1.2248E-08 0.0000E+00 0.0000E+00 1.2248E-08 6.15E-06 6.37E-06   0.037 1.0000 6.8762E-06    734.300
 9281.00 0.94525921 8.8392E-23 0.0000E+00 0.0000E+00 1.2230E-08 1.2230E-08 0.0000E+00 0.0000E+00 1.2230E-08 6.08E-06 6.39E-06   0.056 1.0000 7.0330E-06    734.900
 9291.00 0.96616542 5.2055E-23 0.0000E+00 0.0000E+00 1.2581E-08 1.2581E-08 0.0000E+00 0.0000E+00 1.2581E-08 6.28E-06 6.50E-06   0.034 1.0000 7.0135E-06    736.709
 9301.00 0.95693356 6.2812E-23 0.0000E+00 0.0000E+00 1.2184E-08 1.2184E-08 0.0000E+00 0.0000E+00 1.2184E-08 6.05E-06 6.30E-06   0.044 1.0000 6.8637E-06    736.070
 9311.00 0.96190709 5.3410E-23 0.0000E+00 0.0000E+00 1.2505E-08 1.2505E-08 0.0000E+00 0.0000E+00 1.2505E-08 6.20E-06 6.44E-06   0.039 1.0000 6.9849E-06    737.787
 9321.00 0.96094066 5.1841E-23 0.0000E+00 0.0000E+00 1.2316E-08 1.2316E-08 0.0000E+00 0.0000E+00 1.2316E-08 6.08E-06 6.33E-06   0.040 1.0000 6.8861E-06    737.828
 9331.00 0.96211469 4.8087E-23 0.0000E+00 0.0000E+00 1.2571E-08 1.2571E-08 0.0000E+00 0.0000E+00 1.2571E-08 6.20E-06 6.44E-06   0.039 1.0000 7.0103E-06    739.324
 9341.00 0.96201652 4.5788E-23 0.0000E+00 0.0000E+00 1.2523E-08 1.2523E-08 0.0000E+00 0.0000E+00 1.2523E-08 6.15E-06 6.40E-06   0.039 1.0000 6.9794E-06    739.829
 9351.00 0.95860922 4.7658E-23 0.0000E+00 0.0000E+00 1.1979E-08 1.1979E-08 0.0000E+00 0.0000E+00 1.1979E-08 5.86E-06 6.11E-06   0.042 1.0000 6.7060E-06    738.683
 9361.00 0.96099681 4.2728E-23 0.0000E+00 0.0000E+00 1.2375E-08 1.2375E-08 0.0000E+00 0.0000E+00 1.2375E-08 6.04E-06 6.29E-06   0.040 1.0000 6.9146E-06    740.666
 9371.00 0.95996642 4.1828E-23 0.0000E+00 0.0000E+00 1.2543E-08 1.2543E-08 0.0000E+00 0.0000E+00 1.2543E-08 6.11E-06 6.36E-06   0.041 1.0000 7.0062E-06    741.879
 9381.00 0.96113461 3.8671E-23 0.0000E+00 0.0000E+00 1.2530E-08 1.2530E-08 0.0000E+00 0.0000E+00 1.2530E-08 6.09E-06 6.33E-06   0.040 1.0000 6.9727E-06    742.496
 9391.00 0.96015739 3.7785E-23 0.0000E+00 0.0000E+00 1.2764E-08 1.2764E-08 0.0000E+00 0.0000E+00 1.2764E-08 6.18E-06 6.44E-06   0.041 1.0000 7.0927E-06    743.914
 9401.00 0.96190482 3.4418E-23 0.0000E+00 0.0000E+00 1.2748E-08 1.2748E-08 0.0000E+00 0.0000E+00 1.2748E-08 6.16E-06 6.41E-06   0.039 1.0000 7.0394E-06    744.525
 9411.00 0.96166539 3.3005E-23 0.0000E+00 0.0000E+00 1.2766E-08 1.2766E-08 0.0000E+00 0.0000E+00 1.2766E-08 6.15E-06 6.40E-06   0.039 1.0000 7.0221E-06    745.241
 9421.00 0.96312356 3.0251E-23 0.0000E+00 0.0000E+00 1.2809E-08 1.2809E-08 0.0000E+00 0.0000E+00 1.2809E-08 6.16E-06 6.40E-06   0.038 1.0000 7.0055E-06    746.042
 9431.00 0.96363997 2.8418E-23 0.0000E+00 0.0000E+00 1.2793E-08 1.2793E-08 0.0000E+00 0.0000E+00 1.2793E-08 6.14E-06 6.37E-06   0.037 1.0000 6.9676E-06    746.652
 9441.00 0.96405447 2.6766E-23 0.0000E+00 0.0000E+00 1.2809E-08 1.2809E-08 0.0000E+00 0.0000E+00 1.2809E-08 6.13E-06 6.36E-06   0.037 1.0000 6.9484E-06    747.365
 9451.00 0.96481311 2.4968E-23 0.0000E+00 0.0000E+00 1.2923E-08 1.2923E-08 0.0000E+00 0.0000E+00 1.2923E-08 6.17E-06 6.40E-06   0.036 1.0000 6.9764E-06    748.388
 9461.00 0.96577883 2.3136E-23 0.0000E+00 0.0000E+00 1.3197E-08 1.3197E-08 0.0000E+00 0.0000E+00 1.3197E-08 6.29E-06 6.52E-06   0.035 1.0000 7.0891E-06    749.916
 9471.00 0.96652210 2.1564E-23 0.0000E+00 0.0000E+00 1.3260E-08 1.3260E-08 0.0000E+00 0.0000E+00 1.3260E-08 6.31E-06 6.53E-06   0.034 1.0000 7.0904E-06    750.775
 9481.00 0.96725112 2.0098E-23 0.0000E+00 0.0000E+00 1.3306E-08 1.3306E-08 0.0000E+00 0.0000E+00 1.3306E-08 6.33E-06 6.54E-06   0.033 1.0000 7.0848E-06    751.581
 9491.00 0.96783519 1.8807E-23 0.0000E+00 0.0000E+00 1.3247E-08 1.3247E-08 0.0000E+00 0.0000E+00 1.3247E-08 6.29E-06 6.49E-06   0.033 1.0000 7.0271E-06    752.059
 9501.00 0.96810883 1.7765E-23 0.0000E+00 0.0000E+00 1.3362E-08 1.3362E-08 0.0000E+00 0.0000E+00 1.3362E-08 6.33E-06 6.54E-06   0.032 1.0000 7.0663E-06    753.078
 9511.00 0.96844053 1.6753E-23 0.0000E+00 0.0000E+00 1.3418E-08 1.3418E-08 0.0000E+00 0.0000E+00 1.3418E-08 6.34E-06 6.55E-06   0.032 1.0000 7.0729E-06    753.914
 9521.00 0.96877414 1.5790E-23 0.0000E+00 0.0000E+00 1.3447E-08 1.3447E-08 0.0000E+00 0.0000E+00 1.3447E-08 6.34E-06 6.55E-06   0.032 1.0000 7.0689E-06    754.665
 9531.00 0.96891415 1.4979E-23 0.0000E+00 0.0000E+00 1.3508E-08 1.3508E-08 0.0000E+00 0.0000E+00 1.3508E-08 6.36E-06 6.56E-06   0.032 1.0000 7.0837E-06    755.514
 9541.00 0.96929103 1.4096E-23 0.0000E+00 0.0000E+00 1.3562E-08 1.3562E-08 0.0000E+00 0.0000E+00 1.3562E-08 6.37E-06 6.57E-06   0.031 1.0000 7.0847E-06    756.343
 9551.00 0.96938896 1.3389E-23 0.0000E+00 0.0000E+00 1.3468E-08 1.3468E-08 0.0000E+00 0.0000E+00 1.3468E-08 6.32E-06 6.52E-06   0.031 1.0000 7.0183E-06    756.715
 9561.00 0.96949154 1.2712E-23 0.0000E+00 0.0000E+00 1.3357E-08 1.3357E-08 0.0000E+00 0.0000E+00 1.3357E-08 6.25E-06 6.45E-06   0.031 1.0000 6.9440E-06    757.031
 9571.00 0.96949852 1.2110E-23 0.0000E+00 0.0000E+00 1.3637E-08 1.3637E-08 0.0000E+00 0.0000E+00 1.3637E-08 6.37E-06 6.57E-06   0.031 1.0000 7.0733E-06    758.557
 9581.00 0.96963668 1.1485E-23 0.0000E+00 0.0000E+00 1.3689E-08 1.3689E-08 0.0000E+00 0.0000E+00 1.3689E-08 6.38E-06 6.58E-06   0.031 1.0000 7.0833E-06    759.377
 9591.00 0.96953917 1.0977E-23 0.0000E+00 0.0000E+00 1.3625E-08 1.3625E-08 0.0000E+00 0.0000E+00 1.3625E-08 6.34E-06 6.54E-06   0.031 1.0000 7.0362E-06    759.842
 9601.00 0.96937245 1.0515E-23 0.0000E+00 0.0000E+00 1.3774E-08 1.3774E-08 0.0000E+00 0.0000E+00 1.3774E-08 6.39E-06 6.59E-06   0.031 1.0000 7.1006E-06    760.961
 9611.00 0.96950954 9.9746E-24 0.0000E+00 0.0000E+00 1.3723E-08 1.3723E-08 0.0000E+00 0.0000E+00 1.3723E-08 6.36E-06 6.56E-06   0.031 1.0000 7.0589E-06    761.468
 9621.00 0.96947020 9.5143E-24 0.0000E+00 0.0000E+00 1.3741E-08 1.3741E-08 0.0000E+00 0.0000E+00 1.3741E-08 6.35E-06 6.55E-06   0.031 1.0000 7.0542E-06    762.184
 9631.00 0.96942621 9.0783E-24 0.0000E+00 0.0000E+00 1.3761E-08 1.3761E-08 0.0000E+00 0.0000E+00 1.3761E-08 6.35E-06 6.55E-06   0.031 1.0000 7.0494E-06    762.904
 9641.00 0.96936661 8.6664E-24 0.0000E+00 0.0000E+00 1.3694E-08 1.3694E-08 0.0000E+00 0.0000E+00 1.3694E-08 6.30E-06 6.50E-06   0.031 1.0000 7.0036E-06    763.361
 9651.00 0.96920902 8.2982E-24 0.0000E+00 0.0000E+00 1.3932E-08 1.3932E-08 0.0000E+00 0.0000E+00 1.3932E-08 6.40E-06 6.60E-06   0.031 1.0000 7.1097E-06    764.746
 9661.00 0.96950781 7.8302E-24 0.0000E+00 0.0000E+00 1.3803E-08 1.3803E-08 0.0000E+00 0.0000E+00 1.3803E-08 6.33E-06 6.53E-06   0.031 1.0000 7.0258E-06    765.017
 9671.00 0.96913368 7.5488E-24 0.0000E+00 0.0000E+00 1.3827E-08 1.3827E-08 0.0000E+00 0.0000E+00 1.3827E-08 6.32E-06 6.52E-06   0.031 1.0000 7.0276E-06    765.751
 9681.00 0.96912980 7.1977E-24 0.0000E+00 0.0000E+00 1.3816E-08 1.3816E-08 0.0000E+00 0.0000E+00 1.3816E-08 6.31E-06 6.51E-06   0.031 1.0000 7.0080E-06    766.379
 9691.00 0.96867633 6.9517E-24 0.0000E+00 0.0000E+00 1.4031E-08 1.4031E-08 0.0000E+00 0.0000E+00 1.4031E-08 6.39E-06 6.60E-06   0.032 1.0000 7.1079E-06    767.692
 9701.00 0.96832532 6.7029E-24 0.0000E+00 0.0000E+00 1.4032E-08 1.4032E-08 0.0000E+00 0.0000E+00 1.4032E-08 6.38E-06 6.58E-06   0.032 1.0000 7.0980E-06    768.357
 9711.00 0.96842694 6.3626E-24 0.0000E+00 0.0000E+00 1.4032E-08 1.4032E-08 0.0000E+00 0.0000E+00 1.4032E-08 6.36E-06 6.57E-06   0.032 1.0000 7.0827E-06    769.017
 9721.00 0.96667939 6.3985E-24 0.0000E+00 0.0000E+00 1.4034E-08 1.4034E-08 0.0000E+00 0.0000E+00 1.4034E-08 6.34E-06 6.56E-06   0.034 1.0000 7.0883E-06    769.685
 9731.00 0.96486223 6.4239E-24 0.0000E+00 0.0000E+00 1.4102E-08 1.4102E-08 0.0000E+00 0.0000E+00 1.4102E-08 6.36E-06 6.59E-06   0.036 1.0000 7.1280E-06    770.550
 9741.00 0.96708649 5.7374E-24 0.0000E+00 0.0000E+00 1.4151E-08 1.4151E-08 0.0000E+00 0.0000E+00 1.4151E-08 6.37E-06 6.59E-06   0.033 1.0000 7.1148E-06    771.357
 9751.00 0.96682370 5.5116E-24 0.0000E+00 0.0000E+00 1.4194E-08 1.4194E-08 0.0000E+00 0.0000E+00 1.4194E-08 6.38E-06 6.60E-06   0.034 1.0000 7.1256E-06    772.147
 9761.00 0.96493101 5.5317E-24 0.0000E+00 0.0000E+00 1.4155E-08 1.4155E-08 0.0000E+00 0.0000E+00 1.4155E-08 6.34E-06 6.57E-06   0.036 1.0000 7.1121E-06    772.691
 9771.00 0.96088946 5.9043E-24 0.0000E+00 0.0000E+00 1.4118E-08 1.4118E-08 0.0000E+00 0.0000E+00 1.4118E-08 6.30E-06 6.55E-06   0.040 1.0000 7.1242E-06    773.242
 9781.00 0.96619636 4.8544E-24 0.0000E+00 0.0000E+00 1.4102E-08 1.4102E-08 0.0000E+00 0.0000E+00 1.4102E-08 6.30E-06 6.51E-06   0.034 1.0000 7.0450E-06    773.854
 9791.00 0.96619987 4.6265E-24 0.0000E+00 0.0000E+00 1.4118E-08 1.4118E-08 0.0000E+00 0.0000E+00 1.4118E-08 6.29E-06 6.51E-06   0.034 1.0000 7.0386E-06    774.562
 9801.00 0.96644139 4.3692E-24 0.0000E+00 0.0000E+00 1.4183E-08 1.4183E-08 0.0000E+00 0.0000E+00 1.4183E-08 6.31E-06 6.53E-06   0.034 1.0000 7.0554E-06    775.420
 9811.00 0.96192247 4.7313E-24 0.0000E+00 0.0000E+00 1.3958E-08 1.3958E-08 0.0000E+00 0.0000E+00 1.3958E-08 6.18E-06 6.42E-06   0.039 1.0000 6.9787E-06    775.398
 9821.00 0.96770835 3.8173E-24 0.0000E+00 0.0000E+00 1.4282E-08 1.4282E-08 0.0000E+00 0.0000E+00 1.4282E-08 6.33E-06 6.54E-06   0.033 1.0000 7.0623E-06    777.037
 9831.00 0.96564174 3.8716E-24 0.0000E+00 0.0000E+00 1.4293E-08 1.4293E-08 0.0000E+00 0.0000E+00 1.4293E-08 6.31E-06 6.54E-06   0.035 1.0000 7.0767E-06    777.732
 9841.00 0.96677423 3.5646E-24 0.0000E+00 0.0000E+00 1.4303E-08 1.4303E-08 0.0000E+00 0.0000E+00 1.4303E-08 6.31E-06 6.53E-06   0.034 1.0000 7.0554E-06    778.423
 9851.00 0.96458566 3.6206E-24 0.0000E+00 0.0000E+00 1.4275E-08 1.4275E-08 0.0000E+00 0.0000E+00 1.4275E-08 6.28E-06 6.51E-06   0.036 1.0000 7.0514E-06    778.998
 9861.00 0.96600550 3.3157E-24 0.0000E+00 0.0000E+00 1.4439E-08 1.4439E-08 0.0000E+00 0.0000E+00 1.4439E-08 6.34E-06 6.56E-06   0.035 1.0000 7.1034E-06    780.149
 9871.00 0.96630847 3.1253E-24 0.0000E+00 0.0000E+00 1.4488E-08 1.4488E-08 0.0000E+00 0.0000E+00 1.4488E-08 6.35E-06 6.57E-06   0.034 1.0000 7.1106E-06    780.955
 9881.00 0.96281892 3.2876E-24 0.0000E+00 0.0000E+00 1.4441E-08 1.4441E-08 0.0000E+00 0.0000E+00 1.4441E-08 6.31E-06 6.55E-06   0.038 1.0000 7.1125E-06    781.475
 9891.00 0.96545827 2.9076E-24 0.0000E+00 0.0000E+00 1.4534E-08 1.4534E-08 0.0000E+00 0.0000E+00 1.4534E-08 6.34E-06 6.57E-06   0.035 1.0000 7.1147E-06    782.411
 9901.00 0.95759016 3.3956E-24 0.0000E+00 0.0000E+00 1.4415E-08 1.4415E-08 0.0000E+00 0.0000E+00 1.4415E-08 6.26E-06 6.52E-06   0.043 1.0000 7.1297E-06    782.719
 9911.00 0.95692825 3.2999E-24 0.0000E+00 0.0000E+00 1.4386E-08 1.4386E-08 0.0000E+00 0.0000E+00 1.4386E-08 6.23E-06 6.50E-06   0.044 1.0000 7.1100E-06    783.294
 9921.00 0.96196580 2.7708E-24 0.0000E+00 0.0000E+00 1.4544E-08 1.4544E-08 0.0000E+00 0.0000E+00 1.4544E-08 6.30E-06 6.54E-06   0.039 1.0000 7.1166E-06    784.423
 9931.00 0.96508729 2.4222E-24 0.0000E+00 0.0000E+00 1.4556E-08 1.4556E-08 0.0000E+00 0.0000E+00 1.4556E-08 6.30E-06 6.53E-06   0.036 1.0000 7.0750E-06    785.118
 9941.00 0.96360010 2.4041E-24 0.0000E+00 0.0000E+00 1.4068E-08 1.4068E-08 0.0000E+00 0.0000E+00 1.4068E-08 6.07E-06 6.30E-06   0.037 1.0000 6.8405E-06    784.311
 9951.00 0.96350414 2.2974E-24 0.0000E+00 0.0000E+00 1.3798E-08 1.3798E-08 0.0000E+00 0.0000E+00 1.3798E-08 5.94E-06 6.17E-06   0.037 1.0000 6.6965E-06    784.137
 9961.00 0.96189505 2.2887E-24 0.0000E+00 0.0000E+00 1.4457E-08 1.4457E-08 0.0000E+00 0.0000E+00 1.4457E-08 6.21E-06 6.45E-06   0.039 1.0000 7.0208E-06    786.806
 9971.00 0.96211612 2.1577E-24 0.0000E+00 0.0000E+00 1.4633E-08 1.4633E-08 0.0000E+00 0.0000E+00 1.4633E-08 6.27E-06 6.52E-06   0.039 1.0000 7.0893E-06    787.988
 9981.00 0.95140958 2.6490E-24 0.0000E+00 0.0000E+00 1.4550E-08 1.4550E-08 0.0000E+00 0.0000E+00 1.4550E-08 6.20E-06 6.50E-06   0.050 1.0000 7.1451E-06    788.400
 9991.00 0.96474993 1.8282E-24 0.0000E+00 0.0000E+00 1.4850E-08 1.4850E-08 0.0000E+00 0.0000E+00 1.4850E-08 6.35E-06 6.58E-06   0.036 1.0000 7.1388E-06    789.947
10001.00 0.96156234 1.8981E-24 0.0000E+00 0.0000E+00 1.4733E-08 1.4733E-08 0.0000E+00 0.0000E+00 1.4733E-08 6.28E-06 6.52E-06   0.039 1.0000 7.1031E-06    790.263
10011.00 0.96331280 1.7275E-24 0.0000E+00 0.0000E+00 1.4826E-08 1.4826E-08 0.0000E+00 0.0000E+00 1.4826E-08 6.31E-06 6.55E-06   0.037 1.0000 7.1150E-06    791.195
10021.00 0.96396112 1.6160E-24 0.0000E+00 0.0000E+00 1.4899E-08 1.4899E-08 0.0000E+00 0.0000E+00 1.4899E-08 6.33E-06 6.56E-06   0.037 1.0000 7.1310E-06    792.071
10031.00 0.96431804 1.5238E-24 0.0000E+00 0.0000E+00 1.4939E-08 1.4939E-08 0.0000E+00 0.0000E+00 1.4939E-08 6.33E-06 6.57E-06   0.036 1.0000 7.1318E-06    792.847
10041.00 0.96367610 1.4770E-24 0.0000E+00 0.0000E+00 1.4921E-08 1.4921E-08 0.0000E+00 0.0000E+00 1.4921E-08 6.31E-06 6.55E-06   0.037 1.0000 7.1164E-06    793.454
10051.00 0.96480995 1.3636E-24 0.0000E+00 0.0000E+00 1.4977E-08 1.4977E-08 0.0000E+00 0.0000E+00 1.4977E-08 6.33E-06 6.56E-06   0.036 1.0000 7.1191E-06    794.278
10061.00 0.96247172 1.3842E-24 0.0000E+00 0.0000E+00 1.4976E-08 1.4976E-08 0.0000E+00 0.0000E+00 1.4976E-08 6.30E-06 6.55E-06   0.038 1.0000 7.1296E-06    794.934
10071.00 0.94970143 1.7688E-24 0.0000E+00 0.0000E+00 1.4717E-08 1.4717E-08 0.0000E+00 0.0000E+00 1.4717E-08 6.15E-06 6.46E-06   0.052 1.0000 7.1221E-06    794.835
10081.00 0.96090716 1.3097E-24 0.0000E+00 0.0000E+00 1.4940E-08 1.4940E-08 0.0000E+00 0.0000E+00 1.4940E-08 6.26E-06 6.51E-06   0.040 1.0000 7.1031E-06    796.150
10091.00 0.95563596 1.4124E-24 0.0000E+00 0.0000E+00 1.4815E-08 1.4815E-08 0.0000E+00 0.0000E+00 1.4815E-08 6.18E-06 6.46E-06   0.045 1.0000 7.0846E-06    796.441
10101.00 0.94483042 1.6792E-24 0.0000E+00 0.0000E+00 1.4517E-08 1.4517E-08 0.0000E+00 0.0000E+00 1.4517E-08 6.01E-06 6.35E-06   0.057 1.0000 7.0367E-06    796.215
10111.00 0.95900935 1.1880E-24 0.0000E+00 0.0000E+00 1.4817E-08 1.4817E-08 0.0000E+00 0.0000E+00 1.4817E-08 6.16E-06 6.43E-06   0.042 1.0000 7.0192E-06    797.765
10121.00 0.94324458 1.5581E-24 0.0000E+00 0.0000E+00 1.4725E-08 1.4725E-08 0.0000E+00 0.0000E+00 1.4725E-08 6.08E-06 6.41E-06   0.058 1.0000 7.1091E-06    798.154
10131.00 0.93725544 1.6551E-24 0.0000E+00 0.0000E+00 1.4546E-08 1.4546E-08 0.0000E+00 0.0000E+00 1.4546E-08 5.97E-06 6.34E-06   0.065 1.0000 7.0756E-06    798.277
10141.00 0.94939768 1.2633E-24 0.0000E+00 0.0000E+00 1.4829E-08 1.4829E-08 0.0000E+00 0.0000E+00 1.4829E-08 6.11E-06 6.42E-06   0.052 1.0000 7.0813E-06    799.780
10151.00 0.90447861 2.2695E-24 0.0000E+00 0.0000E+00 1.4059E-08 1.4059E-08 0.0000E+00 0.0000E+00 1.4059E-08 5.69E-06 6.17E-06   0.100 1.0000 7.1130E-06    798.104
10161.00 0.91841060 1.8565E-24 0.0000E+00 0.0000E+00 1.4293E-08 1.4293E-08 0.0000E+00 0.0000E+00 1.4293E-08 5.80E-06 6.24E-06   0.085 1.0000 7.0884E-06    799.483
10171.00 0.88685787 2.4359E-24 0.0000E+00 0.0000E+00 1.3758E-08 1.3758E-08 0.0000E+00 0.0000E+00 1.3758E-08 5.53E-06 6.04E-06   0.120 1.0000 7.0885E-06    798.475
10181.00 0.88343257 2.4093E-24 0.0000E+00 0.0000E+00 1.3738E-08 1.3738E-08 0.0000E+00 0.0000E+00 1.3738E-08 5.49E-06 6.04E-06   0.124 1.0000 7.1238E-06    799.069
10191.00 0.90440518 1.8770E-24 0.0000E+00 0.0000E+00 1.4158E-08 1.4158E-08 0.0000E+00 0.0000E+00 1.4158E-08 5.68E-06 6.18E-06   0.100 1.0000 7.1342E-06    801.041
10201.00 0.83632720 3.0530E-24 0.0000E+00 0.0000E+00 1.2861E-08 1.2861E-08 0.0000E+00 0.0000E+00 1.2861E-08 5.06E-06 5.71E-06   0.179 1.0000 7.0727E-06    797.514
10211.00 0.81749105 3.2557E-24 0.0000E+00 0.0000E+00 1.2449E-08 1.2449E-08 0.0000E+00 0.0000E+00 1.2449E-08 4.85E-06 5.56E-06   0.202 1.0000 7.0352E-06    796.757
10221.00 0.82550466 2.9589E-24 0.0000E+00 0.0000E+00 1.2653E-08 1.2653E-08 0.0000E+00 0.0000E+00 1.2653E-08 4.94E-06 5.61E-06   0.192 1.0000 7.0526E-06    798.114
10231.00 0.87125421 2.0804E-24 0.0000E+00 0.0000E+00 1.3550E-08 1.3550E-08 0.0000E+00 0.0000E+00 1.3550E-08 5.35E-06 5.92E-06   0.138 1.0000 7.0865E-06    801.747
10241.00 0.76860470 3.5540E-24 0.0000E+00 0.0000E+00 1.1569E-08 1.1569E-08 0.0000E+00 0.0000E+00 1.1569E-08 4.40E-06 5.23E-06   0.263 1.0000 7.0343E-06    795.555
10251.00 0.78762168 3.1206E-24 0.0000E+00 0.0000E+00 1.2114E-08 1.2114E-08 0.0000E+00 0.0000E+00 1.2114E-08 4.64E-06 5.41E-06   0.239 1.0000 7.1175E-06    798.192
10261.00 0.78722984 2.9650E-24 0.0000E+00 0.0000E+00 1.1857E-08 1.1857E-08 0.0000E+00 0.0000E+00 1.1857E-08 4.52E-06 5.30E-06   0.239 1.0000 7.0004E-06    797.915
10271.00 0.78378481 2.8896E-24 0.0000E+00 0.0000E+00 1.1876E-08 1.1876E-08 0.0000E+00 0.0000E+00 1.1876E-08 4.51E-06 5.31E-06   0.244 1.0000 7.0253E-06    798.639
10281.00 0.83304274 2.1201E-24 0.0000E+00 0.0000E+00 1.2980E-08 1.2980E-08 0.0000E+00 0.0000E+00 1.2980E-08 5.00E-06 5.69E-06   0.183 1.0000 7.1074E-06    803.148
10291.00 0.85251266 1.7817E-24 0.0000E+00 0.0000E+00 1.3447E-08 1.3447E-08 0.0000E+00 0.0000E+00 1.3447E-08 5.23E-06 5.82E-06   0.160 1.0000 7.1198E-06    805.347
10301.00 0.86075526 1.5932E-24 0.0000E+00 0.0000E+00 1.3481E-08 1.3481E-08 0.0000E+00 0.0000E+00 1.3481E-08 5.24E-06 5.81E-06   0.150 1.0000 7.0598E-06    806.111
10311.00 0.84990752 1.6506E-24 0.0000E+00 0.0000E+00 1.3369E-08 1.3369E-08 0.0000E+00 0.0000E+00 1.3369E-08 5.15E-06 5.80E-06   0.163 1.0000 7.1065E-06    806.401
10321.00 0.84104800 1.6512E-24 0.0000E+00 0.0000E+00 1.3145E-08 1.3145E-08 0.0000E+00 0.0000E+00 1.3145E-08 5.02E-06 5.72E-06   0.173 1.0000 7.0834E-06    806.313
10331.00 0.84043509 1.5908E-24 0.0000E+00 0.0000E+00 1.3157E-08 1.3157E-08 0.0000E+00 0.0000E+00 1.3157E-08 5.06E-06 5.67E-06   0.174 1.0000 7.0410E-06    807.010
10341.00 0.70025253 2.8198E-24 0.0000E+00 0.0000E+00 1.0618E-08 1.0618E-08 0.0000E+00 0.0000E+00 1.0618E-08 3.87E-06 4.81E-06   0.356 1.0000 7.0807E-06    798.370
10351.00 0.68351966 2.8655E-24 0.0000E+00 0.0000E+00 1.0057E-08 1.0057E-08 0.0000E+00 0.0000E+00 1.0057E-08 3.61E-06 4.61E-06   0.380 1.0000 6.9482E-06    796.696
10361.00 0.68318421 2.7156E-24 0.0000E+00 0.0000E+00 1.0289E-08 1.0289E-08 0.0000E+00 0.0000E+00 1.0289E-08 3.71E-06 4.69E-06   0.381 1.0000 7.0420E-06    798.320
10371.00 0.62973034 3.0314E-24 0.0000E+00 0.0000E+00 9.5079E-09 9.5079E-09 0.0000E+00 0.0000E+00 9.5079E-09 3.41E-06 4.35E-06   0.462 1.0000 7.0259E-06    795.601
10381.00 0.70177501 2.3211E-24 0.0000E+00 0.0000E+00 1.0685E-08 1.0685E-08 0.0000E+00 0.0000E+00 1.0685E-08 3.87E-06 4.81E-06   0.354 1.0000 7.0297E-06    801.231
10391.00 0.57089031 3.1909E-24 0.0000E+00 0.0000E+00 8.4194E-09 8.4194E-09 0.0000E+00 0.0000E+00 8.4194E-09 2.89E-06 3.98E-06   0.561 1.0000 7.0152E-06    791.758
10401.00 0.66196686 2.3846E-24 0.0000E+00 0.0000E+00 1.0247E-08 1.0247E-08 0.0000E+00 0.0000E+00 1.0247E-08 3.64E-06 4.66E-06   0.413 1.0000 7.1156E-06    800.730
10411.00 0.61597538 2.5901E-24 0.0000E+00 0.0000E+00 9.1339E-09 9.1339E-09 0.0000E+00 0.0000E+00 9.1339E-09 3.17E-06 4.23E-06   0.485 1.0000 7.0090E-06    796.475
10421.00 0.49504265 3.2318E-24 0.0000E+00 0.0000E+00 7.2335E-09 7.2335E-09 0.0000E+00 0.0000E+00 7.2335E-09 2.37E-06 3.53E-06   0.703 1.0000 7.1097E-06    787.353
10431.00 0.56632018 2.6563E-24 0.0000E+00 0.0000E+00 8.5696E-09 8.5696E-09 0.0000E+00 0.0000E+00 8.5696E-09 2.93E-06 4.01E-06   0.569 1.0000 7.1282E-06    795.065
10441.00 0.66062790 1.9783E-24 0.0000E+00 0.0000E+00 1.0061E-08 1.0061E-08 0.0000E+00 0.0000E+00 1.0061E-08 3.54E-06 4.54E-06   0.415 1.0000 7.0319E-06    802.525
10451.00 0.50024593 2.7712E-24 0.0000E+00 0.0000E+00 7.3365E-09 7.3365E-09 0.0000E+00 0.0000E+00 7.3365E-09 2.39E-06 3.56E-06   0.693 1.0000 7.0411E-06    789.849
10461.00 0.50119776 2.6323E-24 0.0000E+00 0.0000E+00 7.3067E-09 7.3067E-09 0.0000E+00 0.0000E+00 7.3067E-09 2.40E-06 3.52E-06   0.691 1.0000 7.0152E-06    790.316
10471.00 0.53475934 2.3380E-24 0.0000E+00 0.0000E+00 7.4893E-09 7.4893E-09 0.0000E+00 0.0000E+00 7.4893E-09 2.47E-06 3.56E-06   0.626 1.0000 6.6482E-06    791.979
10481.00 0.56872588 2.0731E-24 0.0000E+00 0.0000E+00 8.4284E-09 8.4284E-09 0.0000E+00 0.0000E+00 8.4284E-09 2.82E-06 3.94E-06   0.564 1.0000 6.9292E-06    797.568
10491.00 0.51636565 2.2000E-24 0.0000E+00 0.0000E+00 7.6207E-09 7.6207E-09 0.0000E+00 0.0000E+00 7.6207E-09 2.49E-06 3.64E-06   0.661 1.0000 7.0576E-06    793.979
10501.00 0.38942724 2.6559E-24 0.0000E+00 0.0000E+00 5.4858E-09 5.4858E-09 0.0000E+00 0.0000E+00 5.4858E-09 1.63E-06 2.83E-06   0.943 1.0000 7.1082E-06    781.113
10511.00 0.64308113 1.4862E-24 0.0000E+00 0.0000E+00 9.8073E-09 9.8073E-09 0.0000E+00 0.0000E+00 9.8073E-09 3.31E-06 4.47E-06   0.441 1.0000 7.0870E-06    805.945
10521.00 0.43570969 2.2125E-24 0.0000E+00 0.0000E+00 6.3515E-09 6.3515E-09 0.0000E+00 0.0000E+00 6.3515E-09 2.01E-06 3.09E-06   0.831 1.0000 7.0837E-06    788.340
10531.00 0.45708612 2.0516E-24 0.0000E+00 0.0000E+00 6.8196E-09 6.8196E-09 0.0000E+00 0.0000E+00 6.8196E-09 2.17E-06 3.28E-06   0.783 1.0000 7.1337E-06    791.904
10541.00 0.50536060 1.7615E-24 0.0000E+00 0.0000E+00 7.5590E-09 7.5590E-09 0.0000E+00 0.0000E+00 7.5590E-09 2.45E-06 3.56E-06   0.682 1.0000 7.1238E-06    796.825
10551.00 0.45590800 1.8574E-24 0.0000E+00 0.0000E+00 6.7319E-09 6.7319E-09 0.0000E+00 0.0000E+00 6.7319E-09 2.13E-06 3.24E-06   0.785 1.0000 7.1123E-06    792.636
10561.00 0.46809623 1.7244E-24 0.0000E+00 0.0000E+00 6.8570E-09 6.8570E-09 0.0000E+00 0.0000E+00 6.8570E-09 2.16E-06 3.30E-06   0.759 1.0000 7.0759E-06    794.033
10571.00 0.39380959 1.8761E-24 0.0000E+00 0.0000E+00 5.6653E-09 5.6653E-09 0.0000E+00 0.0000E+00 5.6653E-09 1.72E-06 2.81E-06   0.932 1.0000 7.0632E-06    786.818
10581.00 0.50638044 1.4508E-24 0.0000E+00 0.0000E+00 7.4648E-09 7.4648E-09 0.0000E+00 0.0000E+00 7.4648E-09 2.37E-06 3.53E-06   0.680 1.0000 7.0083E-06    798.845
10591.00 0.36780158 1.7798E-24 0.0000E+00 0.0000E+00 5.1626E-09 5.1626E-09 0.0000E+00 0.0000E+00 5.1626E-09 1.55E-06 2.58E-06   1.000 1.0000 6.9242E-06    784.307
10601.00 0.44189352 1.4856E-24 0.0000E+00 0.0000E+00 6.4061E-09 6.4061E-09 0.0000E+00 0.0000E+00 6.4061E-09 1.99E-06 3.07E-06   0.817 1.0000 7.0103E-06    793.748
10611.00 0.51405233 1.2412E-24 0.0000E+00 0.0000E+00 7.5129E-09 7.5129E-09 0.0000E+00 0.0000E+00 7.5129E-09 2.36E-06 3.54E-06   0.665 1.0000 7.0013E-06    801.023
10621.00 0.55148065 1.0857E-24 0.0000E+00 0.0000E+00 7.6704E-09 7.6704E-09 0.0000E+00 0.0000E+00 7.6704E-09 2.42E-06 3.58E-06   0.595 1.0000 6.6904E-06    802.532
10631.00 0.54988641 1.0404E-24 0.0000E+00 0.0000E+00 7.9865E-09 7.9865E-09 0.0000E+00 0.0000E+00 7.9865E-09 2.51E-06 3.73E-06   0.598 1.0000 6.9249E-06    804.876
10641.00 0.66383076 7.4040E-25 0.0000E+00 0.0000E+00 1.0372E-08 1.0372E-08 0.0000E+00 0.0000E+00 1.0372E-08 3.45E-06 4.57E-06   0.410 1.0000 7.0679E-06    816.745
10651.00 0.46653044 1.1120E-24 0.0000E+00 0.0000E+00 6.9510E-09 6.9510E-09 0.0000E+00 0.0000E+00 6.9510E-09 2.18E-06 3.25E-06   0.762 1.0000 7.0860E-06    800.304
10661.00 0.32307410 1.3504E-24 0.0000E+00 0.0000E+00 4.4488E-09 4.4488E-09 0.0000E+00 0.0000E+00 4.4488E-09 1.22E-06 2.33E-06   1.130 1.0000 7.1135E-06    782.700
10671.00 0.31158257 1.3089E-24 0.0000E+00 0.0000E+00 4.2430E-09 4.2430E-09 0.0000E+00 0.0000E+00 4.2430E-09 1.14E-06 2.25E-06   1.166 1.0000 7.1053E-06    781.433
10681.00 0.34005499 1.1911E-24 0.0000E+00 0.0000E+00 4.7260E-09 4.7260E-09 0.0000E+00 0.0000E+00 4.7260E-09 1.31E-06 2.42E-06   1.079 1.0000 7.0271E-06    786.368
10691.00 0.38446045 1.0628E-24 0.0000E+00 0.0000E+00 5.6262E-09 5.6262E-09 0.0000E+00 0.0000E+00 5.6262E-09 1.66E-06 2.74E-06   0.956 1.0000 7.0496E-06    794.075
10701.00 0.23379819 1.2567E-24 0.0000E+00 0.0000E+00 3.2226E-09 3.2226E-09 0.0000E+00 0.0000E+00 3.2226E-09 8.34E-07 1.76E-06   1.453 1.0000 7.1224E-06    772.483
10711.00 0.31614798 1.0715E-24 0.0000E+00 0.0000E+00 4.4689E-09 4.4689E-09 0.0000E+00 0.0000E+00 4.4689E-09 1.19E-06 2.36E-06   1.152 1.0000 7.1299E-06    785.989
10721.00 0.35693294 9.5692E-25 0.0000E+00 0.0000E+00 5.2044E-09 5.2044E-09 0.0000E+00 0.0000E+00 5.2044E-09 1.45E-06 2.64E-06   1.030 1.0000 7.1129E-06    792.769
10731.00 0.40219796 8.4933E-25 0.0000E+00 0.0000E+00 6.1329E-09 6.1329E-09 0.0000E+00 0.0000E+00 6.1329E-09 1.82E-06 2.93E-06   0.911 1.0000 7.0795E-06    800.145
10741.00 0.53157383 6.3339E-25 0.0000E+00 0.0000E+00 8.4573E-09 8.4573E-09 0.0000E+00 0.0000E+00 8.4573E-09 2.65E-06 3.81E-06   0.632 1.0000 7.1186E-06    814.335
10751.00 0.58202779 5.3791E-25 0.0000E+00 0.0000E+00 9.3116E-09 9.3116E-09 0.0000E+00 0.0000E+00 9.3116E-09 2.96E-06 4.12E-06   0.541 1.0000 7.0904E-06    819.126
10761.00 0.66980362 4.0502E-25 0.0000E+00 0.0000E+00 1.0839E-08 1.0839E-08 0.0000E+00 0.0000E+00 1.0839E-08 3.55E-06 4.64E-06   0.401 1.0000 7.0349E-06    826.414
10771.00 0.68983674 3.6245E-25 0.0000E+00 0.0000E+00 1.1308E-08 1.1308E-08 0.0000E+00 0.0000E+00 1.1308E-08 3.72E-06 4.80E-06   0.371 1.0000 7.1304E-06    828.933
10781.00 0.79583383 2.2849E-25 0.0000E+00 0.0000E+00 1.3366E-08 1.3366E-08 0.0000E+00 0.0000E+00 1.3366E-08 4.56E-06 5.44E-06   0.228 1.0000 7.1406E-06    837.063
10791.00 0.85897011 1.4871E-25 0.0000E+00 0.0000E+00 1.4465E-08 1.4465E-08 0.0000E+00 0.0000E+00 1.4465E-08 5.05E-06 5.74E-06   0.152 1.0000 6.9990E-06    841.301
10801.00 0.85442764 1.4710E-25 0.0000E+00 0.0000E+00 1.3999E-08 1.3999E-08 0.0000E+00 0.0000E+00 1.3999E-08 4.87E-06 5.54E-06   0.157 1.0000 6.8221E-06    840.462
10811.00 0.82892591 1.6403E-25 0.0000E+00 0.0000E+00 1.3843E-08 1.3843E-08 0.0000E+00 0.0000E+00 1.3843E-08 4.79E-06 5.50E-06   0.188 1.0000 6.9842E-06    840.604
10821.00 0.82086486 1.6399E-25 0.0000E+00 0.0000E+00 1.3548E-08 1.3548E-08 0.0000E+00 0.0000E+00 1.3548E-08 4.64E-06 5.42E-06   0.197 1.0000 6.9254E-06    840.277
10831.00 0.85874772 1.2334E-25 0.0000E+00 0.0000E+00 1.3828E-08 1.3828E-08 0.0000E+00 0.0000E+00 1.3828E-08 4.81E-06 5.43E-06   0.152 1.0000 6.6572E-06    841.859
10841.00 0.87034178 1.0713E-25 0.0000E+00 0.0000E+00 1.4695E-08 1.4695E-08 0.0000E+00 0.0000E+00 1.4695E-08 5.16E-06 5.69E-06   0.139 1.0000 6.8867E-06    845.285
10851.00 0.83766299 1.2860E-25 0.0000E+00 0.0000E+00 1.3928E-08 1.3928E-08 0.0000E+00 0.0000E+00 1.3928E-08 4.81E-06 5.46E-06   0.177 1.0000 6.8426E-06    843.488
10861.00 0.89210188 8.1582E-26 0.0000E+00 0.0000E+00 1.5367E-08 1.5367E-08 0.0000E+00 0.0000E+00 1.5367E-08 5.38E-06 5.92E-06   0.114 1.0000 6.9906E-06    848.647
10871.00 0.82268804 1.2650E-25 0.0000E+00 0.0000E+00 1.4267E-08 1.4267E-08 0.0000E+00 0.0000E+00 1.4267E-08 4.94E-06 5.56E-06   0.195 1.0000 7.0910E-06    845.891
10881.00 0.83460683 1.1255E-25 0.0000E+00 0.0000E+00 1.4540E-08 1.4540E-08 0.0000E+00 0.0000E+00 1.4540E-08 5.00E-06 5.67E-06   0.181 1.0000 7.1322E-06    847.411
10891.00 0.74606264 1.6422E-25 0.0000E+00 0.0000E+00 1.2603E-08 1.2603E-08 0.0000E+00 0.0000E+00 1.2603E-08 4.20E-06 5.06E-06   0.293 1.0000 7.0869E-06    841.553
10901.00 0.73440063 1.6552E-25 0.0000E+00 0.0000E+00 1.2220E-08 1.2220E-08 0.0000E+00 0.0000E+00 1.2220E-08 4.02E-06 4.94E-06   0.309 1.0000 7.0299E-06    840.805
10911.00 0.80863428 1.1243E-25 0.0000E+00 0.0000E+00 1.3932E-08 1.3932E-08 0.0000E+00 0.0000E+00 1.3932E-08 4.70E-06 5.47E-06   0.212 1.0000 7.1167E-06    847.408
10921.00 0.66660404 1.8717E-25 0.0000E+00 0.0000E+00 1.1163E-08 1.1163E-08 0.0000E+00 0.0000E+00 1.1163E-08 3.61E-06 4.57E-06   0.406 1.0000 7.1418E-06    838.037
10931.00 0.82273251 9.5322E-26 0.0000E+00 0.0000E+00 1.4079E-08 1.4079E-08 0.0000E+00 0.0000E+00 1.4079E-08 4.72E-06 5.51E-06   0.195 1.0000 7.0585E-06    849.192
10941.00 0.70837039 1.4766E-25 0.0000E+00 0.0000E+00 1.2125E-08 1.2125E-08 0.0000E+00 0.0000E+00 1.2125E-08 3.97E-06 4.86E-06   0.345 1.0000 7.1797E-06    843.041
10951.00 0.70880210 1.4210E-25 0.0000E+00 0.0000E+00 1.2141E-08 1.2141E-08 0.0000E+00 0.0000E+00 1.2141E-08 3.93E-06 4.89E-06   0.344 1.0000 7.2169E-06    843.747
10961.00 0.78770864 9.7618E-26 0.0000E+00 0.0000E+00 1.3619E-08 1.3619E-08 0.0000E+00 0.0000E+00 1.3619E-08 4.55E-06 5.30E-06   0.239 1.0000 7.0517E-06    849.622
10971.00 0.81161374 8.2886E-26 0.0000E+00 0.0000E+00 1.3919E-08 1.3919E-08 0.0000E+00 0.0000E+00 1.3919E-08 4.67E-06 5.38E-06   0.209 1.0000 6.9688E-06    851.269
10981.00 0.74592745 1.0648E-25 0.0000E+00 0.0000E+00 1.2861E-08 1.2861E-08 0.0000E+00 0.0000E+00 1.2861E-08 4.23E-06 5.06E-06   0.293 1.0000 7.0849E-06    848.304
10991.00 0.76194316 9.5149E-26 0.0000E+00 0.0000E+00 1.2903E-08 1.2903E-08 0.0000E+00 0.0000E+00 1.2903E-08 4.24E-06 5.05E-06   0.272 1.0000 6.9574E-06    849.100
11001.00 0.75115395 9.4594E-26 0.0000E+00 0.0000E+00 1.2708E-08 1.2708E-08 0.0000E+00 0.0000E+00 1.2708E-08 4.18E-06 4.95E-06   0.286 1.0000 6.8715E-06    849.055
11011.00 0.74642742 9.1876E-26 0.0000E+00 0.0000E+00 1.2868E-08 1.2868E-08 0.0000E+00 0.0000E+00 1.2868E-08 4.24E-06 5.00E-06   0.292 1.0000 7.0129E-06    850.275
11021.00 0.75674421 8.3909E-26 0.0000E+00 0.0000E+00 1.3339E-08 1.3339E-08 0.0000E+00 0.0000E+00 1.3339E-08 4.37E-06 5.17E-06   0.279 1.0000 7.1591E-06    852.565
11031.00 0.81463808 6.0973E-26 0.0000E+00 0.0000E+00 1.4227E-08 1.4227E-08 0.0000E+00 0.0000E+00 1.4227E-08 4.72E-06 5.42E-06   0.205 1.0000 6.9952E-06    856.181
11041.00 0.87368512 3.9471E-26 0.0000E+00 0.0000E+00 1.5910E-08 1.5910E-08 0.0000E+00 0.0000E+00 1.5910E-08 5.38E-06 5.92E-06   0.135 1.0000 7.1647E-06    862.029
11051.00 0.88212681 3.5082E-26 0.0000E+00 0.0000E+00 1.6171E-08 1.6171E-08 0.0000E+00 0.0000E+00 1.6171E-08 5.46E-06 6.01E-06   0.125 1.0000 7.2125E-06    863.446
11061.00 0.89560568 2.9705E-26 0.0000E+00 0.0000E+00 1.6482E-08 1.6482E-08 0.0000E+00 0.0000E+00 1.6482E-08 5.58E-06 6.09E-06   0.110 1.0000 7.1991E-06    864.996
11071.00 0.82877642 4.5906E-26 0.0000E+00 0.0000E+00 1.4903E-08 1.4903E-08 0.0000E+00 0.0000E+00 1.4903E-08 4.94E-06 5.60E-06   0.188 1.0000 7.1309E-06    860.938
11081.00 0.76184440 6.1276E-26 0.0000E+00 0.0000E+00 1.3132E-08 1.3132E-08 0.0000E+00 0.0000E+00 1.3132E-08 4.27E-06 5.02E-06   0.272 1.0000 6.9276E-06    855.737
11091.00 0.77266973 5.5686E-26 0.0000E+00 0.0000E+00 1.2800E-08 1.2800E-08 0.0000E+00 0.0000E+00 1.2800E-08 4.16E-06 4.88E-06   0.258 1.0000 6.6409E-06    855.212
11101.00 0.73115188 6.2579E-26 0.0000E+00 0.0000E+00 1.2562E-08 1.2562E-08 0.0000E+00 0.0000E+00 1.2562E-08 4.02E-06 4.84E-06   0.313 1.0000 6.9341E-06    854.998
11111.00 0.78942901 4.6886E-26 0.0000E+00 0.0000E+00 1.4010E-08 1.4010E-08 0.0000E+00 0.0000E+00 1.4010E-08 4.59E-06 5.25E-06   0.236 1.0000 6.9855E-06    860.671
11121.00 0.63797665 7.6557E-26 0.0000E+00 0.0000E+00 1.1064E-08 1.1064E-08 0.0000E+00 0.0000E+00 1.1064E-08 3.42E-06 4.40E-06   0.449 1.0000 7.1540E-06    850.512
11131.00 0.79340529 4.1784E-26 0.0000E+00 0.0000E+00 1.4439E-08 1.4439E-08 0.0000E+00 0.0000E+00 1.4439E-08 4.71E-06 5.40E-06   0.231 1.0000 7.1521E-06    863.371
11141.00 0.78358424 4.1503E-26 0.0000E+00 0.0000E+00 1.4106E-08 1.4106E-08 0.0000E+00 0.0000E+00 1.4106E-08 4.55E-06 5.32E-06   0.244 1.0000 7.1081E-06    862.935
11151.00 0.77070498 4.1894E-26 0.0000E+00 0.0000E+00 1.3925E-08 1.3925E-08 0.0000E+00 0.0000E+00 1.3925E-08 4.48E-06 5.25E-06   0.260 1.0000 7.1052E-06    862.983
11161.00 0.83210295 2.9214E-26 0.0000E+00 0.0000E+00 1.5514E-08 1.5514E-08 0.0000E+00 0.0000E+00 1.5514E-08 5.06E-06 5.73E-06   0.184 1.0000 7.2334E-06    868.681
11171.00 0.85741085 2.3742E-26 0.0000E+00 0.0000E+00 1.5646E-08 1.5646E-08 0.0000E+00 0.0000E+00 1.5646E-08 5.12E-06 5.74E-06   0.154 1.0000 7.0471E-06    869.733
11181.00 0.90359026 1.5272E-26 0.0000E+00 0.0000E+00 1.6746E-08 1.6746E-08 0.0000E+00 0.0000E+00 1.6746E-08 5.55E-06 6.04E-06   0.101 1.0000 7.0589E-06    873.596
11191.00 0.91046429 1.3418E-26 0.0000E+00 0.0000E+00 1.7087E-08 1.7087E-08 0.0000E+00 0.0000E+00 1.7087E-08 5.66E-06 6.14E-06   0.094 1.0000 7.1368E-06    875.207
11201.00 0.93539369 9.3087E-27 0.0000E+00 0.0000E+00 1.7317E-08 1.7317E-08 0.0000E+00 0.0000E+00 1.7317E-08 5.78E-06 6.15E-06   0.067 1.0000 6.9786E-06    876.499
11211.00 0.94421917 7.6076E-27 0.0000E+00 0.0000E+00 1.7898E-08 1.7898E-08 0.0000E+00 0.0000E+00 1.7898E-08 5.98E-06 6.32E-06   0.057 1.0000 7.1244E-06    878.732
11221.00 0.95421904 5.9437E-27 0.0000E+00 0.0000E+00 1.8305E-08 1.8305E-08 0.0000E+00 0.0000E+00 1.8305E-08 6.13E-06 6.43E-06   0.047 1.0000 7.1611E-06    880.465
11231.00 0.95219630 5.9036E-27 0.0000E+00 0.0000E+00 1.8398E-08 1.8398E-08 0.0000E+00 0.0000E+00 1.8398E-08 6.15E-06 6.45E-06   0.049 1.0000 7.2119E-06    881.365
11241.00 0.95464987 5.3482E-27 0.0000E+00 0.0000E+00 1.8314E-08 1.8314E-08 0.0000E+00 0.0000E+00 1.8314E-08 6.12E-06 6.40E-06   0.046 1.0000 7.1417E-06    881.801
11251.00 0.95601046 4.9205E-27 0.0000E+00 0.0000E+00 1.8436E-08 1.8436E-08 0.0000E+00 0.0000E+00 1.8436E-08 6.15E-06 6.43E-06   0.045 1.0000 7.1598E-06    882.777
11261.00 0.94995952 5.3527E-27 0.0000E+00 0.0000E+00 1.8152E-08 1.8152E-08 0.0000E+00 0.0000E+00 1.8152E-08 6.03E-06 6.34E-06   0.051 1.0000 7.1006E-06    882.687
11271.00 0.95611364 4.4573E-27 0.0000E+00 0.0000E+00 1.8014E-08 1.8014E-08 0.0000E+00 0.0000E+00 1.8014E-08 5.99E-06 6.26E-06   0.045 1.0000 6.9712E-06    882.974
11281.00 0.95240885 4.6012E-27 0.0000E+00 0.0000E+00 1.7343E-08 1.7343E-08 0.0000E+00 0.0000E+00 1.7343E-08 5.74E-06 6.03E-06   0.049 1.0000 6.7401E-06    881.809
11291.00 0.95247161 4.3916E-27 0.0000E+00 0.0000E+00 1.8383E-08 1.8383E-08 0.0000E+00 0.0000E+00 1.8383E-08 6.08E-06 6.37E-06   0.049 1.0000 7.1282E-06    885.262
11301.00 0.95780724 3.7063E-27 0.0000E+00 0.0000E+00 1.8576E-08 1.8576E-08 0.0000E+00 0.0000E+00 1.8576E-08 6.14E-06 6.41E-06   0.043 1.0000 7.1331E-06    886.422
11311.00 0.95726079 3.5714E-27 0.0000E+00 0.0000E+00 1.8339E-08 1.8339E-08 0.0000E+00 0.0000E+00 1.8339E-08 6.05E-06 6.32E-06   0.044 1.0000 7.0365E-06    886.459
11321.00 0.95664817 3.4543E-27 0.0000E+00 0.0000E+00 1.8581E-08 1.8581E-08 0.0000E+00 0.0000E+00 1.8581E-08 6.12E-06 6.40E-06   0.044 1.0000 7.1226E-06    887.747
11331.00 0.95657009 3.2900E-27 0.0000E+00 0.0000E+00 1.8222E-08 1.8222E-08 0.0000E+00 0.0000E+00 1.8222E-08 5.99E-06 6.26E-06   0.044 1.0000 6.9746E-06    887.461
11341.00 0.95665640 3.1311E-27 0.0000E+00 0.0000E+00 1.8565E-08 1.8565E-08 0.0000E+00 0.0000E+00 1.8565E-08 6.09E-06 6.37E-06   0.044 1.0000 7.0920E-06    889.017
11351.00 0.95733154 2.9344E-27 0.0000E+00 0.0000E+00 1.7597E-08 1.7597E-08 0.0000E+00 0.0000E+00 1.7597E-08 5.77E-06 6.02E-06   0.044 1.0000 6.7048E-06    887.086
11361.00 0.95739639 2.7911E-27 0.0000E+00 0.0000E+00 1.8640E-08 1.8640E-08 0.0000E+00 0.0000E+00 1.8640E-08 6.10E-06 6.37E-06   0.044 1.0000 7.0885E-06    890.525
11371.00 0.95850968 2.5870E-27 0.0000E+00 0.0000E+00 1.8455E-08 1.8455E-08 0.0000E+00 0.0000E+00 1.8455E-08 6.03E-06 6.29E-06   0.042 1.0000 6.9944E-06    890.697
11381.00 0.95770472 2.5112E-27 0.0000E+00 0.0000E+00 1.8908E-08 1.8908E-08 0.0000E+00 0.0000E+00 1.8908E-08 6.16E-06 6.43E-06   0.043 1.0000 7.1623E-06    892.529
11391.00 0.95827359 2.3601E-27 0.0000E+00 0.0000E+00 1.8794E-08 1.8794E-08 0.0000E+00 0.0000E+00 1.8794E-08 6.12E-06 6.38E-06   0.043 1.0000 7.1013E-06    892.892
11401.00 0.95836282 2.2423E-27 0.0000E+00 0.0000E+00 1.8877E-08 1.8877E-08 0.0000E+00 0.0000E+00 1.8877E-08 6.13E-06 6.40E-06   0.043 1.0000 7.1195E-06    893.762
11411.00 0.95812440 2.1472E-27 0.0000E+00 0.0000E+00 1.8825E-08 1.8825E-08 0.0000E+00 0.0000E+00 1.8825E-08 6.10E-06 6.37E-06   0.043 1.0000 7.0904E-06    894.283
11421.00 0.95841700 2.0308E-27 0.0000E+00 0.0000E+00 1.8301E-08 1.8301E-08 0.0000E+00 0.0000E+00 1.8301E-08 5.92E-06 6.18E-06   0.042 1.0000 6.8786E-06    893.564
11431.00 0.95834923 1.9369E-27 0.0000E+00 0.0000E+00 1.8624E-08 1.8624E-08 0.0000E+00 0.0000E+00 1.8624E-08 6.02E-06 6.28E-06   0.043 1.0000 6.9893E-06    895.072
11441.00 0.95823771 1.8493E-27 0.0000E+00 0.0000E+00 1.8756E-08 1.8756E-08 0.0000E+00 0.0000E+00 1.8756E-08 6.05E-06 6.31E-06   0.043 1.0000 7.0284E-06    896.071
11451.00 0.95837754 1.7553E-27 0.0000E+00 0.0000E+00 1.8945E-08 1.8945E-08 0.0000E+00 0.0000E+00 1.8945E-08 6.10E-06 6.36E-06   0.043 1.0000 7.0859E-06    897.216
11461.00 0.95837528 1.6715E-27 0.0000E+00 0.0000E+00 1.9190E-08 1.9190E-08 0.0000E+00 0.0000E+00 1.9190E-08 6.16E-06 6.43E-06   0.043 1.0000 7.1660E-06    898.501
11471.00 0.95830274 1.5944E-27 0.0000E+00 0.0000E+00 1.8899E-08 1.8899E-08 0.0000E+00 0.0000E+00 1.8899E-08 6.06E-06 6.32E-06   0.043 1.0000 7.0465E-06    898.406
11481.00 0.95811629 1.5252E-27 0.0000E+00 0.0000E+00 1.9036E-08 1.9036E-08 0.0000E+00 0.0000E+00 1.9036E-08 6.09E-06 6.36E-06   0.043 1.0000 7.0883E-06    899.417
11491.00 0.95815372 1.4510E-27 0.0000E+00 0.0000E+00 1.9049E-08 1.9049E-08 0.0000E+00 0.0000E+00 1.9049E-08 6.08E-06 6.35E-06   0.043 1.0000 7.0811E-06    900.106
11501.00 0.95807391 1.3844E-27 0.0000E+00 0.0000E+00 1.8616E-08 1.8616E-08 0.0000E+00 0.0000E+00 1.8616E-08 5.94E-06 6.20E-06   0.043 1.0000 6.9103E-06    899.635
11511.00 0.95800334 1.3205E-27 0.0000E+00 0.0000E+00 1.8529E-08 1.8529E-08 0.0000E+00 0.0000E+00 1.8529E-08 5.90E-06 6.15E-06   0.043 1.0000 6.8667E-06    900.059
11521.00 0.95787865 1.2611E-27 0.0000E+00 0.0000E+00 1.8624E-08 1.8624E-08 0.0000E+00 0.0000E+00 1.8624E-08 5.92E-06 6.18E-06   0.043 1.0000 6.8922E-06    900.965
11531.00 0.95778131 1.2037E-27 0.0000E+00 0.0000E+00 1.7954E-08 1.7954E-08 0.0000E+00 0.0000E+00 1.7954E-08 5.69E-06 5.94E-06   0.043 1.0000 6.6351E-06    899.828
11541.00 0.95771861 1.1479E-27 0.0000E+00 0.0000E+00 1.4301E-08 1.4301E-08 0.0000E+00 0.0000E+00 1.4301E-08 4.53E-06 4.73E-06   0.043 1.0000 5.2774E-06    889.509
11551.00 0.95755273 1.0974E-27 0.0000E+00 0.0000E+00 1.8209E-08 1.8209E-08 0.0000E+00 0.0000E+00 1.8209E-08 5.75E-06 6.01E-06   0.043 1.0000 6.7102E-06    901.824
11561.00 0.95745337 1.0474E-27 0.0000E+00 0.0000E+00 1.9154E-08 1.9154E-08 0.0000E+00 0.0000E+00 1.9154E-08 6.04E-06 6.31E-06   0.043 1.0000 7.0485E-06    904.963
11571.00 0.95743138 9.9793E-28 0.0000E+00 0.0000E+00 1.9535E-08 1.9535E-08 0.0000E+00 0.0000E+00 1.9535E-08 6.15E-06 6.42E-06   0.044 1.0000 7.1778E-06    906.588
11581.00 0.95721251 9.5508E-28 0.0000E+00 0.0000E+00 1.9431E-08 1.9431E-08 0.0000E+00 0.0000E+00 1.9431E-08 6.10E-06 6.38E-06   0.044 1.0000 7.1315E-06    906.980
11591.00 0.95663983 9.2168E-28 0.0000E+00 0.0000E+00 1.9451E-08 1.9451E-08 0.0000E+00 0.0000E+00 1.9451E-08 6.10E-06 6.37E-06   0.044 1.0000 7.1338E-06    907.685
11601.00 0.95697051 8.7110E-28 0.0000E+00 0.0000E+00 1.9173E-08 1.9173E-08 0.0000E+00 0.0000E+00 1.9173E-08 6.00E-06 6.27E-06   0.044 1.0000 7.0173E-06    907.629
11611.00 0.95630687 8.4202E-28 0.0000E+00 0.0000E+00 1.9157E-08 1.9157E-08 0.0000E+00 0.0000E+00 1.9157E-08 5.98E-06 6.25E-06   0.045 1.0000 7.0074E-06    908.243
11621.00 0.95655155 7.9753E-28 0.0000E+00 0.0000E+00 1.9381E-08 1.9381E-08 0.0000E+00 0.0000E+00 1.9381E-08 6.04E-06 6.32E-06   0.044 1.0000 7.0763E-06    909.473
11631.00 0.95582557 7.7168E-28 0.0000E+00 0.0000E+00 1.9252E-08 1.9252E-08 0.0000E+00 0.0000E+00 1.9252E-08 5.99E-06 6.26E-06   0.045 1.0000 7.0263E-06    909.797
11641.00 0.95515001 7.4668E-28 0.0000E+00 0.0000E+00 1.9231E-08 1.9231E-08 0.0000E+00 0.0000E+00 1.9231E-08 5.97E-06 6.25E-06   0.046 1.0000 7.0154E-06    910.397
11651.00 0.95567626 7.0234E-28 0.0000E+00 0.0000E+00 1.9276E-08 1.9276E-08 0.0000E+00 0.0000E+00 1.9276E-08 5.97E-06 6.25E-06   0.045 1.0000 7.0154E-06    911.167
11661.00 0.95288509 7.1066E-28 0.0000E+00 0.0000E+00 1.9567E-08 1.9567E-08 0.0000E+00 0.0000E+00 1.9567E-08 6.04E-06 6.34E-06   0.048 1.0000 7.1406E-06    912.566
11671.00 0.95499849 6.4688E-28 0.0000E+00 0.0000E+00 1.9690E-08 1.9690E-08 0.0000E+00 0.0000E+00 1.9690E-08 6.08E-06 6.36E-06   0.046 1.0000 7.1519E-06    913.533
11681.00 0.95355648 6.3497E-28 0.0000E+00 0.0000E+00 1.9354E-08 1.9354E-08 0.0000E+00 0.0000E+00 1.9354E-08 5.96E-06 6.25E-06   0.048 1.0000 7.0342E-06    913.332
11691.00 0.95269889 6.1655E-28 0.0000E+00 0.0000E+00 1.8756E-08 1.8756E-08 0.0000E+00 0.0000E+00 1.8756E-08 5.76E-06 6.05E-06   0.048 1.0000 6.8153E-06    912.431
11701.00 0.95172834 5.9831E-28 0.0000E+00 0.0000E+00 1.4058E-08 1.4058E-08 0.0000E+00 0.0000E+00 1.4058E-08 4.31E-06 4.53E-06   0.049 1.0000 5.1054E-06    899.025
11711.00 0.94990873 5.9214E-28 0.0000E+00 0.0000E+00 1.6774E-08 1.6774E-08 0.0000E+00 0.0000E+00 1.6774E-08 5.13E-06 5.39E-06   0.051 1.0000 6.0975E-06    908.236
11721.00 0.95279300 5.3104E-28 0.0000E+00 0.0000E+00 1.9191E-08 1.9191E-08 0.0000E+00 0.0000E+00 1.9191E-08 5.86E-06 6.15E-06   0.048 1.0000 6.9393E-06    915.529
11731.00 0.95010781 5.3401E-28 0.0000E+00 0.0000E+00 1.9448E-08 1.9448E-08 0.0000E+00 0.0000E+00 1.9448E-08 5.92E-06 6.23E-06   0.051 1.0000 7.0489E-06    916.843
11741.00 0.94678104 5.4237E-28 0.0000E+00 0.0000E+00 1.8811E-08 1.8811E-08 0.0000E+00 0.0000E+00 1.8811E-08 5.71E-06 6.03E-06   0.055 1.0000 6.8430E-06    915.841
11751.00 0.94946307 4.9141E-28 0.0000E+00 0.0000E+00 1.9582E-08 1.9582E-08 0.0000E+00 0.0000E+00 1.9582E-08 5.94E-06 6.25E-06   0.052 1.0000 7.0799E-06    918.496
11761.00 0.95163929 4.4725E-28 0.0000E+00 0.0000E+00 1.7436E-08 1.7436E-08 0.0000E+00 0.0000E+00 1.7436E-08 5.29E-06 5.55E-06   0.050 1.0000 6.2711E-06    913.390
11771.00 0.95108432 4.3066E-28 0.0000E+00 0.0000E+00 1.8713E-08 1.8713E-08 0.0000E+00 0.0000E+00 1.8713E-08 5.66E-06 5.95E-06   0.050 1.0000 6.7248E-06    917.541
11781.00 0.95066530 4.1367E-28 0.0000E+00 0.0000E+00 1.9891E-08 1.9891E-08 0.0000E+00 0.0000E+00 1.9891E-08 6.01E-06 6.32E-06   0.051 1.0000 7.1404E-06    921.240
11791.00 0.94978225 4.0101E-28 0.0000E+00 0.0000E+00 1.9889E-08 1.9889E-08 0.0000E+00 0.0000E+00 1.9889E-08 5.99E-06 6.31E-06   0.052 1.0000 7.1364E-06    921.890
11801.00 0.95367974 3.5222E-28 0.0000E+00 0.0000E+00 1.9597E-08 1.9597E-08 0.0000E+00 0.0000E+00 1.9597E-08 5.90E-06 6.19E-06   0.047 1.0000 6.9763E-06    921.803
11811.00 0.95173848 3.4888E-28 0.0000E+00 0.0000E+00 1.9638E-08 1.9638E-08 0.0000E+00 0.0000E+00 1.9638E-08 5.90E-06 6.20E-06   0.049 1.0000 7.0000E-06    922.563
11821.00 0.95064956 3.4046E-28 0.0000E+00 0.0000E+00 1.9961E-08 1.9961E-08 0.0000E+00 0.0000E+00 1.9961E-08 5.98E-06 6.29E-06   0.051 1.0000 7.1140E-06    924.033
11831.00 0.95086414 3.2235E-28 0.0000E+00 0.0000E+00 1.9961E-08 1.9961E-08 0.0000E+00 0.0000E+00 1.9961E-08 5.97E-06 6.28E-06   0.050 1.0000 7.1007E-06    924.689
11841.00 0.94671679 3.3259E-28 0.0000E+00 0.0000E+00 1.9653E-08 1.9653E-08 0.0000E+00 0.0000E+00 1.9653E-08 5.86E-06 6.18E-06   0.055 1.0000 7.0230E-06    924.561
11851.00 0.94137925 3.4886E-28 0.0000E+00 0.0000E+00 1.9293E-08 1.9293E-08 0.0000E+00 0.0000E+00 1.9293E-08 5.73E-06 6.08E-06   0.060 1.0000 6.9407E-06    924.289
11861.00 0.94583613 3.0721E-28 0.0000E+00 0.0000E+00 1.9836E-08 1.9836E-08 0.0000E+00 0.0000E+00 1.9836E-08 5.89E-06 6.22E-06   0.056 1.0000 7.0767E-06    926.334
11871.00 0.94693810 2.8557E-28 0.0000E+00 0.0000E+00 1.9761E-08 1.9761E-08 0.0000E+00 0.0000E+00 1.9761E-08 5.86E-06 6.18E-06   0.055 1.0000 7.0212E-06    926.799
11881.00 0.93800753 3.1846E-28 0.0000E+00 0.0000E+00 1.9703E-08 1.9703E-08 0.0000E+00 0.0000E+00 1.9703E-08 5.81E-06 6.18E-06   0.064 1.0000 7.0855E-06    927.302
11891.00 0.93315041 3.2705E-28 0.0000E+00 0.0000E+00 1.9758E-08 1.9758E-08 0.0000E+00 0.0000E+00 1.9758E-08 5.80E-06 6.20E-06   0.069 1.0000 7.1453E-06    928.096
11901.00 0.94023770 2.7817E-28 0.0000E+00 0.0000E+00 1.9865E-08 1.9865E-08 0.0000E+00 0.0000E+00 1.9865E-08 5.84E-06 6.20E-06   0.062 1.0000 7.0928E-06    929.023
11911.00 0.93978029 2.6741E-28 0.0000E+00 0.0000E+00 1.9789E-08 1.9789E-08 0.0000E+00 0.0000E+00 1.9789E-08 5.81E-06 6.17E-06   0.062 1.0000 7.0600E-06    929.483
11921.00 0.93081993 2.9169E-28 0.0000E+00 0.0000E+00 1.8968E-08 1.8968E-08 0.0000E+00 0.0000E+00 1.8968E-08 5.53E-06 5.93E-06   0.072 1.0000 6.8519E-06    928.004
11931.00 0.92949635 2.8254E-28 0.0000E+00 0.0000E+00 1.9662E-08 1.9662E-08 0.0000E+00 0.0000E+00 1.9662E-08 5.73E-06 6.14E-06   0.073 1.0000 7.0928E-06    930.466
11941.00 0.92203349 2.9901E-28 0.0000E+00 0.0000E+00 1.9621E-08 1.9621E-08 0.0000E+00 0.0000E+00 1.9621E-08 5.69E-06 6.13E-06   0.081 1.0000 7.1401E-06    931.013
11951.00 0.92234802 2.8266E-28 0.0000E+00 0.0000E+00 1.9419E-08 1.9419E-08 0.0000E+00 0.0000E+00 1.9419E-08 5.63E-06 6.05E-06   0.081 1.0000 7.0443E-06    931.143
11961.00 0.90807712 3.1866E-28 0.0000E+00 0.0000E+00 1.9253E-08 1.9253E-08 0.0000E+00 0.0000E+00 1.9253E-08 5.54E-06 6.02E-06   0.096 1.0000 7.1078E-06    931.363
11971.00 0.91352803 2.8624E-28 0.0000E+00 0.0000E+00 1.9360E-08 1.9360E-08 0.0000E+00 0.0000E+00 1.9360E-08 5.57E-06 6.03E-06   0.090 1.0000 7.0906E-06    932.295
11981.00 0.91827208 2.5630E-28 0.0000E+00 0.0000E+00 1.9170E-08 1.9170E-08 0.0000E+00 0.0000E+00 1.9170E-08 5.51E-06 5.95E-06   0.085 1.0000 6.9668E-06    932.448
11991.00 0.88546717 3.4296E-28 0.0000E+00 0.0000E+00 1.8388E-08 1.8388E-08 0.0000E+00 0.0000E+00 1.8388E-08 5.22E-06 5.77E-06   0.122 1.0000 6.9804E-06    931.006
12001.00 0.88514668 3.2836E-28 0.0000E+00 0.0000E+00 1.8136E-08 1.8136E-08 0.0000E+00 0.0000E+00 1.8136E-08 5.14E-06 5.68E-06   0.122 1.0000 6.8879E-06    930.961
12011.00 0.87166792 3.4616E-28 0.0000E+00 0.0000E+00 1.8244E-08 1.8244E-08 0.0000E+00 0.0000E+00 1.8244E-08 5.18E-06 5.68E-06   0.137 1.0000 6.9934E-06    931.910
12021.00 0.84864831 3.9310E-28 0.0000E+00 0.0000E+00 1.7864E-08 1.7864E-08 0.0000E+00 0.0000E+00 1.7864E-08 5.01E-06 5.61E-06   0.164 1.0000 7.0695E-06    931.505
12031.00 0.89199060 2.6531E-28 0.0000E+00 0.0000E+00 1.8609E-08 1.8609E-08 0.0000E+00 0.0000E+00 1.8609E-08 5.27E-06 5.77E-06   0.114 1.0000 6.9475E-06    934.208
12041.00 0.86061347 3.2740E-28 0.0000E+00 0.0000E+00 1.8122E-08 1.8122E-08 0.0000E+00 0.0000E+00 1.8122E-08 5.09E-06 5.65E-06   0.150 1.0000 7.0298E-06    933.524
12051.00 0.85677731 3.1903E-28 0.0000E+00 0.0000E+00 1.8055E-08 1.8055E-08 0.0000E+00 0.0000E+00 1.8055E-08 5.05E-06 5.63E-06   0.155 1.0000 7.0419E-06    933.986
12061.00 0.83146471 3.5879E-28 0.0000E+00 0.0000E+00 1.7619E-08 1.7619E-08 0.0000E+00 0.0000E+00 1.7619E-08 4.89E-06 5.52E-06   0.185 1.0000 7.1140E-06    933.409
12071.00 0.83734679 3.2820E-28 0.0000E+00 0.0000E+00 1.7934E-08 1.7934E-08 0.0000E+00 0.0000E+00 1.7934E-08 4.98E-06 5.59E-06   0.178 1.0000 7.1599E-06    934.947
12081.00 0.80533481 3.7528E-28 0.0000E+00 0.0000E+00 1.6970E-08 1.6970E-08 0.0000E+00 0.0000E+00 1.6970E-08 4.65E-06 5.35E-06   0.216 1.0000 7.1226E-06    932.824
12091.00 0.90274358 1.7928E-28 0.0000E+00 0.0000E+00 1.9558E-08 1.9558E-08 0.0000E+00 0.0000E+00 1.9558E-08 5.50E-06 5.97E-06   0.102 1.0000 7.1353E-06    940.634
12101.00 0.86846954 2.2852E-28 0.0000E+00 0.0000E+00 1.8636E-08 1.8636E-08 0.0000E+00 0.0000E+00 1.8636E-08 5.18E-06 5.75E-06   0.141 1.0000 7.1283E-06    938.835
12111.00 0.86405027 2.2740E-28 0.0000E+00 0.0000E+00 1.8457E-08 1.8457E-08 0.0000E+00 0.0000E+00 1.8457E-08 5.12E-06 5.68E-06   0.146 1.0000 7.0848E-06    938.998
12121.00 0.90985507 1.4208E-28 0.0000E+00 0.0000E+00 1.9509E-08 1.9509E-08 0.0000E+00 0.0000E+00 1.9509E-08 5.47E-06 5.92E-06   0.094 1.0000 7.0243E-06    942.462
12131.00 0.87105578 1.9470E-28 0.0000E+00 0.0000E+00 1.8576E-08 1.8576E-08 0.0000E+00 0.0000E+00 1.8576E-08 5.12E-06 5.71E-06   0.138 1.0000 7.0679E-06    940.624
12141.00 0.77905428 3.1420E-28 0.0000E+00 0.0000E+00 1.6170E-08 1.6170E-08 0.0000E+00 0.0000E+00 1.6170E-08 4.34E-06 5.09E-06   0.250 1.0000 6.9714E-06    934.289
12151.00 0.63126504 5.0572E-28 0.0000E+00 0.0000E+00 1.2713E-08 1.2713E-08 0.0000E+00 0.0000E+00 1.2713E-08 3.26E-06 4.19E-06   0.460 1.0000 7.0361E-06    923.061
12161.00 0.84834254 1.9828E-28 0.0000E+00 0.0000E+00 1.7673E-08 1.7673E-08 0.0000E+00 0.0000E+00 1.7673E-08 4.83E-06 5.42E-06   0.164 1.0000 6.9045E-06    940.049
12171.00 0.88852435 1.3817E-28 0.0000E+00 0.0000E+00 1.8778E-08 1.8778E-08 0.0000E+00 0.0000E+00 1.8778E-08 5.18E-06 5.69E-06   0.118 1.0000 6.9343E-06    943.771
12181.00 0.91785544 9.7383E-29 0.0000E+00 0.0000E+00 1.9691E-08 1.9691E-08 0.0000E+00 0.0000E+00 1.9691E-08 5.47E-06 5.90E-06   0.086 1.0000 6.9604E-06    946.845
12191.00 0.82310331 1.9750E-28 0.0000E+00 0.0000E+00 1.7075E-08 1.7075E-08 0.0000E+00 0.0000E+00 1.7075E-08 4.61E-06 5.26E-06   0.195 1.0000 6.9001E-06    940.256
12201.00 0.81543821 1.9735E-28 0.0000E+00 0.0000E+00 1.6803E-08 1.6803E-08 0.0000E+00 0.0000E+00 1.6803E-08 4.53E-06 5.16E-06   0.204 1.0000 6.8274E-06    940.092
12211.00 0.81406671 1.8965E-28 0.0000E+00 0.0000E+00 1.7100E-08 1.7100E-08 0.0000E+00 0.0000E+00 1.7100E-08 4.59E-06 5.25E-06   0.206 1.0000 6.9594E-06    941.625
12221.00 0.76100612 2.3049E-28 0.0000E+00 0.0000E+00 1.5692E-08 1.5692E-08 0.0000E+00 0.0000E+00 1.5692E-08 4.13E-06 4.90E-06   0.273 1.0000 6.9415E-06    937.953
12231.00 0.80732906 1.7847E-28 0.0000E+00 0.0000E+00 1.7411E-08 1.7411E-08 0.0000E+00 0.0000E+00 1.7411E-08 4.65E-06 5.34E-06   0.214 1.0000 7.1216E-06    943.829
12241.00 0.76000035 2.1013E-28 0.0000E+00 0.0000E+00 1.6175E-08 1.6175E-08 0.0000E+00 0.0000E+00 1.6175E-08 4.26E-06 5.02E-06   0.274 1.0000 7.0928E-06    940.761
12251.00 0.76542211 1.9748E-28 0.0000E+00 0.0000E+00 1.6399E-08 1.6399E-08 0.0000E+00 0.0000E+00 1.6399E-08 4.33E-06 5.06E-06   0.267 1.0000 7.0794E-06    942.101
12261.00 0.78813481 1.6845E-28 0.0000E+00 0.0000E+00 1.6900E-08 1.6900E-08 0.0000E+00 0.0000E+00 1.6900E-08 4.45E-06 5.21E-06   0.238 1.0000 7.0894E-06    944.263
12271.00 0.79310513 1.5720E-28 0.0000E+00 0.0000E+00 1.6988E-08 1.6988E-08 0.0000E+00 0.0000E+00 1.6988E-08 4.45E-06 5.24E-06   0.232 1.0000 7.0956E-06    945.174
12281.00 0.83163530 1.2173E-28 0.0000E+00 0.0000E+00 1.8184E-08 1.8184E-08 0.0000E+00 0.0000E+00 1.8184E-08 4.83E-06 5.51E-06   0.184 1.0000 7.1191E-06    949.277
12291.00 0.81917572 1.2435E-28 0.0000E+00 0.0000E+00 1.7826E-08 1.7826E-08 0.0000E+00 0.0000E+00 1.7826E-08 4.69E-06 5.43E-06   0.199 1.0000 7.1358E-06    948.910
12301.00 0.89093769 7.1516E-29 0.0000E+00 0.0000E+00 1.9712E-08 1.9712E-08 0.0000E+00 0.0000E+00 1.9712E-08 5.30E-06 5.85E-06   0.115 1.0000 7.1019E-06    954.709
12311.00 0.89929420 6.2954E-29 0.0000E+00 0.0000E+00 1.9915E-08 1.9915E-08 0.0000E+00 0.0000E+00 1.9915E-08 5.34E-06 5.90E-06   0.106 1.0000 7.1036E-06    955.890
12321.00 0.90421683 5.6773E-29 0.0000E+00 0.0000E+00 2.0061E-08 2.0061E-08 0.0000E+00 0.0000E+00 2.0061E-08 5.39E-06 5.91E-06   0.101 1.0000 7.0841E-06    956.916
12331.00 0.91823971 4.6278E-29 0.0000E+00 0.0000E+00 2.0570E-08 2.0570E-08 0.0000E+00 0.0000E+00 2.0570E-08 5.55E-06 6.02E-06   0.085 1.0000 7.1024E-06    958.865
12341.00 0.92877394 3.8277E-29 0.0000E+00 0.0000E+00 2.0643E-08 2.0643E-08 0.0000E+00 0.0000E+00 2.0643E-08 5.58E-06 6.00E-06   0.074 1.0000 7.0116E-06    959.700
12351.00 0.92644930 3.7722E-29 0.0000E+00 0.0000E+00 2.0326E-08 2.0326E-08 0.0000E+00 0.0000E+00 2.0326E-08 5.48E-06 5.90E-06   0.076 1.0000 6.9247E-06    959.550
12361.00 0.93413830 3.2085E-29 0.0000E+00 0.0000E+00 2.0775E-08 2.0775E-08 0.0000E+00 0.0000E+00 2.0775E-08 5.62E-06 6.00E-06   0.068 1.0000 6.9793E-06    961.335
12371.00 0.93593466 2.9781E-29 0.0000E+00 0.0000E+00 2.0999E-08 2.0999E-08 0.0000E+00 0.0000E+00 2.0999E-08 5.67E-06 6.05E-06   0.066 1.0000 7.0253E-06    962.544
12381.00 0.94047141 2.6302E-29 0.0000E+00 0.0000E+00 2.1218E-08 2.1218E-08 0.0000E+00 0.0000E+00 2.1218E-08 5.73E-06 6.09E-06   0.061 1.0000 7.0369E-06    963.736
12391.00 0.93922567 2.5574E-29 0.0000E+00 0.0000E+00 2.1356E-08 2.1356E-08 0.0000E+00 0.0000E+00 2.1356E-08 5.76E-06 6.12E-06   0.063 1.0000 7.0840E-06    964.726
12401.00 0.93893093 2.4478E-29 0.0000E+00 0.0000E+00 2.1577E-08 2.1577E-08 0.0000E+00 0.0000E+00 2.1577E-08 5.81E-06 6.18E-06   0.063 1.0000 7.1455E-06    965.916
12411.00 0.94114292 2.2444E-29 0.0000E+00 0.0000E+00 2.1519E-08 2.1519E-08 0.0000E+00 0.0000E+00 2.1519E-08 5.78E-06 6.14E-06   0.061 1.0000 7.0929E-06    966.428
12421.00 0.93793553 2.2483E-29 0.0000E+00 0.0000E+00 2.0815E-08 2.0815E-08 0.0000E+00 0.0000E+00 2.0815E-08 5.58E-06 5.94E-06   0.064 1.0000 6.8849E-06    965.342
12431.00 0.92476326 2.6043E-29 0.0000E+00 0.0000E+00 2.0913E-08 2.0913E-08 0.0000E+00 0.0000E+00 2.0913E-08 5.56E-06 5.99E-06   0.078 1.0000 7.0471E-06    966.238
12441.00 0.92625451 2.4264E-29 0.0000E+00 0.0000E+00 2.1088E-08 2.1088E-08 0.0000E+00 0.0000E+00 2.1088E-08 5.60E-06 6.03E-06   0.077 1.0000 7.0810E-06    967.325
12451.00 0.92466778 2.3579E-29 0.0000E+00 0.0000E+00 2.0819E-08 2.0819E-08 0.0000E+00 0.0000E+00 2.0819E-08 5.52E-06 5.95E-06   0.078 1.0000 6.9937E-06    967.306
12461.00 0.92084545 2.3646E-29 0.0000E+00 0.0000E+00 2.0942E-08 2.0942E-08 0.0000E+00 0.0000E+00 2.0942E-08 5.53E-06 5.99E-06   0.082 1.0000 7.0759E-06    968.265
12471.00 0.92794174 2.0424E-29 0.0000E+00 0.0000E+00 2.1334E-08 2.1334E-08 0.0000E+00 0.0000E+00 2.1334E-08 5.64E-06 6.07E-06   0.075 1.0000 7.1120E-06    969.887
12481.00 0.91964036 2.1732E-29 0.0000E+00 0.0000E+00 2.1081E-08 2.1081E-08 0.0000E+00 0.0000E+00 2.1081E-08 5.55E-06 6.00E-06   0.084 1.0000 7.1032E-06    969.914
12491.00 0.92378247 1.9627E-29 0.0000E+00 0.0000E+00 2.1068E-08 2.1068E-08 0.0000E+00 0.0000E+00 2.1068E-08 5.55E-06 5.98E-06   0.079 1.0000 7.0410E-06    970.532
12501.00 0.92625505 1.8126E-29 0.0000E+00 0.0000E+00 2.0924E-08 2.0924E-08 0.0000E+00 0.0000E+00 2.0924E-08 5.50E-06 5.92E-06   0.077 1.0000 6.9583E-06    970.824
12511.00 0.93717521 1.4659E-29 0.0000E+00 0.0000E+00 2.1782E-08 2.1782E-08 0.0000E+00 0.0000E+00 2.1782E-08 5.74E-06 6.12E-06   0.065 1.0000 7.1163E-06    973.585
12521.00 0.93037874 1.5469E-29 0.0000E+00 0.0000E+00 2.1572E-08 2.1572E-08 0.0000E+00 0.0000E+00 2.1572E-08 5.66E-06 6.07E-06   0.072 1.0000 7.1113E-06    973.728
12531.00 0.93879908 1.2946E-29 0.0000E+00 0.0000E+00 2.1853E-08 2.1853E-08 0.0000E+00 0.0000E+00 2.1853E-08 5.75E-06 6.12E-06   0.063 1.0000 7.0974E-06    975.063
12541.00 0.93067408 1.3950E-29 0.0000E+00 0.0000E+00 2.1584E-08 2.1584E-08 0.0000E+00 0.0000E+00 2.1584E-08 5.65E-06 6.05E-06   0.072 1.0000 7.0882E-06    975.061
12551.00 0.91700035 1.5851E-29 0.0000E+00 0.0000E+00 2.1227E-08 2.1227E-08 0.0000E+00 0.0000E+00 2.1227E-08 5.52E-06 5.97E-06   0.087 1.0000 7.0994E-06    974.832
12561.00 0.91049415 1.6404E-29 0.0000E+00 0.0000E+00 2.0851E-08 2.0851E-08 0.0000E+00 0.0000E+00 2.0851E-08 5.39E-06 5.88E-06   0.094 1.0000 7.0428E-06    974.545
12571.00 0.93747306 1.0869E-29 0.0000E+00 0.0000E+00 2.1811E-08 2.1811E-08 0.0000E+00 0.0000E+00 2.1811E-08 5.69E-06 6.07E-06   0.065 1.0000 7.0580E-06    977.567
12581.00 0.94110990 9.7525E-30 0.0000E+00 0.0000E+00 2.1193E-08 2.1193E-08 0.0000E+00 0.0000E+00 2.1193E-08 5.53E-06 5.88E-06   0.061 1.0000 6.8119E-06    976.700
12591.00 0.94500107 8.6677E-30 0.0000E+00 0.0000E+00 2.1430E-08 2.1430E-08 0.0000E+00 0.0000E+00 2.1430E-08 5.60E-06 5.92E-06   0.057 1.0000 6.8345E-06    977.939
12601.00 0.94031906 8.9178E-30 0.0000E+00 0.0000E+00 2.1301E-08 2.1301E-08 0.0000E+00 0.0000E+00 2.1301E-08 5.54E-06 5.89E-06   0.062 1.0000 6.8321E-06    978.271
12611.00 0.92486274 1.0739E-29 0.0000E+00 0.0000E+00 2.1383E-08 2.1383E-08 0.0000E+00 0.0000E+00 2.1383E-08 5.52E-06 5.94E-06   0.078 1.0000 7.0130E-06    979.125
12621.00 0.92439288 1.0267E-29 0.0000E+00 0.0000E+00 2.1406E-08 2.1406E-08 0.0000E+00 0.0000E+00 2.1406E-08 5.52E-06 5.93E-06   0.079 1.0000 7.0117E-06    979.833
12631.00 0.93023282 9.0367E-30 0.0000E+00 0.0000E+00 2.1296E-08 2.1296E-08 0.0000E+00 0.0000E+00 2.1296E-08 5.49E-06 5.88E-06   0.072 1.0000 6.9099E-06    980.210
12641.00 0.92211998 9.6029E-30 0.0000E+00 0.0000E+00 2.1487E-08 2.1487E-08 0.0000E+00 0.0000E+00 2.1487E-08 5.51E-06 5.94E-06   0.081 1.0000 7.0438E-06    981.334
12651.00 0.92264396 9.0632E-30 0.0000E+00 0.0000E+00 2.1709E-08 2.1709E-08 0.0000E+00 0.0000E+00 2.1709E-08 5.56E-06 5.99E-06   0.081 1.0000 7.0958E-06    982.527
12661.00 0.91352564 9.6357E-30 0.0000E+00 0.0000E+00 2.1397E-08 2.1397E-08 0.0000E+00 0.0000E+00 2.1397E-08 5.45E-06 5.92E-06   0.090 1.0000 7.0839E-06    982.413
12671.00 0.92255551 8.2468E-30 0.0000E+00 0.0000E+00 2.1836E-08 2.1836E-08 0.0000E+00 0.0000E+00 2.1836E-08 5.57E-06 6.01E-06   0.081 1.0000 7.1204E-06    984.139
12681.00 0.93534201 6.5492E-30 0.0000E+00 0.0000E+00 2.2179E-08 2.2179E-08 0.0000E+00 0.0000E+00 2.2179E-08 5.68E-06 6.06E-06   0.067 1.0000 7.0842E-06    985.621
12691.00 0.93275708 6.4781E-30 0.0000E+00 0.0000E+00 2.2029E-08 2.2029E-08 0.0000E+00 0.0000E+00 2.2029E-08 5.62E-06 6.01E-06   0.070 1.0000 7.0488E-06    985.909
12701.00 0.93764985 5.7201E-30 0.0000E+00 0.0000E+00 2.2367E-08 2.2367E-08 0.0000E+00 0.0000E+00 2.2367E-08 5.71E-06 6.08E-06   0.064 1.0000 7.0968E-06    987.371
12711.00 0.93732476 5.4775E-30 0.0000E+00 0.0000E+00 2.2518E-08 2.2518E-08 0.0000E+00 0.0000E+00 2.2518E-08 5.74E-06 6.12E-06   0.065 1.0000 7.1406E-06    988.384
12721.00 0.94537389 4.5424E-30 0.0000E+00 0.0000E+00 2.2372E-08 2.2372E-08 0.0000E+00 0.0000E+00 2.2372E-08 5.71E-06 6.04E-06   0.056 1.0000 6.9992E-06    988.687
12731.00 0.94570750 4.2979E-30 0.0000E+00 0.0000E+00 2.2372E-08 2.2372E-08 0.0000E+00 0.0000E+00 2.2372E-08 5.70E-06 6.03E-06   0.056 1.0000 6.9861E-06    989.338
12741.00 0.94577116 4.0861E-30 0.0000E+00 0.0000E+00 2.2777E-08 2.2777E-08 0.0000E+00 0.0000E+00 2.2777E-08 5.80E-06 6.13E-06   0.056 1.0000 7.1028E-06    990.951
12751.00 0.94651484 3.8359E-30 0.0000E+00 0.0000E+00 2.2778E-08 2.2778E-08 0.0000E+00 0.0000E+00 2.2778E-08 5.79E-06 6.12E-06   0.055 1.0000 7.0859E-06    991.604
12761.00 0.94744188 3.5894E-30 0.0000E+00 0.0000E+00 2.2258E-08 2.2258E-08 0.0000E+00 0.0000E+00 2.2258E-08 5.65E-06 5.96E-06   0.054 1.0000 6.9058E-06    991.018
12771.00 0.94759679 3.4066E-30 0.0000E+00 0.0000E+00 2.2714E-08 2.2714E-08 0.0000E+00 0.0000E+00 2.2714E-08 5.76E-06 6.08E-06   0.054 1.0000 7.0362E-06    992.755
12781.00 0.94762594 3.2412E-30 0.0000E+00 0.0000E+00 2.2999E-08 2.2999E-08 0.0000E+00 0.0000E+00 2.2999E-08 5.82E-06 6.14E-06   0.054 1.0000 7.1156E-06    994.076
12791.00 0.94760501 3.0871E-30 0.0000E+00 0.0000E+00 2.3041E-08 2.3041E-08 0.0000E+00 0.0000E+00 2.3041E-08 5.82E-06 6.14E-06   0.054 1.0000 7.1190E-06    994.826
12801.00 0.94770646 2.9331E-30 0.0000E+00 0.0000E+00 2.2695E-08 2.2695E-08 0.0000E+00 0.0000E+00 2.2695E-08 5.72E-06 6.04E-06   0.054 1.0000 7.0016E-06    994.665
12811.00 0.94749039 2.8037E-30 0.0000E+00 0.0000E+00 2.2989E-08 2.2989E-08 0.0000E+00 0.0000E+00 2.2989E-08 5.79E-06 6.11E-06   0.054 1.0000 7.0852E-06    996.008
12821.00 0.94761062 2.6631E-30 0.0000E+00 0.0000E+00 2.2751E-08 2.2751E-08 0.0000E+00 0.0000E+00 2.2751E-08 5.72E-06 6.03E-06   0.054 1.0000 7.0007E-06    996.099
12831.00 0.94733554 2.5486E-30 0.0000E+00 0.0000E+00 2.3053E-08 2.3053E-08 0.0000E+00 0.0000E+00 2.3053E-08 5.78E-06 6.11E-06   0.054 1.0000 7.0866E-06    997.460
12841.00 0.94744503 2.4212E-30 0.0000E+00 0.0000E+00 2.3162E-08 2.3162E-08 0.0000E+00 0.0000E+00 2.3162E-08 5.80E-06 6.12E-06   0.054 1.0000 7.1081E-06    998.367
12851.00 0.94731331 2.3107E-30 0.0000E+00 0.0000E+00 2.3171E-08 2.3171E-08 0.0000E+00 0.0000E+00 2.3171E-08 5.79E-06 6.12E-06   0.054 1.0000 7.1013E-06    999.038
12861.00 0.94726545 2.2019E-30 0.0000E+00 0.0000E+00 2.2736E-08 2.2736E-08 0.0000E+00 0.0000E+00 2.2736E-08 5.68E-06 5.99E-06   0.054 1.0000 6.9577E-06    998.667
12871.00 0.94725007 2.0967E-30 0.0000E+00 0.0000E+00 2.3283E-08 2.3283E-08 0.0000E+00 0.0000E+00 2.3283E-08 5.80E-06 6.12E-06   0.054 1.0000 7.1139E-06   1000.601
12881.00 0.94712049 2.0009E-30 0.0000E+00 0.0000E+00 2.3267E-08 2.3267E-08 0.0000E+00 0.0000E+00 2.3267E-08 5.79E-06 6.11E-06   0.054 1.0000 7.0994E-06   1001.216
12891.00 0.94686604 1.9140E-30 0.0000E+00 0.0000E+00 2.3279E-08 2.3279E-08 0.0000E+00 0.0000E+00 2.3279E-08 5.78E-06 6.10E-06   0.055 1.0000 7.0944E-06   1001.895
12901.00 0.94678652 1.8248E-30 0.0000E+00 0.0000E+00 2.2193E-08 2.2193E-08 0.0000E+00 0.0000E+00 2.2193E-08 5.50E-06 5.81E-06   0.055 1.0000 6.7536E-06    999.965
12911.00 0.94645232 1.7481E-30 0.0000E+00 0.0000E+00 2.2727E-08 2.2727E-08 0.0000E+00 0.0000E+00 2.2727E-08 5.62E-06 5.94E-06   0.055 1.0000 6.9089E-06   1001.899
12921.00 0.94627863 1.6695E-30 0.0000E+00 0.0000E+00 2.3402E-08 2.3402E-08 0.0000E+00 0.0000E+00 2.3402E-08 5.78E-06 6.11E-06   0.055 1.0000 7.1049E-06   1004.133
12931.00 0.94587719 1.6012E-30 0.0000E+00 0.0000E+00 2.3287E-08 2.3287E-08 0.0000E+00 0.0000E+00 2.3287E-08 5.74E-06 6.07E-06   0.056 1.0000 7.0646E-06   1004.519
12941.00 0.94530076 1.5406E-30 0.0000E+00 0.0000E+00 2.2735E-08 2.2735E-08 0.0000E+00 0.0000E+00 2.2735E-08 5.59E-06 5.92E-06   0.056 1.0000 6.8949E-06   1003.870
12951.00 0.94502711 1.4738E-30 0.0000E+00 0.0000E+00 2.3065E-08 2.3065E-08 0.0000E+00 0.0000E+00 2.3065E-08 5.66E-06 5.99E-06   0.057 1.0000 6.9877E-06   1005.299
12961.00 0.94460273 1.4138E-30 0.0000E+00 0.0000E+00 2.2775E-08 2.2775E-08 0.0000E+00 0.0000E+00 2.2775E-08 5.58E-06 5.91E-06   0.057 1.0000 6.8945E-06   1005.264
12971.00 0.94373792 1.3665E-30 0.0000E+00 0.0000E+00 2.3212E-08 2.3212E-08 0.0000E+00 0.0000E+00 2.3212E-08 5.68E-06 6.01E-06   0.058 1.0000 7.0270E-06   1006.946
12981.00 0.94025606 1.3815E-30 0.0000E+00 0.0000E+00 2.2977E-08 2.2977E-08 0.0000E+00 0.0000E+00 2.2977E-08 5.60E-06 5.95E-06   0.062 1.0000 6.9958E-06   1007.043
12991.00 0.93481088 1.4358E-30 0.0000E+00 0.0000E+00 2.2725E-08 2.2725E-08 0.0000E+00 0.0000E+00 2.2725E-08 5.53E-06 5.88E-06   0.067 1.0000 6.9674E-06   1007.096
13001.00 0.92550218 1.5616E-30 0.0000E+00 0.0000E+00 2.2532E-08 2.2532E-08 0.0000E+00 0.0000E+00 2.2532E-08 5.46E-06 5.83E-06   0.077 1.0000 6.9977E-06   1007.283
13011.00 0.91610384 1.6729E-30 0.0000E+00 0.0000E+00 2.2497E-08 2.2497E-08 0.0000E+00 0.0000E+00 2.2497E-08 5.44E-06 5.82E-06   0.088 1.0000 7.0635E-06   1007.849
13021.00 0.89594460 1.9743E-30 0.0000E+00 0.0000E+00 2.1749E-08 2.1749E-08 0.0000E+00 0.0000E+00 2.1749E-08 5.23E-06 5.64E-06   0.110 1.0000 7.0503E-06   1006.664
13031.00 0.87648404 2.2312E-30 0.0000E+00 0.0000E+00 2.1080E-08 2.1080E-08 0.0000E+00 0.0000E+00 2.1080E-08 5.04E-06 5.48E-06   0.132 1.0000 7.0771E-06   1005.624
13041.00 0.84337550 2.6921E-30 0.0000E+00 0.0000E+00 1.8863E-08 1.8863E-08 0.0000E+00 0.0000E+00 1.8863E-08 4.48E-06 4.92E-06   0.170 1.0000 6.7057E-06   1000.312
13051.00 0.81286544 3.0624E-30 0.0000E+00 0.0000E+00 1.7141E-08 1.7141E-08 0.0000E+00 0.0000E+00 1.7141E-08 4.02E-06 4.51E-06   0.207 1.0000 6.6213E-06    995.875
13061.00 0.75888747 3.7513E-30 0.0000E+00 0.0000E+00 1.5627E-08 1.5627E-08 0.0000E+00 0.0000E+00 1.5627E-08 3.62E-06 4.15E-06   0.276 1.0000 6.8845E-06    991.653
13071.00 0.69733769 4.4823E-30 0.0000E+00 0.0000E+00 1.3687E-08 1.3687E-08 0.0000E+00 0.0000E+00 1.3687E-08 3.12E-06 3.68E-06   0.360 1.0000 7.1115E-06    985.401
13081.00 0.64680439 4.9878E-30 0.0000E+00 0.0000E+00 1.1567E-08 1.1567E-08 0.0000E+00 0.0000E+00 1.1567E-08 2.60E-06 3.14E-06   0.436 1.0000 7.1104E-06    977.418
13091.00 0.58143693 5.6315E-30 0.0000E+00 0.0000E+00 9.1023E-09 9.1023E-09 0.0000E+00 0.0000E+00 9.1023E-09 2.01E-06 2.51E-06   0.542 1.0000 7.1062E-06    966.028
13101.00 0.55112308 5.7510E-30 0.0000E+00 0.0000E+00 7.8101E-09 7.8101E-09 0.0000E+00 0.0000E+00 7.8101E-09 1.70E-06 2.18E-06   0.596 1.0000 7.1028E-06    959.121
13111.00 0.58204162 5.1033E-30 0.0000E+00 0.0000E+00 8.4023E-09 8.4023E-09 0.0000E+00 0.0000E+00 8.4023E-09 1.83E-06 2.33E-06   0.541 1.0000 7.0290E-06    963.324
13121.00 0.75871325 2.8110E-30 0.0000E+00 0.0000E+00 1.4336E-08 1.4336E-08 0.0000E+00 0.0000E+00 1.4336E-08 3.29E-06 3.76E-06   0.276 1.0000 6.7816E-06    990.980
13131.00 0.55403602 4.9028E-30 0.0000E+00 0.0000E+00 7.3729E-09 7.3729E-09 0.0000E+00 0.0000E+00 7.3729E-09 1.59E-06 2.05E-06   0.591 1.0000 6.9749E-06    958.174
13141.00 0.36845338 6.6356E-30 0.0000E+00 0.0000E+00 2.5967E-09 2.5967E-09 0.0000E+00 0.0000E+00 2.5967E-09 4.85E-07 8.18E-07   0.998 1.0000 7.0062E-06    910.604
13151.00 0.33195272 6.6976E-30 0.0000E+00 0.0000E+00 2.7524E-09 2.7524E-09 0.0000E+00 0.0000E+00 2.7524E-09 5.11E-07 8.69E-07   1.103 1.0000 6.9759E-06    913.759
13161.00 0.50489074 4.7477E-30 0.0000E+00 0.0000E+00 8.4529E-09 8.4529E-09 0.0000E+00 0.0000E+00 8.4529E-09 1.80E-06 2.36E-06   0.683 1.0000 7.0394E-06    966.730
13171.00 0.89257342 9.9045E-31 0.0000E+00 0.0000E+00 2.2027E-08 2.2027E-08 0.0000E+00 0.0000E+00 2.2027E-08 5.17E-06 5.57E-06   0.114 1.0000 7.0248E-06   1017.078
13181.00 0.94361019 4.8735E-31 0.0000E+00 0.0000E+00 2.3360E-08 2.3360E-08 0.0000E+00 0.0000E+00 2.3360E-08 5.51E-06 5.84E-06   0.058 1.0000 6.8540E-06   1020.944
13191.00 0.94434124 4.5783E-31 0.0000E+00 0.0000E+00 2.3999E-08 2.3999E-08 0.0000E+00 0.0000E+00 2.3999E-08 5.66E-06 5.99E-06   0.057 1.0000 7.0170E-06   1023.082
13201.00 0.94434404 4.3578E-31 0.0000E+00 0.0000E+00 2.3901E-08 2.3901E-08 0.0000E+00 0.0000E+00 2.3901E-08 5.63E-06 5.96E-06   0.057 1.0000 6.9786E-06   1023.506
13211.00 0.94434536 4.1483E-31 0.0000E+00 0.0000E+00 2.3930E-08 2.3930E-08 0.0000E+00 0.0000E+00 2.3930E-08 5.62E-06 5.95E-06   0.057 1.0000 6.9776E-06   1024.221
13221.00 0.94422525 3.9573E-31 0.0000E+00 0.0000E+00 2.3881E-08 2.3881E-08 0.0000E+00 0.0000E+00 2.3881E-08 5.60E-06 5.93E-06   0.057 1.0000 6.9558E-06   1024.759
13231.00 0.94408673 3.7765E-31 0.0000E+00 0.0000E+00 2.3778E-08 2.3778E-08 0.0000E+00 0.0000E+00 2.3778E-08 5.57E-06 5.90E-06   0.058 1.0000 6.9184E-06   1025.170
13241.00 0.94399792 3.6006E-31 0.0000E+00 0.0000E+00 2.4202E-08 2.4202E-08 0.0000E+00 0.0000E+00 2.4202E-08 5.66E-06 5.99E-06   0.058 1.0000 7.0339E-06   1026.796
13251.00 0.94394433 3.4309E-31 0.0000E+00 0.0000E+00 2.4300E-08 2.4300E-08 0.0000E+00 0.0000E+00 2.4300E-08 5.67E-06 6.01E-06   0.058 1.0000 7.0541E-06   1027.669
13261.00 0.94372457 3.2787E-31 0.0000E+00 0.0000E+00 2.4396E-08 2.4396E-08 0.0000E+00 0.0000E+00 2.4396E-08 5.68E-06 6.02E-06   0.058 1.0000 7.0756E-06   1028.538
13271.00 0.94372666 3.1210E-31 0.0000E+00 0.0000E+00 2.4173E-08 2.4173E-08 0.0000E+00 0.0000E+00 2.4173E-08 5.62E-06 5.96E-06   0.058 1.0000 7.0026E-06   1028.679
13281.00 0.94361663 2.9767E-31 0.0000E+00 0.0000E+00 2.3985E-08 2.3985E-08 0.0000E+00 0.0000E+00 2.3985E-08 5.57E-06 5.90E-06   0.058 1.0000 6.9412E-06   1028.896
13291.00 0.94348747 2.8400E-31 0.0000E+00 0.0000E+00 2.3923E-08 2.3923E-08 0.0000E+00 0.0000E+00 2.3923E-08 5.54E-06 5.88E-06   0.058 1.0000 6.9165E-06   1029.404
13301.00 0.94328123 2.7134E-31 0.0000E+00 0.0000E+00 2.4265E-08 2.4265E-08 0.0000E+00 0.0000E+00 2.4265E-08 5.61E-06 5.95E-06   0.058 1.0000 7.0096E-06   1030.841
13311.00 0.94325840 2.5839E-31 0.0000E+00 0.0000E+00 2.3553E-08 2.3553E-08 0.0000E+00 0.0000E+00 2.3553E-08 5.44E-06 5.77E-06   0.058 1.0000 6.7959E-06   1029.838
13321.00 0.94288135 2.4760E-31 0.0000E+00 0.0000E+00 2.4292E-08 2.4292E-08 0.0000E+00 0.0000E+00 2.4292E-08 5.60E-06 5.94E-06   0.059 1.0000 7.0050E-06   1032.201
13331.00 0.94286966 2.3576E-31 0.0000E+00 0.0000E+00 2.4097E-08 2.4097E-08 0.0000E+00 0.0000E+00 2.4097E-08 5.55E-06 5.88E-06   0.059 1.0000 6.9407E-06   1032.402
13341.00 0.94280678 2.2466E-31 0.0000E+00 0.0000E+00 2.3574E-08 2.3574E-08 0.0000E+00 0.0000E+00 2.3574E-08 5.42E-06 5.75E-06   0.059 1.0000 6.7825E-06   1031.833
13351.00 0.94281650 2.1382E-31 0.0000E+00 0.0000E+00 2.4326E-08 2.4326E-08 0.0000E+00 0.0000E+00 2.4326E-08 5.58E-06 5.92E-06   0.059 1.0000 6.9903E-06   1034.228
13361.00 0.94269216 2.0397E-31 0.0000E+00 0.0000E+00 2.4210E-08 2.4210E-08 0.0000E+00 0.0000E+00 2.4210E-08 5.54E-06 5.88E-06   0.059 1.0000 6.9490E-06   1034.610
13371.00 0.94232917 1.9540E-31 0.0000E+00 0.0000E+00 2.4207E-08 2.4207E-08 0.0000E+00 0.0000E+00 2.4207E-08 5.53E-06 5.87E-06   0.059 1.0000 6.9428E-06   1035.254
13381.00 0.94214958 1.8656E-31 0.0000E+00 0.0000E+00 2.4373E-08 2.4373E-08 0.0000E+00 0.0000E+00 2.4373E-08 5.56E-06 5.90E-06   0.060 1.0000 6.9829E-06   1036.284
13391.00 0.94203496 1.7798E-31 0.0000E+00 0.0000E+00 2.4412E-08 2.4412E-08 0.0000E+00 0.0000E+00 2.4412E-08 5.56E-06 5.90E-06   0.060 1.0000 6.9856E-06   1037.022
13401.00 0.94177246 1.7014E-31 0.0000E+00 0.0000E+00 2.4248E-08 2.4248E-08 0.0000E+00 0.0000E+00 2.4248E-08 5.51E-06 5.85E-06   0.060 1.0000 6.9311E-06   1037.296
13411.00 0.94108492 1.6389E-31 0.0000E+00 0.0000E+00 2.4490E-08 2.4490E-08 0.0000E+00 0.0000E+00 2.4490E-08 5.56E-06 5.91E-06   0.061 1.0000 6.9973E-06   1038.500
13421.00 0.94147259 1.5500E-31 0.0000E+00 0.0000E+00 2.4011E-08 2.4011E-08 0.0000E+00 0.0000E+00 2.4011E-08 5.44E-06 5.78E-06   0.060 1.0000 6.8463E-06   1038.044
13431.00 0.94042486 1.5011E-31 0.0000E+00 0.0000E+00 2.3703E-08 2.3703E-08 0.0000E+00 0.0000E+00 2.3703E-08 5.36E-06 5.70E-06   0.061 1.0000 6.7587E-06   1037.974
13441.00 0.94004077 1.4391E-31 0.0000E+00 0.0000E+00 2.4497E-08 2.4497E-08 0.0000E+00 0.0000E+00 2.4497E-08 5.53E-06 5.88E-06   0.062 1.0000 6.9782E-06   1040.463
13451.00 0.94082153 1.3516E-31 0.0000E+00 0.0000E+00 2.4569E-08 2.4569E-08 0.0000E+00 0.0000E+00 2.4569E-08 5.54E-06 5.89E-06   0.061 1.0000 6.9805E-06   1041.277
13461.00 0.93709123 1.3665E-31 0.0000E+00 0.0000E+00 2.4241E-08 2.4241E-08 0.0000E+00 0.0000E+00 2.4241E-08 5.45E-06 5.81E-06   0.065 1.0000 6.9145E-06   1041.172
13471.00 0.93643242 1.3164E-31 0.0000E+00 0.0000E+00 2.3396E-08 2.3396E-08 0.0000E+00 0.0000E+00 2.3396E-08 5.24E-06 5.60E-06   0.066 1.0000 6.6706E-06   1039.838
13481.00 0.93614012 1.2573E-31 0.0000E+00 0.0000E+00 2.3440E-08 2.3440E-08 0.0000E+00 0.0000E+00 2.3440E-08 5.25E-06 5.60E-06   0.066 1.0000 6.6756E-06   1040.592
13491.00 0.93181211 1.2785E-31 0.0000E+00 0.0000E+00 2.3265E-08 2.3265E-08 0.0000E+00 0.0000E+00 2.3265E-08 5.19E-06 5.56E-06   0.071 1.0000 6.6588E-06   1040.819
13501.00 0.93559551 1.1499E-31 0.0000E+00 0.0000E+00 2.4106E-08 2.4106E-08 0.0000E+00 0.0000E+00 2.4106E-08 5.37E-06 5.74E-06   0.067 1.0000 6.8511E-06   1043.454
13511.00 0.92948186 1.1955E-31 0.0000E+00 0.0000E+00 2.3903E-08 2.3903E-08 0.0000E+00 0.0000E+00 2.3903E-08 5.31E-06 5.70E-06   0.073 1.0000 6.8479E-06   1043.628
13521.00 0.92200971 1.2607E-31 0.0000E+00 0.0000E+00 2.3690E-08 2.3690E-08 0.0000E+00 0.0000E+00 2.3690E-08 5.23E-06 5.66E-06   0.081 1.0000 6.8549E-06   1043.774
13531.00 0.92453253 1.1642E-31 0.0000E+00 0.0000E+00 2.3055E-08 2.3055E-08 0.0000E+00 0.0000E+00 2.3055E-08 5.09E-06 5.49E-06   0.078 1.0000 6.6352E-06   1042.901
13541.00 0.91517282 1.2420E-31 0.0000E+00 0.0000E+00 2.3435E-08 2.3435E-08 0.0000E+00 0.0000E+00 2.3435E-08 5.14E-06 5.60E-06   0.089 1.0000 6.8288E-06   1044.465
13551.00 0.92466438 1.0518E-31 0.0000E+00 0.0000E+00 2.4283E-08 2.4283E-08 0.0000E+00 0.0000E+00 2.4283E-08 5.34E-06 5.77E-06   0.078 1.0000 6.9678E-06   1047.105
13561.00 0.91510659 1.1236E-31 0.0000E+00 0.0000E+00 2.4013E-08 2.4013E-08 0.0000E+00 0.0000E+00 2.4013E-08 5.25E-06 5.72E-06   0.089 1.0000 6.9805E-06   1047.125
13571.00 0.90397573 1.2142E-31 0.0000E+00 0.0000E+00 2.3492E-08 2.3492E-08 0.0000E+00 0.0000E+00 2.3492E-08 5.11E-06 5.61E-06   0.101 1.0000 6.9293E-06   1046.541
13581.00 0.90095413 1.1922E-31 0.0000E+00 0.0000E+00 2.3183E-08 2.3183E-08 0.0000E+00 0.0000E+00 2.3183E-08 5.02E-06 5.54E-06   0.104 1.0000 6.8674E-06   1046.446
13591.00 0.91259736 1.0022E-31 0.0000E+00 0.0000E+00 2.3488E-08 2.3488E-08 0.0000E+00 0.0000E+00 2.3488E-08 5.11E-06 5.57E-06   0.091 1.0000 6.8280E-06   1047.827
13601.00 0.90421695 1.0422E-31 0.0000E+00 0.0000E+00 2.3571E-08 2.3571E-08 0.0000E+00 0.0000E+00 2.3571E-08 5.10E-06 5.60E-06   0.101 1.0000 6.9178E-06   1048.672
13611.00 0.90437317 9.9350E-32 0.0000E+00 0.0000E+00 2.3824E-08 2.3824E-08 0.0000E+00 0.0000E+00 2.3824E-08 5.15E-06 5.65E-06   0.101 1.0000 6.9838E-06   1049.920
13621.00 0.92266768 7.6393E-32 0.0000E+00 0.0000E+00 2.4573E-08 2.4573E-08 0.0000E+00 0.0000E+00 2.4573E-08 5.34E-06 5.78E-06   0.080 1.0000 7.0039E-06   1052.313
13631.00 0.88591552 1.0700E-31 0.0000E+00 0.0000E+00 2.3133E-08 2.3133E-08 0.0000E+00 0.0000E+00 2.3133E-08 4.96E-06 5.50E-06   0.121 1.0000 6.9291E-06   1049.558
13641.00 0.89556223 9.3489E-32 0.0000E+00 0.0000E+00 2.3067E-08 2.3067E-08 0.0000E+00 0.0000E+00 2.3067E-08 4.94E-06 5.47E-06   0.110 1.0000 6.8141E-06   1050.045
13651.00 0.90025002 8.4997E-32 0.0000E+00 0.0000E+00 2.3261E-08 2.3261E-08 0.0000E+00 0.0000E+00 2.3261E-08 4.99E-06 5.49E-06   0.105 1.0000 6.8293E-06   1051.161
13661.00 0.83877212 1.3045E-31 0.0000E+00 0.0000E+00 2.1556E-08 2.1556E-08 0.0000E+00 0.0000E+00 2.1556E-08 4.52E-06 5.20E-06   0.176 1.0000 6.9146E-06   1047.541
13671.00 0.83628494 1.2605E-31 0.0000E+00 0.0000E+00 2.1242E-08 2.1242E-08 0.0000E+00 0.0000E+00 2.1242E-08 4.42E-06 5.13E-06   0.179 1.0000 6.8594E-06   1047.365
13681.00 0.84222615 1.1584E-31 0.0000E+00 0.0000E+00 2.1228E-08 2.1228E-08 0.0000E+00 0.0000E+00 2.1228E-08 4.44E-06 5.09E-06   0.172 1.0000 6.7477E-06   1047.971
13691.00 0.81007564 1.3317E-31 0.0000E+00 0.0000E+00 2.0778E-08 2.0778E-08 0.0000E+00 0.0000E+00 2.0778E-08 4.29E-06 5.04E-06   0.211 1.0000 6.9298E-06   1047.422
13701.00 0.85873258 9.3793E-32 0.0000E+00 0.0000E+00 2.2208E-08 2.2208E-08 0.0000E+00 0.0000E+00 2.2208E-08 4.64E-06 5.29E-06   0.152 1.0000 6.8895E-06   1051.786
13711.00 0.78304327 1.3725E-31 0.0000E+00 0.0000E+00 1.8966E-08 1.8966E-08 0.0000E+00 0.0000E+00 1.8966E-08 3.86E-06 4.63E-06   0.245 1.0000 6.5819E-06   1043.644
13721.00 0.85878605 8.5708E-32 0.0000E+00 0.0000E+00 2.1653E-08 2.1653E-08 0.0000E+00 0.0000E+00 2.1653E-08 4.54E-06 5.11E-06   0.152 1.0000 6.6556E-06   1051.657
13731.00 0.83908302 9.1642E-32 0.0000E+00 0.0000E+00 2.1428E-08 2.1428E-08 0.0000E+00 0.0000E+00 2.1428E-08 4.43E-06 5.12E-06   0.175 1.0000 6.8519E-06   1051.715
13741.00 0.75618696 1.3356E-31 0.0000E+00 0.0000E+00 1.8996E-08 1.8996E-08 0.0000E+00 0.0000E+00 1.8996E-08 3.81E-06 4.66E-06   0.279 1.0000 6.8890E-06   1045.653
13751.00 0.84794462 7.9268E-32 0.0000E+00 0.0000E+00 2.2317E-08 2.2317E-08 0.0000E+00 0.0000E+00 2.2317E-08 4.63E-06 5.27E-06   0.165 1.0000 6.9714E-06   1055.285
13761.00 0.79223627 1.0263E-31 0.0000E+00 0.0000E+00 2.0363E-08 2.0363E-08 0.0000E+00 0.0000E+00 2.0363E-08 4.14E-06 4.89E-06   0.233 1.0000 6.9003E-06   1050.794
13771.00 0.83130133 7.9572E-32 0.0000E+00 0.0000E+00 2.1267E-08 2.1267E-08 0.0000E+00 0.0000E+00 2.1267E-08 4.34E-06 5.07E-06   0.185 1.0000 6.8340E-06   1053.865
13781.00 0.78425413 9.6373E-32 0.0000E+00 0.0000E+00 2.0235E-08 2.0235E-08 0.0000E+00 0.0000E+00 2.0235E-08 4.10E-06 4.85E-06   0.243 1.0000 6.9166E-06   1051.727
13791.00 0.81655580 7.8648E-32 0.0000E+00 0.0000E+00 2.1077E-08 2.1077E-08 0.0000E+00 0.0000E+00 2.1077E-08 4.29E-06 5.01E-06   0.203 1.0000 6.8767E-06   1054.648
13801.00 0.77893341 8.9579E-32 0.0000E+00 0.0000E+00 2.0186E-08 2.0186E-08 0.0000E+00 0.0000E+00 2.0186E-08 4.09E-06 4.81E-06   0.250 1.0000 6.8804E-06   1052.874
13811.00 0.80143189 7.6816E-32 0.0000E+00 0.0000E+00 2.0849E-08 2.0849E-08 0.0000E+00 0.0000E+00 2.0849E-08 4.24E-06 4.93E-06   0.221 1.0000 6.8949E-06   1055.323
13821.00 0.76219916 8.7816E-32 0.0000E+00 0.0000E+00 1.9713E-08 1.9713E-08 0.0000E+00 0.0000E+00 1.9713E-08 3.94E-06 4.73E-06   0.272 1.0000 6.9471E-06   1052.833
13831.00 0.86841041 4.6172E-32 0.0000E+00 0.0000E+00 2.2929E-08 2.2929E-08 0.0000E+00 0.0000E+00 2.2929E-08 4.73E-06 5.31E-06   0.141 1.0000 6.8800E-06   1061.970
13841.00 0.88272226 3.9211E-32 0.0000E+00 0.0000E+00 2.2760E-08 2.2760E-08 0.0000E+00 0.0000E+00 2.2760E-08 4.72E-06 5.22E-06   0.125 1.0000 6.6572E-06   1062.196
13851.00 0.88702208 3.5797E-32 0.0000E+00 0.0000E+00 2.3503E-08 2.3503E-08 0.0000E+00 0.0000E+00 2.3503E-08 4.85E-06 5.40E-06   0.120 1.0000 6.8689E-06   1064.665
13861.00 0.88916045 3.3413E-32 0.0000E+00 0.0000E+00 2.3562E-08 2.3562E-08 0.0000E+00 0.0000E+00 2.3562E-08 4.86E-06 5.40E-06   0.117 1.0000 6.8448E-06   1065.454
13871.00 0.80692428 5.5260E-32 0.0000E+00 0.0000E+00 2.0241E-08 2.0241E-08 0.0000E+00 0.0000E+00 2.0241E-08 4.08E-06 4.74E-06   0.215 1.0000 6.6067E-06   1057.517
13881.00 0.73469776 7.2536E-32 0.0000E+00 0.0000E+00 1.8690E-08 1.8690E-08 0.0000E+00 0.0000E+00 1.8690E-08 3.67E-06 4.48E-06   0.308 1.0000 6.8443E-06   1053.706
13891.00 0.76418638 6.1554E-32 0.0000E+00 0.0000E+00 1.9312E-08 1.9312E-08 0.0000E+00 0.0000E+00 1.9312E-08 3.80E-06 4.60E-06   0.269 1.0000 6.7708E-06   1056.170
13901.00 0.75053310 6.1999E-32 0.0000E+00 0.0000E+00 1.8525E-08 1.8525E-08 0.0000E+00 0.0000E+00 1.8525E-08 3.63E-06 4.42E-06   0.287 1.0000 6.6271E-06   1054.491
13911.00 0.71102720 6.8066E-32 0.0000E+00 0.0000E+00 1.7490E-08 1.7490E-08 0.0000E+00 0.0000E+00 1.7490E-08 3.40E-06 4.20E-06   0.341 1.0000 6.5880E-06   1051.942
13921.00 0.78266782 4.8921E-32 0.0000E+00 0.0000E+00 1.9927E-08 1.9927E-08 0.0000E+00 0.0000E+00 1.9927E-08 3.96E-06 4.66E-06   0.245 1.0000 6.6696E-06   1059.845
13931.00 0.76175010 5.0880E-32 0.0000E+00 0.0000E+00 1.9485E-08 1.9485E-08 0.0000E+00 0.0000E+00 1.9485E-08 3.81E-06 4.62E-06   0.272 1.0000 6.7975E-06   1059.228
13941.00 0.77743447 4.5383E-32 0.0000E+00 0.0000E+00 2.0290E-08 2.0290E-08 0.0000E+00 0.0000E+00 2.0290E-08 3.96E-06 4.80E-06   0.252 1.0000 6.9216E-06   1062.139
13951.00 0.85019451 2.9177E-32 0.0000E+00 0.0000E+00 2.1763E-08 2.1763E-08 0.0000E+00 0.0000E+00 2.1763E-08 4.34E-06 5.01E-06   0.162 1.0000 6.6387E-06   1066.738
13961.00 0.90716392 1.7145E-32 0.0000E+00 0.0000E+00 2.4354E-08 2.4354E-08 0.0000E+00 0.0000E+00 2.4354E-08 4.97E-06 5.46E-06   0.097 1.0000 6.8145E-06   1073.799
13971.00 0.91672152 1.4637E-32 0.0000E+00 0.0000E+00 2.4832E-08 2.4832E-08 0.0000E+00 0.0000E+00 2.4832E-08 5.08E-06 5.53E-06   0.087 1.0000 6.8419E-06   1075.563
13981.00 0.91238171 1.4626E-32 0.0000E+00 0.0000E+00 2.3992E-08 2.3992E-08 0.0000E+00 0.0000E+00 2.3992E-08 4.89E-06 5.35E-06   0.092 1.0000 6.6525E-06   1074.230
13991.00 0.92018211 1.2706E-32 0.0000E+00 0.0000E+00 2.4490E-08 2.4490E-08 0.0000E+00 0.0000E+00 2.4490E-08 5.00E-06 5.43E-06   0.083 1.0000 6.6990E-06   1076.056
14001.00 0.92387724 1.1522E-32 0.0000E+00 0.0000E+00 2.5377E-08 2.5377E-08 0.0000E+00 0.0000E+00 2.5377E-08 5.19E-06 5.61E-06   0.079 1.0000 6.8966E-06   1078.754
14011.00 0.92685151 1.0542E-32 0.0000E+00 0.0000E+00 2.5395E-08 2.5395E-08 0.0000E+00 0.0000E+00 2.5395E-08 5.19E-06 5.59E-06   0.076 1.0000 6.8603E-06   1079.441
14021.00 0.92376500 1.0450E-32 0.0000E+00 0.0000E+00 2.4735E-08 2.4735E-08 0.0000E+00 0.0000E+00 2.4735E-08 5.04E-06 5.45E-06   0.079 1.0000 6.7046E-06   1078.568
14031.00 0.92877591 9.3008E-33 0.0000E+00 0.0000E+00 2.5343E-08 2.5343E-08 0.0000E+00 0.0000E+00 2.5343E-08 5.17E-06 5.56E-06   0.074 1.0000 6.8054E-06   1080.616
14041.00 0.92727137 9.0316E-33 0.0000E+00 0.0000E+00 2.5277E-08 2.5277E-08 0.0000E+00 0.0000E+00 2.5277E-08 5.14E-06 5.54E-06   0.076 1.0000 6.7943E-06   1081.111
14051.00 0.92877764 8.4234E-33 0.0000E+00 0.0000E+00 2.5337E-08 2.5337E-08 0.0000E+00 0.0000E+00 2.5337E-08 5.15E-06 5.54E-06   0.074 1.0000 6.7860E-06   1081.896
14061.00 0.92596817 8.3266E-33 0.0000E+00 0.0000E+00 2.5310E-08 2.5310E-08 0.0000E+00 0.0000E+00 2.5310E-08 5.13E-06 5.53E-06   0.077 1.0000 6.8011E-06   1082.480
14071.00 0.92459601 8.0776E-33 0.0000E+00 0.0000E+00 2.5702E-08 2.5702E-08 0.0000E+00 0.0000E+00 2.5702E-08 5.19E-06 5.62E-06   0.078 1.0000 6.9130E-06   1084.016
14081.00 0.92331582 7.8180E-33 0.0000E+00 0.0000E+00 2.5712E-08 2.5712E-08 0.0000E+00 0.0000E+00 2.5712E-08 5.18E-06 5.61E-06   0.080 1.0000 6.9222E-06   1084.687
14091.00 0.92534143 7.2470E-33 0.0000E+00 0.0000E+00 2.5565E-08 2.5565E-08 0.0000E+00 0.0000E+00 2.5565E-08 5.15E-06 5.57E-06   0.078 1.0000 6.8480E-06   1085.000
14101.00 0.92300886 7.1050E-33 0.0000E+00 0.0000E+00 2.5203E-08 2.5203E-08 0.0000E+00 0.0000E+00 2.5203E-08 5.07E-06 5.48E-06   0.080 1.0000 6.7686E-06   1084.818
14111.00 0.92698920 6.4241E-33 0.0000E+00 0.0000E+00 2.5282E-08 2.5282E-08 0.0000E+00 0.0000E+00 2.5282E-08 5.08E-06 5.48E-06   0.076 1.0000 6.7405E-06   1085.647
14121.00 0.91722202 6.9164E-33 0.0000E+00 0.0000E+00 2.5643E-08 2.5643E-08 0.0000E+00 0.0000E+00 2.5643E-08 5.12E-06 5.58E-06   0.086 1.0000 6.9338E-06   1087.115
14131.00 0.92030203 6.3518E-33 0.0000E+00 0.0000E+00 2.5710E-08 2.5710E-08 0.0000E+00 0.0000E+00 2.5710E-08 5.13E-06 5.58E-06   0.083 1.0000 6.9114E-06   1087.913
14141.00 0.92382491 5.7709E-33 0.0000E+00 0.0000E+00 2.4980E-08 2.4980E-08 0.0000E+00 0.0000E+00 2.4980E-08 4.99E-06 5.40E-06   0.079 1.0000 6.6690E-06   1086.885
14151.00 0.91484743 6.1425E-33 0.0000E+00 0.0000E+00 2.5292E-08 2.5292E-08 0.0000E+00 0.0000E+00 2.5292E-08 5.02E-06 5.48E-06   0.089 1.0000 6.8364E-06   1088.253
14161.00 0.91554266 5.7971E-33 0.0000E+00 0.0000E+00 2.5309E-08 2.5309E-08 0.0000E+00 0.0000E+00 2.5309E-08 5.02E-06 5.47E-06   0.088 1.0000 6.8263E-06   1088.938
14171.00 0.91063029 5.8306E-33 0.0000E+00 0.0000E+00 2.5136E-08 2.5136E-08 0.0000E+00 0.0000E+00 2.5136E-08 4.97E-06 5.44E-06   0.094 1.0000 6.8218E-06   1089.183
14181.00 0.90804917 5.7329E-33 0.0000E+00 0.0000E+00 2.5414E-08 2.5414E-08 0.0000E+00 0.0000E+00 2.5414E-08 5.01E-06 5.50E-06   0.096 1.0000 6.9162E-06   1090.468
14191.00 0.92241150 4.5943E-33 0.0000E+00 0.0000E+00 2.5950E-08 2.5950E-08 0.0000E+00 0.0000E+00 2.5950E-08 5.14E-06 5.57E-06   0.081 1.0000 6.9005E-06   1092.334
14201.00 0.89826798 5.7231E-33 0.0000E+00 0.0000E+00 2.4728E-08 2.4728E-08 0.0000E+00 0.0000E+00 2.4728E-08 4.84E-06 5.35E-06   0.107 1.0000 6.8083E-06   1090.166
14211.00 0.92278737 4.1542E-33 0.0000E+00 0.0000E+00 2.5669E-08 2.5669E-08 0.0000E+00 0.0000E+00 2.5669E-08 5.07E-06 5.48E-06   0.080 1.0000 6.7993E-06   1092.990
14221.00 0.90792668 4.6734E-33 0.0000E+00 0.0000E+00 2.5126E-08 2.5126E-08 0.0000E+00 0.0000E+00 2.5126E-08 4.93E-06 5.39E-06   0.097 1.0000 6.7995E-06   1092.387
14231.00 0.88889432 5.4090E-33 0.0000E+00 0.0000E+00 2.4023E-08 2.4023E-08 0.0000E+00 0.0000E+00 2.4023E-08 4.67E-06 5.19E-06   0.118 1.0000 6.6909E-06   1090.419
14241.00 0.90130293 4.5596E-33 0.0000E+00 0.0000E+00 2.4690E-08 2.4690E-08 0.0000E+00 0.0000E+00 2.4690E-08 4.81E-06 5.30E-06   0.104 1.0000 6.7352E-06   1092.656
14251.00 0.89281291 4.7267E-33 0.0000E+00 0.0000E+00 2.3882E-08 2.3882E-08 0.0000E+00 0.0000E+00 2.3882E-08 4.63E-06 5.14E-06   0.113 1.0000 6.5845E-06   1091.365
14261.00 0.90406400 4.0182E-33 0.0000E+00 0.0000E+00 2.4901E-08 2.4901E-08 0.0000E+00 0.0000E+00 2.4901E-08 4.84E-06 5.33E-06   0.101 1.0000 6.7582E-06   1094.441
14271.00 0.88615465 4.5374E-33 0.0000E+00 0.0000E+00 2.4066E-08 2.4066E-08 0.0000E+00 0.0000E+00 2.4066E-08 4.63E-06 5.18E-06   0.121 1.0000 6.7184E-06   1093.097
14281.00 0.90060544 3.7661E-33 0.0000E+00 0.0000E+00 2.4723E-08 2.4723E-08 0.0000E+00 0.0000E+00 2.4723E-08 4.79E-06 5.27E-06   0.105 1.0000 6.7221E-06   1095.312
 -9999.
