T F 2    2    2    0    2    2    2    2    2    2    1    0    0   0.0000.00000
    1    1    1    0    0    0  23.00000   0.00000   0.00000   0.00000   0.00000
 -99.000 -99.000 -99.000
 -99.00000 -99.00000 -99.00000  2.922360  0.000710 ! H2O & O3 COLUMNS [GM/CM2]
   36MID-LATITUDE SUMMER 
  10.00000  10.00000  90.00836   2.00639   0.01801   0.00000    1        0.00000
    0    0  172    0
   0.00000   0.00000   0.00000  20.00194   0.00000 180.00000   0.00000   0.00000
    9091.0   14286.0      10.0      10.0NW              
    0   0    0.000  0    0.000  0    1.000
    FREQ  TOT_TRANS  PTH_THRML  THRML_SCT  SURF_EMIS   SOL_SCAT  SING_SCAT  GRND_RFLT  DRCT_RFLT  TOTAL_RAD  REF_SOL  SOL@OBS   DEPTH DIR_EM    TOA_SUN BBODY_T[K]
 9091.00 0.99714190 1.8427E-27 0.0000E+00 0.0000E+00 5.6505E-10 5.6505E-10 0.0000E+00 0.0000E+00 5.6505E-10 6.87E-06 6.89E-06   0.003 1.0000 6.9214E-06    617.477
 9101.00 0.99777573 1.3593E-27 0.0000E+00 0.0000E+00 5.5345E-10 5.5345E-10 0.0000E+00 0.0000E+00 5.5345E-10 6.71E-06 6.72E-06   0.002 1.0000 6.7529E-06    617.456
 9111.00 0.99814487 1.0709E-27 0.0000E+00 0.0000E+00 5.5694E-10 5.5694E-10 0.0000E+00 0.0000E+00 5.5694E-10 6.73E-06 6.74E-06   0.002 1.0000 6.7702E-06    618.221
 9121.00 0.99808633 1.0335E-27 0.0000E+00 0.0000E+00 5.5767E-10 5.5767E-10 0.0000E+00 0.0000E+00 5.5767E-10 6.71E-06 6.73E-06   0.002 1.0000 6.7570E-06    618.842
 9131.00 0.99798810 1.0320E-27 0.0000E+00 0.0000E+00 5.5618E-10 5.5618E-10 0.0000E+00 0.0000E+00 5.5618E-10 6.67E-06 6.69E-06   0.002 1.0000 6.7175E-06    619.346
 9141.00 0.99839157 7.7959E-28 0.0000E+00 0.0000E+00 5.3553E-10 5.3553E-10 0.0000E+00 0.0000E+00 5.3553E-10 6.41E-06 6.42E-06   0.002 1.0000 6.4440E-06    618.825
 9151.00 0.99768919 1.0522E-27 0.0000E+00 0.0000E+00 5.7171E-10 5.7171E-10 0.0000E+00 0.0000E+00 5.7171E-10 6.81E-06 6.83E-06   0.002 1.0000 6.8615E-06    621.317
 9161.00 0.99852419 6.3777E-28 0.0000E+00 0.0000E+00 5.8018E-10 5.8018E-10 0.0000E+00 0.0000E+00 5.8018E-10 6.89E-06 6.90E-06   0.001 1.0000 6.9345E-06    622.332
 9171.00 0.99812788 7.6013E-28 0.0000E+00 0.0000E+00 5.8635E-10 5.8635E-10 0.0000E+00 0.0000E+00 5.8635E-10 6.94E-06 6.96E-06   0.002 1.0000 6.9883E-06    623.226
 9181.00 0.99839705 6.1530E-28 0.0000E+00 0.0000E+00 5.7879E-10 5.7879E-10 0.0000E+00 0.0000E+00 5.7879E-10 6.83E-06 6.84E-06   0.002 1.0000 6.8738E-06    623.427
 9191.00 0.99857730 5.1471E-28 0.0000E+00 0.0000E+00 5.7905E-10 5.7905E-10 0.0000E+00 0.0000E+00 5.7905E-10 6.81E-06 6.82E-06   0.001 1.0000 6.8531E-06    624.024
 9201.00 0.99821985 6.0506E-28 0.0000E+00 0.0000E+00 5.7452E-10 5.7452E-10 0.0000E+00 0.0000E+00 5.7452E-10 6.74E-06 6.75E-06   0.002 1.0000 6.7792E-06    624.375
 9211.00 0.99821442 5.7867E-28 0.0000E+00 0.0000E+00 5.9752E-10 5.9752E-10 0.0000E+00 0.0000E+00 5.9752E-10 6.98E-06 7.00E-06   0.002 1.0000 7.0277E-06    626.117
 9221.00 0.99847633 4.6273E-28 0.0000E+00 0.0000E+00 5.9462E-10 5.9462E-10 0.0000E+00 0.0000E+00 5.9462E-10 6.93E-06 6.94E-06   0.002 1.0000 6.9689E-06    626.556
 9231.00 0.99841011 4.5746E-28 0.0000E+00 0.0000E+00 5.8167E-10 5.8167E-10 0.0000E+00 0.0000E+00 5.8167E-10 6.75E-06 6.76E-06   0.002 1.0000 6.7955E-06    626.488
 9241.00 0.99854887 3.9256E-28 0.0000E+00 0.0000E+00 5.8270E-10 5.8270E-10 0.0000E+00 0.0000E+00 5.8270E-10 6.74E-06 6.75E-06   0.001 1.0000 6.7842E-06    627.123
 9251.00 0.99842685 4.0211E-28 0.0000E+00 0.0000E+00 5.9457E-10 5.9457E-10 0.0000E+00 0.0000E+00 5.9457E-10 6.86E-06 6.87E-06   0.002 1.0000 6.9007E-06    628.302
 9261.00 0.99846327 3.7148E-28 0.0000E+00 0.0000E+00 6.0461E-10 6.0461E-10 0.0000E+00 0.0000E+00 6.0461E-10 6.95E-06 6.96E-06   0.002 1.0000 6.9947E-06    629.383
 9271.00 0.99854523 3.3118E-28 0.0000E+00 0.0000E+00 5.9635E-10 5.9635E-10 0.0000E+00 0.0000E+00 5.9635E-10 6.83E-06 6.84E-06   0.001 1.0000 6.8762E-06    629.557
 9281.00 0.99837816 3.4858E-28 0.0000E+00 0.0000E+00 6.1182E-10 6.1182E-10 0.0000E+00 0.0000E+00 6.1182E-10 6.99E-06 7.00E-06   0.002 1.0000 7.0330E-06    630.903
 9291.00 0.99848592 3.0710E-28 0.0000E+00 0.0000E+00 6.1216E-10 6.1216E-10 0.0000E+00 0.0000E+00 6.1216E-10 6.97E-06 6.98E-06   0.002 1.0000 7.0135E-06    631.503
 9301.00 0.99838167 3.0943E-28 0.0000E+00 0.0000E+00 6.0095E-10 6.0095E-10 0.0000E+00 0.0000E+00 6.0095E-10 6.82E-06 6.83E-06   0.002 1.0000 6.8637E-06    631.534
 9311.00 0.99835145 2.9794E-28 0.0000E+00 0.0000E+00 6.1348E-10 6.1348E-10 0.0000E+00 0.0000E+00 6.1348E-10 6.94E-06 6.95E-06   0.002 1.0000 6.9849E-06    632.733
 9321.00 0.99827528 2.9387E-28 0.0000E+00 0.0000E+00 6.0666E-10 6.0666E-10 0.0000E+00 0.0000E+00 6.0666E-10 6.84E-06 6.85E-06   0.002 1.0000 6.8861E-06    632.982
 9331.00 0.99819076 2.9100E-28 0.0000E+00 0.0000E+00 6.1945E-10 6.1945E-10 0.0000E+00 0.0000E+00 6.1945E-10 6.96E-06 6.97E-06   0.002 1.0000 7.0103E-06    634.190
 9341.00 0.99808908 2.8994E-28 0.0000E+00 0.0000E+00 6.1855E-10 6.1855E-10 0.0000E+00 0.0000E+00 6.1855E-10 6.93E-06 6.94E-06   0.002 1.0000 6.9794E-06    634.730
 9351.00 0.99794948 2.9365E-28 0.0000E+00 0.0000E+00 5.9603E-10 5.9603E-10 0.0000E+00 0.0000E+00 5.9603E-10 6.65E-06 6.67E-06   0.002 1.0000 6.7060E-06    634.202
 9361.00 0.99776608 3.0182E-28 0.0000E+00 0.0000E+00 6.1620E-10 6.1620E-10 0.0000E+00 0.0000E+00 6.1620E-10 6.85E-06 6.87E-06   0.002 1.0000 6.9146E-06    635.782
 9371.00 0.99771756 2.9132E-28 0.0000E+00 0.0000E+00 6.2632E-10 6.2632E-10 0.0000E+00 0.0000E+00 6.2632E-10 6.95E-06 6.96E-06   0.002 1.0000 7.0062E-06    636.854
 9381.00 0.99769169 2.7794E-28 0.0000E+00 0.0000E+00 6.2532E-10 6.2532E-10 0.0000E+00 0.0000E+00 6.2532E-10 6.91E-06 6.93E-06   0.002 1.0000 6.9727E-06    637.389
 9391.00 0.99769706 2.6175E-28 0.0000E+00 0.0000E+00 6.3811E-10 6.3811E-10 0.0000E+00 0.0000E+00 6.3811E-10 7.03E-06 7.05E-06   0.002 1.0000 7.0927E-06    638.583
 9401.00 0.99775946 2.4039E-28 0.0000E+00 0.0000E+00 6.3545E-10 6.3545E-10 0.0000E+00 0.0000E+00 6.3545E-10 6.98E-06 6.99E-06   0.002 1.0000 7.0394E-06    639.041
 9411.00 0.99783051 2.1964E-28 0.0000E+00 0.0000E+00 6.3607E-10 6.3607E-10 0.0000E+00 0.0000E+00 6.3607E-10 6.96E-06 6.98E-06   0.002 1.0000 7.0221E-06    639.654
 9421.00 0.99788654 2.0189E-28 0.0000E+00 0.0000E+00 6.3666E-10 6.3666E-10 0.0000E+00 0.0000E+00 6.3666E-10 6.95E-06 6.96E-06   0.002 1.0000 7.0055E-06    640.265
 9431.00 0.99792433 1.8712E-28 0.0000E+00 0.0000E+00 6.3532E-10 6.3532E-10 0.0000E+00 0.0000E+00 6.3532E-10 6.91E-06 6.93E-06   0.002 1.0000 6.9676E-06    640.784
 9441.00 0.99797082 1.7265E-28 0.0000E+00 0.0000E+00 6.3558E-10 6.3558E-10 0.0000E+00 0.0000E+00 6.3558E-10 6.89E-06 6.91E-06   0.002 1.0000 6.9484E-06    641.380
 9451.00 0.99804139 1.5726E-28 0.0000E+00 0.0000E+00 6.4012E-10 6.4012E-10 0.0000E+00 0.0000E+00 6.4012E-10 6.92E-06 6.94E-06   0.002 1.0000 6.9764E-06    642.179
 9461.00 0.99812073 1.4240E-28 0.0000E+00 0.0000E+00 6.5238E-10 6.5238E-10 0.0000E+00 0.0000E+00 6.5238E-10 7.04E-06 7.05E-06   0.002 1.0000 7.0891E-06    643.338
 9471.00 0.99819541 1.2904E-28 0.0000E+00 0.0000E+00 6.5441E-10 6.5441E-10 0.0000E+00 0.0000E+00 6.5441E-10 7.04E-06 7.05E-06   0.002 1.0000 7.0904E-06    644.016
 9481.00 0.99825591 1.1767E-28 0.0000E+00 0.0000E+00 6.5579E-10 6.5579E-10 0.0000E+00 0.0000E+00 6.5579E-10 7.03E-06 7.05E-06   0.002 1.0000 7.0848E-06    644.664
 9491.00 0.99829936 1.0827E-28 0.0000E+00 0.0000E+00 6.5229E-10 6.5229E-10 0.0000E+00 0.0000E+00 6.5229E-10 6.98E-06 6.99E-06   0.002 1.0000 7.0271E-06    645.084
 9501.00 0.99832940 1.0036E-28 0.0000E+00 0.0000E+00 6.5776E-10 6.5776E-10 0.0000E+00 0.0000E+00 6.5776E-10 7.02E-06 7.03E-06   0.002 1.0000 7.0663E-06    645.922
 9511.00 0.99836832 9.2515E-29 0.0000E+00 0.0000E+00 6.6024E-10 6.6024E-10 0.0000E+00 0.0000E+00 6.6024E-10 7.02E-06 7.04E-06   0.002 1.0000 7.0729E-06    646.621
 9521.00 0.99837947 8.6654E-29 0.0000E+00 0.0000E+00 6.6166E-10 6.6166E-10 0.0000E+00 0.0000E+00 6.6166E-10 7.02E-06 7.03E-06   0.002 1.0000 7.0689E-06    647.270
 9531.00 0.99838662 8.1476E-29 0.0000E+00 0.0000E+00 6.6487E-10 6.6487E-10 0.0000E+00 0.0000E+00 6.6487E-10 7.04E-06 7.05E-06   0.002 1.0000 7.0837E-06    648.002
 9541.00 0.99845308 7.3685E-29 0.0000E+00 0.0000E+00 6.6696E-10 6.6696E-10 0.0000E+00 0.0000E+00 6.6696E-10 7.04E-06 7.05E-06   0.002 1.0000 7.0847E-06    648.681
 9551.00 0.99846625 6.8942E-29 0.0000E+00 0.0000E+00 6.6255E-10 6.6255E-10 0.0000E+00 0.0000E+00 6.6255E-10 6.97E-06 6.98E-06   0.002 1.0000 7.0183E-06    649.061
 9561.00 0.99847573 6.4651E-29 0.0000E+00 0.0000E+00 6.5734E-10 6.5734E-10 0.0000E+00 0.0000E+00 6.5734E-10 6.90E-06 6.91E-06   0.002 1.0000 6.9440E-06    649.402
 9571.00 0.99848348 6.0697E-29 0.0000E+00 0.0000E+00 6.7144E-10 6.7144E-10 0.0000E+00 0.0000E+00 6.7144E-10 7.03E-06 7.04E-06   0.002 1.0000 7.0733E-06    650.637
 9581.00 0.99848986 5.7035E-29 0.0000E+00 0.0000E+00 6.7423E-10 6.7423E-10 0.0000E+00 0.0000E+00 6.7423E-10 7.04E-06 7.05E-06   0.002 1.0000 7.0833E-06    651.348
 9591.00 0.99849260 5.3720E-29 0.0000E+00 0.0000E+00 6.7159E-10 6.7159E-10 0.0000E+00 0.0000E+00 6.7159E-10 6.99E-06 7.00E-06   0.002 1.0000 7.0362E-06    651.811
 9601.00 0.99849200 5.0707E-29 0.0000E+00 0.0000E+00 6.7958E-10 6.7958E-10 0.0000E+00 0.0000E+00 6.7958E-10 7.05E-06 7.07E-06   0.002 1.0000 7.1006E-06    652.759
 9611.00 0.99849075 4.7891E-29 0.0000E+00 0.0000E+00 6.7742E-10 6.7742E-10 0.0000E+00 0.0000E+00 6.7742E-10 7.01E-06 7.02E-06   0.002 1.0000 7.0589E-06    653.244
 9621.00 0.99848962 4.5225E-29 0.0000E+00 0.0000E+00 6.7881E-10 6.7881E-10 0.0000E+00 0.0000E+00 6.7881E-10 7.01E-06 7.02E-06   0.002 1.0000 7.0542E-06    653.891
 9631.00 0.99849403 4.2551E-29 0.0000E+00 0.0000E+00 6.8021E-10 6.8021E-10 0.0000E+00 0.0000E+00 6.8021E-10 7.00E-06 7.01E-06   0.002 1.0000 7.0494E-06    654.538
 9641.00 0.99847943 4.0540E-29 0.0000E+00 0.0000E+00 6.7761E-10 6.7761E-10 0.0000E+00 0.0000E+00 6.7761E-10 6.96E-06 6.97E-06   0.002 1.0000 7.0036E-06    655.002
 9651.00 0.99849480 3.7871E-29 0.0000E+00 0.0000E+00 6.8980E-10 6.8980E-10 0.0000E+00 0.0000E+00 6.8980E-10 7.06E-06 7.07E-06   0.002 1.0000 7.1097E-06    656.138
 9661.00 0.99850237 3.5554E-29 0.0000E+00 0.0000E+00 6.8353E-10 6.8353E-10 0.0000E+00 0.0000E+00 6.8353E-10 6.98E-06 6.99E-06   0.001 1.0000 7.0258E-06    656.438
 9671.00 0.99849975 3.3606E-29 0.0000E+00 0.0000E+00 6.8556E-10 6.8556E-10 0.0000E+00 0.0000E+00 6.8556E-10 6.98E-06 6.99E-06   0.002 1.0000 7.0276E-06    657.113
 9681.00 0.99849886 3.1733E-29 0.0000E+00 0.0000E+00 6.8551E-10 6.8551E-10 0.0000E+00 0.0000E+00 6.8551E-10 6.96E-06 6.97E-06   0.002 1.0000 7.0080E-06    657.694
 9691.00 0.99849397 3.0037E-29 0.0000E+00 0.0000E+00 6.9716E-10 6.9716E-10 0.0000E+00 0.0000E+00 6.9716E-10 7.06E-06 7.07E-06   0.002 1.0000 7.1079E-06    658.801
 9701.00 0.99849105 2.8401E-29 0.0000E+00 0.0000E+00 6.9807E-10 6.9807E-10 0.0000E+00 0.0000E+00 6.9807E-10 7.05E-06 7.06E-06   0.002 1.0000 7.0980E-06    659.425
 9711.00 0.99848974 2.6820E-29 0.0000E+00 0.0000E+00 6.9844E-10 6.9844E-10 0.0000E+00 0.0000E+00 6.9844E-10 7.04E-06 7.05E-06   0.002 1.0000 7.0827E-06    660.025
 9721.00 0.99847531 2.5551E-29 0.0000E+00 0.0000E+00 7.0090E-10 7.0090E-10 0.0000E+00 0.0000E+00 7.0090E-10 7.04E-06 7.05E-06   0.002 1.0000 7.0883E-06    660.718
 9731.00 0.99845654 2.4402E-29 0.0000E+00 0.0000E+00 7.0672E-10 7.0672E-10 0.0000E+00 0.0000E+00 7.0672E-10 7.08E-06 7.09E-06   0.002 1.0000 7.1280E-06    661.560
 9741.00 0.99847162 2.2804E-29 0.0000E+00 0.0000E+00 7.0732E-10 7.0732E-10 0.0000E+00 0.0000E+00 7.0732E-10 7.07E-06 7.08E-06   0.002 1.0000 7.1148E-06    662.170
 9751.00 0.99846590 2.1601E-29 0.0000E+00 0.0000E+00 7.1031E-10 7.1031E-10 0.0000E+00 0.0000E+00 7.1031E-10 7.08E-06 7.09E-06   0.002 1.0000 7.1256E-06    662.885
 9761.00 0.99844486 2.0646E-29 0.0000E+00 0.0000E+00 7.1087E-10 7.1087E-10 0.0000E+00 0.0000E+00 7.1087E-10 7.06E-06 7.08E-06   0.002 1.0000 7.1121E-06    663.494
 9771.00 0.99840647 1.9984E-29 0.0000E+00 0.0000E+00 7.1397E-10 7.1397E-10 0.0000E+00 0.0000E+00 7.1397E-10 7.08E-06 7.09E-06   0.002 1.0000 7.1242E-06    664.213
 9781.00 0.99844939 1.8341E-29 0.0000E+00 0.0000E+00 7.0795E-10 7.0795E-10 0.0000E+00 0.0000E+00 7.0795E-10 7.00E-06 7.01E-06   0.002 1.0000 7.0450E-06    664.531
 9791.00 0.99845076 1.7293E-29 0.0000E+00 0.0000E+00 7.0922E-10 7.0922E-10 0.0000E+00 0.0000E+00 7.0922E-10 6.99E-06 7.00E-06   0.002 1.0000 7.0386E-06    665.171
 9801.00 0.99844658 1.6354E-29 0.0000E+00 0.0000E+00 7.1282E-10 7.1282E-10 0.0000E+00 0.0000E+00 7.1282E-10 7.01E-06 7.02E-06   0.002 1.0000 7.0554E-06    665.913
 9811.00 0.99839777 1.5924E-29 0.0000E+00 0.0000E+00 7.0695E-10 7.0695E-10 0.0000E+00 0.0000E+00 7.0695E-10 6.93E-06 6.94E-06   0.002 1.0000 6.9787E-06    666.236
 9821.00 0.99845433 1.4490E-29 0.0000E+00 0.0000E+00 7.1741E-10 7.1741E-10 0.0000E+00 0.0000E+00 7.1741E-10 7.01E-06 7.03E-06   0.002 1.0000 7.0623E-06    667.281
 9831.00 0.99843395 1.3853E-29 0.0000E+00 0.0000E+00 7.2078E-10 7.2078E-10 0.0000E+00 0.0000E+00 7.2078E-10 7.03E-06 7.04E-06   0.002 1.0000 7.0767E-06    668.012
 9841.00 0.99843752 1.3039E-29 0.0000E+00 0.0000E+00 7.2056E-10 7.2056E-10 0.0000E+00 0.0000E+00 7.2056E-10 7.01E-06 7.02E-06   0.002 1.0000 7.0554E-06    668.586
 9851.00 0.99841356 1.2494E-29 0.0000E+00 0.0000E+00 7.2207E-10 7.2207E-10 0.0000E+00 0.0000E+00 7.2207E-10 7.00E-06 7.01E-06   0.002 1.0000 7.0514E-06    669.235
 9861.00 0.99842638 1.1698E-29 0.0000E+00 0.0000E+00 7.2937E-10 7.2937E-10 0.0000E+00 0.0000E+00 7.2937E-10 7.05E-06 7.07E-06   0.002 1.0000 7.1034E-06    670.136
 9871.00 0.99842411 1.1049E-29 0.0000E+00 0.0000E+00 7.3205E-10 7.3205E-10 0.0000E+00 0.0000E+00 7.3205E-10 7.06E-06 7.07E-06   0.002 1.0000 7.1106E-06    670.836
 9881.00 0.99838513 1.0684E-29 0.0000E+00 0.0000E+00 7.3419E-10 7.3419E-10 0.0000E+00 0.0000E+00 7.3419E-10 7.06E-06 7.07E-06   0.002 1.0000 7.1125E-06    671.511
 9891.00 0.99841267 9.9062E-30 0.0000E+00 0.0000E+00 7.3639E-10 7.3639E-10 0.0000E+00 0.0000E+00 7.3639E-10 7.07E-06 7.08E-06   0.002 1.0000 7.1147E-06    672.190
 9901.00 0.99832636 9.8505E-30 0.0000E+00 0.0000E+00 7.3985E-10 7.3985E-10 0.0000E+00 0.0000E+00 7.3985E-10 7.08E-06 7.09E-06   0.002 1.0000 7.1297E-06    672.922
 9911.00 0.99831414 9.3763E-30 0.0000E+00 0.0000E+00 7.3975E-10 7.3975E-10 0.0000E+00 0.0000E+00 7.3975E-10 7.06E-06 7.07E-06   0.002 1.0000 7.1100E-06    673.501
 9921.00 0.99837071 8.5442E-30 0.0000E+00 0.0000E+00 7.4247E-10 7.4247E-10 0.0000E+00 0.0000E+00 7.4247E-10 7.07E-06 7.08E-06   0.002 1.0000 7.1166E-06    674.201
 9931.00 0.99839681 7.9309E-30 0.0000E+00 0.0000E+00 7.4013E-10 7.4013E-10 0.0000E+00 0.0000E+00 7.4013E-10 7.03E-06 7.04E-06   0.002 1.0000 7.0750E-06    674.684
 9941.00 0.99837989 7.5619E-30 0.0000E+00 0.0000E+00 7.1749E-10 7.1749E-10 0.0000E+00 0.0000E+00 7.1749E-10 6.79E-06 6.80E-06   0.002 1.0000 6.8405E-06    674.278
 9951.00 0.99838156 7.1279E-30 0.0000E+00 0.0000E+00 7.0430E-10 7.0430E-10 0.0000E+00 0.0000E+00 7.0430E-10 6.65E-06 6.66E-06   0.002 1.0000 6.6965E-06    674.270
 9961.00 0.99835807 6.8259E-30 0.0000E+00 0.0000E+00 7.4034E-10 7.4034E-10 0.0000E+00 0.0000E+00 7.4034E-10 6.97E-06 6.98E-06   0.002 1.0000 7.0208E-06    676.442
 9971.00 0.99836159 6.4193E-30 0.0000E+00 0.0000E+00 7.4956E-10 7.4956E-10 0.0000E+00 0.0000E+00 7.4956E-10 7.04E-06 7.05E-06   0.002 1.0000 7.0893E-06    677.421
 9981.00 0.99825966 6.4419E-30 0.0000E+00 0.0000E+00 7.5739E-10 7.5739E-10 0.0000E+00 0.0000E+00 7.5739E-10 7.09E-06 7.11E-06   0.002 1.0000 7.1451E-06    678.337
 9991.00 0.99837899 5.6581E-30 0.0000E+00 0.0000E+00 7.5881E-10 7.5881E-10 0.0000E+00 0.0000E+00 7.5881E-10 7.09E-06 7.10E-06   0.002 1.0000 7.1388E-06    678.980
10001.00 0.99835038 5.4327E-30 0.0000E+00 0.0000E+00 7.5700E-10 7.5700E-10 0.0000E+00 0.0000E+00 7.5700E-10 7.05E-06 7.06E-06   0.002 1.0000 7.1031E-06    679.486
10011.00 0.99836200 5.0907E-30 0.0000E+00 0.0000E+00 7.6029E-10 7.6029E-10 0.0000E+00 0.0000E+00 7.6029E-10 7.06E-06 7.08E-06   0.002 1.0000 7.1150E-06    680.209
10021.00 0.99835873 4.8127E-30 0.0000E+00 0.0000E+00 7.6402E-10 7.6402E-10 0.0000E+00 0.0000E+00 7.6402E-10 7.08E-06 7.09E-06   0.002 1.0000 7.1310E-06    680.949
10031.00 0.99836421 4.5249E-30 0.0000E+00 0.0000E+00 7.6612E-10 7.6612E-10 0.0000E+00 0.0000E+00 7.6612E-10 7.08E-06 7.09E-06   0.002 1.0000 7.1318E-06    681.621
10041.00 0.99835849 4.2839E-30 0.0000E+00 0.0000E+00 7.6647E-10 7.6647E-10 0.0000E+00 0.0000E+00 7.6647E-10 7.06E-06 7.08E-06   0.002 1.0000 7.1164E-06    682.219
10051.00 0.99835747 4.0447E-30 0.0000E+00 0.0000E+00 7.6877E-10 7.6877E-10 0.0000E+00 0.0000E+00 7.6877E-10 7.07E-06 7.08E-06   0.002 1.0000 7.1191E-06    682.899
10061.00 0.99834025 3.8559E-30 0.0000E+00 0.0000E+00 7.7193E-10 7.7193E-10 0.0000E+00 0.0000E+00 7.7193E-10 7.08E-06 7.09E-06   0.002 1.0000 7.1296E-06    683.614
10071.00 0.99825913 3.8157E-30 0.0000E+00 0.0000E+00 7.7310E-10 7.7310E-10 0.0000E+00 0.0000E+00 7.7310E-10 7.07E-06 7.08E-06   0.002 1.0000 7.1221E-06    684.246
10081.00 0.99832135 3.4718E-30 0.0000E+00 0.0000E+00 7.7310E-10 7.7310E-10 0.0000E+00 0.0000E+00 7.7310E-10 7.05E-06 7.06E-06   0.002 1.0000 7.1031E-06    684.830
10091.00 0.99828476 3.3458E-30 0.0000E+00 0.0000E+00 7.7310E-10 7.7310E-10 0.0000E+00 0.0000E+00 7.7310E-10 7.03E-06 7.04E-06   0.002 1.0000 7.0846E-06    685.412
10101.00 0.99823207 3.2558E-30 0.0000E+00 0.0000E+00 7.6993E-10 7.6993E-10 0.0000E+00 0.0000E+00 7.6993E-10 6.98E-06 7.00E-06   0.002 1.0000 7.0367E-06    685.862
10111.00 0.99831325 2.9300E-30 0.0000E+00 0.0000E+00 7.7017E-10 7.7017E-10 0.0000E+00 0.0000E+00 7.7017E-10 6.97E-06 6.98E-06   0.002 1.0000 7.0192E-06    686.455
10121.00 0.99821150 2.9275E-30 0.0000E+00 0.0000E+00 7.8204E-10 7.8204E-10 0.0000E+00 0.0000E+00 7.8204E-10 7.06E-06 7.07E-06   0.002 1.0000 7.1091E-06    687.534
10131.00 0.99817300 2.8277E-30 0.0000E+00 0.0000E+00 7.8040E-10 7.8040E-10 0.0000E+00 0.0000E+00 7.8040E-10 7.02E-06 7.03E-06   0.002 1.0000 7.0756E-06    688.049
10141.00 0.99824291 2.5614E-30 0.0000E+00 0.0000E+00 7.8316E-10 7.8316E-10 0.0000E+00 0.0000E+00 7.8316E-10 7.03E-06 7.04E-06   0.002 1.0000 7.0813E-06    688.747
10151.00 0.99785620 2.9465E-30 0.0000E+00 0.0000E+00 7.8846E-10 7.8846E-10 0.0000E+00 0.0000E+00 7.8846E-10 7.06E-06 7.07E-06   0.002 1.0000 7.1130E-06    689.549
10161.00 0.99801761 2.5750E-30 0.0000E+00 0.0000E+00 7.8792E-10 7.8792E-10 0.0000E+00 0.0000E+00 7.8792E-10 7.03E-06 7.05E-06   0.002 1.0000 7.0884E-06    690.110
10171.00 0.99766642 2.8500E-30 0.0000E+00 0.0000E+00 7.8975E-10 7.8975E-10 0.0000E+00 0.0000E+00 7.8975E-10 7.03E-06 7.05E-06   0.002 1.0000 7.0885E-06    690.769
10181.00 0.99766463 2.7050E-30 0.0000E+00 0.0000E+00 7.9578E-10 7.9578E-10 0.0000E+00 0.0000E+00 7.9578E-10 7.06E-06 7.08E-06   0.002 1.0000 7.1238E-06    691.600
10191.00 0.99778241 2.4144E-30 0.0000E+00 0.0000E+00 7.9914E-10 7.9914E-10 0.0000E+00 0.0000E+00 7.9914E-10 7.08E-06 7.09E-06   0.002 1.0000 7.1342E-06    692.320
10201.00 0.99652332 3.5687E-30 0.0000E+00 0.0000E+00 7.9337E-10 7.9337E-10 0.0000E+00 0.0000E+00 7.9337E-10 7.00E-06 7.03E-06   0.003 1.0000 7.0727E-06    692.667
10211.00 0.99640399 3.4945E-30 0.0000E+00 0.0000E+00 7.9113E-10 7.9113E-10 0.0000E+00 0.0000E+00 7.9113E-10 6.96E-06 6.99E-06   0.004 1.0000 7.0352E-06    693.157
10221.00 0.99611628 3.5546E-30 0.0000E+00 0.0000E+00 7.9497E-10 7.9497E-10 0.0000E+00 0.0000E+00 7.9497E-10 6.98E-06 7.00E-06   0.004 1.0000 7.0526E-06    693.898
10231.00 0.99719930 2.4193E-30 0.0000E+00 0.0000E+00 8.0172E-10 8.0172E-10 0.0000E+00 0.0000E+00 8.0172E-10 7.02E-06 7.04E-06   0.003 1.0000 7.0865E-06    694.758
10241.00 0.99535996 3.7618E-30 0.0000E+00 0.0000E+00 7.9649E-10 7.9649E-10 0.0000E+00 0.0000E+00 7.9649E-10 6.95E-06 6.98E-06   0.005 1.0000 7.0343E-06    695.126
10251.00 0.99434853 4.3461E-30 0.0000E+00 0.0000E+00 8.0718E-10 8.0718E-10 0.0000E+00 0.0000E+00 8.0718E-10 7.02E-06 7.06E-06   0.006 1.0000 7.1175E-06    696.147
10261.00 0.99432522 4.1214E-30 0.0000E+00 0.0000E+00 7.9597E-10 7.9597E-10 0.0000E+00 0.0000E+00 7.9597E-10 6.91E-06 6.95E-06   0.006 1.0000 7.0004E-06    696.270
10271.00 0.99566537 2.9817E-30 0.0000E+00 0.0000E+00 8.0199E-10 8.0199E-10 0.0000E+00 0.0000E+00 8.0199E-10 6.95E-06 6.97E-06   0.004 1.0000 7.0253E-06    697.100
10281.00 0.99626952 2.4059E-30 0.0000E+00 0.0000E+00 8.1393E-10 8.1393E-10 0.0000E+00 0.0000E+00 8.1393E-10 7.03E-06 7.06E-06   0.004 1.0000 7.1074E-06    698.170
10291.00 0.99603772 2.4186E-30 0.0000E+00 0.0000E+00 8.1730E-10 8.1730E-10 0.0000E+00 0.0000E+00 8.1730E-10 7.04E-06 7.07E-06   0.004 1.0000 7.1198E-06    698.889
10301.00 0.99656135 1.9631E-30 0.0000E+00 0.0000E+00 8.1296E-10 8.1296E-10 0.0000E+00 0.0000E+00 8.1296E-10 6.99E-06 7.01E-06   0.003 1.0000 7.0598E-06    699.296
10311.00 0.99684638 1.7227E-30 0.0000E+00 0.0000E+00 8.2072E-10 8.2072E-10 0.0000E+00 0.0000E+00 8.2072E-10 7.04E-06 7.06E-06   0.003 1.0000 7.1065E-06    700.193
10321.00 0.99655128 1.7470E-30 0.0000E+00 0.0000E+00 8.1997E-10 8.1997E-10 0.0000E+00 0.0000E+00 8.1997E-10 7.01E-06 7.03E-06   0.003 1.0000 7.0834E-06    700.745
10331.00 0.99568456 2.0890E-30 0.0000E+00 0.0000E+00 8.1646E-10 8.1646E-10 0.0000E+00 0.0000E+00 8.1646E-10 6.96E-06 6.99E-06   0.004 1.0000 7.0410E-06    701.186
10341.00 0.99349743 2.9370E-30 0.0000E+00 0.0000E+00 8.2144E-10 8.2144E-10 0.0000E+00 0.0000E+00 8.2144E-10 6.98E-06 7.02E-06   0.007 1.0000 7.0807E-06    701.970
10351.00 0.99332213 2.8937E-30 0.0000E+00 0.0000E+00 8.0798E-10 8.0798E-10 0.0000E+00 0.0000E+00 8.0798E-10 6.84E-06 6.89E-06   0.007 1.0000 6.9482E-06    702.006
10361.00 0.99374449 2.5152E-30 0.0000E+00 0.0000E+00 8.2148E-10 8.2148E-10 0.0000E+00 0.0000E+00 8.2148E-10 6.94E-06 6.98E-06   0.006 1.0000 7.0420E-06    703.137
10371.00 0.99143529 3.2794E-30 0.0000E+00 0.0000E+00 8.1989E-10 8.1989E-10 0.0000E+00 0.0000E+00 8.1989E-10 6.90E-06 6.96E-06   0.009 1.0000 7.0259E-06    703.656
10381.00 0.99396414 2.1730E-30 0.0000E+00 0.0000E+00 8.2454E-10 8.2454E-10 0.0000E+00 0.0000E+00 8.2454E-10 6.93E-06 6.97E-06   0.006 1.0000 7.0297E-06    704.426
10391.00 0.98957223 3.5573E-30 0.0000E+00 0.0000E+00 8.2141E-10 8.2141E-10 0.0000E+00 0.0000E+00 8.2141E-10 6.87E-06 6.94E-06   0.010 1.0000 7.0152E-06    704.882
10401.00 0.99359816 2.0416E-30 0.0000E+00 0.0000E+00 8.3871E-10 8.3871E-10 0.0000E+00 0.0000E+00 8.3871E-10 7.01E-06 7.06E-06   0.006 1.0000 7.1156E-06    706.158
10411.00 0.99143916 2.6010E-30 0.0000E+00 0.0000E+00 8.2643E-10 8.2643E-10 0.0000E+00 0.0000E+00 8.2643E-10 6.88E-06 6.94E-06   0.009 1.0000 7.0090E-06    706.249
10421.00 0.98874426 3.2018E-30 0.0000E+00 0.0000E+00 8.3830E-10 8.3830E-10 0.0000E+00 0.0000E+00 8.3830E-10 6.96E-06 7.03E-06   0.011 1.0000 7.1097E-06    707.307
10431.00 0.98963773 2.7920E-30 0.0000E+00 0.0000E+00 8.4345E-10 8.4345E-10 0.0000E+00 0.0000E+00 8.4345E-10 6.98E-06 7.05E-06   0.010 1.0000 7.1282E-06    708.094
10441.00 0.99204081 2.0315E-30 0.0000E+00 0.0000E+00 8.3613E-10 8.3613E-10 0.0000E+00 0.0000E+00 8.3613E-10 6.91E-06 6.97E-06   0.008 1.0000 7.0319E-06    708.386
10451.00 0.98563230 3.4460E-30 0.0000E+00 0.0000E+00 8.3425E-10 8.3425E-10 0.0000E+00 0.0000E+00 8.3425E-10 6.86E-06 6.95E-06   0.014 1.0000 7.0411E-06    708.893
10461.00 0.98690760 2.9569E-30 0.0000E+00 0.0000E+00 8.3434E-10 8.3434E-10 0.0000E+00 0.0000E+00 8.3434E-10 6.85E-06 6.93E-06   0.013 1.0000 7.0152E-06    709.479
10471.00 0.98488152 3.2037E-30 0.0000E+00 0.0000E+00 7.9131E-10 7.9131E-10 0.0000E+00 0.0000E+00 7.9131E-10 6.47E-06 6.56E-06   0.015 1.0000 6.6482E-06    708.293
10481.00 0.98671561 2.7053E-30 0.0000E+00 0.0000E+00 8.2854E-10 8.2854E-10 0.0000E+00 0.0000E+00 8.2854E-10 6.77E-06 6.85E-06   0.013 1.0000 6.9292E-06    710.410
10491.00 0.98637444 2.5624E-30 0.0000E+00 0.0000E+00 8.4546E-10 8.4546E-10 0.0000E+00 0.0000E+00 8.4546E-10 6.88E-06 6.97E-06   0.014 1.0000 7.0576E-06    711.670
10501.00 0.97403216 4.6605E-30 0.0000E+00 0.0000E+00 8.4347E-10 8.4347E-10 0.0000E+00 0.0000E+00 8.4347E-10 6.82E-06 6.97E-06   0.026 1.0000 7.1082E-06    712.173
10511.00 0.99162173 1.4423E-30 0.0000E+00 0.0000E+00 8.5777E-10 8.5777E-10 0.0000E+00 0.0000E+00 8.5777E-10 6.96E-06 7.02E-06   0.008 1.0000 7.0870E-06    713.320
10521.00 0.97594249 3.8002E-30 0.0000E+00 0.0000E+00 8.4657E-10 8.4657E-10 0.0000E+00 0.0000E+00 8.4657E-10 6.82E-06 6.95E-06   0.024 1.0000 7.0837E-06    713.461
10531.00 0.97705400 3.4868E-30 0.0000E+00 0.0000E+00 8.5576E-10 8.5576E-10 0.0000E+00 0.0000E+00 8.5576E-10 6.87E-06 7.01E-06   0.023 1.0000 7.1337E-06    714.406
10541.00 0.97797018 3.0816E-30 0.0000E+00 0.0000E+00 8.5736E-10 8.5736E-10 0.0000E+00 0.0000E+00 8.5736E-10 6.87E-06 7.00E-06   0.022 1.0000 7.1238E-06    715.052
10551.00 0.98159242 2.4957E-30 0.0000E+00 0.0000E+00 8.6121E-10 8.6121E-10 0.0000E+00 0.0000E+00 8.6121E-10 6.89E-06 7.00E-06   0.019 1.0000 7.1123E-06    715.785
10561.00 0.98230165 2.2114E-30 0.0000E+00 0.0000E+00 8.5955E-10 8.5955E-10 0.0000E+00 0.0000E+00 8.5955E-10 6.86E-06 6.97E-06   0.018 1.0000 7.0759E-06    716.303
10571.00 0.97069734 3.5117E-30 0.0000E+00 0.0000E+00 8.5046E-10 8.5046E-10 0.0000E+00 0.0000E+00 8.5046E-10 6.74E-06 6.91E-06   0.030 1.0000 7.0632E-06    716.526
10581.00 0.98346293 1.8398E-30 0.0000E+00 0.0000E+00 8.5669E-10 8.5669E-10 0.0000E+00 0.0000E+00 8.5669E-10 6.81E-06 6.91E-06   0.017 1.0000 7.0083E-06    717.354
10591.00 0.96108586 4.1489E-30 0.0000E+00 0.0000E+00 8.2995E-10 8.2995E-10 0.0000E+00 0.0000E+00 8.2995E-10 6.53E-06 6.73E-06   0.040 1.0000 6.9242E-06    716.865
10601.00 0.96581030 3.3874E-30 0.0000E+00 0.0000E+00 8.4640E-10 8.4640E-10 0.0000E+00 0.0000E+00 8.4640E-10 6.66E-06 6.83E-06   0.035 1.0000 7.0103E-06    718.110
10611.00 0.97720641 2.1831E-30 0.0000E+00 0.0000E+00 8.5705E-10 8.5705E-10 0.0000E+00 0.0000E+00 8.5705E-10 6.75E-06 6.87E-06   0.023 1.0000 7.0013E-06    719.115
10621.00 0.98633140 1.2148E-30 0.0000E+00 0.0000E+00 8.2833E-10 8.2833E-10 0.0000E+00 0.0000E+00 8.2833E-10 6.52E-06 6.60E-06   0.014 1.0000 6.6904E-06    718.543
10631.00 0.98802215 1.0087E-30 0.0000E+00 0.0000E+00 8.6124E-10 8.6124E-10 0.0000E+00 0.0000E+00 8.6124E-10 6.77E-06 6.84E-06   0.012 1.0000 6.9249E-06    720.444
10641.00 0.99144936 6.7892E-31 0.0000E+00 0.0000E+00 8.8437E-10 8.8437E-10 0.0000E+00 0.0000E+00 8.8437E-10 6.94E-06 7.00E-06   0.009 1.0000 7.0679E-06    721.927
10651.00 0.97521698 1.8340E-30 0.0000E+00 0.0000E+00 8.7488E-10 8.7488E-10 0.0000E+00 0.0000E+00 8.7488E-10 6.81E-06 6.95E-06   0.025 1.0000 7.0860E-06    722.142
10661.00 0.95867741 2.9112E-30 0.0000E+00 0.0000E+00 8.6628E-10 8.6628E-10 0.0000E+00 0.0000E+00 8.6628E-10 6.69E-06 6.90E-06   0.042 1.0000 7.1135E-06    722.388
10671.00 0.96036196 2.6472E-30 0.0000E+00 0.0000E+00 8.6901E-10 8.6901E-10 0.0000E+00 0.0000E+00 8.6901E-10 6.70E-06 6.90E-06   0.040 1.0000 7.1053E-06    723.077
10681.00 0.96281785 2.3119E-30 0.0000E+00 0.0000E+00 8.6371E-10 8.6371E-10 0.0000E+00 0.0000E+00 8.6371E-10 6.64E-06 6.84E-06   0.038 1.0000 7.0271E-06    723.451
10691.00 0.96708757 1.9590E-30 0.0000E+00 0.0000E+00 8.7252E-10 8.7252E-10 0.0000E+00 0.0000E+00 8.7252E-10 6.70E-06 6.88E-06   0.033 1.0000 7.0496E-06    724.378
10701.00 0.94728595 2.9497E-30 0.0000E+00 0.0000E+00 8.6681E-10 8.6681E-10 0.0000E+00 0.0000E+00 8.6681E-10 6.60E-06 6.87E-06   0.054 1.0000 7.1224E-06    724.736
10711.00 0.97053599 1.5578E-30 0.0000E+00 0.0000E+00 8.9026E-10 8.9026E-10 0.0000E+00 0.0000E+00 8.9026E-10 6.81E-06 6.98E-06   0.030 1.0000 7.1299E-06    726.230
10721.00 0.97535682 1.2221E-30 0.0000E+00 0.0000E+00 8.9456E-10 8.9456E-10 0.0000E+00 0.0000E+00 8.9456E-10 6.83E-06 6.98E-06   0.025 1.0000 7.1129E-06    726.977
10731.00 0.97676367 1.0919E-30 0.0000E+00 0.0000E+00 8.9407E-10 8.9407E-10 0.0000E+00 0.0000E+00 8.9407E-10 6.81E-06 6.96E-06   0.024 1.0000 7.0795E-06    727.540
10741.00 0.98677772 5.8665E-31 0.0000E+00 0.0000E+00 9.0999E-10 9.0999E-10 0.0000E+00 0.0000E+00 9.0999E-10 6.94E-06 7.03E-06   0.013 1.0000 7.1186E-06    728.728
10751.00 0.99272001 3.0446E-31 0.0000E+00 0.0000E+00 9.1394E-10 9.1394E-10 0.0000E+00 0.0000E+00 9.1394E-10 6.97E-06 7.02E-06   0.007 1.0000 7.0904E-06    729.460
10761.00 0.99534726 1.8340E-31 0.0000E+00 0.0000E+00 9.1141E-10 9.1141E-10 0.0000E+00 0.0000E+00 9.1141E-10 6.95E-06 6.98E-06   0.005 1.0000 7.0349E-06    729.947
10771.00 0.99489814 1.8905E-31 0.0000E+00 0.0000E+00 9.2569E-10 9.2569E-10 0.0000E+00 0.0000E+00 9.2569E-10 7.03E-06 7.07E-06   0.005 1.0000 7.1304E-06    731.065
10781.00 0.99637079 1.2810E-31 0.0000E+00 0.0000E+00 9.3073E-10 9.3073E-10 0.0000E+00 0.0000E+00 9.3073E-10 7.06E-06 7.09E-06   0.004 1.0000 7.1406E-06    731.835
10791.00 0.99717212 9.3014E-32 0.0000E+00 0.0000E+00 9.1530E-10 9.1530E-10 0.0000E+00 0.0000E+00 9.1530E-10 6.93E-06 6.95E-06   0.003 1.0000 6.9990E-06    731.841
10801.00 0.99695283 9.4982E-32 0.0000E+00 0.0000E+00 8.9425E-10 8.9425E-10 0.0000E+00 0.0000E+00 8.9425E-10 6.75E-06 6.77E-06   0.003 1.0000 6.8221E-06    731.621
10811.00 0.99638772 1.0615E-31 0.0000E+00 0.0000E+00 9.1731E-10 9.1731E-10 0.0000E+00 0.0000E+00 9.1731E-10 6.91E-06 6.93E-06   0.004 1.0000 6.9842E-06    733.081
10821.00 0.99671245 9.1169E-32 0.0000E+00 0.0000E+00 9.1221E-10 9.1221E-10 0.0000E+00 0.0000E+00 9.1221E-10 6.85E-06 6.87E-06   0.003 1.0000 6.9254E-06    733.471
10831.00 0.99702561 7.7841E-32 0.0000E+00 0.0000E+00 8.7939E-10 8.7939E-10 0.0000E+00 0.0000E+00 8.7939E-10 6.59E-06 6.61E-06   0.003 1.0000 6.6572E-06    732.788
10841.00 0.99699157 7.4017E-32 0.0000E+00 0.0000E+00 9.1203E-10 9.1203E-10 0.0000E+00 0.0000E+00 9.1203E-10 6.81E-06 6.84E-06   0.003 1.0000 6.8867E-06    734.627
10851.00 0.99664962 7.8152E-32 0.0000E+00 0.0000E+00 9.0816E-10 9.0816E-10 0.0000E+00 0.0000E+00 9.0816E-10 6.77E-06 6.79E-06   0.003 1.0000 6.8426E-06    735.062
10861.00 0.99739581 5.7267E-32 0.0000E+00 0.0000E+00 9.3088E-10 9.3088E-10 0.0000E+00 0.0000E+00 9.3088E-10 6.92E-06 6.94E-06   0.003 1.0000 6.9906E-06    736.500
10871.00 0.99646741 7.2900E-32 0.0000E+00 0.0000E+00 9.4578E-10 9.4578E-10 0.0000E+00 0.0000E+00 9.4578E-10 7.01E-06 7.04E-06   0.004 1.0000 7.0910E-06    737.635
10881.00 0.99639308 7.0172E-32 0.0000E+00 0.0000E+00 9.5360E-10 9.5360E-10 0.0000E+00 0.0000E+00 9.5360E-10 7.05E-06 7.08E-06   0.004 1.0000 7.1322E-06    738.504
10891.00 0.99473000 9.6437E-32 0.0000E+00 0.0000E+00 9.4840E-10 9.4840E-10 0.0000E+00 0.0000E+00 9.4840E-10 6.99E-06 7.03E-06   0.005 1.0000 7.0869E-06    738.896
10901.00 0.99474597 9.2091E-32 0.0000E+00 0.0000E+00 9.4321E-10 9.4321E-10 0.0000E+00 0.0000E+00 9.4321E-10 6.93E-06 6.97E-06   0.005 1.0000 7.0299E-06    739.287
10911.00 0.99608725 6.3742E-32 0.0000E+00 0.0000E+00 9.5852E-10 9.5852E-10 0.0000E+00 0.0000E+00 9.5852E-10 7.03E-06 7.06E-06   0.004 1.0000 7.1167E-06    740.431
10921.00 0.99264199 1.1387E-31 0.0000E+00 0.0000E+00 9.6104E-10 9.6104E-10 0.0000E+00 0.0000E+00 9.6104E-10 7.02E-06 7.07E-06   0.007 1.0000 7.1418E-06    741.106
10931.00 0.99657315 5.0246E-32 0.0000E+00 0.0000E+00 9.5594E-10 9.5594E-10 0.0000E+00 0.0000E+00 9.5594E-10 6.98E-06 7.00E-06   0.003 1.0000 7.0585E-06    741.502
10941.00 0.99306822 9.4627E-32 0.0000E+00 0.0000E+00 9.7141E-10 9.7141E-10 0.0000E+00 0.0000E+00 9.7141E-10 7.06E-06 7.11E-06   0.007 1.0000 7.1797E-06    742.646
10951.00 0.99377477 8.1414E-32 0.0000E+00 0.0000E+00 9.7961E-10 9.7961E-10 0.0000E+00 0.0000E+00 9.7961E-10 7.11E-06 7.15E-06   0.006 1.0000 7.2169E-06    743.524
10961.00 0.99450964 6.6779E-32 0.0000E+00 0.0000E+00 9.6037E-10 9.6037E-10 0.0000E+00 0.0000E+00 9.6037E-10 6.95E-06 6.99E-06   0.006 1.0000 7.0517E-06    743.411
10971.00 0.99582106 4.8407E-32 0.0000E+00 0.0000E+00 9.5267E-10 9.5267E-10 0.0000E+00 0.0000E+00 9.5267E-10 6.88E-06 6.91E-06   0.004 1.0000 6.9688E-06    743.711
10981.00 0.99425966 6.2305E-32 0.0000E+00 0.0000E+00 9.6947E-10 9.6947E-10 0.0000E+00 0.0000E+00 9.6947E-10 6.98E-06 7.02E-06   0.006 1.0000 7.0849E-06    744.907
10991.00 0.99474394 5.4240E-32 0.0000E+00 0.0000E+00 9.5483E-10 9.5483E-10 0.0000E+00 0.0000E+00 9.5483E-10 6.86E-06 6.89E-06   0.005 1.0000 6.9574E-06    744.955
11001.00 0.99349320 6.2854E-32 0.0000E+00 0.0000E+00 9.4435E-10 9.4435E-10 0.0000E+00 0.0000E+00 9.4435E-10 6.76E-06 6.81E-06   0.007 1.0000 6.8715E-06    745.149
11011.00 0.99345022 5.9952E-32 0.0000E+00 0.0000E+00 9.6612E-10 9.6612E-10 0.0000E+00 0.0000E+00 9.6612E-10 6.90E-06 6.94E-06   0.007 1.0000 7.0129E-06    746.532
11021.00 0.99214917 6.7669E-32 0.0000E+00 0.0000E+00 9.8742E-10 9.8742E-10 0.0000E+00 0.0000E+00 9.8742E-10 7.03E-06 7.08E-06   0.008 1.0000 7.1591E-06    747.883
11031.00 0.99558079 3.6081E-32 0.0000E+00 0.0000E+00 9.7056E-10 9.7056E-10 0.0000E+00 0.0000E+00 9.7056E-10 6.90E-06 6.93E-06   0.004 1.0000 6.9952E-06    747.857
11041.00 0.99651569 2.6708E-32 0.0000E+00 0.0000E+00 9.9747E-10 9.9747E-10 0.0000E+00 0.0000E+00 9.9747E-10 7.08E-06 7.11E-06   0.003 1.0000 7.1647E-06    749.405
11051.00 0.99680531 2.3103E-32 0.0000E+00 0.0000E+00 1.0069E-09 1.0069E-09 0.0000E+00 0.0000E+00 1.0069E-09 7.13E-06 7.15E-06   0.003 1.0000 7.2125E-06    750.321
11061.00 0.99705476 2.0135E-32 0.0000E+00 0.0000E+00 1.0078E-09 1.0078E-09 0.0000E+00 0.0000E+00 1.0078E-09 7.12E-06 7.14E-06   0.003 1.0000 7.1991E-06    750.936
11071.00 0.99482334 3.2959E-32 0.0000E+00 0.0000E+00 9.9854E-10 9.9854E-10 0.0000E+00 0.0000E+00 9.9854E-10 7.03E-06 7.06E-06   0.005 1.0000 7.1309E-06    751.191
11081.00 0.99195170 4.8849E-32 0.0000E+00 0.0000E+00 9.6970E-10 9.6970E-10 0.0000E+00 0.0000E+00 9.6970E-10 6.80E-06 6.85E-06   0.008 1.0000 6.9276E-06    750.736
11091.00 0.99287546 4.0985E-32 0.0000E+00 0.0000E+00 9.3275E-10 9.3275E-10 0.0000E+00 0.0000E+00 9.3275E-10 6.53E-06 6.57E-06   0.007 1.0000 6.6409E-06    749.946
11101.00 0.99327564 3.6095E-32 0.0000E+00 0.0000E+00 9.7679E-10 9.7679E-10 0.0000E+00 0.0000E+00 9.7679E-10 6.82E-06 6.86E-06   0.007 1.0000 6.9341E-06    752.158
11111.00 0.99310511 3.5219E-32 0.0000E+00 0.0000E+00 9.8636E-10 9.8636E-10 0.0000E+00 0.0000E+00 9.8636E-10 6.87E-06 6.91E-06   0.007 1.0000 6.9855E-06    753.085
11121.00 0.99005598 4.7797E-32 0.0000E+00 0.0000E+00 1.0096E-09 1.0096E-09 0.0000E+00 0.0000E+00 1.0096E-09 7.00E-06 7.07E-06   0.010 1.0000 7.1540E-06    754.493
11131.00 0.99425572 2.6180E-32 0.0000E+00 0.0000E+00 1.0160E-09 1.0160E-09 0.0000E+00 0.0000E+00 1.0160E-09 7.04E-06 7.08E-06   0.006 1.0000 7.1521E-06    755.304
11141.00 0.99525380 2.0290E-32 0.0000E+00 0.0000E+00 1.0133E-09 1.0133E-09 0.0000E+00 0.0000E+00 1.0133E-09 7.01E-06 7.04E-06   0.005 1.0000 7.1081E-06    755.791
11151.00 0.99509764 1.9771E-32 0.0000E+00 0.0000E+00 1.0154E-09 1.0154E-09 0.0000E+00 0.0000E+00 1.0154E-09 7.00E-06 7.04E-06   0.005 1.0000 7.1052E-06    756.445
11161.00 0.99631292 1.4032E-32 0.0000E+00 0.0000E+00 1.0375E-09 1.0375E-09 0.0000E+00 0.0000E+00 1.0375E-09 7.14E-06 7.17E-06   0.004 1.0000 7.2334E-06    757.798
11171.00 0.99694633 1.1000E-32 0.0000E+00 0.0000E+00 1.0140E-09 1.0140E-09 0.0000E+00 0.0000E+00 1.0140E-09 6.97E-06 6.99E-06   0.003 1.0000 7.0471E-06    757.560
11181.00 0.99747771 8.5456E-33 0.0000E+00 0.0000E+00 1.0188E-09 1.0188E-09 0.0000E+00 0.0000E+00 1.0188E-09 6.98E-06 7.00E-06   0.003 1.0000 7.0589E-06    758.312
11191.00 0.99747497 8.0487E-33 0.0000E+00 0.0000E+00 1.0326E-09 1.0326E-09 0.0000E+00 0.0000E+00 1.0326E-09 7.06E-06 7.08E-06   0.003 1.0000 7.1368E-06    759.376
11201.00 0.99764442 7.1022E-33 0.0000E+00 0.0000E+00 1.0124E-09 1.0124E-09 0.0000E+00 0.0000E+00 1.0124E-09 6.91E-06 6.92E-06   0.002 1.0000 6.9786E-06    759.253
11211.00 0.99766803 6.6218E-33 0.0000E+00 0.0000E+00 1.0362E-09 1.0362E-09 0.0000E+00 0.0000E+00 1.0362E-09 7.05E-06 7.07E-06   0.002 1.0000 7.1244E-06    760.667
11221.00 0.99777001 5.9718E-33 0.0000E+00 0.0000E+00 1.0443E-09 1.0443E-09 0.0000E+00 0.0000E+00 1.0443E-09 7.09E-06 7.10E-06   0.002 1.0000 7.1611E-06    761.527
11231.00 0.99772841 5.7362E-33 0.0000E+00 0.0000E+00 1.0542E-09 1.0542E-09 0.0000E+00 0.0000E+00 1.0542E-09 7.14E-06 7.15E-06   0.002 1.0000 7.2119E-06    762.451
11241.00 0.99773908 5.3883E-33 0.0000E+00 0.0000E+00 1.0466E-09 1.0466E-09 0.0000E+00 0.0000E+00 1.0466E-09 7.07E-06 7.08E-06   0.002 1.0000 7.1417E-06    762.772
11251.00 0.99774736 5.0593E-33 0.0000E+00 0.0000E+00 1.0519E-09 1.0519E-09 0.0000E+00 0.0000E+00 1.0519E-09 7.09E-06 7.10E-06   0.002 1.0000 7.1598E-06    763.535
11261.00 0.99769181 4.8941E-33 0.0000E+00 0.0000E+00 1.0457E-09 1.0457E-09 0.0000E+00 0.0000E+00 1.0457E-09 7.03E-06 7.04E-06   0.002 1.0000 7.1006E-06    763.907
11271.00 0.99773788 4.5211E-33 0.0000E+00 0.0000E+00 1.0293E-09 1.0293E-09 0.0000E+00 0.0000E+00 1.0293E-09 6.90E-06 6.91E-06   0.002 1.0000 6.9712E-06    763.918
11281.00 0.99770045 4.3343E-33 0.0000E+00 0.0000E+00 9.9761E-10 9.9761E-10 0.0000E+00 0.0000E+00 9.9761E-10 6.67E-06 6.68E-06   0.002 1.0000 6.7401E-06    763.377
11291.00 0.99770081 4.0906E-33 0.0000E+00 0.0000E+00 1.0577E-09 1.0577E-09 0.0000E+00 0.0000E+00 1.0577E-09 7.05E-06 7.07E-06   0.002 1.0000 7.1282E-06    766.066
11301.00 0.99774009 3.7906E-33 0.0000E+00 0.0000E+00 1.0611E-09 1.0611E-09 0.0000E+00 0.0000E+00 1.0611E-09 7.06E-06 7.07E-06   0.002 1.0000 7.1331E-06    766.764
11311.00 0.99772942 3.5918E-33 0.0000E+00 0.0000E+00 1.0493E-09 1.0493E-09 0.0000E+00 0.0000E+00 1.0493E-09 6.96E-06 6.98E-06   0.002 1.0000 7.0365E-06    766.944
11321.00 0.99772412 3.3962E-33 0.0000E+00 0.0000E+00 1.0648E-09 1.0648E-09 0.0000E+00 0.0000E+00 1.0648E-09 7.05E-06 7.06E-06   0.002 1.0000 7.1226E-06    768.056
11331.00 0.99771672 3.2128E-33 0.0000E+00 0.0000E+00 1.0453E-09 1.0453E-09 0.0000E+00 0.0000E+00 1.0453E-09 6.90E-06 6.92E-06   0.002 1.0000 6.9746E-06    767.969
11341.00 0.99771231 3.0367E-33 0.0000E+00 0.0000E+00 1.0656E-09 1.0656E-09 0.0000E+00 0.0000E+00 1.0656E-09 7.02E-06 7.03E-06   0.002 1.0000 7.0920E-06    769.246
11351.00 0.99771166 2.8649E-33 0.0000E+00 0.0000E+00 1.0099E-09 1.0099E-09 0.0000E+00 0.0000E+00 1.0099E-09 6.63E-06 6.65E-06   0.002 1.0000 6.7048E-06    767.886
11361.00 0.99770731 2.7074E-33 0.0000E+00 0.0000E+00 1.0704E-09 1.0704E-09 0.0000E+00 0.0000E+00 1.0704E-09 7.01E-06 7.03E-06   0.002 1.0000 7.0885E-06    770.573
11371.00 0.99770987 2.5505E-33 0.0000E+00 0.0000E+00 1.0588E-09 1.0588E-09 0.0000E+00 0.0000E+00 1.0588E-09 6.92E-06 6.94E-06   0.002 1.0000 6.9944E-06    770.760
11381.00 0.99770075 2.4150E-33 0.0000E+00 0.0000E+00 1.0869E-09 1.0869E-09 0.0000E+00 0.0000E+00 1.0869E-09 7.09E-06 7.10E-06   0.002 1.0000 7.1623E-06    772.294
11391.00 0.99769789 2.2806E-33 0.0000E+00 0.0000E+00 1.0803E-09 1.0803E-09 0.0000E+00 0.0000E+00 1.0803E-09 7.03E-06 7.04E-06   0.002 1.0000 7.1013E-06    772.655
11401.00 0.99769288 2.1557E-33 0.0000E+00 0.0000E+00 1.0857E-09 1.0857E-09 0.0000E+00 0.0000E+00 1.0857E-09 7.04E-06 7.06E-06   0.002 1.0000 7.1195E-06    773.422
11411.00 0.99768633 2.0390E-33 0.0000E+00 0.0000E+00 1.0839E-09 1.0839E-09 0.0000E+00 0.0000E+00 1.0839E-09 7.01E-06 7.03E-06   0.002 1.0000 7.0904E-06    773.944
11421.00 0.99768215 1.9266E-33 0.0000E+00 0.0000E+00 1.0542E-09 1.0542E-09 0.0000E+00 0.0000E+00 1.0542E-09 6.81E-06 6.82E-06   0.002 1.0000 6.8786E-06    773.511
11431.00 0.99767596 1.8218E-33 0.0000E+00 0.0000E+00 1.0738E-09 1.0738E-09 0.0000E+00 0.0000E+00 1.0738E-09 6.91E-06 6.93E-06   0.002 1.0000 6.9893E-06    774.765
11441.00 0.99766940 1.7232E-33 0.0000E+00 0.0000E+00 1.0824E-09 1.0824E-09 0.0000E+00 0.0000E+00 1.0824E-09 6.95E-06 6.97E-06   0.002 1.0000 7.0284E-06    775.640
11451.00 0.99766415 1.6288E-33 0.0000E+00 0.0000E+00 1.0940E-09 1.0940E-09 0.0000E+00 0.0000E+00 1.0940E-09 7.01E-06 7.03E-06   0.002 1.0000 7.0859E-06    776.610
11461.00 0.99765801 1.5404E-33 0.0000E+00 0.0000E+00 1.1091E-09 1.1091E-09 0.0000E+00 0.0000E+00 1.1091E-09 7.09E-06 7.11E-06   0.002 1.0000 7.1660E-06    777.694
11471.00 0.99765092 1.4571E-33 0.0000E+00 0.0000E+00 1.0932E-09 1.0932E-09 0.0000E+00 0.0000E+00 1.0932E-09 6.97E-06 6.99E-06   0.002 1.0000 7.0465E-06    777.749
11481.00 0.99764299 1.3789E-33 0.0000E+00 0.0000E+00 1.1024E-09 1.1024E-09 0.0000E+00 0.0000E+00 1.1024E-09 7.01E-06 7.03E-06   0.002 1.0000 7.0883E-06    778.638
11491.00 0.99763763 1.3035E-33 0.0000E+00 0.0000E+00 1.1040E-09 1.1040E-09 0.0000E+00 0.0000E+00 1.1040E-09 7.00E-06 7.02E-06   0.002 1.0000 7.0811E-06    779.273
11501.00 0.99762732 1.2347E-33 0.0000E+00 0.0000E+00 1.0799E-09 1.0799E-09 0.0000E+00 0.0000E+00 1.0799E-09 6.83E-06 6.85E-06   0.002 1.0000 6.9103E-06    779.047
11511.00 0.99762315 1.1666E-33 0.0000E+00 0.0000E+00 1.0758E-09 1.0758E-09 0.0000E+00 0.0000E+00 1.0758E-09 6.79E-06 6.81E-06   0.002 1.0000 6.8667E-06    779.488
11521.00 0.99761802 1.1026E-33 0.0000E+00 0.0000E+00 1.0824E-09 1.0824E-09 0.0000E+00 0.0000E+00 1.0824E-09 6.82E-06 6.83E-06   0.002 1.0000 6.8922E-06    780.294
11531.00 0.99760967 1.0436E-33 0.0000E+00 0.0000E+00 1.0445E-09 1.0445E-09 0.0000E+00 0.0000E+00 1.0445E-09 6.56E-06 6.58E-06   0.002 1.0000 6.6351E-06    779.569
11541.00 0.99760199 9.8740E-34 0.0000E+00 0.0000E+00 8.3283E-10 8.3283E-10 0.0000E+00 0.0000E+00 8.3283E-10 5.22E-06 5.23E-06   0.002 1.0000 5.2774E-06    771.935
11551.00 0.99759501 9.3398E-34 0.0000E+00 0.0000E+00 1.0616E-09 1.0616E-09 0.0000E+00 0.0000E+00 1.0616E-09 6.63E-06 6.65E-06   0.002 1.0000 6.7102E-06    781.324
11561.00 0.99759024 8.8261E-34 0.0000E+00 0.0000E+00 1.1177E-09 1.1177E-09 0.0000E+00 0.0000E+00 1.1177E-09 6.97E-06 6.99E-06   0.002 1.0000 7.0485E-06    783.805
11571.00 0.99758315 8.3487E-34 0.0000E+00 0.0000E+00 1.1410E-09 1.1410E-09 0.0000E+00 0.0000E+00 1.1410E-09 7.10E-06 7.11E-06   0.002 1.0000 7.1778E-06    785.148
11581.00 0.99757141 7.9117E-34 0.0000E+00 0.0000E+00 1.1363E-09 1.1363E-09 0.0000E+00 0.0000E+00 1.1363E-09 7.05E-06 7.07E-06   0.002 1.0000 7.1315E-06    785.579
11591.00 0.99756080 7.4945E-34 0.0000E+00 0.0000E+00 1.1394E-09 1.1394E-09 0.0000E+00 0.0000E+00 1.1394E-09 7.05E-06 7.07E-06   0.002 1.0000 7.1338E-06    786.262
11601.00 0.99755800 7.0768E-34 0.0000E+00 0.0000E+00 1.1235E-09 1.1235E-09 0.0000E+00 0.0000E+00 1.1235E-09 6.94E-06 6.95E-06   0.002 1.0000 7.0173E-06    786.324
11611.00 0.99755049 6.6943E-34 0.0000E+00 0.0000E+00 1.1246E-09 1.1246E-09 0.0000E+00 0.0000E+00 1.1246E-09 6.93E-06 6.94E-06   0.002 1.0000 7.0074E-06    786.943
11621.00 0.99754542 6.3269E-34 0.0000E+00 0.0000E+00 1.1384E-09 1.1384E-09 0.0000E+00 0.0000E+00 1.1384E-09 6.99E-06 7.01E-06   0.002 1.0000 7.0763E-06    787.976
11631.00 0.99753410 5.9939E-34 0.0000E+00 0.0000E+00 1.1331E-09 1.1331E-09 0.0000E+00 0.0000E+00 1.1331E-09 6.94E-06 6.96E-06   0.002 1.0000 7.0263E-06    788.383
11641.00 0.99752229 5.6810E-34 0.0000E+00 0.0000E+00 1.1340E-09 1.1340E-09 0.0000E+00 0.0000E+00 1.1340E-09 6.93E-06 6.95E-06   0.002 1.0000 7.0154E-06    788.995
11651.00 0.99751782 5.3669E-34 0.0000E+00 0.0000E+00 1.1367E-09 1.1367E-09 0.0000E+00 0.0000E+00 1.1367E-09 6.93E-06 6.95E-06   0.002 1.0000 7.0154E-06    789.668
11661.00 0.99749398 5.1097E-34 0.0000E+00 0.0000E+00 1.1598E-09 1.1598E-09 0.0000E+00 0.0000E+00 1.1598E-09 7.05E-06 7.07E-06   0.003 1.0000 7.1406E-06    790.997
11671.00 0.99749923 4.8097E-34 0.0000E+00 0.0000E+00 1.1644E-09 1.1644E-09 0.0000E+00 0.0000E+00 1.1644E-09 7.06E-06 7.08E-06   0.003 1.0000 7.1519E-06    791.729
11681.00 0.99748212 4.5663E-34 0.0000E+00 0.0000E+00 1.1480E-09 1.1480E-09 0.0000E+00 0.0000E+00 1.1480E-09 6.95E-06 6.97E-06   0.003 1.0000 7.0342E-06    791.781
11691.00 0.99746931 4.3293E-34 0.0000E+00 0.0000E+00 1.1149E-09 1.1149E-09 0.0000E+00 0.0000E+00 1.1149E-09 6.73E-06 6.75E-06   0.003 1.0000 6.8153E-06    791.273
11701.00 0.99745482 4.1052E-34 0.0000E+00 0.0000E+00 8.3710E-10 8.3710E-10 0.0000E+00 0.0000E+00 8.3710E-10 5.04E-06 5.05E-06   0.003 1.0000 5.1054E-06    781.322
11711.00 0.99743277 3.9065E-34 0.0000E+00 0.0000E+00 1.0025E-09 1.0025E-09 0.0000E+00 0.0000E+00 1.0025E-09 6.02E-06 6.04E-06   0.003 1.0000 6.0975E-06    788.494
11721.00 0.99744833 3.6613E-34 0.0000E+00 0.0000E+00 1.1435E-09 1.1435E-09 0.0000E+00 0.0000E+00 1.1435E-09 6.85E-06 6.87E-06   0.003 1.0000 6.9393E-06    793.962
11731.00 0.99742043 3.4902E-34 0.0000E+00 0.0000E+00 1.1644E-09 1.1644E-09 0.0000E+00 0.0000E+00 1.1644E-09 6.96E-06 6.98E-06   0.003 1.0000 7.0489E-06    795.222
11741.00 0.99738038 3.3424E-34 0.0000E+00 0.0000E+00 1.1331E-09 1.1331E-09 0.0000E+00 0.0000E+00 1.1331E-09 6.76E-06 6.77E-06   0.003 1.0000 6.8430E-06    794.784
11751.00 0.99740016 3.1301E-34 0.0000E+00 0.0000E+00 1.1753E-09 1.1753E-09 0.0000E+00 0.0000E+00 1.1753E-09 6.99E-06 7.01E-06   0.003 1.0000 7.0799E-06    796.735
11761.00 0.99742234 2.9257E-34 0.0000E+00 0.0000E+00 1.0436E-09 1.0436E-09 0.0000E+00 0.0000E+00 1.0436E-09 6.19E-06 6.21E-06   0.003 1.0000 6.2711E-06    792.877
11771.00 0.99740750 2.7750E-34 0.0000E+00 0.0000E+00 1.1220E-09 1.1220E-09 0.0000E+00 0.0000E+00 1.1220E-09 6.64E-06 6.66E-06   0.003 1.0000 6.7248E-06    796.159
11781.00 0.99739581 2.6291E-34 0.0000E+00 0.0000E+00 1.1942E-09 1.1942E-09 0.0000E+00 0.0000E+00 1.1942E-09 7.05E-06 7.07E-06   0.003 1.0000 7.1404E-06    799.082
11791.00 0.99738944 2.4857E-34 0.0000E+00 0.0000E+00 1.1965E-09 1.1965E-09 0.0000E+00 0.0000E+00 1.1965E-09 7.05E-06 7.07E-06   0.003 1.0000 7.1364E-06    799.737
11801.00 0.99742067 2.3160E-34 0.0000E+00 0.0000E+00 1.1726E-09 1.1726E-09 0.0000E+00 0.0000E+00 1.1726E-09 6.89E-06 6.91E-06   0.003 1.0000 6.9763E-06    799.558
11811.00 0.99739802 2.2028E-34 0.0000E+00 0.0000E+00 1.1795E-09 1.1795E-09 0.0000E+00 0.0000E+00 1.1795E-09 6.91E-06 6.93E-06   0.003 1.0000 7.0000E-06    800.360
11821.00 0.99738181 2.0914E-34 0.0000E+00 0.0000E+00 1.2016E-09 1.2016E-09 0.0000E+00 0.0000E+00 1.2016E-09 7.03E-06 7.04E-06   0.003 1.0000 7.1140E-06    801.644
11831.00 0.99738103 1.9722E-34 0.0000E+00 0.0000E+00 1.2023E-09 1.2023E-09 0.0000E+00 0.0000E+00 1.2023E-09 7.01E-06 7.03E-06   0.003 1.0000 7.1007E-06    802.247
11841.00 0.99733841 1.8899E-34 0.0000E+00 0.0000E+00 1.1920E-09 1.1920E-09 0.0000E+00 0.0000E+00 1.1920E-09 6.94E-06 6.95E-06   0.003 1.0000 7.0230E-06    802.505
11851.00 0.99727869 1.8228E-34 0.0000E+00 0.0000E+00 1.1808E-09 1.1808E-09 0.0000E+00 0.0000E+00 1.1808E-09 6.85E-06 6.87E-06   0.003 1.0000 6.9407E-06    802.732
11861.00 0.99731702 1.6953E-34 0.0000E+00 0.0000E+00 1.2070E-09 1.2070E-09 0.0000E+00 0.0000E+00 1.2070E-09 6.99E-06 7.01E-06   0.003 1.0000 7.0767E-06    804.141
11871.00 0.99732924 1.5902E-34 0.0000E+00 0.0000E+00 1.2004E-09 1.2004E-09 0.0000E+00 0.0000E+00 1.2004E-09 6.93E-06 6.95E-06   0.003 1.0000 7.0212E-06    804.518
11881.00 0.99724150 1.5498E-34 0.0000E+00 0.0000E+00 1.2143E-09 1.2143E-09 0.0000E+00 0.0000E+00 1.2143E-09 7.00E-06 7.02E-06   0.003 1.0000 7.0855E-06    805.535
11891.00 0.99721271 1.4768E-34 0.0000E+00 0.0000E+00 1.2275E-09 1.2275E-09 0.0000E+00 0.0000E+00 1.2275E-09 7.06E-06 7.07E-06   0.003 1.0000 7.1453E-06    806.527
11901.00 0.99728006 1.3591E-34 0.0000E+00 0.0000E+00 1.2215E-09 1.2215E-09 0.0000E+00 0.0000E+00 1.2215E-09 7.00E-06 7.02E-06   0.003 1.0000 7.0928E-06    806.924
11911.00 0.99726599 1.2884E-34 0.0000E+00 0.0000E+00 1.2187E-09 1.2187E-09 0.0000E+00 0.0000E+00 1.2187E-09 6.97E-06 6.99E-06   0.003 1.0000 7.0600E-06    807.421
11921.00 0.99719667 1.2453E-34 0.0000E+00 0.0000E+00 1.1856E-09 1.1856E-09 0.0000E+00 0.0000E+00 1.1856E-09 6.77E-06 6.78E-06   0.003 1.0000 6.8519E-06    806.955
11931.00 0.99720514 1.1706E-34 0.0000E+00 0.0000E+00 1.2303E-09 1.2303E-09 0.0000E+00 0.0000E+00 1.2303E-09 7.00E-06 7.02E-06   0.003 1.0000 7.0928E-06    808.943
11941.00 0.99714971 1.1268E-34 0.0000E+00 0.0000E+00 1.2414E-09 1.2414E-09 0.0000E+00 0.0000E+00 1.2414E-09 7.05E-06 7.07E-06   0.003 1.0000 7.1401E-06    809.869
11951.00 0.99713653 1.0668E-34 0.0000E+00 0.0000E+00 1.2277E-09 1.2277E-09 0.0000E+00 0.0000E+00 1.2277E-09 6.95E-06 6.97E-06   0.003 1.0000 7.0443E-06    810.027
11961.00 0.99702460 1.0454E-34 0.0000E+00 0.0000E+00 1.2416E-09 1.2416E-09 0.0000E+00 0.0000E+00 1.2416E-09 7.02E-06 7.04E-06   0.003 1.0000 7.1078E-06    811.040
11971.00 0.99706948 9.7173E-35 0.0000E+00 0.0000E+00 1.2416E-09 1.2416E-09 0.0000E+00 0.0000E+00 1.2416E-09 7.00E-06 7.02E-06   0.003 1.0000 7.0906E-06    811.622
11981.00 0.99703205 9.2628E-35 0.0000E+00 0.0000E+00 1.2228E-09 1.2228E-09 0.0000E+00 0.0000E+00 1.2228E-09 6.88E-06 6.90E-06   0.003 1.0000 6.9668E-06    811.622
11991.00 0.99671215 9.6963E-35 0.0000E+00 0.0000E+00 1.2278E-09 1.2278E-09 0.0000E+00 0.0000E+00 1.2278E-09 6.89E-06 6.91E-06   0.003 1.0000 6.9804E-06    812.358
12001.00 0.99675584 9.0227E-35 0.0000E+00 0.0000E+00 1.2144E-09 1.2144E-09 0.0000E+00 0.0000E+00 1.2144E-09 6.79E-06 6.82E-06   0.003 1.0000 6.8879E-06    812.521
12011.00 0.99616241 1.0010E-34 0.0000E+00 0.0000E+00 1.2353E-09 1.2353E-09 0.0000E+00 0.0000E+00 1.2353E-09 6.89E-06 6.92E-06   0.004 1.0000 6.9934E-06    813.755
12021.00 0.99596065 1.0025E-34 0.0000E+00 0.0000E+00 1.2515E-09 1.2515E-09 0.0000E+00 0.0000E+00 1.2515E-09 6.97E-06 6.99E-06   0.004 1.0000 7.0695E-06    814.836
12031.00 0.99653560 8.0521E-35 0.0000E+00 0.0000E+00 1.2335E-09 1.2335E-09 0.0000E+00 0.0000E+00 1.2335E-09 6.85E-06 6.87E-06   0.003 1.0000 6.9475E-06    814.862
12041.00 0.99577677 9.3025E-35 0.0000E+00 0.0000E+00 1.2501E-09 1.2501E-09 0.0000E+00 0.0000E+00 1.2501E-09 6.92E-06 6.95E-06   0.004 1.0000 7.0298E-06    815.958
12051.00 0.99597955 8.3233E-35 0.0000E+00 0.0000E+00 1.2555E-09 1.2555E-09 0.0000E+00 0.0000E+00 1.2555E-09 6.94E-06 6.96E-06   0.004 1.0000 7.0419E-06    816.705
12061.00 0.99502337 9.7346E-35 0.0000E+00 0.0000E+00 1.2701E-09 1.2701E-09 0.0000E+00 0.0000E+00 1.2701E-09 7.00E-06 7.03E-06   0.005 1.0000 7.1140E-06    817.734
12071.00 0.99499446 9.2134E-35 0.0000E+00 0.0000E+00 1.2813E-09 1.2813E-09 0.0000E+00 0.0000E+00 1.2813E-09 7.04E-06 7.08E-06   0.005 1.0000 7.1599E-06    818.653
12081.00 0.99452823 9.5142E-35 0.0000E+00 0.0000E+00 1.2770E-09 1.2770E-09 0.0000E+00 0.0000E+00 1.2770E-09 7.00E-06 7.04E-06   0.005 1.0000 7.1226E-06    819.107
12091.00 0.99652070 5.7247E-35 0.0000E+00 0.0000E+00 1.2849E-09 1.2849E-09 0.0000E+00 0.0000E+00 1.2849E-09 7.03E-06 7.06E-06   0.003 1.0000 7.1353E-06    819.925
12101.00 0.99587673 6.3419E-35 0.0000E+00 0.0000E+00 1.2858E-09 1.2858E-09 0.0000E+00 0.0000E+00 1.2858E-09 7.02E-06 7.05E-06   0.004 1.0000 7.1283E-06    820.535
12111.00 0.99559832 6.4524E-35 0.0000E+00 0.0000E+00 1.2805E-09 1.2805E-09 0.0000E+00 0.0000E+00 1.2805E-09 6.97E-06 7.00E-06   0.004 1.0000 7.0848E-06    820.959
12121.00 0.99647337 4.8272E-35 0.0000E+00 0.0000E+00 1.2737E-09 1.2737E-09 0.0000E+00 0.0000E+00 1.2737E-09 6.92E-06 6.95E-06   0.004 1.0000 7.0243E-06    821.333
12131.00 0.99593598 5.2881E-35 0.0000E+00 0.0000E+00 1.2839E-09 1.2839E-09 0.0000E+00 0.0000E+00 1.2839E-09 6.96E-06 6.99E-06   0.004 1.0000 7.0679E-06    822.224
12141.00 0.99402672 7.2288E-35 0.0000E+00 0.0000E+00 1.2670E-09 1.2670E-09 0.0000E+00 0.0000E+00 1.2670E-09 6.84E-06 6.88E-06   0.006 1.0000 6.9714E-06    822.292
12151.00 0.98998505 1.1593E-34 0.0000E+00 0.0000E+00 1.2765E-09 1.2765E-09 0.0000E+00 0.0000E+00 1.2765E-09 6.86E-06 6.93E-06   0.010 1.0000 7.0361E-06    823.164
12161.00 0.99563134 4.7673E-35 0.0000E+00 0.0000E+00 1.2625E-09 1.2625E-09 0.0000E+00 0.0000E+00 1.2625E-09 6.79E-06 6.82E-06   0.004 1.0000 6.9045E-06    823.320
12171.00 0.99632066 3.7760E-35 0.0000E+00 0.0000E+00 1.2718E-09 1.2718E-09 0.0000E+00 0.0000E+00 1.2718E-09 6.83E-06 6.85E-06   0.004 1.0000 6.9343E-06    824.185
12181.00 0.99680269 3.0988E-35 0.0000E+00 0.0000E+00 1.2802E-09 1.2802E-09 0.0000E+00 0.0000E+00 1.2802E-09 6.86E-06 6.88E-06   0.003 1.0000 6.9604E-06    825.021
12191.00 0.99465531 4.8413E-35 0.0000E+00 0.0000E+00 1.2693E-09 1.2693E-09 0.0000E+00 0.0000E+00 1.2693E-09 6.78E-06 6.81E-06   0.005 1.0000 6.9001E-06    825.271
12201.00 0.99375951 5.3626E-35 0.0000E+00 0.0000E+00 1.2577E-09 1.2577E-09 0.0000E+00 0.0000E+00 1.2577E-09 6.70E-06 6.74E-06   0.006 1.0000 6.8274E-06    825.497
12211.00 0.99397808 4.9010E-35 0.0000E+00 0.0000E+00 1.2853E-09 1.2853E-09 0.0000E+00 0.0000E+00 1.2853E-09 6.83E-06 6.87E-06   0.006 1.0000 6.9594E-06    826.922
12221.00 0.99335521 5.0488E-35 0.0000E+00 0.0000E+00 1.2842E-09 1.2842E-09 0.0000E+00 0.0000E+00 1.2842E-09 6.80E-06 6.85E-06   0.007 1.0000 6.9415E-06    827.471
12231.00 0.99404210 4.3113E-35 0.0000E+00 0.0000E+00 1.3216E-09 1.3216E-09 0.0000E+00 0.0000E+00 1.3216E-09 6.99E-06 7.03E-06   0.006 1.0000 7.1216E-06    829.172
12241.00 0.99308771 4.6828E-35 0.0000E+00 0.0000E+00 1.3182E-09 1.3182E-09 0.0000E+00 0.0000E+00 1.3182E-09 6.95E-06 6.99E-06   0.007 1.0000 7.0928E-06    829.652
12251.00 0.99325097 4.3559E-35 0.0000E+00 0.0000E+00 1.3190E-09 1.3190E-09 0.0000E+00 0.0000E+00 1.3190E-09 6.94E-06 6.98E-06   0.007 1.0000 7.0794E-06    830.258
12261.00 0.99473238 3.1861E-35 0.0000E+00 0.0000E+00 1.3260E-09 1.3260E-09 0.0000E+00 0.0000E+00 1.3260E-09 6.96E-06 7.00E-06   0.005 1.0000 7.0894E-06    831.046
12271.00 0.99543661 2.6057E-35 0.0000E+00 0.0000E+00 1.3312E-09 1.3312E-09 0.0000E+00 0.0000E+00 1.3312E-09 6.97E-06 7.01E-06   0.005 1.0000 7.0956E-06    831.784
12281.00 0.99588120 2.2162E-35 0.0000E+00 0.0000E+00 1.3395E-09 1.3395E-09 0.0000E+00 0.0000E+00 1.3395E-09 7.00E-06 7.03E-06   0.004 1.0000 7.1191E-06    832.607
12291.00 0.99581099 2.1242E-35 0.0000E+00 0.0000E+00 1.3457E-09 1.3457E-09 0.0000E+00 0.0000E+00 1.3457E-09 7.02E-06 7.05E-06   0.004 1.0000 7.1358E-06    833.373
12301.00 0.99665648 1.5996E-35 0.0000E+00 0.0000E+00 1.3437E-09 1.3437E-09 0.0000E+00 0.0000E+00 1.3437E-09 6.99E-06 7.02E-06   0.003 1.0000 7.1019E-06    833.895
12311.00 0.99671096 1.4837E-35 0.0000E+00 0.0000E+00 1.3473E-09 1.3473E-09 0.0000E+00 0.0000E+00 1.3473E-09 7.00E-06 7.02E-06   0.003 1.0000 7.1036E-06    834.583
12321.00 0.99672359 1.3927E-35 0.0000E+00 0.0000E+00 1.3469E-09 1.3469E-09 0.0000E+00 0.0000E+00 1.3469E-09 6.98E-06 7.00E-06   0.003 1.0000 7.0841E-06    835.153
12331.00 0.99685121 1.2628E-35 0.0000E+00 0.0000E+00 1.3538E-09 1.3538E-09 0.0000E+00 0.0000E+00 1.3538E-09 7.00E-06 7.02E-06   0.003 1.0000 7.1024E-06    835.935
12341.00 0.99690324 1.1702E-35 0.0000E+00 0.0000E+00 1.3397E-09 1.3397E-09 0.0000E+00 0.0000E+00 1.3397E-09 6.91E-06 6.93E-06   0.003 1.0000 7.0116E-06    836.107
12351.00 0.99683052 1.1301E-35 0.0000E+00 0.0000E+00 1.3262E-09 1.3262E-09 0.0000E+00 0.0000E+00 1.3262E-09 6.82E-06 6.84E-06   0.003 1.0000 6.9247E-06    836.290
12361.00 0.99690628 1.0397E-35 0.0000E+00 0.0000E+00 1.3400E-09 1.3400E-09 0.0000E+00 0.0000E+00 1.3400E-09 6.88E-06 6.90E-06   0.003 1.0000 6.9793E-06    837.278
12371.00 0.99691623 9.7659E-36 0.0000E+00 0.0000E+00 1.3521E-09 1.3521E-09 0.0000E+00 0.0000E+00 1.3521E-09 6.92E-06 6.94E-06   0.003 1.0000 7.0253E-06    838.215
12381.00 0.99694932 9.1064E-36 0.0000E+00 0.0000E+00 1.3576E-09 1.3576E-09 0.0000E+00 0.0000E+00 1.3576E-09 6.93E-06 6.95E-06   0.003 1.0000 7.0369E-06    838.957
12391.00 0.99693060 8.6299E-36 0.0000E+00 0.0000E+00 1.3700E-09 1.3700E-09 0.0000E+00 0.0000E+00 1.3700E-09 6.98E-06 7.00E-06   0.003 1.0000 7.0840E-06    839.898
12401.00 0.99694073 8.1111E-36 0.0000E+00 0.0000E+00 1.3852E-09 1.3852E-09 0.0000E+00 0.0000E+00 1.3852E-09 7.04E-06 7.06E-06   0.003 1.0000 7.1455E-06    840.917
12411.00 0.99694878 7.6270E-36 0.0000E+00 0.0000E+00 1.3783E-09 1.3783E-09 0.0000E+00 0.0000E+00 1.3783E-09 6.99E-06 7.01E-06   0.003 1.0000 7.0929E-06    841.301
12421.00 0.99689531 7.3133E-36 0.0000E+00 0.0000E+00 1.3409E-09 1.3409E-09 0.0000E+00 0.0000E+00 1.3409E-09 6.78E-06 6.80E-06   0.003 1.0000 6.8849E-06    840.795
12431.00 0.99677402 7.1739E-36 0.0000E+00 0.0000E+00 1.3757E-09 1.3757E-09 0.0000E+00 0.0000E+00 1.3757E-09 6.94E-06 6.96E-06   0.003 1.0000 7.0471E-06    842.390
12441.00 0.99676490 6.7796E-36 0.0000E+00 0.0000E+00 1.3855E-09 1.3855E-09 0.0000E+00 0.0000E+00 1.3855E-09 6.97E-06 7.00E-06   0.003 1.0000 7.0810E-06    843.255
12451.00 0.99676311 6.3957E-36 0.0000E+00 0.0000E+00 1.3717E-09 1.3717E-09 0.0000E+00 0.0000E+00 1.3717E-09 6.89E-06 6.91E-06   0.003 1.0000 6.9937E-06    843.438
12461.00 0.99670386 6.1455E-36 0.0000E+00 0.0000E+00 1.3910E-09 1.3910E-09 0.0000E+00 0.0000E+00 1.3910E-09 6.97E-06 6.99E-06   0.003 1.0000 7.0759E-06    844.576
12471.00 0.99677646 5.6616E-36 0.0000E+00 0.0000E+00 1.4015E-09 1.4015E-09 0.0000E+00 0.0000E+00 1.4015E-09 7.00E-06 7.03E-06   0.003 1.0000 7.1120E-06    845.457
12481.00 0.99666792 5.5215E-36 0.0000E+00 0.0000E+00 1.4029E-09 1.4029E-09 0.0000E+00 0.0000E+00 1.4029E-09 6.99E-06 7.02E-06   0.003 1.0000 7.1032E-06    846.078
12491.00 0.99670422 5.1508E-36 0.0000E+00 0.0000E+00 1.3939E-09 1.3939E-09 0.0000E+00 0.0000E+00 1.3939E-09 6.93E-06 6.96E-06   0.003 1.0000 7.0410E-06    846.404
12501.00 0.99672824 4.8239E-36 0.0000E+00 0.0000E+00 1.3808E-09 1.3808E-09 0.0000E+00 0.0000E+00 1.3808E-09 6.85E-06 6.87E-06   0.003 1.0000 6.9583E-06    846.610
12511.00 0.99682987 4.4026E-36 0.0000E+00 0.0000E+00 1.4156E-09 1.4156E-09 0.0000E+00 0.0000E+00 1.4156E-09 7.01E-06 7.03E-06   0.003 1.0000 7.1163E-06    848.185
12521.00 0.99674857 4.2593E-36 0.0000E+00 0.0000E+00 1.4178E-09 1.4178E-09 0.0000E+00 0.0000E+00 1.4178E-09 7.00E-06 7.03E-06   0.003 1.0000 7.1113E-06    848.829
12531.00 0.99684322 3.8967E-36 0.0000E+00 0.0000E+00 1.4185E-09 1.4185E-09 0.0000E+00 0.0000E+00 1.4185E-09 6.99E-06 7.01E-06   0.003 1.0000 7.0974E-06    849.430
12541.00 0.99673289 3.8052E-36 0.0000E+00 0.0000E+00 1.4198E-09 1.4198E-09 0.0000E+00 0.0000E+00 1.4198E-09 6.98E-06 7.00E-06   0.003 1.0000 7.0882E-06    850.049
12551.00 0.99659336 3.7358E-36 0.0000E+00 0.0000E+00 1.4251E-09 1.4251E-09 0.0000E+00 0.0000E+00 1.4251E-09 6.99E-06 7.01E-06   0.003 1.0000 7.0994E-06    850.782
12561.00 0.99648881 3.6420E-36 0.0000E+00 0.0000E+00 1.4169E-09 1.4169E-09 0.0000E+00 0.0000E+00 1.4169E-09 6.93E-06 6.96E-06   0.004 1.0000 7.0428E-06    851.132
12571.00 0.99677688 3.1480E-36 0.0000E+00 0.0000E+00 1.4237E-09 1.4237E-09 0.0000E+00 0.0000E+00 1.4237E-09 6.95E-06 6.97E-06   0.003 1.0000 7.0580E-06    851.906
12581.00 0.99680418 2.9435E-36 0.0000E+00 0.0000E+00 1.3772E-09 1.3772E-09 0.0000E+00 0.0000E+00 1.3772E-09 6.71E-06 6.73E-06   0.003 1.0000 6.8119E-06    851.157
12591.00 0.99683732 2.7463E-36 0.0000E+00 0.0000E+00 1.3851E-09 1.3851E-09 0.0000E+00 0.0000E+00 1.3851E-09 6.73E-06 6.75E-06   0.003 1.0000 6.8345E-06    851.966
12601.00 0.99677777 2.6359E-36 0.0000E+00 0.0000E+00 1.3877E-09 1.3877E-09 0.0000E+00 0.0000E+00 1.3877E-09 6.73E-06 6.75E-06   0.003 1.0000 6.8321E-06    852.623
12611.00 0.99659240 2.6319E-36 0.0000E+00 0.0000E+00 1.4275E-09 1.4275E-09 0.0000E+00 0.0000E+00 1.4275E-09 6.90E-06 6.92E-06   0.003 1.0000 7.0130E-06    854.339
12621.00 0.99657613 2.4921E-36 0.0000E+00 0.0000E+00 1.4304E-09 1.4304E-09 0.0000E+00 0.0000E+00 1.4304E-09 6.90E-06 6.92E-06   0.003 1.0000 7.0117E-06    855.005
12631.00 0.99664843 2.3001E-36 0.0000E+00 0.0000E+00 1.4130E-09 1.4130E-09 0.0000E+00 0.0000E+00 1.4130E-09 6.80E-06 6.82E-06   0.003 1.0000 6.9099E-06    855.093
12641.00 0.99655002 2.2338E-36 0.0000E+00 0.0000E+00 1.4436E-09 1.4436E-09 0.0000E+00 0.0000E+00 1.4436E-09 6.93E-06 6.95E-06   0.003 1.0000 7.0438E-06    856.536
12651.00 0.99657297 2.0889E-36 0.0000E+00 0.0000E+00 1.4575E-09 1.4575E-09 0.0000E+00 0.0000E+00 1.4575E-09 6.98E-06 7.00E-06   0.003 1.0000 7.0958E-06    857.508
12661.00 0.99647343 2.0286E-36 0.0000E+00 0.0000E+00 1.4584E-09 1.4584E-09 0.0000E+00 0.0000E+00 1.4584E-09 6.97E-06 6.99E-06   0.004 1.0000 7.0839E-06    858.112
12671.00 0.99658746 1.8518E-36 0.0000E+00 0.0000E+00 1.4694E-09 1.4694E-09 0.0000E+00 0.0000E+00 1.4694E-09 7.00E-06 7.03E-06   0.003 1.0000 7.1204E-06    858.999
12681.00 0.99669719 1.6901E-36 0.0000E+00 0.0000E+00 1.4654E-09 1.4654E-09 0.0000E+00 0.0000E+00 1.4654E-09 6.97E-06 6.99E-06   0.003 1.0000 7.0842E-06    859.471
12691.00 0.99667525 1.6040E-36 0.0000E+00 0.0000E+00 1.4614E-09 1.4614E-09 0.0000E+00 0.0000E+00 1.4614E-09 6.93E-06 6.96E-06   0.003 1.0000 7.0488E-06    859.942
12701.00 0.99671292 1.4953E-36 0.0000E+00 0.0000E+00 1.4748E-09 1.4748E-09 0.0000E+00 0.0000E+00 1.4748E-09 6.98E-06 7.00E-06   0.003 1.0000 7.0968E-06    860.893
12711.00 0.99670666 1.4128E-36 0.0000E+00 0.0000E+00 1.4872E-09 1.4872E-09 0.0000E+00 0.0000E+00 1.4872E-09 7.02E-06 7.05E-06   0.003 1.0000 7.1406E-06    861.816
12721.00 0.99675256 1.3133E-36 0.0000E+00 0.0000E+00 1.4611E-09 1.4611E-09 0.0000E+00 0.0000E+00 1.4611E-09 6.88E-06 6.91E-06   0.003 1.0000 6.9992E-06    861.680
12731.00 0.99674487 1.2412E-36 0.0000E+00 0.0000E+00 1.4617E-09 1.4617E-09 0.0000E+00 0.0000E+00 1.4617E-09 6.87E-06 6.89E-06   0.003 1.0000 6.9861E-06    862.278
12741.00 0.99673605 1.1623E-36 0.0000E+00 0.0000E+00 1.4895E-09 1.4895E-09 0.0000E+00 0.0000E+00 1.4895E-09 6.98E-06 7.01E-06   0.003 1.0000 7.1028E-06    863.624
12751.00 0.99673212 1.0855E-36 0.0000E+00 0.0000E+00 1.4892E-09 1.4892E-09 0.0000E+00 0.0000E+00 1.4892E-09 6.97E-06 6.99E-06   0.003 1.0000 7.0859E-06    864.200
12761.00 0.99672616 1.0254E-36 0.0000E+00 0.0000E+00 1.4546E-09 1.4546E-09 0.0000E+00 0.0000E+00 1.4546E-09 6.79E-06 6.81E-06   0.003 1.0000 6.9058E-06    863.825
12771.00 0.99671847 9.6916E-37 0.0000E+00 0.0000E+00 1.4854E-09 1.4854E-09 0.0000E+00 0.0000E+00 1.4854E-09 6.92E-06 6.94E-06   0.003 1.0000 7.0362E-06    865.260
12781.00 0.99670762 9.1689E-37 0.0000E+00 0.0000E+00 1.5055E-09 1.5055E-09 0.0000E+00 0.0000E+00 1.5055E-09 6.99E-06 7.02E-06   0.003 1.0000 7.1156E-06    866.389
12791.00 0.99670047 8.6639E-37 0.0000E+00 0.0000E+00 1.5096E-09 1.5096E-09 0.0000E+00 0.0000E+00 1.5096E-09 7.00E-06 7.02E-06   0.003 1.0000 7.1190E-06    867.083
12801.00 0.99669254 8.1888E-37 0.0000E+00 0.0000E+00 1.4881E-09 1.4881E-09 0.0000E+00 0.0000E+00 1.4881E-09 6.88E-06 6.90E-06   0.003 1.0000 7.0016E-06    867.078
12811.00 0.99668229 7.7450E-37 0.0000E+00 0.0000E+00 1.5093E-09 1.5093E-09 0.0000E+00 0.0000E+00 1.5093E-09 6.96E-06 6.99E-06   0.003 1.0000 7.0852E-06    868.237
12821.00 0.99667501 7.3181E-37 0.0000E+00 0.0000E+00 1.4947E-09 1.4947E-09 0.0000E+00 0.0000E+00 1.4947E-09 6.88E-06 6.90E-06   0.003 1.0000 7.0007E-06    868.421
12831.00 0.99666494 6.9218E-37 0.0000E+00 0.0000E+00 1.5164E-09 1.5164E-09 0.0000E+00 0.0000E+00 1.5164E-09 6.96E-06 6.99E-06   0.003 1.0000 7.0866E-06    869.594
12841.00 0.99665880 6.5383E-37 0.0000E+00 0.0000E+00 1.5246E-09 1.5246E-09 0.0000E+00 0.0000E+00 1.5246E-09 6.98E-06 7.01E-06   0.003 1.0000 7.1081E-06    870.396
12851.00 0.99665087 6.1796E-37 0.0000E+00 0.0000E+00 1.5266E-09 1.5266E-09 0.0000E+00 0.0000E+00 1.5266E-09 6.98E-06 7.00E-06   0.003 1.0000 7.1013E-06    871.033
12861.00 0.99664342 5.7252E-37 0.0000E+00 0.0000E+00 1.4992E-09 1.4992E-09 0.0000E+00 0.0000E+00 1.4992E-09 6.84E-06 6.86E-06   0.003 1.0000 6.9577E-06    870.873
12871.00 0.99663639 5.4094E-37 0.0000E+00 0.0000E+00 1.5365E-09 1.5365E-09 0.0000E+00 0.0000E+00 1.5365E-09 6.99E-06 7.01E-06   0.003 1.0000 7.1139E-06    872.461
12881.00 0.99662817 5.0009E-37 0.0000E+00 0.0000E+00 1.5369E-09 1.5369E-09 0.0000E+00 0.0000E+00 1.5369E-09 6.97E-06 7.00E-06   0.003 1.0000 7.0994E-06    873.055
12891.00 0.99661851 4.7281E-37 0.0000E+00 0.0000E+00 1.5394E-09 1.5394E-09 0.0000E+00 0.0000E+00 1.5394E-09 6.97E-06 6.99E-06   0.003 1.0000 7.0944E-06    873.704
12901.00 0.99660838 4.4722E-37 0.0000E+00 0.0000E+00 1.4689E-09 1.4689E-09 0.0000E+00 0.0000E+00 1.4689E-09 6.63E-06 6.66E-06   0.003 1.0000 6.7536E-06    872.359
12911.00 0.99659324 4.2370E-37 0.0000E+00 0.0000E+00 1.5062E-09 1.5062E-09 0.0000E+00 0.0000E+00 1.5062E-09 6.79E-06 6.81E-06   0.003 1.0000 6.9089E-06    873.971
12921.00 0.99657941 4.0118E-37 0.0000E+00 0.0000E+00 1.5525E-09 1.5525E-09 0.0000E+00 0.0000E+00 1.5525E-09 6.98E-06 7.00E-06   0.003 1.0000 7.1049E-06    875.799
12931.00 0.99655682 3.6903E-37 0.0000E+00 0.0000E+00 1.5473E-09 1.5473E-09 0.0000E+00 0.0000E+00 1.5473E-09 6.94E-06 6.96E-06   0.003 1.0000 7.0646E-06    876.242
12941.00 0.99652469 3.5088E-37 0.0000E+00 0.0000E+00 1.5136E-09 1.5136E-09 0.0000E+00 0.0000E+00 1.5136E-09 6.77E-06 6.80E-06   0.003 1.0000 6.8949E-06    875.915
12951.00 0.99650645 3.2187E-37 0.0000E+00 0.0000E+00 1.5375E-09 1.5375E-09 0.0000E+00 0.0000E+00 1.5375E-09 6.86E-06 6.89E-06   0.003 1.0000 6.9877E-06    877.143
12961.00 0.99648046 3.0495E-37 0.0000E+00 0.0000E+00 1.5204E-09 1.5204E-09 0.0000E+00 0.0000E+00 1.5204E-09 6.77E-06 6.80E-06   0.004 1.0000 6.8945E-06    877.263
12971.00 0.99642628 2.9089E-37 0.0000E+00 0.0000E+00 1.5531E-09 1.5531E-09 0.0000E+00 0.0000E+00 1.5531E-09 6.90E-06 6.93E-06   0.004 1.0000 7.0270E-06    878.723
12981.00 0.99618775 2.8797E-37 0.0000E+00 0.0000E+00 1.5487E-09 1.5487E-09 0.0000E+00 0.0000E+00 1.5487E-09 6.86E-06 6.89E-06   0.004 1.0000 6.9958E-06    879.189
12991.00 0.99569130 3.0148E-37 0.0000E+00 0.0000E+00 1.5440E-09 1.5440E-09 0.0000E+00 0.0000E+00 1.5440E-09 6.83E-06 6.86E-06   0.004 1.0000 6.9674E-06    879.645
13001.00 0.99461204 3.6241E-37 0.0000E+00 0.0000E+00 1.5501E-09 1.5501E-09 0.0000E+00 0.0000E+00 1.5501E-09 6.84E-06 6.87E-06   0.005 1.0000 6.9977E-06    880.389
13011.00 0.99234128 4.9821E-37 0.0000E+00 0.0000E+00 1.5619E-09 1.5619E-09 0.0000E+00 0.0000E+00 1.5619E-09 6.87E-06 6.91E-06   0.008 1.0000 7.0635E-06    881.286
13021.00 0.98750436 8.1189E-37 0.0000E+00 0.0000E+00 1.5501E-09 1.5501E-09 0.0000E+00 0.0000E+00 1.5501E-09 6.80E-06 6.85E-06   0.013 1.0000 7.0503E-06    881.553
13031.00 0.98155439 1.1441E-36 0.0000E+00 0.0000E+00 1.5489E-09 1.5489E-09 0.0000E+00 0.0000E+00 1.5489E-09 6.77E-06 6.83E-06   0.019 1.0000 7.0771E-06    882.101
13041.00 0.97100526 1.7269E-36 0.0000E+00 0.0000E+00 1.4505E-09 1.4505E-09 0.0000E+00 0.0000E+00 1.4505E-09 6.32E-06 6.39E-06   0.029 1.0000 6.7057E-06    879.966
13051.00 0.96441013 2.0217E-36 0.0000E+00 0.0000E+00 1.4180E-09 1.4180E-09 0.0000E+00 0.0000E+00 1.4180E-09 6.15E-06 6.25E-06   0.036 1.0000 6.6213E-06    879.610
13061.00 0.94733632 2.8518E-36 0.0000E+00 0.0000E+00 1.4355E-09 1.4355E-09 0.0000E+00 0.0000E+00 1.4355E-09 6.19E-06 6.33E-06   0.054 1.0000 6.8845E-06    880.695
13071.00 0.92081690 4.0572E-36 0.0000E+00 0.0000E+00 1.4210E-09 1.4210E-09 0.0000E+00 0.0000E+00 1.4210E-09 6.09E-06 6.28E-06   0.082 1.0000 7.1115E-06    880.856
13081.00 0.90381980 4.6366E-36 0.0000E+00 0.0000E+00 1.3762E-09 1.3762E-09 0.0000E+00 0.0000E+00 1.3762E-09 5.86E-06 6.09E-06   0.101 1.0000 7.1104E-06    880.115
13091.00 0.87841016 5.5841E-36 0.0000E+00 0.0000E+00 1.3080E-09 1.3080E-09 0.0000E+00 0.0000E+00 1.3080E-09 5.52E-06 5.81E-06   0.130 1.0000 7.1062E-06    878.606
13101.00 0.86092186 6.0217E-36 0.0000E+00 0.0000E+00 1.2645E-09 1.2645E-09 0.0000E+00 0.0000E+00 1.2645E-09 5.31E-06 5.62E-06   0.150 1.0000 7.1028E-06    877.796
13111.00 0.86788988 5.3888E-36 0.0000E+00 0.0000E+00 1.2725E-09 1.2725E-09 0.0000E+00 0.0000E+00 1.2725E-09 5.34E-06 5.63E-06   0.142 1.0000 7.0290E-06    878.633
13121.00 0.93352157 2.5602E-36 0.0000E+00 0.0000E+00 1.3885E-09 1.3885E-09 0.0000E+00 0.0000E+00 1.3885E-09 5.89E-06 6.05E-06   0.069 1.0000 6.7816E-06    882.794
13131.00 0.86623806 4.8129E-36 0.0000E+00 0.0000E+00 1.2547E-09 1.2547E-09 0.0000E+00 0.0000E+00 1.2547E-09 5.23E-06 5.55E-06   0.144 1.0000 6.9749E-06    879.207
13141.00 0.79986936 6.8337E-36 0.0000E+00 0.0000E+00 1.0919E-09 1.0919E-09 0.0000E+00 0.0000E+00 1.0919E-09 4.45E-06 4.91E-06   0.223 1.0000 7.0062E-06    874.131
13151.00 0.77860808 7.1638E-36 0.0000E+00 0.0000E+00 1.0692E-09 1.0692E-09 0.0000E+00 0.0000E+00 1.0692E-09 4.35E-06 4.80E-06   0.250 1.0000 6.9759E-06    873.854
13161.00 0.87560105 3.8095E-36 0.0000E+00 0.0000E+00 1.3179E-09 1.3179E-09 0.0000E+00 0.0000E+00 1.3179E-09 5.47E-06 5.77E-06   0.133 1.0000 7.0394E-06    882.956
13171.00 0.98617089 3.0008E-37 0.0000E+00 0.0000E+00 1.5959E-09 1.5959E-09 0.0000E+00 0.0000E+00 1.5959E-09 6.76E-06 6.81E-06   0.014 1.0000 7.0248E-06    891.489
13181.00 0.99633771 0.0000E+00 0.0000E+00 0.0000E+00 1.5894E-09 1.5894E-09 0.0000E+00 0.0000E+00 1.5894E-09 6.73E-06 6.75E-06   0.004 1.0000 6.8540E-06    891.899
13191.00 0.99638444 0.0000E+00 0.0000E+00 0.0000E+00 1.6311E-09 1.6311E-09 0.0000E+00 0.0000E+00 1.6311E-09 6.89E-06 6.91E-06   0.004 1.0000 7.0170E-06    893.566
13201.00 0.99637836 0.0000E+00 0.0000E+00 0.0000E+00 1.6257E-09 1.6257E-09 0.0000E+00 0.0000E+00 1.6257E-09 6.85E-06 6.87E-06   0.004 1.0000 6.9786E-06    894.010
13211.00 0.99636942 0.0000E+00 0.0000E+00 0.0000E+00 1.6291E-09 1.6291E-09 0.0000E+00 0.0000E+00 1.6291E-09 6.85E-06 6.87E-06   0.004 1.0000 6.9776E-06    894.680
13221.00 0.99635941 0.0000E+00 0.0000E+00 0.0000E+00 1.6276E-09 1.6276E-09 0.0000E+00 0.0000E+00 1.6276E-09 6.83E-06 6.85E-06   0.004 1.0000 6.9558E-06    895.222
13231.00 0.99634886 0.0000E+00 0.0000E+00 0.0000E+00 1.6224E-09 1.6224E-09 0.0000E+00 0.0000E+00 1.6224E-09 6.79E-06 6.81E-06   0.004 1.0000 6.9184E-06    895.669
13241.00 0.99633873 0.0000E+00 0.0000E+00 0.0000E+00 1.6531E-09 1.6531E-09 0.0000E+00 0.0000E+00 1.6531E-09 6.90E-06 6.93E-06   0.004 1.0000 7.0339E-06    897.041
13251.00 0.99632859 0.0000E+00 0.0000E+00 0.0000E+00 1.6615E-09 1.6615E-09 0.0000E+00 0.0000E+00 1.6615E-09 6.92E-06 6.95E-06   0.004 1.0000 7.0541E-06    897.836
13261.00 0.99631709 0.0000E+00 0.0000E+00 0.0000E+00 1.6702E-09 1.6702E-09 0.0000E+00 0.0000E+00 1.6702E-09 6.94E-06 6.97E-06   0.004 1.0000 7.0756E-06    898.639
13271.00 0.99630678 0.0000E+00 0.0000E+00 0.0000E+00 1.6565E-09 1.6565E-09 0.0000E+00 0.0000E+00 1.6565E-09 6.87E-06 6.89E-06   0.004 1.0000 7.0026E-06    898.873
13281.00 0.99629593 0.0000E+00 0.0000E+00 0.0000E+00 1.6456E-09 1.6456E-09 0.0000E+00 0.0000E+00 1.6456E-09 6.81E-06 6.83E-06   0.004 1.0000 6.9412E-06    899.173
13291.00 0.99628448 0.0000E+00 0.0000E+00 0.0000E+00 1.6433E-09 1.6433E-09 0.0000E+00 0.0000E+00 1.6433E-09 6.78E-06 6.81E-06   0.004 1.0000 6.9165E-06    899.697
13301.00 0.99627227 0.0000E+00 0.0000E+00 0.0000E+00 1.6689E-09 1.6689E-09 0.0000E+00 0.0000E+00 1.6689E-09 6.87E-06 6.90E-06   0.004 1.0000 7.0096E-06    900.934
13311.00 0.99626243 0.0000E+00 0.0000E+00 0.0000E+00 1.6216E-09 1.6216E-09 0.0000E+00 0.0000E+00 1.6216E-09 6.66E-06 6.69E-06   0.004 1.0000 6.7959E-06    900.297
13321.00 0.99624908 0.0000E+00 0.0000E+00 0.0000E+00 1.6751E-09 1.6751E-09 0.0000E+00 0.0000E+00 1.6751E-09 6.87E-06 6.89E-06   0.004 1.0000 7.0050E-06    902.254
13331.00 0.99623907 0.0000E+00 0.0000E+00 0.0000E+00 1.6633E-09 1.6633E-09 0.0000E+00 0.0000E+00 1.6633E-09 6.80E-06 6.83E-06   0.004 1.0000 6.9407E-06    902.534
13341.00 0.99622887 0.0000E+00 0.0000E+00 0.0000E+00 1.6289E-09 1.6289E-09 0.0000E+00 0.0000E+00 1.6289E-09 6.65E-06 6.67E-06   0.004 1.0000 6.7825E-06    902.229
13351.00 0.99621868 0.0000E+00 0.0000E+00 0.0000E+00 1.6824E-09 1.6824E-09 0.0000E+00 0.0000E+00 1.6824E-09 6.85E-06 6.87E-06   0.004 1.0000 6.9903E-06    904.185
13361.00 0.99620879 0.0000E+00 0.0000E+00 0.0000E+00 1.6762E-09 1.6762E-09 0.0000E+00 0.0000E+00 1.6762E-09 6.81E-06 6.83E-06   0.004 1.0000 6.9490E-06    904.608
13371.00 0.99619812 0.0000E+00 0.0000E+00 0.0000E+00 1.6784E-09 1.6784E-09 0.0000E+00 0.0000E+00 1.6784E-09 6.80E-06 6.83E-06   0.004 1.0000 6.9428E-06    905.245
13381.00 0.99618775 0.0000E+00 0.0000E+00 0.0000E+00 1.6918E-09 1.6918E-09 0.0000E+00 0.0000E+00 1.6918E-09 6.84E-06 6.87E-06   0.004 1.0000 6.9829E-06    906.167
13391.00 0.99617785 0.0000E+00 0.0000E+00 0.0000E+00 1.6963E-09 1.6963E-09 0.0000E+00 0.0000E+00 1.6963E-09 6.84E-06 6.87E-06   0.004 1.0000 6.9856E-06    906.860
13401.00 0.99616987 0.0000E+00 0.0000E+00 0.0000E+00 1.6868E-09 1.6868E-09 0.0000E+00 0.0000E+00 1.6868E-09 6.79E-06 6.81E-06   0.004 1.0000 6.9311E-06    907.204
13411.00 0.99615836 0.0000E+00 0.0000E+00 0.0000E+00 1.7068E-09 1.7068E-09 0.0000E+00 0.0000E+00 1.7068E-09 6.85E-06 6.88E-06   0.004 1.0000 6.9973E-06    908.287
13421.00 0.99615252 0.0000E+00 0.0000E+00 0.0000E+00 1.6737E-09 1.6737E-09 0.0000E+00 0.0000E+00 1.6737E-09 6.70E-06 6.73E-06   0.004 1.0000 6.8463E-06    908.032
13431.00 0.99614078 0.0000E+00 0.0000E+00 0.0000E+00 1.6560E-09 1.6560E-09 0.0000E+00 0.0000E+00 1.6560E-09 6.62E-06 6.64E-06   0.004 1.0000 6.7587E-06    908.160
13441.00 0.99613136 0.0000E+00 0.0000E+00 0.0000E+00 1.7137E-09 1.7137E-09 0.0000E+00 0.0000E+00 1.7137E-09 6.83E-06 6.86E-06   0.004 1.0000 6.9782E-06    910.205
13451.00 0.99612683 0.0000E+00 0.0000E+00 0.0000E+00 1.7182E-09 1.7182E-09 0.0000E+00 0.0000E+00 1.7182E-09 6.84E-06 6.86E-06   0.004 1.0000 6.9805E-06    910.898
13461.00 0.99609983 0.0000E+00 0.0000E+00 0.0000E+00 1.7057E-09 1.7057E-09 0.0000E+00 0.0000E+00 1.7057E-09 6.77E-06 6.80E-06   0.004 1.0000 6.9145E-06    911.168
13471.00 0.99608839 0.0000E+00 0.0000E+00 0.0000E+00 1.6493E-09 1.6493E-09 0.0000E+00 0.0000E+00 1.6493E-09 6.53E-06 6.56E-06   0.004 1.0000 6.6706E-06    910.310
13481.00 0.99607772 0.0000E+00 0.0000E+00 0.0000E+00 1.6543E-09 1.6543E-09 0.0000E+00 0.0000E+00 1.6543E-09 6.54E-06 6.56E-06   0.004 1.0000 6.6756E-06    911.018
13491.00 0.99604112 0.0000E+00 0.0000E+00 0.0000E+00 1.6538E-09 1.6538E-09 0.0000E+00 0.0000E+00 1.6538E-09 6.52E-06 6.55E-06   0.004 1.0000 6.6588E-06    911.587
13501.00 0.99605995 0.0000E+00 0.0000E+00 0.0000E+00 1.7055E-09 1.7055E-09 0.0000E+00 0.0000E+00 1.7055E-09 6.71E-06 6.73E-06   0.004 1.0000 6.8511E-06    913.487
13511.00 0.99600619 0.0000E+00 0.0000E+00 0.0000E+00 1.7084E-09 1.7084E-09 0.0000E+00 0.0000E+00 1.7084E-09 6.70E-06 6.73E-06   0.004 1.0000 6.8479E-06    914.143
13521.00 0.99593556 0.0000E+00 0.0000E+00 0.0000E+00 1.7139E-09 1.7139E-09 0.0000E+00 0.0000E+00 1.7139E-09 6.71E-06 6.74E-06   0.004 1.0000 6.8549E-06    914.861
13531.00 0.99594975 0.0000E+00 0.0000E+00 0.0000E+00 1.6627E-09 1.6627E-09 0.0000E+00 0.0000E+00 1.6627E-09 6.49E-06 6.52E-06   0.004 1.0000 6.6352E-06    914.138
13541.00 0.99586338 0.0000E+00 0.0000E+00 0.0000E+00 1.7149E-09 1.7149E-09 0.0000E+00 0.0000E+00 1.7149E-09 6.68E-06 6.71E-06   0.004 1.0000 6.8288E-06    916.050
13551.00 0.99593067 0.0000E+00 0.0000E+00 0.0000E+00 1.7539E-09 1.7539E-09 0.0000E+00 0.0000E+00 1.7539E-09 6.82E-06 6.85E-06   0.004 1.0000 6.9678E-06    917.599
13561.00 0.99582577 0.0000E+00 0.0000E+00 0.0000E+00 1.7608E-09 1.7608E-09 0.0000E+00 0.0000E+00 1.7608E-09 6.83E-06 6.86E-06   0.004 1.0000 6.9805E-06    918.351
13571.00 0.99573356 0.0000E+00 0.0000E+00 0.0000E+00 1.7516E-09 1.7516E-09 0.0000E+00 0.0000E+00 1.7516E-09 6.78E-06 6.81E-06   0.004 1.0000 6.9293E-06    918.706
13581.00 0.99566191 0.0000E+00 0.0000E+00 0.0000E+00 1.7397E-09 1.7397E-09 0.0000E+00 0.0000E+00 1.7397E-09 6.72E-06 6.75E-06   0.004 1.0000 6.8674E-06    918.993
13591.00 0.99575794 0.0000E+00 0.0000E+00 0.0000E+00 1.7338E-09 1.7338E-09 0.0000E+00 0.0000E+00 1.7338E-09 6.68E-06 6.71E-06   0.004 1.0000 6.8280E-06    919.426
13601.00 0.99576348 0.0000E+00 0.0000E+00 0.0000E+00 1.7605E-09 1.7605E-09 0.0000E+00 0.0000E+00 1.7605E-09 6.77E-06 6.80E-06   0.004 1.0000 6.9178E-06    920.670
13611.00 0.99570656 0.0000E+00 0.0000E+00 0.0000E+00 1.7811E-09 1.7811E-09 0.0000E+00 0.0000E+00 1.7811E-09 6.83E-06 6.86E-06   0.004 1.0000 6.9838E-06    921.756
13621.00 0.99584341 0.0000E+00 0.0000E+00 0.0000E+00 1.7905E-09 1.7905E-09 0.0000E+00 0.0000E+00 1.7905E-09 6.85E-06 6.88E-06   0.004 1.0000 7.0039E-06    922.564
13631.00 0.99555129 0.0000E+00 0.0000E+00 0.0000E+00 1.7747E-09 1.7747E-09 0.0000E+00 0.0000E+00 1.7747E-09 6.78E-06 6.81E-06   0.004 1.0000 6.9291E-06    922.763
13641.00 0.99565560 0.0000E+00 0.0000E+00 0.0000E+00 1.7493E-09 1.7493E-09 0.0000E+00 0.0000E+00 1.7493E-09 6.66E-06 6.69E-06   0.004 1.0000 6.8141E-06    922.718
13651.00 0.99559653 0.0000E+00 0.0000E+00 0.0000E+00 1.7570E-09 1.7570E-09 0.0000E+00 0.0000E+00 1.7570E-09 6.68E-06 6.71E-06   0.004 1.0000 6.8293E-06    923.489
13661.00 0.99498594 0.0000E+00 0.0000E+00 0.0000E+00 1.7818E-09 1.7818E-09 0.0000E+00 0.0000E+00 1.7818E-09 6.76E-06 6.79E-06   0.005 1.0000 6.9146E-06    924.680
13671.00 0.99495292 0.0000E+00 0.0000E+00 0.0000E+00 1.7714E-09 1.7714E-09 0.0000E+00 0.0000E+00 1.7714E-09 6.70E-06 6.73E-06   0.005 1.0000 6.8594E-06    925.005
13681.00 0.99489403 0.0000E+00 0.0000E+00 0.0000E+00 1.7462E-09 1.7462E-09 0.0000E+00 0.0000E+00 1.7462E-09 6.59E-06 6.62E-06   0.005 1.0000 6.7477E-06    924.965
13691.00 0.99452257 0.0000E+00 0.0000E+00 0.0000E+00 1.7966E-09 1.7966E-09 0.0000E+00 0.0000E+00 1.7966E-09 6.76E-06 6.80E-06   0.005 1.0000 6.9298E-06    926.785
13701.00 0.99516904 0.0000E+00 0.0000E+00 0.0000E+00 1.7912E-09 1.7912E-09 0.0000E+00 0.0000E+00 1.7912E-09 6.73E-06 6.76E-06   0.005 1.0000 6.8895E-06    927.234
13711.00 0.99387187 0.0000E+00 0.0000E+00 0.0000E+00 1.7128E-09 1.7128E-09 0.0000E+00 0.0000E+00 1.7128E-09 6.42E-06 6.46E-06   0.006 1.0000 6.5819E-06    925.865
13721.00 0.99475294 0.0000E+00 0.0000E+00 0.0000E+00 1.7372E-09 1.7372E-09 0.0000E+00 0.0000E+00 1.7372E-09 6.50E-06 6.53E-06   0.005 1.0000 6.6556E-06    927.062
13731.00 0.99460399 0.0000E+00 0.0000E+00 0.0000E+00 1.7920E-09 1.7920E-09 0.0000E+00 0.0000E+00 1.7920E-09 6.69E-06 6.72E-06   0.005 1.0000 6.8519E-06    928.998
13741.00 0.99305683 0.0000E+00 0.0000E+00 0.0000E+00 1.8028E-09 1.8028E-09 0.0000E+00 0.0000E+00 1.8028E-09 6.71E-06 6.75E-06   0.007 1.0000 6.8890E-06    929.842
13751.00 0.99450028 0.0000E+00 0.0000E+00 0.0000E+00 1.8310E-09 1.8310E-09 0.0000E+00 0.0000E+00 1.8310E-09 6.80E-06 6.84E-06   0.006 1.0000 6.9714E-06    931.102
13761.00 0.99340749 0.0000E+00 0.0000E+00 0.0000E+00 1.8142E-09 1.8142E-09 0.0000E+00 0.0000E+00 1.8142E-09 6.72E-06 6.76E-06   0.007 1.0000 6.9003E-06    931.280
13771.00 0.99476475 0.0000E+00 0.0000E+00 0.0000E+00 1.8032E-09 1.8032E-09 0.0000E+00 0.0000E+00 1.8032E-09 6.67E-06 6.70E-06   0.005 1.0000 6.8340E-06    931.594
13781.00 0.99356031 0.0000E+00 0.0000E+00 0.0000E+00 1.8267E-09 1.8267E-09 0.0000E+00 0.0000E+00 1.8267E-09 6.74E-06 6.78E-06   0.006 1.0000 6.9166E-06    932.743
13791.00 0.99423790 0.0000E+00 0.0000E+00 0.0000E+00 1.8213E-09 1.8213E-09 0.0000E+00 0.0000E+00 1.8213E-09 6.70E-06 6.74E-06   0.006 1.0000 6.8767E-06    933.195
13801.00 0.99295622 0.0000E+00 0.0000E+00 0.0000E+00 1.8239E-09 1.8239E-09 0.0000E+00 0.0000E+00 1.8239E-09 6.69E-06 6.74E-06   0.007 1.0000 6.8804E-06    933.838
13811.00 0.99329293 0.0000E+00 0.0000E+00 0.0000E+00 1.8323E-09 1.8323E-09 0.0000E+00 0.0000E+00 1.8323E-09 6.71E-06 6.76E-06   0.007 1.0000 6.8949E-06    934.621
13821.00 0.99223506 0.0000E+00 0.0000E+00 0.0000E+00 1.8482E-09 1.8482E-09 0.0000E+00 0.0000E+00 1.8482E-09 6.75E-06 6.80E-06   0.008 1.0000 6.9471E-06    935.582
13831.00 0.99483913 0.0000E+00 0.0000E+00 0.0000E+00 1.8390E-09 1.8390E-09 0.0000E+00 0.0000E+00 1.8390E-09 6.71E-06 6.74E-06   0.005 1.0000 6.8800E-06    935.944
13841.00 0.99498624 0.0000E+00 0.0000E+00 0.0000E+00 1.7836E-09 1.7836E-09 0.0000E+00 0.0000E+00 1.7836E-09 6.49E-06 6.53E-06   0.005 1.0000 6.6572E-06    935.180
13851.00 0.99516463 0.0000E+00 0.0000E+00 0.0000E+00 1.8445E-09 1.8445E-09 0.0000E+00 0.0000E+00 1.8445E-09 6.70E-06 6.73E-06   0.005 1.0000 6.8689E-06    937.238
13861.00 0.99518675 0.0000E+00 0.0000E+00 0.0000E+00 1.8420E-09 1.8420E-09 0.0000E+00 0.0000E+00 1.8420E-09 6.68E-06 6.71E-06   0.005 1.0000 6.8448E-06    937.759
13871.00 0.99294114 0.0000E+00 0.0000E+00 0.0000E+00 1.7777E-09 1.7777E-09 0.0000E+00 0.0000E+00 1.7777E-09 6.42E-06 6.47E-06   0.007 1.0000 6.6067E-06    936.776
13881.00 0.99152559 0.0000E+00 0.0000E+00 0.0000E+00 1.8429E-09 1.8429E-09 0.0000E+00 0.0000E+00 1.8429E-09 6.64E-06 6.69E-06   0.009 1.0000 6.8443E-06    938.943
13891.00 0.99304789 0.0000E+00 0.0000E+00 0.0000E+00 1.8297E-09 1.8297E-09 0.0000E+00 0.0000E+00 1.8297E-09 6.58E-06 6.63E-06   0.007 1.0000 6.7708E-06    939.208
13901.00 0.99204254 0.0000E+00 0.0000E+00 0.0000E+00 1.7929E-09 1.7929E-09 0.0000E+00 0.0000E+00 1.7929E-09 6.43E-06 6.48E-06   0.008 1.0000 6.6271E-06    938.891
13911.00 0.99107635 0.0000E+00 0.0000E+00 0.0000E+00 1.7845E-09 1.7845E-09 0.0000E+00 0.0000E+00 1.7845E-09 6.38E-06 6.44E-06   0.009 1.0000 6.5880E-06    939.264
13921.00 0.99298984 0.0000E+00 0.0000E+00 0.0000E+00 1.8138E-09 1.8138E-09 0.0000E+00 0.0000E+00 1.8138E-09 6.48E-06 6.53E-06   0.007 1.0000 6.6696E-06    940.564
13931.00 0.99365664 0.0000E+00 0.0000E+00 0.0000E+00 1.8538E-09 1.8538E-09 0.0000E+00 0.0000E+00 1.8538E-09 6.61E-06 6.65E-06   0.006 1.0000 6.7975E-06    942.108
13941.00 0.99416226 0.0000E+00 0.0000E+00 0.0000E+00 1.8926E-09 1.8926E-09 0.0000E+00 0.0000E+00 1.8926E-09 6.74E-06 6.78E-06   0.006 1.0000 6.9216E-06    943.608
13951.00 0.99496323 0.0000E+00 0.0000E+00 0.0000E+00 1.8205E-09 1.8205E-09 0.0000E+00 0.0000E+00 1.8205E-09 6.47E-06 6.50E-06   0.005 1.0000 6.6387E-06    942.467
13961.00 0.99541426 0.0000E+00 0.0000E+00 0.0000E+00 1.8736E-09 1.8736E-09 0.0000E+00 0.0000E+00 1.8736E-09 6.64E-06 6.67E-06   0.005 1.0000 6.8145E-06    944.323
13971.00 0.99547130 0.0000E+00 0.0000E+00 0.0000E+00 1.8853E-09 1.8853E-09 0.0000E+00 0.0000E+00 1.8853E-09 6.67E-06 6.70E-06   0.005 1.0000 6.8419E-06    945.179
13981.00 0.99540216 0.0000E+00 0.0000E+00 0.0000E+00 1.8369E-09 1.8369E-09 0.0000E+00 0.0000E+00 1.8369E-09 6.48E-06 6.51E-06   0.005 1.0000 6.6525E-06    944.605
13991.00 0.99543595 0.0000E+00 0.0000E+00 0.0000E+00 1.8538E-09 1.8538E-09 0.0000E+00 0.0000E+00 1.8538E-09 6.53E-06 6.56E-06   0.005 1.0000 6.6990E-06    945.594
14001.00 0.99546415 0.0000E+00 0.0000E+00 0.0000E+00 1.9127E-09 1.9127E-09 0.0000E+00 0.0000E+00 1.9127E-09 6.72E-06 6.75E-06   0.005 1.0000 6.8966E-06    947.565
14011.00 0.99547863 0.0000E+00 0.0000E+00 0.0000E+00 1.9067E-09 1.9067E-09 0.0000E+00 0.0000E+00 1.9067E-09 6.69E-06 6.72E-06   0.005 1.0000 6.8603E-06    948.008
14021.00 0.99545634 0.0000E+00 0.0000E+00 0.0000E+00 1.8675E-09 1.8675E-09 0.0000E+00 0.0000E+00 1.8675E-09 6.53E-06 6.56E-06   0.005 1.0000 6.7046E-06    947.664
14031.00 0.99548757 0.0000E+00 0.0000E+00 0.0000E+00 1.8998E-09 1.8998E-09 0.0000E+00 0.0000E+00 1.8998E-09 6.63E-06 6.66E-06   0.005 1.0000 6.8054E-06    949.007
14041.00 0.99546123 0.0000E+00 0.0000E+00 0.0000E+00 1.9008E-09 1.9008E-09 0.0000E+00 0.0000E+00 1.9008E-09 6.62E-06 6.65E-06   0.005 1.0000 6.7943E-06    949.612
14051.00 0.99546540 0.0000E+00 0.0000E+00 0.0000E+00 1.9026E-09 1.9026E-09 0.0000E+00 0.0000E+00 1.9026E-09 6.61E-06 6.64E-06   0.005 1.0000 6.7860E-06    950.234
14061.00 0.99543422 0.0000E+00 0.0000E+00 0.0000E+00 1.9109E-09 1.9109E-09 0.0000E+00 0.0000E+00 1.9109E-09 6.63E-06 6.66E-06   0.005 1.0000 6.8011E-06    951.010
14071.00 0.99540895 0.0000E+00 0.0000E+00 0.0000E+00 1.9465E-09 1.9465E-09 0.0000E+00 0.0000E+00 1.9465E-09 6.73E-06 6.77E-06   0.005 1.0000 6.9130E-06    952.417
14081.00 0.99538958 0.0000E+00 0.0000E+00 0.0000E+00 1.9532E-09 1.9532E-09 0.0000E+00 0.0000E+00 1.9532E-09 6.74E-06 6.77E-06   0.005 1.0000 6.9222E-06    953.153
14091.00 0.99540991 0.0000E+00 0.0000E+00 0.0000E+00 1.9364E-09 1.9364E-09 0.0000E+00 0.0000E+00 1.9364E-09 6.67E-06 6.70E-06   0.005 1.0000 6.8480E-06    953.348
14101.00 0.99537677 0.0000E+00 0.0000E+00 0.0000E+00 1.9180E-09 1.9180E-09 0.0000E+00 0.0000E+00 1.9180E-09 6.59E-06 6.62E-06   0.005 1.0000 6.7686E-06    953.501
14111.00 0.99538934 0.0000E+00 0.0000E+00 0.0000E+00 1.9142E-09 1.9142E-09 0.0000E+00 0.0000E+00 1.9142E-09 6.56E-06 6.59E-06   0.005 1.0000 6.7405E-06    953.992
14121.00 0.99530244 0.0000E+00 0.0000E+00 0.0000E+00 1.9731E-09 1.9731E-09 0.0000E+00 0.0000E+00 1.9731E-09 6.75E-06 6.78E-06   0.005 1.0000 6.9338E-06    955.935
14131.00 0.99531436 0.0000E+00 0.0000E+00 0.0000E+00 1.9709E-09 1.9709E-09 0.0000E+00 0.0000E+00 1.9709E-09 6.73E-06 6.76E-06   0.005 1.0000 6.9114E-06    956.466
14141.00 0.99533385 0.0000E+00 0.0000E+00 0.0000E+00 1.9059E-09 1.9059E-09 0.0000E+00 0.0000E+00 1.9059E-09 6.49E-06 6.52E-06   0.005 1.0000 6.6690E-06    955.540
14151.00 0.99525338 0.0000E+00 0.0000E+00 0.0000E+00 1.9578E-09 1.9578E-09 0.0000E+00 0.0000E+00 1.9578E-09 6.65E-06 6.69E-06   0.005 1.0000 6.8364E-06    957.328
14161.00 0.99522930 0.0000E+00 0.0000E+00 0.0000E+00 1.9590E-09 1.9590E-09 0.0000E+00 0.0000E+00 1.9590E-09 6.64E-06 6.68E-06   0.005 1.0000 6.8263E-06    957.937
14171.00 0.99517500 0.0000E+00 0.0000E+00 0.0000E+00 1.9618E-09 1.9618E-09 0.0000E+00 0.0000E+00 1.9618E-09 6.64E-06 6.67E-06   0.005 1.0000 6.8218E-06    958.582
14181.00 0.99515069 0.0000E+00 0.0000E+00 0.0000E+00 1.9932E-09 1.9932E-09 0.0000E+00 0.0000E+00 1.9932E-09 6.73E-06 6.76E-06   0.005 1.0000 6.9162E-06    959.878
14191.00 0.99526662 0.0000E+00 0.0000E+00 0.0000E+00 1.9931E-09 1.9931E-09 0.0000E+00 0.0000E+00 1.9931E-09 6.71E-06 6.75E-06   0.005 1.0000 6.9005E-06    960.458
14201.00 0.99501216 0.0000E+00 0.0000E+00 0.0000E+00 1.9701E-09 1.9701E-09 0.0000E+00 0.0000E+00 1.9701E-09 6.62E-06 6.65E-06   0.005 1.0000 6.8083E-06    960.516
14211.00 0.99524266 0.0000E+00 0.0000E+00 0.0000E+00 1.9722E-09 1.9722E-09 0.0000E+00 0.0000E+00 1.9722E-09 6.61E-06 6.65E-06   0.005 1.0000 6.7993E-06    961.144
14221.00 0.99508506 0.0000E+00 0.0000E+00 0.0000E+00 1.9761E-09 1.9761E-09 0.0000E+00 0.0000E+00 1.9761E-09 6.61E-06 6.65E-06   0.005 1.0000 6.7995E-06    961.813
14231.00 0.99486047 0.0000E+00 0.0000E+00 0.0000E+00 1.9482E-09 1.9482E-09 0.0000E+00 0.0000E+00 1.9482E-09 6.50E-06 6.54E-06   0.005 1.0000 6.6909E-06    961.752
14241.00 0.99496859 0.0000E+00 0.0000E+00 0.0000E+00 1.9654E-09 1.9654E-09 0.0000E+00 0.0000E+00 1.9654E-09 6.55E-06 6.58E-06   0.005 1.0000 6.7352E-06    962.731
14251.00 0.99487621 0.0000E+00 0.0000E+00 0.0000E+00 1.9254E-09 1.9254E-09 0.0000E+00 0.0000E+00 1.9254E-09 6.40E-06 6.43E-06   0.005 1.0000 6.5845E-06    962.381
14261.00 0.99502194 0.0000E+00 0.0000E+00 0.0000E+00 1.9806E-09 1.9806E-09 0.0000E+00 0.0000E+00 1.9806E-09 6.57E-06 6.60E-06   0.005 1.0000 6.7582E-06    964.240
14271.00 0.99476713 0.0000E+00 0.0000E+00 0.0000E+00 1.9725E-09 1.9725E-09 0.0000E+00 0.0000E+00 1.9725E-09 6.53E-06 6.56E-06   0.005 1.0000 6.7184E-06    964.636
14281.00 0.99493611 0.0000E+00 0.0000E+00 0.0000E+00 1.9781E-09 1.9781E-09 0.0000E+00 0.0000E+00 1.9781E-09 6.53E-06 6.57E-06   0.005 1.0000 6.7221E-06    965.344
 -9999.
