T F 2    2    2    0    2    2    2    2    2    2    1    0    0   0.0000.00000
    1    1    1    0    0    0  23.00000   0.00000   0.00000   0.00000   0.00000
 -99.000 -99.000 -99.000
 -99.00000 -99.00000 -99.00000  2.922360  0.000710 ! H2O & O3 COLUMNS [GM/CM2]
   36MID-LATITUDE SUMMER 
  10.00000   3.00000 110.56362  20.00053   0.16832   0.00000    0        0.00000
    0    0  172    0
   0.00000   0.00000   0.00000  70.01456   0.00000 180.00000   0.00000   0.00000
    9091.0   14286.0      10.0      10.0NW              
    0   0    0.000  0    0.000  0    1.000
    FREQ  TOT_TRANS  PTH_THRML  THRML_SCT  SURF_EMIS   SOL_SCAT  SING_SCAT  GRND_RFLT  DRCT_RFLT  TOTAL_RAD  REF_SOL  SOL@OBS   DEPTH DIR_EM    TOA_SUN BBODY_T[K]
 9091.00 0.81578201 2.0846E-22 0.0000E+00 0.0000E+00 2.6712E-08 2.6712E-08 0.0000E+00 0.0000E+00 2.6712E-08 4.74E-06 6.83E-06   0.204 1.0000 6.9214E-06    754.891
 9101.00 0.84226990 1.7666E-22 0.0000E+00 0.0000E+00 2.6779E-08 2.6779E-08 0.0000E+00 0.0000E+00 2.6779E-08 4.84E-06 6.67E-06   0.172 1.0000 6.7529E-06    755.686
 9111.00 0.87069786 1.3883E-22 0.0000E+00 0.0000E+00 2.7680E-08 2.7680E-08 0.0000E+00 0.0000E+00 2.7680E-08 5.16E-06 6.69E-06   0.138 1.0000 6.7702E-06    757.820
 9121.00 0.86899763 1.3134E-22 0.0000E+00 0.0000E+00 2.7656E-08 2.7656E-08 0.0000E+00 0.0000E+00 2.7656E-08 5.14E-06 6.68E-06   0.140 1.0000 6.7570E-06    758.470
 9131.00 0.86328840 1.3110E-22 0.0000E+00 0.0000E+00 2.7416E-08 2.7416E-08 0.0000E+00 0.0000E+00 2.7416E-08 5.05E-06 6.64E-06   0.147 1.0000 6.7175E-06    758.775
 9141.00 0.89452630 9.8134E-23 0.0000E+00 0.0000E+00 2.7142E-08 2.7142E-08 0.0000E+00 0.0000E+00 2.7142E-08 5.13E-06 6.37E-06   0.111 1.0000 6.4440E-06    759.021
 9151.00 0.86228365 1.1553E-22 0.0000E+00 0.0000E+00 2.8146E-08 2.8146E-08 0.0000E+00 0.0000E+00 2.8146E-08 5.18E-06 6.77E-06   0.148 1.0000 6.8615E-06    761.304
 9161.00 0.91878164 6.6420E-23 0.0000E+00 0.0000E+00 3.0035E-08 3.0035E-08 0.0000E+00 0.0000E+00 3.0035E-08 5.80E-06 6.85E-06   0.085 1.0000 6.9345E-06    764.863
 9171.00 0.88298249 9.0132E-23 0.0000E+00 0.0000E+00 2.9381E-08 2.9381E-08 0.0000E+00 0.0000E+00 2.9381E-08 5.48E-06 6.90E-06   0.124 1.0000 6.9883E-06    764.576
 9181.00 0.89995015 7.5472E-23 0.0000E+00 0.0000E+00 2.9418E-08 2.9418E-08 0.0000E+00 0.0000E+00 2.9418E-08 5.54E-06 6.79E-06   0.105 1.0000 6.8738E-06    765.320
 9191.00 0.91706949 5.9472E-23 0.0000E+00 0.0000E+00 2.9877E-08 2.9877E-08 0.0000E+00 0.0000E+00 2.9877E-08 5.70E-06 6.77E-06   0.087 1.0000 6.8531E-06    766.697
 9201.00 0.89406860 7.0656E-23 0.0000E+00 0.0000E+00 2.9034E-08 2.9034E-08 0.0000E+00 0.0000E+00 2.9034E-08 5.42E-06 6.70E-06   0.112 1.0000 6.7792E-06    766.115
 9211.00 0.89585847 6.6119E-23 0.0000E+00 0.0000E+00 3.0236E-08 3.0236E-08 0.0000E+00 0.0000E+00 3.0236E-08 5.64E-06 6.94E-06   0.110 1.0000 7.0277E-06    768.607
 9221.00 0.90921497 5.6094E-23 0.0000E+00 0.0000E+00 3.0414E-08 3.0414E-08 0.0000E+00 0.0000E+00 3.0414E-08 5.71E-06 6.88E-06   0.095 1.0000 6.9689E-06    769.558
 9231.00 0.90643144 5.4455E-23 0.0000E+00 0.0000E+00 2.9665E-08 2.9665E-08 0.0000E+00 0.0000E+00 2.9665E-08 5.55E-06 6.71E-06   0.098 1.0000 6.7955E-06    769.135
 9241.00 0.92018628 4.4066E-23 0.0000E+00 0.0000E+00 3.0064E-08 3.0064E-08 0.0000E+00 0.0000E+00 3.0064E-08 5.68E-06 6.70E-06   0.083 1.0000 6.7842E-06    770.420
 9251.00 0.90847886 4.8314E-23 0.0000E+00 0.0000E+00 3.0356E-08 3.0356E-08 0.0000E+00 0.0000E+00 3.0356E-08 5.66E-06 6.82E-06   0.096 1.0000 6.9007E-06    771.540
 9261.00 0.91423756 4.2909E-23 0.0000E+00 0.0000E+00 3.1000E-08 3.1000E-08 0.0000E+00 0.0000E+00 3.1000E-08 5.80E-06 6.91E-06   0.090 1.0000 6.9947E-06    773.170
 9271.00 0.92405057 3.5998E-23 0.0000E+00 0.0000E+00 3.0809E-08 3.0809E-08 0.0000E+00 0.0000E+00 3.0809E-08 5.79E-06 6.79E-06   0.079 1.0000 6.8762E-06    773.582
 9281.00 0.90677965 4.2616E-23 0.0000E+00 0.0000E+00 3.1110E-08 3.1110E-08 0.0000E+00 0.0000E+00 3.1110E-08 5.73E-06 6.94E-06   0.098 1.0000 7.0330E-06    774.708
 9291.00 0.92469221 3.1991E-23 0.0000E+00 0.0000E+00 3.1590E-08 3.1590E-08 0.0000E+00 0.0000E+00 3.1590E-08 5.91E-06 6.92E-06   0.078 1.0000 7.0135E-06    776.086
 9301.00 0.91617304 3.4007E-23 0.0000E+00 0.0000E+00 3.0756E-08 3.0756E-08 0.0000E+00 0.0000E+00 3.0756E-08 5.69E-06 6.77E-06   0.088 1.0000 6.8637E-06    775.571
 9311.00 0.91957462 3.0777E-23 0.0000E+00 0.0000E+00 3.1455E-08 3.1455E-08 0.0000E+00 0.0000E+00 3.1455E-08 5.83E-06 6.89E-06   0.084 1.0000 6.9849E-06    777.273
 9321.00 0.91762036 2.9871E-23 0.0000E+00 0.0000E+00 3.0999E-08 3.0999E-08 0.0000E+00 0.0000E+00 3.0999E-08 5.71E-06 6.79E-06   0.086 1.0000 6.8861E-06    777.304
 9331.00 0.91743881 2.8208E-23 0.0000E+00 0.0000E+00 3.1600E-08 3.1600E-08 0.0000E+00 0.0000E+00 3.1600E-08 5.81E-06 6.91E-06   0.086 1.0000 7.0103E-06    778.860
 9341.00 0.91599083 2.6983E-23 0.0000E+00 0.0000E+00 3.1462E-08 3.1462E-08 0.0000E+00 0.0000E+00 3.1462E-08 5.76E-06 6.87E-06   0.088 1.0000 6.9794E-06    779.350
 9351.00 0.91148794 2.6966E-23 0.0000E+00 0.0000E+00 3.0139E-08 3.0139E-08 0.0000E+00 0.0000E+00 3.0139E-08 5.48E-06 6.60E-06   0.093 1.0000 6.7060E-06    778.103
 9361.00 0.91114885 2.5140E-23 0.0000E+00 0.0000E+00 3.1055E-08 3.1055E-08 0.0000E+00 0.0000E+00 3.1055E-08 5.63E-06 6.79E-06   0.093 1.0000 6.9146E-06    780.141
 9371.00 0.90952468 2.4332E-23 0.0000E+00 0.0000E+00 3.1492E-08 3.1492E-08 0.0000E+00 0.0000E+00 3.1492E-08 5.69E-06 6.88E-06   0.095 1.0000 7.0062E-06    781.461
 9381.00 0.90998596 2.2889E-23 0.0000E+00 0.0000E+00 3.1427E-08 3.1427E-08 0.0000E+00 0.0000E+00 3.1427E-08 5.66E-06 6.85E-06   0.094 1.0000 6.9727E-06    782.056
 9391.00 0.90920413 2.2066E-23 0.0000E+00 0.0000E+00 3.2037E-08 3.2037E-08 0.0000E+00 0.0000E+00 3.2037E-08 5.75E-06 6.97E-06   0.095 1.0000 7.0927E-06    783.618
 9401.00 0.91125935 2.0544E-23 0.0000E+00 0.0000E+00 3.1969E-08 3.1969E-08 0.0000E+00 0.0000E+00 3.1969E-08 5.74E-06 6.92E-06   0.093 1.0000 7.0394E-06    784.210
 9411.00 0.91182113 1.9587E-23 0.0000E+00 0.0000E+00 3.2030E-08 3.2030E-08 0.0000E+00 0.0000E+00 3.2030E-08 5.73E-06 6.90E-06   0.092 1.0000 7.0221E-06    784.986
 9421.00 0.91362941 1.8287E-23 0.0000E+00 0.0000E+00 3.2116E-08 3.2116E-08 0.0000E+00 0.0000E+00 3.2116E-08 5.74E-06 6.89E-06   0.090 1.0000 7.0055E-06    785.797
 9431.00 0.91446573 1.7286E-23 0.0000E+00 0.0000E+00 3.2071E-08 3.2071E-08 0.0000E+00 0.0000E+00 3.2071E-08 5.72E-06 6.85E-06   0.089 1.0000 6.9676E-06    786.423
 9441.00 0.91533446 1.6351E-23 0.0000E+00 0.0000E+00 3.2111E-08 3.2111E-08 0.0000E+00 0.0000E+00 3.2111E-08 5.72E-06 6.84E-06   0.088 1.0000 6.9484E-06    787.168
 9451.00 0.91681421 1.5381E-23 0.0000E+00 0.0000E+00 3.2391E-08 3.2391E-08 0.0000E+00 0.0000E+00 3.2391E-08 5.76E-06 6.87E-06   0.087 1.0000 6.9764E-06    788.254
 9461.00 0.91857451 1.4419E-23 0.0000E+00 0.0000E+00 3.3072E-08 3.3072E-08 0.0000E+00 0.0000E+00 3.3072E-08 5.88E-06 6.98E-06   0.085 1.0000 7.0891E-06    789.895
 9471.00 0.92010766 1.3554E-23 0.0000E+00 0.0000E+00 3.3228E-08 3.3228E-08 0.0000E+00 0.0000E+00 3.3228E-08 5.91E-06 6.98E-06   0.083 1.0000 7.0904E-06    790.800
 9481.00 0.92145258 1.2750E-23 0.0000E+00 0.0000E+00 3.3340E-08 3.3340E-08 0.0000E+00 0.0000E+00 3.3340E-08 5.92E-06 6.98E-06   0.082 1.0000 7.0848E-06    791.644
 9491.00 0.92248142 1.2024E-23 0.0000E+00 0.0000E+00 3.3188E-08 3.3188E-08 0.0000E+00 0.0000E+00 3.3188E-08 5.89E-06 6.93E-06   0.081 1.0000 7.0271E-06    792.123
 9501.00 0.92311394 1.1390E-23 0.0000E+00 0.0000E+00 3.3475E-08 3.3475E-08 0.0000E+00 0.0000E+00 3.3475E-08 5.93E-06 6.96E-06   0.080 1.0000 7.0663E-06    793.210
 9511.00 0.92383635 1.0784E-23 0.0000E+00 0.0000E+00 3.3617E-08 3.3617E-08 0.0000E+00 0.0000E+00 3.3617E-08 5.94E-06 6.97E-06   0.079 1.0000 7.0729E-06    794.093
 9521.00 0.92426771 1.0216E-23 0.0000E+00 0.0000E+00 3.3684E-08 3.3684E-08 0.0000E+00 0.0000E+00 3.3684E-08 5.95E-06 6.97E-06   0.079 1.0000 7.0689E-06    794.876
 9531.00 0.92446899 9.7058E-24 0.0000E+00 0.0000E+00 3.3835E-08 3.3835E-08 0.0000E+00 0.0000E+00 3.3835E-08 5.96E-06 6.98E-06   0.079 1.0000 7.0837E-06    795.771
 9541.00 0.92541736 9.1810E-24 0.0000E+00 0.0000E+00 3.3975E-08 3.3975E-08 0.0000E+00 0.0000E+00 3.3975E-08 5.98E-06 6.99E-06   0.078 1.0000 7.0847E-06    796.651
 9551.00 0.92562467 8.7294E-24 0.0000E+00 0.0000E+00 3.3740E-08 3.3740E-08 0.0000E+00 0.0000E+00 3.3740E-08 5.92E-06 6.92E-06   0.077 1.0000 7.0183E-06    797.020
 9561.00 0.92578739 8.2998E-24 0.0000E+00 0.0000E+00 3.3462E-08 3.3462E-08 0.0000E+00 0.0000E+00 3.3462E-08 5.86E-06 6.85E-06   0.077 1.0000 6.9440E-06    797.327
 9571.00 0.92585242 7.9037E-24 0.0000E+00 0.0000E+00 3.4164E-08 3.4164E-08 0.0000E+00 0.0000E+00 3.4164E-08 5.97E-06 6.98E-06   0.077 1.0000 7.0733E-06    798.977
 9581.00 0.92600006 7.5131E-24 0.0000E+00 0.0000E+00 3.4292E-08 3.4292E-08 0.0000E+00 0.0000E+00 3.4292E-08 5.98E-06 6.99E-06   0.077 1.0000 7.0833E-06    799.840
 9591.00 0.92591417 7.1662E-24 0.0000E+00 0.0000E+00 3.4135E-08 3.4135E-08 0.0000E+00 0.0000E+00 3.4135E-08 5.94E-06 6.94E-06   0.077 1.0000 7.0362E-06    800.317
 9601.00 0.92573780 6.8425E-24 0.0000E+00 0.0000E+00 3.4514E-08 3.4514E-08 0.0000E+00 0.0000E+00 3.4514E-08 5.99E-06 7.00E-06   0.077 1.0000 7.1006E-06    801.519
 9611.00 0.92580450 6.5065E-24 0.0000E+00 0.0000E+00 3.4384E-08 3.4384E-08 0.0000E+00 0.0000E+00 3.4384E-08 5.96E-06 6.96E-06   0.077 1.0000 7.0589E-06    802.033
 9621.00 0.92572814 6.2015E-24 0.0000E+00 0.0000E+00 3.4430E-08 3.4430E-08 0.0000E+00 0.0000E+00 3.4430E-08 5.96E-06 6.96E-06   0.077 1.0000 7.0542E-06    802.784
 9631.00 0.92569661 5.9099E-24 0.0000E+00 0.0000E+00 3.4481E-08 3.4481E-08 0.0000E+00 0.0000E+00 3.4481E-08 5.95E-06 6.95E-06   0.077 1.0000 7.0494E-06    803.542
 9641.00 0.92544770 5.6381E-24 0.0000E+00 0.0000E+00 3.4314E-08 3.4314E-08 0.0000E+00 0.0000E+00 3.4314E-08 5.91E-06 6.91E-06   0.077 1.0000 7.0036E-06    804.005
 9651.00 0.92543715 5.3803E-24 0.0000E+00 0.0000E+00 3.4916E-08 3.4916E-08 0.0000E+00 0.0000E+00 3.4916E-08 6.00E-06 7.01E-06   0.077 1.0000 7.1097E-06    805.506
 9661.00 0.92570823 5.1037E-24 0.0000E+00 0.0000E+00 3.4588E-08 3.4588E-08 0.0000E+00 0.0000E+00 3.4588E-08 5.93E-06 6.93E-06   0.077 1.0000 7.0258E-06    805.754
 9671.00 0.92533445 4.8869E-24 0.0000E+00 0.0000E+00 3.4657E-08 3.4657E-08 0.0000E+00 0.0000E+00 3.4657E-08 5.93E-06 6.93E-06   0.078 1.0000 7.0276E-06    806.536
 9681.00 0.92527789 4.6572E-24 0.0000E+00 0.0000E+00 3.4631E-08 3.4631E-08 0.0000E+00 0.0000E+00 3.4631E-08 5.91E-06 6.91E-06   0.078 1.0000 7.0080E-06    807.189
 9691.00 0.92479229 4.4631E-24 0.0000E+00 0.0000E+00 3.5180E-08 3.5180E-08 0.0000E+00 0.0000E+00 3.5180E-08 5.99E-06 7.01E-06   0.078 1.0000 7.1079E-06    808.616
 9701.00 0.92443240 4.2752E-24 0.0000E+00 0.0000E+00 3.5192E-08 3.5192E-08 0.0000E+00 0.0000E+00 3.5192E-08 5.98E-06 7.00E-06   0.079 1.0000 7.0980E-06    809.321
 9711.00 0.92445827 4.0662E-24 0.0000E+00 0.0000E+00 3.5189E-08 3.5189E-08 0.0000E+00 0.0000E+00 3.5189E-08 5.96E-06 6.99E-06   0.079 1.0000 7.0827E-06    810.005
 9721.00 0.92279577 3.9684E-24 0.0000E+00 0.0000E+00 3.5235E-08 3.5235E-08 0.0000E+00 0.0000E+00 3.5235E-08 5.95E-06 6.99E-06   0.080 1.0000 7.0883E-06    810.757
 9731.00 0.92099947 3.8723E-24 0.0000E+00 0.0000E+00 3.5446E-08 3.5446E-08 0.0000E+00 0.0000E+00 3.5446E-08 5.96E-06 7.03E-06   0.082 1.0000 7.1280E-06    811.727
 9741.00 0.92296863 3.5830E-24 0.0000E+00 0.0000E+00 3.5517E-08 3.5517E-08 0.0000E+00 0.0000E+00 3.5517E-08 5.97E-06 7.02E-06   0.080 1.0000 7.1148E-06    812.510
 9751.00 0.92261297 3.4274E-24 0.0000E+00 0.0000E+00 3.5631E-08 3.5631E-08 0.0000E+00 0.0000E+00 3.5631E-08 5.97E-06 7.03E-06   0.081 1.0000 7.1256E-06    813.350
 9761.00 0.92074394 3.3417E-24 0.0000E+00 0.0000E+00 3.5575E-08 3.5575E-08 0.0000E+00 0.0000E+00 3.5575E-08 5.94E-06 7.01E-06   0.083 1.0000 7.1121E-06    813.964
 9771.00 0.91684198 3.3619E-24 0.0000E+00 0.0000E+00 3.5577E-08 3.5577E-08 0.0000E+00 0.0000E+00 3.5577E-08 5.90E-06 7.02E-06   0.087 1.0000 7.1242E-06    814.655
 9781.00 0.92172873 2.9889E-24 0.0000E+00 0.0000E+00 3.5413E-08 3.5413E-08 0.0000E+00 0.0000E+00 3.5413E-08 5.89E-06 6.95E-06   0.082 1.0000 7.0450E-06    815.127
 9791.00 0.92173028 2.8479E-24 0.0000E+00 0.0000E+00 3.5455E-08 3.5455E-08 0.0000E+00 0.0000E+00 3.5455E-08 5.89E-06 6.94E-06   0.082 1.0000 7.0386E-06    815.870
 9801.00 0.92181063 2.7028E-24 0.0000E+00 0.0000E+00 3.5612E-08 3.5612E-08 0.0000E+00 0.0000E+00 3.5612E-08 5.90E-06 6.96E-06   0.081 1.0000 7.0554E-06    816.769
 9811.00 0.91732329 2.7357E-24 0.0000E+00 0.0000E+00 3.5147E-08 3.5147E-08 0.0000E+00 0.0000E+00 3.5147E-08 5.78E-06 6.88E-06   0.086 1.0000 6.9787E-06    816.835
 9821.00 0.92290235 2.4110E-24 0.0000E+00 0.0000E+00 3.5831E-08 3.5831E-08 0.0000E+00 0.0000E+00 3.5831E-08 5.92E-06 6.96E-06   0.080 1.0000 7.0623E-06    818.436
 9831.00 0.92087781 2.3632E-24 0.0000E+00 0.0000E+00 3.5908E-08 3.5908E-08 0.0000E+00 0.0000E+00 3.5908E-08 5.91E-06 6.98E-06   0.082 1.0000 7.0767E-06    819.227
 9841.00 0.92183322 2.2156E-24 0.0000E+00 0.0000E+00 3.5906E-08 3.5906E-08 0.0000E+00 0.0000E+00 3.5906E-08 5.90E-06 6.96E-06   0.081 1.0000 7.0554E-06    819.911
 9851.00 0.91965353 2.1737E-24 0.0000E+00 0.0000E+00 3.5884E-08 3.5884E-08 0.0000E+00 0.0000E+00 3.5884E-08 5.87E-06 6.95E-06   0.084 1.0000 7.0514E-06    820.571
 9861.00 0.92093676 2.0349E-24 0.0000E+00 0.0000E+00 3.6265E-08 3.6265E-08 0.0000E+00 0.0000E+00 3.6265E-08 5.93E-06 7.00E-06   0.082 1.0000 7.1034E-06    821.762
 9871.00 0.92112041 1.9288E-24 0.0000E+00 0.0000E+00 3.6380E-08 3.6380E-08 0.0000E+00 0.0000E+00 3.6380E-08 5.94E-06 7.01E-06   0.082 1.0000 7.1106E-06    822.601
 9881.00 0.91765857 1.9238E-24 0.0000E+00 0.0000E+00 3.6342E-08 3.6342E-08 0.0000E+00 0.0000E+00 3.6342E-08 5.90E-06 7.01E-06   0.086 1.0000 7.1125E-06    823.240
 9891.00 0.92019910 1.7702E-24 0.0000E+00 0.0000E+00 3.6516E-08 3.6516E-08 0.0000E+00 0.0000E+00 3.6516E-08 5.93E-06 7.01E-06   0.083 1.0000 7.1147E-06    824.155
 9901.00 0.91249210 1.8579E-24 0.0000E+00 0.0000E+00 3.6398E-08 3.6398E-08 0.0000E+00 0.0000E+00 3.6398E-08 5.85E-06 7.03E-06   0.092 1.0000 7.1297E-06    824.690
 9911.00 0.91170901 1.7886E-24 0.0000E+00 0.0000E+00 3.6340E-08 3.6340E-08 0.0000E+00 0.0000E+00 3.6340E-08 5.82E-06 7.01E-06   0.092 1.0000 7.1100E-06    825.303
 9921.00 0.91665888 1.6003E-24 0.0000E+00 0.0000E+00 3.6623E-08 3.6623E-08 0.0000E+00 0.0000E+00 3.6623E-08 5.89E-06 7.01E-06   0.087 1.0000 7.1166E-06    826.361
 9931.00 0.91951984 1.4654E-24 0.0000E+00 0.0000E+00 3.6580E-08 3.6580E-08 0.0000E+00 0.0000E+00 3.6580E-08 5.89E-06 6.97E-06   0.084 1.0000 7.0750E-06    826.992
 9941.00 0.91803551 1.4224E-24 0.0000E+00 0.0000E+00 3.5388E-08 3.5388E-08 0.0000E+00 0.0000E+00 3.5388E-08 5.67E-06 6.74E-06   0.086 1.0000 6.8405E-06    826.098
 9951.00 0.91799873 1.3562E-24 0.0000E+00 0.0000E+00 3.4713E-08 3.4713E-08 0.0000E+00 0.0000E+00 3.4713E-08 5.55E-06 6.60E-06   0.086 1.0000 6.6965E-06    825.866
 9961.00 0.91625643 1.3200E-24 0.0000E+00 0.0000E+00 3.6406E-08 3.6406E-08 0.0000E+00 0.0000E+00 3.6406E-08 5.80E-06 6.92E-06   0.087 1.0000 7.0208E-06    828.829
 9971.00 0.91652721 1.2501E-24 0.0000E+00 0.0000E+00 3.6846E-08 3.6846E-08 0.0000E+00 0.0000E+00 3.6846E-08 5.86E-06 6.98E-06   0.087 1.0000 7.0893E-06    830.092
 9981.00 0.90664798 1.3431E-24 0.0000E+00 0.0000E+00 3.6877E-08 3.6877E-08 0.0000E+00 0.0000E+00 3.6877E-08 5.79E-06 7.04E-06   0.098 1.0000 7.1451E-06    830.821
 9991.00 0.91882420 1.1000E-24 0.0000E+00 0.0000E+00 3.7329E-08 3.7329E-08 0.0000E+00 0.0000E+00 3.7329E-08 5.93E-06 7.03E-06   0.085 1.0000 7.1388E-06    832.095
10001.00 0.91581833 1.0900E-24 0.0000E+00 0.0000E+00 3.7112E-08 3.7112E-08 0.0000E+00 0.0000E+00 3.7112E-08 5.86E-06 7.00E-06   0.088 1.0000 7.1031E-06    832.502
10011.00 0.91738784 1.0164E-24 0.0000E+00 0.0000E+00 3.7302E-08 3.7302E-08 0.0000E+00 0.0000E+00 3.7302E-08 5.89E-06 7.01E-06   0.086 1.0000 7.1150E-06    833.437
10021.00 0.91778016 9.6051E-25 0.0000E+00 0.0000E+00 3.7470E-08 3.7470E-08 0.0000E+00 0.0000E+00 3.7470E-08 5.91E-06 7.02E-06   0.086 1.0000 7.1310E-06    834.342
10031.00 0.91818547 9.1043E-25 0.0000E+00 0.0000E+00 3.7563E-08 3.7563E-08 0.0000E+00 0.0000E+00 3.7563E-08 5.91E-06 7.02E-06   0.085 1.0000 7.1318E-06    835.150
10041.00 0.91760457 8.7371E-25 0.0000E+00 0.0000E+00 3.7535E-08 3.7535E-08 0.0000E+00 0.0000E+00 3.7535E-08 5.89E-06 7.01E-06   0.086 1.0000 7.1164E-06    835.801
10051.00 0.91840160 8.2117E-25 0.0000E+00 0.0000E+00 3.7645E-08 3.7645E-08 0.0000E+00 0.0000E+00 3.7645E-08 5.90E-06 7.01E-06   0.085 1.0000 7.1191E-06    836.631
10061.00 0.91628546 8.0519E-25 0.0000E+00 0.0000E+00 3.7702E-08 3.7702E-08 0.0000E+00 0.0000E+00 3.7702E-08 5.89E-06 7.02E-06   0.087 1.0000 7.1296E-06    837.392
10071.00 0.90515572 8.8346E-25 0.0000E+00 0.0000E+00 3.7366E-08 3.7366E-08 0.0000E+00 0.0000E+00 3.7366E-08 5.75E-06 7.01E-06   0.100 1.0000 7.1221E-06    837.645
10081.00 0.91473114 7.4491E-25 0.0000E+00 0.0000E+00 3.7652E-08 3.7652E-08 0.0000E+00 0.0000E+00 3.7652E-08 5.84E-06 6.99E-06   0.089 1.0000 7.1031E-06    838.704
10091.00 0.90998423 7.5337E-25 0.0000E+00 0.0000E+00 3.7467E-08 3.7467E-08 0.0000E+00 0.0000E+00 3.7467E-08 5.77E-06 6.97E-06   0.094 1.0000 7.0846E-06    839.152
10101.00 0.90079260 8.0576E-25 0.0000E+00 0.0000E+00 3.6995E-08 3.6995E-08 0.0000E+00 0.0000E+00 3.6995E-08 5.62E-06 6.93E-06   0.104 1.0000 7.0367E-06    839.224
10111.00 0.91312462 6.5811E-25 0.0000E+00 0.0000E+00 3.7394E-08 3.7394E-08 0.0000E+00 0.0000E+00 3.7394E-08 5.75E-06 6.91E-06   0.091 1.0000 7.0192E-06    840.431
10121.00 0.89962476 7.2996E-25 0.0000E+00 0.0000E+00 3.7520E-08 3.7520E-08 0.0000E+00 0.0000E+00 3.7520E-08 5.68E-06 7.00E-06   0.106 1.0000 7.1091E-06    841.282
10131.00 0.89425468 7.4135E-25 0.0000E+00 0.0000E+00 3.7227E-08 3.7227E-08 0.0000E+00 0.0000E+00 3.7227E-08 5.59E-06 6.96E-06   0.112 1.0000 7.0756E-06    841.588
10141.00 0.90461940 6.2897E-25 0.0000E+00 0.0000E+00 3.7666E-08 3.7666E-08 0.0000E+00 0.0000E+00 3.7666E-08 5.70E-06 6.97E-06   0.100 1.0000 7.0813E-06    842.846
10151.00 0.86613601 8.3567E-25 0.0000E+00 0.0000E+00 3.6672E-08 3.6672E-08 0.0000E+00 0.0000E+00 3.6672E-08 5.34E-06 7.00E-06   0.144 1.0000 7.1130E-06    842.231
10161.00 0.87780708 7.3717E-25 0.0000E+00 0.0000E+00 3.6991E-08 3.6991E-08 0.0000E+00 0.0000E+00 3.6991E-08 5.43E-06 6.98E-06   0.130 1.0000 7.0884E-06    843.339
10171.00 0.85077775 8.2953E-25 0.0000E+00 0.0000E+00 3.6214E-08 3.6214E-08 0.0000E+00 0.0000E+00 3.6214E-08 5.19E-06 6.97E-06   0.162 1.0000 7.0885E-06    842.993
10181.00 0.84711868 8.2452E-25 0.0000E+00 0.0000E+00 3.6316E-08 3.6316E-08 0.0000E+00 0.0000E+00 3.6316E-08 5.15E-06 7.01E-06   0.166 1.0000 7.1238E-06    843.815
10191.00 0.86414361 6.9970E-25 0.0000E+00 0.0000E+00 3.6961E-08 3.6961E-08 0.0000E+00 0.0000E+00 3.6961E-08 5.32E-06 7.02E-06   0.146 1.0000 7.1342E-06    845.357
10201.00 0.80581623 8.8439E-25 0.0000E+00 0.0000E+00 3.4839E-08 3.4839E-08 0.0000E+00 0.0000E+00 3.4839E-08 4.77E-06 6.95E-06   0.216 1.0000 7.0727E-06    843.170
10211.00 0.78995413 9.1060E-25 0.0000E+00 0.0000E+00 3.4184E-08 3.4184E-08 0.0000E+00 0.0000E+00 3.4184E-08 4.58E-06 6.91E-06   0.236 1.0000 7.0352E-06    842.935
10221.00 0.79527581 8.3247E-25 0.0000E+00 0.0000E+00 3.4488E-08 3.4488E-08 0.0000E+00 0.0000E+00 3.4488E-08 4.65E-06 6.92E-06   0.229 1.0000 7.0526E-06    844.047
10231.00 0.83394361 6.6954E-25 0.0000E+00 0.0000E+00 3.5982E-08 3.5982E-08 0.0000E+00 0.0000E+00 3.5982E-08 5.01E-06 6.96E-06   0.182 1.0000 7.0865E-06    846.792
10241.00 0.74366277 9.3908E-25 0.0000E+00 0.0000E+00 3.2836E-08 3.2836E-08 0.0000E+00 0.0000E+00 3.2836E-08 4.16E-06 6.90E-06   0.296 1.0000 7.0343E-06    843.041
10251.00 0.76129836 8.1006E-25 0.0000E+00 0.0000E+00 3.3807E-08 3.3807E-08 0.0000E+00 0.0000E+00 3.3807E-08 4.38E-06 6.97E-06   0.273 1.0000 7.1175E-06    845.130
10261.00 0.75866735 7.8808E-25 0.0000E+00 0.0000E+00 3.3181E-08 3.3181E-08 0.0000E+00 0.0000E+00 3.3181E-08 4.25E-06 6.85E-06   0.276 1.0000 7.0004E-06    844.908
10271.00 0.75588065 7.7657E-25 0.0000E+00 0.0000E+00 3.3361E-08 3.3361E-08 0.0000E+00 0.0000E+00 3.3361E-08 4.25E-06 6.89E-06   0.280 1.0000 7.0253E-06    845.853
10281.00 0.80056036 6.1059E-25 0.0000E+00 0.0000E+00 3.5288E-08 3.5288E-08 0.0000E+00 0.0000E+00 3.5288E-08 4.71E-06 6.97E-06   0.222 1.0000 7.1074E-06    849.264
10291.00 0.81702018 5.1615E-25 0.0000E+00 0.0000E+00 3.5962E-08 3.5962E-08 0.0000E+00 0.0000E+00 3.5962E-08 4.90E-06 6.98E-06   0.202 1.0000 7.1198E-06    850.872
10301.00 0.82354850 4.8413E-25 0.0000E+00 0.0000E+00 3.5943E-08 3.5943E-08 0.0000E+00 0.0000E+00 3.5943E-08 4.91E-06 6.93E-06   0.194 1.0000 7.0598E-06    851.530
10311.00 0.81558126 5.0574E-25 0.0000E+00 0.0000E+00 3.6048E-08 3.6048E-08 0.0000E+00 0.0000E+00 3.6048E-08 4.84E-06 6.98E-06   0.204 1.0000 7.1065E-06    852.357
10321.00 0.80722708 5.0279E-25 0.0000E+00 0.0000E+00 3.5687E-08 3.5687E-08 0.0000E+00 0.0000E+00 3.5687E-08 4.72E-06 6.95E-06   0.214 1.0000 7.0834E-06    852.549
10331.00 0.80478930 4.5000E-25 0.0000E+00 0.0000E+00 3.5402E-08 3.5402E-08 0.0000E+00 0.0000E+00 3.5402E-08 4.74E-06 6.90E-06   0.217 1.0000 7.0410E-06    852.840
10341.00 0.68213105 6.6883E-25 0.0000E+00 0.0000E+00 3.1579E-08 3.1579E-08 0.0000E+00 0.0000E+00 3.1579E-08 3.68E-06 6.92E-06   0.383 1.0000 7.0807E-06    847.964
10351.00 0.66663831 6.8054E-25 0.0000E+00 0.0000E+00 3.0488E-08 3.0488E-08 0.0000E+00 0.0000E+00 3.0488E-08 3.44E-06 6.79E-06   0.406 1.0000 6.9482E-06    846.947
10361.00 0.66727674 6.3881E-25 0.0000E+00 0.0000E+00 3.1080E-08 3.1080E-08 0.0000E+00 0.0000E+00 3.1080E-08 3.53E-06 6.89E-06   0.405 1.0000 7.0420E-06    848.553
10371.00 0.62026852 6.5156E-25 0.0000E+00 0.0000E+00 2.9602E-08 2.9602E-08 0.0000E+00 0.0000E+00 2.9602E-08 3.26E-06 6.85E-06   0.478 1.0000 7.0259E-06    846.884
10381.00 0.68413246 5.6134E-25 0.0000E+00 0.0000E+00 3.1798E-08 3.1798E-08 0.0000E+00 0.0000E+00 3.1798E-08 3.68E-06 6.87E-06   0.380 1.0000 7.0297E-06    851.018
10391.00 0.56929535 6.5631E-25 0.0000E+00 0.0000E+00 2.7861E-08 2.7861E-08 0.0000E+00 0.0000E+00 2.7861E-08 2.79E-06 6.82E-06   0.563 1.0000 7.0152E-06    845.332
10401.00 0.65456128 5.4030E-25 0.0000E+00 0.0000E+00 3.1420E-08 3.1420E-08 0.0000E+00 0.0000E+00 3.1420E-08 3.50E-06 6.96E-06   0.424 1.0000 7.1156E-06    851.796
10411.00 0.60668039 5.6329E-25 0.0000E+00 0.0000E+00 2.9144E-08 2.9144E-08 0.0000E+00 0.0000E+00 2.9144E-08 3.04E-06 6.83E-06   0.500 1.0000 7.0090E-06    848.843
10421.00 0.49996021 6.2753E-25 0.0000E+00 0.0000E+00 2.5998E-08 2.5998E-08 0.0000E+00 0.0000E+00 2.5998E-08 2.32E-06 6.90E-06   0.693 1.0000 7.1097E-06    844.057
10431.00 0.56500709 5.3488E-25 0.0000E+00 0.0000E+00 2.8376E-08 2.8376E-08 0.0000E+00 0.0000E+00 2.8376E-08 2.83E-06 6.93E-06   0.571 1.0000 7.1282E-06    848.912
10441.00 0.64756829 4.3917E-25 0.0000E+00 0.0000E+00 3.0806E-08 3.0806E-08 0.0000E+00 0.0000E+00 3.0806E-08 3.38E-06 6.86E-06   0.435 1.0000 7.0319E-06    853.555
10451.00 0.50902086 5.3461E-25 0.0000E+00 0.0000E+00 2.6224E-08 2.6224E-08 0.0000E+00 0.0000E+00 2.6224E-08 2.35E-06 6.81E-06   0.675 1.0000 7.0411E-06    846.488
10461.00 0.50472331 5.1175E-25 0.0000E+00 0.0000E+00 2.6015E-08 2.6015E-08 0.0000E+00 0.0000E+00 2.6015E-08 2.34E-06 6.80E-06   0.684 1.0000 7.0152E-06    846.780
10471.00 0.53728926 4.6409E-25 0.0000E+00 0.0000E+00 2.5752E-08 2.5752E-08 0.0000E+00 0.0000E+00 2.5752E-08 2.41E-06 6.43E-06   0.621 1.0000 6.6482E-06    846.968
10481.00 0.56860340 4.2069E-25 0.0000E+00 0.0000E+00 2.7999E-08 2.7999E-08 0.0000E+00 0.0000E+00 2.7999E-08 2.73E-06 6.72E-06   0.565 1.0000 6.9292E-06    851.646
10491.00 0.51841831 4.3060E-25 0.0000E+00 0.0000E+00 2.6733E-08 2.6733E-08 0.0000E+00 0.0000E+00 2.6733E-08 2.42E-06 6.83E-06   0.657 1.0000 7.0576E-06    850.099
10501.00 0.40305746 4.5916E-25 0.0000E+00 0.0000E+00 2.2718E-08 2.2718E-08 0.0000E+00 0.0000E+00 2.2718E-08 1.63E-06 6.78E-06   0.909 1.0000 7.1082E-06    843.047
10511.00 0.63431793 3.3960E-25 0.0000E+00 0.0000E+00 3.1014E-08 3.1014E-08 0.0000E+00 0.0000E+00 3.1014E-08 3.19E-06 6.91E-06   0.455 1.0000 7.0870E-06    858.627
10521.00 0.44145536 3.8295E-25 0.0000E+00 0.0000E+00 2.4064E-08 2.4064E-08 0.0000E+00 0.0000E+00 2.4064E-08 1.97E-06 6.77E-06   0.818 1.0000 7.0837E-06    847.104
10531.00 0.46293649 3.5851E-25 0.0000E+00 0.0000E+00 2.5130E-08 2.5130E-08 0.0000E+00 0.0000E+00 2.5130E-08 2.13E-06 6.83E-06   0.770 1.0000 7.1337E-06    849.835
10541.00 0.50405610 3.2282E-25 0.0000E+00 0.0000E+00 2.6448E-08 2.6448E-08 0.0000E+00 0.0000E+00 2.6448E-08 2.37E-06 6.83E-06   0.685 1.0000 7.1238E-06    852.952
10551.00 0.45965046 3.3414E-25 0.0000E+00 0.0000E+00 2.5073E-08 2.5073E-08 0.0000E+00 0.0000E+00 2.5073E-08 2.08E-06 6.84E-06   0.777 1.0000 7.1123E-06    851.068
10561.00 0.47059554 3.1943E-25 0.0000E+00 0.0000E+00 2.5364E-08 2.5364E-08 0.0000E+00 0.0000E+00 2.5364E-08 2.11E-06 6.81E-06   0.754 1.0000 7.0759E-06    852.291
10571.00 0.40259415 3.0454E-25 0.0000E+00 0.0000E+00 2.2678E-08 2.2678E-08 0.0000E+00 0.0000E+00 2.2678E-08 1.69E-06 6.70E-06   0.910 1.0000 7.0632E-06    847.642
10581.00 0.50796938 2.7630E-25 0.0000E+00 0.0000E+00 2.6493E-08 2.6493E-08 0.0000E+00 0.0000E+00 2.6493E-08 2.30E-06 6.75E-06   0.677 1.0000 7.0083E-06    855.722
10591.00 0.37792921 2.7671E-25 0.0000E+00 0.0000E+00 2.1279E-08 2.1279E-08 0.0000E+00 0.0000E+00 2.1279E-08 1.52E-06 6.49E-06   0.973 1.0000 6.9242E-06    845.974
10601.00 0.44479853 2.4783E-25 0.0000E+00 0.0000E+00 2.3932E-08 2.3932E-08 0.0000E+00 0.0000E+00 2.3932E-08 1.94E-06 6.62E-06   0.810 1.0000 7.0103E-06    852.199
10611.00 0.51286304 2.3542E-25 0.0000E+00 0.0000E+00 2.6557E-08 2.6557E-08 0.0000E+00 0.0000E+00 2.6557E-08 2.29E-06 6.70E-06   0.668 1.0000 7.0013E-06    857.855
10621.00 0.54526919 2.2691E-25 0.0000E+00 0.0000E+00 2.6575E-08 2.6575E-08 0.0000E+00 0.0000E+00 2.6575E-08 2.33E-06 6.47E-06   0.606 1.0000 6.6904E-06    858.561
10631.00 0.54360390 2.1920E-25 0.0000E+00 0.0000E+00 2.7690E-08 2.7690E-08 0.0000E+00 0.0000E+00 2.7690E-08 2.42E-06 6.71E-06   0.610 1.0000 6.9249E-06    861.221
10641.00 0.64918292 1.7059E-25 0.0000E+00 0.0000E+00 3.2155E-08 3.2155E-08 0.0000E+00 0.0000E+00 3.2155E-08 3.30E-06 6.88E-06   0.432 1.0000 7.0679E-06    869.210
10651.00 0.46142796 1.9196E-25 0.0000E+00 0.0000E+00 2.5185E-08 2.5185E-08 0.0000E+00 0.0000E+00 2.5185E-08 2.09E-06 6.76E-06   0.773 1.0000 7.0860E-06    857.988
10661.00 0.33386755 2.0974E-25 0.0000E+00 0.0000E+00 2.0534E-08 2.0534E-08 0.0000E+00 0.0000E+00 2.0534E-08 1.22E-06 6.66E-06   1.097 1.0000 7.1135E-06    848.955
10671.00 0.32366890 2.0618E-25 0.0000E+00 0.0000E+00 2.0280E-08 2.0280E-08 0.0000E+00 0.0000E+00 2.0280E-08 1.14E-06 6.66E-06   1.128 1.0000 7.1053E-06    849.034
10681.00 0.35054189 1.8354E-25 0.0000E+00 0.0000E+00 2.0903E-08 2.0903E-08 0.0000E+00 0.0000E+00 2.0903E-08 1.31E-06 6.60E-06   1.048 1.0000 7.0271E-06    851.123
10691.00 0.39349189 1.6207E-25 0.0000E+00 0.0000E+00 2.2600E-08 2.2600E-08 0.0000E+00 0.0000E+00 2.2600E-08 1.64E-06 6.66E-06   0.933 1.0000 7.0496E-06    855.484
10701.00 0.25156283 1.6648E-25 0.0000E+00 0.0000E+00 1.7572E-08 1.7572E-08 0.0000E+00 0.0000E+00 1.7572E-08 8.54E-07 6.57E-06   1.380 1.0000 7.1224E-06    844.335
10711.00 0.33529311 1.7533E-25 0.0000E+00 0.0000E+00 2.1402E-08 2.1402E-08 0.0000E+00 0.0000E+00 2.1402E-08 1.21E-06 6.77E-06   1.093 1.0000 7.1299E-06    854.231
10721.00 0.37479356 1.6030E-25 0.0000E+00 0.0000E+00 2.2873E-08 2.2873E-08 0.0000E+00 0.0000E+00 2.2873E-08 1.46E-06 6.79E-06   0.981 1.0000 7.1129E-06    858.056
10731.00 0.41536143 1.3497E-25 0.0000E+00 0.0000E+00 2.4119E-08 2.4119E-08 0.0000E+00 0.0000E+00 2.4119E-08 1.81E-06 6.77E-06   0.879 1.0000 7.0795E-06    861.264
10741.00 0.53786874 1.2123E-25 0.0000E+00 0.0000E+00 2.9167E-08 2.9167E-08 0.0000E+00 0.0000E+00 2.9167E-08 2.59E-06 6.89E-06   0.620 1.0000 7.1186E-06    871.166
10751.00 0.58326292 1.1287E-25 0.0000E+00 0.0000E+00 3.0940E-08 3.0940E-08 0.0000E+00 0.0000E+00 3.0940E-08 2.87E-06 6.91E-06   0.539 1.0000 7.0904E-06    874.749
10761.00 0.66170168 9.6012E-26 0.0000E+00 0.0000E+00 3.3610E-08 3.3610E-08 0.0000E+00 0.0000E+00 3.3610E-08 3.41E-06 6.88E-06   0.413 1.0000 7.0349E-06    879.541
10771.00 0.67502785 8.7451E-26 0.0000E+00 0.0000E+00 3.4453E-08 3.4453E-08 0.0000E+00 0.0000E+00 3.4453E-08 3.55E-06 6.97E-06   0.393 1.0000 7.1304E-06    881.459
10781.00 0.76401722 6.4340E-26 0.0000E+00 0.0000E+00 3.7673E-08 3.7673E-08 0.0000E+00 0.0000E+00 3.7673E-08 4.28E-06 6.99E-06   0.269 1.0000 7.1406E-06    886.643
10791.00 0.81953216 4.7683E-26 0.0000E+00 0.0000E+00 3.9016E-08 3.9016E-08 0.0000E+00 0.0000E+00 3.9016E-08 4.71E-06 6.86E-06   0.199 1.0000 6.9990E-06    889.105
10801.00 0.81402254 4.6082E-26 0.0000E+00 0.0000E+00 3.7835E-08 3.7835E-08 0.0000E+00 0.0000E+00 3.7835E-08 4.54E-06 6.68E-06   0.206 1.0000 6.8221E-06    888.223
10811.00 0.78922105 4.7663E-26 0.0000E+00 0.0000E+00 3.7892E-08 3.7892E-08 0.0000E+00 0.0000E+00 3.7892E-08 4.46E-06 6.84E-06   0.237 1.0000 6.9842E-06    888.982
10821.00 0.78327000 4.8446E-26 0.0000E+00 0.0000E+00 3.7472E-08 3.7472E-08 0.0000E+00 0.0000E+00 3.7472E-08 4.33E-06 6.78E-06   0.244 1.0000 6.9254E-06    889.097
10831.00 0.81626362 3.9101E-26 0.0000E+00 0.0000E+00 3.7216E-08 3.7216E-08 0.0000E+00 0.0000E+00 3.7216E-08 4.47E-06 6.52E-06   0.203 1.0000 6.6572E-06    889.430
10841.00 0.82707047 3.3569E-26 0.0000E+00 0.0000E+00 3.9023E-08 3.9023E-08 0.0000E+00 0.0000E+00 3.9023E-08 4.79E-06 6.75E-06   0.190 1.0000 6.8867E-06    892.525
10851.00 0.79927647 3.7326E-26 0.0000E+00 0.0000E+00 3.7844E-08 3.7844E-08 0.0000E+00 0.0000E+00 3.7844E-08 4.49E-06 6.70E-06   0.224 1.0000 6.8426E-06    891.642
10861.00 0.84638423 2.8414E-26 0.0000E+00 0.0000E+00 4.0445E-08 4.0445E-08 0.0000E+00 0.0000E+00 4.0445E-08 4.99E-06 6.85E-06   0.167 1.0000 6.9906E-06    895.722
10871.00 0.78493732 3.4586E-26 0.0000E+00 0.0000E+00 3.8875E-08 3.8875E-08 0.0000E+00 0.0000E+00 3.8875E-08 4.60E-06 6.94E-06   0.242 1.0000 7.0910E-06    894.375
10881.00 0.79552847 3.1997E-26 0.0000E+00 0.0000E+00 3.9503E-08 3.9503E-08 0.0000E+00 0.0000E+00 3.9503E-08 4.66E-06 6.98E-06   0.229 1.0000 7.1322E-06    895.878
10891.00 0.71519369 4.0007E-26 0.0000E+00 0.0000E+00 3.6285E-08 3.6285E-08 0.0000E+00 0.0000E+00 3.6285E-08 3.93E-06 6.92E-06   0.335 1.0000 7.0869E-06    892.223
10901.00 0.70492458 4.0549E-26 0.0000E+00 0.0000E+00 3.5674E-08 3.5674E-08 0.0000E+00 0.0000E+00 3.5674E-08 3.77E-06 6.86E-06   0.350 1.0000 7.0299E-06    892.039
10911.00 0.77044839 3.1169E-26 0.0000E+00 0.0000E+00 3.8633E-08 3.8633E-08 0.0000E+00 0.0000E+00 3.8633E-08 4.38E-06 6.96E-06   0.261 1.0000 7.1167E-06    896.781
10921.00 0.64359319 4.0665E-26 0.0000E+00 0.0000E+00 3.4006E-08 3.4006E-08 0.0000E+00 0.0000E+00 3.4006E-08 3.40E-06 6.95E-06   0.441 1.0000 7.1418E-06    890.971
10931.00 0.78325617 2.7915E-26 0.0000E+00 0.0000E+00 3.8907E-08 3.8907E-08 0.0000E+00 0.0000E+00 3.8907E-08 4.40E-06 6.91E-06   0.244 1.0000 7.0585E-06    898.506
10941.00 0.68059671 3.3085E-26 0.0000E+00 0.0000E+00 3.5678E-08 3.5678E-08 0.0000E+00 0.0000E+00 3.5678E-08 3.72E-06 6.99E-06   0.385 1.0000 7.1797E-06    894.760
10951.00 0.68123055 3.3135E-26 0.0000E+00 0.0000E+00 3.6017E-08 3.6017E-08 0.0000E+00 0.0000E+00 3.6017E-08 3.69E-06 7.04E-06   0.384 1.0000 7.2169E-06    895.919
10961.00 0.75062066 2.4686E-26 0.0000E+00 0.0000E+00 3.7933E-08 3.7933E-08 0.0000E+00 0.0000E+00 3.7933E-08 4.24E-06 6.88E-06   0.287 1.0000 7.0517E-06    899.247
10971.00 0.77314252 2.2461E-26 0.0000E+00 0.0000E+00 3.8379E-08 3.8379E-08 0.0000E+00 0.0000E+00 3.8379E-08 4.35E-06 6.81E-06   0.257 1.0000 6.9688E-06    900.527
10981.00 0.71589524 2.5380E-26 0.0000E+00 0.0000E+00 3.6936E-08 3.6936E-08 0.0000E+00 0.0000E+00 3.6936E-08 3.96E-06 6.91E-06   0.334 1.0000 7.0849E-06    899.242
10991.00 0.72881490 2.3428E-26 0.0000E+00 0.0000E+00 3.6752E-08 3.6752E-08 0.0000E+00 0.0000E+00 3.6752E-08 3.96E-06 6.79E-06   0.316 1.0000 6.9574E-06    899.666
11001.00 0.72046947 2.1784E-26 0.0000E+00 0.0000E+00 3.6127E-08 3.6127E-08 0.0000E+00 0.0000E+00 3.6127E-08 3.91E-06 6.69E-06   0.328 1.0000 6.8715E-06    899.466
11011.00 0.71330279 2.1141E-26 0.0000E+00 0.0000E+00 3.6643E-08 3.6643E-08 0.0000E+00 0.0000E+00 3.6643E-08 3.95E-06 6.83E-06   0.338 1.0000 7.0129E-06    900.871
11021.00 0.72473752 1.9078E-26 0.0000E+00 0.0000E+00 3.7773E-08 3.7773E-08 0.0000E+00 0.0000E+00 3.7773E-08 4.08E-06 6.96E-06   0.322 1.0000 7.1591E-06    903.109
11031.00 0.77512026 1.6383E-26 0.0000E+00 0.0000E+00 3.9062E-08 3.9062E-08 0.0000E+00 0.0000E+00 3.9062E-08 4.39E-06 6.83E-06   0.255 1.0000 6.9952E-06    905.518
11041.00 0.82728142 1.2055E-26 0.0000E+00 0.0000E+00 4.2063E-08 4.2063E-08 0.0000E+00 0.0000E+00 4.2063E-08 4.98E-06 7.00E-06   0.190 1.0000 7.1647E-06    910.042
11051.00 0.83463544 1.1354E-26 0.0000E+00 0.0000E+00 4.2682E-08 4.2682E-08 0.0000E+00 0.0000E+00 4.2682E-08 5.05E-06 7.05E-06   0.181 1.0000 7.2125E-06    911.487
11061.00 0.84706903 1.0158E-26 0.0000E+00 0.0000E+00 4.3184E-08 4.3184E-08 0.0000E+00 0.0000E+00 4.3184E-08 5.15E-06 7.04E-06   0.166 1.0000 7.1991E-06    912.781
11071.00 0.78732318 1.2272E-26 0.0000E+00 0.0000E+00 4.0461E-08 4.0461E-08 0.0000E+00 0.0000E+00 4.0461E-08 4.58E-06 6.95E-06   0.239 1.0000 7.1309E-06    910.065
11081.00 0.72792000 1.3974E-26 0.0000E+00 0.0000E+00 3.7045E-08 3.7045E-08 0.0000E+00 0.0000E+00 3.7045E-08 3.97E-06 6.73E-06   0.318 1.0000 6.9276E-06    906.180
11091.00 0.73830414 1.3245E-26 0.0000E+00 0.0000E+00 3.5996E-08 3.5996E-08 0.0000E+00 0.0000E+00 3.5996E-08 3.87E-06 6.46E-06   0.303 1.0000 6.6409E-06    905.381
11101.00 0.70185739 1.4236E-26 0.0000E+00 0.0000E+00 3.6360E-08 3.6360E-08 0.0000E+00 0.0000E+00 3.6360E-08 3.76E-06 6.75E-06   0.354 1.0000 6.9341E-06    906.576
11111.00 0.75336605 1.0871E-26 0.0000E+00 0.0000E+00 3.8650E-08 3.8650E-08 0.0000E+00 0.0000E+00 3.8650E-08 4.27E-06 6.79E-06   0.283 1.0000 6.9855E-06    910.409
11121.00 0.61958981 1.5443E-26 0.0000E+00 0.0000E+00 3.4344E-08 3.4344E-08 0.0000E+00 0.0000E+00 3.4344E-08 3.22E-06 6.93E-06   0.479 1.0000 7.1540E-06    905.002
11131.00 0.75756317 9.9959E-27 0.0000E+00 0.0000E+00 3.9895E-08 3.9895E-08 0.0000E+00 0.0000E+00 3.9895E-08 4.38E-06 6.96E-06   0.278 1.0000 7.1521E-06    913.415
11141.00 0.75119418 1.0377E-26 0.0000E+00 0.0000E+00 3.9580E-08 3.9580E-08 0.0000E+00 0.0000E+00 3.9580E-08 4.25E-06 6.93E-06   0.286 1.0000 7.1081E-06    913.683
11151.00 0.74091554 1.0071E-26 0.0000E+00 0.0000E+00 3.9293E-08 3.9293E-08 0.0000E+00 0.0000E+00 3.9293E-08 4.19E-06 6.93E-06   0.300 1.0000 7.1052E-06    913.984
11161.00 0.79396147 8.0076E-27 0.0000E+00 0.0000E+00 4.2179E-08 4.2179E-08 0.0000E+00 0.0000E+00 4.2179E-08 4.71E-06 7.06E-06   0.231 1.0000 7.2334E-06    918.371
11171.00 0.81649101 7.1432E-27 0.0000E+00 0.0000E+00 4.2047E-08 4.2047E-08 0.0000E+00 0.0000E+00 4.2047E-08 4.76E-06 6.89E-06   0.203 1.0000 7.0471E-06    918.888
11181.00 0.85589713 5.4775E-27 0.0000E+00 0.0000E+00 4.3742E-08 4.3742E-08 0.0000E+00 0.0000E+00 4.3742E-08 5.13E-06 6.90E-06   0.156 1.0000 7.0589E-06    921.651
11191.00 0.86054075 5.0009E-27 0.0000E+00 0.0000E+00 4.4444E-08 4.4444E-08 0.0000E+00 0.0000E+00 4.4444E-08 5.23E-06 6.98E-06   0.150 1.0000 7.1368E-06    923.176
11201.00 0.88161618 4.0271E-27 0.0000E+00 0.0000E+00 4.4338E-08 4.4338E-08 0.0000E+00 0.0000E+00 4.4338E-08 5.32E-06 6.83E-06   0.126 1.0000 6.9786E-06    923.732
11211.00 0.88816094 3.5748E-27 0.0000E+00 0.0000E+00 4.5572E-08 4.5572E-08 0.0000E+00 0.0000E+00 4.5572E-08 5.50E-06 6.97E-06   0.119 1.0000 7.1244E-06    925.872
11221.00 0.89756024 3.0966E-27 0.0000E+00 0.0000E+00 4.6304E-08 4.6304E-08 0.0000E+00 0.0000E+00 4.6304E-08 5.63E-06 7.00E-06   0.108 1.0000 7.1611E-06    927.404
11231.00 0.89508325 3.0116E-27 0.0000E+00 0.0000E+00 4.6595E-08 4.6595E-08 0.0000E+00 0.0000E+00 4.6595E-08 5.64E-06 7.05E-06   0.111 1.0000 7.2119E-06    928.422
11241.00 0.89709187 2.8036E-27 0.0000E+00 0.0000E+00 4.6306E-08 4.6306E-08 0.0000E+00 0.0000E+00 4.6306E-08 5.61E-06 6.98E-06   0.109 1.0000 7.1417E-06    928.773
11251.00 0.89833272 2.6240E-27 0.0000E+00 0.0000E+00 4.6567E-08 4.6567E-08 0.0000E+00 0.0000E+00 4.6567E-08 5.64E-06 7.00E-06   0.107 1.0000 7.1598E-06    929.758
11261.00 0.89276862 2.6538E-27 0.0000E+00 0.0000E+00 4.6031E-08 4.6031E-08 0.0000E+00 0.0000E+00 4.6031E-08 5.53E-06 6.94E-06   0.113 1.0000 7.1006E-06    929.823
11271.00 0.89817166 2.3803E-27 0.0000E+00 0.0000E+00 4.5497E-08 4.5497E-08 0.0000E+00 0.0000E+00 4.5497E-08 5.49E-06 6.82E-06   0.107 1.0000 6.9712E-06    929.885
11281.00 0.89465857 2.3513E-27 0.0000E+00 0.0000E+00 4.3918E-08 4.3918E-08 0.0000E+00 0.0000E+00 4.3918E-08 5.27E-06 6.59E-06   0.111 1.0000 6.7401E-06    928.687
11291.00 0.89468426 2.2421E-27 0.0000E+00 0.0000E+00 4.6543E-08 4.6543E-08 0.0000E+00 0.0000E+00 4.6543E-08 5.57E-06 6.97E-06   0.111 1.0000 7.1282E-06    932.466
11301.00 0.89945489 2.0214E-27 0.0000E+00 0.0000E+00 4.6865E-08 4.6865E-08 0.0000E+00 0.0000E+00 4.6865E-08 5.63E-06 6.98E-06   0.106 1.0000 7.1331E-06    933.518
11311.00 0.89880162 1.9358E-27 0.0000E+00 0.0000E+00 4.6285E-08 4.6285E-08 0.0000E+00 0.0000E+00 4.6285E-08 5.55E-06 6.88E-06   0.107 1.0000 7.0365E-06    933.535
11321.00 0.89826071 1.8554E-27 0.0000E+00 0.0000E+00 4.6917E-08 4.6917E-08 0.0000E+00 0.0000E+00 4.6917E-08 5.61E-06 6.96E-06   0.107 1.0000 7.1226E-06    934.945
11331.00 0.89804029 1.7669E-27 0.0000E+00 0.0000E+00 4.6014E-08 4.6014E-08 0.0000E+00 0.0000E+00 4.6014E-08 5.49E-06 6.82E-06   0.108 1.0000 6.9746E-06    934.586
11341.00 0.89801264 1.6820E-27 0.0000E+00 0.0000E+00 4.6874E-08 4.6874E-08 0.0000E+00 0.0000E+00 4.6874E-08 5.58E-06 6.93E-06   0.108 1.0000 7.0920E-06    936.263
11351.00 0.89848673 1.5906E-27 0.0000E+00 0.0000E+00 4.4412E-08 4.4412E-08 0.0000E+00 0.0000E+00 4.4412E-08 5.28E-06 6.56E-06   0.107 1.0000 6.7048E-06    934.055
11361.00 0.89844048 1.5141E-27 0.0000E+00 0.0000E+00 4.7039E-08 4.7039E-08 0.0000E+00 0.0000E+00 4.7039E-08 5.58E-06 6.93E-06   0.107 1.0000 7.0885E-06    937.819
11371.00 0.89932305 1.4248E-27 0.0000E+00 0.0000E+00 4.6536E-08 4.6536E-08 0.0000E+00 0.0000E+00 4.6536E-08 5.52E-06 6.84E-06   0.106 1.0000 6.9944E-06    937.923
11381.00 0.89854455 1.3679E-27 0.0000E+00 0.0000E+00 4.7704E-08 4.7704E-08 0.0000E+00 0.0000E+00 4.7704E-08 5.64E-06 7.00E-06   0.107 1.0000 7.1623E-06    939.942
11391.00 0.89890105 1.2953E-27 0.0000E+00 0.0000E+00 4.7397E-08 4.7397E-08 0.0000E+00 0.0000E+00 4.7397E-08 5.60E-06 6.94E-06   0.107 1.0000 7.1013E-06    940.278
11401.00 0.89886284 1.2322E-27 0.0000E+00 0.0000E+00 4.7603E-08 4.7603E-08 0.0000E+00 0.0000E+00 4.7603E-08 5.61E-06 6.96E-06   0.107 1.0000 7.1195E-06    941.195
11411.00 0.89854950 1.1762E-27 0.0000E+00 0.0000E+00 4.7478E-08 4.7478E-08 0.0000E+00 0.0000E+00 4.7478E-08 5.59E-06 6.93E-06   0.107 1.0000 7.0904E-06    941.737
11421.00 0.89868253 1.1168E-27 0.0000E+00 0.0000E+00 4.6147E-08 4.6147E-08 0.0000E+00 0.0000E+00 4.6147E-08 5.42E-06 6.72E-06   0.107 1.0000 6.8786E-06    940.885
11431.00 0.89850754 1.0641E-27 0.0000E+00 0.0000E+00 4.6965E-08 4.6965E-08 0.0000E+00 0.0000E+00 4.6965E-08 5.50E-06 6.83E-06   0.107 1.0000 6.9893E-06    942.515
11441.00 0.89828658 1.0146E-27 0.0000E+00 0.0000E+00 4.7300E-08 4.7300E-08 0.0000E+00 0.0000E+00 4.7300E-08 5.53E-06 6.87E-06   0.107 1.0000 7.0284E-06    943.583
11451.00 0.89828980 9.6487E-28 0.0000E+00 0.0000E+00 4.7771E-08 4.7771E-08 0.0000E+00 0.0000E+00 4.7771E-08 5.58E-06 6.92E-06   0.107 1.0000 7.0859E-06    944.802
11461.00 0.89816743 9.1883E-28 0.0000E+00 0.0000E+00 4.8389E-08 4.8389E-08 0.0000E+00 0.0000E+00 4.8389E-08 5.64E-06 7.00E-06   0.107 1.0000 7.1660E-06    946.182
11471.00 0.89798367 8.7561E-28 0.0000E+00 0.0000E+00 4.7655E-08 4.7655E-08 0.0000E+00 0.0000E+00 4.7655E-08 5.54E-06 6.88E-06   0.108 1.0000 7.0465E-06    946.036
11481.00 0.89769810 8.3537E-28 0.0000E+00 0.0000E+00 4.8008E-08 4.8008E-08 0.0000E+00 0.0000E+00 4.8008E-08 5.57E-06 6.92E-06   0.108 1.0000 7.0883E-06    947.119
11491.00 0.89761436 7.9523E-28 0.0000E+00 0.0000E+00 4.8038E-08 4.8038E-08 0.0000E+00 0.0000E+00 4.8038E-08 5.56E-06 6.92E-06   0.108 1.0000 7.0811E-06    947.837
11501.00 0.89738733 7.5794E-28 0.0000E+00 0.0000E+00 4.6947E-08 4.6947E-08 0.0000E+00 0.0000E+00 4.6947E-08 5.42E-06 6.75E-06   0.108 1.0000 6.9103E-06    947.272
11511.00 0.89722288 7.2228E-28 0.0000E+00 0.0000E+00 4.6728E-08 4.6728E-08 0.0000E+00 0.0000E+00 4.6728E-08 5.39E-06 6.70E-06   0.108 1.0000 6.8667E-06    947.701
11521.00 0.89701122 6.8864E-28 0.0000E+00 0.0000E+00 4.6972E-08 4.6972E-08 0.0000E+00 0.0000E+00 4.6972E-08 5.40E-06 6.73E-06   0.109 1.0000 6.8922E-06    948.666
11531.00 0.89677888 6.5647E-28 0.0000E+00 0.0000E+00 4.5285E-08 4.5285E-08 0.0000E+00 0.0000E+00 4.5285E-08 5.20E-06 6.48E-06   0.109 1.0000 6.6351E-06    947.365
11541.00 0.89659017 6.2554E-28 0.0000E+00 0.0000E+00 3.6073E-08 3.6073E-08 0.0000E+00 0.0000E+00 3.6073E-08 4.13E-06 5.15E-06   0.109 1.0000 5.2774E-06    935.893
11551.00 0.89633995 5.9664E-28 0.0000E+00 0.0000E+00 4.5935E-08 4.5935E-08 0.0000E+00 0.0000E+00 4.5935E-08 5.25E-06 6.55E-06   0.109 1.0000 6.7102E-06    949.498
11561.00 0.89617944 5.6862E-28 0.0000E+00 0.0000E+00 4.8323E-08 4.8323E-08 0.0000E+00 0.0000E+00 4.8323E-08 5.51E-06 6.88E-06   0.110 1.0000 7.0485E-06    952.938
11571.00 0.89603144 5.4161E-28 0.0000E+00 0.0000E+00 4.9283E-08 4.9283E-08 0.0000E+00 0.0000E+00 4.9283E-08 5.61E-06 7.00E-06   0.110 1.0000 7.1778E-06    954.697
11581.00 0.89565676 5.1696E-28 0.0000E+00 0.0000E+00 4.9026E-08 4.9026E-08 0.0000E+00 0.0000E+00 4.9026E-08 5.57E-06 6.96E-06   0.110 1.0000 7.1315E-06    955.094
11591.00 0.89502424 4.9515E-28 0.0000E+00 0.0000E+00 4.9094E-08 4.9094E-08 0.0000E+00 0.0000E+00 4.9094E-08 5.56E-06 6.96E-06   0.111 1.0000 7.1338E-06    955.852
11601.00 0.89522439 4.6993E-28 0.0000E+00 0.0000E+00 4.8381E-08 4.8381E-08 0.0000E+00 0.0000E+00 4.8381E-08 5.47E-06 6.84E-06   0.111 1.0000 7.0173E-06    955.733
11611.00 0.89460295 4.5024E-28 0.0000E+00 0.0000E+00 4.8364E-08 4.8364E-08 0.0000E+00 0.0000E+00 4.8364E-08 5.46E-06 6.83E-06   0.111 1.0000 7.0074E-06    956.397
11621.00 0.89469826 4.2775E-28 0.0000E+00 0.0000E+00 4.8922E-08 4.8922E-08 0.0000E+00 0.0000E+00 4.8922E-08 5.51E-06 6.90E-06   0.111 1.0000 7.0763E-06    957.708
11631.00 0.89395642 4.1009E-28 0.0000E+00 0.0000E+00 4.8620E-08 4.8620E-08 0.0000E+00 0.0000E+00 4.8620E-08 5.46E-06 6.85E-06   0.112 1.0000 7.0263E-06    958.051
11641.00 0.89322716 3.9329E-28 0.0000E+00 0.0000E+00 4.8589E-08 4.8589E-08 0.0000E+00 0.0000E+00 4.8589E-08 5.44E-06 6.83E-06   0.113 1.0000 7.0154E-06    958.698
11651.00 0.89354056 3.7247E-28 0.0000E+00 0.0000E+00 4.8683E-08 4.8683E-08 0.0000E+00 0.0000E+00 4.8683E-08 5.45E-06 6.83E-06   0.113 1.0000 7.0154E-06    959.486
11661.00 0.89100176 3.6436E-28 0.0000E+00 0.0000E+00 4.9517E-08 4.9517E-08 0.0000E+00 0.0000E+00 4.9517E-08 5.51E-06 6.95E-06   0.115 1.0000 7.1406E-06    961.103
11671.00 0.89268523 3.4006E-28 0.0000E+00 0.0000E+00 4.9753E-08 4.9753E-08 0.0000E+00 0.0000E+00 4.9753E-08 5.54E-06 6.96E-06   0.114 1.0000 7.1519E-06    962.047
11681.00 0.89128053 3.2823E-28 0.0000E+00 0.0000E+00 4.8952E-08 4.8952E-08 0.0000E+00 0.0000E+00 4.8952E-08 5.43E-06 6.85E-06   0.115 1.0000 7.0342E-06    961.835
11691.00 0.89040214 3.1520E-28 0.0000E+00 0.0000E+00 4.7467E-08 4.7467E-08 0.0000E+00 0.0000E+00 4.7467E-08 5.25E-06 6.63E-06   0.116 1.0000 6.8153E-06    960.824
11701.00 0.88941240 3.0269E-28 0.0000E+00 0.0000E+00 3.5592E-08 3.5592E-08 0.0000E+00 0.0000E+00 3.5592E-08 3.93E-06 4.97E-06   0.117 1.0000 5.1054E-06    945.951
11711.00 0.88758874 2.9355E-28 0.0000E+00 0.0000E+00 4.2519E-08 4.2519E-08 0.0000E+00 0.0000E+00 4.2519E-08 4.67E-06 5.93E-06   0.119 1.0000 6.0975E-06    956.175
11721.00 0.89003503 2.7199E-28 0.0000E+00 0.0000E+00 4.8562E-08 4.8562E-08 0.0000E+00 0.0000E+00 4.8562E-08 5.34E-06 6.75E-06   0.116 1.0000 6.9393E-06    964.122
11731.00 0.88749361 2.6541E-28 0.0000E+00 0.0000E+00 4.9301E-08 4.9301E-08 0.0000E+00 0.0000E+00 4.9301E-08 5.39E-06 6.86E-06   0.119 1.0000 7.0489E-06    965.637
11741.00 0.88423264 2.6042E-28 0.0000E+00 0.0000E+00 4.7795E-08 4.7795E-08 0.0000E+00 0.0000E+00 4.7795E-08 5.20E-06 6.66E-06   0.123 1.0000 6.8430E-06    964.607
11751.00 0.88658088 2.4230E-28 0.0000E+00 0.0000E+00 4.9660E-08 4.9660E-08 0.0000E+00 0.0000E+00 4.9660E-08 5.41E-06 6.89E-06   0.120 1.0000 7.0799E-06    967.401
11761.00 0.88861823 2.2595E-28 0.0000E+00 0.0000E+00 4.4155E-08 4.4155E-08 0.0000E+00 0.0000E+00 4.4155E-08 4.81E-06 6.10E-06   0.118 1.0000 6.2711E-06    961.620
11771.00 0.88786876 2.1634E-28 0.0000E+00 0.0000E+00 4.7406E-08 4.7406E-08 0.0000E+00 0.0000E+00 4.7406E-08 5.15E-06 6.55E-06   0.119 1.0000 6.7248E-06    966.198
11781.00 0.88733560 2.0675E-28 0.0000E+00 0.0000E+00 5.0402E-08 5.0402E-08 0.0000E+00 0.0000E+00 5.0402E-08 5.46E-06 6.95E-06   0.120 1.0000 7.1404E-06    970.270
11791.00 0.88650888 1.9854E-28 0.0000E+00 0.0000E+00 5.0431E-08 5.0431E-08 0.0000E+00 0.0000E+00 5.0431E-08 5.45E-06 6.95E-06   0.120 1.0000 7.1364E-06    970.984
11801.00 0.89003336 1.8218E-28 0.0000E+00 0.0000E+00 4.9556E-08 4.9556E-08 0.0000E+00 0.0000E+00 4.9556E-08 5.37E-06 6.79E-06   0.116 1.0000 6.9763E-06    970.694
11811.00 0.88815171 1.7648E-28 0.0000E+00 0.0000E+00 4.9728E-08 4.9728E-08 0.0000E+00 0.0000E+00 4.9728E-08 5.37E-06 6.82E-06   0.119 1.0000 7.0000E-06    971.568
11821.00 0.88701683 1.6989E-28 0.0000E+00 0.0000E+00 5.0578E-08 5.0578E-08 0.0000E+00 0.0000E+00 5.0578E-08 5.44E-06 6.93E-06   0.120 1.0000 7.1140E-06    973.192
11831.00 0.88710821 1.6146E-28 0.0000E+00 0.0000E+00 5.0576E-08 5.0576E-08 0.0000E+00 0.0000E+00 5.0576E-08 5.43E-06 6.91E-06   0.120 1.0000 7.1007E-06    973.872
11841.00 0.88322306 1.5944E-28 0.0000E+00 0.0000E+00 4.9934E-08 4.9934E-08 0.0000E+00 0.0000E+00 4.9934E-08 5.33E-06 6.84E-06   0.124 1.0000 7.0230E-06    973.842
11851.00 0.87808639 1.5908E-28 0.0000E+00 0.0000E+00 4.9196E-08 4.9196E-08 0.0000E+00 0.0000E+00 4.9196E-08 5.21E-06 6.76E-06   0.130 1.0000 6.9407E-06    973.695
11861.00 0.88210011 1.4596E-28 0.0000E+00 0.0000E+00 5.0433E-08 5.0433E-08 0.0000E+00 0.0000E+00 5.0433E-08 5.35E-06 6.89E-06   0.125 1.0000 7.0767E-06    975.759
11871.00 0.88328642 1.3701E-28 0.0000E+00 0.0000E+00 5.0198E-08 5.0198E-08 0.0000E+00 0.0000E+00 5.0198E-08 5.33E-06 6.84E-06   0.124 1.0000 7.0212E-06    976.180
11881.00 0.87503725 1.4076E-28 0.0000E+00 0.0000E+00 5.0354E-08 5.0354E-08 0.0000E+00 0.0000E+00 5.0354E-08 5.28E-06 6.90E-06   0.133 1.0000 7.0855E-06    977.035
11891.00 0.87082565 1.3934E-28 0.0000E+00 0.0000E+00 5.0674E-08 5.0674E-08 0.0000E+00 0.0000E+00 5.0674E-08 5.28E-06 6.96E-06   0.138 1.0000 7.1453E-06    978.070
11901.00 0.87739295 1.2531E-28 0.0000E+00 0.0000E+00 5.0706E-08 5.0706E-08 0.0000E+00 0.0000E+00 5.0706E-08 5.31E-06 6.90E-06   0.131 1.0000 7.0928E-06    978.787
11911.00 0.87672871 1.1990E-28 0.0000E+00 0.0000E+00 5.0525E-08 5.0525E-08 0.0000E+00 0.0000E+00 5.0525E-08 5.28E-06 6.87E-06   0.132 1.0000 7.0600E-06    979.268
11921.00 0.86872852 1.2254E-28 0.0000E+00 0.0000E+00 4.8750E-08 4.8750E-08 0.0000E+00 0.0000E+00 4.8750E-08 5.03E-06 6.67E-06   0.141 1.0000 6.8519E-06    977.951
11931.00 0.86812055 1.1707E-28 0.0000E+00 0.0000E+00 5.0558E-08 5.0558E-08 0.0000E+00 0.0000E+00 5.0558E-08 5.21E-06 6.90E-06   0.141 1.0000 7.0928E-06    980.667
11941.00 0.86172754 1.1756E-28 0.0000E+00 0.0000E+00 5.0701E-08 5.0701E-08 0.0000E+00 0.0000E+00 5.0701E-08 5.18E-06 6.95E-06   0.149 1.0000 7.1401E-06    981.506
11951.00 0.86197668 1.1076E-28 0.0000E+00 0.0000E+00 5.0130E-08 5.0130E-08 0.0000E+00 0.0000E+00 5.0130E-08 5.12E-06 6.85E-06   0.149 1.0000 7.0443E-06    981.552
11961.00 0.85003674 1.1485E-28 0.0000E+00 0.0000E+00 5.0153E-08 5.0153E-08 0.0000E+00 0.0000E+00 5.0153E-08 5.05E-06 6.91E-06   0.162 1.0000 7.1078E-06    982.259
11971.00 0.85432690 1.0656E-28 0.0000E+00 0.0000E+00 5.0286E-08 5.0286E-08 0.0000E+00 0.0000E+00 5.0286E-08 5.07E-06 6.90E-06   0.157 1.0000 7.0906E-06    983.088
11981.00 0.85783499 9.7771E-29 0.0000E+00 0.0000E+00 4.9620E-08 4.9620E-08 0.0000E+00 0.0000E+00 4.9620E-08 5.01E-06 6.78E-06   0.153 1.0000 6.9668E-06    983.020
11991.00 0.83009750 1.1138E-28 0.0000E+00 0.0000E+00 4.8604E-08 4.8604E-08 0.0000E+00 0.0000E+00 4.8604E-08 4.76E-06 6.79E-06   0.186 1.0000 6.9804E-06    982.542
12001.00 0.82932764 1.0658E-28 0.0000E+00 0.0000E+00 4.7969E-08 4.7969E-08 0.0000E+00 0.0000E+00 4.7969E-08 4.68E-06 6.70E-06   0.187 1.0000 6.8879E-06    982.485
12011.00 0.81692344 9.9466E-29 0.0000E+00 0.0000E+00 4.8234E-08 4.8234E-08 0.0000E+00 0.0000E+00 4.8234E-08 4.72E-06 6.79E-06   0.202 1.0000 6.9934E-06    983.472
12021.00 0.79771048 1.0716E-28 0.0000E+00 0.0000E+00 4.8030E-08 4.8030E-08 0.0000E+00 0.0000E+00 4.8030E-08 4.58E-06 6.86E-06   0.226 1.0000 7.0695E-06    983.914
12031.00 0.83465379 8.6343E-29 0.0000E+00 0.0000E+00 4.8862E-08 4.8862E-08 0.0000E+00 0.0000E+00 4.8862E-08 4.79E-06 6.75E-06   0.181 1.0000 6.9475E-06    985.556
12041.00 0.80734330 9.1409E-29 0.0000E+00 0.0000E+00 4.8304E-08 4.8304E-08 0.0000E+00 0.0000E+00 4.8304E-08 4.64E-06 6.82E-06   0.214 1.0000 7.0298E-06    985.591
12051.00 0.80297613 8.9465E-29 0.0000E+00 0.0000E+00 4.8280E-08 4.8280E-08 0.0000E+00 0.0000E+00 4.8280E-08 4.61E-06 6.83E-06   0.219 1.0000 7.0419E-06    986.241
12061.00 0.78078538 9.2279E-29 0.0000E+00 0.0000E+00 4.7788E-08 4.7788E-08 0.0000E+00 0.0000E+00 4.7788E-08 4.46E-06 6.89E-06   0.247 1.0000 7.1140E-06    986.346
12071.00 0.78570235 8.3871E-29 0.0000E+00 0.0000E+00 4.8363E-08 4.8363E-08 0.0000E+00 0.0000E+00 4.8363E-08 4.55E-06 6.94E-06   0.241 1.0000 7.1599E-06    987.695
12081.00 0.75633180 9.0900E-29 0.0000E+00 0.0000E+00 4.6801E-08 4.6801E-08 0.0000E+00 0.0000E+00 4.6801E-08 4.25E-06 6.90E-06   0.279 1.0000 7.1226E-06    986.532
12091.00 0.84170383 6.0641E-29 0.0000E+00 0.0000E+00 5.0952E-08 5.0952E-08 0.0000E+00 0.0000E+00 5.0952E-08 4.99E-06 6.92E-06   0.172 1.0000 7.1353E-06    991.993
12101.00 0.81093735 6.7067E-29 0.0000E+00 0.0000E+00 4.9529E-08 4.9529E-08 0.0000E+00 0.0000E+00 4.9529E-08 4.71E-06 6.91E-06   0.210 1.0000 7.1283E-06    991.072
12111.00 0.80719674 6.4549E-29 0.0000E+00 0.0000E+00 4.9123E-08 4.9123E-08 0.0000E+00 0.0000E+00 4.9123E-08 4.65E-06 6.86E-06   0.214 1.0000 7.0848E-06    991.287
12121.00 0.84774983 5.0243E-29 0.0000E+00 0.0000E+00 5.0638E-08 5.0638E-08 0.0000E+00 0.0000E+00 5.0638E-08 4.96E-06 6.81E-06   0.165 1.0000 7.0243E-06    993.683
12131.00 0.81378359 5.8653E-29 0.0000E+00 0.0000E+00 4.9456E-08 4.9456E-08 0.0000E+00 0.0000E+00 4.9456E-08 4.65E-06 6.85E-06   0.206 1.0000 7.0679E-06    993.027
12141.00 0.73515815 7.2720E-29 0.0000E+00 0.0000E+00 4.5402E-08 4.5402E-08 0.0000E+00 0.0000E+00 4.5402E-08 3.98E-06 6.74E-06   0.308 1.0000 6.9714E-06    988.895
12151.00 0.60281789 9.2194E-29 0.0000E+00 0.0000E+00 3.9609E-08 3.9609E-08 0.0000E+00 0.0000E+00 3.9609E-08 3.02E-06 6.76E-06   0.506 1.0000 7.0361E-06    981.983
12161.00 0.79289591 5.4257E-29 0.0000E+00 0.0000E+00 4.7570E-08 4.7570E-08 0.0000E+00 0.0000E+00 4.7570E-08 4.40E-06 6.68E-06   0.232 1.0000 6.9045E-06    992.867
12171.00 0.82703048 4.4425E-29 0.0000E+00 0.0000E+00 4.9400E-08 4.9400E-08 0.0000E+00 0.0000E+00 4.9400E-08 4.69E-06 6.71E-06   0.190 1.0000 6.9343E-06    995.677
12181.00 0.85361737 3.6653E-29 0.0000E+00 0.0000E+00 5.0930E-08 5.0930E-08 0.0000E+00 0.0000E+00 5.0930E-08 4.95E-06 6.74E-06   0.158 1.0000 6.9604E-06    998.086
12191.00 0.76856709 5.0359E-29 0.0000E+00 0.0000E+00 4.6607E-08 4.6607E-08 0.0000E+00 0.0000E+00 4.6607E-08 4.19E-06 6.66E-06   0.263 1.0000 6.9001E-06    993.747
12201.00 0.76391882 4.6848E-29 0.0000E+00 0.0000E+00 4.5899E-08 4.5899E-08 0.0000E+00 0.0000E+00 4.5899E-08 4.12E-06 6.58E-06   0.269 1.0000 6.8274E-06    993.562
12211.00 0.76221925 4.5612E-29 0.0000E+00 0.0000E+00 4.6823E-08 4.6823E-08 0.0000E+00 0.0000E+00 4.6823E-08 4.18E-06 6.71E-06   0.272 1.0000 6.9594E-06    995.360
12221.00 0.71464509 5.1250E-29 0.0000E+00 0.0000E+00 4.4587E-08 4.4587E-08 0.0000E+00 0.0000E+00 4.4587E-08 3.77E-06 6.69E-06   0.336 1.0000 6.9415E-06    993.284
12231.00 0.75641644 4.2748E-29 0.0000E+00 0.0000E+00 4.7891E-08 4.7891E-08 0.0000E+00 0.0000E+00 4.7891E-08 4.24E-06 6.87E-06   0.279 1.0000 7.1216E-06    997.988
12241.00 0.71585286 4.6117E-29 0.0000E+00 0.0000E+00 4.5892E-08 4.5892E-08 0.0000E+00 0.0000E+00 4.5892E-08 3.89E-06 6.83E-06   0.334 1.0000 7.0928E-06    996.257
12251.00 0.72209239 4.2566E-29 0.0000E+00 0.0000E+00 4.6224E-08 4.6224E-08 0.0000E+00 0.0000E+00 4.6224E-08 3.96E-06 6.82E-06   0.326 1.0000 7.0794E-06    997.339
12261.00 0.74191260 4.0172E-29 0.0000E+00 0.0000E+00 4.7345E-08 4.7345E-08 0.0000E+00 0.0000E+00 4.7345E-08 4.07E-06 6.84E-06   0.299 1.0000 7.0894E-06    999.370
12271.00 0.74566621 3.9439E-29 0.0000E+00 0.0000E+00 4.7699E-08 4.7699E-08 0.0000E+00 0.0000E+00 4.7699E-08 4.07E-06 6.85E-06   0.293 1.0000 7.0956E-06   1000.469
12281.00 0.78132653 3.2564E-29 0.0000E+00 0.0000E+00 4.9665E-08 4.9665E-08 0.0000E+00 0.0000E+00 4.9665E-08 4.41E-06 6.88E-06   0.247 1.0000 7.1191E-06   1003.442
12291.00 0.76872510 3.2965E-29 0.0000E+00 0.0000E+00 4.9212E-08 4.9212E-08 0.0000E+00 0.0000E+00 4.9212E-08 4.28E-06 6.90E-06   0.263 1.0000 7.1358E-06   1003.597
12301.00 0.83103263 2.3805E-29 0.0000E+00 0.0000E+00 5.1988E-08 5.1988E-08 0.0000E+00 0.0000E+00 5.1988E-08 4.80E-06 6.87E-06   0.185 1.0000 7.1019E-06   1007.411
12311.00 0.83719838 2.1991E-29 0.0000E+00 0.0000E+00 5.2321E-08 5.2321E-08 0.0000E+00 0.0000E+00 5.2321E-08 4.84E-06 6.87E-06   0.178 1.0000 7.1036E-06   1008.457
12321.00 0.84126890 2.0206E-29 0.0000E+00 0.0000E+00 5.2479E-08 5.2479E-08 0.0000E+00 0.0000E+00 5.2479E-08 4.88E-06 6.86E-06   0.173 1.0000 7.0841E-06   1009.309
12331.00 0.85365069 1.7708E-29 0.0000E+00 0.0000E+00 5.3311E-08 5.3311E-08 0.0000E+00 0.0000E+00 5.3311E-08 5.02E-06 6.87E-06   0.158 1.0000 7.1024E-06   1010.894
12341.00 0.86211145 1.5707E-29 0.0000E+00 0.0000E+00 5.3109E-08 5.3109E-08 0.0000E+00 0.0000E+00 5.3109E-08 5.04E-06 6.79E-06   0.148 1.0000 7.0116E-06   1011.355
12351.00 0.85892999 1.5231E-29 0.0000E+00 0.0000E+00 5.2360E-08 5.2360E-08 0.0000E+00 0.0000E+00 5.2360E-08 4.95E-06 6.70E-06   0.152 1.0000 6.9247E-06   1011.216
12361.00 0.86592758 1.3691E-29 0.0000E+00 0.0000E+00 5.3227E-08 5.3227E-08 0.0000E+00 0.0000E+00 5.3227E-08 5.06E-06 6.76E-06   0.144 1.0000 6.9793E-06   1012.842
12371.00 0.86732495 1.2889E-29 0.0000E+00 0.0000E+00 5.3739E-08 5.3739E-08 0.0000E+00 0.0000E+00 5.3739E-08 5.11E-06 6.80E-06   0.142 1.0000 7.0253E-06   1014.073
12381.00 0.87135196 1.1817E-29 0.0000E+00 0.0000E+00 5.4125E-08 5.4125E-08 0.0000E+00 0.0000E+00 5.4125E-08 5.17E-06 6.81E-06   0.138 1.0000 7.0369E-06   1015.166
12391.00 0.87009728 1.1357E-29 0.0000E+00 0.0000E+00 5.4521E-08 5.4521E-08 0.0000E+00 0.0000E+00 5.4521E-08 5.19E-06 6.86E-06   0.139 1.0000 7.0840E-06   1016.269
12401.00 0.87010986 1.0830E-29 0.0000E+00 0.0000E+00 5.5102E-08 5.5102E-08 0.0000E+00 0.0000E+00 5.5102E-08 5.23E-06 6.92E-06   0.139 1.0000 7.1455E-06   1017.564
12411.00 0.87181747 1.0139E-29 0.0000E+00 0.0000E+00 5.4871E-08 5.4871E-08 0.0000E+00 0.0000E+00 5.4871E-08 5.21E-06 6.87E-06   0.137 1.0000 7.0929E-06   1018.000
12421.00 0.86851281 9.8785E-30 0.0000E+00 0.0000E+00 5.3181E-08 5.3181E-08 0.0000E+00 0.0000E+00 5.3181E-08 5.02E-06 6.67E-06   0.141 1.0000 6.8849E-06   1016.866
12431.00 0.85657376 1.0369E-29 0.0000E+00 0.0000E+00 5.3924E-08 5.3924E-08 0.0000E+00 0.0000E+00 5.3924E-08 5.01E-06 6.82E-06   0.155 1.0000 7.0471E-06   1018.349
12441.00 0.85738707 9.7760E-30 0.0000E+00 0.0000E+00 5.4310E-08 5.4310E-08 0.0000E+00 0.0000E+00 5.4310E-08 5.04E-06 6.85E-06   0.154 1.0000 7.0810E-06   1019.442
12451.00 0.85619462 9.4003E-30 0.0000E+00 0.0000E+00 5.3682E-08 5.3682E-08 0.0000E+00 0.0000E+00 5.3682E-08 4.97E-06 6.77E-06   0.155 1.0000 6.9937E-06   1019.446
12461.00 0.85208654 9.2273E-30 0.0000E+00 0.0000E+00 5.4161E-08 5.4161E-08 0.0000E+00 0.0000E+00 5.4161E-08 4.97E-06 6.85E-06   0.160 1.0000 7.0759E-06   1020.641
12471.00 0.85880703 8.3189E-30 0.0000E+00 0.0000E+00 5.4889E-08 5.4889E-08 0.0000E+00 0.0000E+00 5.4889E-08 5.08E-06 6.88E-06   0.152 1.0000 7.1120E-06   1022.098
12481.00 0.85094982 8.3456E-30 0.0000E+00 0.0000E+00 5.4512E-08 5.4512E-08 0.0000E+00 0.0000E+00 5.4512E-08 4.99E-06 6.87E-06   0.161 1.0000 7.1032E-06   1022.375
12491.00 0.85459578 7.7343E-30 0.0000E+00 0.0000E+00 5.4319E-08 5.4319E-08 0.0000E+00 0.0000E+00 5.4319E-08 4.99E-06 6.81E-06   0.157 1.0000 7.0410E-06   1022.848
12501.00 0.85663515 7.2742E-30 0.0000E+00 0.0000E+00 5.3871E-08 5.3871E-08 0.0000E+00 0.0000E+00 5.3871E-08 4.95E-06 6.73E-06   0.155 1.0000 6.9583E-06   1023.045
12511.00 0.86660641 6.3982E-30 0.0000E+00 0.0000E+00 5.5685E-08 5.5685E-08 0.0000E+00 0.0000E+00 5.5685E-08 5.16E-06 6.89E-06   0.143 1.0000 7.1163E-06   1025.655
12521.00 0.86013466 6.3927E-30 0.0000E+00 0.0000E+00 5.5394E-08 5.5394E-08 0.0000E+00 0.0000E+00 5.5394E-08 5.09E-06 6.88E-06   0.151 1.0000 7.1113E-06   1026.029
12531.00 0.86813861 5.7201E-30 0.0000E+00 0.0000E+00 5.5807E-08 5.5807E-08 0.0000E+00 0.0000E+00 5.5807E-08 5.17E-06 6.87E-06   0.141 1.0000 7.0974E-06   1027.143
12541.00 0.86027527 5.7709E-30 0.0000E+00 0.0000E+00 5.5408E-08 5.5408E-08 0.0000E+00 0.0000E+00 5.5408E-08 5.08E-06 6.86E-06   0.151 1.0000 7.0882E-06   1027.403
12551.00 0.84816808 5.9747E-30 0.0000E+00 0.0000E+00 5.4976E-08 5.4976E-08 0.0000E+00 0.0000E+00 5.4976E-08 4.96E-06 6.86E-06   0.165 1.0000 7.0994E-06   1027.624
12561.00 0.84130132 5.9567E-30 0.0000E+00 0.0000E+00 5.4242E-08 5.4242E-08 0.0000E+00 0.0000E+00 5.4242E-08 4.85E-06 6.81E-06   0.173 1.0000 7.0428E-06   1027.516
12571.00 0.86596137 4.7426E-30 0.0000E+00 0.0000E+00 5.5730E-08 5.5730E-08 0.0000E+00 0.0000E+00 5.5730E-08 5.11E-06 6.82E-06   0.144 1.0000 7.0580E-06   1029.780
12581.00 0.86914104 4.3922E-30 0.0000E+00 0.0000E+00 5.4022E-08 5.4022E-08 0.0000E+00 0.0000E+00 5.4022E-08 4.97E-06 6.59E-06   0.140 1.0000 6.8119E-06   1028.636
12591.00 0.87265664 4.0518E-30 0.0000E+00 0.0000E+00 5.4476E-08 5.4476E-08 0.0000E+00 0.0000E+00 5.4476E-08 5.02E-06 6.61E-06   0.136 1.0000 6.8345E-06   1029.804
12601.00 0.86817342 3.9894E-30 0.0000E+00 0.0000E+00 5.4312E-08 5.4312E-08 0.0000E+00 0.0000E+00 5.4312E-08 4.97E-06 6.60E-06   0.141 1.0000 6.8321E-06   1030.305
12611.00 0.85358888 4.2408E-30 0.0000E+00 0.0000E+00 5.5071E-08 5.5071E-08 0.0000E+00 0.0000E+00 5.5071E-08 4.95E-06 6.77E-06   0.158 1.0000 7.0130E-06   1031.797
12621.00 0.85323137 4.0303E-30 0.0000E+00 0.0000E+00 5.5134E-08 5.5134E-08 0.0000E+00 0.0000E+00 5.5134E-08 4.95E-06 6.77E-06   0.159 1.0000 7.0117E-06   1032.543
12631.00 0.85851103 3.7136E-30 0.0000E+00 0.0000E+00 5.4675E-08 5.4675E-08 0.0000E+00 0.0000E+00 5.4675E-08 4.92E-06 6.67E-06   0.153 1.0000 6.9099E-06   1032.731
12641.00 0.85101575 3.7181E-30 0.0000E+00 0.0000E+00 5.5440E-08 5.5440E-08 0.0000E+00 0.0000E+00 5.5440E-08 4.94E-06 6.80E-06   0.161 1.0000 7.0438E-06   1034.226
12651.00 0.85176384 3.5229E-30 0.0000E+00 0.0000E+00 5.5992E-08 5.5992E-08 0.0000E+00 0.0000E+00 5.5992E-08 4.99E-06 6.85E-06   0.160 1.0000 7.0958E-06   1035.487
12661.00 0.84332830 3.5543E-30 0.0000E+00 0.0000E+00 5.5540E-08 5.5540E-08 0.0000E+00 0.0000E+00 5.5540E-08 4.89E-06 6.84E-06   0.170 1.0000 7.0839E-06   1035.689
12671.00 0.85186499 3.2116E-30 0.0000E+00 0.0000E+00 5.6365E-08 5.6365E-08 0.0000E+00 0.0000E+00 5.6365E-08 5.00E-06 6.87E-06   0.160 1.0000 7.1204E-06   1037.237
12681.00 0.86317569 2.7981E-30 0.0000E+00 0.0000E+00 5.6754E-08 5.6754E-08 0.0000E+00 0.0000E+00 5.6754E-08 5.09E-06 6.84E-06   0.147 1.0000 7.0842E-06   1038.322
12691.00 0.86101735 2.7071E-30 0.0000E+00 0.0000E+00 5.6459E-08 5.6459E-08 0.0000E+00 0.0000E+00 5.6459E-08 5.04E-06 6.80E-06   0.150 1.0000 7.0488E-06   1038.693
12701.00 0.86522841 2.4907E-30 0.0000E+00 0.0000E+00 5.7144E-08 5.7144E-08 0.0000E+00 0.0000E+00 5.7144E-08 5.12E-06 6.85E-06   0.145 1.0000 7.0968E-06   1040.085
12711.00 0.86484152 2.3805E-30 0.0000E+00 0.0000E+00 5.7556E-08 5.7556E-08 0.0000E+00 0.0000E+00 5.7556E-08 5.14E-06 6.89E-06   0.145 1.0000 7.1406E-06   1041.190
12721.00 0.87163752 2.1271E-30 0.0000E+00 0.0000E+00 5.6851E-08 5.6851E-08 0.0000E+00 0.0000E+00 5.6851E-08 5.12E-06 6.75E-06   0.137 1.0000 6.9992E-06   1041.139
12731.00 0.87175459 2.0194E-30 0.0000E+00 0.0000E+00 5.6835E-08 5.6835E-08 0.0000E+00 0.0000E+00 5.6835E-08 5.11E-06 6.74E-06   0.137 1.0000 6.9861E-06   1041.800
12741.00 0.87167519 1.9211E-30 0.0000E+00 0.0000E+00 5.7862E-08 5.7862E-08 0.0000E+00 0.0000E+00 5.7862E-08 5.19E-06 6.85E-06   0.137 1.0000 7.1028E-06   1043.541
12751.00 0.87218893 1.8169E-30 0.0000E+00 0.0000E+00 5.7831E-08 5.7831E-08 0.0000E+00 0.0000E+00 5.7831E-08 5.18E-06 6.83E-06   0.137 1.0000 7.0859E-06   1044.189
12761.00 0.87277240 1.7172E-30 0.0000E+00 0.0000E+00 5.6469E-08 5.6469E-08 0.0000E+00 0.0000E+00 5.6469E-08 5.06E-06 6.65E-06   0.136 1.0000 6.9058E-06   1043.453
12771.00 0.87276798 1.6328E-30 0.0000E+00 0.0000E+00 5.7617E-08 5.7617E-08 0.0000E+00 0.0000E+00 5.7617E-08 5.15E-06 6.78E-06   0.136 1.0000 7.0362E-06   1045.327
12781.00 0.87262535 1.5536E-30 0.0000E+00 0.0000E+00 5.8338E-08 5.8338E-08 0.0000E+00 0.0000E+00 5.8338E-08 5.20E-06 6.85E-06   0.136 1.0000 7.1156E-06   1046.745
12791.00 0.87249571 1.4793E-30 0.0000E+00 0.0000E+00 5.8445E-08 5.8445E-08 0.0000E+00 0.0000E+00 5.8445E-08 5.20E-06 6.85E-06   0.136 1.0000 7.1190E-06   1047.534
12801.00 0.87243950 1.4070E-30 0.0000E+00 0.0000E+00 5.7562E-08 5.7562E-08 0.0000E+00 0.0000E+00 5.7562E-08 5.12E-06 6.74E-06   0.136 1.0000 7.0016E-06   1047.306
12811.00 0.87210751 1.3417E-30 0.0000E+00 0.0000E+00 5.8317E-08 5.8317E-08 0.0000E+00 0.0000E+00 5.8317E-08 5.17E-06 6.82E-06   0.137 1.0000 7.0852E-06   1048.761
12821.00 0.87207943 1.2759E-30 0.0000E+00 0.0000E+00 5.7706E-08 5.7706E-08 0.0000E+00 0.0000E+00 5.7706E-08 5.11E-06 6.73E-06   0.137 1.0000 7.0007E-06   1048.812
12831.00 0.87169927 1.2171E-30 0.0000E+00 0.0000E+00 5.8483E-08 5.8483E-08 0.0000E+00 0.0000E+00 5.8483E-08 5.17E-06 6.82E-06   0.137 1.0000 7.0866E-06   1050.288
12841.00 0.87167305 1.1577E-30 0.0000E+00 0.0000E+00 5.8755E-08 5.8755E-08 0.0000E+00 0.0000E+00 5.8755E-08 5.18E-06 6.84E-06   0.137 1.0000 7.1081E-06   1051.245
12851.00 0.87142813 1.1033E-30 0.0000E+00 0.0000E+00 5.8781E-08 5.8781E-08 0.0000E+00 0.0000E+00 5.8781E-08 5.17E-06 6.83E-06   0.138 1.0000 7.1013E-06   1051.951
12861.00 0.87125325 1.0506E-30 0.0000E+00 0.0000E+00 5.7680E-08 5.7680E-08 0.0000E+00 0.0000E+00 5.7680E-08 5.07E-06 6.69E-06   0.138 1.0000 6.9577E-06   1051.498
12871.00 0.87110263 1.0002E-30 0.0000E+00 0.0000E+00 5.9066E-08 5.9066E-08 0.0000E+00 0.0000E+00 5.9066E-08 5.18E-06 6.84E-06   0.138 1.0000 7.1139E-06   1053.598
12881.00 0.87084562 9.5317E-31 0.0000E+00 0.0000E+00 5.9031E-08 5.9031E-08 0.0000E+00 0.0000E+00 5.9031E-08 5.17E-06 6.83E-06   0.138 1.0000 7.0994E-06   1054.241
12891.00 0.87046635 9.0926E-31 0.0000E+00 0.0000E+00 5.9069E-08 5.9069E-08 0.0000E+00 0.0000E+00 5.9069E-08 5.16E-06 6.82E-06   0.139 1.0000 7.0944E-06   1054.958
12901.00 0.87020528 8.6622E-31 0.0000E+00 0.0000E+00 5.6313E-08 5.6313E-08 0.0000E+00 0.0000E+00 5.6313E-08 4.91E-06 6.49E-06   0.139 1.0000 6.7536E-06   1052.777
12911.00 0.86966079 8.2701E-31 0.0000E+00 0.0000E+00 5.7678E-08 5.7678E-08 0.0000E+00 0.0000E+00 5.7678E-08 5.01E-06 6.64E-06   0.140 1.0000 6.9089E-06   1054.886
12921.00 0.86927080 7.8850E-31 0.0000E+00 0.0000E+00 5.9393E-08 5.9393E-08 0.0000E+00 0.0000E+00 5.9393E-08 5.15E-06 6.83E-06   0.140 1.0000 7.1049E-06   1057.324
12931.00 0.86857647 7.5328E-31 0.0000E+00 0.0000E+00 5.9113E-08 5.9113E-08 0.0000E+00 0.0000E+00 5.9113E-08 5.12E-06 6.79E-06   0.141 1.0000 7.0646E-06   1057.717
12941.00 0.86759108 7.2081E-31 0.0000E+00 0.0000E+00 5.7723E-08 5.7723E-08 0.0000E+00 0.0000E+00 5.7723E-08 4.98E-06 6.63E-06   0.142 1.0000 6.8949E-06   1056.967
12951.00 0.86706358 6.8779E-31 0.0000E+00 0.0000E+00 5.8564E-08 5.8564E-08 0.0000E+00 0.0000E+00 5.8564E-08 5.04E-06 6.72E-06   0.143 1.0000 6.9877E-06   1058.514
12961.00 0.86634773 6.5687E-31 0.0000E+00 0.0000E+00 5.7837E-08 5.7837E-08 0.0000E+00 0.0000E+00 5.7837E-08 4.97E-06 6.63E-06   0.143 1.0000 6.8945E-06   1058.440
12971.00 0.86501747 6.2890E-31 0.0000E+00 0.0000E+00 5.8963E-08 5.8963E-08 0.0000E+00 0.0000E+00 5.8963E-08 5.05E-06 6.75E-06   0.145 1.0000 7.0270E-06   1060.278
12981.00 0.85977483 6.1322E-31 0.0000E+00 0.0000E+00 5.8425E-08 5.8425E-08 0.0000E+00 0.0000E+00 5.8425E-08 4.98E-06 6.71E-06   0.151 1.0000 6.9958E-06   1060.404
12991.00 0.85288143 5.9702E-31 0.0000E+00 0.0000E+00 5.7855E-08 5.7855E-08 0.0000E+00 0.0000E+00 5.7855E-08 4.90E-06 6.67E-06   0.159 1.0000 6.9674E-06   1060.491
13001.00 0.84124732 5.8673E-31 0.0000E+00 0.0000E+00 5.7470E-08 5.7470E-08 0.0000E+00 0.0000E+00 5.7470E-08 4.84E-06 6.67E-06   0.173 1.0000 6.9977E-06   1060.767
13011.00 0.83179563 5.6642E-31 0.0000E+00 0.0000E+00 5.7468E-08 5.7468E-08 0.0000E+00 0.0000E+00 5.7468E-08 4.81E-06 6.70E-06   0.184 1.0000 7.0635E-06   1061.442
13021.00 0.80797619 5.6690E-31 0.0000E+00 0.0000E+00 5.5770E-08 5.5770E-08 0.0000E+00 0.0000E+00 5.5770E-08 4.60E-06 6.62E-06   0.213 1.0000 7.0503E-06   1060.316
13031.00 0.78330344 5.7090E-31 0.0000E+00 0.0000E+00 5.4279E-08 5.4279E-08 0.0000E+00 0.0000E+00 5.4279E-08 4.40E-06 6.58E-06   0.244 1.0000 7.0771E-06   1059.367
13041.00 0.74238431 5.7877E-31 0.0000E+00 0.0000E+00 4.8843E-08 4.8843E-08 0.0000E+00 0.0000E+00 4.8843E-08 3.88E-06 6.10E-06   0.298 1.0000 6.7057E-06   1053.760
13051.00 0.69843996 6.0613E-31 0.0000E+00 0.0000E+00 4.4833E-08 4.4833E-08 0.0000E+00 0.0000E+00 4.4833E-08 3.42E-06 5.90E-06   0.359 1.0000 6.6213E-06   1049.385
13061.00 0.62934405 6.2096E-31 0.0000E+00 0.0000E+00 4.1428E-08 4.1428E-08 0.0000E+00 0.0000E+00 4.1428E-08 3.01E-06 5.86E-06   0.463 1.0000 6.8845E-06   1045.439
13071.00 0.55295557 6.1629E-31 0.0000E+00 0.0000E+00 3.6853E-08 3.6853E-08 0.0000E+00 0.0000E+00 3.6853E-08 2.53E-06 5.67E-06   0.592 1.0000 7.1115E-06   1039.341
13081.00 0.48627508 6.0736E-31 0.0000E+00 0.0000E+00 3.1712E-08 3.1712E-08 0.0000E+00 0.0000E+00 3.1712E-08 2.05E-06 5.35E-06   0.721 1.0000 7.1104E-06   1031.440
13091.00 0.40666071 5.8798E-31 0.0000E+00 0.0000E+00 2.5699E-08 2.5699E-08 0.0000E+00 0.0000E+00 2.5699E-08 1.51E-06 4.91E-06   0.900 1.0000 7.1062E-06   1020.344
13101.00 0.36679691 5.5813E-31 0.0000E+00 0.0000E+00 2.2412E-08 2.2412E-08 0.0000E+00 0.0000E+00 2.2412E-08 1.23E-06 4.63E-06   1.003 1.0000 7.1028E-06   1013.484
13111.00 0.39606312 5.3445E-31 0.0000E+00 0.0000E+00 2.3804E-08 2.3804E-08 0.0000E+00 0.0000E+00 2.3804E-08 1.33E-06 4.70E-06   0.926 1.0000 7.0290E-06   1017.429
13121.00 0.60961044 4.4518E-31 0.0000E+00 0.0000E+00 3.7823E-08 3.7823E-08 0.0000E+00 0.0000E+00 3.7823E-08 2.69E-06 5.48E-06   0.495 1.0000 6.7816E-06   1044.155
13131.00 0.36171862 4.8888E-31 0.0000E+00 0.0000E+00 2.1356E-08 2.1356E-08 0.0000E+00 0.0000E+00 2.1356E-08 1.14E-06 4.53E-06   1.017 1.0000 6.9749E-06   1012.804
13141.00 0.17307389 4.4226E-31 0.0000E+00 0.0000E+00 9.6137E-09 9.6137E-09 0.0000E+00 0.0000E+00 9.6137E-09 2.56E-07 3.52E-06   1.754 1.0000 7.0062E-06    971.872
13151.00 0.16390227 4.0577E-31 0.0000E+00 0.0000E+00 1.0184E-08 1.0184E-08 0.0000E+00 0.0000E+00 1.0184E-08 2.90E-07 3.52E-06   1.808 1.0000 6.9759E-06    975.389
13161.00 0.35660991 4.3959E-31 0.0000E+00 0.0000E+00 2.4854E-08 2.4854E-08 0.0000E+00 0.0000E+00 2.4854E-08 1.38E-06 4.91E-06   1.031 1.0000 7.0394E-06   1023.062
13171.00 0.80251229 2.6853E-31 0.0000E+00 0.0000E+00 5.6491E-08 5.6491E-08 0.0000E+00 0.0000E+00 5.6491E-08 4.54E-06 6.56E-06   0.220 1.0000 7.0248E-06   1071.226
13181.00 0.86317229 2.2338E-31 0.0000E+00 0.0000E+00 5.9378E-08 5.9378E-08 0.0000E+00 0.0000E+00 5.9378E-08 4.89E-06 6.58E-06   0.147 1.0000 6.8540E-06   1074.930
13191.00 0.86438388 2.1116E-31 0.0000E+00 0.0000E+00 6.0990E-08 6.0990E-08 0.0000E+00 0.0000E+00 6.0990E-08 5.02E-06 6.74E-06   0.146 1.0000 7.0170E-06   1077.242
13201.00 0.86429524 2.0097E-31 0.0000E+00 0.0000E+00 6.0741E-08 6.0741E-08 0.0000E+00 0.0000E+00 6.0741E-08 4.99E-06 6.70E-06   0.146 1.0000 6.9786E-06   1077.669
13211.00 0.86415631 1.9128E-31 0.0000E+00 0.0000E+00 6.0812E-08 6.0812E-08 0.0000E+00 0.0000E+00 6.0812E-08 4.99E-06 6.70E-06   0.146 1.0000 6.9776E-06   1078.418
13221.00 0.86390907 1.8224E-31 0.0000E+00 0.0000E+00 6.0693E-08 6.0693E-08 0.0000E+00 0.0000E+00 6.0693E-08 4.97E-06 6.67E-06   0.146 1.0000 6.9558E-06   1078.976
13231.00 0.86364317 1.7365E-31 0.0000E+00 0.0000E+00 6.0436E-08 6.0436E-08 0.0000E+00 0.0000E+00 6.0436E-08 4.94E-06 6.64E-06   0.147 1.0000 6.9184E-06   1079.393
13241.00 0.86342341 1.6539E-31 0.0000E+00 0.0000E+00 6.1516E-08 6.1516E-08 0.0000E+00 0.0000E+00 6.1516E-08 5.02E-06 6.74E-06   0.147 1.0000 7.0339E-06   1081.155
13251.00 0.86323088 1.5749E-31 0.0000E+00 0.0000E+00 6.1765E-08 6.1765E-08 0.0000E+00 0.0000E+00 6.1765E-08 5.03E-06 6.76E-06   0.147 1.0000 7.0541E-06   1082.081
13261.00 0.86289418 1.5015E-31 0.0000E+00 0.0000E+00 6.2018E-08 6.2018E-08 0.0000E+00 0.0000E+00 6.2018E-08 5.04E-06 6.78E-06   0.147 1.0000 7.0756E-06   1083.010
13271.00 0.86274767 1.4292E-31 0.0000E+00 0.0000E+00 6.1449E-08 6.1449E-08 0.0000E+00 0.0000E+00 6.1449E-08 4.98E-06 6.71E-06   0.148 1.0000 7.0026E-06   1083.121
13281.00 0.86250204 1.3615E-31 0.0000E+00 0.0000E+00 6.0976E-08 6.0976E-08 0.0000E+00 0.0000E+00 6.0976E-08 4.93E-06 6.65E-06   0.148 1.0000 6.9412E-06   1083.323
13291.00 0.86224329 1.2971E-31 0.0000E+00 0.0000E+00 6.0824E-08 6.0824E-08 0.0000E+00 0.0000E+00 6.0824E-08 4.91E-06 6.62E-06   0.148 1.0000 6.9165E-06   1083.846
13301.00 0.86190796 1.2365E-31 0.0000E+00 0.0000E+00 6.1700E-08 6.1700E-08 0.0000E+00 0.0000E+00 6.1700E-08 4.97E-06 6.71E-06   0.149 1.0000 7.0096E-06   1085.404
13311.00 0.86174923 1.1772E-31 0.0000E+00 0.0000E+00 5.9889E-08 5.9889E-08 0.0000E+00 0.0000E+00 5.9889E-08 4.82E-06 6.50E-06   0.149 1.0000 6.7959E-06   1084.249
13321.00 0.86126989 1.1235E-31 0.0000E+00 0.0000E+00 6.1783E-08 6.1783E-08 0.0000E+00 0.0000E+00 6.1783E-08 4.96E-06 6.70E-06   0.149 1.0000 7.0050E-06   1086.841
13331.00 0.86112511 1.0696E-31 0.0000E+00 0.0000E+00 6.1286E-08 6.1286E-08 0.0000E+00 0.0000E+00 6.1286E-08 4.91E-06 6.63E-06   0.150 1.0000 6.9407E-06   1087.020
13341.00 0.86093563 1.0184E-31 0.0000E+00 0.0000E+00 5.9958E-08 5.9958E-08 0.0000E+00 0.0000E+00 5.9958E-08 4.79E-06 6.48E-06   0.150 1.0000 6.7825E-06   1086.348
13351.00 0.86078244 9.6935E-32 0.0000E+00 0.0000E+00 6.1870E-08 6.1870E-08 0.0000E+00 0.0000E+00 6.1870E-08 4.94E-06 6.68E-06   0.150 1.0000 6.9903E-06   1088.958
13361.00 0.86054450 9.2344E-32 0.0000E+00 0.0000E+00 6.1578E-08 6.1578E-08 0.0000E+00 0.0000E+00 6.1578E-08 4.90E-06 6.64E-06   0.150 1.0000 6.9490E-06   1089.343
13371.00 0.86010867 8.8131E-32 0.0000E+00 0.0000E+00 6.1588E-08 6.1588E-08 0.0000E+00 0.0000E+00 6.1588E-08 4.89E-06 6.63E-06   0.151 1.0000 6.9428E-06   1090.029
13381.00 0.85980570 8.3991E-32 0.0000E+00 0.0000E+00 6.2018E-08 6.2018E-08 0.0000E+00 0.0000E+00 6.2018E-08 4.92E-06 6.67E-06   0.151 1.0000 6.9829E-06   1091.136
13391.00 0.85955000 8.0023E-32 0.0000E+00 0.0000E+00 6.2120E-08 6.2120E-08 0.0000E+00 0.0000E+00 6.2120E-08 4.92E-06 6.67E-06   0.151 1.0000 6.9856E-06   1091.915
13401.00 0.85923409 7.6298E-32 0.0000E+00 0.0000E+00 6.1715E-08 6.1715E-08 0.0000E+00 0.0000E+00 6.1715E-08 4.87E-06 6.62E-06   0.152 1.0000 6.9311E-06   1092.187
13411.00 0.85852981 7.2987E-32 0.0000E+00 0.0000E+00 6.2363E-08 6.2363E-08 0.0000E+00 0.0000E+00 6.2363E-08 4.91E-06 6.68E-06   0.153 1.0000 6.9973E-06   1093.510
13421.00 0.85870796 6.9274E-32 0.0000E+00 0.0000E+00 6.1123E-08 6.1123E-08 0.0000E+00 0.0000E+00 6.1123E-08 4.81E-06 6.53E-06   0.152 1.0000 6.8463E-06   1092.943
13431.00 0.85774183 6.6434E-32 0.0000E+00 0.0000E+00 6.0388E-08 6.0388E-08 0.0000E+00 0.0000E+00 6.0388E-08 4.73E-06 6.45E-06   0.153 1.0000 6.7587E-06   1092.871
13441.00 0.85730422 6.3416E-32 0.0000E+00 0.0000E+00 6.2427E-08 6.2427E-08 0.0000E+00 0.0000E+00 6.2427E-08 4.88E-06 6.66E-06   0.154 1.0000 6.9782E-06   1095.603
13451.00 0.85777771 6.0017E-32 0.0000E+00 0.0000E+00 6.2573E-08 6.2573E-08 0.0000E+00 0.0000E+00 6.2573E-08 4.89E-06 6.66E-06   0.153 1.0000 6.9805E-06   1096.426
13461.00 0.85458827 5.8654E-32 0.0000E+00 0.0000E+00 6.1907E-08 6.1907E-08 0.0000E+00 0.0000E+00 6.1907E-08 4.81E-06 6.60E-06   0.157 1.0000 6.9145E-06   1096.437
13471.00 0.85391963 5.6109E-32 0.0000E+00 0.0000E+00 5.9781E-08 5.9781E-08 0.0000E+00 0.0000E+00 5.9781E-08 4.63E-06 6.37E-06   0.158 1.0000 6.6706E-06   1094.947
13481.00 0.85350412 5.3495E-32 0.0000E+00 0.0000E+00 5.9902E-08 5.9902E-08 0.0000E+00 0.0000E+00 5.9902E-08 4.63E-06 6.37E-06   0.158 1.0000 6.6756E-06   1095.748
13491.00 0.84970069 5.2466E-32 0.0000E+00 0.0000E+00 5.9641E-08 5.9641E-08 0.0000E+00 0.0000E+00 5.9641E-08 4.58E-06 6.35E-06   0.163 1.0000 6.6588E-06   1096.153
13501.00 0.85279667 4.8670E-32 0.0000E+00 0.0000E+00 6.1632E-08 6.1632E-08 0.0000E+00 0.0000E+00 6.1632E-08 4.74E-06 6.54E-06   0.159 1.0000 6.8511E-06   1098.865
13511.00 0.84739059 4.8217E-32 0.0000E+00 0.0000E+00 6.1389E-08 6.1389E-08 0.0000E+00 0.0000E+00 6.1389E-08 4.68E-06 6.53E-06   0.166 1.0000 6.8479E-06   1099.295
13521.00 0.84074479 4.8162E-32 0.0000E+00 0.0000E+00 6.1167E-08 6.1167E-08 0.0000E+00 0.0000E+00 6.1167E-08 4.62E-06 6.54E-06   0.173 1.0000 6.8549E-06   1099.745
13531.00 0.84292090 4.5126E-32 0.0000E+00 0.0000E+00 5.9419E-08 5.9419E-08 0.0000E+00 0.0000E+00 5.9419E-08 4.49E-06 6.33E-06   0.171 1.0000 6.6352E-06   1098.620
13541.00 0.83473372 4.5324E-32 0.0000E+00 0.0000E+00 6.0795E-08 6.0795E-08 0.0000E+00 0.0000E+00 6.0795E-08 4.54E-06 6.51E-06   0.181 1.0000 6.8288E-06   1100.717
13551.00 0.84254658 4.0890E-32 0.0000E+00 0.0000E+00 6.2573E-08 6.2573E-08 0.0000E+00 0.0000E+00 6.2573E-08 4.71E-06 6.65E-06   0.171 1.0000 6.9678E-06   1103.188
13561.00 0.83393848 4.1063E-32 0.0000E+00 0.0000E+00 6.2282E-08 6.2282E-08 0.0000E+00 0.0000E+00 6.2282E-08 4.64E-06 6.66E-06   0.182 1.0000 6.9805E-06   1103.572
13571.00 0.82460833 4.1563E-32 0.0000E+00 0.0000E+00 6.1408E-08 6.1408E-08 0.0000E+00 0.0000E+00 6.1408E-08 4.51E-06 6.61E-06   0.193 1.0000 6.9293E-06   1103.366
13581.00 0.82119602 4.0207E-32 0.0000E+00 0.0000E+00 6.0727E-08 6.0727E-08 0.0000E+00 0.0000E+00 6.0727E-08 4.44E-06 6.55E-06   0.197 1.0000 6.8674E-06   1103.346
13591.00 0.83105350 3.5998E-32 0.0000E+00 0.0000E+00 6.1023E-08 6.1023E-08 0.0000E+00 0.0000E+00 6.1023E-08 4.50E-06 6.51E-06   0.185 1.0000 6.8280E-06   1104.325
13601.00 0.82520032 3.5775E-32 0.0000E+00 0.0000E+00 6.1635E-08 6.1635E-08 0.0000E+00 0.0000E+00 6.1635E-08 4.50E-06 6.59E-06   0.192 1.0000 6.9178E-06   1105.622
13611.00 0.82430488 3.4059E-32 0.0000E+00 0.0000E+00 6.2250E-08 6.2250E-08 0.0000E+00 0.0000E+00 6.2250E-08 4.54E-06 6.66E-06   0.193 1.0000 6.9838E-06   1106.918
13621.00 0.83973205 2.9221E-32 0.0000E+00 0.0000E+00 6.3395E-08 6.3395E-08 0.0000E+00 0.0000E+00 6.3395E-08 4.70E-06 6.67E-06   0.175 1.0000 7.0039E-06   1108.735
13631.00 0.80923468 3.3382E-32 0.0000E+00 0.0000E+00 6.1157E-08 6.1157E-08 0.0000E+00 0.0000E+00 6.1157E-08 4.38E-06 6.60E-06   0.212 1.0000 6.9291E-06   1107.160
13641.00 0.81716704 3.0650E-32 0.0000E+00 0.0000E+00 6.0648E-08 6.0648E-08 0.0000E+00 0.0000E+00 6.0648E-08 4.36E-06 6.49E-06   0.202 1.0000 6.8141E-06   1107.313
13651.00 0.81956536 2.8441E-32 0.0000E+00 0.0000E+00 6.0929E-08 6.0929E-08 0.0000E+00 0.0000E+00 6.0929E-08 4.39E-06 6.50E-06   0.199 1.0000 6.8293E-06   1108.276
13661.00 0.76748049 3.4578E-32 0.0000E+00 0.0000E+00 5.8882E-08 5.8882E-08 0.0000E+00 0.0000E+00 5.8882E-08 4.00E-06 6.58E-06   0.265 1.0000 6.9146E-06   1106.817
13671.00 0.76436228 3.3705E-32 0.0000E+00 0.0000E+00 5.8274E-08 5.8274E-08 0.0000E+00 0.0000E+00 5.8274E-08 3.91E-06 6.52E-06   0.269 1.0000 6.8594E-06   1106.843
13681.00 0.77063602 3.0516E-32 0.0000E+00 0.0000E+00 5.7771E-08 5.7771E-08 0.0000E+00 0.0000E+00 5.7771E-08 3.93E-06 6.42E-06   0.261 1.0000 6.7477E-06   1106.975
13691.00 0.74303442 3.2437E-32 0.0000E+00 0.0000E+00 5.7889E-08 5.7889E-08 0.0000E+00 0.0000E+00 5.7889E-08 3.80E-06 6.59E-06   0.297 1.0000 6.9298E-06   1107.776
13701.00 0.78378564 2.6664E-32 0.0000E+00 0.0000E+00 5.9913E-08 5.9913E-08 0.0000E+00 0.0000E+00 5.9913E-08 4.10E-06 6.55E-06   0.244 1.0000 6.8895E-06   1110.594
13711.00 0.71862954 3.1375E-32 0.0000E+00 0.0000E+00 5.3808E-08 5.3808E-08 0.0000E+00 0.0000E+00 5.3808E-08 3.43E-06 6.25E-06   0.330 1.0000 6.5819E-06   1104.581
13721.00 0.78386420 2.3067E-32 0.0000E+00 0.0000E+00 5.8039E-08 5.8039E-08 0.0000E+00 0.0000E+00 5.8039E-08 4.01E-06 6.32E-06   0.244 1.0000 6.6556E-06   1109.954
13731.00 0.76405102 2.4387E-32 0.0000E+00 0.0000E+00 5.8558E-08 5.8558E-08 0.0000E+00 0.0000E+00 5.8558E-08 3.90E-06 6.51E-06   0.269 1.0000 6.8519E-06   1111.183
13741.00 0.69337022 2.8891E-32 0.0000E+00 0.0000E+00 5.4976E-08 5.4976E-08 0.0000E+00 0.0000E+00 5.4976E-08 3.38E-06 6.53E-06   0.366 1.0000 6.8890E-06   1107.922
13751.00 0.77361214 2.0873E-32 0.0000E+00 0.0000E+00 6.0384E-08 6.0384E-08 0.0000E+00 0.0000E+00 6.0384E-08 4.08E-06 6.62E-06   0.257 1.0000 6.9714E-06   1114.453
13761.00 0.72589207 2.3104E-32 0.0000E+00 0.0000E+00 5.7115E-08 5.7115E-08 0.0000E+00 0.0000E+00 5.7115E-08 3.67E-06 6.54E-06   0.320 1.0000 6.9003E-06   1111.642
13771.00 0.75881118 2.0881E-32 0.0000E+00 0.0000E+00 5.8557E-08 5.8557E-08 0.0000E+00 0.0000E+00 5.8557E-08 3.84E-06 6.48E-06   0.276 1.0000 6.8340E-06   1113.872
13781.00 0.71853906 2.1457E-32 0.0000E+00 0.0000E+00 5.7056E-08 5.7056E-08 0.0000E+00 0.0000E+00 5.7056E-08 3.63E-06 6.55E-06   0.331 1.0000 6.9166E-06   1112.920
13791.00 0.74603295 1.9190E-32 0.0000E+00 0.0000E+00 5.8353E-08 5.8353E-08 0.0000E+00 0.0000E+00 5.8353E-08 3.79E-06 6.52E-06   0.293 1.0000 6.8767E-06   1114.999
13801.00 0.71565884 1.8912E-32 0.0000E+00 0.0000E+00 5.6789E-08 5.6789E-08 0.0000E+00 0.0000E+00 5.6789E-08 3.63E-06 6.51E-06   0.335 1.0000 6.8804E-06   1113.970
13811.00 0.73218137 1.7194E-32 0.0000E+00 0.0000E+00 5.7838E-08 5.7838E-08 0.0000E+00 0.0000E+00 5.7838E-08 3.75E-06 6.52E-06   0.312 1.0000 6.8949E-06   1115.787
13821.00 0.69824588 1.8325E-32 0.0000E+00 0.0000E+00 5.6332E-08 5.6332E-08 0.0000E+00 0.0000E+00 5.6332E-08 3.49E-06 6.56E-06   0.359 1.0000 6.9471E-06   1114.808
13831.00 0.78961164 1.3055E-32 0.0000E+00 0.0000E+00 6.1181E-08 6.1181E-08 0.0000E+00 0.0000E+00 6.1181E-08 4.16E-06 6.52E-06   0.236 1.0000 6.8800E-06   1120.665
13841.00 0.80231106 1.1625E-32 0.0000E+00 0.0000E+00 6.0063E-08 6.0063E-08 0.0000E+00 0.0000E+00 6.0063E-08 4.15E-06 6.31E-06   0.220 1.0000 6.6572E-06   1120.176
13851.00 0.80492622 1.1124E-32 0.0000E+00 0.0000E+00 6.2087E-08 6.2087E-08 0.0000E+00 0.0000E+00 6.2087E-08 4.26E-06 6.51E-06   0.217 1.0000 6.8689E-06   1122.941
13861.00 0.80719894 1.0440E-32 0.0000E+00 0.0000E+00 6.2120E-08 6.2120E-08 0.0000E+00 0.0000E+00 6.2120E-08 4.27E-06 6.48E-06   0.214 1.0000 6.8448E-06   1123.649
13871.00 0.73643517 1.2528E-32 0.0000E+00 0.0000E+00 5.6009E-08 5.6009E-08 0.0000E+00 0.0000E+00 5.6009E-08 3.60E-06 6.24E-06   0.306 1.0000 6.6067E-06   1117.801
13881.00 0.67283189 1.4198E-32 0.0000E+00 0.0000E+00 5.4390E-08 5.4390E-08 0.0000E+00 0.0000E+00 5.4390E-08 3.25E-06 6.45E-06   0.396 1.0000 6.8443E-06   1116.637
13891.00 0.69818366 1.3266E-32 0.0000E+00 0.0000E+00 5.5431E-08 5.5431E-08 0.0000E+00 0.0000E+00 5.5431E-08 3.36E-06 6.39E-06   0.359 1.0000 6.7708E-06   1118.492
13901.00 0.68740404 1.2899E-32 0.0000E+00 0.0000E+00 5.3660E-08 5.3660E-08 0.0000E+00 0.0000E+00 5.3660E-08 3.21E-06 6.24E-06   0.375 1.0000 6.6271E-06   1117.133
13911.00 0.65535784 1.2870E-32 0.0000E+00 0.0000E+00 5.1794E-08 5.1794E-08 0.0000E+00 0.0000E+00 5.1794E-08 3.02E-06 6.20E-06   0.423 1.0000 6.5880E-06   1115.597
13921.00 0.71784359 1.0386E-32 0.0000E+00 0.0000E+00 5.6023E-08 5.6023E-08 0.0000E+00 0.0000E+00 5.6023E-08 3.50E-06 6.29E-06   0.332 1.0000 6.6696E-06   1121.168
13931.00 0.69892418 1.1049E-32 0.0000E+00 0.0000E+00 5.6164E-08 5.6164E-08 0.0000E+00 0.0000E+00 5.6164E-08 3.38E-06 6.41E-06   0.358 1.0000 6.7975E-06   1121.997
13941.00 0.71361804 1.0438E-32 0.0000E+00 0.0000E+00 5.8164E-08 5.8164E-08 0.0000E+00 0.0000E+00 5.8164E-08 3.51E-06 6.53E-06   0.337 1.0000 6.9216E-06   1124.870
13951.00 0.77587372 7.9730E-33 0.0000E+00 0.0000E+00 5.9225E-08 5.9225E-08 0.0000E+00 0.0000E+00 5.9225E-08 3.83E-06 6.27E-06   0.254 1.0000 6.6387E-06   1126.682
13961.00 0.82211918 5.9405E-33 0.0000E+00 0.0000E+00 6.3545E-08 6.3545E-08 0.0000E+00 0.0000E+00 6.3545E-08 4.35E-06 6.44E-06   0.196 1.0000 6.8145E-06   1131.826
13971.00 0.82999456 5.3522E-33 0.0000E+00 0.0000E+00 6.4338E-08 6.4338E-08 0.0000E+00 0.0000E+00 6.4338E-08 4.45E-06 6.46E-06   0.186 1.0000 6.8419E-06   1133.292
13981.00 0.82552648 5.2218E-33 0.0000E+00 0.0000E+00 6.2359E-08 6.2359E-08 0.0000E+00 0.0000E+00 6.2359E-08 4.28E-06 6.28E-06   0.192 1.0000 6.6525E-06   1131.972
13991.00 0.83178300 4.7488E-33 0.0000E+00 0.0000E+00 6.3257E-08 6.3257E-08 0.0000E+00 0.0000E+00 6.3257E-08 4.37E-06 6.32E-06   0.184 1.0000 6.6990E-06   1133.557
14001.00 0.83486736 4.4211E-33 0.0000E+00 0.0000E+00 6.5388E-08 6.5388E-08 0.0000E+00 0.0000E+00 6.5388E-08 4.53E-06 6.51E-06   0.180 1.0000 6.8966E-06   1136.351
14011.00 0.83731830 4.1287E-33 0.0000E+00 0.0000E+00 6.5288E-08 6.5288E-08 0.0000E+00 0.0000E+00 6.5288E-08 4.53E-06 6.47E-06   0.178 1.0000 6.8603E-06   1136.926
14021.00 0.83469629 4.0077E-33 0.0000E+00 0.0000E+00 6.3749E-08 6.3749E-08 0.0000E+00 0.0000E+00 6.3749E-08 4.40E-06 6.33E-06   0.181 1.0000 6.7046E-06   1136.073
14031.00 0.83895195 3.6938E-33 0.0000E+00 0.0000E+00 6.5066E-08 6.5066E-08 0.0000E+00 0.0000E+00 6.5066E-08 4.51E-06 6.42E-06   0.176 1.0000 6.8054E-06   1138.056
14041.00 0.83743227 3.5452E-33 0.0000E+00 0.0000E+00 6.4960E-08 6.4960E-08 0.0000E+00 0.0000E+00 6.4960E-08 4.49E-06 6.41E-06   0.177 1.0000 6.7943E-06   1138.625
14051.00 0.83861148 3.3431E-33 0.0000E+00 0.0000E+00 6.5044E-08 6.5044E-08 0.0000E+00 0.0000E+00 6.5044E-08 4.49E-06 6.40E-06   0.176 1.0000 6.7860E-06   1139.382
14061.00 0.83601266 3.2399E-33 0.0000E+00 0.0000E+00 6.5118E-08 6.5118E-08 0.0000E+00 0.0000E+00 6.5118E-08 4.47E-06 6.41E-06   0.179 1.0000 6.8011E-06   1140.129
14071.00 0.83455992 3.1111E-33 0.0000E+00 0.0000E+00 6.6189E-08 6.6189E-08 0.0000E+00 0.0000E+00 6.6189E-08 4.53E-06 6.52E-06   0.181 1.0000 6.9130E-06   1141.852
14081.00 0.83327305 2.9858E-33 0.0000E+00 0.0000E+00 6.6285E-08 6.6285E-08 0.0000E+00 0.0000E+00 6.6285E-08 4.52E-06 6.53E-06   0.182 1.0000 6.9222E-06   1142.619
14091.00 0.83526444 2.8022E-33 0.0000E+00 0.0000E+00 6.5803E-08 6.5803E-08 0.0000E+00 0.0000E+00 6.5803E-08 4.49E-06 6.45E-06   0.180 1.0000 6.8480E-06   1142.824
14101.00 0.83299118 2.7038E-33 0.0000E+00 0.0000E+00 6.4983E-08 6.4983E-08 0.0000E+00 0.0000E+00 6.4983E-08 4.42E-06 6.38E-06   0.183 1.0000 6.7686E-06   1142.689
14111.00 0.83611161 2.5120E-33 0.0000E+00 0.0000E+00 6.4987E-08 6.4987E-08 0.0000E+00 0.0000E+00 6.4987E-08 4.43E-06 6.35E-06   0.179 1.0000 6.7405E-06   1143.367
14121.00 0.82751578 2.5354E-33 0.0000E+00 0.0000E+00 6.6403E-08 6.6403E-08 0.0000E+00 0.0000E+00 6.6403E-08 4.46E-06 6.53E-06   0.189 1.0000 6.9338E-06   1145.431
14131.00 0.82993263 2.3731E-33 0.0000E+00 0.0000E+00 6.6422E-08 6.6422E-08 0.0000E+00 0.0000E+00 6.6422E-08 4.47E-06 6.51E-06   0.186 1.0000 6.9114E-06   1146.123
14141.00 0.83290178 2.2070E-33 0.0000E+00 0.0000E+00 6.4363E-08 6.4363E-08 0.0000E+00 0.0000E+00 6.4363E-08 4.34E-06 6.28E-06   0.183 1.0000 6.6690E-06   1144.765
14151.00 0.82512057 2.2127E-33 0.0000E+00 0.0000E+00 6.5597E-08 6.5597E-08 0.0000E+00 0.0000E+00 6.5597E-08 4.38E-06 6.43E-06   0.192 1.0000 6.8364E-06   1146.663
14161.00 0.82525694 2.0960E-33 0.0000E+00 0.0000E+00 6.5590E-08 6.5590E-08 0.0000E+00 0.0000E+00 6.5590E-08 4.37E-06 6.42E-06   0.192 1.0000 6.8263E-06   1147.330
14171.00 0.82084054 2.0471E-33 0.0000E+00 0.0000E+00 6.5367E-08 6.5367E-08 0.0000E+00 0.0000E+00 6.5367E-08 4.33E-06 6.42E-06   0.197 1.0000 6.8218E-06   1147.783
14181.00 0.81855673 1.9808E-33 0.0000E+00 0.0000E+00 6.6222E-08 6.6222E-08 0.0000E+00 0.0000E+00 6.6222E-08 4.36E-06 6.50E-06   0.200 1.0000 6.9162E-06   1149.296
14191.00 0.83088154 1.7370E-33 0.0000E+00 0.0000E+00 6.6921E-08 6.6921E-08 0.0000E+00 0.0000E+00 6.6921E-08 4.47E-06 6.49E-06   0.185 1.0000 6.9005E-06   1150.651
14201.00 0.80949122 1.8706E-33 0.0000E+00 0.0000E+00 6.4820E-08 6.4820E-08 0.0000E+00 0.0000E+00 6.4820E-08 4.22E-06 6.40E-06   0.211 1.0000 6.8083E-06   1149.258
14211.00 0.83089817 1.5661E-33 0.0000E+00 0.0000E+00 6.6135E-08 6.6135E-08 0.0000E+00 0.0000E+00 6.6135E-08 4.41E-06 6.39E-06   0.185 1.0000 6.7993E-06   1151.232
14221.00 0.81782854 1.6084E-33 0.0000E+00 0.0000E+00 6.5417E-08 6.5417E-08 0.0000E+00 0.0000E+00 6.5417E-08 4.29E-06 6.39E-06   0.201 1.0000 6.7995E-06   1151.197
14231.00 0.80054140 1.6879E-33 0.0000E+00 0.0000E+00 6.3397E-08 6.3397E-08 0.0000E+00 0.0000E+00 6.3397E-08 4.06E-06 6.28E-06   0.222 1.0000 6.6909E-06   1149.841
14241.00 0.81122601 1.5126E-33 0.0000E+00 0.0000E+00 6.4569E-08 6.4569E-08 0.0000E+00 0.0000E+00 6.4569E-08 4.18E-06 6.32E-06   0.209 1.0000 6.7352E-06   1151.698
14251.00 0.80391270 1.4988E-33 0.0000E+00 0.0000E+00 6.2806E-08 6.2806E-08 0.0000E+00 0.0000E+00 6.2806E-08 4.03E-06 6.18E-06   0.218 1.0000 6.5845E-06   1150.580
14261.00 0.81364298 1.3584E-33 0.0000E+00 0.0000E+00 6.5072E-08 6.5072E-08 0.0000E+00 0.0000E+00 6.5072E-08 4.20E-06 6.34E-06   0.206 1.0000 6.7582E-06   1153.545
14271.00 0.79647005 1.4116E-33 0.0000E+00 0.0000E+00 6.3687E-08 6.3687E-08 0.0000E+00 0.0000E+00 6.3687E-08 4.02E-06 6.30E-06   0.228 1.0000 6.7184E-06   1152.823
14281.00 0.81027460 1.2415E-33 0.0000E+00 0.0000E+00 6.4695E-08 6.4695E-08 0.0000E+00 0.0000E+00 6.4695E-08 4.16E-06 6.30E-06   0.210 1.0000 6.7221E-06   1154.512
 -9999.
