T F 2    2    2    1    2    2    2    2    2    2    1    0    0 294.200   0.40
    1    1    1    0   18    0  10.00000   0.00000   0.00000   0.00000   0.00000
   1.000  10.000   0.140
 -99.00000 -99.00000 -99.00000  2.922432  0.000710 ! H2O & O3 COLUMNS [GM/CM2]
   40MID-LATITUDE SUMMER 
  15.00000   0.00000 180.00000  15.00000   0.00000   0.00000    0        0.00000
    0    2    1    0
   0.00000   0.00000   0.00000  45.00269   0.00000 270.00000   0.00000   0.00000
    9091.0   14286.0      10.0      10.0RN              
    0   0    0.000  0    0.000  0    1.000
    FREQ  TOT_TRANS  PTH_THRML  THRML_SCT  SURF_EMIS   SOL_SCAT  SING_SCAT  GRND_RFLT  DRCT_RFLT  TOTAL_RAD  REF_SOL  SOL@OBS   DEPTH DIR_EM    TOA_SUN BBODY_T[K]
 9091.00 0.52399647 8.6360E-21            1.3830E-20 1.0209E-07 1.4229E-08 2.4151E-07 1.5700E-07 3.4361E-07 1.74E-06 7.37E-06   0.646 0.6000 7.3883E-06    885.421
 9101.00 0.55148578 7.8216E-21            1.3900E-20 1.1234E-07 1.4441E-08 2.6035E-07 1.6662E-07 3.7270E-07 1.85E-06 7.19E-06   0.595 0.6000 7.2084E-06    891.098
 9111.00 0.58465582 6.8902E-21            1.4066E-20 1.3403E-07 1.5267E-08 3.0070E-07 1.8900E-07 4.3474E-07 2.10E-06 7.21E-06   0.537 0.6000 7.2268E-06    901.320
 9121.00 0.58434618 6.5381E-21            1.3464E-20 1.3421E-07 1.5256E-08 3.0062E-07 1.8878E-07 4.3484E-07 2.10E-06 7.19E-06   0.537 0.6000 7.2128E-06    902.119
 9131.00 0.57739562 6.3636E-21            1.2692E-20 1.2909E-07 1.5027E-08 2.9022E-07 1.8255E-07 4.1931E-07 2.03E-06 7.15E-06   0.549 0.6000 7.1706E-06    900.654
 9141.00 0.61189836 5.6219E-21            1.2847E-20 1.4161E-07 1.5155E-08 3.1282E-07 1.9469E-07 4.5443E-07 2.16E-06 6.86E-06   0.491 0.6000 6.8786E-06    906.434
 9151.00 0.57876652 5.7824E-21            1.1616E-20 1.3679E-07 1.5487E-08 3.0354E-07 1.9069E-07 4.4033E-07 2.12E-06 7.30E-06   0.547 0.6000 7.3243E-06    905.255
 9161.00 0.64269537 4.6632E-21            1.2321E-20 1.7562E-07 1.7105E-08 3.7706E-07 2.3138E-07 5.5268E-07 2.57E-06 7.38E-06   0.442 0.6000 7.4023E-06    920.418
 9171.00 0.60280126 4.9462E-21            1.1045E-20 1.5254E-07 1.6358E-08 3.3488E-07 2.0831E-07 4.8742E-07 2.31E-06 7.44E-06   0.506 0.6000 7.4596E-06    913.201
 9181.00 0.62022239 4.5563E-21            1.0853E-20 1.5828E-07 1.6474E-08 3.4520E-07 2.1360E-07 5.0347E-07 2.37E-06 7.32E-06   0.478 0.6000 7.3374E-06    916.044
 9191.00 0.64013785 4.0979E-21            1.0705E-20 1.7235E-07 1.6919E-08 3.6893E-07 2.2608E-07 5.4128E-07 2.51E-06 7.29E-06   0.446 0.6000 7.3153E-06    921.460
 9201.00 0.61342734 4.2257E-21            9.8062E-21 1.5408E-07 1.6182E-08 3.3507E-07 2.0755E-07 4.8915E-07 2.30E-06 7.21E-06   0.489 0.6000 7.2365E-06    915.792
 9211.00 0.61637384 4.0011E-21            9.4000E-21 1.6262E-07 1.6881E-08 3.5194E-07 2.1739E-07 5.1456E-07 2.41E-06 7.48E-06   0.484 0.6000 7.5017E-06    919.802
 9221.00 0.63062197 3.6794E-21            9.1986E-21 1.6886E-07 1.7064E-08 3.6288E-07 2.2289E-07 5.3173E-07 2.48E-06 7.42E-06   0.461 0.6000 7.4389E-06    922.695
 9231.00 0.62855607 3.5278E-21            8.7517E-21 1.6569E-07 1.6648E-08 3.5442E-07 2.1777E-07 5.2011E-07 2.42E-06 7.23E-06   0.464 0.6000 7.2538E-06    922.069
 9241.00 0.64475083 3.2068E-21            8.5839E-21 1.7605E-07 1.7012E-08 3.7238E-07 2.2711E-07 5.4842E-07 2.52E-06 7.22E-06   0.439 0.6000 7.2418E-06    926.268
 9251.00 0.63029689 3.2126E-21            8.0149E-21 1.6913E-07 1.7014E-08 3.6155E-07 2.2193E-07 5.3068E-07 2.46E-06 7.34E-06   0.462 0.6000 7.3662E-06    924.942
 9261.00 0.63788331 2.9904E-21            7.7457E-21 1.7814E-07 1.7453E-08 3.7692E-07 2.3023E-07 5.5506E-07 2.56E-06 7.44E-06   0.450 0.6000 7.4664E-06    928.631
 9271.00 0.64963681 2.7488E-21            7.5402E-21 1.8334E-07 1.7444E-08 3.8412E-07 2.3326E-07 5.6746E-07 2.59E-06 7.32E-06   0.431 0.6000 7.3400E-06    930.858
 9281.00 0.62856400 2.8018E-21            6.9684E-21 1.7357E-07 1.7370E-08 3.6727E-07 2.2447E-07 5.4084E-07 2.49E-06 7.48E-06   0.464 0.6000 7.5074E-06    928.539
 9291.00 0.65176916 2.4833E-21            6.9033E-21 1.8978E-07 1.7898E-08 3.9536E-07 2.3943E-07 5.8514E-07 2.66E-06 7.46E-06   0.428 0.6000 7.4866E-06    934.445
 9301.00 0.64116609 2.4599E-21            6.4901E-21 1.7784E-07 1.7299E-08 3.7352E-07 2.2732E-07 5.5135E-07 2.52E-06 7.30E-06   0.444 0.6000 7.3267E-06    931.369
 9311.00 0.64671808 2.3024E-21            6.2503E-21 1.8606E-07 1.7762E-08 3.8801E-07 2.3523E-07 5.7408E-07 2.61E-06 7.43E-06   0.436 0.6000 7.4561E-06    934.788
 9321.00 0.64488542 2.2073E-21            5.9568E-21 1.8125E-07 1.7464E-08 3.7857E-07 2.2938E-07 5.5983E-07 2.55E-06 7.33E-06   0.439 0.6000 7.3505E-06    933.944
 9331.00 0.64607608 2.0971E-21            5.6998E-21 1.8587E-07 1.7828E-08 3.8732E-07 2.3435E-07 5.7319E-07 2.60E-06 7.46E-06   0.437 0.6000 7.4831E-06    936.274
 9341.00 0.64586759 1.9981E-21            5.4447E-21 1.8535E-07 1.7760E-08 3.8564E-07 2.3312E-07 5.7099E-07 2.59E-06 7.42E-06   0.437 0.6000 7.4501E-06    936.817
 9351.00 0.64160085 1.9332E-21            5.1662E-21 1.7469E-07 1.6975E-08 3.6479E-07 2.2080E-07 5.3948E-07 2.45E-06 7.13E-06   0.444 0.6000 7.1583E-06    933.915
 9361.00 0.64442658 1.8161E-21            4.9577E-21 1.8266E-07 1.7567E-08 3.8003E-07 2.2943E-07 5.6269E-07 2.55E-06 7.35E-06   0.439 0.6000 7.3810E-06    937.446
 9371.00 0.64299375 1.7416E-21            4.7254E-21 1.8423E-07 1.7790E-08 3.8321E-07 2.3131E-07 5.6744E-07 2.57E-06 7.45E-06   0.442 0.6000 7.4787E-06    938.787
 9381.00 0.64432544 1.6531E-21            4.5238E-21 1.8499E-07 1.7765E-08 3.8355E-07 2.3118E-07 5.6854E-07 2.57E-06 7.41E-06   0.440 0.6000 7.4430E-06    939.707
 9391.00 0.64291012 1.5879E-21            4.3121E-21 1.8735E-07 1.8067E-08 3.8821E-07 2.3395E-07 5.7555E-07 2.60E-06 7.54E-06   0.442 0.6000 7.5710E-06    941.302
 9401.00 0.64477849 1.5091E-21            4.1314E-21 1.8829E-07 1.8024E-08 3.8849E-07 2.3381E-07 5.7678E-07 2.60E-06 7.49E-06   0.439 0.6000 7.5142E-06    942.235
 9411.00 0.64422852 1.4476E-21            3.9434E-21 1.8789E-07 1.8011E-08 3.8696E-07 2.3278E-07 5.7484E-07 2.59E-06 7.47E-06   0.440 0.6000 7.4958E-06    942.807
 9421.00 0.64575613 1.3773E-21            3.7761E-21 1.8947E-07 1.8051E-08 3.8869E-07 2.3354E-07 5.7817E-07 2.59E-06 7.45E-06   0.437 0.6000 7.4780E-06    943.978
 9431.00 0.64612877 1.3155E-21            3.6094E-21 1.8938E-07 1.8003E-08 3.8745E-07 2.3261E-07 5.7683E-07 2.58E-06 7.41E-06   0.437 0.6000 7.4376E-06    944.618
 9441.00 0.64637130 1.2574E-21            3.4494E-21 1.8964E-07 1.8001E-08 3.8702E-07 2.3218E-07 5.7666E-07 2.58E-06 7.39E-06   0.436 0.6000 7.4170E-06    945.391
 9451.00 0.64700747 1.2011E-21            3.2984E-21 1.9161E-07 1.8136E-08 3.8984E-07 2.3369E-07 5.8144E-07 2.60E-06 7.42E-06   0.435 0.6000 7.4469E-06    946.728
 9461.00 0.64791197 1.1463E-21            3.1554E-21 1.9617E-07 1.8499E-08 3.9781E-07 2.3826E-07 5.9399E-07 2.65E-06 7.54E-06   0.434 0.6000 7.5672E-06    948.930
 9471.00 0.64852571 1.0948E-21            3.0172E-21 1.9741E-07 1.8565E-08 3.9912E-07 2.3886E-07 5.9652E-07 2.65E-06 7.54E-06   0.433 0.6000 7.5686E-06    950.005
 9481.00 0.64914745 1.0441E-21            2.8851E-21 1.9845E-07 1.8611E-08 4.0004E-07 2.3923E-07 5.9849E-07 2.66E-06 7.54E-06   0.432 0.6000 7.5627E-06    951.017
 9491.00 0.64958334 9.9706E-22            2.7579E-21 1.9781E-07 1.8511E-08 3.9772E-07 2.3767E-07 5.9554E-07 2.64E-06 7.47E-06   0.431 0.6000 7.5010E-06    951.482
 9501.00 0.64964622 9.5333E-22            2.6349E-21 1.9950E-07 1.8655E-08 4.0028E-07 2.3905E-07 5.9978E-07 2.65E-06 7.52E-06   0.431 0.6000 7.5429E-06    952.747
 9511.00 0.64980423 9.1126E-22            2.5176E-21 2.0039E-07 1.8716E-08 4.0115E-07 2.3942E-07 6.0154E-07 2.66E-06 7.52E-06   0.431 0.6000 7.5499E-06    953.734
 9521.00 0.64995718 8.7038E-22            2.4056E-21 2.0094E-07 1.8745E-08 4.0140E-07 2.3941E-07 6.0234E-07 2.66E-06 7.52E-06   0.431 0.6000 7.5456E-06    954.615
 9531.00 0.64991963 8.3179E-22            2.2979E-21 2.0181E-07 1.8818E-08 4.0242E-07 2.3988E-07 6.0424E-07 2.66E-06 7.53E-06   0.431 0.6000 7.5615E-06    955.618
 9541.00 0.65013307 7.9527E-22            2.1958E-21 2.0266E-07 1.8870E-08 4.0309E-07 2.4012E-07 6.0575E-07 2.67E-06 7.54E-06   0.431 0.6000 7.5625E-06    956.577
 9551.00 0.65001923 7.6033E-22            2.0972E-21 2.0115E-07 1.8726E-08 3.9938E-07 2.3776E-07 6.0053E-07 2.64E-06 7.47E-06   0.431 0.6000 7.4917E-06    956.793
 9561.00 0.64991891 7.2677E-22            2.0031E-21 1.9941E-07 1.8559E-08 3.9522E-07 2.3515E-07 5.9463E-07 2.61E-06 7.39E-06   0.431 0.6000 7.4123E-06    956.928
 9571.00 0.64969528 6.9501E-22            1.9129E-21 2.0339E-07 1.8934E-08 4.0248E-07 2.3935E-07 6.0587E-07 2.66E-06 7.52E-06   0.431 0.6000 7.5504E-06    958.969
 9581.00 0.64965057 6.6414E-22            1.8271E-21 2.0414E-07 1.8994E-08 4.0322E-07 2.3964E-07 6.0736E-07 2.66E-06 7.53E-06   0.431 0.6000 7.5610E-06    959.926
 9591.00 0.64931411 6.3525E-22            1.7445E-21 2.0291E-07 1.8892E-08 4.0024E-07 2.3775E-07 6.0315E-07 2.64E-06 7.48E-06   0.432 0.6000 7.5108E-06    960.254
 9601.00 0.64889151 6.0776E-22            1.6654E-21 2.0480E-07 1.9087E-08 4.0346E-07 2.3955E-07 6.0826E-07 2.66E-06 7.55E-06   0.432 0.6000 7.5795E-06    961.610
 9611.00 0.64885736 5.8064E-22            1.5907E-21 2.0406E-07 1.9007E-08 4.0128E-07 2.3810E-07 6.0534E-07 2.64E-06 7.51E-06   0.433 0.6000 7.5350E-06    962.079
 9621.00 0.64858556 5.5523E-22            1.5189E-21 2.0413E-07 1.9020E-08 4.0081E-07 2.3770E-07 6.0494E-07 2.64E-06 7.50E-06   0.433 0.6000 7.5299E-06    962.828
 9631.00 0.64828408 5.3102E-22            1.4503E-21 2.0419E-07 1.9034E-08 4.0031E-07 2.3728E-07 6.0450E-07 2.63E-06 7.50E-06   0.433 0.6000 7.5249E-06    963.570
 9641.00 0.64800006 5.0759E-22            1.3847E-21 2.0305E-07 1.8934E-08 3.9750E-07 2.3548E-07 6.0055E-07 2.61E-06 7.45E-06   0.434 0.6000 7.4759E-06    963.923
 9651.00 0.64757639 4.8580E-22            1.3219E-21 2.0620E-07 1.9247E-08 4.0310E-07 2.3869E-07 6.0930E-07 2.65E-06 7.56E-06   0.435 0.6000 7.5893E-06    965.684
 9661.00 0.64773625 4.6387E-22            1.2630E-21 2.0446E-07 1.9059E-08 3.9885E-07 2.3600E-07 6.0330E-07 2.62E-06 7.47E-06   0.434 0.6000 7.4997E-06    965.812
 9671.00 0.64704138 4.4418E-22            1.2052E-21 2.0427E-07 1.9079E-08 3.9808E-07 2.3546E-07 6.0235E-07 2.61E-06 7.48E-06   0.435 0.6000 7.5015E-06    966.497
 9681.00 0.64681107 4.2469E-22            1.1508E-21 2.0397E-07 1.9053E-08 3.9686E-07 2.3460E-07 6.0083E-07 2.61E-06 7.45E-06   0.436 0.6000 7.4807E-06    967.119
 9691.00 0.64606208 4.0665E-22            1.0981E-21 2.0658E-07 1.9337E-08 4.0156E-07 2.3730E-07 6.0814E-07 2.64E-06 7.56E-06   0.437 0.6000 7.5873E-06    968.723
 9701.00 0.64541143 3.8941E-22            1.0478E-21 2.0609E-07 1.9326E-08 4.0018E-07 2.3639E-07 6.0626E-07 2.63E-06 7.55E-06   0.438 0.6000 7.5768E-06    969.306
 9711.00 0.64530486 3.7207E-22            1.0007E-21 2.0601E-07 1.9315E-08 3.9938E-07 2.3578E-07 6.0538E-07 2.62E-06 7.53E-06   0.438 0.6000 7.5604E-06    969.999
 9721.00 0.64303267 3.5814E-22            9.5253E-22 2.0427E-07 1.9299E-08 3.9632E-07 2.3404E-07 6.0059E-07 2.60E-06 7.54E-06   0.442 0.6000 7.5664E-06    970.255
 9731.00 0.64076090 3.4459E-22            9.0669E-22 2.0362E-07 1.9376E-08 3.9533E-07 2.3354E-07 5.9895E-07 2.59E-06 7.58E-06   0.445 0.6000 7.6088E-06    970.860
 9741.00 0.64311814 3.2663E-22            8.6922E-22 2.0611E-07 1.9441E-08 3.9843E-07 2.3497E-07 6.0454E-07 2.61E-06 7.57E-06   0.441 0.6000 7.5946E-06    972.277
 9751.00 0.64260799 3.1251E-22            8.2961E-22 2.0631E-07 1.9489E-08 3.9841E-07 2.3485E-07 6.0473E-07 2.61E-06 7.58E-06   0.442 0.6000 7.6062E-06    973.088
 9761.00 0.64027464 3.0064E-22            7.8973E-22 2.0426E-07 1.9421E-08 3.9453E-07 2.3265E-07 5.9879E-07 2.58E-06 7.56E-06   0.446 0.6000 7.5918E-06    973.213
 9771.00 0.63541549 2.9184E-22            7.4842E-22 2.0006E-07 1.9345E-08 3.8785E-07 2.2903E-07 5.8791E-07 2.54E-06 7.58E-06   0.453 0.6000 7.6047E-06    972.766
 9781.00 0.64130032 2.7345E-22            7.2158E-22 2.0424E-07 1.9333E-08 3.9272E-07 2.3117E-07 5.9696E-07 2.57E-06 7.49E-06   0.444 0.6000 7.5202E-06    974.586
 9791.00 0.64098752 2.6154E-22            6.8889E-22 2.0409E-07 1.9341E-08 3.9198E-07 2.3061E-07 5.9607E-07 2.56E-06 7.49E-06   0.445 0.6000 7.5133E-06    975.274
 9801.00 0.64114141 2.4960E-22            6.5824E-22 2.0530E-07 1.9425E-08 3.9346E-07 2.3131E-07 5.9877E-07 2.57E-06 7.50E-06   0.445 0.6000 7.5312E-06    976.368
 9811.00 0.63581544 2.4238E-22            6.2346E-22 1.9864E-07 1.9094E-08 3.8160E-07 2.2458E-07 5.8024E-07 2.49E-06 7.42E-06   0.453 0.6000 7.4494E-06    975.035
 9821.00 0.64213765 2.2706E-22            6.0149E-22 2.0753E-07 1.9544E-08 3.9585E-07 2.3231E-07 6.0338E-07 2.58E-06 7.51E-06   0.443 0.6000 7.5386E-06    978.466
 9831.00 0.63952136 2.1874E-22            5.7218E-22 2.0563E-07 1.9541E-08 3.9274E-07 2.3059E-07 5.9838E-07 2.56E-06 7.53E-06   0.447 0.6000 7.5540E-06    978.691
 9841.00 0.64066428 2.0816E-22            5.4752E-22 2.0681E-07 1.9553E-08 3.9372E-07 2.3093E-07 6.0053E-07 2.56E-06 7.50E-06   0.445 0.6000 7.5312E-06    979.724
 9851.00 0.63795167 2.0056E-22            5.2076E-22 2.0429E-07 1.9496E-08 3.8950E-07 2.2857E-07 5.9379E-07 2.54E-06 7.50E-06   0.449 0.6000 7.5270E-06    979.748
 9861.00 0.63929695 1.9078E-22            4.9843E-22 2.0766E-07 1.9713E-08 3.9459E-07 2.3123E-07 6.0225E-07 2.57E-06 7.55E-06   0.447 0.6000 7.5825E-06    981.495
 9871.00 0.63946015 1.8209E-22            4.7625E-22 2.0859E-07 1.9773E-08 3.9554E-07 2.3163E-07 6.0413E-07 2.57E-06 7.56E-06   0.447 0.6000 7.5902E-06    982.496
 9881.00 0.63530272 1.7619E-22            4.5193E-22 2.0482E-07 1.9688E-08 3.8944E-07 2.2831E-07 5.9426E-07 2.54E-06 7.56E-06   0.454 0.6000 7.5923E-06    982.165
 9891.00 0.63801306 1.6693E-22            4.3352E-22 2.0809E-07 1.9811E-08 3.9387E-07 2.3048E-07 6.0196E-07 2.56E-06 7.57E-06   0.449 0.6000 7.5945E-06    983.828
 9901.00 0.62902045 1.6387E-22            4.0830E-22 1.9969E-07 1.9619E-08 3.8126E-07 2.2391E-07 5.8095E-07 2.49E-06 7.58E-06   0.464 0.6000 7.6106E-06    982.205
 9911.00 0.62808329 1.5700E-22            3.8929E-22 1.9893E-07 1.9571E-08 3.7911E-07 2.2253E-07 5.7804E-07 2.47E-06 7.56E-06   0.465 0.6000 7.5896E-06    982.651
 9921.00 0.63338518 1.4760E-22            3.7502E-22 2.0502E-07 1.9784E-08 3.8768E-07 2.2685E-07 5.9269E-07 2.52E-06 7.57E-06   0.457 0.6000 7.5966E-06    985.137
 9931.00 0.63669348 1.3954E-22            3.6008E-22 2.0752E-07 1.9801E-08 3.9052E-07 2.2803E-07 5.9804E-07 2.53E-06 7.52E-06   0.451 0.6000 7.5522E-06    986.535
 9941.00 0.63483995 1.3405E-22            3.4294E-22 1.9938E-07 1.9126E-08 3.7519E-07 2.1913E-07 5.7457E-07 2.43E-06 7.27E-06   0.454 0.6000 7.3019E-06    984.602
 9951.00 0.63442296 1.2828E-22            3.2734E-22 1.9521E-07 1.8745E-08 3.6677E-07 2.1409E-07 5.6198E-07 2.38E-06 7.12E-06   0.455 0.6000 7.1481E-06    983.887
 9961.00 0.63247830 1.2322E-22            3.1166E-22 2.0342E-07 1.9631E-08 3.8204E-07 2.2300E-07 5.8546E-07 2.48E-06 7.47E-06   0.458 0.6000 7.4944E-06    987.449
 9971.00 0.63244689 1.1772E-22            2.9776E-22 2.0557E-07 1.9857E-08 3.8576E-07 2.2511E-07 5.9133E-07 2.50E-06 7.54E-06   0.458 0.6000 7.5675E-06    988.916
 9981.00 0.62048888 1.1684E-22            2.7893E-22 1.9578E-07 1.9711E-08 3.7175E-07 2.1828E-07 5.6753E-07 2.42E-06 7.60E-06   0.477 0.6000 7.6271E-06    986.908
 9991.00 0.63497686 1.0658E-22            2.7267E-22 2.1067E-07 2.0142E-08 3.9277E-07 2.2859E-07 6.0344E-07 2.54E-06 7.59E-06   0.454 0.6000 7.6202E-06    991.874
10001.00 0.63105965 1.0308E-22            2.5884E-22 2.0603E-07 1.9960E-08 3.8501E-07 2.2431E-07 5.9104E-07 2.49E-06 7.55E-06   0.460 0.6000 7.5822E-06    991.241
10011.00 0.63278919 9.7948E-23            2.4789E-22 2.0860E-07 2.0081E-08 3.8850E-07 2.2604E-07 5.9709E-07 2.51E-06 7.57E-06   0.458 0.6000 7.5949E-06    992.724
10021.00 0.63345009 9.3306E-23            2.3702E-22 2.1038E-07 2.0179E-08 3.9074E-07 2.2711E-07 6.0112E-07 2.52E-06 7.58E-06   0.457 0.6000 7.6120E-06    993.971
10031.00 0.63348031 8.9150E-23            2.2639E-22 2.1089E-07 2.0217E-08 3.9093E-07 2.2705E-07 6.0182E-07 2.52E-06 7.58E-06   0.457 0.6000 7.6128E-06    994.838
10041.00 0.63234019 8.5494E-23            2.1585E-22 2.0960E-07 2.0175E-08 3.8843E-07 2.2557E-07 5.9803E-07 2.50E-06 7.57E-06   0.458 0.6000 7.5964E-06    995.191
10051.00 0.63360631 8.1276E-23            2.0657E-22 2.1163E-07 2.0253E-08 3.9089E-07 2.2670E-07 6.0252E-07 2.52E-06 7.57E-06   0.456 0.6000 7.5992E-06    996.491
10061.00 0.63055408 7.8394E-23            1.9636E-22 2.0913E-07 2.0227E-08 3.8685E-07 2.2450E-07 5.9598E-07 2.49E-06 7.58E-06   0.461 0.6000 7.6105E-06    996.527
10071.00 0.61560071 7.8342E-23            1.8309E-22 1.9585E-07 1.9818E-08 3.6562E-07 2.1331E-07 5.6147E-07 2.37E-06 7.57E-06   0.485 0.6000 7.6024E-06    993.236
10081.00 0.62820876 7.2090E-23            1.7845E-22 2.0680E-07 2.0153E-08 3.8217E-07 2.2173E-07 5.8897E-07 2.46E-06 7.55E-06   0.465 0.6000 7.5822E-06    997.288
10091.00 0.62187344 7.0155E-23            1.6875E-22 2.0081E-07 1.9952E-08 3.7223E-07 2.1634E-07 5.7304E-07 2.40E-06 7.53E-06   0.475 0.6000 7.5624E-06    996.195
10101.00 0.60844761 6.9836E-23            1.5765E-22 1.8731E-07 1.9471E-08 3.5036E-07 2.0460E-07 5.3767E-07 2.27E-06 7.48E-06   0.497 0.6000 7.5113E-06    992.640
10111.00 0.62496161 6.3519E-23            1.5467E-22 2.0244E-07 1.9933E-08 3.7329E-07 2.1646E-07 5.7573E-07 2.40E-06 7.46E-06   0.470 0.6000 7.4926E-06    998.083
10121.00 0.60771459 6.3767E-23            1.4372E-22 1.9152E-07 1.9777E-08 3.5689E-07 2.0860E-07 5.4841E-07 2.32E-06 7.56E-06   0.498 0.6000 7.5886E-06    995.547
10131.00 0.60036755 6.2319E-23            1.3549E-22 1.8371E-07 1.9493E-08 3.4409E-07 2.0167E-07 5.2780E-07 2.24E-06 7.52E-06   0.510 0.6000 7.5528E-06    993.726
10141.00 0.61307645 5.7418E-23            1.3223E-22 1.9420E-07 1.9875E-08 3.5993E-07 2.0945E-07 5.5414E-07 2.33E-06 7.53E-06   0.489 0.6000 7.5589E-06    997.819
10151.00 0.56664282 6.2194E-23            1.1677E-22 1.5917E-07 1.8795E-08 3.0548E-07 1.8267E-07 4.6466E-07 2.03E-06 7.56E-06   0.568 0.6000 7.5928E-06    986.719
10161.00 0.58034265 5.6998E-23            1.1412E-22 1.7098E-07 1.9117E-08 3.2234E-07 1.9023E-07 4.9331E-07 2.11E-06 7.54E-06   0.544 0.6000 7.5665E-06    991.503
10171.00 0.55091673 5.7505E-23            1.0359E-22 1.5581E-07 1.8446E-08 2.9522E-07 1.7597E-07 4.5103E-07 1.95E-06 7.54E-06   0.596 0.6000 7.5666E-06    986.287
10181.00 0.54505044 5.6170E-23            9.7750E-23 1.4881E-07 1.8366E-08 2.8508E-07 1.7105E-07 4.3390E-07 1.90E-06 7.57E-06   0.607 0.6000 7.6043E-06    984.492
10191.00 0.56547046 5.1337E-23            9.6896E-23 1.6104E-07 1.8909E-08 3.0581E-07 1.8151E-07 4.6685E-07 2.02E-06 7.58E-06   0.570 0.6000 7.6154E-06    990.133
10201.00 0.50364524 5.4493E-23            8.2491E-23 1.2862E-07 1.7269E-08 2.4649E-07 1.4949E-07 3.7511E-07 1.66E-06 7.52E-06   0.686 0.6000 7.5497E-06    976.485
10211.00 0.48479110 5.3520E-23            7.5751E-23 1.1700E-07 1.6713E-08 2.2589E-07 1.3806E-07 3.4289E-07 1.53E-06 7.48E-06   0.724 0.6000 7.5097E-06    971.448
10221.00 0.49373758 5.0323E-23            7.3729E-23 1.2252E-07 1.7001E-08 2.3551E-07 1.4331E-07 3.5803E-07 1.59E-06 7.50E-06   0.706 0.6000 7.5283E-06    974.994
10231.00 0.53516436 4.4955E-23            7.6309E-23 1.4544E-07 1.8141E-08 2.7563E-07 1.6483E-07 4.2107E-07 1.83E-06 7.53E-06   0.625 0.6000 7.5645E-06    986.362
10241.00 0.44074857 4.8153E-23            6.0096E-23 1.0124E-07 1.5708E-08 1.9274E-07 1.1796E-07 2.9399E-07 1.31E-06 7.48E-06   0.819 0.6000 7.5088E-06    963.932
10251.00 0.45845026 4.5913E-23            5.9576E-23 1.0727E-07 1.6323E-08 2.0551E-07 1.2624E-07 3.1278E-07 1.40E-06 7.57E-06   0.780 0.6000 7.5975E-06    968.614
10261.00 0.45753136 4.3282E-23            5.6894E-23 1.0652E-07 1.6012E-08 2.0234E-07 1.2309E-07 3.0886E-07 1.37E-06 7.44E-06   0.782 0.6000 7.4726E-06    968.572
10271.00 0.45327631 4.1423E-23            5.3689E-23 1.0749E-07 1.6056E-08 2.0272E-07 1.2293E-07 3.1021E-07 1.37E-06 7.47E-06   0.791 0.6000 7.4992E-06    969.607
10281.00 0.49691933 3.7938E-23            5.6265E-23 1.2547E-07 1.7340E-08 2.3784E-07 1.4336E-07 3.6331E-07 1.59E-06 7.55E-06   0.699 0.6000 7.5867E-06    980.528
10291.00 0.51883018 3.4099E-23            5.6139E-23 1.4285E-07 1.7994E-08 2.6587E-07 1.5736E-07 4.0872E-07 1.75E-06 7.57E-06   0.656 0.6000 7.6000E-06    989.012
10301.00 0.52585357 3.2279E-23            5.4406E-23 1.4552E-07 1.8047E-08 2.7026E-07 1.5979E-07 4.1579E-07 1.77E-06 7.50E-06   0.643 0.6000 7.5360E-06    990.914
10311.00 0.51017833 3.2326E-23            5.0314E-23 1.3452E-07 1.7822E-08 2.5292E-07 1.5128E-07 3.8744E-07 1.68E-06 7.55E-06   0.673 0.6000 7.5858E-06    987.025
10321.00 0.50073159 3.1242E-23            4.7253E-23 1.2821E-07 1.7507E-08 2.4145E-07 1.4461E-07 3.6966E-07 1.61E-06 7.53E-06   0.692 0.6000 7.5612E-06    984.714
10331.00 0.50828362 2.8328E-23            4.5719E-23 1.4079E-07 1.7660E-08 2.5855E-07 1.5217E-07 3.9934E-07 1.69E-06 7.48E-06   0.677 0.6000 7.5159E-06    990.549
10341.00 0.38298738 3.1606E-23            3.3068E-23 8.1984E-08 1.4681E-08 1.5312E-07 9.4973E-08 2.3511E-07 1.05E-06 7.52E-06   0.960 0.6000 7.5583E-06    957.519
10351.00 0.36478657 3.1410E-23            2.9885E-23 6.8096E-08 1.3927E-08 1.2938E-07 8.2406E-08 1.9748E-07 9.15E-07 7.38E-06   1.008 0.6000 7.4168E-06    947.632
10361.00 0.36623153 2.9523E-23            2.8749E-23 6.8850E-08 1.4231E-08 1.3298E-07 8.5055E-08 2.0183E-07 9.45E-07 7.48E-06   1.004 0.6000 7.5170E-06    949.688
10371.00 0.33355486 2.7015E-23            2.4976E-23 7.1184E-08 1.3593E-08 1.2964E-07 8.0214E-08 2.0083E-07 8.91E-07 7.47E-06   1.098 0.6000 7.4998E-06    950.129
10381.00 0.38330516 2.6090E-23            2.7447E-23 8.3626E-08 1.4734E-08 1.5424E-07 9.4516E-08 2.3787E-07 1.05E-06 7.47E-06   0.959 0.6000 7.5039E-06    961.229
10391.00 0.27907065 2.6607E-23            1.9032E-23 4.9235E-08 1.2235E-08 8.5130E-08 5.4766E-08 1.3436E-07 6.08E-07 7.45E-06   1.276 0.6000 7.4884E-06    927.876
10401.00 0.34771177 2.5090E-23            2.2724E-23 7.0272E-08 1.4157E-08 1.2801E-07 8.0362E-08 1.9828E-07 8.92E-07 7.56E-06   1.056 0.6000 7.5955E-06    951.580
10411.00 0.31275359 2.3906E-23            1.9467E-23 5.7428E-08 1.3000E-08 1.0276E-07 6.5120E-08 1.6019E-07 7.23E-07 7.45E-06   1.162 0.6000 7.4817E-06    939.576
10421.00 0.22556905 2.2864E-23            1.3472E-23 3.5550E-08 1.1174E-08 5.7565E-08 3.8479E-08 9.3114E-08 4.27E-07 7.55E-06   1.489 0.6000 7.5892E-06    909.368
10431.00 0.27963406 2.1265E-23            1.5851E-23 5.1930E-08 1.2528E-08 9.0220E-08 5.7211E-08 1.4215E-07 6.35E-07 7.57E-06   1.274 0.6000 7.6090E-06    934.044
10441.00 0.34855789 2.0176E-23            1.8907E-23 6.9453E-08 1.3976E-08 1.2634E-07 7.8527E-08 1.9579E-07 8.72E-07 7.47E-06   1.054 0.6000 7.5062E-06    953.775
10451.00 0.22663698 1.9647E-23            1.1743E-23 3.9600E-08 1.1183E-08 6.1781E-08 3.9244E-08 1.0138E-07 4.36E-07 7.48E-06   1.484 0.6000 7.5160E-06    916.234
10461.00 0.23168442 1.8560E-23            1.1484E-23 4.0471E-08 1.1261E-08 6.4732E-08 4.1372E-08 1.0520E-07 4.59E-07 7.45E-06   1.462 0.6000 7.4884E-06    919.022
10471.00 0.24912946 1.8168E-23            1.1792E-23 3.7716E-08 1.1045E-08 6.2099E-08 4.0476E-08 9.9815E-08 4.49E-07 7.06E-06   1.390 0.6000 7.0966E-06    916.797
10481.00 0.27325645 1.7421E-23            1.2296E-23 4.5395E-08 1.2106E-08 7.6713E-08 4.9211E-08 1.2211E-07 5.46E-07 7.36E-06   1.297 0.6000 7.3966E-06    928.906
10491.00 0.23873670 1.6418E-23            1.0338E-23 3.8478E-08 1.1508E-08 6.2798E-08 4.1184E-08 1.0128E-07 4.57E-07 7.50E-06   1.432 0.6000 7.5336E-06    919.041
10501.00 0.15167177 1.4773E-23            6.2350E-24 2.2298E-08 9.4984E-09 2.6245E-08 1.7792E-08 4.8543E-08 1.98E-07 7.55E-06   1.886 0.6000 7.5876E-06    880.345
10511.00 0.32123747 1.5539E-23            1.2583E-23 5.4720E-08 1.3496E-08 9.6534E-08 6.1336E-08 1.5125E-07 6.81E-07 7.53E-06   1.136 0.6000 7.5650E-06    943.507
10521.00 0.19183190 1.2841E-23            7.2779E-24 3.2492E-08 1.0419E-08 4.7894E-08 3.0421E-08 8.0386E-08 3.38E-07 7.52E-06   1.651 0.6000 7.5614E-06    908.418
10531.00 0.20369197 1.2490E-23            7.2354E-24 3.5841E-08 1.0846E-08 5.3893E-08 3.3983E-08 8.9734E-08 3.77E-07 7.57E-06   1.591 0.6000 7.6148E-06    915.166
10541.00 0.23390260 1.2362E-23            8.0540E-24 3.8368E-08 1.1466E-08 6.0968E-08 3.9004E-08 9.9336E-08 4.33E-07 7.56E-06   1.453 0.6000 7.6042E-06    921.535
10551.00 0.20202400 1.1640E-23            6.5928E-24 3.4027E-08 1.0800E-08 5.0326E-08 3.2093E-08 8.4353E-08 3.56E-07 7.55E-06   1.599 0.6000 7.5920E-06    913.180
10561.00 0.20656894 1.1383E-23            6.4628E-24 3.2625E-08 1.0851E-08 4.8369E-08 3.1330E-08 8.0993E-08 3.48E-07 7.51E-06   1.577 0.6000 7.5532E-06    911.660
10571.00 0.16307430 9.9667E-24            4.8549E-24 2.6400E-08 9.7351E-09 3.3884E-08 2.1603E-08 6.0284E-08 2.40E-07 7.49E-06   1.814 0.6000 7.5396E-06    896.488
10581.00 0.22981626 1.0644E-23            6.5617E-24 3.8021E-08 1.1319E-08 5.7867E-08 3.6545E-08 9.5888E-08 4.06E-07 7.44E-06   1.470 0.6000 7.4809E-06    922.415
10591.00 0.14916654 8.6625E-24            4.0204E-24 2.5955E-08 9.2379E-09 3.2865E-08 2.0454E-08 5.8820E-08 2.27E-07 7.34E-06   1.903 0.6000 7.3912E-06    896.585
10601.00 0.19437802 8.7178E-24            5.0782E-24 3.3394E-08 1.0372E-08 4.7492E-08 2.9143E-08 8.0886E-08 3.24E-07 7.43E-06   1.638 0.6000 7.4831E-06    914.419
10611.00 0.23167451 9.2624E-24            5.7224E-24 3.6338E-08 1.1278E-08 5.4215E-08 3.4116E-08 9.0553E-08 3.79E-07 7.43E-06   1.462 0.6000 7.4735E-06    921.361
10621.00 0.25377682 9.1939E-24            6.0191E-24 3.8121E-08 1.1301E-08 5.9300E-08 3.7392E-08 9.7421E-08 4.15E-07 7.10E-06   1.371 0.6000 7.1416E-06    926.157
10631.00 0.25099301 9.1136E-24            5.6696E-24 3.5832E-08 1.1738E-08 5.7183E-08 3.8208E-08 9.3015E-08 4.24E-07 7.35E-06   1.382 0.6000 7.3919E-06    924.279
10641.00 0.33644286 8.5164E-24            7.2585E-24 6.0913E-08 1.4128E-08 1.0596E-07 6.6340E-08 1.6687E-07 7.37E-07 7.51E-06   1.089 0.6000 7.5446E-06    958.848
10651.00 0.21042204 7.0695E-24            4.3724E-24 3.6848E-08 1.1022E-08 5.4939E-08 3.4131E-08 9.1787E-08 3.79E-07 7.52E-06   1.559 0.6000 7.5639E-06    924.959
10661.00 0.11546368 6.3232E-24            2.2743E-24 1.8186E-08 8.7587E-09 1.6201E-08 1.0714E-08 3.4388E-08 1.19E-07 7.54E-06   2.159 0.6000 7.5933E-06    873.894
10671.00 0.10820269 5.9980E-24            2.0310E-24 1.7356E-08 8.6384E-09 1.4697E-08 9.8369E-09 3.2052E-08 1.09E-07 7.53E-06   2.224 0.6000 7.5846E-06    871.084
10681.00 0.12528019 5.8219E-24            2.2639E-24 1.9127E-08 8.9022E-09 1.8286E-08 1.1972E-08 3.7412E-08 1.33E-07 7.45E-06   2.077 0.6000 7.5010E-06    879.476
10691.00 0.15615228 5.5328E-24            2.6685E-24 2.4819E-08 9.6879E-09 2.9823E-08 1.8819E-08 5.4642E-08 2.09E-07 7.48E-06   1.857 0.6000 7.5250E-06    899.658
10701.00 0.07479727 4.3799E-24            1.2333E-24 1.5013E-08 7.8193E-09 9.4818E-09 6.1894E-09 2.4495E-08 6.87E-08 7.55E-06   2.593 0.6000 7.6028E-06    860.001
10711.00 0.10757507 5.2027E-24            1.6703E-24 1.8101E-08 8.8841E-09 1.4538E-08 9.7670E-09 3.2639E-08 1.08E-07 7.57E-06   2.230 0.6000 7.6107E-06    874.693
10721.00 0.13097881 5.2068E-24            1.9598E-24 2.1681E-08 9.4526E-09 2.1171E-08 1.3826E-08 4.2852E-08 1.54E-07 7.55E-06   2.033 0.6000 7.5927E-06    889.106
10731.00 0.16579735 4.8830E-24            2.3552E-24 2.7245E-08 1.0226E-08 3.4633E-08 2.2635E-08 6.1878E-08 2.51E-07 7.51E-06   1.797 0.6000 7.5570E-06    909.041
10741.00 0.24493642 5.2272E-24            3.3321E-24 4.2714E-08 1.2361E-08 6.6055E-08 4.2352E-08 1.0877E-07 4.70E-07 7.56E-06   1.407 0.6000 7.5987E-06    940.983
10751.00 0.27692792 5.1558E-24            3.6012E-24 4.8600E-08 1.3194E-08 7.9879E-08 5.1465E-08 1.2848E-07 5.72E-07 7.53E-06   1.284 0.6000 7.5686E-06    951.344
10761.00 0.33877468 5.0050E-24            4.2057E-24 6.3622E-08 1.4671E-08 1.1116E-07 7.0709E-08 1.7478E-07 7.85E-07 7.47E-06   1.082 0.6000 7.5094E-06    970.432
10771.00 0.35594460 4.6361E-24            4.2179E-24 7.1775E-08 1.5260E-08 1.2549E-07 7.7915E-08 1.9727E-07 8.65E-07 7.57E-06   1.033 0.6000 7.6113E-06    978.585
10781.00 0.44676998 4.0926E-24            5.0479E-24 1.0790E-07 1.7573E-08 1.9145E-07 1.1418E-07 2.9935E-07 1.27E-06 7.58E-06   0.806 0.6000 7.6222E-06   1005.805
10791.00 0.50458634 3.6416E-24            5.4630E-24 1.3606E-07 1.8817E-08 2.3863E-07 1.3925E-07 3.7469E-07 1.55E-06 7.43E-06   0.684 0.6000 7.4710E-06   1021.422
10801.00 0.50245243 3.4879E-24            5.1869E-24 1.2997E-07 1.8270E-08 2.2956E-07 1.3472E-07 3.5953E-07 1.50E-06 7.25E-06   0.688 0.6000 7.2822E-06   1019.413
10811.00 0.48272890 3.3718E-24            4.7639E-24 1.2664E-07 1.8238E-08 2.2298E-07 1.3137E-07 3.4962E-07 1.46E-06 7.42E-06   0.728 0.6000 7.4552E-06   1018.305
10821.00 0.47145733 3.3090E-24            4.4391E-24 1.1661E-07 1.7802E-08 2.0706E-07 1.2303E-07 3.2367E-07 1.37E-06 7.36E-06   0.752 0.6000 7.3925E-06   1013.943
10831.00 0.50814646 2.9872E-24            4.5673E-24 1.3345E-07 1.8102E-08 2.3341E-07 1.3616E-07 3.6685E-07 1.51E-06 7.07E-06   0.677 0.6000 7.1062E-06   1023.039
10841.00 0.52443969 2.7225E-24            4.5082E-24 1.5575E-07 1.9311E-08 2.6708E-07 1.5356E-07 4.2283E-07 1.71E-06 7.31E-06   0.645 0.6000 7.3512E-06   1033.431
10851.00 0.49162811 2.7867E-24            4.0296E-24 1.3033E-07 1.8300E-08 2.2837E-07 1.3443E-07 3.5870E-07 1.49E-06 7.27E-06   0.710 0.6000 7.3041E-06   1023.046
10861.00 0.54007542 2.4663E-24            4.2259E-24 1.6314E-07 2.0043E-08 2.7985E-07 1.6046E-07 4.4299E-07 1.78E-06 7.42E-06   0.616 0.6000 7.4621E-06   1038.161
10871.00 0.48662281 2.4136E-24            3.6443E-24 1.4619E-07 1.9020E-08 2.4942E-07 1.4397E-07 3.9560E-07 1.60E-06 7.53E-06   0.720 0.6000 7.5693E-06   1031.176
10881.00 0.49005061 2.3851E-24            3.5026E-24 1.3928E-07 1.9131E-08 2.4051E-07 1.4001E-07 3.7979E-07 1.55E-06 7.57E-06   0.713 0.6000 7.6132E-06   1029.170
10891.00 0.41461796 2.4303E-24            2.8341E-24 1.0228E-07 1.6947E-08 1.7663E-07 1.0495E-07 2.7890E-07 1.17E-06 7.53E-06   0.880 0.6000 7.5649E-06   1009.444
10901.00 0.40095121 2.3655E-24            2.6022E-24 9.5401E-08 1.6441E-08 1.6259E-07 9.6457E-08 2.5800E-07 1.07E-06 7.47E-06   0.914 0.6000 7.5041E-06   1005.147
10911.00 0.46401373 2.1363E-24            2.8883E-24 1.2552E-07 1.8402E-08 2.1530E-07 1.2561E-07 3.4082E-07 1.39E-06 7.56E-06   0.768 0.6000 7.5967E-06   1024.162
10921.00 0.35246155 2.1602E-24            2.0935E-24 8.0863E-08 1.5498E-08 1.3643E-07 8.2287E-08 2.1729E-07 9.14E-07 7.58E-06   1.043 0.6000 7.6235E-06    995.685
10931.00 0.47129676 1.9786E-24            2.6679E-24 1.2081E-07 1.8421E-08 2.1015E-07 1.2343E-07 3.3097E-07 1.37E-06 7.50E-06   0.752 0.6000 7.5345E-06   1023.714
10941.00 0.38674763 1.9370E-24            2.1007E-24 9.5807E-08 1.6547E-08 1.6231E-07 9.6657E-08 2.5812E-07 1.07E-06 7.62E-06   0.950 0.6000 7.6639E-06   1008.156
10951.00 0.38123661 1.9054E-24            1.9641E-24 9.0614E-08 1.6503E-08 1.5386E-07 9.2387E-08 2.4448E-07 1.03E-06 7.66E-06   0.964 0.6000 7.7036E-06   1005.404
10961.00 0.45042664 1.6791E-24            2.2272E-24 1.2540E-07 1.8093E-08 2.1075E-07 1.2171E-07 3.3615E-07 1.35E-06 7.49E-06   0.798 0.6000 7.5273E-06   1027.011
10971.00 0.46881518 1.5910E-24            2.2099E-24 1.3128E-07 1.8394E-08 2.2142E-07 1.2772E-07 3.5270E-07 1.42E-06 7.40E-06   0.758 0.6000 7.4388E-06   1030.992
10981.00 0.41454184 1.6091E-24            1.8654E-24 1.0860E-07 1.7280E-08 1.8245E-07 1.0753E-07 2.9105E-07 1.19E-06 7.52E-06   0.881 0.6000 7.5628E-06   1018.964
10991.00 0.42541692 1.5419E-24            1.8275E-24 1.0529E-07 1.7212E-08 1.8019E-07 1.0714E-07 2.8549E-07 1.19E-06 7.39E-06   0.855 0.6000 7.4267E-06   1018.445
11001.00 0.42122248 1.4316E-24            1.7282E-24 1.0816E-07 1.6999E-08 1.8233E-07 1.0692E-07 2.9050E-07 1.19E-06 7.29E-06   0.865 0.6000 7.3350E-06   1020.335
11011.00 0.41975707 1.3509E-24            1.6442E-24 1.1672E-07 1.7373E-08 1.9279E-07 1.1153E-07 3.0951E-07 1.24E-06 7.44E-06   0.868 0.6000 7.4859E-06   1025.272
11021.00 0.42515823 1.3061E-24            1.5905E-24 1.1445E-07 1.7770E-08 1.9032E-07 1.1067E-07 3.0477E-07 1.23E-06 7.60E-06   0.855 0.6000 7.6420E-06   1024.998
11031.00 0.47012007 1.2277E-24            1.6786E-24 1.3028E-07 1.8704E-08 2.1987E-07 1.2763E-07 3.5015E-07 1.42E-06 7.43E-06   0.755 0.6000 7.4670E-06   1035.034
11041.00 0.52446580 1.0709E-24            1.7895E-24 1.6971E-07 2.0753E-08 2.8031E-07 1.5807E-07 4.5003E-07 1.76E-06 7.61E-06   0.645 0.6000 7.6479E-06   1053.018
11051.00 0.52988535 1.0356E-24            1.7264E-24 1.7032E-07 2.1054E-08 2.8301E-07 1.6067E-07 4.5332E-07 1.78E-06 7.66E-06   0.635 0.6000 7.6989E-06   1054.292
11061.00 0.54158598 9.7293E-25            1.6837E-24 1.7887E-07 2.1403E-08 2.9476E-07 1.6620E-07 4.7363E-07 1.85E-06 7.64E-06   0.613 0.6000 7.6847E-06   1058.130
11071.00 0.48368511 9.8889E-25            1.4396E-24 1.4264E-07 1.9535E-08 2.3764E-07 1.3627E-07 3.8029E-07 1.51E-06 7.57E-06   0.726 0.6000 7.6118E-06   1043.668
11081.00 0.42886513 9.7555E-25            1.2161E-24 1.1551E-07 1.7477E-08 1.8959E-07 1.0898E-07 3.0510E-07 1.21E-06 7.35E-06   0.847 0.6000 7.3949E-06   1029.567
11091.00 0.43625548 9.4699E-25            1.1815E-24 1.1122E-07 1.6986E-08 1.8433E-07 1.0704E-07 2.9555E-07 1.19E-06 7.05E-06   0.830 0.6000 7.0888E-06   1028.205
11101.00 0.40195635 9.3221E-25            1.0404E-24 1.0032E-07 1.6889E-08 1.6687E-07 9.8624E-08 2.6719E-07 1.10E-06 7.36E-06   0.911 0.6000 7.4018E-06   1022.310
11111.00 0.45572945 8.1535E-25            1.1242E-24 1.3677E-07 1.8566E-08 2.2103E-07 1.2489E-07 3.5780E-07 1.39E-06 7.41E-06   0.786 0.6000 7.4567E-06   1042.535
11121.00 0.33034483 8.6269E-25            7.7913E-25 8.2378E-08 1.5503E-08 1.2929E-07 7.6234E-08 2.1167E-07 8.47E-07 7.59E-06   1.108 0.6000 7.6365E-06   1008.763
11131.00 0.45687333 7.5149E-25            1.0272E-24 1.3928E-07 1.9116E-08 2.2569E-07 1.2819E-07 3.6497E-07 1.42E-06 7.59E-06   0.783 0.6000 7.6345E-06   1045.396
11141.00 0.44135049 7.6680E-25            9.4888E-25 1.2079E-07 1.8602E-08 2.0067E-07 1.1757E-07 3.2146E-07 1.31E-06 7.54E-06   0.818 0.6000 7.5875E-06   1037.556
11151.00 0.43243968 7.3819E-25            8.8757E-25 1.1930E-07 1.8427E-08 1.9656E-07 1.1526E-07 3.1586E-07 1.28E-06 7.54E-06   0.838 0.6000 7.5845E-06   1037.127
11161.00 0.48291340 6.7166E-25            9.4639E-25 1.4590E-07 2.0228E-08 2.4091E-07 1.3882E-07 3.8681E-07 1.54E-06 7.68E-06   0.728 0.6000 7.7213E-06   1051.650
11171.00 0.50216144 6.3587E-25            9.3860E-25 1.4961E-07 2.0281E-08 2.4821E-07 1.4311E-07 3.9783E-07 1.59E-06 7.48E-06   0.689 0.6000 7.5224E-06   1054.346
11181.00 0.54474002 5.6107E-25            9.7266E-25 1.8265E-07 2.1618E-08 2.9537E-07 1.6553E-07 4.7802E-07 1.84E-06 7.49E-06   0.607 0.6000 7.5350E-06   1067.966
11191.00 0.55137068 5.2579E-25            9.4104E-25 1.8984E-07 2.2044E-08 3.0510E-07 1.6975E-07 4.9494E-07 1.89E-06 7.57E-06   0.595 0.6000 7.6181E-06   1071.205
11201.00 0.57648575 4.7582E-25            9.3833E-25 2.0767E-07 2.2335E-08 3.2810E-07 1.7997E-07 5.3577E-07 2.00E-06 7.41E-06   0.551 0.6000 7.4492E-06   1077.653
11211.00 0.58597863 4.4324E-25            9.1131E-25 2.2005E-07 2.3100E-08 3.4592E-07 1.8877E-07 5.6598E-07 2.10E-06 7.56E-06   0.534 0.6000 7.6049E-06   1082.391
11221.00 0.59619033 4.1363E-25            8.8534E-25 2.3277E-07 2.3621E-08 3.6258E-07 1.9681E-07 5.9535E-07 2.19E-06 7.60E-06   0.517 0.6000 7.6441E-06   1086.852
11231.00 0.59427178 3.9603E-25            8.4270E-25 2.3271E-07 2.3748E-08 3.6254E-07 1.9678E-07 5.9525E-07 2.19E-06 7.65E-06   0.520 0.6000 7.6983E-06   1087.612
11241.00 0.59679198 3.7572E-25            8.0786E-25 2.3386E-07 2.3641E-08 3.6294E-07 1.9658E-07 5.9679E-07 2.18E-06 7.58E-06   0.516 0.6000 7.6234E-06   1088.575
11251.00 0.59815121 3.5739E-25            7.7335E-25 2.3716E-07 2.3800E-08 3.6670E-07 1.9835E-07 6.0386E-07 2.20E-06 7.60E-06   0.514 0.6000 7.6427E-06   1090.211
11261.00 0.59154373 3.4688E-25            7.3001E-25 2.2864E-07 2.3419E-08 3.5460E-07 1.9227E-07 5.8325E-07 2.14E-06 7.53E-06   0.525 0.6000 7.5795E-06   1088.439
11271.00 0.59779471 3.2625E-25            7.0455E-25 2.3130E-07 2.3238E-08 3.5674E-07 1.9272E-07 5.8804E-07 2.14E-06 7.40E-06   0.515 0.6000 7.4414E-06   1089.810
11281.00 0.59365052 3.1463E-25            6.6808E-25 2.1950E-07 2.2362E-08 3.3908E-07 1.8343E-07 5.5858E-07 2.04E-06 7.15E-06   0.521 0.6000 7.1947E-06   1086.828
11291.00 0.59343261 3.0076E-25            6.3746E-25 2.3270E-07 2.3691E-08 3.5879E-07 1.9391E-07 5.9149E-07 2.15E-06 7.56E-06   0.522 0.6000 7.6089E-06   1091.782
11301.00 0.59897327 2.8325E-25            6.1442E-25 2.3984E-07 2.3943E-08 3.6749E-07 1.9795E-07 6.0733E-07 2.20E-06 7.57E-06   0.513 0.6000 7.6142E-06   1094.498
11311.00 0.59818071 2.7092E-25            5.8592E-25 2.3613E-07 2.3630E-08 3.6147E-07 1.9462E-07 5.9760E-07 2.16E-06 7.47E-06   0.514 0.6000 7.5111E-06   1094.082
11321.00 0.59721982 2.5946E-25            5.5849E-25 2.3842E-07 2.3929E-08 3.6464E-07 1.9629E-07 6.0306E-07 2.18E-06 7.56E-06   0.515 0.6000 7.6030E-06   1095.524
11331.00 0.59697527 2.4783E-25            5.3309E-25 2.3364E-07 2.3462E-08 3.5687E-07 1.9200E-07 5.9051E-07 2.13E-06 7.40E-06   0.516 0.6000 7.4450E-06   1094.747
11341.00 0.59686214 2.3675E-25            5.0884E-25 2.3811E-07 2.3896E-08 3.6305E-07 1.9519E-07 6.0116E-07 2.17E-06 7.53E-06   0.516 0.6000 7.5703E-06   1096.836
11351.00 0.59740770 2.2571E-25            4.8629E-25 2.2626E-07 2.2646E-08 3.4417E-07 1.8484E-07 5.7043E-07 2.05E-06 7.11E-06   0.515 0.6000 7.1571E-06   1093.750
11361.00 0.59725547 2.1560E-25            4.6418E-25 2.3970E-07 2.3981E-08 3.6400E-07 1.9533E-07 6.0370E-07 2.17E-06 7.52E-06   0.515 0.6000 7.5666E-06   1098.691
11371.00 0.59827811 2.0530E-25            4.4397E-25 2.3845E-07 2.3741E-08 3.6105E-07 1.9350E-07 5.9950E-07 2.15E-06 7.42E-06   0.514 0.6000 7.4662E-06   1098.947
11381.00 0.59712410 1.9663E-25            4.2308E-25 2.4321E-07 2.4311E-08 3.6806E-07 1.9722E-07 6.1127E-07 2.19E-06 7.60E-06   0.516 0.6000 7.6453E-06   1101.157
11391.00 0.59758419 1.8751E-25            4.0425E-25 2.4239E-07 2.4162E-08 3.6598E-07 1.9591E-07 6.0837E-07 2.18E-06 7.54E-06   0.515 0.6000 7.5803E-06   1101.577
11401.00 0.59748441 1.7908E-25            3.8591E-25 2.4350E-07 2.4262E-08 3.6701E-07 1.9632E-07 6.1051E-07 2.18E-06 7.55E-06   0.515 0.6000 7.5997E-06   1102.609
11411.00 0.59700084 1.7120E-25            3.6816E-25 2.4247E-07 2.4187E-08 3.6500E-07 1.9515E-07 6.0747E-07 2.17E-06 7.52E-06   0.516 0.6000 7.5687E-06   1103.010
11421.00 0.59711897 1.6341E-25            3.5158E-25 2.3598E-07 2.3509E-08 3.5454E-07 1.8939E-07 5.9052E-07 2.10E-06 7.30E-06   0.516 0.6000 7.3425E-06   1101.688
11431.00 0.59683192 1.5614E-25            3.3552E-25 2.4000E-07 2.3918E-08 3.6005E-07 1.9222E-07 6.0005E-07 2.13E-06 7.42E-06   0.516 0.6000 7.4607E-06   1103.643
11441.00 0.59650248 1.4921E-25            3.2017E-25 2.4152E-07 2.4082E-08 3.6180E-07 1.9303E-07 6.0331E-07 2.14E-06 7.46E-06   0.517 0.6000 7.5024E-06   1104.816
11451.00 0.59645474 1.4248E-25            3.0566E-25 2.4406E-07 2.4319E-08 3.6495E-07 1.9456E-07 6.0900E-07 2.16E-06 7.52E-06   0.517 0.6000 7.5639E-06   1106.284
11461.00 0.59624034 1.3611E-25            2.9173E-25 2.4714E-07 2.4629E-08 3.6898E-07 1.9658E-07 6.1612E-07 2.18E-06 7.60E-06   0.517 0.6000 7.6494E-06   1107.920
11471.00 0.59594625 1.3006E-25            2.7840E-25 2.4323E-07 2.4248E-08 3.6261E-07 1.9307E-07 6.0584E-07 2.14E-06 7.48E-06   0.518 0.6000 7.5218E-06   1107.440
11481.00 0.59552372 1.2431E-25            2.6562E-25 2.4471E-07 2.4419E-08 3.6432E-07 1.9387E-07 6.0903E-07 2.15E-06 7.52E-06   0.518 0.6000 7.5664E-06   1108.602
11491.00 0.59535390 1.1875E-25            2.5353E-25 2.4486E-07 2.4429E-08 3.6394E-07 1.9354E-07 6.0880E-07 2.15E-06 7.51E-06   0.519 0.6000 7.5587E-06   1109.345
11501.00 0.59505624 1.1345E-25            2.4194E-25 2.3915E-07 2.3869E-08 3.5495E-07 1.8864E-07 5.9410E-07 2.09E-06 7.33E-06   0.519 0.6000 7.3764E-06   1108.298
11511.00 0.59476948 1.0841E-25            2.3088E-25 2.3787E-07 2.3750E-08 3.5251E-07 1.8722E-07 5.9038E-07 2.08E-06 7.28E-06   0.520 0.6000 7.3299E-06   1108.602
11521.00 0.59441525 1.0360E-25            2.2030E-25 2.3888E-07 2.3866E-08 3.5351E-07 1.8764E-07 5.9239E-07 2.08E-06 7.31E-06   0.520 0.6000 7.3570E-06   1109.624
11531.00 0.59410393 9.8992E-26            2.1023E-25 2.3014E-07 2.3003E-08 3.4009E-07 1.8041E-07 5.7023E-07 2.00E-06 7.04E-06   0.521 0.6000 7.0826E-06   1107.567
11541.00 0.59382617 9.4576E-26            2.0062E-25 1.8320E-07 1.8319E-08 2.7034E-07 1.4332E-07 4.5354E-07 1.59E-06 5.60E-06   0.521 0.6000 5.6333E-06   1091.654
11551.00 0.59341806 9.0395E-26            1.9141E-25 2.3301E-07 2.3318E-08 3.4335E-07 1.8192E-07 5.7636E-07 2.02E-06 7.12E-06   0.522 0.6000 7.1627E-06   1109.895
11561.00 0.59308445 8.6390E-26            1.8264E-25 2.4491E-07 2.4522E-08 3.6037E-07 1.9082E-07 6.0527E-07 2.12E-06 7.47E-06   0.522 0.6000 7.5239E-06   1114.306
11571.00 0.59284592 8.2531E-26            1.7431E-25 2.4970E-07 2.5004E-08 3.6684E-07 1.9412E-07 6.1654E-07 2.16E-06 7.61E-06   0.523 0.6000 7.6619E-06   1116.455
11581.00 0.59240264 7.8872E-26            1.6630E-25 2.4807E-07 2.4866E-08 3.6400E-07 1.9251E-07 6.1208E-07 2.14E-06 7.56E-06   0.524 0.6000 7.6124E-06   1116.682
11591.00 0.59154201 7.5473E-26            1.5854E-25 2.4757E-07 2.4883E-08 3.6296E-07 1.9190E-07 6.1052E-07 2.13E-06 7.56E-06   0.525 0.6000 7.6150E-06   1117.262
11601.00 0.59170401 7.2033E-26            1.5140E-25 2.4437E-07 2.4524E-08 3.5755E-07 1.8887E-07 6.0191E-07 2.10E-06 7.44E-06   0.525 0.6000 7.4906E-06   1116.969
11611.00 0.59070861 6.8954E-26            1.4431E-25 2.4325E-07 2.4493E-08 3.5566E-07 1.8783E-07 5.9892E-07 2.09E-06 7.43E-06   0.526 0.6000 7.4800E-06   1117.366
11621.00 0.59078783 6.5795E-26            1.3779E-25 2.4637E-07 2.4777E-08 3.5954E-07 1.8972E-07 6.0591E-07 2.11E-06 7.50E-06   0.526 0.6000 7.5536E-06   1119.004
11631.00 0.58975929 6.2965E-26            1.3133E-25 2.4381E-07 2.4604E-08 3.5556E-07 1.8757E-07 5.9937E-07 2.08E-06 7.45E-06   0.528 0.6000 7.5002E-06   1118.960
11641.00 0.58880651 6.0259E-26            1.2518E-25 2.4271E-07 2.4570E-08 3.5371E-07 1.8654E-07 5.9641E-07 2.07E-06 7.44E-06   0.530 0.6000 7.4886E-06   1119.360
11651.00 0.58919346 5.7469E-26            1.1959E-25 2.4387E-07 2.4626E-08 3.5461E-07 1.8683E-07 5.9848E-07 2.07E-06 7.43E-06   0.529 0.6000 7.4886E-06   1120.388
11661.00 0.58585429 5.5317E-26            1.1353E-25 2.4421E-07 2.4980E-08 3.5575E-07 1.8762E-07 5.9995E-07 2.08E-06 7.57E-06   0.535 0.6000 7.6222E-06   1121.340
11671.00 0.58800703 5.2537E-26            1.0878E-25 2.4822E-07 2.5143E-08 3.6008E-07 1.8952E-07 6.0829E-07 2.10E-06 7.58E-06   0.531 0.6000 7.6343E-06   1123.145
11681.00 0.58622140 5.0367E-26            1.0355E-25 2.4232E-07 2.4704E-08 3.5160E-07 1.8510E-07 5.9392E-07 2.06E-06 7.45E-06   0.534 0.6000 7.5086E-06   1122.120
11691.00 0.58509314 4.8229E-26            9.8664E-26 2.3386E-07 2.3934E-08 3.3914E-07 1.7853E-07 5.7301E-07 1.98E-06 7.22E-06   0.536 0.6000 7.2750E-06   1120.208
11701.00 0.58388543 4.6167E-26            9.4013E-26 1.7486E-07 1.7935E-08 2.5329E-07 1.3330E-07 4.2815E-07 1.48E-06 5.41E-06   0.538 0.6000 5.4498E-06   1099.636
11711.00 0.58170694 4.4300E-26            8.9408E-26 2.0692E-07 2.1391E-08 2.9986E-07 1.5784E-07 5.0678E-07 1.75E-06 6.46E-06   0.542 0.6000 6.5087E-06   1112.643
11721.00 0.58458090 4.2010E-26            8.5786E-26 2.3924E-07 2.4475E-08 3.4525E-07 1.8133E-07 5.8448E-07 2.01E-06 7.35E-06   0.537 0.6000 7.4074E-06   1123.991
11731.00 0.58152461 4.0387E-26            8.1478E-26 2.3968E-07 2.4792E-08 3.4630E-07 1.8206E-07 5.8598E-07 2.02E-06 7.47E-06   0.542 0.6000 7.5244E-06   1124.949
11741.00 0.57787836 3.8862E-26            7.7300E-26 2.2875E-07 2.3973E-08 3.3105E-07 1.7427E-07 5.5979E-07 1.94E-06 7.25E-06   0.548 0.6000 7.3045E-06   1122.298
11751.00 0.58050799 3.6900E-26            7.4122E-26 2.4093E-07 2.4954E-08 3.4704E-07 1.8224E-07 5.8796E-07 2.02E-06 7.50E-06   0.544 0.6000 7.5574E-06   1126.738
11761.00 0.58246714 3.5095E-26            7.1010E-26 2.1597E-07 2.2208E-08 3.1008E-07 1.6254E-07 5.2605E-07 1.80E-06 6.64E-06   0.540 0.6000 6.6941E-06   1119.208
11771.00 0.58174598 3.3549E-26            6.7711E-26 2.3127E-07 2.3830E-08 3.3166E-07 1.7376E-07 5.6294E-07 1.93E-06 7.13E-06   0.542 0.6000 7.1784E-06   1125.012
11781.00 0.58115989 3.2073E-26            6.4578E-26 2.4548E-07 2.5326E-08 3.5164E-07 1.8418E-07 5.9712E-07 2.05E-06 7.57E-06   0.543 0.6000 7.6220E-06   1130.202
11791.00 0.57992601 3.0715E-26            6.1521E-26 2.4420E-07 2.5308E-08 3.4961E-07 1.8306E-07 5.9381E-07 2.03E-06 7.56E-06   0.545 0.6000 7.6178E-06   1130.550
11801.00 0.58386159 2.9076E-26            5.9132E-26 2.4457E-07 2.4935E-08 3.4812E-07 1.8175E-07 5.9269E-07 2.02E-06 7.39E-06   0.538 0.6000 7.4468E-06   1131.175
11811.00 0.58157492 2.7901E-26            5.6239E-26 2.4304E-07 2.4979E-08 3.4608E-07 1.8079E-07 5.8912E-07 2.01E-06 7.42E-06   0.542 0.6000 7.4721E-06   1131.487
11821.00 0.58022571 2.6724E-26            5.3556E-26 2.4592E-07 2.5381E-08 3.5000E-07 1.8283E-07 5.9591E-07 2.03E-06 7.54E-06   0.544 0.6000 7.5939E-06   1133.118
11831.00 0.58013749 2.5520E-26            5.1128E-26 2.4563E-07 2.5371E-08 3.4917E-07 1.8224E-07 5.9479E-07 2.02E-06 7.53E-06   0.544 0.6000 7.5796E-06   1133.743
11841.00 0.57557976 2.4614E-26            4.8431E-26 2.3774E-07 2.4970E-08 3.3887E-07 1.7724E-07 5.7660E-07 1.97E-06 7.44E-06   0.552 0.6000 7.4967E-06   1132.168
11851.00 0.56983840 2.3774E-26            4.5770E-26 2.2883E-07 2.4506E-08 3.2695E-07 1.7132E-07 5.5578E-07 1.90E-06 7.36E-06   0.562 0.6000 7.4088E-06   1130.172
11861.00 0.57418323 2.2498E-26            4.4025E-26 2.3890E-07 2.5187E-08 3.3959E-07 1.7737E-07 5.7849E-07 1.97E-06 7.50E-06   0.555 0.6000 7.5539E-06   1133.946
11871.00 0.57515043 2.1287E-26            4.2114E-26 2.3946E-07 2.5089E-08 3.3929E-07 1.7706E-07 5.7875E-07 1.97E-06 7.44E-06   0.553 0.6000 7.4948E-06   1134.745
11881.00 0.56562734 2.0604E-26            3.9531E-26 2.3056E-07 2.5005E-08 3.2872E-07 1.7235E-07 5.5929E-07 1.91E-06 7.51E-06   0.570 0.6000 7.5634E-06   1132.935
11891.00 0.56015378 1.9867E-26            3.7373E-26 2.2684E-07 2.5057E-08 3.2385E-07 1.7008E-07 5.5068E-07 1.89E-06 7.57E-06   0.580 0.6000 7.6272E-06   1132.536
11901.00 0.56697339 1.8788E-26            3.6117E-26 2.3292E-07 2.5175E-08 3.3083E-07 1.7311E-07 5.6375E-07 1.92E-06 7.52E-06   0.567 0.6000 7.5712E-06   1135.060
11911.00 0.56649989 1.7942E-26            3.4444E-26 2.3230E-07 2.5081E-08 3.2913E-07 1.7202E-07 5.6143E-07 1.91E-06 7.48E-06   0.568 0.6000 7.5362E-06   1135.515
11921.00 0.55650425 1.7417E-26            3.2313E-26 2.1414E-07 2.4010E-08 3.0513E-07 1.6007E-07 5.1927E-07 1.78E-06 7.26E-06   0.586 0.6000 7.3140E-06   1130.432
11931.00 0.55527169 1.6668E-26            3.0787E-26 2.2303E-07 2.4900E-08 3.1671E-07 1.6618E-07 5.3974E-07 1.85E-06 7.52E-06   0.588 0.6000 7.5712E-06   1134.082
11941.00 0.54745179 1.6142E-26            2.8958E-26 2.1673E-07 2.4843E-08 3.0892E-07 1.6277E-07 5.2565E-07 1.81E-06 7.57E-06   0.602 0.6000 7.6217E-06   1132.865
11951.00 0.54849684 1.5372E-26            2.7710E-26 2.1730E-07 2.4614E-08 3.0825E-07 1.6223E-07 5.2555E-07 1.80E-06 7.47E-06   0.601 0.6000 7.5194E-06   1133.612
11961.00 0.53433514 1.5070E-26            2.5771E-26 2.0522E-07 2.4414E-08 2.9364E-07 1.5619E-07 4.9885E-07 1.73E-06 7.53E-06   0.627 0.6000 7.5871E-06   1130.488
11971.00 0.53899390 1.4224E-26            2.4806E-26 2.0996E-07 2.4525E-08 2.9840E-07 1.5752E-07 5.0836E-07 1.75E-06 7.51E-06   0.618 0.6000 7.5688E-06   1132.651
11981.00 0.54393905 1.3457E-26            2.3915E-26 2.1174E-07 2.4279E-08 2.9912E-07 1.5710E-07 5.1086E-07 1.74E-06 7.38E-06   0.609 0.6000 7.4366E-06   1133.776
11991.00 0.51244771 1.3506E-26            2.1503E-26 1.8475E-07 2.3351E-08 2.6453E-07 1.4168E-07 4.4928E-07 1.57E-06 7.40E-06   0.669 0.6000 7.4512E-06   1125.033
12001.00 0.51219559 1.2832E-26            2.0505E-26 1.8032E-07 2.3033E-08 2.5922E-07 1.3884E-07 4.3953E-07 1.54E-06 7.30E-06   0.669 0.6000 7.3525E-06   1124.180
12011.00 0.50778925 1.1770E-26            1.9441E-26 1.9395E-07 2.3367E-08 2.7269E-07 1.4375E-07 4.6664E-07 1.60E-06 7.41E-06   0.678 0.6000 7.4651E-06   1129.333
12021.00 0.48412880 1.1953E-26            1.7655E-26 1.6973E-07 2.2882E-08 2.4400E-07 1.3234E-07 4.1373E-07 1.47E-06 7.49E-06   0.725 0.6000 7.5463E-06   1121.272
12031.00 0.51994514 1.1036E-26            1.8125E-26 1.9201E-07 2.3623E-08 2.7261E-07 1.4473E-07 4.6462E-07 1.61E-06 7.36E-06   0.654 0.6000 7.4160E-06   1130.523
12041.00 0.49510902 1.0789E-26            1.6464E-26 1.8003E-07 2.3175E-08 2.5537E-07 1.3694E-07 4.3539E-07 1.52E-06 7.45E-06   0.703 0.6000 7.5039E-06   1126.500
12051.00 0.49124753 9.9699E-27            1.5608E-26 1.8133E-07 2.3121E-08 2.5499E-07 1.3523E-07 4.3632E-07 1.50E-06 7.46E-06   0.711 0.6000 7.5169E-06   1127.409
12061.00 0.47049499 8.4300E-27            1.4258E-26 1.6960E-07 2.2703E-08 2.3848E-07 1.2774E-07 4.0808E-07 1.42E-06 7.54E-06   0.754 0.6000 7.5939E-06   1123.276
12071.00 0.47634161 7.8338E-27            1.3798E-26 1.7410E-07 2.3057E-08 2.4481E-07 1.3074E-07 4.1891E-07 1.45E-06 7.58E-06   0.742 0.6000 7.6428E-06   1125.935
12081.00 0.44784582 7.4419E-27            1.2371E-26 1.4994E-07 2.1988E-08 2.1332E-07 1.1611E-07 3.6326E-07 1.29E-06 7.54E-06   0.803 0.6000 7.6030E-06   1116.372
12091.00 0.52975982 7.2931E-27            1.3963E-26 2.1076E-07 2.4831E-08 2.9392E-07 1.5402E-07 5.0468E-07 1.71E-06 7.56E-06   0.635 0.6000 7.6166E-06   1141.214
12101.00 0.49957642 6.9240E-27            1.2593E-26 1.8607E-07 2.3805E-08 2.6180E-07 1.3911E-07 4.4788E-07 1.54E-06 7.55E-06   0.694 0.6000 7.6091E-06   1133.098
12111.00 0.49665883 6.6016E-27            1.1924E-26 1.8508E-07 2.3616E-08 2.5937E-07 1.3770E-07 4.4446E-07 1.53E-06 7.50E-06   0.700 0.6000 7.5626E-06   1133.286
12121.00 0.53513861 6.3708E-27            1.2288E-26 2.1351E-07 2.4724E-08 2.9511E-07 1.5365E-07 5.0862E-07 1.71E-06 7.44E-06   0.625 0.6000 7.4981E-06   1144.071
12131.00 0.49801892 6.1086E-27            1.0907E-26 1.8062E-07 2.3631E-08 2.5370E-07 1.3503E-07 4.3432E-07 1.50E-06 7.48E-06   0.697 0.6000 7.5446E-06   1133.092
12141.00 0.42368904 5.6261E-27            8.8914E-27 1.3480E-07 2.1033E-08 1.8975E-07 1.0396E-07 3.2456E-07 1.15E-06 7.38E-06   0.859 0.6000 7.4416E-06   1112.803
12151.00 0.31511873 4.8271E-27            6.2727E-27 8.5288E-08 1.7711E-08 1.1595E-07 6.5900E-08 2.0124E-07 7.32E-07 7.45E-06   1.155 0.6000 7.5107E-06   1080.644
12161.00 0.48124447 5.2120E-27            9.1600E-27 1.7039E-07 2.2675E-08 2.3756E-07 1.2631E-07 4.0795E-07 1.40E-06 7.31E-06   0.731 0.6000 7.3702E-06   1130.753
12171.00 0.51440769 5.0470E-27            9.3584E-27 1.9181E-07 2.3880E-08 2.6739E-07 1.4066E-07 4.5920E-07 1.56E-06 7.34E-06   0.665 0.6000 7.4020E-06   1140.221
12181.00 0.53996444 4.8548E-27            9.3716E-27 2.1520E-07 2.4913E-08 2.9631E-07 1.5399E-07 5.1150E-07 1.71E-06 7.37E-06   0.616 0.6000 7.4299E-06   1149.044
12191.00 0.46025711 4.4969E-27            7.6442E-27 1.5799E-07 2.2076E-08 2.1985E-07 1.1768E-07 3.7784E-07 1.31E-06 7.30E-06   0.776 0.6000 7.3655E-06   1127.418
12201.00 0.45628783 4.2506E-27            7.2215E-27 1.5709E-07 2.1715E-08 2.1603E-07 1.1450E-07 3.7313E-07 1.27E-06 7.22E-06   0.785 0.6000 7.2879E-06   1127.254
12211.00 0.45374039 4.0860E-27            6.8517E-27 1.5583E-07 2.2091E-08 2.1551E-07 1.1491E-07 3.7135E-07 1.28E-06 7.36E-06   0.790 0.6000 7.4288E-06   1127.654
12221.00 0.41020951 3.8070E-27            5.9292E-27 1.3063E-07 2.0658E-08 1.7992E-07 9.7528E-08 3.1055E-07 1.08E-06 7.34E-06   0.891 0.6000 7.4096E-06   1115.600
12231.00 0.44806734 3.7016E-27            6.1620E-27 1.5960E-07 2.2571E-08 2.1969E-07 1.1700E-07 3.7929E-07 1.30E-06 7.53E-06   0.803 0.6000 7.6019E-06   1130.680
12241.00 0.41007209 3.3297E-27            5.3979E-27 1.3762E-07 2.1272E-08 1.8816E-07 1.0130E-07 3.2578E-07 1.12E-06 7.50E-06   0.891 0.6000 7.5712E-06   1120.480
12251.00 0.41544530 2.5064E-27            5.1994E-27 1.4076E-07 2.1487E-08 1.9249E-07 1.0393E-07 3.3325E-07 1.15E-06 7.49E-06   0.878 0.6000 7.5568E-06   1122.841
12261.00 0.42777392 2.0463E-27            5.1272E-27 1.3929E-07 2.1936E-08 1.9358E-07 1.0615E-07 3.3287E-07 1.18E-06 7.50E-06   0.849 0.6000 7.5676E-06   1123.499
12271.00 0.42839837 1.9552E-27            4.8949E-27 1.3759E-07 2.2024E-08 1.9235E-07 1.0564E-07 3.2994E-07 1.17E-06 7.51E-06   0.848 0.6000 7.5742E-06   1123.609
12281.00 0.46075922 2.0472E-27            5.0268E-27 1.5640E-07 2.3260E-08 2.1941E-07 1.1992E-07 3.7581E-07 1.33E-06 7.53E-06   0.775 0.6000 7.5993E-06   1133.740
12291.00 0.44928420 1.9220E-27            4.6807E-27 1.5423E-07 2.2902E-08 2.1267E-07 1.1421E-07 3.6690E-07 1.27E-06 7.55E-06   0.800 0.6000 7.6171E-06   1132.741
12301.00 0.51025444 2.1773E-27            5.0733E-27 1.9657E-07 2.4904E-08 2.6852E-07 1.4063E-07 4.6510E-07 1.56E-06 7.51E-06   0.673 0.6000 7.5809E-06   1150.968
12311.00 0.51672208 2.1179E-27            4.9030E-27 1.9959E-07 2.5098E-08 2.7233E-07 1.4177E-07 4.7192E-07 1.57E-06 7.51E-06   0.660 0.6000 7.5827E-06   1152.813
12321.00 0.52211535 2.0569E-27            4.7328E-27 2.0575E-07 2.5298E-08 2.7978E-07 1.4533E-07 4.8554E-07 1.61E-06 7.49E-06   0.650 0.6000 7.5619E-06   1155.706
12331.00 0.53512323 2.0338E-27            4.6282E-27 2.1845E-07 2.5875E-08 2.9523E-07 1.5222E-07 5.1368E-07 1.69E-06 7.51E-06   0.625 0.6000 7.5814E-06   1160.723
12341.00 0.54564887 2.0034E-27            4.5067E-27 2.2793E-07 2.5956E-08 3.0517E-07 1.5593E-07 5.3310E-07 1.73E-06 7.42E-06   0.606 0.6000 7.4845E-06   1164.305
12351.00 0.54381901 1.9064E-27            4.2863E-27 2.2374E-07 2.5591E-08 2.9950E-07 1.5303E-07 5.2324E-07 1.70E-06 7.33E-06   0.609 0.6000 7.3918E-06   1163.639
12361.00 0.55138904 1.8617E-27            4.1498E-27 2.3594E-07 2.6141E-08 3.1306E-07 1.5902E-07 5.4901E-07 1.77E-06 7.38E-06   0.595 0.6000 7.4500E-06   1168.072
12371.00 0.55302888 1.7871E-27            3.9722E-27 2.3952E-07 2.6414E-08 3.1721E-07 1.6085E-07 5.5674E-07 1.79E-06 7.43E-06   0.592 0.6000 7.4992E-06   1169.905
12381.00 0.55763698 1.7305E-27            3.8240E-27 2.4680E-07 2.6689E-08 3.2492E-07 1.6422E-07 5.7171E-07 1.82E-06 7.45E-06   0.584 0.6000 7.5115E-06   1172.710
12391.00 0.55618846 1.6486E-27            3.6408E-27 2.4748E-07 2.6859E-08 3.2543E-07 1.6443E-07 5.7291E-07 1.83E-06 7.50E-06   0.587 0.6000 7.5618E-06   1173.632
12401.00 0.55551898 1.5724E-27            3.4710E-27 2.4877E-07 2.7121E-08 3.2719E-07 1.6542E-07 5.7597E-07 1.84E-06 7.56E-06   0.588 0.6000 7.6275E-06   1174.804
12411.00 0.55761874 1.5126E-27            3.3261E-27 2.5049E-07 2.7044E-08 3.2810E-07 1.6541E-07 5.7859E-07 1.84E-06 7.51E-06   0.584 0.6000 7.5712E-06   1175.915
12421.00 0.55442989 1.4351E-27            3.1576E-27 2.4028E-07 2.6173E-08 3.1472E-07 1.5883E-07 5.5499E-07 1.76E-06 7.29E-06   0.590 0.6000 7.3492E-06   1173.458
12431.00 0.54091990 1.3215E-27            2.9395E-27 2.2903E-07 2.6304E-08 3.0296E-07 1.5415E-07 5.3200E-07 1.71E-06 7.46E-06   0.614 0.6000 7.5224E-06   1170.964
12441.00 0.54234529 1.2699E-27            2.8140E-27 2.3321E-07 2.6528E-08 3.0711E-07 1.5578E-07 5.4032E-07 1.73E-06 7.49E-06   0.612 0.6000 7.5586E-06   1172.913
12451.00 0.54037941 1.2076E-27            2.6767E-27 2.2831E-07 2.6176E-08 3.0071E-07 1.5260E-07 5.2903E-07 1.69E-06 7.40E-06   0.615 0.6000 7.4655E-06   1172.048
12461.00 0.53619277 1.1405E-27            2.5344E-27 2.2484E-07 2.6331E-08 2.9727E-07 1.5120E-07 5.2211E-07 1.68E-06 7.49E-06   0.623 0.6000 7.5531E-06   1171.796
12471.00 0.54328054 1.1135E-27            2.4523E-27 2.3702E-07 2.6815E-08 3.1019E-07 1.5679E-07 5.4722E-07 1.74E-06 7.53E-06   0.610 0.6000 7.5917E-06   1176.161
12481.00 0.53565758 1.0441E-27            2.3074E-27 2.3078E-07 2.6549E-08 3.0191E-07 1.5302E-07 5.3269E-07 1.70E-06 7.52E-06   0.624 0.6000 7.5823E-06   1174.847
12491.00 0.53934437 1.0080E-27            2.2178E-27 2.3323E-07 2.6508E-08 3.0413E-07 1.5368E-07 5.3737E-07 1.71E-06 7.45E-06   0.617 0.6000 7.5158E-06   1176.277
12501.00 0.54116589 9.6746E-28            2.1234E-27 2.3200E-07 2.6301E-08 3.0209E-07 1.5237E-07 5.3409E-07 1.69E-06 7.36E-06   0.614 0.6000 7.4276E-06   1176.563
12511.00 0.55165613 9.5121E-28            2.0670E-27 2.4952E-07 2.7347E-08 3.2262E-07 1.6178E-07 5.7213E-07 1.80E-06 7.53E-06   0.595 0.6000 7.5963E-06   1182.641
12521.00 0.54484457 8.9323E-28            1.9486E-27 2.4185E-07 2.7105E-08 3.1352E-07 1.5773E-07 5.5537E-07 1.75E-06 7.52E-06   0.607 0.6000 7.5909E-06   1181.092
12531.00 0.55272871 8.7190E-28            1.8870E-27 2.5138E-07 2.7421E-08 3.2375E-07 1.6205E-07 5.7513E-07 1.80E-06 7.51E-06   0.593 0.6000 7.5761E-06   1184.565
12541.00 0.54483354 8.1637E-28            1.7757E-27 2.4209E-07 2.7115E-08 3.1297E-07 1.5733E-07 5.5507E-07 1.75E-06 7.50E-06   0.607 0.6000 7.5663E-06   1182.566
12551.00 0.53161204 7.5285E-28            1.6546E-27 2.2748E-07 2.6703E-08 2.9640E-07 1.5040E-07 5.2388E-07 1.67E-06 7.51E-06   0.632 0.6000 7.5782E-06   1178.856
12561.00 0.52542913 7.0724E-28            1.5592E-27 2.1960E-07 2.6275E-08 2.8653E-07 1.4566E-07 5.0613E-07 1.62E-06 7.45E-06   0.644 0.6000 7.5178E-06   1176.964
12571.00 0.55101371 7.2566E-28            1.5617E-27 2.5071E-07 2.7382E-08 3.2098E-07 1.6031E-07 5.7170E-07 1.78E-06 7.47E-06   0.596 0.6000 7.5341E-06   1187.134
12581.00 0.55445331 7.0025E-28            1.4999E-27 2.4683E-07 2.6598E-08 3.1456E-07 1.5663E-07 5.6139E-07 1.74E-06 7.20E-06   0.590 0.6000 7.2713E-06   1186.476
12591.00 0.55812246 6.7623E-28            1.4413E-27 2.5343E-07 2.6885E-08 3.2132E-07 1.5947E-07 5.7475E-07 1.77E-06 7.23E-06   0.583 0.6000 7.2954E-06   1189.066
12601.00 0.55341423 6.3922E-28            1.3647E-27 2.4853E-07 2.6737E-08 3.1535E-07 1.5675E-07 5.6388E-07 1.74E-06 7.23E-06   0.592 0.6000 7.2929E-06   1188.335
12611.00 0.53843701 5.8706E-28            1.2668E-27 2.3806E-07 2.6896E-08 3.0431E-07 1.5243E-07 5.4237E-07 1.69E-06 7.42E-06   0.619 0.6000 7.4861E-06   1186.070
12621.00 0.53797269 5.6049E-28            1.2085E-27 2.3792E-07 2.6929E-08 3.0402E-07 1.5242E-07 5.4194E-07 1.69E-06 7.41E-06   0.620 0.6000 7.4847E-06   1186.764
12631.00 0.54279780 5.4301E-28            1.1636E-27 2.3881E-07 2.6745E-08 3.0437E-07 1.5206E-07 5.4317E-07 1.69E-06 7.31E-06   0.611 0.6000 7.3759E-06   1187.696
12641.00 0.53514391 5.0874E-28            1.0951E-27 2.3599E-07 2.7022E-08 3.0139E-07 1.5111E-07 5.3738E-07 1.68E-06 7.45E-06   0.625 0.6000 7.5189E-06   1187.620
12651.00 0.53533602 4.8719E-28            1.0459E-27 2.3945E-07 2.7287E-08 3.0467E-07 1.5242E-07 5.4412E-07 1.69E-06 7.50E-06   0.625 0.6000 7.5744E-06   1189.343
12661.00 0.52626687 4.5421E-28            9.8162E-28 2.2843E-07 2.6926E-08 2.9214E-07 1.4705E-07 5.2057E-07 1.63E-06 7.49E-06   0.642 0.6000 7.5617E-06   1186.669
12671.00 0.53406465 4.4258E-28            9.5034E-28 2.3660E-07 2.7407E-08 3.0188E-07 1.5134E-07 5.3848E-07 1.68E-06 7.53E-06   0.627 0.6000 7.6006E-06   1190.044
12681.00 0.54639059 4.3799E-28            9.2819E-28 2.5188E-07 2.7807E-08 3.1767E-07 1.5775E-07 5.6955E-07 1.75E-06 7.49E-06   0.604 0.6000 7.5620E-06   1195.176
12691.00 0.54366058 4.1565E-28            8.8165E-28 2.4810E-07 2.7622E-08 3.1297E-07 1.5567E-07 5.6107E-07 1.73E-06 7.45E-06   0.609 0.6000 7.5242E-06   1194.760
12701.00 0.54810840 4.0238E-28            8.4842E-28 2.5614E-07 2.8027E-08 3.2129E-07 1.5907E-07 5.7743E-07 1.77E-06 7.50E-06   0.601 0.6000 7.5755E-06   1197.768
12711.00 0.54740185 3.8399E-28            8.0873E-28 2.5705E-07 2.8206E-08 3.2199E-07 1.5923E-07 5.7904E-07 1.77E-06 7.55E-06   0.603 0.6000 7.6222E-06   1198.744
12721.00 0.55557382 3.7553E-28            7.8353E-28 2.6422E-07 2.8028E-08 3.2812E-07 1.6129E-07 5.9234E-07 1.79E-06 7.40E-06   0.588 0.6000 7.4713E-06   1201.289
12731.00 0.55573660 3.5923E-28            7.4811E-28 2.6468E-07 2.8029E-08 3.2804E-07 1.6109E-07 5.9272E-07 1.79E-06 7.38E-06   0.587 0.6000 7.4573E-06   1202.099
12741.00 0.55559134 3.4337E-28            7.1391E-28 2.6962E-07 2.8536E-08 3.3356E-07 1.6367E-07 6.0318E-07 1.82E-06 7.50E-06   0.588 0.6000 7.5819E-06   1204.240
12751.00 0.55615628 3.2883E-28            6.8215E-28 2.7049E-07 2.8538E-08 3.3389E-07 1.6363E-07 6.0437E-07 1.82E-06 7.49E-06   0.587 0.6000 7.5638E-06   1205.155
12761.00 0.55699694 3.1514E-28            6.5209E-28 2.6560E-07 2.7891E-08 3.2699E-07 1.6003E-07 5.9259E-07 1.78E-06 7.29E-06   0.585 0.6000 7.3715E-06   1204.357
12771.00 0.55693972 3.0129E-28            6.2237E-28 2.7123E-07 2.8461E-08 3.3333E-07 1.6299E-07 6.0456E-07 1.81E-06 7.43E-06   0.585 0.6000 7.5108E-06   1206.697
12781.00 0.55677396 2.8795E-28            5.9388E-28 2.7471E-07 2.8820E-08 3.3707E-07 1.6469E-07 6.1178E-07 1.83E-06 7.51E-06   0.586 0.6000 7.5955E-06   1208.397
12791.00 0.55653203 2.7513E-28            5.6661E-28 2.7516E-07 2.8871E-08 3.3710E-07 1.6459E-07 6.1226E-07 1.83E-06 7.52E-06   0.586 0.6000 7.5991E-06   1209.219
12801.00 0.55646354 2.6302E-28            5.4077E-28 2.7122E-07 2.8437E-08 3.3168E-07 1.6180E-07 6.0290E-07 1.80E-06 7.39E-06   0.586 0.6000 7.4738E-06   1208.754
12811.00 0.55601627 2.5117E-28            5.1576E-28 2.7442E-07 2.8804E-08 3.3516E-07 1.6340E-07 6.0958E-07 1.81E-06 7.48E-06   0.587 0.6000 7.5630E-06   1210.388
12821.00 0.55593413 2.4010E-28            4.9222E-28 2.7172E-07 2.8504E-08 3.3130E-07 1.6138E-07 6.0303E-07 1.79E-06 7.39E-06   0.587 0.6000 7.4729E-06   1210.287
12831.00 0.55544329 2.2926E-28            4.6941E-28 2.7496E-07 2.8880E-08 3.3483E-07 1.6301E-07 6.0979E-07 1.81E-06 7.48E-06   0.588 0.6000 7.5645E-06   1211.932
12841.00 0.55534816 2.1915E-28            4.4797E-28 2.7639E-07 2.9014E-08 3.3598E-07 1.6343E-07 6.1237E-07 1.81E-06 7.50E-06   0.588 0.6000 7.5875E-06   1213.027
12851.00 0.55500072 2.0934E-28            4.2732E-28 2.7630E-07 2.9022E-08 3.3538E-07 1.6304E-07 6.1168E-07 1.81E-06 7.50E-06   0.589 0.6000 7.5802E-06   1213.695
12861.00 0.55474925 2.0002E-28            4.0769E-28 2.7104E-07 2.8474E-08 3.2847E-07 1.5956E-07 5.9951E-07 1.77E-06 7.34E-06   0.589 0.6000 7.4270E-06   1212.855
12871.00 0.55452591 1.9113E-28            3.8898E-28 2.7750E-07 2.9154E-08 3.3578E-07 1.6299E-07 6.1328E-07 1.81E-06 7.51E-06   0.590 0.6000 7.5937E-06   1215.421
12881.00 0.55419075 1.8257E-28            3.7106E-28 2.7713E-07 2.9131E-08 3.3484E-07 1.6243E-07 6.1197E-07 1.80E-06 7.49E-06   0.590 0.6000 7.5782E-06   1216.008
12891.00 0.55373067 1.7434E-28            3.5388E-28 2.7690E-07 2.9142E-08 3.3415E-07 1.6200E-07 6.1106E-07 1.80E-06 7.49E-06   0.591 0.6000 7.5729E-06   1216.648
12901.00 0.55344719 1.6656E-28            3.3760E-28 2.6388E-07 2.7778E-08 3.1796E-07 1.5404E-07 5.8183E-07 1.71E-06 7.13E-06   0.592 0.6000 7.2091E-06   1213.505
12911.00 0.55291843 1.5903E-28            3.2193E-28 2.6981E-07 2.8445E-08 3.2474E-07 1.5725E-07 5.9455E-07 1.75E-06 7.29E-06   0.593 0.6000 7.3749E-06   1215.980
12921.00 0.55255741 1.5190E-28            3.0708E-28 2.7762E-07 2.9287E-08 3.3368E-07 1.6148E-07 6.1131E-07 1.79E-06 7.50E-06   0.593 0.6000 7.5841E-06   1218.954
12931.00 0.55198258 1.4501E-28            2.9279E-28 2.7583E-07 2.9144E-08 3.3118E-07 1.6019E-07 6.0701E-07 1.78E-06 7.46E-06   0.594 0.6000 7.5411E-06   1219.148
12941.00 0.55122107 1.3839E-28            2.7908E-28 2.6866E-07 2.8456E-08 3.2234E-07 1.5587E-07 5.9101E-07 1.73E-06 7.28E-06   0.596 0.6000 7.3599E-06   1217.774
12951.00 0.55075800 1.3215E-28            2.6615E-28 2.7224E-07 2.8868E-08 3.2624E-07 1.5766E-07 5.9848E-07 1.75E-06 7.38E-06   0.596 0.6000 7.4590E-06   1219.532
12961.00 0.55018198 1.2616E-28            2.5378E-28 2.6843E-07 2.8506E-08 3.2134E-07 1.5523E-07 5.8978E-07 1.72E-06 7.28E-06   0.598 0.6000 7.3595E-06   1219.120
12971.00 0.54923391 1.2033E-28            2.4181E-28 2.7288E-07 2.9060E-08 3.2647E-07 1.5769E-07 5.9935E-07 1.75E-06 7.42E-06   0.599 0.6000 7.5010E-06   1221.161
12981.00 0.54602367 1.1406E-28            2.2945E-28 2.6713E-07 2.8812E-08 3.2068E-07 1.5525E-07 5.8781E-07 1.72E-06 7.38E-06   0.605 0.6000 7.4677E-06   1220.366
12991.00 0.54151303 1.0765E-28            2.1719E-28 2.6003E-07 2.8539E-08 3.1393E-07 1.5268E-07 5.7396E-07 1.70E-06 7.35E-06   0.613 0.6000 7.4373E-06   1219.222
13001.00 0.53417480 1.0079E-28            2.0449E-28 2.5296E-07 2.8374E-08 3.0726E-07 1.5031E-07 5.6023E-07 1.67E-06 7.37E-06   0.627 0.6000 7.4697E-06   1218.053
13011.00 0.52789032 9.4447E-29            1.9290E-28 2.4950E-07 2.8387E-08 3.0366E-07 1.4924E-07 5.5316E-07 1.66E-06 7.42E-06   0.639 0.6000 7.5399E-06   1217.801
13021.00 0.51339358 8.6697E-29            1.7908E-28 2.3595E-07 2.7637E-08 2.8853E-07 1.4276E-07 5.2447E-07 1.59E-06 7.37E-06   0.667 0.6000 7.5258E-06   1214.348
13031.00 0.49885321 7.9652E-29            1.6609E-28 2.2353E-07 2.7022E-08 2.7484E-07 1.3671E-07 4.9836E-07 1.52E-06 7.37E-06   0.695 0.6000 7.5545E-06   1211.091
13041.00 0.47492787 7.1782E-29            1.5095E-28 1.9780E-07 2.4516E-08 2.4282E-07 1.2062E-07 4.4062E-07 1.34E-06 6.94E-06   0.745 0.6000 7.1580E-06   1202.278
13051.00 0.45038608 6.3333E-29            1.3665E-28 1.6795E-07 2.2822E-08 2.1135E-07 1.0715E-07 3.7930E-07 1.19E-06 6.82E-06   0.798 0.6000 7.0679E-06   1191.582
13061.00 0.41079396 5.4811E-29            1.1903E-28 1.4781E-07 2.1584E-08 1.8719E-07 9.5381E-08 3.3499E-07 1.06E-06 7.00E-06   0.890 0.6000 7.3488E-06   1182.998
13071.00 0.36695534 4.9414E-29            1.0153E-28 1.3020E-07 1.9801E-08 1.6262E-07 8.1519E-08 2.9283E-07 9.05E-07 7.07E-06   1.003 0.6000 7.5912E-06   1173.793
13081.00 0.32900485 4.1247E-29            8.6833E-29 1.0526E-07 1.7690E-08 1.3300E-07 6.7428E-08 2.3826E-07 7.49E-07 6.97E-06   1.112 0.6000 7.5900E-06   1159.600
13091.00 0.28260216 3.3571E-29            7.1152E-29 7.7820E-08 1.5108E-08 9.9183E-08 5.1154E-08 1.7700E-07 5.68E-07 6.81E-06   1.264 0.6000 7.5855E-06   1139.460
13101.00 0.25978377 2.9688E-29            6.2413E-29 6.6104E-08 1.3721E-08 8.3737E-08 4.3088E-08 1.4984E-07 4.78E-07 6.68E-06   1.348 0.6000 7.5818E-06   1128.798
13111.00 0.27887735 2.9743E-29            6.3869E-29 7.2023E-08 1.4364E-08 9.1590E-08 4.6856E-08 1.6361E-07 5.20E-07 6.65E-06   1.277 0.6000 7.5031E-06   1135.483
13121.00 0.40398848 4.2018E-29            8.8282E-29 1.4437E-07 2.0306E-08 1.7832E-07 8.7913E-08 3.2270E-07 9.76E-07 6.78E-06   0.906 0.6000 7.2390E-06   1184.618
13131.00 0.25825128 2.2233E-29            5.4268E-29 5.8804E-08 1.3298E-08 7.5520E-08 4.0398E-08 1.3432E-07 4.49E-07 6.60E-06   1.354 0.6000 7.4454E-06   1123.566
13141.00 0.13987398 1.1500E-29            2.7974E-29 1.6974E-08 7.9236E-09 1.8066E-08 1.0990E-08 3.5040E-08 1.22E-07 6.24E-06   1.967 0.6000 7.4787E-06   1041.082
13151.00 0.12787639 1.1753E-29            2.4253E-29 1.6794E-08 7.8786E-09 1.7453E-08 1.0881E-08 3.4247E-08 1.21E-07 6.11E-06   2.057 0.6000 7.4464E-06   1040.432
13161.00 0.24083346 1.7078E-29            4.3403E-29 6.3103E-08 1.4345E-08 7.8229E-08 4.3555E-08 1.4133E-07 4.84E-07 6.70E-06   1.424 0.6000 7.5141E-06   1129.088
13171.00 0.50818044 4.4159E-29            8.7884E-29 2.4817E-07 2.8004E-08 2.9047E-07 1.3962E-07 5.3864E-07 1.55E-06 7.34E-06   0.677 0.6000 7.4986E-06   1227.724
13181.00 0.54449832 4.6292E-29            9.0072E-29 2.7353E-07 2.9169E-08 3.1625E-07 1.5025E-07 5.8978E-07 1.67E-06 7.23E-06   0.608 0.6000 7.3163E-06   1235.735
13191.00 0.54495847 4.4309E-29            8.6043E-29 2.8166E-07 2.9948E-08 3.2477E-07 1.5412E-07 6.0642E-07 1.71E-06 7.41E-06   0.607 0.6000 7.4903E-06   1238.735
13201.00 0.54473287 4.2336E-29            8.2089E-29 2.8047E-07 2.9824E-08 3.2289E-07 1.5312E-07 6.0336E-07 1.70E-06 7.36E-06   0.607 0.6000 7.4493E-06   1239.081
13211.00 0.54452753 4.0452E-29            7.8319E-29 2.8083E-07 2.9859E-08 3.2277E-07 1.5294E-07 6.0360E-07 1.70E-06 7.36E-06   0.608 0.6000 7.4483E-06   1239.867
13221.00 0.54420066 3.8639E-29            7.4706E-29 2.8012E-07 2.9799E-08 3.2149E-07 1.5223E-07 6.0160E-07 1.69E-06 7.34E-06   0.608 0.6000 7.4250E-06   1240.354
13231.00 0.54385632 3.6905E-29            7.1257E-29 2.7875E-07 2.9671E-08 3.1946E-07 1.5116E-07 5.9822E-07 1.68E-06 7.30E-06   0.609 0.6000 7.3850E-06   1240.652
13241.00 0.54354769 3.5254E-29            6.7971E-29 2.8362E-07 3.0201E-08 3.2455E-07 1.5346E-07 6.0817E-07 1.70E-06 7.42E-06   0.610 0.6000 7.5083E-06   1242.743
13251.00 0.54328305 3.3680E-29            6.4842E-29 2.8472E-07 3.0324E-08 3.2530E-07 1.5370E-07 6.1002E-07 1.71E-06 7.44E-06   0.610 0.6000 7.5299E-06   1243.745
13261.00 0.54285431 3.2161E-29            6.1838E-29 2.8557E-07 3.0445E-08 3.2584E-07 1.5386E-07 6.1141E-07 1.71E-06 7.46E-06   0.611 0.6000 7.5529E-06   1244.684
13271.00 0.54263568 3.0731E-29            5.8996E-29 2.8300E-07 3.0169E-08 3.2238E-07 1.5211E-07 6.0538E-07 1.69E-06 7.38E-06   0.611 0.6000 7.4749E-06   1244.634
13281.00 0.54231006 2.9354E-29            5.6274E-29 2.8069E-07 2.9937E-08 3.1928E-07 1.5054E-07 5.9997E-07 1.67E-06 7.32E-06   0.612 0.6000 7.4093E-06   1244.660
13291.00 0.54196918 2.8038E-29            5.3676E-29 2.7983E-07 2.9862E-08 3.1783E-07 1.4975E-07 5.9767E-07 1.66E-06 7.29E-06   0.613 0.6000 7.3830E-06   1245.102
13301.00 0.54154921 2.6774E-29            5.1189E-29 2.8361E-07 3.0291E-08 3.2167E-07 1.5146E-07 6.0528E-07 1.68E-06 7.39E-06   0.613 0.6000 7.4823E-06   1246.883
13311.00 0.54130614 2.5580E-29            4.8834E-29 2.7527E-07 2.9404E-08 3.1172E-07 1.4666E-07 5.8699E-07 1.63E-06 7.16E-06   0.614 0.6000 7.2543E-06   1245.148
13321.00 0.54072100 2.4415E-29            4.6558E-29 2.8346E-07 3.0329E-08 3.2060E-07 1.5076E-07 6.0406E-07 1.67E-06 7.38E-06   0.615 0.6000 7.4775E-06   1248.228
13331.00 0.54048610 2.3326E-29            4.4416E-29 2.8118E-07 3.0088E-08 3.1753E-07 1.4921E-07 5.9871E-07 1.66E-06 7.31E-06   0.615 0.6000 7.4089E-06   1248.258
13341.00 0.54018879 2.2282E-29            4.2368E-29 2.7498E-07 2.9436E-08 3.1007E-07 1.4560E-07 5.8505E-07 1.62E-06 7.15E-06   0.616 0.6000 7.2399E-06   1247.139
13351.00 0.54000235 2.1292E-29            4.0423E-29 2.8384E-07 3.0377E-08 3.1953E-07 1.4992E-07 6.0337E-07 1.66E-06 7.36E-06   0.616 0.6000 7.4618E-06   1250.396
13361.00 0.53966159 2.0336E-29            3.8556E-29 2.8232E-07 3.0231E-08 3.1735E-07 1.4879E-07 5.9966E-07 1.65E-06 7.32E-06   0.617 0.6000 7.4177E-06   1250.649
13371.00 0.53906792 1.9409E-29            3.6758E-29 2.8179E-07 3.0227E-08 3.1637E-07 1.4826E-07 5.9816E-07 1.65E-06 7.31E-06   0.618 0.6000 7.4110E-06   1251.198
13381.00 0.53866237 1.8535E-29            3.5056E-29 2.8346E-07 3.0433E-08 3.1782E-07 1.4884E-07 6.0128E-07 1.65E-06 7.35E-06   0.619 0.6000 7.4538E-06   1252.374
13391.00 0.53834701 1.7703E-29            3.3437E-29 2.8378E-07 3.0481E-08 3.1771E-07 1.4868E-07 6.0149E-07 1.65E-06 7.36E-06   0.619 0.6000 7.4568E-06   1253.156
13401.00 0.53785044 1.6901E-29            3.1884E-29 2.8147E-07 3.0273E-08 3.1470E-07 1.4719E-07 5.9617E-07 1.63E-06 7.30E-06   0.620 0.6000 7.3986E-06   1253.185
13411.00 0.53690642 1.6113E-29            3.0377E-29 2.8328E-07 3.0571E-08 3.1645E-07 1.4797E-07 5.9974E-07 1.64E-06 7.37E-06   0.622 0.6000 7.4693E-06   1254.424
13421.00 0.53713024 1.5415E-29            2.9003E-29 2.7831E-07 2.9971E-08 3.1026E-07 1.4491E-07 5.8856E-07 1.61E-06 7.21E-06   0.622 0.6000 7.3080E-06   1253.645
13431.00 0.53579062 1.4680E-29            2.7613E-29 2.7329E-07 2.9582E-08 3.0448E-07 1.4222E-07 5.7777E-07 1.58E-06 7.12E-06   0.624 0.6000 7.2145E-06   1252.891
13441.00 0.53516603 1.4008E-29            2.6321E-29 2.8189E-07 3.0568E-08 3.1367E-07 1.4644E-07 5.9557E-07 1.63E-06 7.35E-06   0.625 0.6000 7.4488E-06   1256.113
13451.00 0.53584450 1.3420E-29            2.5154E-29 2.8390E-07 3.0659E-08 3.1514E-07 1.4691E-07 5.9903E-07 1.63E-06 7.35E-06   0.624 0.6000 7.4513E-06   1257.339
13461.00 0.53173524 1.2679E-29            2.3825E-29 2.7531E-07 3.0243E-08 3.0613E-07 1.4298E-07 5.8144E-07 1.59E-06 7.28E-06   0.632 0.6000 7.3809E-06   1255.660
13471.00 0.53081656 1.2085E-29            2.2695E-29 2.6470E-07 2.9186E-08 2.9411E-07 1.3736E-07 5.5881E-07 1.53E-06 7.03E-06   0.633 0.6000 7.1206E-06   1253.187
13481.00 0.53034848 1.1541E-29            2.1644E-29 2.6508E-07 2.9241E-08 2.9408E-07 1.3724E-07 5.5916E-07 1.52E-06 7.03E-06   0.634 0.6000 7.1258E-06   1253.988
13491.00 0.52582133 1.0888E-29            2.0480E-29 2.5837E-07 2.9027E-08 2.8718E-07 1.3435E-07 5.4555E-07 1.49E-06 7.01E-06   0.643 0.6000 7.1079E-06   1252.743
13501.00 0.52930623 1.0514E-29            1.9674E-29 2.7156E-07 3.0063E-08 3.0052E-07 1.4009E-07 5.7208E-07 1.56E-06 7.22E-06   0.636 0.6000 7.3132E-06   1257.342
13511.00 0.52309340 9.8793E-30            1.8562E-29 2.6299E-07 2.9826E-08 2.9176E-07 1.3645E-07 5.5476E-07 1.52E-06 7.21E-06   0.648 0.6000 7.3098E-06   1255.595
13521.00 0.51575327 9.2441E-30            1.7463E-29 2.5367E-07 2.9589E-08 2.8231E-07 1.3262E-07 5.3598E-07 1.47E-06 7.22E-06   0.662 0.6000 7.3173E-06   1253.557
13531.00 0.51795435 8.8873E-30            1.6732E-29 2.4897E-07 2.8784E-08 2.7629E-07 1.2955E-07 5.2526E-07 1.44E-06 6.99E-06   0.658 0.6000 7.0827E-06   1252.673
13541.00 0.50883770 8.2794E-30            1.5694E-29 2.4491E-07 2.9292E-08 2.7270E-07 1.2852E-07 5.1761E-07 1.43E-06 7.19E-06   0.676 0.6000 7.2893E-06   1252.239
13551.00 0.51761174 8.1142E-30            1.5233E-29 2.6183E-07 3.0309E-08 2.8979E-07 1.3559E-07 5.5162E-07 1.51E-06 7.34E-06   0.659 0.6000 7.4378E-06   1258.131
13561.00 0.50856715 7.5677E-30            1.4292E-29 2.5154E-07 3.0028E-08 2.7915E-07 1.3127E-07 5.3069E-07 1.46E-06 7.35E-06   0.676 0.6000 7.4514E-06   1255.746
13571.00 0.49779060 7.0067E-30            1.3344E-29 2.3708E-07 2.9424E-08 2.6405E-07 1.2511E-07 5.0112E-07 1.39E-06 7.30E-06   0.698 0.6000 7.3967E-06   1251.875
13581.00 0.49510247 6.6376E-30            1.2666E-29 2.2982E-07 2.9066E-08 2.5711E-07 1.2227E-07 4.8693E-07 1.36E-06 7.23E-06   0.703 0.6000 7.3305E-06   1250.316
13591.00 0.50574583 6.5500E-30            1.2347E-29 2.4244E-07 2.9389E-08 2.6907E-07 1.2674E-07 5.1151E-07 1.41E-06 7.19E-06   0.682 0.6000 7.2885E-06   1255.015
13601.00 0.49711344 6.1274E-30            1.1588E-29 2.3907E-07 2.9508E-08 2.6412E-07 1.2454E-07 5.0318E-07 1.38E-06 7.28E-06   0.699 0.6000 7.3844E-06   1254.439
13611.00 0.49759549 5.8546E-30            1.1064E-29 2.4171E-07 2.9851E-08 2.6719E-07 1.2609E-07 5.0890E-07 1.40E-06 7.35E-06   0.698 0.6000 7.4548E-06   1256.094
13621.00 0.51442069 5.8793E-30            1.0919E-29 2.6401E-07 3.0686E-08 2.8899E-07 1.3454E-07 5.5300E-07 1.49E-06 7.37E-06   0.665 0.6000 7.4763E-06   1263.573
13631.00 0.48133007 5.1092E-30            9.7551E-30 2.2557E-07 2.9105E-08 2.4914E-07 1.1860E-07 4.7471E-07 1.32E-06 7.30E-06   0.731 0.6000 7.3964E-06   1252.000
13641.00 0.48872206 4.9965E-30            9.4478E-30 2.2962E-07 2.8930E-08 2.5223E-07 1.1887E-07 4.8186E-07 1.32E-06 7.17E-06   0.716 0.6000 7.2736E-06   1253.939
13651.00 0.49366954 4.8463E-30            9.1076E-30 2.3554E-07 2.9196E-08 2.5826E-07 1.2129E-07 4.9381E-07 1.35E-06 7.19E-06   0.706 0.6000 7.2899E-06   1256.648
13661.00 0.44148475 3.9728E-30            7.7790E-30 1.8934E-07 2.7523E-08 2.0894E-07 1.0101E-07 3.9828E-07 1.12E-06 7.28E-06   0.818 0.6000 7.3809E-06   1240.334
13671.00 0.43705919 3.7139E-30            7.3499E-30 1.7626E-07 2.7100E-08 1.9680E-07 9.6254E-08 3.7306E-07 1.07E-06 7.22E-06   0.828 0.6000 7.3220E-06   1235.968
13681.00 0.44470060 3.6553E-30            7.1326E-30 1.8668E-07 2.7044E-08 2.0567E-07 9.9267E-08 3.9235E-07 1.10E-06 7.10E-06   0.810 0.6000 7.2028E-06   1240.631
13691.00 0.41743454 3.1932E-30            6.3834E-30 1.6739E-07 2.6739E-08 1.8482E-07 9.0807E-08 3.5221E-07 1.01E-06 7.29E-06   0.874 0.6000 7.3972E-06   1232.981
13701.00 0.45538768 3.4315E-30            6.6564E-30 1.9543E-07 2.8139E-08 2.1685E-07 1.0489E-07 4.1228E-07 1.16E-06 7.25E-06   0.787 0.6000 7.3541E-06   1245.992
13711.00 0.39611301 2.6999E-30            5.5245E-30 1.4008E-07 2.4667E-08 1.5589E-07 7.8584E-08 2.9596E-07 8.73E-07 6.93E-06   0.926 0.6000 7.0258E-06   1221.148
13721.00 0.45974240 3.1909E-30            6.1076E-30 2.0232E-07 2.7484E-08 2.2049E-07 1.0525E-07 4.2281E-07 1.17E-06 7.00E-06   0.777 0.6000 7.1045E-06   1249.456
13731.00 0.44022185 2.8878E-30            5.6019E-30 1.8549E-07 2.7408E-08 2.0320E-07 9.7789E-08 3.8869E-07 1.09E-06 7.21E-06   0.820 0.6000 7.3140E-06   1243.573
13741.00 0.37594804 2.2276E-30            4.5492E-30 1.4151E-07 2.5088E-08 1.5218E-07 7.5328E-08 2.9369E-07 8.36E-07 7.25E-06   0.978 0.6000 7.3536E-06   1222.740
13751.00 0.44855571 2.7043E-30            5.1843E-30 2.0102E-07 2.8399E-08 2.1817E-07 1.0385E-07 4.1919E-07 1.15E-06 7.33E-06   0.802 0.6000 7.4416E-06   1250.989
13761.00 0.40557688 2.2476E-30            4.4802E-30 1.6302E-07 2.6439E-08 1.7728E-07 8.7069E-08 3.4030E-07 9.67E-07 7.26E-06   0.902 0.6000 7.3658E-06   1235.442
13771.00 0.43053162 2.3010E-30            4.5330E-30 1.7055E-07 2.7184E-08 1.8874E-07 9.2615E-08 3.5929E-07 1.03E-06 7.19E-06   0.843 0.6000 7.2949E-06   1240.374
13781.00 0.40020275 2.0389E-30            4.0287E-30 1.6760E-07 2.6447E-08 1.7950E-07 8.7177E-08 3.4710E-07 9.68E-07 7.27E-06   0.916 0.6000 7.3832E-06   1238.428
13791.00 0.42177570 2.0627E-30            4.0409E-30 1.7380E-07 2.7139E-08 1.8916E-07 9.2023E-08 3.6296E-07 1.02E-06 7.23E-06   0.863 0.6000 7.3406E-06   1242.627
13801.00 0.39794907 1.8901E-30            3.6465E-30 1.6372E-07 2.6329E-08 1.7564E-07 8.5944E-08 3.3936E-07 9.54E-07 7.23E-06   0.921 0.6000 7.3445E-06   1238.146
13811.00 0.41455063 1.9500E-30            3.6221E-30 1.7836E-07 2.7029E-08 1.9107E-07 9.1565E-08 3.6943E-07 1.02E-06 7.25E-06   0.881 0.6000 7.3600E-06   1245.467
13821.00 0.38336039 1.6014E-30            3.1919E-30 1.5593E-07 2.5990E-08 1.6529E-07 8.0591E-08 3.2122E-07 8.95E-07 7.30E-06   0.959 0.6000 7.4156E-06   1235.374
13831.00 0.46436417 1.9771E-30            3.6940E-30 2.1746E-07 2.9061E-08 2.3267E-07 1.0916E-07 4.5013E-07 1.21E-06 7.23E-06   0.767 0.6000 7.3440E-06   1262.564
13841.00 0.47687647 1.9567E-30            3.6197E-30 2.2395E-07 2.8726E-08 2.3891E-07 1.1156E-07 4.6286E-07 1.24E-06 7.00E-06   0.740 0.6000 7.1063E-06   1265.542
13851.00 0.47814018 1.8740E-30            3.4664E-30 2.2608E-07 2.9628E-08 2.4247E-07 1.1342E-07 4.6855E-07 1.26E-06 7.22E-06   0.738 0.6000 7.3322E-06   1267.264
13861.00 0.47989884 1.8002E-30            3.3206E-30 2.2830E-07 2.9677E-08 2.4428E-07 1.1413E-07 4.7258E-07 1.27E-06 7.19E-06   0.734 0.6000 7.3065E-06   1268.696
13871.00 0.41717219 1.4278E-30            2.7578E-30 1.7051E-07 2.6197E-08 1.8195E-07 8.7598E-08 3.5246E-07 9.73E-07 6.94E-06   0.874 0.6000 7.0523E-06   1246.190
13881.00 0.36317959 1.1384E-30            2.2892E-30 1.3922E-07 2.4997E-08 1.4641E-07 7.2042E-08 2.8563E-07 8.00E-07 7.19E-06   1.013 0.6000 7.3060E-06   1230.766
13891.00 0.38035142 1.1365E-30            2.2849E-30 1.4103E-07 2.5471E-08 1.5127E-07 7.5377E-08 2.9229E-07 8.37E-07 7.11E-06   0.967 0.6000 7.2275E-06   1233.240
13901.00 0.37143674 1.0660E-30            2.1286E-30 1.3950E-07 2.4626E-08 1.4623E-07 7.1958E-08 2.8574E-07 7.99E-07 6.96E-06   0.990 0.6000 7.0741E-06   1232.238
13911.00 0.34555373 9.8344E-31            1.8942E-30 1.3013E-07 2.3652E-08 1.3363E-07 6.5630E-08 2.6376E-07 7.29E-07 6.92E-06   1.063 0.6000 7.0323E-06   1226.911
13921.00 0.39777747 1.1110E-30            2.0770E-30 1.6166E-07 2.5988E-08 1.7015E-07 8.2091E-08 3.3181E-07 9.12E-07 7.00E-06   0.922 0.6000 7.1195E-06   1245.148
13931.00 0.37768847 9.9434E-31            1.8846E-30 1.4361E-07 2.5744E-08 1.5260E-07 7.5865E-08 2.9621E-07 8.42E-07 7.14E-06   0.974 0.6000 7.2560E-06   1237.150
13941.00 0.38476673 9.1977E-31            1.8296E-30 1.4773E-07 2.6542E-08 1.5676E-07 7.7769E-08 3.0448E-07 8.64E-07 7.27E-06   0.955 0.6000 7.3884E-06   1239.981
13951.00 0.44134894 1.0614E-30            2.0014E-30 1.8404E-07 2.7626E-08 1.9526E-07 9.2821E-08 3.7931E-07 1.03E-06 6.97E-06   0.818 0.6000 7.0864E-06   1257.788
13961.00 0.49194407 1.1881E-30            2.1313E-30 2.4579E-07 3.0529E-08 2.5718E-07 1.1783E-07 5.0297E-07 1.31E-06 7.15E-06   0.709 0.6000 7.2741E-06   1281.171
13971.00 0.50109833 1.1673E-30            2.0720E-30 2.5966E-07 3.1096E-08 2.7014E-07 1.2295E-07 5.2980E-07 1.37E-06 7.18E-06   0.691 0.6000 7.3034E-06   1286.175
13981.00 0.49710819 1.1035E-30            1.9622E-30 2.4728E-07 3.0083E-08 2.5745E-07 1.1730E-07 5.0472E-07 1.30E-06 6.98E-06   0.699 0.6000 7.1012E-06   1282.940
13991.00 0.50466573 1.0788E-30            1.9005E-30 2.6110E-07 3.0687E-08 2.7012E-07 1.2227E-07 5.3122E-07 1.36E-06 7.03E-06   0.684 0.6000 7.1508E-06   1287.884
14001.00 0.50792915 1.0416E-30            1.8257E-30 2.7400E-07 3.1783E-08 2.8246E-07 1.2746E-07 5.5645E-07 1.42E-06 7.24E-06   0.677 0.6000 7.3618E-06   1292.464
14011.00 0.51062930 1.0040E-30            1.7515E-30 2.7791E-07 3.1795E-08 2.8527E-07 1.2831E-07 5.6318E-07 1.42E-06 7.20E-06   0.672 0.6000 7.3230E-06   1294.207
14021.00 0.50716770 9.4943E-31            1.6603E-30 2.6601E-07 3.0966E-08 2.7356E-07 1.2327E-07 5.3957E-07 1.37E-06 7.03E-06   0.679 0.6000 7.1568E-06   1291.403
14031.00 0.51188534 9.2068E-31            1.5990E-30 2.7892E-07 3.1710E-08 2.8508E-07 1.2786E-07 5.6400E-07 1.42E-06 7.14E-06   0.670 0.6000 7.2644E-06   1295.819
14041.00 0.51042110 8.7641E-31            1.5217E-30 2.7694E-07 3.1644E-08 2.8293E-07 1.2698E-07 5.5987E-07 1.41E-06 7.13E-06   0.673 0.6000 7.2526E-06   1295.955
14051.00 0.51163632 8.4079E-31            1.4555E-30 2.7926E-07 3.1713E-08 2.8451E-07 1.2742E-07 5.6377E-07 1.41E-06 7.12E-06   0.670 0.6000 7.2437E-06   1297.277
14061.00 0.50860459 7.9647E-31            1.3809E-30 2.7523E-07 3.1687E-08 2.8065E-07 1.2583E-07 5.5588E-07 1.40E-06 7.13E-06   0.676 0.6000 7.2598E-06   1296.849
14071.00 0.50715518 7.5803E-31            1.3140E-30 2.7820E-07 3.2189E-08 2.8345E-07 1.2707E-07 5.6165E-07 1.41E-06 7.25E-06   0.679 0.6000 7.3793E-06   1298.454
14081.00 0.50570536 7.2126E-31            1.2503E-30 2.7636E-07 3.2209E-08 2.8160E-07 1.2628E-07 5.5797E-07 1.40E-06 7.26E-06   0.682 0.6000 7.3891E-06   1298.651
14091.00 0.50727284 6.9262E-31            1.1969E-30 2.7698E-07 3.2007E-08 2.8131E-07 1.2595E-07 5.5830E-07 1.40E-06 7.18E-06   0.679 0.6000 7.3099E-06   1299.446
14101.00 0.50496435 6.5821E-31            1.1371E-30 2.7165E-07 3.1575E-08 2.7541E-07 1.2325E-07 5.4706E-07 1.37E-06 7.10E-06   0.683 0.6000 7.2252E-06   1298.498
14111.00 0.50872731 6.3614E-31            1.0930E-30 2.7709E-07 3.1667E-08 2.7980E-07 1.2479E-07 5.5689E-07 1.39E-06 7.07E-06   0.676 0.6000 7.1951E-06   1300.724
14121.00 0.49907210 5.9070E-31            1.0236E-30 2.6970E-07 3.2165E-08 2.7383E-07 1.2292E-07 5.4353E-07 1.36E-06 7.27E-06   0.695 0.6000 7.4015E-06   1299.448
14131.00 0.50181842 5.6902E-31            9.8187E-31 2.7336E-07 3.2235E-08 2.7677E-07 1.2385E-07 5.5013E-07 1.38E-06 7.25E-06   0.690 0.6000 7.3775E-06   1301.196
14141.00 0.50502658 5.4948E-31            9.4315E-31 2.6977E-07 3.1308E-08 2.7195E-07 1.2131E-07 5.4172E-07 1.35E-06 6.99E-06   0.683 0.6000 7.1188E-06   1300.658
14151.00 0.49639425 5.1149E-31            8.8461E-31 2.6381E-07 3.1754E-08 2.6713E-07 1.1995E-07 5.3094E-07 1.33E-06 7.17E-06   0.700 0.6000 7.2975E-06   1299.732
14161.00 0.49706921 4.8978E-31            8.4535E-31 2.6475E-07 3.1787E-08 2.6783E-07 1.2018E-07 5.3257E-07 1.33E-06 7.15E-06   0.699 0.6000 7.2867E-06   1300.729
14171.00 0.49247414 4.6252E-31            7.9944E-31 2.6037E-07 3.1612E-08 2.6282E-07 1.1798E-07 5.2319E-07 1.31E-06 7.15E-06   0.708 0.6000 7.2819E-06   1299.996
14181.00 0.48975852 4.3819E-31            7.5819E-31 2.6079E-07 3.1975E-08 2.6304E-07 1.1813E-07 5.2383E-07 1.31E-06 7.25E-06   0.714 0.6000 7.3827E-06   1300.839
14191.00 0.50269431 4.3549E-31            7.4291E-31 2.7912E-07 3.2549E-08 2.7931E-07 1.2419E-07 5.5843E-07 1.38E-06 7.23E-06   0.688 0.6000 7.3659E-06   1306.910
14201.00 0.48144379 3.9164E-31            6.7919E-31 2.5035E-07 3.1229E-08 2.5155E-07 1.1318E-07 5.0189E-07 1.26E-06 7.13E-06   0.731 0.6000 7.2675E-06   1298.782
14211.00 0.50313556 3.9906E-31            6.7686E-31 2.8046E-07 3.2224E-08 2.7843E-07 1.2327E-07 5.5889E-07 1.37E-06 7.12E-06   0.687 0.6000 7.2579E-06   1308.467
14221.00 0.48955372 3.6687E-31            6.2930E-31 2.6143E-07 3.1653E-08 2.6110E-07 1.1669E-07 5.2254E-07 1.30E-06 7.12E-06   0.714 0.6000 7.2581E-06   1303.601
14231.00 0.47264466 3.3233E-31            5.7904E-31 2.3529E-07 3.0434E-08 2.3664E-07 1.0704E-07 4.7193E-07 1.19E-06 7.01E-06   0.749 0.6000 7.1422E-06   1295.933
14241.00 0.48318174 3.2775E-31            5.6520E-31 2.4903E-07 3.1158E-08 2.4987E-07 1.1225E-07 4.9890E-07 1.25E-06 7.05E-06   0.727 0.6000 7.1894E-06   1301.247
14251.00 0.47557366 3.0626E-31            5.3060E-31 2.3674E-07 3.0205E-08 2.3700E-07 1.0669E-07 4.7374E-07 1.18E-06 6.90E-06   0.743 0.6000 7.0286E-06   1297.723
14261.00 0.48457688 3.0088E-31            5.1612E-31 2.5224E-07 3.1393E-08 2.5169E-07 1.1252E-07 5.0393E-07 1.25E-06 7.08E-06   0.724 0.6000 7.2140E-06   1303.556
14271.00 0.46895453 2.7438E-31            4.7666E-31 2.3170E-07 3.0532E-08 2.3220E-07 1.0476E-07 4.6390E-07 1.16E-06 7.03E-06   0.757 0.6000 7.1715E-06   1297.474
14281.00 0.48205033 2.7362E-31            4.6765E-31 2.5266E-07 3.1238E-08 2.5035E-07 1.1159E-07 5.0301E-07 1.24E-06 7.04E-06   0.730 0.6000 7.1755E-06   1304.885
 -9999.
