T F 2    2    2    0    2    2    2    2    2    2    1    0    0   0.0000.00000
    1    1    1    0    0    0   5.00000   0.00000   0.00000   0.00000   0.00000
 -99.000 -99.000 -99.000
 -99.00000 -99.00000 -99.00000  2.922360  0.000710 ! H2O & O3 COLUMNS [GM/CM2]
   36MID-LATITUDE SUMMER 
  10.00000  10.00000  90.14631  35.00101   0.31427   0.00000    1        0.00000
    0    0  172    0
   0.00000   0.00000   0.00000  70.01456   0.00000 180.00000   0.00000   0.00000
    9091.0   14286.0      10.0      10.0NW              
    0   0    0.000  0    0.000  0    1.000
    FREQ  TOT_TRANS  PTH_THRML  THRML_SCT  SURF_EMIS   SOL_SCAT  SING_SCAT  GRND_RFLT  DRCT_RFLT  TOTAL_RAD  REF_SOL  SOL@OBS   DEPTH DIR_EM    TOA_SUN BBODY_T[K]
 9091.00 0.95624715 2.8864E-26 0.0000E+00 0.0000E+00 9.6195E-09 9.6195E-09 0.0000E+00 0.0000E+00 9.6195E-09 6.54E-06 6.83E-06   0.045 1.0000 6.9214E-06    712.871
 9101.00 0.96357632 2.2738E-26 0.0000E+00 0.0000E+00 9.4601E-09 9.4601E-09 0.0000E+00 0.0000E+00 9.4601E-09 6.43E-06 6.67E-06   0.037 1.0000 6.7529E-06    712.878
 9111.00 0.96868742 1.8481E-26 0.0000E+00 0.0000E+00 9.5463E-09 9.5463E-09 0.0000E+00 0.0000E+00 9.5463E-09 6.48E-06 6.69E-06   0.032 1.0000 6.7702E-06    713.886
 9121.00 0.96774340 1.7821E-26 0.0000E+00 0.0000E+00 9.5537E-09 9.5537E-09 0.0000E+00 0.0000E+00 9.5537E-09 6.46E-06 6.68E-06   0.033 1.0000 6.7570E-06    714.572
 9131.00 0.96635002 1.7650E-26 0.0000E+00 0.0000E+00 9.5204E-09 9.5204E-09 0.0000E+00 0.0000E+00 9.5204E-09 6.41E-06 6.64E-06   0.034 1.0000 6.7175E-06    715.091
 9141.00 0.97263098 1.3563E-26 0.0000E+00 0.0000E+00 9.1977E-09 9.1977E-09 0.0000E+00 0.0000E+00 9.1977E-09 6.19E-06 6.37E-06   0.028 1.0000 6.4440E-06    714.405
 9151.00 0.96417284 1.6698E-26 0.0000E+00 0.0000E+00 9.7728E-09 9.7728E-09 0.0000E+00 0.0000E+00 9.7728E-09 6.53E-06 6.77E-06   0.036 1.0000 6.8615E-06    717.422
 9161.00 0.97534513 1.0880E-26 0.0000E+00 0.0000E+00 9.9785E-09 9.9785E-09 0.0000E+00 0.0000E+00 9.9785E-09 6.69E-06 6.85E-06   0.025 1.0000 6.9345E-06    718.894
 9171.00 0.96862960 1.3027E-26 0.0000E+00 0.0000E+00 1.0048E-08 1.0048E-08 0.0000E+00 0.0000E+00 1.0048E-08 6.69E-06 6.90E-06   0.032 1.0000 6.9883E-06    719.822
 9181.00 0.97265744 1.0735E-26 0.0000E+00 0.0000E+00 9.9398E-09 9.9398E-09 0.0000E+00 0.0000E+00 9.9398E-09 6.61E-06 6.79E-06   0.028 1.0000 6.8738E-06    720.054
 9191.00 0.97549176 9.0695E-27 0.0000E+00 0.0000E+00 9.9595E-09 9.9595E-09 0.0000E+00 0.0000E+00 9.9595E-09 6.61E-06 6.77E-06   0.025 1.0000 6.8531E-06    720.788
 9201.00 0.97072703 1.0188E-26 0.0000E+00 0.0000E+00 9.8547E-09 9.8547E-09 0.0000E+00 0.0000E+00 9.8547E-09 6.50E-06 6.70E-06   0.030 1.0000 6.7792E-06    721.028
 9211.00 0.97060573 9.7333E-27 0.0000E+00 0.0000E+00 1.0249E-08 1.0249E-08 0.0000E+00 0.0000E+00 1.0249E-08 6.74E-06 6.94E-06   0.030 1.0000 7.0277E-06    723.228
 9221.00 0.97386748 8.1197E-27 0.0000E+00 0.0000E+00 1.0217E-08 1.0217E-08 0.0000E+00 0.0000E+00 1.0217E-08 6.71E-06 6.88E-06   0.026 1.0000 6.9689E-06    723.763
 9231.00 0.97284198 7.9918E-27 0.0000E+00 0.0000E+00 9.9880E-09 9.9880E-09 0.0000E+00 0.0000E+00 9.9880E-09 6.53E-06 6.71E-06   0.028 1.0000 6.7955E-06    723.524
 9241.00 0.97500628 6.9177E-27 0.0000E+00 0.0000E+00 1.0017E-08 1.0017E-08 0.0000E+00 0.0000E+00 1.0017E-08 6.53E-06 6.70E-06   0.025 1.0000 6.7842E-06    724.295
 9251.00 0.97307199 7.0411E-27 0.0000E+00 0.0000E+00 1.0210E-08 1.0210E-08 0.0000E+00 0.0000E+00 1.0210E-08 6.63E-06 6.82E-06   0.027 1.0000 6.9007E-06    725.705
 9261.00 0.97357857 6.5327E-27 0.0000E+00 0.0000E+00 1.0385E-08 1.0385E-08 0.0000E+00 0.0000E+00 1.0385E-08 6.73E-06 6.91E-06   0.027 1.0000 6.9947E-06    727.032
 9271.00 0.97483802 5.8597E-27 0.0000E+00 0.0000E+00 1.0249E-08 1.0249E-08 0.0000E+00 0.0000E+00 1.0249E-08 6.62E-06 6.79E-06   0.025 1.0000 6.8762E-06    727.167
 9281.00 0.97208065 6.1393E-27 0.0000E+00 0.0000E+00 1.0498E-08 1.0498E-08 0.0000E+00 0.0000E+00 1.0498E-08 6.75E-06 6.94E-06   0.028 1.0000 7.0330E-06    728.778
 9291.00 0.97380918 5.4347E-27 0.0000E+00 0.0000E+00 1.0513E-08 1.0513E-08 0.0000E+00 0.0000E+00 1.0513E-08 6.74E-06 6.92E-06   0.027 1.0000 7.0135E-06    729.488
 9301.00 0.97209585 5.4588E-27 0.0000E+00 0.0000E+00 1.0309E-08 1.0309E-08 0.0000E+00 0.0000E+00 1.0309E-08 6.58E-06 6.77E-06   0.028 1.0000 6.8637E-06    729.367
 9311.00 0.97154647 5.2610E-27 0.0000E+00 0.0000E+00 1.0519E-08 1.0519E-08 0.0000E+00 0.0000E+00 1.0519E-08 6.69E-06 6.89E-06   0.029 1.0000 6.9849E-06    730.826
 9321.00 0.97022951 5.1894E-27 0.0000E+00 0.0000E+00 1.0392E-08 1.0392E-08 0.0000E+00 0.0000E+00 1.0392E-08 6.59E-06 6.79E-06   0.030 1.0000 6.8861E-06    730.999
 9331.00 0.96878684 5.1368E-27 0.0000E+00 0.0000E+00 1.0600E-08 1.0600E-08 0.0000E+00 0.0000E+00 1.0600E-08 6.69E-06 6.91E-06   0.032 1.0000 7.0103E-06    732.446
 9341.00 0.96705854 5.1140E-27 0.0000E+00 0.0000E+00 1.0572E-08 1.0572E-08 0.0000E+00 0.0000E+00 1.0572E-08 6.65E-06 6.87E-06   0.033 1.0000 6.9794E-06    732.996
 9351.00 0.96469432 5.1733E-27 0.0000E+00 0.0000E+00 1.0170E-08 1.0170E-08 0.0000E+00 0.0000E+00 1.0170E-08 6.37E-06 6.60E-06   0.036 1.0000 6.7060E-06    732.106
 9361.00 0.96164489 5.3025E-27 0.0000E+00 0.0000E+00 1.0489E-08 1.0489E-08 0.0000E+00 0.0000E+00 1.0489E-08 6.53E-06 6.79E-06   0.039 1.0000 6.9146E-06    733.993
 9371.00 0.96079654 5.1199E-27 0.0000E+00 0.0000E+00 1.0657E-08 1.0657E-08 0.0000E+00 0.0000E+00 1.0657E-08 6.61E-06 6.88E-06   0.040 1.0000 7.0062E-06    735.284
 9381.00 0.96036971 4.8832E-27 0.0000E+00 0.0000E+00 1.0636E-08 1.0636E-08 0.0000E+00 0.0000E+00 1.0636E-08 6.58E-06 6.85E-06   0.040 1.0000 6.9727E-06    735.863
 9391.00 0.96046841 4.5980E-27 0.0000E+00 0.0000E+00 1.0855E-08 1.0855E-08 0.0000E+00 0.0000E+00 1.0855E-08 6.69E-06 6.97E-06   0.040 1.0000 7.0927E-06    737.336
 9401.00 0.96148682 4.2281E-27 0.0000E+00 0.0000E+00 1.0817E-08 1.0817E-08 0.0000E+00 0.0000E+00 1.0817E-08 6.65E-06 6.92E-06   0.039 1.0000 7.0394E-06    737.853
 9411.00 0.96267092 3.8674E-27 0.0000E+00 0.0000E+00 1.0837E-08 1.0837E-08 0.0000E+00 0.0000E+00 1.0837E-08 6.65E-06 6.90E-06   0.038 1.0000 7.0221E-06    738.585
 9421.00 0.96361798 3.5567E-27 0.0000E+00 0.0000E+00 1.0855E-08 1.0855E-08 0.0000E+00 0.0000E+00 1.0855E-08 6.64E-06 6.89E-06   0.037 1.0000 7.0055E-06    739.305
 9431.00 0.96425205 3.2980E-27 0.0000E+00 0.0000E+00 1.0836E-08 1.0836E-08 0.0000E+00 0.0000E+00 1.0836E-08 6.61E-06 6.85E-06   0.036 1.0000 6.9676E-06    739.893
 9441.00 0.96503735 3.0443E-27 0.0000E+00 0.0000E+00 1.0846E-08 1.0846E-08 0.0000E+00 0.0000E+00 1.0846E-08 6.60E-06 6.84E-06   0.036 1.0000 6.9484E-06    740.587
 9451.00 0.96623498 2.7747E-27 0.0000E+00 0.0000E+00 1.0933E-08 1.0933E-08 0.0000E+00 0.0000E+00 1.0933E-08 6.64E-06 6.87E-06   0.034 1.0000 6.9764E-06    741.564
 9461.00 0.96757919 2.5143E-27 0.0000E+00 0.0000E+00 1.1152E-08 1.1152E-08 0.0000E+00 0.0000E+00 1.1152E-08 6.75E-06 6.98E-06   0.033 1.0000 7.0891E-06    743.025
 9471.00 0.96884501 2.2801E-27 0.0000E+00 0.0000E+00 1.1196E-08 1.1196E-08 0.0000E+00 0.0000E+00 1.1196E-08 6.77E-06 6.98E-06   0.032 1.0000 7.0904E-06    743.843
 9481.00 0.96987563 2.0803E-27 0.0000E+00 0.0000E+00 1.1228E-08 1.1228E-08 0.0000E+00 0.0000E+00 1.1228E-08 6.77E-06 6.98E-06   0.031 1.0000 7.0848E-06    744.612
 9491.00 0.97061676 1.9147E-27 0.0000E+00 0.0000E+00 1.1173E-08 1.1173E-08 0.0000E+00 0.0000E+00 1.1173E-08 6.72E-06 6.93E-06   0.030 1.0000 7.0271E-06    745.070
 9501.00 0.97114766 1.7742E-27 0.0000E+00 0.0000E+00 1.1270E-08 1.1270E-08 0.0000E+00 0.0000E+00 1.1270E-08 6.76E-06 6.96E-06   0.029 1.0000 7.0663E-06    746.079
 9511.00 0.97179759 1.6368E-27 0.0000E+00 0.0000E+00 1.1317E-08 1.1317E-08 0.0000E+00 0.0000E+00 1.1317E-08 6.78E-06 6.97E-06   0.029 1.0000 7.0729E-06    746.907
 9521.00 0.97200269 1.5326E-27 0.0000E+00 0.0000E+00 1.1342E-08 1.1342E-08 0.0000E+00 0.0000E+00 1.1342E-08 6.77E-06 6.97E-06   0.028 1.0000 7.0689E-06    747.654
 9531.00 0.97213912 1.4402E-27 0.0000E+00 0.0000E+00 1.1398E-08 1.1398E-08 0.0000E+00 0.0000E+00 1.1398E-08 6.79E-06 6.98E-06   0.028 1.0000 7.0837E-06    748.510
 9541.00 0.97323424 1.3052E-27 0.0000E+00 0.0000E+00 1.1444E-08 1.1444E-08 0.0000E+00 0.0000E+00 1.1444E-08 6.80E-06 6.99E-06   0.027 1.0000 7.0847E-06    749.331
 9551.00 0.97345734 1.2213E-27 0.0000E+00 0.0000E+00 1.1370E-08 1.1370E-08 0.0000E+00 0.0000E+00 1.1370E-08 6.74E-06 6.92E-06   0.027 1.0000 7.0183E-06    749.721
 9561.00 0.97361988 1.1455E-27 0.0000E+00 0.0000E+00 1.1281E-08 1.1281E-08 0.0000E+00 0.0000E+00 1.1281E-08 6.67E-06 6.85E-06   0.027 1.0000 6.9440E-06    750.058
 9571.00 0.97375190 1.0755E-27 0.0000E+00 0.0000E+00 1.1524E-08 1.1524E-08 0.0000E+00 0.0000E+00 1.1524E-08 6.79E-06 6.98E-06   0.027 1.0000 7.0733E-06    751.588
 9581.00 0.97385961 1.0107E-27 0.0000E+00 0.0000E+00 1.1573E-08 1.1573E-08 0.0000E+00 0.0000E+00 1.1573E-08 6.80E-06 6.99E-06   0.026 1.0000 7.0833E-06    752.418
 9591.00 0.97390741 9.5202E-28 0.0000E+00 0.0000E+00 1.1528E-08 1.1528E-08 0.0000E+00 0.0000E+00 1.1528E-08 6.76E-06 6.94E-06   0.026 1.0000 7.0362E-06    752.915
 9601.00 0.97389954 8.9863E-28 0.0000E+00 0.0000E+00 1.1665E-08 1.1665E-08 0.0000E+00 0.0000E+00 1.1665E-08 6.82E-06 7.00E-06   0.026 1.0000 7.1006E-06    754.057
 9611.00 0.97387695 8.4873E-28 0.0000E+00 0.0000E+00 1.1627E-08 1.1627E-08 0.0000E+00 0.0000E+00 1.1627E-08 6.78E-06 6.96E-06   0.026 1.0000 7.0589E-06    754.581
 9621.00 0.97385782 8.0151E-28 0.0000E+00 0.0000E+00 1.1651E-08 1.1651E-08 0.0000E+00 0.0000E+00 1.1651E-08 6.78E-06 6.96E-06   0.026 1.0000 7.0542E-06    755.320
 9631.00 0.97393221 7.5416E-28 0.0000E+00 0.0000E+00 1.1676E-08 1.1676E-08 0.0000E+00 0.0000E+00 1.1676E-08 6.77E-06 6.95E-06   0.026 1.0000 7.0494E-06    756.064
 9641.00 0.97368342 7.1844E-28 0.0000E+00 0.0000E+00 1.1628E-08 1.1628E-08 0.0000E+00 0.0000E+00 1.1628E-08 6.73E-06 6.91E-06   0.027 1.0000 7.0036E-06    756.553
 9651.00 0.97394687 6.7127E-28 0.0000E+00 0.0000E+00 1.1840E-08 1.1840E-08 0.0000E+00 0.0000E+00 1.1840E-08 6.83E-06 7.01E-06   0.026 1.0000 7.1097E-06    757.955
 9661.00 0.97407490 6.3024E-28 0.0000E+00 0.0000E+00 1.1733E-08 1.1733E-08 0.0000E+00 0.0000E+00 1.1733E-08 6.75E-06 6.93E-06   0.026 1.0000 7.0258E-06    758.238
 9671.00 0.97403026 5.9571E-28 0.0000E+00 0.0000E+00 1.1768E-08 1.1768E-08 0.0000E+00 0.0000E+00 1.1768E-08 6.75E-06 6.93E-06   0.026 1.0000 7.0276E-06    759.015
 9681.00 0.97401452 5.6252E-28 0.0000E+00 0.0000E+00 1.1767E-08 1.1767E-08 0.0000E+00 0.0000E+00 1.1767E-08 6.73E-06 6.91E-06   0.026 1.0000 7.0080E-06    759.668
 9691.00 0.97393346 5.3240E-28 0.0000E+00 0.0000E+00 1.1966E-08 1.1966E-08 0.0000E+00 0.0000E+00 1.1966E-08 6.83E-06 7.01E-06   0.026 1.0000 7.1079E-06    761.021
 9701.00 0.97388279 5.0342E-28 0.0000E+00 0.0000E+00 1.1981E-08 1.1981E-08 0.0000E+00 0.0000E+00 1.1981E-08 6.82E-06 7.00E-06   0.026 1.0000 7.0980E-06    761.729
 9711.00 0.97385877 4.7544E-28 0.0000E+00 0.0000E+00 1.1987E-08 1.1987E-08 0.0000E+00 0.0000E+00 1.1987E-08 6.80E-06 6.99E-06   0.026 1.0000 7.0827E-06    762.407
 9721.00 0.97362185 4.5271E-28 0.0000E+00 0.0000E+00 1.2027E-08 1.2027E-08 0.0000E+00 0.0000E+00 1.2027E-08 6.81E-06 6.99E-06   0.027 1.0000 7.0883E-06    763.204
 9731.00 0.97332376 4.3195E-28 0.0000E+00 0.0000E+00 1.2125E-08 1.2125E-08 0.0000E+00 0.0000E+00 1.2125E-08 6.84E-06 7.03E-06   0.027 1.0000 7.1280E-06    764.197
 9741.00 0.97356403 4.0399E-28 0.0000E+00 0.0000E+00 1.2137E-08 1.2137E-08 0.0000E+00 0.0000E+00 1.2137E-08 6.83E-06 7.02E-06   0.027 1.0000 7.1148E-06    764.894
 9751.00 0.97346872 3.8261E-28 0.0000E+00 0.0000E+00 1.2187E-08 1.2187E-08 0.0000E+00 0.0000E+00 1.2187E-08 6.84E-06 7.03E-06   0.027 1.0000 7.1256E-06    765.724
 9761.00 0.97313219 3.6533E-28 0.0000E+00 0.0000E+00 1.2194E-08 1.2194E-08 0.0000E+00 0.0000E+00 1.2194E-08 6.82E-06 7.01E-06   0.027 1.0000 7.1121E-06    766.405
 9771.00 0.97251600 3.5301E-28 0.0000E+00 0.0000E+00 1.2243E-08 1.2243E-08 0.0000E+00 0.0000E+00 1.2243E-08 6.83E-06 7.02E-06   0.028 1.0000 7.1242E-06    767.229
 9781.00 0.97319973 3.2470E-28 0.0000E+00 0.0000E+00 1.2144E-08 1.2144E-08 0.0000E+00 0.0000E+00 1.2144E-08 6.76E-06 6.95E-06   0.027 1.0000 7.0450E-06    767.546
 9791.00 0.97320998 3.0630E-28 0.0000E+00 0.0000E+00 1.2166E-08 1.2166E-08 0.0000E+00 0.0000E+00 1.2166E-08 6.75E-06 6.94E-06   0.027 1.0000 7.0386E-06    768.276
 9801.00 0.97314817 2.8958E-28 0.0000E+00 0.0000E+00 1.2227E-08 1.2227E-08 0.0000E+00 0.0000E+00 1.2227E-08 6.77E-06 6.96E-06   0.027 1.0000 7.0554E-06    769.142
 9811.00 0.97236747 2.8132E-28 0.0000E+00 0.0000E+00 1.2121E-08 1.2121E-08 0.0000E+00 0.0000E+00 1.2121E-08 6.69E-06 6.88E-06   0.028 1.0000 6.9787E-06    769.433
 9821.00 0.97326458 2.5674E-28 0.0000E+00 0.0000E+00 1.2305E-08 1.2305E-08 0.0000E+00 0.0000E+00 1.2305E-08 6.78E-06 6.96E-06   0.027 1.0000 7.0623E-06    770.725
 9831.00 0.97292697 2.4535E-28 0.0000E+00 0.0000E+00 1.2361E-08 1.2361E-08 0.0000E+00 0.0000E+00 1.2361E-08 6.79E-06 6.98E-06   0.027 1.0000 7.0767E-06    771.570
 9841.00 0.97299147 2.3091E-28 0.0000E+00 0.0000E+00 1.2357E-08 1.2357E-08 0.0000E+00 0.0000E+00 1.2357E-08 6.77E-06 6.96E-06   0.027 1.0000 7.0554E-06    772.214
 9851.00 0.97260785 2.2101E-28 0.0000E+00 0.0000E+00 1.2380E-08 1.2380E-08 0.0000E+00 0.0000E+00 1.2380E-08 6.76E-06 6.95E-06   0.028 1.0000 7.0514E-06    772.949
 9861.00 0.97279501 2.0717E-28 0.0000E+00 0.0000E+00 1.2506E-08 1.2506E-08 0.0000E+00 0.0000E+00 1.2506E-08 6.81E-06 7.00E-06   0.028 1.0000 7.1034E-06    774.032
 9871.00 0.97276175 1.9565E-28 0.0000E+00 0.0000E+00 1.2552E-08 1.2552E-08 0.0000E+00 0.0000E+00 1.2552E-08 6.82E-06 7.01E-06   0.028 1.0000 7.1106E-06    774.842
 9881.00 0.97213739 1.8887E-28 0.0000E+00 0.0000E+00 1.2584E-08 1.2584E-08 0.0000E+00 0.0000E+00 1.2584E-08 6.81E-06 7.01E-06   0.028 1.0000 7.1125E-06    775.607
 9891.00 0.97256672 1.7543E-28 0.0000E+00 0.0000E+00 1.2624E-08 1.2624E-08 0.0000E+00 0.0000E+00 1.2624E-08 6.82E-06 7.01E-06   0.028 1.0000 7.1147E-06    776.398
 9901.00 0.97120106 1.7368E-28 0.0000E+00 0.0000E+00 1.2674E-08 1.2674E-08 0.0000E+00 0.0000E+00 1.2674E-08 6.82E-06 7.03E-06   0.029 1.0000 7.1297E-06    777.222
 9911.00 0.97099864 1.6525E-28 0.0000E+00 0.0000E+00 1.2670E-08 1.2670E-08 0.0000E+00 0.0000E+00 1.2670E-08 6.80E-06 7.01E-06   0.029 1.0000 7.1100E-06    777.867
 9921.00 0.97188812 1.5106E-28 0.0000E+00 0.0000E+00 1.2723E-08 1.2723E-08 0.0000E+00 0.0000E+00 1.2723E-08 6.82E-06 7.01E-06   0.029 1.0000 7.1166E-06    778.698
 9931.00 0.97229797 1.4043E-28 0.0000E+00 0.0000E+00 1.2685E-08 1.2685E-08 0.0000E+00 0.0000E+00 1.2685E-08 6.78E-06 6.97E-06   0.028 1.0000 7.0750E-06    779.228
 9941.00 0.97202373 1.3380E-28 0.0000E+00 0.0000E+00 1.2295E-08 1.2295E-08 0.0000E+00 0.0000E+00 1.2295E-08 6.55E-06 6.74E-06   0.028 1.0000 6.8405E-06    778.558
 9951.00 0.97204316 1.2617E-28 0.0000E+00 0.0000E+00 1.2068E-08 1.2068E-08 0.0000E+00 0.0000E+00 1.2068E-08 6.41E-06 6.60E-06   0.028 1.0000 6.6965E-06    778.426
 9961.00 0.97166502 1.2070E-28 0.0000E+00 0.0000E+00 1.2683E-08 1.2683E-08 0.0000E+00 0.0000E+00 1.2683E-08 6.72E-06 6.92E-06   0.029 1.0000 7.0208E-06    781.190
 9971.00 0.97171551 1.1357E-28 0.0000E+00 0.0000E+00 1.2841E-08 1.2841E-08 0.0000E+00 0.0000E+00 1.2841E-08 6.79E-06 6.98E-06   0.029 1.0000 7.0893E-06    782.374
 9981.00 0.97012198 1.1333E-28 0.0000E+00 0.0000E+00 1.2964E-08 1.2964E-08 0.0000E+00 0.0000E+00 1.2964E-08 6.83E-06 7.04E-06   0.030 1.0000 7.1451E-06    783.436
 9991.00 0.97198194 1.0023E-28 0.0000E+00 0.0000E+00 1.3000E-08 1.3000E-08 0.0000E+00 0.0000E+00 1.3000E-08 6.84E-06 7.03E-06   0.028 1.0000 7.1388E-06    784.213
10001.00 0.97151476 9.6136E-29 0.0000E+00 0.0000E+00 1.2966E-08 1.2966E-08 0.0000E+00 0.0000E+00 1.2966E-08 6.80E-06 7.00E-06   0.029 1.0000 7.1031E-06    784.755
10011.00 0.97170097 9.0132E-29 0.0000E+00 0.0000E+00 1.3023E-08 1.3023E-08 0.0000E+00 0.0000E+00 1.3023E-08 6.81E-06 7.01E-06   0.029 1.0000 7.1150E-06    785.600
10021.00 0.97164726 8.5200E-29 0.0000E+00 0.0000E+00 1.3085E-08 1.3085E-08 0.0000E+00 0.0000E+00 1.3085E-08 6.82E-06 7.02E-06   0.029 1.0000 7.1310E-06    786.462
10031.00 0.97172880 8.0153E-29 0.0000E+00 0.0000E+00 1.3121E-08 1.3121E-08 0.0000E+00 0.0000E+00 1.3121E-08 6.82E-06 7.02E-06   0.029 1.0000 7.1318E-06    787.236
10041.00 0.97162521 7.5895E-29 0.0000E+00 0.0000E+00 1.3125E-08 1.3125E-08 0.0000E+00 0.0000E+00 1.3125E-08 6.81E-06 7.01E-06   0.029 1.0000 7.1164E-06    787.906
10051.00 0.97161102 7.1650E-29 0.0000E+00 0.0000E+00 1.3164E-08 1.3164E-08 0.0000E+00 0.0000E+00 1.3164E-08 6.81E-06 7.01E-06   0.029 1.0000 7.1191E-06    788.688
10061.00 0.97132093 6.8288E-29 0.0000E+00 0.0000E+00 1.3215E-08 1.3215E-08 0.0000E+00 0.0000E+00 1.3215E-08 6.82E-06 7.02E-06   0.029 1.0000 7.1296E-06    789.512
10071.00 0.96999902 6.7404E-29 0.0000E+00 0.0000E+00 1.3226E-08 1.3226E-08 0.0000E+00 0.0000E+00 1.3226E-08 6.80E-06 7.01E-06   0.030 1.0000 7.1221E-06    790.202
10081.00 0.97100723 6.1464E-29 0.0000E+00 0.0000E+00 1.3231E-08 1.3231E-08 0.0000E+00 0.0000E+00 1.3231E-08 6.79E-06 6.99E-06   0.029 1.0000 7.1031E-06    790.877
10091.00 0.97041738 5.9149E-29 0.0000E+00 0.0000E+00 1.3227E-08 1.3227E-08 0.0000E+00 0.0000E+00 1.3227E-08 6.77E-06 6.97E-06   0.030 1.0000 7.0846E-06    791.518
10101.00 0.96953648 5.7507E-29 0.0000E+00 0.0000E+00 1.3168E-08 1.3168E-08 0.0000E+00 0.0000E+00 1.3168E-08 6.72E-06 6.93E-06   0.031 1.0000 7.0367E-06    791.981
10111.00 0.97085381 5.1903E-29 0.0000E+00 0.0000E+00 1.3182E-08 1.3182E-08 0.0000E+00 0.0000E+00 1.3182E-08 6.71E-06 6.91E-06   0.030 1.0000 7.0192E-06    792.683
10121.00 0.96924227 5.1616E-29 0.0000E+00 0.0000E+00 1.3374E-08 1.3374E-08 0.0000E+00 0.0000E+00 1.3374E-08 6.78E-06 7.00E-06   0.031 1.0000 7.1091E-06    793.964
10131.00 0.96860498 4.9810E-29 0.0000E+00 0.0000E+00 1.3341E-08 1.3341E-08 0.0000E+00 0.0000E+00 1.3341E-08 6.75E-06 6.96E-06   0.032 1.0000 7.0756E-06    794.514
10141.00 0.96974343 4.5220E-29 0.0000E+00 0.0000E+00 1.3396E-08 1.3396E-08 0.0000E+00 0.0000E+00 1.3396E-08 6.76E-06 6.97E-06   0.031 1.0000 7.0813E-06    795.349
10151.00 0.96395487 5.0794E-29 0.0000E+00 0.0000E+00 1.3444E-08 1.3444E-08 0.0000E+00 0.0000E+00 1.3444E-08 6.75E-06 7.00E-06   0.037 1.0000 7.1130E-06    796.161
10161.00 0.96612823 4.5111E-29 0.0000E+00 0.0000E+00 1.3451E-08 1.3451E-08 0.0000E+00 0.0000E+00 1.3451E-08 6.74E-06 6.98E-06   0.034 1.0000 7.0884E-06    796.839
10171.00 0.96100938 4.8842E-29 0.0000E+00 0.0000E+00 1.3445E-08 1.3445E-08 0.0000E+00 0.0000E+00 1.3445E-08 6.70E-06 6.97E-06   0.040 1.0000 7.0885E-06    797.474
10181.00 0.96076488 4.6574E-29 0.0000E+00 0.0000E+00 1.3546E-08 1.3546E-08 0.0000E+00 0.0000E+00 1.3546E-08 6.73E-06 7.01E-06   0.040 1.0000 7.1238E-06    798.455
10191.00 0.96292996 4.1419E-29 0.0000E+00 0.0000E+00 1.3618E-08 1.3618E-08 0.0000E+00 0.0000E+00 1.3618E-08 6.76E-06 7.02E-06   0.038 1.0000 7.1342E-06    799.344
10201.00 0.94892550 5.3766E-29 0.0000E+00 0.0000E+00 1.3414E-08 1.3414E-08 0.0000E+00 0.0000E+00 1.3414E-08 6.60E-06 6.95E-06   0.052 1.0000 7.0727E-06    799.341
10211.00 0.94596714 5.3840E-29 0.0000E+00 0.0000E+00 1.3352E-08 1.3352E-08 0.0000E+00 0.0000E+00 1.3352E-08 6.54E-06 6.91E-06   0.056 1.0000 7.0352E-06    799.795
10221.00 0.94476748 5.1814E-29 0.0000E+00 0.0000E+00 1.3407E-08 1.3407E-08 0.0000E+00 0.0000E+00 1.3407E-08 6.55E-06 6.92E-06   0.057 1.0000 7.0526E-06    800.631
10231.00 0.95480663 4.0028E-29 0.0000E+00 0.0000E+00 1.3599E-08 1.3599E-08 0.0000E+00 0.0000E+00 1.3599E-08 6.65E-06 6.96E-06   0.046 1.0000 7.0865E-06    801.906
10241.00 0.93520510 5.4025E-29 0.0000E+00 0.0000E+00 1.3363E-08 1.3363E-08 0.0000E+00 0.0000E+00 1.3363E-08 6.46E-06 6.90E-06   0.067 1.0000 7.0343E-06    801.797
10251.00 0.93315005 5.2724E-29 0.0000E+00 0.0000E+00 1.3520E-08 1.3520E-08 0.0000E+00 0.0000E+00 1.3520E-08 6.52E-06 6.97E-06   0.069 1.0000 7.1175E-06    802.964
10261.00 0.93381721 4.9174E-29 0.0000E+00 0.0000E+00 1.3340E-08 1.3340E-08 0.0000E+00 0.0000E+00 1.3340E-08 6.42E-06 6.85E-06   0.068 1.0000 7.0004E-06    803.032
10271.00 0.93630409 4.4896E-29 0.0000E+00 0.0000E+00 1.3462E-08 1.3462E-08 0.0000E+00 0.0000E+00 1.3462E-08 6.46E-06 6.89E-06   0.066 1.0000 7.0253E-06    804.086
10281.00 0.94493598 3.6452E-29 0.0000E+00 0.0000E+00 1.3726E-08 1.3726E-08 0.0000E+00 0.0000E+00 1.3726E-08 6.60E-06 6.97E-06   0.057 1.0000 7.1074E-06    805.590
10291.00 0.94548470 3.4094E-29 0.0000E+00 0.0000E+00 1.3785E-08 1.3785E-08 0.0000E+00 0.0000E+00 1.3785E-08 6.62E-06 6.98E-06   0.056 1.0000 7.1198E-06    806.434
10301.00 0.94901556 2.9908E-29 0.0000E+00 0.0000E+00 1.3739E-08 1.3739E-08 0.0000E+00 0.0000E+00 1.3739E-08 6.58E-06 6.93E-06   0.052 1.0000 7.0598E-06    806.944
10311.00 0.95131886 2.7206E-29 0.0000E+00 0.0000E+00 1.3890E-08 1.3890E-08 0.0000E+00 0.0000E+00 1.3890E-08 6.64E-06 6.98E-06   0.050 1.0000 7.1065E-06    808.081
10321.00 0.95011348 2.6026E-29 0.0000E+00 0.0000E+00 1.3867E-08 1.3867E-08 0.0000E+00 0.0000E+00 1.3867E-08 6.61E-06 6.95E-06   0.051 1.0000 7.0834E-06    808.662
10331.00 0.94310439 2.8198E-29 0.0000E+00 0.0000E+00 1.3749E-08 1.3749E-08 0.0000E+00 0.0000E+00 1.3749E-08 6.52E-06 6.90E-06   0.059 1.0000 7.0410E-06    808.940
10341.00 0.91556334 3.9192E-29 0.0000E+00 0.0000E+00 1.3618E-08 1.3618E-08 0.0000E+00 0.0000E+00 1.3618E-08 6.36E-06 6.92E-06   0.088 1.0000 7.0807E-06    809.173
10351.00 0.91296464 3.8566E-29 0.0000E+00 0.0000E+00 1.3374E-08 1.3374E-08 0.0000E+00 0.0000E+00 1.3374E-08 6.22E-06 6.79E-06   0.091 1.0000 6.9482E-06    809.033
10361.00 0.91444319 3.5372E-29 0.0000E+00 0.0000E+00 1.3611E-08 1.3611E-08 0.0000E+00 0.0000E+00 1.3611E-08 6.31E-06 6.89E-06   0.089 1.0000 7.0420E-06    810.462
10371.00 0.90008521 3.9251E-29 0.0000E+00 0.0000E+00 1.3473E-08 1.3473E-08 0.0000E+00 0.0000E+00 1.3473E-08 6.20E-06 6.85E-06   0.105 1.0000 7.0259E-06    810.668
10381.00 0.92172414 2.8900E-29 0.0000E+00 0.0000E+00 1.3723E-08 1.3723E-08 0.0000E+00 0.0000E+00 1.3723E-08 6.36E-06 6.87E-06   0.082 1.0000 7.0297E-06    812.133
10391.00 0.88063717 4.1736E-29 0.0000E+00 0.0000E+00 1.3338E-08 1.3338E-08 0.0000E+00 0.0000E+00 1.3338E-08 6.05E-06 6.82E-06   0.127 1.0000 7.0152E-06    811.532
10401.00 0.91486049 2.7913E-29 0.0000E+00 0.0000E+00 1.3902E-08 1.3902E-08 0.0000E+00 0.0000E+00 1.3902E-08 6.38E-06 6.96E-06   0.089 1.0000 7.1156E-06    814.014
10411.00 0.89379638 3.3042E-29 0.0000E+00 0.0000E+00 1.3526E-08 1.3526E-08 0.0000E+00 0.0000E+00 1.3526E-08 6.13E-06 6.83E-06   0.112 1.0000 7.0090E-06    813.457
10421.00 0.86120105 4.0540E-29 0.0000E+00 0.0000E+00 1.3449E-08 1.3449E-08 0.0000E+00 0.0000E+00 1.3449E-08 5.98E-06 6.90E-06   0.149 1.0000 7.1097E-06    813.859
10431.00 0.88030708 3.3131E-29 0.0000E+00 0.0000E+00 1.3686E-08 1.3686E-08 0.0000E+00 0.0000E+00 1.3686E-08 6.14E-06 6.93E-06   0.127 1.0000 7.1282E-06    815.287
10441.00 0.90484542 2.4895E-29 0.0000E+00 0.0000E+00 1.3768E-08 1.3768E-08 0.0000E+00 0.0000E+00 1.3768E-08 6.23E-06 6.86E-06   0.100 1.0000 7.0319E-06    816.204
10451.00 0.86307675 3.3675E-29 0.0000E+00 0.0000E+00 1.3398E-08 1.3398E-08 0.0000E+00 0.0000E+00 1.3398E-08 5.94E-06 6.81E-06   0.147 1.0000 7.0411E-06    815.651
10461.00 0.86371034 3.1611E-29 0.0000E+00 0.0000E+00 1.3412E-08 1.3412E-08 0.0000E+00 0.0000E+00 1.3412E-08 5.92E-06 6.80E-06   0.147 1.0000 7.0152E-06    816.352
10471.00 0.86984056 2.8402E-29 0.0000E+00 0.0000E+00 1.2777E-08 1.2777E-08 0.0000E+00 0.0000E+00 1.2777E-08 5.66E-06 6.43E-06   0.139 1.0000 6.6482E-06    814.862
10481.00 0.87880802 2.5171E-29 0.0000E+00 0.0000E+00 1.3449E-08 1.3449E-08 0.0000E+00 0.0000E+00 1.3449E-08 5.97E-06 6.72E-06   0.129 1.0000 6.9292E-06    817.781
10491.00 0.86332989 2.6486E-29 0.0000E+00 0.0000E+00 1.3584E-08 1.3584E-08 0.0000E+00 0.0000E+00 1.3584E-08 5.96E-06 6.83E-06   0.147 1.0000 7.0576E-06    818.876
10501.00 0.80995059 3.4955E-29 0.0000E+00 0.0000E+00 1.3117E-08 1.3117E-08 0.0000E+00 0.0000E+00 1.3117E-08 5.62E-06 6.78E-06   0.211 1.0000 7.1082E-06    817.976
10511.00 0.90819997 1.6085E-29 0.0000E+00 0.0000E+00 1.4159E-08 1.4159E-08 0.0000E+00 0.0000E+00 1.4159E-08 6.30E-06 6.91E-06   0.096 1.0000 7.0870E-06    822.033
10521.00 0.82550037 2.8303E-29 0.0000E+00 0.0000E+00 1.3312E-08 1.3312E-08 0.0000E+00 0.0000E+00 1.3312E-08 5.70E-06 6.77E-06   0.192 1.0000 7.0837E-06    819.937
10531.00 0.83193505 2.6149E-29 0.0000E+00 0.0000E+00 1.3507E-08 1.3507E-08 0.0000E+00 0.0000E+00 1.3507E-08 5.80E-06 6.83E-06   0.184 1.0000 7.1337E-06    821.236
10541.00 0.84281558 2.2663E-29 0.0000E+00 0.0000E+00 1.3627E-08 1.3627E-08 0.0000E+00 0.0000E+00 1.3627E-08 5.86E-06 6.83E-06   0.171 1.0000 7.1238E-06    822.285
10551.00 0.83775687 2.2396E-29 0.0000E+00 0.0000E+00 1.3632E-08 1.3632E-08 0.0000E+00 0.0000E+00 1.3632E-08 5.81E-06 6.84E-06   0.177 1.0000 7.1123E-06    822.953
10561.00 0.84554654 1.9934E-29 0.0000E+00 0.0000E+00 1.3673E-08 1.3673E-08 0.0000E+00 0.0000E+00 1.3673E-08 5.83E-06 6.81E-06   0.168 1.0000 7.0759E-06    823.742
10571.00 0.79710919 2.4851E-29 0.0000E+00 0.0000E+00 1.3120E-08 1.3120E-08 0.0000E+00 0.0000E+00 1.3120E-08 5.48E-06 6.70E-06   0.227 1.0000 7.0632E-06    822.554
10581.00 0.85396838 1.6779E-29 0.0000E+00 0.0000E+00 1.3681E-08 1.3681E-08 0.0000E+00 0.0000E+00 1.3681E-08 5.84E-06 6.75E-06   0.158 1.0000 7.0083E-06    825.073
10591.00 0.77401781 2.4693E-29 0.0000E+00 0.0000E+00 1.2615E-08 1.2615E-08 0.0000E+00 0.0000E+00 1.2615E-08 5.21E-06 6.49E-06   0.256 1.0000 6.9242E-06    822.113
10601.00 0.80575848 1.9794E-29 0.0000E+00 0.0000E+00 1.3150E-08 1.3150E-08 0.0000E+00 0.0000E+00 1.3150E-08 5.50E-06 6.62E-06   0.216 1.0000 7.0103E-06    824.609
10611.00 0.84884942 1.4751E-29 0.0000E+00 0.0000E+00 1.3662E-08 1.3662E-08 0.0000E+00 0.0000E+00 1.3662E-08 5.80E-06 6.70E-06   0.164 1.0000 7.0013E-06    826.968
10621.00 0.87545717 1.1350E-29 0.0000E+00 0.0000E+00 1.3400E-08 1.3400E-08 0.0000E+00 0.0000E+00 1.3400E-08 5.71E-06 6.47E-06   0.133 1.0000 6.6904E-06    826.754
10631.00 0.87536949 1.0760E-29 0.0000E+00 0.0000E+00 1.3936E-08 1.3936E-08 0.0000E+00 0.0000E+00 1.3936E-08 5.92E-06 6.71E-06   0.133 1.0000 6.9249E-06    829.167
10641.00 0.90677875 7.5930E-30 0.0000E+00 0.0000E+00 1.4579E-08 1.4579E-08 0.0000E+00 0.0000E+00 1.4579E-08 6.27E-06 6.88E-06   0.098 1.0000 7.0679E-06    831.852
10651.00 0.82002795 1.3707E-29 0.0000E+00 0.0000E+00 1.3704E-08 1.3704E-08 0.0000E+00 0.0000E+00 1.3704E-08 5.66E-06 6.76E-06   0.198 1.0000 7.0860E-06    829.718
10661.00 0.76270109 1.7157E-29 0.0000E+00 0.0000E+00 1.3109E-08 1.3109E-08 0.0000E+00 0.0000E+00 1.3109E-08 5.27E-06 6.66E-06   0.271 1.0000 7.1135E-06    828.380
10671.00 0.76552403 1.6030E-29 0.0000E+00 0.0000E+00 1.3164E-08 1.3164E-08 0.0000E+00 0.0000E+00 1.3164E-08 5.29E-06 6.66E-06   0.267 1.0000 7.1053E-06    829.217
10681.00 0.76346505 1.5113E-29 0.0000E+00 0.0000E+00 1.3037E-08 1.3037E-08 0.0000E+00 0.0000E+00 1.3037E-08 5.22E-06 6.60E-06   0.270 1.0000 7.0271E-06    829.435
10691.00 0.77785808 1.3553E-29 0.0000E+00 0.0000E+00 1.3281E-08 1.3281E-08 0.0000E+00 0.0000E+00 1.3281E-08 5.33E-06 6.66E-06   0.251 1.0000 7.0496E-06    830.919
10701.00 0.71129638 1.6545E-29 0.0000E+00 0.0000E+00 1.2665E-08 1.2665E-08 0.0000E+00 0.0000E+00 1.2665E-08 4.92E-06 6.57E-06   0.341 1.0000 7.1224E-06    829.441
10711.00 0.79173791 1.1288E-29 0.0000E+00 0.0000E+00 1.3695E-08 1.3695E-08 0.0000E+00 0.0000E+00 1.3695E-08 5.50E-06 6.77E-06   0.234 1.0000 7.1299E-06    833.601
10721.00 0.80754459 9.7991E-30 0.0000E+00 0.0000E+00 1.3877E-08 1.3877E-08 0.0000E+00 0.0000E+00 1.3877E-08 5.60E-06 6.79E-06   0.214 1.0000 7.1129E-06    834.849
10731.00 0.80334991 9.4753E-30 0.0000E+00 0.0000E+00 1.3824E-08 1.3824E-08 0.0000E+00 0.0000E+00 1.3824E-08 5.55E-06 6.77E-06   0.219 1.0000 7.0795E-06    835.330
10741.00 0.87150222 5.8413E-30 0.0000E+00 0.0000E+00 1.4677E-08 1.4677E-08 0.0000E+00 0.0000E+00 1.4677E-08 6.06E-06 6.89E-06   0.138 1.0000 7.1186E-06    838.697
10751.00 0.89973599 4.2981E-30 0.0000E+00 0.0000E+00 1.4997E-08 1.4997E-08 0.0000E+00 0.0000E+00 1.4997E-08 6.24E-06 6.91E-06   0.106 1.0000 7.0904E-06    840.335
10761.00 0.92664999 2.9674E-30 0.0000E+00 0.0000E+00 1.5195E-08 1.5195E-08 0.0000E+00 0.0000E+00 1.5195E-08 6.38E-06 6.88E-06   0.076 1.0000 7.0349E-06    841.589
10771.00 0.92379951 2.9019E-30 0.0000E+00 0.0000E+00 1.5405E-08 1.5405E-08 0.0000E+00 0.0000E+00 1.5405E-08 6.45E-06 6.97E-06   0.079 1.0000 7.1304E-06    842.873
10781.00 0.94255388 2.0780E-30 0.0000E+00 0.0000E+00 1.5654E-08 1.5654E-08 0.0000E+00 0.0000E+00 1.5654E-08 6.59E-06 6.99E-06   0.059 1.0000 7.1406E-06    844.263
10791.00 0.95285815 1.5930E-30 0.0000E+00 0.0000E+00 1.5484E-08 1.5484E-08 0.0000E+00 0.0000E+00 1.5484E-08 6.54E-06 6.86E-06   0.048 1.0000 6.9990E-06    844.414
10801.00 0.95018423 1.5951E-30 0.0000E+00 0.0000E+00 1.5102E-08 1.5102E-08 0.0000E+00 0.0000E+00 1.5102E-08 6.35E-06 6.68E-06   0.051 1.0000 6.8221E-06    843.924
10811.00 0.94235784 1.7384E-30 0.0000E+00 0.0000E+00 1.5424E-08 1.5424E-08 0.0000E+00 0.0000E+00 1.5424E-08 6.45E-06 6.84E-06   0.059 1.0000 6.9842E-06    845.548
10821.00 0.94541764 1.5544E-30 0.0000E+00 0.0000E+00 1.5367E-08 1.5367E-08 0.0000E+00 0.0000E+00 1.5367E-08 6.41E-06 6.78E-06   0.056 1.0000 6.9254E-06    846.030
10831.00 0.95037961 1.3335E-30 0.0000E+00 0.0000E+00 1.4853E-08 1.4853E-08 0.0000E+00 0.0000E+00 1.4853E-08 6.20E-06 6.52E-06   0.051 1.0000 6.6572E-06    845.122
10841.00 0.95045602 1.2523E-30 0.0000E+00 0.0000E+00 1.5404E-08 1.5404E-08 0.0000E+00 0.0000E+00 1.5404E-08 6.41E-06 6.75E-06   0.051 1.0000 6.8867E-06    847.450
10851.00 0.94578576 1.2981E-30 0.0000E+00 0.0000E+00 1.5298E-08 1.5298E-08 0.0000E+00 0.0000E+00 1.5298E-08 6.34E-06 6.70E-06   0.056 1.0000 6.8426E-06    847.785
10861.00 0.95596647 9.9434E-31 0.0000E+00 0.0000E+00 1.5769E-08 1.5769E-08 0.0000E+00 0.0000E+00 1.5769E-08 6.55E-06 6.85E-06   0.045 1.0000 6.9906E-06    849.841
10871.00 0.94266164 1.2155E-30 0.0000E+00 0.0000E+00 1.5902E-08 1.5902E-08 0.0000E+00 0.0000E+00 1.5902E-08 6.55E-06 6.94E-06   0.059 1.0000 7.0910E-06    850.885
10881.00 0.94296849 1.1404E-30 0.0000E+00 0.0000E+00 1.6036E-08 1.6036E-08 0.0000E+00 0.0000E+00 1.6036E-08 6.59E-06 6.98E-06   0.059 1.0000 7.1322E-06    851.926
10891.00 0.92186117 1.4706E-30 0.0000E+00 0.0000E+00 1.5759E-08 1.5759E-08 0.0000E+00 0.0000E+00 1.5759E-08 6.39E-06 6.92E-06   0.081 1.0000 7.0869E-06    851.774
10901.00 0.92205495 1.4005E-30 0.0000E+00 0.0000E+00 1.5674E-08 1.5674E-08 0.0000E+00 0.0000E+00 1.5674E-08 6.34E-06 6.86E-06   0.081 1.0000 7.0299E-06    852.180
10911.00 0.93821234 1.0357E-30 0.0000E+00 0.0000E+00 1.6074E-08 1.6074E-08 0.0000E+00 0.0000E+00 1.6074E-08 6.53E-06 6.96E-06   0.064 1.0000 7.1167E-06    854.002
10921.00 0.89972335 1.5930E-30 0.0000E+00 0.0000E+00 1.5760E-08 1.5760E-08 0.0000E+00 0.0000E+00 1.5760E-08 6.28E-06 6.95E-06   0.106 1.0000 7.1418E-06    853.740
10931.00 0.94383681 8.4506E-31 0.0000E+00 0.0000E+00 1.6081E-08 1.6081E-08 0.0000E+00 0.0000E+00 1.6081E-08 6.52E-06 6.91E-06   0.058 1.0000 7.0585E-06    855.331
10941.00 0.90659028 1.3113E-30 0.0000E+00 0.0000E+00 1.5987E-08 1.5987E-08 0.0000E+00 0.0000E+00 1.5987E-08 6.36E-06 6.99E-06   0.098 1.0000 7.1797E-06    855.715
10951.00 0.91251791 1.1733E-30 0.0000E+00 0.0000E+00 1.6183E-08 1.6183E-08 0.0000E+00 0.0000E+00 1.6183E-08 6.44E-06 7.04E-06   0.092 1.0000 7.2169E-06    856.937
10961.00 0.92628938 9.2229E-31 0.0000E+00 0.0000E+00 1.5997E-08 1.5997E-08 0.0000E+00 0.0000E+00 1.5997E-08 6.40E-06 6.88E-06   0.077 1.0000 7.0517E-06    857.051
10971.00 0.93679833 7.5058E-31 0.0000E+00 0.0000E+00 1.5958E-08 1.5958E-08 0.0000E+00 0.0000E+00 1.5958E-08 6.39E-06 6.81E-06   0.065 1.0000 6.9688E-06    857.594
10981.00 0.92006099 8.9244E-31 0.0000E+00 0.0000E+00 1.6082E-08 1.6082E-08 0.0000E+00 0.0000E+00 1.6082E-08 6.37E-06 6.91E-06   0.083 1.0000 7.0849E-06    858.609
10991.00 0.92328805 8.1185E-31 0.0000E+00 0.0000E+00 1.5866E-08 1.5866E-08 0.0000E+00 0.0000E+00 1.5866E-08 6.28E-06 6.79E-06   0.080 1.0000 6.9574E-06    858.633
11001.00 0.91599971 8.3490E-31 0.0000E+00 0.0000E+00 1.5626E-08 1.5626E-08 0.0000E+00 0.0000E+00 1.5626E-08 6.16E-06 6.69E-06   0.088 1.0000 6.8715E-06    858.574
11011.00 0.91348165 8.1302E-31 0.0000E+00 0.0000E+00 1.5965E-08 1.5965E-08 0.0000E+00 0.0000E+00 1.5965E-08 6.26E-06 6.83E-06   0.090 1.0000 7.0129E-06    860.230
11021.00 0.91260332 7.7447E-31 0.0000E+00 0.0000E+00 1.6299E-08 1.6299E-08 0.0000E+00 0.0000E+00 1.6299E-08 6.39E-06 6.96E-06   0.091 1.0000 7.1591E-06    861.853
11031.00 0.93502110 5.4357E-31 0.0000E+00 0.0000E+00 1.6239E-08 1.6239E-08 0.0000E+00 0.0000E+00 1.6239E-08 6.40E-06 6.83E-06   0.067 1.0000 6.9952E-06    862.335
11041.00 0.94561791 4.2837E-31 0.0000E+00 0.0000E+00 1.6784E-08 1.6784E-08 0.0000E+00 0.0000E+00 1.6784E-08 6.63E-06 7.00E-06   0.056 1.0000 7.1647E-06    864.539
11051.00 0.94926155 3.7708E-31 0.0000E+00 0.0000E+00 1.6976E-08 1.6976E-08 0.0000E+00 0.0000E+00 1.6976E-08 6.70E-06 7.05E-06   0.052 1.0000 7.2125E-06    865.729
11061.00 0.95257407 3.3304E-31 0.0000E+00 0.0000E+00 1.7021E-08 1.7021E-08 0.0000E+00 0.0000E+00 1.7021E-08 6.71E-06 7.04E-06   0.049 1.0000 7.1991E-06    866.511
11071.00 0.93303806 4.3978E-31 0.0000E+00 0.0000E+00 1.6676E-08 1.6676E-08 0.0000E+00 0.0000E+00 1.6676E-08 6.51E-06 6.95E-06   0.069 1.0000 7.1309E-06    866.199
11081.00 0.91203052 5.4909E-31 0.0000E+00 0.0000E+00 1.5995E-08 1.5995E-08 0.0000E+00 0.0000E+00 1.5995E-08 6.17E-06 6.73E-06   0.092 1.0000 6.9276E-06    864.894
11091.00 0.91999143 4.7129E-31 0.0000E+00 0.0000E+00 1.5458E-08 1.5458E-08 0.0000E+00 0.0000E+00 1.5458E-08 5.97E-06 6.46E-06   0.083 1.0000 6.6409E-06    863.948
11101.00 0.91291225 4.8170E-31 0.0000E+00 0.0000E+00 1.6122E-08 1.6122E-08 0.0000E+00 0.0000E+00 1.6122E-08 6.18E-06 6.75E-06   0.091 1.0000 6.9341E-06    866.571
11111.00 0.91997004 4.1961E-31 0.0000E+00 0.0000E+00 1.6343E-08 1.6343E-08 0.0000E+00 0.0000E+00 1.6343E-08 6.28E-06 6.79E-06   0.083 1.0000 6.9855E-06    867.868
11121.00 0.88630080 5.6144E-31 0.0000E+00 0.0000E+00 1.6393E-08 1.6393E-08 0.0000E+00 0.0000E+00 1.6393E-08 6.18E-06 6.93E-06   0.121 1.0000 7.1540E-06    868.665
11131.00 0.92520738 3.4955E-31 0.0000E+00 0.0000E+00 1.6882E-08 1.6882E-08 0.0000E+00 0.0000E+00 1.6882E-08 6.46E-06 6.96E-06   0.078 1.0000 7.1521E-06    870.707
11141.00 0.93097347 3.0327E-31 0.0000E+00 0.0000E+00 1.6897E-08 1.6897E-08 0.0000E+00 0.0000E+00 1.6897E-08 6.46E-06 6.93E-06   0.072 1.0000 7.1081E-06    871.405
11151.00 0.92811686 2.9788E-31 0.0000E+00 0.0000E+00 1.6905E-08 1.6905E-08 0.0000E+00 0.0000E+00 1.6905E-08 6.44E-06 6.93E-06   0.075 1.0000 7.1052E-06    872.080
11161.00 0.94205135 2.2653E-31 0.0000E+00 0.0000E+00 1.7412E-08 1.7412E-08 0.0000E+00 0.0000E+00 1.7412E-08 6.66E-06 7.06E-06   0.060 1.0000 7.2334E-06    874.141
11171.00 0.94960034 1.8644E-31 0.0000E+00 0.0000E+00 1.7089E-08 1.7089E-08 0.0000E+00 0.0000E+00 1.7089E-08 6.54E-06 6.89E-06   0.052 1.0000 7.0471E-06    873.905
11181.00 0.95700449 1.4970E-31 0.0000E+00 0.0000E+00 1.7243E-08 1.7243E-08 0.0000E+00 0.0000E+00 1.7243E-08 6.61E-06 6.90E-06   0.044 1.0000 7.0589E-06    874.985
11191.00 0.95696229 1.4102E-31 0.0000E+00 0.0000E+00 1.7475E-08 1.7475E-08 0.0000E+00 0.0000E+00 1.7475E-08 6.68E-06 6.98E-06   0.044 1.0000 7.1368E-06    876.279
11201.00 0.95967686 1.2495E-31 0.0000E+00 0.0000E+00 1.7159E-08 1.7159E-08 0.0000E+00 0.0000E+00 1.7159E-08 6.55E-06 6.83E-06   0.041 1.0000 6.9786E-06    876.062
11211.00 0.96008533 1.1650E-31 0.0000E+00 0.0000E+00 1.7565E-08 1.7565E-08 0.0000E+00 0.0000E+00 1.7565E-08 6.69E-06 6.97E-06   0.041 1.0000 7.1244E-06    877.833
11221.00 0.96166569 1.0552E-31 0.0000E+00 0.0000E+00 1.7716E-08 1.7716E-08 0.0000E+00 0.0000E+00 1.7716E-08 6.74E-06 7.00E-06   0.039 1.0000 7.1611E-06    878.898
11231.00 0.96100229 1.0123E-31 0.0000E+00 0.0000E+00 1.7878E-08 1.7878E-08 0.0000E+00 0.0000E+00 1.7878E-08 6.78E-06 7.05E-06   0.040 1.0000 7.2119E-06    879.990
11241.00 0.96116185 9.5144E-32 0.0000E+00 0.0000E+00 1.7749E-08 1.7749E-08 0.0000E+00 0.0000E+00 1.7749E-08 6.71E-06 6.98E-06   0.040 1.0000 7.1417E-06    880.298
11251.00 0.96129477 8.9368E-32 0.0000E+00 0.0000E+00 1.7840E-08 1.7840E-08 0.0000E+00 0.0000E+00 1.7840E-08 6.73E-06 7.00E-06   0.039 1.0000 7.1598E-06    881.197
11261.00 0.96041691 8.6274E-32 0.0000E+00 0.0000E+00 1.7727E-08 1.7727E-08 0.0000E+00 0.0000E+00 1.7727E-08 6.67E-06 6.94E-06   0.040 1.0000 7.1006E-06    881.547
11271.00 0.96112800 7.9865E-32 0.0000E+00 0.0000E+00 1.7454E-08 1.7454E-08 0.0000E+00 0.0000E+00 1.7454E-08 6.55E-06 6.82E-06   0.040 1.0000 6.9712E-06    881.458
11281.00 0.96053749 7.6471E-32 0.0000E+00 0.0000E+00 1.6911E-08 1.6911E-08 0.0000E+00 0.0000E+00 1.6911E-08 6.33E-06 6.59E-06   0.040 1.0000 6.7401E-06    880.602
11291.00 0.96053398 7.2184E-32 0.0000E+00 0.0000E+00 1.7930E-08 1.7930E-08 0.0000E+00 0.0000E+00 1.7930E-08 6.69E-06 6.97E-06   0.040 1.0000 7.1282E-06    884.060
11301.00 0.96114981 6.6997E-32 0.0000E+00 0.0000E+00 1.7993E-08 1.7993E-08 0.0000E+00 0.0000E+00 1.7993E-08 6.70E-06 6.98E-06   0.040 1.0000 7.1331E-06    884.885
11311.00 0.96096331 6.3486E-32 0.0000E+00 0.0000E+00 1.7792E-08 1.7792E-08 0.0000E+00 0.0000E+00 1.7792E-08 6.61E-06 6.88E-06   0.040 1.0000 7.0365E-06    884.998
11321.00 0.96088231 6.0017E-32 0.0000E+00 0.0000E+00 1.8053E-08 1.8053E-08 0.0000E+00 0.0000E+00 1.8053E-08 6.69E-06 6.96E-06   0.040 1.0000 7.1226E-06    886.356
11331.00 0.96075541 5.6778E-32 0.0000E+00 0.0000E+00 1.7721E-08 1.7721E-08 0.0000E+00 0.0000E+00 1.7721E-08 6.55E-06 6.82E-06   0.040 1.0000 6.9746E-06    886.116
11341.00 0.96068245 5.3664E-32 0.0000E+00 0.0000E+00 1.8063E-08 1.8063E-08 0.0000E+00 0.0000E+00 1.8063E-08 6.66E-06 6.93E-06   0.040 1.0000 7.0920E-06    887.692
11351.00 0.96066833 5.0631E-32 0.0000E+00 0.0000E+00 1.7119E-08 1.7119E-08 0.0000E+00 0.0000E+00 1.7119E-08 6.30E-06 6.56E-06   0.040 1.0000 6.7048E-06    885.760
11361.00 0.96059132 4.7853E-32 0.0000E+00 0.0000E+00 1.8142E-08 1.8142E-08 0.0000E+00 0.0000E+00 1.8142E-08 6.66E-06 6.93E-06   0.040 1.0000 7.0885E-06    889.214
11371.00 0.96062982 4.5088E-32 0.0000E+00 0.0000E+00 1.7946E-08 1.7946E-08 0.0000E+00 0.0000E+00 1.7946E-08 6.57E-06 6.84E-06   0.040 1.0000 6.9944E-06    889.342
11381.00 0.96047747 4.2690E-32 0.0000E+00 0.0000E+00 1.8420E-08 1.8420E-08 0.0000E+00 0.0000E+00 1.8420E-08 6.72E-06 7.00E-06   0.040 1.0000 7.1623E-06    891.259
11391.00 0.96043056 4.0315E-32 0.0000E+00 0.0000E+00 1.8307E-08 1.8307E-08 0.0000E+00 0.0000E+00 1.8307E-08 6.67E-06 6.94E-06   0.040 1.0000 7.1013E-06    891.617
11401.00 0.96034563 3.8105E-32 0.0000E+00 0.0000E+00 1.8398E-08 1.8398E-08 0.0000E+00 0.0000E+00 1.8398E-08 6.68E-06 6.96E-06   0.040 1.0000 7.1195E-06    892.513
11411.00 0.96023339 3.6042E-32 0.0000E+00 0.0000E+00 1.8366E-08 1.8366E-08 0.0000E+00 0.0000E+00 1.8366E-08 6.65E-06 6.93E-06   0.041 1.0000 7.0904E-06    893.083
11421.00 0.96016431 3.4053E-32 0.0000E+00 0.0000E+00 1.7860E-08 1.7860E-08 0.0000E+00 0.0000E+00 1.7860E-08 6.45E-06 6.72E-06   0.041 1.0000 6.8786E-06    892.382
11431.00 0.96006221 3.2200E-32 0.0000E+00 0.0000E+00 1.8191E-08 1.8191E-08 0.0000E+00 0.0000E+00 1.8191E-08 6.56E-06 6.83E-06   0.041 1.0000 6.9893E-06    893.926
11441.00 0.95994830 3.0457E-32 0.0000E+00 0.0000E+00 1.8335E-08 1.8335E-08 0.0000E+00 0.0000E+00 1.8335E-08 6.59E-06 6.87E-06   0.041 1.0000 7.0284E-06    894.966
11451.00 0.95986336 2.8788E-32 0.0000E+00 0.0000E+00 1.8529E-08 1.8529E-08 0.0000E+00 0.0000E+00 1.8529E-08 6.65E-06 6.92E-06   0.041 1.0000 7.0859E-06    896.133
11461.00 0.95975721 2.7224E-32 0.0000E+00 0.0000E+00 1.8782E-08 1.8782E-08 0.0000E+00 0.0000E+00 1.8782E-08 6.72E-06 7.00E-06   0.041 1.0000 7.1660E-06    897.450
11471.00 0.95963937 2.5752E-32 0.0000E+00 0.0000E+00 1.8512E-08 1.8512E-08 0.0000E+00 0.0000E+00 1.8512E-08 6.61E-06 6.88E-06   0.041 1.0000 7.0465E-06    897.396
11481.00 0.95950639 2.4368E-32 0.0000E+00 0.0000E+00 1.8665E-08 1.8665E-08 0.0000E+00 0.0000E+00 1.8665E-08 6.64E-06 6.92E-06   0.041 1.0000 7.0883E-06    898.452
11491.00 0.95941448 2.3036E-32 0.0000E+00 0.0000E+00 1.8689E-08 1.8689E-08 0.0000E+00 0.0000E+00 1.8689E-08 6.64E-06 6.92E-06   0.041 1.0000 7.0811E-06    899.171
11501.00 0.95924270 2.1818E-32 0.0000E+00 0.0000E+00 1.8279E-08 1.8279E-08 0.0000E+00 0.0000E+00 1.8279E-08 6.47E-06 6.75E-06   0.042 1.0000 6.9103E-06    898.742
11511.00 0.95917261 2.0614E-32 0.0000E+00 0.0000E+00 1.8208E-08 1.8208E-08 0.0000E+00 0.0000E+00 1.8208E-08 6.43E-06 6.70E-06   0.042 1.0000 6.8667E-06    899.205
11521.00 0.95908642 1.9483E-32 0.0000E+00 0.0000E+00 1.8317E-08 1.8317E-08 0.0000E+00 0.0000E+00 1.8317E-08 6.45E-06 6.73E-06   0.042 1.0000 6.8922E-06    900.152
11531.00 0.95894438 1.8439E-32 0.0000E+00 0.0000E+00 1.7673E-08 1.7673E-08 0.0000E+00 0.0000E+00 1.7673E-08 6.21E-06 6.48E-06   0.042 1.0000 6.6351E-06    899.059
11541.00 0.95881587 1.7446E-32 0.0000E+00 0.0000E+00 1.4089E-08 1.4089E-08 0.0000E+00 0.0000E+00 1.4089E-08 4.94E-06 5.15E-06   0.042 1.0000 5.2774E-06    888.797
11551.00 0.95869744 1.6501E-32 0.0000E+00 0.0000E+00 1.7956E-08 1.7956E-08 0.0000E+00 0.0000E+00 1.7956E-08 6.28E-06 6.55E-06   0.042 1.0000 6.7102E-06    901.140
11561.00 0.95861775 1.5593E-32 0.0000E+00 0.0000E+00 1.8903E-08 1.8903E-08 0.0000E+00 0.0000E+00 1.8903E-08 6.59E-06 6.88E-06   0.042 1.0000 7.0485E-06    904.314
11571.00 0.95849711 1.4749E-32 0.0000E+00 0.0000E+00 1.9293E-08 1.9293E-08 0.0000E+00 0.0000E+00 1.9293E-08 6.71E-06 7.00E-06   0.042 1.0000 7.1778E-06    905.973
11581.00 0.95830172 1.3976E-32 0.0000E+00 0.0000E+00 1.9210E-08 1.9210E-08 0.0000E+00 0.0000E+00 1.9210E-08 6.67E-06 6.96E-06   0.043 1.0000 7.1315E-06    906.416
11591.00 0.95812327 1.3238E-32 0.0000E+00 0.0000E+00 1.9258E-08 1.9258E-08 0.0000E+00 0.0000E+00 1.9258E-08 6.67E-06 6.96E-06   0.043 1.0000 7.1338E-06    907.194
11601.00 0.95807457 1.2501E-32 0.0000E+00 0.0000E+00 1.8987E-08 1.8987E-08 0.0000E+00 0.0000E+00 1.8987E-08 6.56E-06 6.84E-06   0.043 1.0000 7.0173E-06    907.149
11611.00 0.95794952 1.1825E-32 0.0000E+00 0.0000E+00 1.9002E-08 1.9002E-08 0.0000E+00 0.0000E+00 1.9002E-08 6.54E-06 6.83E-06   0.043 1.0000 7.0074E-06    907.844
11621.00 0.95786381 1.1175E-32 0.0000E+00 0.0000E+00 1.9232E-08 1.9232E-08 0.0000E+00 0.0000E+00 1.9232E-08 6.61E-06 6.90E-06   0.043 1.0000 7.0763E-06    909.090
11631.00 0.95767480 1.0586E-32 0.0000E+00 0.0000E+00 1.9137E-08 1.9137E-08 0.0000E+00 0.0000E+00 1.9137E-08 6.56E-06 6.85E-06   0.043 1.0000 7.0263E-06    909.501
11641.00 0.95747340 1.0033E-32 0.0000E+00 0.0000E+00 1.9148E-08 1.9148E-08 0.0000E+00 0.0000E+00 1.9148E-08 6.54E-06 6.83E-06   0.043 1.0000 7.0154E-06    910.184
11651.00 0.95740038 9.4780E-33 0.0000E+00 0.0000E+00 1.9192E-08 1.9192E-08 0.0000E+00 0.0000E+00 1.9192E-08 6.54E-06 6.83E-06   0.044 1.0000 7.0154E-06    910.951
11661.00 0.95700878 9.0209E-33 0.0000E+00 0.0000E+00 1.9574E-08 1.9574E-08 0.0000E+00 0.0000E+00 1.9574E-08 6.66E-06 6.95E-06   0.044 1.0000 7.1406E-06    912.585
11671.00 0.95709515 8.4916E-33 0.0000E+00 0.0000E+00 1.9652E-08 1.9652E-08 0.0000E+00 0.0000E+00 1.9652E-08 6.67E-06 6.96E-06   0.044 1.0000 7.1519E-06    913.435
11681.00 0.95681280 8.0602E-33 0.0000E+00 0.0000E+00 1.9370E-08 1.9370E-08 0.0000E+00 0.0000E+00 1.9370E-08 6.55E-06 6.85E-06   0.044 1.0000 7.0342E-06    913.372
11691.00 0.95660275 7.6401E-33 0.0000E+00 0.0000E+00 1.8808E-08 1.8808E-08 0.0000E+00 0.0000E+00 1.8808E-08 6.35E-06 6.63E-06   0.044 1.0000 6.8153E-06    912.568
11701.00 0.95637810 7.2412E-33 0.0000E+00 0.0000E+00 1.4119E-08 1.4119E-08 0.0000E+00 0.0000E+00 1.4119E-08 4.75E-06 4.97E-06   0.045 1.0000 5.1054E-06    899.234
11711.00 0.95602155 6.8871E-33 0.0000E+00 0.0000E+00 1.6904E-08 1.6904E-08 0.0000E+00 0.0000E+00 1.6904E-08 5.67E-06 5.93E-06   0.045 1.0000 6.0975E-06    908.615
11721.00 0.95625907 6.4595E-33 0.0000E+00 0.0000E+00 1.9284E-08 1.9284E-08 0.0000E+00 0.0000E+00 1.9284E-08 6.46E-06 6.75E-06   0.045 1.0000 6.9393E-06    915.768
11731.00 0.95580518 6.1545E-33 0.0000E+00 0.0000E+00 1.9631E-08 1.9631E-08 0.0000E+00 0.0000E+00 1.9631E-08 6.56E-06 6.86E-06   0.045 1.0000 7.0489E-06    917.312
11741.00 0.95518255 5.8857E-33 0.0000E+00 0.0000E+00 1.9098E-08 1.9098E-08 0.0000E+00 0.0000E+00 1.9098E-08 6.36E-06 6.66E-06   0.046 1.0000 6.8430E-06    916.594
11751.00 0.95549327 5.5152E-33 0.0000E+00 0.0000E+00 1.9813E-08 1.9813E-08 0.0000E+00 0.0000E+00 1.9813E-08 6.58E-06 6.89E-06   0.046 1.0000 7.0799E-06    919.081
11761.00 0.95583040 5.1606E-33 0.0000E+00 0.0000E+00 1.7597E-08 1.7597E-08 0.0000E+00 0.0000E+00 1.7597E-08 5.83E-06 6.10E-06   0.045 1.0000 6.2711E-06    913.843
11771.00 0.95559567 4.8927E-33 0.0000E+00 0.0000E+00 1.8918E-08 1.8918E-08 0.0000E+00 0.0000E+00 1.8918E-08 6.26E-06 6.55E-06   0.045 1.0000 6.7248E-06    918.083
11781.00 0.95541173 4.6336E-33 0.0000E+00 0.0000E+00 2.0134E-08 2.0134E-08 0.0000E+00 0.0000E+00 2.0134E-08 6.64E-06 6.95E-06   0.046 1.0000 7.1404E-06    921.849
11791.00 0.95529318 4.3818E-33 0.0000E+00 0.0000E+00 2.0173E-08 2.0173E-08 0.0000E+00 0.0000E+00 2.0173E-08 6.64E-06 6.95E-06   0.046 1.0000 7.1364E-06    922.600
11801.00 0.95577937 4.0875E-33 0.0000E+00 0.0000E+00 1.9775E-08 1.9775E-08 0.0000E+00 0.0000E+00 1.9775E-08 6.49E-06 6.79E-06   0.045 1.0000 6.9763E-06    922.256
11811.00 0.95541662 3.8853E-33 0.0000E+00 0.0000E+00 1.9888E-08 1.9888E-08 0.0000E+00 0.0000E+00 1.9888E-08 6.51E-06 6.82E-06   0.046 1.0000 7.0000E-06    923.196
11821.00 0.95515746 3.6874E-33 0.0000E+00 0.0000E+00 2.0259E-08 2.0259E-08 0.0000E+00 0.0000E+00 2.0259E-08 6.62E-06 6.93E-06   0.046 1.0000 7.1140E-06    924.778
11831.00 0.95513684 3.4781E-33 0.0000E+00 0.0000E+00 2.0270E-08 2.0270E-08 0.0000E+00 0.0000E+00 2.0270E-08 6.60E-06 6.91E-06   0.046 1.0000 7.1007E-06    925.461
11841.00 0.95446807 3.3286E-33 0.0000E+00 0.0000E+00 2.0090E-08 2.0090E-08 0.0000E+00 0.0000E+00 2.0090E-08 6.53E-06 6.84E-06   0.047 1.0000 7.0230E-06    925.666
11851.00 0.95352280 3.2051E-33 0.0000E+00 0.0000E+00 1.9892E-08 1.9892E-08 0.0000E+00 0.0000E+00 1.9892E-08 6.44E-06 6.76E-06   0.048 1.0000 6.9407E-06    925.822
11861.00 0.95411122 2.9852E-33 0.0000E+00 0.0000E+00 2.0337E-08 2.0337E-08 0.0000E+00 0.0000E+00 2.0337E-08 6.57E-06 6.89E-06   0.047 1.0000 7.0767E-06    927.592
11871.00 0.95429844 2.8017E-33 0.0000E+00 0.0000E+00 2.0230E-08 2.0230E-08 0.0000E+00 0.0000E+00 2.0230E-08 6.52E-06 6.84E-06   0.047 1.0000 7.0212E-06    927.978
11881.00 0.95293772 2.7224E-33 0.0000E+00 0.0000E+00 2.0447E-08 2.0447E-08 0.0000E+00 0.0000E+00 2.0447E-08 6.57E-06 6.90E-06   0.048 1.0000 7.0855E-06    929.172
11891.00 0.95245141 2.5940E-33 0.0000E+00 0.0000E+00 2.0663E-08 2.0663E-08 0.0000E+00 0.0000E+00 2.0663E-08 6.62E-06 6.96E-06   0.049 1.0000 7.1453E-06    930.358
11901.00 0.95349330 2.3927E-33 0.0000E+00 0.0000E+00 2.0573E-08 2.0573E-08 0.0000E+00 0.0000E+00 2.0573E-08 6.58E-06 6.90E-06   0.048 1.0000 7.0928E-06    930.793
11911.00 0.95326471 2.2679E-33 0.0000E+00 0.0000E+00 2.0524E-08 2.0524E-08 0.0000E+00 0.0000E+00 2.0524E-08 6.55E-06 6.87E-06   0.048 1.0000 7.0600E-06    931.326
11921.00 0.95215273 2.1887E-33 0.0000E+00 0.0000E+00 1.9953E-08 1.9953E-08 0.0000E+00 0.0000E+00 1.9953E-08 6.35E-06 6.67E-06   0.049 1.0000 6.8519E-06    930.554
11931.00 0.95226616 2.0589E-33 0.0000E+00 0.0000E+00 2.0706E-08 2.0706E-08 0.0000E+00 0.0000E+00 2.0706E-08 6.57E-06 6.90E-06   0.049 1.0000 7.0928E-06    933.081
11941.00 0.95138162 1.9791E-33 0.0000E+00 0.0000E+00 2.0882E-08 2.0882E-08 0.0000E+00 0.0000E+00 2.0882E-08 6.61E-06 6.95E-06   0.050 1.0000 7.1401E-06    934.166
11951.00 0.95119929 1.8725E-33 0.0000E+00 0.0000E+00 2.0648E-08 2.0648E-08 0.0000E+00 0.0000E+00 2.0648E-08 6.52E-06 6.85E-06   0.050 1.0000 7.0443E-06    934.248
11961.00 0.94949847 1.8274E-33 0.0000E+00 0.0000E+00 2.0862E-08 2.0862E-08 0.0000E+00 0.0000E+00 2.0862E-08 6.57E-06 6.91E-06   0.052 1.0000 7.1078E-06    935.426
11971.00 0.95011044 1.7035E-33 0.0000E+00 0.0000E+00 2.0868E-08 2.0868E-08 0.0000E+00 0.0000E+00 2.0868E-08 6.55E-06 6.90E-06   0.051 1.0000 7.0906E-06    936.095
11981.00 0.94992274 1.6102E-33 0.0000E+00 0.0000E+00 2.0549E-08 2.0549E-08 0.0000E+00 0.0000E+00 2.0549E-08 6.44E-06 6.78E-06   0.051 1.0000 6.9668E-06    935.965
11991.00 0.94547683 1.6555E-33 0.0000E+00 0.0000E+00 2.0580E-08 2.0580E-08 0.0000E+00 0.0000E+00 2.0580E-08 6.42E-06 6.79E-06   0.056 1.0000 6.9804E-06    936.698
12001.00 0.94536304 1.5650E-33 0.0000E+00 0.0000E+00 2.0353E-08 2.0353E-08 0.0000E+00 0.0000E+00 2.0353E-08 6.33E-06 6.70E-06   0.056 1.0000 6.8879E-06    936.787
12011.00 0.93821234 1.6615E-33 0.0000E+00 0.0000E+00 2.0615E-08 2.0615E-08 0.0000E+00 0.0000E+00 2.0615E-08 6.37E-06 6.79E-06   0.064 1.0000 6.9934E-06    938.091
12021.00 0.93544799 1.6487E-33 0.0000E+00 0.0000E+00 2.0855E-08 2.0855E-08 0.0000E+00 0.0000E+00 2.0855E-08 6.42E-06 6.86E-06   0.067 1.0000 7.0695E-06    939.334
12031.00 0.94386566 1.3456E-33 0.0000E+00 0.0000E+00 2.0649E-08 2.0649E-08 0.0000E+00 0.0000E+00 2.0649E-08 6.37E-06 6.75E-06   0.058 1.0000 6.9475E-06    939.484
12041.00 0.93535531 1.4654E-33 0.0000E+00 0.0000E+00 2.0825E-08 2.0825E-08 0.0000E+00 0.0000E+00 2.0825E-08 6.39E-06 6.82E-06   0.067 1.0000 7.0298E-06    940.570
12051.00 0.93550259 1.3756E-33 0.0000E+00 0.0000E+00 2.0918E-08 2.0918E-08 0.0000E+00 0.0000E+00 2.0918E-08 6.40E-06 6.83E-06   0.067 1.0000 7.0419E-06    941.451
12061.00 0.92799586 1.4514E-33 0.0000E+00 0.0000E+00 2.1065E-08 2.1065E-08 0.0000E+00 0.0000E+00 2.1065E-08 6.41E-06 6.89E-06   0.075 1.0000 7.1140E-06    942.464
12071.00 0.92670572 1.3894E-33 0.0000E+00 0.0000E+00 2.1230E-08 2.1230E-08 0.0000E+00 0.0000E+00 2.1230E-08 6.44E-06 6.94E-06   0.076 1.0000 7.1599E-06    943.518
12081.00 0.91987503 1.4352E-33 0.0000E+00 0.0000E+00 2.1076E-08 2.1076E-08 0.0000E+00 0.0000E+00 2.1076E-08 6.35E-06 6.90E-06   0.084 1.0000 7.1226E-06    943.798
12091.00 0.94318712 9.6183E-34 0.0000E+00 0.0000E+00 2.1489E-08 2.1489E-08 0.0000E+00 0.0000E+00 2.1489E-08 6.53E-06 6.92E-06   0.058 1.0000 7.1353E-06    945.448
12101.00 0.93521130 1.0283E-33 0.0000E+00 0.0000E+00 2.1404E-08 2.1404E-08 0.0000E+00 0.0000E+00 2.1404E-08 6.47E-06 6.91E-06   0.067 1.0000 7.1283E-06    945.899
12111.00 0.93333703 1.0051E-33 0.0000E+00 0.0000E+00 2.1290E-08 2.1290E-08 0.0000E+00 0.0000E+00 2.1290E-08 6.41E-06 6.86E-06   0.069 1.0000 7.0848E-06    946.279
12121.00 0.94418764 7.8874E-34 0.0000E+00 0.0000E+00 2.1302E-08 2.1302E-08 0.0000E+00 0.0000E+00 2.1302E-08 6.43E-06 6.81E-06   0.057 1.0000 7.0243E-06    946.962
12131.00 0.93754238 8.3570E-34 0.0000E+00 0.0000E+00 2.1390E-08 2.1390E-08 0.0000E+00 0.0000E+00 2.1390E-08 6.43E-06 6.85E-06   0.064 1.0000 7.0679E-06    947.829
12141.00 0.91618246 1.0475E-33 0.0000E+00 0.0000E+00 2.0852E-08 2.0852E-08 0.0000E+00 0.0000E+00 2.0852E-08 6.19E-06 6.74E-06   0.088 1.0000 6.9714E-06    947.171
12151.00 0.87148273 1.5312E-33 0.0000E+00 0.0000E+00 2.0442E-08 2.0442E-08 0.0000E+00 0.0000E+00 2.0442E-08 5.92E-06 6.76E-06   0.138 1.0000 7.0361E-06    946.807
12161.00 0.93090844 7.7600E-34 0.0000E+00 0.0000E+00 2.0944E-08 2.0944E-08 0.0000E+00 0.0000E+00 2.0944E-08 6.22E-06 6.68E-06   0.072 1.0000 6.9045E-06    948.705
12171.00 0.93934774 6.4106E-34 0.0000E+00 0.0000E+00 2.1200E-08 2.1200E-08 0.0000E+00 0.0000E+00 2.1200E-08 6.31E-06 6.71E-06   0.063 1.0000 6.9343E-06    949.982
12181.00 0.94594800 5.3963E-34 0.0000E+00 0.0000E+00 2.1416E-08 2.1416E-08 0.0000E+00 0.0000E+00 2.1416E-08 6.38E-06 6.74E-06   0.056 1.0000 6.9604E-06    951.160
12191.00 0.92156637 7.3348E-34 0.0000E+00 0.0000E+00 2.0936E-08 2.0936E-08 0.0000E+00 0.0000E+00 2.0936E-08 6.15E-06 6.66E-06   0.082 1.0000 6.9001E-06    950.643
12201.00 0.91616857 7.4256E-34 0.0000E+00 0.0000E+00 2.0665E-08 2.0665E-08 0.0000E+00 0.0000E+00 2.0665E-08 6.05E-06 6.58E-06   0.088 1.0000 6.8274E-06    950.627
12211.00 0.91738373 6.9147E-34 0.0000E+00 0.0000E+00 2.1136E-08 2.1136E-08 0.0000E+00 0.0000E+00 2.1136E-08 6.17E-06 6.71E-06   0.086 1.0000 6.9594E-06    952.441
12221.00 0.90629828 7.3491E-34 0.0000E+00 0.0000E+00 2.0983E-08 2.0983E-08 0.0000E+00 0.0000E+00 2.0983E-08 6.07E-06 6.69E-06   0.098 1.0000 6.9415E-06    952.718
12231.00 0.91791958 6.1172E-34 0.0000E+00 0.0000E+00 2.1743E-08 2.1743E-08 0.0000E+00 0.0000E+00 2.1743E-08 6.32E-06 6.87E-06   0.086 1.0000 7.1216E-06    955.212
12241.00 0.90753281 6.4571E-34 0.0000E+00 0.0000E+00 2.1552E-08 2.1552E-08 0.0000E+00 0.0000E+00 2.1552E-08 6.22E-06 6.83E-06   0.097 1.0000 7.0928E-06    955.409
12251.00 0.90797818 6.1119E-34 0.0000E+00 0.0000E+00 2.1570E-08 2.1570E-08 0.0000E+00 0.0000E+00 2.1570E-08 6.21E-06 6.82E-06   0.097 1.0000 7.0794E-06    956.105
12261.00 0.92000002 4.9813E-34 0.0000E+00 0.0000E+00 2.1840E-08 2.1840E-08 0.0000E+00 0.0000E+00 2.1840E-08 6.30E-06 6.84E-06   0.083 1.0000 7.0894E-06    957.406
12271.00 0.92555529 4.3801E-34 0.0000E+00 0.0000E+00 2.2002E-08 2.2002E-08 0.0000E+00 0.0000E+00 2.2002E-08 6.35E-06 6.85E-06   0.077 1.0000 7.0956E-06    958.444
12281.00 0.93284082 3.7238E-34 0.0000E+00 0.0000E+00 2.2228E-08 2.2228E-08 0.0000E+00 0.0000E+00 2.2228E-08 6.42E-06 6.88E-06   0.070 1.0000 7.1191E-06    959.628
12291.00 0.93107224 3.6022E-34 0.0000E+00 0.0000E+00 2.2311E-08 2.2311E-08 0.0000E+00 0.0000E+00 2.2311E-08 6.42E-06 6.90E-06   0.071 1.0000 7.1358E-06    960.477
12301.00 0.94348300 2.7865E-34 0.0000E+00 0.0000E+00 2.2432E-08 2.2432E-08 0.0000E+00 0.0000E+00 2.2432E-08 6.48E-06 6.87E-06   0.058 1.0000 7.1019E-06    961.415
12311.00 0.94430125 2.5895E-34 0.0000E+00 0.0000E+00 2.2504E-08 2.2504E-08 0.0000E+00 0.0000E+00 2.2504E-08 6.49E-06 6.87E-06   0.057 1.0000 7.1036E-06    962.235
12321.00 0.94454807 2.4294E-34 0.0000E+00 0.0000E+00 2.2500E-08 2.2500E-08 0.0000E+00 0.0000E+00 2.2500E-08 6.48E-06 6.86E-06   0.057 1.0000 7.0841E-06    962.880
12331.00 0.94648170 2.2122E-34 0.0000E+00 0.0000E+00 2.2640E-08 2.2640E-08 0.0000E+00 0.0000E+00 2.2640E-08 6.51E-06 6.87E-06   0.055 1.0000 7.1024E-06    963.858
12341.00 0.94726533 2.0543E-34 0.0000E+00 0.0000E+00 2.2415E-08 2.2415E-08 0.0000E+00 0.0000E+00 2.2415E-08 6.43E-06 6.79E-06   0.054 1.0000 7.0116E-06    963.990
12351.00 0.94616097 1.9788E-34 0.0000E+00 0.0000E+00 2.2176E-08 2.2176E-08 0.0000E+00 0.0000E+00 2.2176E-08 6.34E-06 6.70E-06   0.055 1.0000 6.9247E-06    964.084
12361.00 0.94730812 1.8254E-34 0.0000E+00 0.0000E+00 2.2421E-08 2.2421E-08 0.0000E+00 0.0000E+00 2.2421E-08 6.40E-06 6.76E-06   0.054 1.0000 6.9793E-06    965.314
12371.00 0.94745749 1.7173E-34 0.0000E+00 0.0000E+00 2.2627E-08 2.2627E-08 0.0000E+00 0.0000E+00 2.2627E-08 6.44E-06 6.80E-06   0.054 1.0000 7.0253E-06    966.445
12381.00 0.94797158 1.6029E-34 0.0000E+00 0.0000E+00 2.2725E-08 2.2725E-08 0.0000E+00 0.0000E+00 2.2725E-08 6.46E-06 6.81E-06   0.053 1.0000 7.0369E-06    967.328
12391.00 0.94766974 1.5205E-34 0.0000E+00 0.0000E+00 2.2929E-08 2.2929E-08 0.0000E+00 0.0000E+00 2.2929E-08 6.50E-06 6.86E-06   0.054 1.0000 7.0840E-06    968.451
12401.00 0.94782108 1.4297E-34 0.0000E+00 0.0000E+00 2.3186E-08 2.3186E-08 0.0000E+00 0.0000E+00 2.3186E-08 6.56E-06 6.92E-06   0.054 1.0000 7.1455E-06    969.691
12411.00 0.94793743 1.3450E-34 0.0000E+00 0.0000E+00 2.3071E-08 2.3071E-08 0.0000E+00 0.0000E+00 2.3071E-08 6.51E-06 6.87E-06   0.053 1.0000 7.0929E-06    970.084
12421.00 0.94711679 1.2877E-34 0.0000E+00 0.0000E+00 2.2436E-08 2.2436E-08 0.0000E+00 0.0000E+00 2.2436E-08 6.31E-06 6.67E-06   0.054 1.0000 6.8849E-06    969.268
12431.00 0.94523239 1.2586E-34 0.0000E+00 0.0000E+00 2.2993E-08 2.2993E-08 0.0000E+00 0.0000E+00 2.2993E-08 6.45E-06 6.82E-06   0.056 1.0000 7.0471E-06    971.214
12441.00 0.94509006 1.1894E-34 0.0000E+00 0.0000E+00 2.3156E-08 2.3156E-08 0.0000E+00 0.0000E+00 2.3156E-08 6.48E-06 6.85E-06   0.056 1.0000 7.0810E-06    972.240
12451.00 0.94503987 1.1224E-34 0.0000E+00 0.0000E+00 2.2923E-08 2.2923E-08 0.0000E+00 0.0000E+00 2.2923E-08 6.40E-06 6.77E-06   0.057 1.0000 6.9937E-06    972.360
12461.00 0.94411117 1.0769E-34 0.0000E+00 0.0000E+00 2.3232E-08 2.3232E-08 0.0000E+00 0.0000E+00 2.3232E-08 6.47E-06 6.85E-06   0.058 1.0000 7.0759E-06    973.723
12471.00 0.94516861 9.9546E-35 0.0000E+00 0.0000E+00 2.3420E-08 2.3420E-08 0.0000E+00 0.0000E+00 2.3420E-08 6.51E-06 6.88E-06   0.056 1.0000 7.1120E-06    974.802
12481.00 0.94347197 9.6820E-35 0.0000E+00 0.0000E+00 2.3420E-08 2.3420E-08 0.0000E+00 0.0000E+00 2.3420E-08 6.48E-06 6.87E-06   0.058 1.0000 7.1032E-06    975.457
12491.00 0.94400179 9.0450E-35 0.0000E+00 0.0000E+00 2.3276E-08 2.3276E-08 0.0000E+00 0.0000E+00 2.3276E-08 6.43E-06 6.81E-06   0.058 1.0000 7.0410E-06    975.784
12501.00 0.94432795 8.4859E-35 0.0000E+00 0.0000E+00 2.3061E-08 2.3061E-08 0.0000E+00 0.0000E+00 2.3061E-08 6.36E-06 6.73E-06   0.057 1.0000 6.9583E-06    975.946
12511.00 0.94600844 7.7538E-35 0.0000E+00 0.0000E+00 2.3661E-08 2.3661E-08 0.0000E+00 0.0000E+00 2.3661E-08 6.51E-06 6.89E-06   0.056 1.0000 7.1163E-06    977.963
12521.00 0.94467819 7.4925E-35 0.0000E+00 0.0000E+00 2.3678E-08 2.3678E-08 0.0000E+00 0.0000E+00 2.3678E-08 6.50E-06 6.88E-06   0.057 1.0000 7.1113E-06    978.656
12531.00 0.94619811 6.8710E-35 0.0000E+00 0.0000E+00 2.3708E-08 2.3708E-08 0.0000E+00 0.0000E+00 2.3708E-08 6.50E-06 6.87E-06   0.055 1.0000 7.0974E-06    979.376
12541.00 0.94453883 6.6777E-35 0.0000E+00 0.0000E+00 2.3707E-08 2.3707E-08 0.0000E+00 0.0000E+00 2.3707E-08 6.48E-06 6.86E-06   0.057 1.0000 7.0882E-06    980.028
12551.00 0.94242495 6.5299E-35 0.0000E+00 0.0000E+00 2.3767E-08 2.3767E-08 0.0000E+00 0.0000E+00 2.3767E-08 6.47E-06 6.86E-06   0.059 1.0000 7.0994E-06    980.818
12561.00 0.94065732 6.3616E-35 0.0000E+00 0.0000E+00 2.3605E-08 2.3605E-08 0.0000E+00 0.0000E+00 2.3605E-08 6.40E-06 6.81E-06   0.061 1.0000 7.0428E-06    981.107
12571.00 0.94515878 5.5378E-35 0.0000E+00 0.0000E+00 2.3775E-08 2.3775E-08 0.0000E+00 0.0000E+00 2.3775E-08 6.45E-06 6.82E-06   0.056 1.0000 7.0580E-06    982.145
12581.00 0.94557577 5.1825E-35 0.0000E+00 0.0000E+00 2.3002E-08 2.3002E-08 0.0000E+00 0.0000E+00 2.3002E-08 6.23E-06 6.59E-06   0.056 1.0000 6.8119E-06    981.038
12591.00 0.94607830 4.8415E-35 0.0000E+00 0.0000E+00 2.3138E-08 2.3138E-08 0.0000E+00 0.0000E+00 2.3138E-08 6.25E-06 6.61E-06   0.055 1.0000 6.8345E-06    982.003
12601.00 0.94513184 4.6411E-35 0.0000E+00 0.0000E+00 2.3167E-08 2.3167E-08 0.0000E+00 0.0000E+00 2.3167E-08 6.24E-06 6.60E-06   0.056 1.0000 6.8321E-06    982.724
12611.00 0.94217741 4.6171E-35 0.0000E+00 0.0000E+00 2.3790E-08 2.3790E-08 0.0000E+00 0.0000E+00 2.3790E-08 6.38E-06 6.77E-06   0.060 1.0000 7.0130E-06    984.792
12621.00 0.94195133 4.3684E-35 0.0000E+00 0.0000E+00 2.3833E-08 2.3833E-08 0.0000E+00 0.0000E+00 2.3833E-08 6.38E-06 6.77E-06   0.060 1.0000 7.0117E-06    985.544
12631.00 0.94314384 4.0367E-35 0.0000E+00 0.0000E+00 2.3556E-08 2.3556E-08 0.0000E+00 0.0000E+00 2.3556E-08 6.29E-06 6.67E-06   0.059 1.0000 6.9099E-06    985.572
12641.00 0.94155306 3.9126E-35 0.0000E+00 0.0000E+00 2.4042E-08 2.4042E-08 0.0000E+00 0.0000E+00 2.4042E-08 6.40E-06 6.80E-06   0.060 1.0000 7.0438E-06    987.317
12651.00 0.94187438 3.6672E-35 0.0000E+00 0.0000E+00 2.4276E-08 2.4276E-08 0.0000E+00 0.0000E+00 2.4276E-08 6.45E-06 6.85E-06   0.060 1.0000 7.0958E-06    988.493
12661.00 0.94034278 3.5484E-35 0.0000E+00 0.0000E+00 2.4266E-08 2.4266E-08 0.0000E+00 0.0000E+00 2.4266E-08 6.43E-06 6.84E-06   0.062 1.0000 7.0839E-06    989.125
12671.00 0.94214040 3.2481E-35 0.0000E+00 0.0000E+00 2.4472E-08 2.4472E-08 0.0000E+00 0.0000E+00 2.4472E-08 6.47E-06 6.87E-06   0.060 1.0000 7.1204E-06    990.231
12681.00 0.94381440 2.9733E-35 0.0000E+00 0.0000E+00 2.4424E-08 2.4424E-08 0.0000E+00 0.0000E+00 2.4424E-08 6.45E-06 6.84E-06   0.058 1.0000 7.0842E-06    990.782
12691.00 0.94348037 2.8198E-35 0.0000E+00 0.0000E+00 2.4350E-08 2.4350E-08 0.0000E+00 0.0000E+00 2.4350E-08 6.42E-06 6.80E-06   0.058 1.0000 7.0488E-06    991.272
12701.00 0.94403672 2.6328E-35 0.0000E+00 0.0000E+00 2.4577E-08 2.4577E-08 0.0000E+00 0.0000E+00 2.4577E-08 6.46E-06 6.85E-06   0.058 1.0000 7.0968E-06    992.426
12711.00 0.94392139 2.4879E-35 0.0000E+00 0.0000E+00 2.4780E-08 2.4780E-08 0.0000E+00 0.0000E+00 2.4780E-08 6.50E-06 6.89E-06   0.058 1.0000 7.1406E-06    993.523
12721.00 0.94463319 2.3159E-35 0.0000E+00 0.0000E+00 2.4352E-08 2.4352E-08 0.0000E+00 0.0000E+00 2.4352E-08 6.38E-06 6.75E-06   0.057 1.0000 6.9992E-06    993.236
12731.00 0.94450319 2.1888E-35 0.0000E+00 0.0000E+00 2.4357E-08 2.4357E-08 0.0000E+00 0.0000E+00 2.4357E-08 6.36E-06 6.74E-06   0.057 1.0000 6.9861E-06    993.901
12741.00 0.94436610 2.0690E-35 0.0000E+00 0.0000E+00 2.4813E-08 2.4813E-08 0.0000E+00 0.0000E+00 2.4813E-08 6.46E-06 6.85E-06   0.057 1.0000 7.1028E-06    995.556
12751.00 0.94429511 1.9533E-35 0.0000E+00 0.0000E+00 2.4803E-08 2.4803E-08 0.0000E+00 0.0000E+00 2.4803E-08 6.45E-06 6.83E-06   0.057 1.0000 7.0859E-06    996.190
12761.00 0.94419527 1.8452E-35 0.0000E+00 0.0000E+00 2.4221E-08 2.4221E-08 0.0000E+00 0.0000E+00 2.4221E-08 6.28E-06 6.65E-06   0.057 1.0000 6.9058E-06    995.560
12771.00 0.94407004 1.7438E-35 0.0000E+00 0.0000E+00 2.4728E-08 2.4728E-08 0.0000E+00 0.0000E+00 2.4728E-08 6.40E-06 6.78E-06   0.058 1.0000 7.0362E-06    997.333
12781.00 0.94388676 1.6496E-35 0.0000E+00 0.0000E+00 2.5055E-08 2.5055E-08 0.0000E+00 0.0000E+00 2.5055E-08 6.47E-06 6.85E-06   0.058 1.0000 7.1156E-06    998.700
12791.00 0.94376993 1.5587E-35 0.0000E+00 0.0000E+00 2.5118E-08 2.5118E-08 0.0000E+00 0.0000E+00 2.5118E-08 6.47E-06 6.85E-06   0.058 1.0000 7.1190E-06    999.490
12801.00 0.94363868 1.4732E-35 0.0000E+00 0.0000E+00 2.4755E-08 2.4755E-08 0.0000E+00 0.0000E+00 2.4755E-08 6.36E-06 6.74E-06   0.058 1.0000 7.0016E-06    999.354
12811.00 0.94346887 1.3932E-35 0.0000E+00 0.0000E+00 2.5102E-08 2.5102E-08 0.0000E+00 0.0000E+00 2.5102E-08 6.43E-06 6.82E-06   0.058 1.0000 7.0852E-06   1000.762
12821.00 0.94334793 1.3165E-35 0.0000E+00 0.0000E+00 2.4854E-08 2.4854E-08 0.0000E+00 0.0000E+00 2.4854E-08 6.35E-06 6.73E-06   0.058 1.0000 7.0007E-06   1000.878
12831.00 0.94318157 1.2450E-35 0.0000E+00 0.0000E+00 2.5212E-08 2.5212E-08 0.0000E+00 0.0000E+00 2.5212E-08 6.43E-06 6.82E-06   0.058 1.0000 7.0866E-06   1002.307
12841.00 0.94308019 1.1760E-35 0.0000E+00 0.0000E+00 2.5344E-08 2.5344E-08 0.0000E+00 0.0000E+00 2.5344E-08 6.45E-06 6.84E-06   0.059 1.0000 7.1081E-06   1003.248
12851.00 0.94294846 1.1114E-35 0.0000E+00 0.0000E+00 2.5376E-08 2.5376E-08 0.0000E+00 0.0000E+00 2.5376E-08 6.44E-06 6.83E-06   0.059 1.0000 7.1013E-06   1003.969
12861.00 0.94282663 1.0502E-35 0.0000E+00 0.0000E+00 2.4919E-08 2.4919E-08 0.0000E+00 0.0000E+00 2.4919E-08 6.31E-06 6.69E-06   0.059 1.0000 6.9577E-06   1003.632
12871.00 0.94270921 9.9112E-36 0.0000E+00 0.0000E+00 2.5536E-08 2.5536E-08 0.0000E+00 0.0000E+00 2.5536E-08 6.45E-06 6.84E-06   0.059 1.0000 7.1139E-06   1005.620
12881.00 0.94257426 9.3673E-36 0.0000E+00 0.0000E+00 2.5541E-08 2.5541E-08 0.0000E+00 0.0000E+00 2.5541E-08 6.43E-06 6.83E-06   0.059 1.0000 7.0994E-06   1006.286
12891.00 0.94241405 8.8453E-36 0.0000E+00 0.0000E+00 2.5581E-08 2.5581E-08 0.0000E+00 0.0000E+00 2.5581E-08 6.43E-06 6.82E-06   0.059 1.0000 7.0944E-06   1007.025
12901.00 0.94224882 8.3641E-36 0.0000E+00 0.0000E+00 2.4407E-08 2.4407E-08 0.0000E+00 0.0000E+00 2.4407E-08 6.12E-06 6.49E-06   0.059 1.0000 6.7536E-06   1005.116
12911.00 0.94200158 7.9202E-36 0.0000E+00 0.0000E+00 2.5026E-08 2.5026E-08 0.0000E+00 0.0000E+00 2.5026E-08 6.26E-06 6.64E-06   0.060 1.0000 6.9089E-06   1007.132
12921.00 0.94177932 7.4966E-36 0.0000E+00 0.0000E+00 2.5793E-08 2.5793E-08 0.0000E+00 0.0000E+00 2.5793E-08 6.43E-06 6.83E-06   0.060 1.0000 7.1049E-06   1009.438
12931.00 0.94141799 7.1124E-36 0.0000E+00 0.0000E+00 2.5701E-08 2.5701E-08 0.0000E+00 0.0000E+00 2.5701E-08 6.40E-06 6.79E-06   0.060 1.0000 7.0646E-06   1009.896
12941.00 0.94090098 6.7656E-36 0.0000E+00 0.0000E+00 2.5132E-08 2.5132E-08 0.0000E+00 0.0000E+00 2.5132E-08 6.24E-06 6.63E-06   0.061 1.0000 6.8949E-06   1009.324
12951.00 0.94060880 6.4105E-36 0.0000E+00 0.0000E+00 2.5525E-08 2.5525E-08 0.0000E+00 0.0000E+00 2.5525E-08 6.32E-06 6.72E-06   0.061 1.0000 6.9877E-06   1010.826
12961.00 0.94020963 6.0846E-36 0.0000E+00 0.0000E+00 2.5235E-08 2.5235E-08 0.0000E+00 0.0000E+00 2.5235E-08 6.23E-06 6.63E-06   0.062 1.0000 6.8945E-06   1010.854
12971.00 0.93942928 5.8103E-36 0.0000E+00 0.0000E+00 2.5764E-08 2.5764E-08 0.0000E+00 0.0000E+00 2.5764E-08 6.35E-06 6.75E-06   0.062 1.0000 7.0270E-06   1012.645
12981.00 0.93628925 5.7630E-36 0.0000E+00 0.0000E+00 2.5635E-08 2.5635E-08 0.0000E+00 0.0000E+00 2.5635E-08 6.29E-06 6.71E-06   0.066 1.0000 6.9958E-06   1013.023
12991.00 0.93168837 5.8301E-36 0.0000E+00 0.0000E+00 2.5486E-08 2.5486E-08 0.0000E+00 0.0000E+00 2.5486E-08 6.23E-06 6.67E-06   0.071 1.0000 6.9674E-06   1013.355
13001.00 0.92339748 6.1696E-36 0.0000E+00 0.0000E+00 2.5468E-08 2.5468E-08 0.0000E+00 0.0000E+00 2.5468E-08 6.20E-06 6.67E-06   0.080 1.0000 6.9977E-06   1013.971
13011.00 0.91598415 6.3753E-36 0.0000E+00 0.0000E+00 2.5592E-08 2.5592E-08 0.0000E+00 0.0000E+00 2.5592E-08 6.20E-06 6.70E-06   0.088 1.0000 7.0635E-06   1014.892
13021.00 0.89716512 7.3593E-36 0.0000E+00 0.0000E+00 2.5157E-08 2.5157E-08 0.0000E+00 0.0000E+00 2.5157E-08 6.05E-06 6.62E-06   0.109 1.0000 7.0503E-06   1014.602
13031.00 0.87725824 8.2811E-36 0.0000E+00 0.0000E+00 2.4852E-08 2.4852E-08 0.0000E+00 0.0000E+00 2.4852E-08 5.92E-06 6.58E-06   0.131 1.0000 7.0771E-06   1014.584
13041.00 0.84071702 1.0121E-35 0.0000E+00 0.0000E+00 2.2825E-08 2.2825E-08 0.0000E+00 0.0000E+00 2.2825E-08 5.36E-06 6.10E-06   0.174 1.0000 6.7057E-06   1010.584
13051.00 0.80300498 1.1803E-35 0.0000E+00 0.0000E+00 2.1690E-08 2.1690E-08 0.0000E+00 0.0000E+00 2.1690E-08 4.99E-06 5.90E-06   0.219 1.0000 6.6213E-06   1008.464
13061.00 0.73566329 1.4901E-35 0.0000E+00 0.0000E+00 2.0952E-08 2.0952E-08 0.0000E+00 0.0000E+00 2.0952E-08 4.68E-06 5.86E-06   0.307 1.0000 6.8845E-06   1007.238
13071.00 0.65503615 1.8308E-35 0.0000E+00 0.0000E+00 1.9578E-08 1.9578E-08 0.0000E+00 0.0000E+00 1.9578E-08 4.23E-06 5.67E-06   0.423 1.0000 7.1115E-06   1004.236
13081.00 0.58197552 2.0964E-35 0.0000E+00 0.0000E+00 1.7747E-08 1.7747E-08 0.0000E+00 0.0000E+00 1.7747E-08 3.67E-06 5.35E-06   0.541 1.0000 7.1104E-06    999.641
13091.00 0.49435946 2.3914E-35 0.0000E+00 0.0000E+00 1.5461E-08 1.5461E-08 0.0000E+00 0.0000E+00 1.5461E-08 3.03E-06 4.91E-06   0.704 1.0000 7.1062E-06    993.012
13101.00 0.44458792 2.4778E-35 0.0000E+00 0.0000E+00 1.4055E-08 1.4055E-08 0.0000E+00 0.0000E+00 1.4055E-08 2.63E-06 4.63E-06   0.811 1.0000 7.1028E-06    988.679
13111.00 0.47210231 2.2238E-35 0.0000E+00 0.0000E+00 1.4644E-08 1.4644E-08 0.0000E+00 0.0000E+00 1.4644E-08 2.79E-06 4.70E-06   0.751 1.0000 7.0290E-06    991.451
13121.00 0.68586075 1.2528E-35 0.0000E+00 0.0000E+00 1.9396E-08 1.9396E-08 0.0000E+00 0.0000E+00 1.9396E-08 4.18E-06 5.48E-06   0.377 1.0000 6.7816E-06   1006.959
13131.00 0.43633440 2.0966E-35 0.0000E+00 0.0000E+00 1.3685E-08 1.3685E-08 0.0000E+00 0.0000E+00 1.3685E-08 2.50E-06 4.53E-06   0.829 1.0000 6.9749E-06    989.203
13141.00 0.23944360 2.6791E-35 0.0000E+00 0.0000E+00 8.5779E-09 8.5779E-09 0.0000E+00 0.0000E+00 8.5779E-09 1.19E-06 3.52E-06   1.429 1.0000 7.0062E-06    966.210
13151.00 0.24902344 2.4999E-35 0.0000E+00 0.0000E+00 8.9152E-09 8.9152E-09 0.0000E+00 0.0000E+00 8.9152E-09 1.31E-06 3.52E-06   1.390 1.0000 6.9759E-06    968.742
13161.00 0.48942181 1.6148E-35 0.0000E+00 0.0000E+00 1.5656E-08 1.5656E-08 0.0000E+00 0.0000E+00 1.5656E-08 3.01E-06 4.91E-06   0.715 1.0000 7.0394E-06    998.137
13171.00 0.88974398 3.3222E-36 0.0000E+00 0.0000E+00 2.5749E-08 2.5749E-08 0.0000E+00 0.0000E+00 2.5749E-08 5.96E-06 6.56E-06   0.117 1.0000 7.0248E-06   1025.672
13181.00 0.93777841 1.4858E-36 0.0000E+00 0.0000E+00 2.6322E-08 2.6322E-08 0.0000E+00 0.0000E+00 2.6322E-08 6.17E-06 6.58E-06   0.064 1.0000 6.8540E-06   1027.548
13191.00 0.93854666 1.6893E-37 0.0000E+00 0.0000E+00 2.7023E-08 2.7023E-08 0.0000E+00 0.0000E+00 2.7023E-08 6.32E-06 6.74E-06   0.063 1.0000 7.0170E-06   1029.667
13201.00 0.93844956 0.0000E+00 0.0000E+00 0.0000E+00 2.6930E-08 2.6930E-08 0.0000E+00 0.0000E+00 2.6930E-08 6.29E-06 6.70E-06   0.064 1.0000 6.9786E-06   1030.129
13211.00 0.93830138 0.0000E+00 0.0000E+00 0.0000E+00 2.6981E-08 2.6981E-08 0.0000E+00 0.0000E+00 2.6981E-08 6.28E-06 6.70E-06   0.064 1.0000 6.9776E-06   1030.887
13221.00 0.93813556 0.0000E+00 0.0000E+00 0.0000E+00 2.6949E-08 2.6949E-08 0.0000E+00 0.0000E+00 2.6949E-08 6.26E-06 6.67E-06   0.064 1.0000 6.9558E-06   1031.474
13231.00 0.93796325 0.0000E+00 0.0000E+00 0.0000E+00 2.6856E-08 2.6856E-08 0.0000E+00 0.0000E+00 2.6856E-08 6.22E-06 6.64E-06   0.064 1.0000 6.9184E-06   1031.935
13241.00 0.93779516 0.0000E+00 0.0000E+00 0.0000E+00 2.7357E-08 2.7357E-08 0.0000E+00 0.0000E+00 2.7357E-08 6.32E-06 6.74E-06   0.064 1.0000 7.0339E-06   1033.623
13251.00 0.93762761 0.0000E+00 0.0000E+00 0.0000E+00 2.7488E-08 2.7488E-08 0.0000E+00 0.0000E+00 2.7488E-08 6.34E-06 6.76E-06   0.064 1.0000 7.0541E-06   1034.545
13261.00 0.93744016 0.0000E+00 0.0000E+00 0.0000E+00 2.7624E-08 2.7624E-08 0.0000E+00 0.0000E+00 2.7624E-08 6.36E-06 6.78E-06   0.065 1.0000 7.0756E-06   1035.476
13271.00 0.93727249 0.0000E+00 0.0000E+00 0.0000E+00 2.7390E-08 2.7390E-08 0.0000E+00 0.0000E+00 2.7390E-08 6.29E-06 6.71E-06   0.065 1.0000 7.0026E-06   1035.651
13281.00 0.93708897 0.0000E+00 0.0000E+00 0.0000E+00 2.7200E-08 2.7200E-08 0.0000E+00 0.0000E+00 2.7200E-08 6.23E-06 6.65E-06   0.065 1.0000 6.9412E-06   1035.914
13291.00 0.93690449 0.0000E+00 0.0000E+00 0.0000E+00 2.7154E-08 2.7154E-08 0.0000E+00 0.0000E+00 2.7154E-08 6.20E-06 6.62E-06   0.065 1.0000 6.9165E-06   1036.471
13301.00 0.93670428 0.0000E+00 0.0000E+00 0.0000E+00 2.7569E-08 2.7569E-08 0.0000E+00 0.0000E+00 2.7569E-08 6.28E-06 6.71E-06   0.065 1.0000 7.0096E-06   1037.977
13311.00 0.93653822 0.0000E+00 0.0000E+00 0.0000E+00 2.6779E-08 2.6779E-08 0.0000E+00 0.0000E+00 2.6779E-08 6.09E-06 6.50E-06   0.066 1.0000 6.7959E-06   1036.995
13321.00 0.93632120 0.0000E+00 0.0000E+00 0.0000E+00 2.7653E-08 2.7653E-08 0.0000E+00 0.0000E+00 2.7653E-08 6.27E-06 6.70E-06   0.066 1.0000 7.0050E-06   1039.455
13331.00 0.93615770 0.0000E+00 0.0000E+00 0.0000E+00 2.7449E-08 2.7449E-08 0.0000E+00 0.0000E+00 2.7449E-08 6.21E-06 6.63E-06   0.066 1.0000 6.9407E-06   1039.692
13341.00 0.93599087 0.0000E+00 0.0000E+00 0.0000E+00 2.6874E-08 2.6874E-08 0.0000E+00 0.0000E+00 2.6874E-08 6.07E-06 6.48E-06   0.066 1.0000 6.7825E-06   1039.153
13351.00 0.93582106 0.0000E+00 0.0000E+00 0.0000E+00 2.7750E-08 2.7750E-08 0.0000E+00 0.0000E+00 2.7750E-08 6.25E-06 6.68E-06   0.066 1.0000 6.9903E-06   1041.614
13361.00 0.93566036 0.0000E+00 0.0000E+00 0.0000E+00 2.7641E-08 2.7641E-08 0.0000E+00 0.0000E+00 2.7641E-08 6.21E-06 6.64E-06   0.067 1.0000 6.9490E-06   1042.044
13371.00 0.93548268 0.0000E+00 0.0000E+00 0.0000E+00 2.7671E-08 2.7671E-08 0.0000E+00 0.0000E+00 2.7671E-08 6.20E-06 6.63E-06   0.067 1.0000 6.9428E-06   1042.758
13381.00 0.93531573 0.0000E+00 0.0000E+00 0.0000E+00 2.7888E-08 2.7888E-08 0.0000E+00 0.0000E+00 2.7888E-08 6.24E-06 6.67E-06   0.067 1.0000 6.9829E-06   1043.853
13391.00 0.93515366 0.0000E+00 0.0000E+00 0.0000E+00 2.7956E-08 2.7956E-08 0.0000E+00 0.0000E+00 2.7956E-08 6.24E-06 6.67E-06   0.067 1.0000 6.9856E-06   1044.645
13401.00 0.93502086 0.0000E+00 0.0000E+00 0.0000E+00 2.7797E-08 2.7797E-08 0.0000E+00 0.0000E+00 2.7797E-08 6.19E-06 6.62E-06   0.067 1.0000 6.9311E-06   1044.975
13411.00 0.93483216 0.0000E+00 0.0000E+00 0.0000E+00 2.8122E-08 2.8122E-08 0.0000E+00 0.0000E+00 2.8122E-08 6.24E-06 6.68E-06   0.067 1.0000 6.9973E-06   1046.286
13421.00 0.93473595 0.0000E+00 0.0000E+00 0.0000E+00 2.7575E-08 2.7575E-08 0.0000E+00 0.0000E+00 2.7575E-08 6.11E-06 6.53E-06   0.067 1.0000 6.8463E-06   1045.826
13431.00 0.93454307 0.0000E+00 0.0000E+00 0.0000E+00 2.7281E-08 2.7281E-08 0.0000E+00 0.0000E+00 2.7281E-08 6.03E-06 6.45E-06   0.068 1.0000 6.7587E-06   1045.871
13441.00 0.93438786 0.0000E+00 0.0000E+00 0.0000E+00 2.8228E-08 2.8228E-08 0.0000E+00 0.0000E+00 2.8228E-08 6.22E-06 6.66E-06   0.068 1.0000 6.9782E-06   1048.460
13451.00 0.93431342 0.0000E+00 0.0000E+00 0.0000E+00 2.8300E-08 2.8300E-08 0.0000E+00 0.0000E+00 2.8300E-08 6.22E-06 6.66E-06   0.068 1.0000 6.9805E-06   1049.258
13461.00 0.93387598 0.0000E+00 0.0000E+00 0.0000E+00 2.8089E-08 2.8089E-08 0.0000E+00 0.0000E+00 2.8089E-08 6.16E-06 6.60E-06   0.068 1.0000 6.9145E-06   1049.485
13471.00 0.93369401 0.0000E+00 0.0000E+00 0.0000E+00 2.7157E-08 2.7157E-08 0.0000E+00 0.0000E+00 2.7157E-08 5.94E-06 6.37E-06   0.069 1.0000 6.6706E-06   1048.221
13481.00 0.93352765 0.0000E+00 0.0000E+00 0.0000E+00 2.7235E-08 2.7235E-08 0.0000E+00 0.0000E+00 2.7235E-08 5.95E-06 6.37E-06   0.069 1.0000 6.6756E-06   1049.037
13491.00 0.93294513 0.0000E+00 0.0000E+00 0.0000E+00 2.7219E-08 2.7219E-08 0.0000E+00 0.0000E+00 2.7219E-08 5.93E-06 6.35E-06   0.069 1.0000 6.6588E-06   1049.654
13501.00 0.93322968 0.0000E+00 0.0000E+00 0.0000E+00 2.8073E-08 2.8073E-08 0.0000E+00 0.0000E+00 2.8073E-08 6.10E-06 6.54E-06   0.069 1.0000 6.8511E-06   1052.064
13511.00 0.93238753 0.0000E+00 0.0000E+00 0.0000E+00 2.8108E-08 2.8108E-08 0.0000E+00 0.0000E+00 2.8108E-08 6.09E-06 6.53E-06   0.070 1.0000 6.8479E-06   1052.787
13521.00 0.93130469 0.0000E+00 0.0000E+00 0.0000E+00 2.8179E-08 2.8179E-08 0.0000E+00 0.0000E+00 2.8179E-08 6.09E-06 6.54E-06   0.071 1.0000 6.8549E-06   1053.585
13531.00 0.93151641 0.0000E+00 0.0000E+00 0.0000E+00 2.7340E-08 2.7340E-08 0.0000E+00 0.0000E+00 2.7340E-08 5.90E-06 6.33E-06   0.071 1.0000 6.6352E-06   1052.513
13541.00 0.93014324 0.0000E+00 0.0000E+00 0.0000E+00 2.8176E-08 2.8176E-08 0.0000E+00 0.0000E+00 2.8176E-08 6.06E-06 6.51E-06   0.072 1.0000 6.8288E-06   1054.883
13551.00 0.93120009 0.0000E+00 0.0000E+00 0.0000E+00 2.8832E-08 2.8832E-08 0.0000E+00 0.0000E+00 2.8832E-08 6.19E-06 6.65E-06   0.071 1.0000 6.9678E-06   1056.852
13561.00 0.92957205 0.0000E+00 0.0000E+00 0.0000E+00 2.8918E-08 2.8918E-08 0.0000E+00 0.0000E+00 2.8918E-08 6.19E-06 6.66E-06   0.073 1.0000 6.9805E-06   1057.675
13571.00 0.92813152 0.0000E+00 0.0000E+00 0.0000E+00 2.8742E-08 2.8742E-08 0.0000E+00 0.0000E+00 2.8742E-08 6.13E-06 6.61E-06   0.075 1.0000 6.9293E-06   1057.978
13581.00 0.92706102 0.0000E+00 0.0000E+00 0.0000E+00 2.8527E-08 2.8527E-08 0.0000E+00 0.0000E+00 2.8527E-08 6.07E-06 6.55E-06   0.076 1.0000 6.8674E-06   1058.201
13591.00 0.92857546 0.0000E+00 0.0000E+00 0.0000E+00 2.8452E-08 2.8452E-08 0.0000E+00 0.0000E+00 2.8452E-08 6.04E-06 6.51E-06   0.074 1.0000 6.8280E-06   1058.703
13601.00 0.92852360 0.0000E+00 0.0000E+00 0.0000E+00 2.8888E-08 2.8888E-08 0.0000E+00 0.0000E+00 2.8888E-08 6.12E-06 6.59E-06   0.074 1.0000 6.9178E-06   1060.228
13611.00 0.92766374 0.0000E+00 0.0000E+00 0.0000E+00 2.9210E-08 2.9210E-08 0.0000E+00 0.0000E+00 2.9210E-08 6.17E-06 6.66E-06   0.075 1.0000 6.9838E-06   1061.519
13621.00 0.92976916 0.0000E+00 0.0000E+00 0.0000E+00 2.9395E-08 2.9395E-08 0.0000E+00 0.0000E+00 2.9395E-08 6.21E-06 6.67E-06   0.073 1.0000 7.0039E-06   1062.536
13631.00 0.92525947 0.0000E+00 0.0000E+00 0.0000E+00 2.9062E-08 2.9062E-08 0.0000E+00 0.0000E+00 2.9062E-08 6.11E-06 6.60E-06   0.078 1.0000 6.9291E-06   1062.532
13641.00 0.92676520 0.0000E+00 0.0000E+00 0.0000E+00 2.8668E-08 2.8668E-08 0.0000E+00 0.0000E+00 2.8668E-08 6.02E-06 6.49E-06   0.076 1.0000 6.8141E-06   1062.400
13651.00 0.92588109 0.0000E+00 0.0000E+00 0.0000E+00 2.8775E-08 2.8775E-08 0.0000E+00 0.0000E+00 2.8775E-08 6.02E-06 6.50E-06   0.077 1.0000 6.8293E-06   1063.267
13661.00 0.91673571 0.0000E+00 0.0000E+00 0.0000E+00 2.9028E-08 2.9028E-08 0.0000E+00 0.0000E+00 2.9028E-08 6.03E-06 6.58E-06   0.087 1.0000 6.9146E-06   1064.423
13671.00 0.91622615 0.0000E+00 0.0000E+00 0.0000E+00 2.8848E-08 2.8848E-08 0.0000E+00 0.0000E+00 2.8848E-08 5.98E-06 6.52E-06   0.087 1.0000 6.8594E-06   1064.716
13681.00 0.91597998 0.0000E+00 0.0000E+00 0.0000E+00 2.8427E-08 2.8427E-08 0.0000E+00 0.0000E+00 2.8427E-08 5.88E-06 6.42E-06   0.088 1.0000 6.7477E-06   1064.522
13691.00 0.91060400 0.0000E+00 0.0000E+00 0.0000E+00 2.9157E-08 2.9157E-08 0.0000E+00 0.0000E+00 2.9157E-08 6.00E-06 6.59E-06   0.094 1.0000 6.9298E-06   1066.636
13701.00 0.91944861 0.0000E+00 0.0000E+00 0.0000E+00 2.9214E-08 2.9214E-08 0.0000E+00 0.0000E+00 2.9214E-08 6.02E-06 6.55E-06   0.084 1.0000 6.8895E-06   1067.402
13711.00 0.90277380 0.0000E+00 0.0000E+00 0.0000E+00 2.7665E-08 2.7665E-08 0.0000E+00 0.0000E+00 2.7665E-08 5.65E-06 6.25E-06   0.102 1.0000 6.5819E-06   1064.913
13721.00 0.91550952 0.0000E+00 0.0000E+00 0.0000E+00 2.8256E-08 2.8256E-08 0.0000E+00 0.0000E+00 2.8256E-08 5.79E-06 6.32E-06   0.088 1.0000 6.6556E-06   1066.782
13731.00 0.91272229 0.0000E+00 0.0000E+00 0.0000E+00 2.9098E-08 2.9098E-08 0.0000E+00 0.0000E+00 2.9098E-08 5.94E-06 6.51E-06   0.091 1.0000 6.8519E-06   1069.129
13741.00 0.89433181 0.0000E+00 0.0000E+00 0.0000E+00 2.8957E-08 2.8957E-08 0.0000E+00 0.0000E+00 2.8957E-08 5.84E-06 6.53E-06   0.112 1.0000 6.8890E-06   1069.499
13751.00 0.91294736 0.0000E+00 0.0000E+00 0.0000E+00 2.9724E-08 2.9724E-08 0.0000E+00 0.0000E+00 2.9724E-08 6.04E-06 6.62E-06   0.091 1.0000 6.9714E-06   1071.667
13761.00 0.89988863 0.0000E+00 0.0000E+00 0.0000E+00 2.9220E-08 2.9220E-08 0.0000E+00 0.0000E+00 2.9220E-08 5.89E-06 6.54E-06   0.105 1.0000 6.9003E-06   1071.328
13771.00 0.91356725 0.0000E+00 0.0000E+00 0.0000E+00 2.9281E-08 2.9281E-08 0.0000E+00 0.0000E+00 2.9281E-08 5.93E-06 6.48E-06   0.090 1.0000 6.8340E-06   1072.100
13781.00 0.89929932 0.0000E+00 0.0000E+00 0.0000E+00 2.9408E-08 2.9408E-08 0.0000E+00 0.0000E+00 2.9408E-08 5.90E-06 6.55E-06   0.106 1.0000 6.9166E-06   1073.005
13791.00 0.90763915 0.0000E+00 0.0000E+00 0.0000E+00 2.9462E-08 2.9462E-08 0.0000E+00 0.0000E+00 2.9462E-08 5.92E-06 6.52E-06   0.097 1.0000 6.8767E-06   1073.763
13801.00 0.89476252 0.0000E+00 0.0000E+00 0.0000E+00 2.9274E-08 2.9274E-08 0.0000E+00 0.0000E+00 2.9274E-08 5.83E-06 6.51E-06   0.111 1.0000 6.8804E-06   1074.042
13811.00 0.89859891 0.0000E+00 0.0000E+00 0.0000E+00 2.9472E-08 2.9472E-08 0.0000E+00 0.0000E+00 2.9472E-08 5.87E-06 6.52E-06   0.107 1.0000 6.8949E-06   1075.087
13821.00 0.88957489 0.0000E+00 0.0000E+00 0.0000E+00 2.9561E-08 2.9561E-08 0.0000E+00 0.0000E+00 2.9561E-08 5.85E-06 6.56E-06   0.117 1.0000 6.9471E-06   1075.914
13831.00 0.91566700 0.0000E+00 0.0000E+00 0.0000E+00 2.9865E-08 2.9865E-08 0.0000E+00 0.0000E+00 2.9865E-08 5.97E-06 6.52E-06   0.088 1.0000 6.8800E-06   1077.163
13841.00 0.91788375 0.0000E+00 0.0000E+00 0.0000E+00 2.9002E-08 2.9002E-08 0.0000E+00 0.0000E+00 2.9002E-08 5.79E-06 6.31E-06   0.086 1.0000 6.6572E-06   1076.107
13851.00 0.91947579 0.0000E+00 0.0000E+00 0.0000E+00 3.0010E-08 3.0010E-08 0.0000E+00 0.0000E+00 3.0010E-08 5.98E-06 6.51E-06   0.084 1.0000 6.8689E-06   1078.751
13861.00 0.91990155 0.0000E+00 0.0000E+00 0.0000E+00 2.9972E-08 2.9972E-08 0.0000E+00 0.0000E+00 2.9972E-08 5.96E-06 6.48E-06   0.083 1.0000 6.8448E-06   1079.328
13871.00 0.89763510 0.0000E+00 0.0000E+00 0.0000E+00 2.8539E-08 2.8539E-08 0.0000E+00 0.0000E+00 2.8539E-08 5.61E-06 6.24E-06   0.108 1.0000 6.6067E-06   1077.125
13881.00 0.87902004 0.0000E+00 0.0000E+00 0.0000E+00 2.9255E-08 2.9255E-08 0.0000E+00 0.0000E+00 2.9255E-08 5.68E-06 6.45E-06   0.129 1.0000 6.8443E-06   1079.219
13891.00 0.89223683 0.0000E+00 0.0000E+00 0.0000E+00 2.9280E-08 2.9280E-08 0.0000E+00 0.0000E+00 2.9280E-08 5.71E-06 6.39E-06   0.114 1.0000 6.7708E-06   1079.920
13901.00 0.88876992 0.0000E+00 0.0000E+00 0.0000E+00 2.8620E-08 2.8620E-08 0.0000E+00 0.0000E+00 2.8620E-08 5.56E-06 6.24E-06   0.118 1.0000 6.6271E-06   1079.241
13911.00 0.87740934 0.0000E+00 0.0000E+00 0.0000E+00 2.8286E-08 2.8286E-08 0.0000E+00 0.0000E+00 2.8286E-08 5.46E-06 6.20E-06   0.131 1.0000 6.5880E-06   1079.208
13921.00 0.89508516 0.0000E+00 0.0000E+00 0.0000E+00 2.9050E-08 2.9050E-08 0.0000E+00 0.0000E+00 2.9050E-08 5.64E-06 6.29E-06   0.111 1.0000 6.6696E-06   1081.413
13931.00 0.89779383 0.0000E+00 0.0000E+00 0.0000E+00 2.9742E-08 2.9742E-08 0.0000E+00 0.0000E+00 2.9742E-08 5.76E-06 6.41E-06   0.108 1.0000 6.7975E-06   1083.440
13941.00 0.90433580 0.0000E+00 0.0000E+00 0.0000E+00 3.0476E-08 3.0476E-08 0.0000E+00 0.0000E+00 3.0476E-08 5.91E-06 6.53E-06   0.101 1.0000 6.9216E-06   1085.523
13951.00 0.91622055 0.0000E+00 0.0000E+00 0.0000E+00 2.9506E-08 2.9506E-08 0.0000E+00 0.0000E+00 2.9506E-08 5.74E-06 6.27E-06   0.087 1.0000 6.6387E-06   1084.277
13961.00 0.92285138 0.0000E+00 0.0000E+00 0.0000E+00 3.0480E-08 3.0480E-08 0.0000E+00 0.0000E+00 3.0480E-08 5.94E-06 6.44E-06   0.080 1.0000 6.8145E-06   1086.835
13971.00 0.92372257 0.0000E+00 0.0000E+00 0.0000E+00 3.0680E-08 3.0680E-08 0.0000E+00 0.0000E+00 3.0680E-08 5.97E-06 6.46E-06   0.079 1.0000 6.8419E-06   1087.872
13981.00 0.92267066 0.0000E+00 0.0000E+00 0.0000E+00 2.9871E-08 2.9871E-08 0.0000E+00 0.0000E+00 2.9871E-08 5.80E-06 6.28E-06   0.080 1.0000 6.6525E-06   1086.953
13991.00 0.92318267 0.0000E+00 0.0000E+00 0.0000E+00 3.0153E-08 3.0153E-08 0.0000E+00 0.0000E+00 3.0153E-08 5.84E-06 6.32E-06   0.080 1.0000 6.6990E-06   1088.156
14001.00 0.92358398 0.0000E+00 0.0000E+00 0.0000E+00 3.1113E-08 3.1113E-08 0.0000E+00 0.0000E+00 3.1113E-08 6.01E-06 6.51E-06   0.079 1.0000 6.8966E-06   1090.656
14011.00 0.92380089 0.0000E+00 0.0000E+00 0.0000E+00 3.1018E-08 3.1018E-08 0.0000E+00 0.0000E+00 3.1018E-08 5.98E-06 6.47E-06   0.079 1.0000 6.8603E-06   1091.127
14021.00 0.92344213 0.0000E+00 0.0000E+00 0.0000E+00 3.0372E-08 3.0372E-08 0.0000E+00 0.0000E+00 3.0372E-08 5.84E-06 6.33E-06   0.080 1.0000 6.7046E-06   1090.537
14031.00 0.92391306 0.0000E+00 0.0000E+00 0.0000E+00 3.0902E-08 3.0902E-08 0.0000E+00 0.0000E+00 3.0902E-08 5.93E-06 6.42E-06   0.079 1.0000 6.8054E-06   1092.210
14041.00 0.92351019 0.0000E+00 0.0000E+00 0.0000E+00 3.0909E-08 3.0909E-08 0.0000E+00 0.0000E+00 3.0909E-08 5.92E-06 6.41E-06   0.080 1.0000 6.7943E-06   1092.875
14051.00 0.92356133 0.0000E+00 0.0000E+00 0.0000E+00 3.0935E-08 3.0935E-08 0.0000E+00 0.0000E+00 3.0935E-08 5.91E-06 6.40E-06   0.080 1.0000 6.7860E-06   1093.578
14061.00 0.92305511 0.0000E+00 0.0000E+00 0.0000E+00 3.1058E-08 3.1058E-08 0.0000E+00 0.0000E+00 3.1058E-08 5.92E-06 6.41E-06   0.080 1.0000 6.8011E-06   1094.465
14071.00 0.92266417 0.0000E+00 0.0000E+00 0.0000E+00 3.1627E-08 3.1627E-08 0.0000E+00 0.0000E+00 3.1627E-08 6.01E-06 6.52E-06   0.080 1.0000 6.9130E-06   1096.192
14081.00 0.92235547 0.0000E+00 0.0000E+00 0.0000E+00 3.1727E-08 3.1727E-08 0.0000E+00 0.0000E+00 3.1727E-08 6.02E-06 6.53E-06   0.081 1.0000 6.9222E-06   1097.033
14091.00 0.92265868 0.0000E+00 0.0000E+00 0.0000E+00 3.1455E-08 3.1455E-08 0.0000E+00 0.0000E+00 3.1455E-08 5.96E-06 6.45E-06   0.080 1.0000 6.8480E-06   1097.175
14101.00 0.92214674 0.0000E+00 0.0000E+00 0.0000E+00 3.1143E-08 3.1143E-08 0.0000E+00 0.0000E+00 3.1143E-08 5.88E-06 6.38E-06   0.081 1.0000 6.7686E-06   1097.234
14111.00 0.92233843 0.0000E+00 0.0000E+00 0.0000E+00 3.1081E-08 3.1081E-08 0.0000E+00 0.0000E+00 3.1081E-08 5.86E-06 6.35E-06   0.081 1.0000 6.7405E-06   1097.767
14121.00 0.92099547 0.0000E+00 0.0000E+00 0.0000E+00 3.2010E-08 3.2010E-08 0.0000E+00 0.0000E+00 3.2010E-08 6.01E-06 6.53E-06   0.082 1.0000 6.9338E-06   1100.171
14131.00 0.92117149 0.0000E+00 0.0000E+00 0.0000E+00 3.1972E-08 3.1972E-08 0.0000E+00 0.0000E+00 3.1972E-08 6.00E-06 6.51E-06   0.082 1.0000 6.9114E-06   1100.753
14141.00 0.92145318 0.0000E+00 0.0000E+00 0.0000E+00 3.0918E-08 3.0918E-08 0.0000E+00 0.0000E+00 3.0918E-08 5.79E-06 6.28E-06   0.082 1.0000 6.6690E-06   1099.411
14151.00 0.92022729 0.0000E+00 0.0000E+00 0.0000E+00 3.1735E-08 3.1735E-08 0.0000E+00 0.0000E+00 3.1735E-08 5.92E-06 6.43E-06   0.083 1.0000 6.8364E-06   1101.613
14161.00 0.91987759 0.0000E+00 0.0000E+00 0.0000E+00 3.1744E-08 3.1744E-08 0.0000E+00 0.0000E+00 3.1744E-08 5.91E-06 6.42E-06   0.084 1.0000 6.8263E-06   1102.283
14171.00 0.91905367 0.0000E+00 0.0000E+00 0.0000E+00 3.1771E-08 3.1771E-08 0.0000E+00 0.0000E+00 3.1771E-08 5.90E-06 6.42E-06   0.084 1.0000 6.8218E-06   1102.985
14181.00 0.91866559 0.0000E+00 0.0000E+00 0.0000E+00 3.2266E-08 3.2266E-08 0.0000E+00 0.0000E+00 3.2266E-08 5.98E-06 6.50E-06   0.085 1.0000 6.9162E-06   1104.562
14191.00 0.92037320 0.0000E+00 0.0000E+00 0.0000E+00 3.2291E-08 3.2291E-08 0.0000E+00 0.0000E+00 3.2291E-08 5.97E-06 6.49E-06   0.083 1.0000 6.9005E-06   1105.260
14201.00 0.91641957 0.0000E+00 0.0000E+00 0.0000E+00 3.1844E-08 3.1844E-08 0.0000E+00 0.0000E+00 3.1844E-08 5.86E-06 6.40E-06   0.087 1.0000 6.8083E-06   1105.078
14211.00 0.91995329 0.0000E+00 0.0000E+00 0.0000E+00 3.1935E-08 3.1935E-08 0.0000E+00 0.0000E+00 3.1935E-08 5.88E-06 6.39E-06   0.083 1.0000 6.7993E-06   1105.902
14221.00 0.91757047 0.0000E+00 0.0000E+00 0.0000E+00 3.1950E-08 3.1950E-08 0.0000E+00 0.0000E+00 3.1950E-08 5.86E-06 6.39E-06   0.086 1.0000 6.7995E-06   1106.581
14231.00 0.91412973 0.0000E+00 0.0000E+00 0.0000E+00 3.1434E-08 3.1434E-08 0.0000E+00 0.0000E+00 3.1434E-08 5.74E-06 6.28E-06   0.090 1.0000 6.6909E-06   1106.258
14241.00 0.91585195 0.0000E+00 0.0000E+00 0.0000E+00 3.1738E-08 3.1738E-08 0.0000E+00 0.0000E+00 3.1738E-08 5.79E-06 6.32E-06   0.088 1.0000 6.7352E-06   1107.487
14251.00 0.91445494 0.0000E+00 0.0000E+00 0.0000E+00 3.1063E-08 3.1063E-08 0.0000E+00 0.0000E+00 3.1063E-08 5.65E-06 6.18E-06   0.089 1.0000 6.5845E-06   1106.852
14261.00 0.91653633 0.0000E+00 0.0000E+00 0.0000E+00 3.1983E-08 3.1983E-08 0.0000E+00 0.0000E+00 3.1983E-08 5.81E-06 6.34E-06   0.087 1.0000 6.7582E-06   1109.251
14271.00 0.91262591 0.0000E+00 0.0000E+00 0.0000E+00 3.1778E-08 3.1778E-08 0.0000E+00 0.0000E+00 3.1778E-08 5.75E-06 6.30E-06   0.091 1.0000 6.7184E-06   1109.516
14281.00 0.91526270 0.0000E+00 0.0000E+00 0.0000E+00 3.1907E-08 3.1907E-08 0.0000E+00 0.0000E+00 3.1907E-08 5.77E-06 6.30E-06   0.089 1.0000 6.7221E-06   1110.411
 -9999.
