T F 2    2    2    0    2    2    2    2    2    2    1    0    0   0.0000.00000
    1    1    1    0    0    0  50.00000   0.00000   0.00000   0.00000   0.00000
 -99.000 -99.000 -99.000
 -99.00000 -99.00000 -99.00000  2.922360  0.000710 ! H2O & O3 COLUMNS [GM/CM2]
   36MID-LATITUDE SUMMER 
   5.00000   3.00000  92.49141  50.00084   0.44901   0.00000    0        0.00000
    0    0  172    0
   0.00000   0.00000   0.00000  70.02525   0.00000 180.00000   0.00000   0.00000
    9091.0   14286.0      10.0      10.0NW              
    0   0    0.000  0    0.000  0    1.000
    FREQ  TOT_TRANS  PTH_THRML  THRML_SCT  SURF_EMIS   SOL_SCAT  SING_SCAT  GRND_RFLT  DRCT_RFLT  TOTAL_RAD  REF_SOL  SOL@OBS   DEPTH DIR_EM    TOA_SUN BBODY_T[K]
 9091.00 0.48288396 8.0434E-22 0.0000E+00 0.0000E+00 6.3338E-08 6.3338E-08 0.0000E+00 0.0000E+00 6.3338E-08 2.98E-06 6.31E-06   0.728 1.0000 6.9214E-06    794.478
 9101.00 0.53208059 7.0991E-22 0.0000E+00 0.0000E+00 6.5434E-08 6.5434E-08 0.0000E+00 0.0000E+00 6.5434E-08 3.22E-06 6.25E-06   0.631 1.0000 6.7529E-06    796.768
 9111.00 0.61579490 5.6560E-22 0.0000E+00 0.0000E+00 7.1266E-08 7.1266E-08 0.0000E+00 0.0000E+00 7.1266E-08 3.81E-06 6.35E-06   0.485 1.0000 6.7702E-06    801.647
 9121.00 0.61441833 5.3537E-22 0.0000E+00 0.0000E+00 7.1183E-08 7.1183E-08 0.0000E+00 0.0000E+00 7.1183E-08 3.79E-06 6.33E-06   0.487 1.0000 6.7570E-06    802.309
 9131.00 0.59432232 5.3814E-22 0.0000E+00 0.0000E+00 6.9742E-08 6.9742E-08 0.0000E+00 0.0000E+00 6.9742E-08 3.63E-06 6.27E-06   0.520 1.0000 6.7175E-06    802.024
 9141.00 0.67384970 4.2685E-22 0.0000E+00 0.0000E+00 7.2157E-08 7.2157E-08 0.0000E+00 0.0000E+00 7.2157E-08 3.99E-06 6.10E-06   0.395 1.0000 6.4440E-06    804.413
 9151.00 0.61604905 4.5281E-22 0.0000E+00 0.0000E+00 7.2582E-08 7.2582E-08 0.0000E+00 0.0000E+00 7.2582E-08 3.87E-06 6.38E-06   0.484 1.0000 6.8615E-06    805.421
 9161.00 0.75339502 2.9974E-22 0.0000E+00 0.0000E+00 8.3334E-08 8.3334E-08 0.0000E+00 0.0000E+00 8.3334E-08 4.86E-06 6.62E-06   0.283 1.0000 6.9345E-06    813.008
 9171.00 0.66460848 3.6785E-22 0.0000E+00 0.0000E+00 7.7917E-08 7.7917E-08 0.0000E+00 0.0000E+00 7.7917E-08 4.27E-06 6.57E-06   0.409 1.0000 6.9883E-06    810.372
 9181.00 0.69381076 3.3011E-22 0.0000E+00 0.0000E+00 7.9119E-08 7.9119E-08 0.0000E+00 0.0000E+00 7.9119E-08 4.39E-06 6.52E-06   0.366 1.0000 6.8738E-06    811.856
 9191.00 0.74268275 2.6937E-22 0.0000E+00 0.0000E+00 8.2422E-08 8.2422E-08 0.0000E+00 0.0000E+00 8.2422E-08 4.73E-06 6.54E-06   0.297 1.0000 6.8531E-06    814.625
 9201.00 0.68627745 3.0235E-22 0.0000E+00 0.0000E+00 7.7866E-08 7.7866E-08 0.0000E+00 0.0000E+00 7.7866E-08 4.29E-06 6.40E-06   0.376 1.0000 6.7792E-06    812.502
 9211.00 0.69320005 2.8344E-22 0.0000E+00 0.0000E+00 8.1417E-08 8.1417E-08 0.0000E+00 0.0000E+00 8.1417E-08 4.49E-06 6.64E-06   0.366 1.0000 7.0277E-06    815.454
 9221.00 0.71772492 2.5305E-22 0.0000E+00 0.0000E+00 8.2839E-08 8.2839E-08 0.0000E+00 0.0000E+00 8.2839E-08 4.62E-06 6.63E-06   0.332 1.0000 6.9689E-06    817.046
 9231.00 0.72580111 2.3110E-22 0.0000E+00 0.0000E+00 8.1154E-08 8.1154E-08 0.0000E+00 0.0000E+00 8.1154E-08 4.56E-06 6.45E-06   0.320 1.0000 6.7955E-06    816.735
 9241.00 0.75734878 1.9895E-22 0.0000E+00 0.0000E+00 8.3562E-08 8.3562E-08 0.0000E+00 0.0000E+00 8.3562E-08 4.77E-06 6.48E-06   0.278 1.0000 6.7842E-06    818.929
 9251.00 0.72584724 2.1089E-22 0.0000E+00 0.0000E+00 8.3107E-08 8.3107E-08 0.0000E+00 0.0000E+00 8.3107E-08 4.64E-06 6.56E-06   0.320 1.0000 6.9007E-06    819.375
 9261.00 0.74629760 1.8677E-22 0.0000E+00 0.0000E+00 8.5732E-08 8.5732E-08 0.0000E+00 0.0000E+00 8.5732E-08 4.84E-06 6.66E-06   0.293 1.0000 6.9947E-06    821.670
 9271.00 0.77064538 1.6321E-22 0.0000E+00 0.0000E+00 8.6189E-08 8.6189E-08 0.0000E+00 0.0000E+00 8.6189E-08 4.92E-06 6.57E-06   0.261 1.0000 6.8762E-06    822.662
 9281.00 0.71981758 1.8507E-22 0.0000E+00 0.0000E+00 8.4827E-08 8.4827E-08 0.0000E+00 0.0000E+00 8.4827E-08 4.67E-06 6.68E-06   0.329 1.0000 7.0330E-06    822.578
 9291.00 0.77435946 1.4583E-22 0.0000E+00 0.0000E+00 8.8552E-08 8.8552E-08 0.0000E+00 0.0000E+00 8.8552E-08 5.04E-06 6.70E-06   0.256 1.0000 7.0135E-06    825.485
 9301.00 0.74987024 1.5158E-22 0.0000E+00 0.0000E+00 8.5183E-08 8.5183E-08 0.0000E+00 0.0000E+00 8.5183E-08 4.76E-06 6.53E-06   0.288 1.0000 6.8637E-06    824.235
 9311.00 0.76206535 1.3824E-22 0.0000E+00 0.0000E+00 8.7676E-08 8.7676E-08 0.0000E+00 0.0000E+00 8.7676E-08 4.93E-06 6.65E-06   0.272 1.0000 6.9849E-06    826.426
 9321.00 0.74913329 1.3911E-22 0.0000E+00 0.0000E+00 8.5809E-08 8.5809E-08 0.0000E+00 0.0000E+00 8.5809E-08 4.75E-06 6.55E-06   0.289 1.0000 6.8861E-06    826.052
 9331.00 0.75042158 1.3195E-22 0.0000E+00 0.0000E+00 8.7548E-08 8.7548E-08 0.0000E+00 0.0000E+00 8.7548E-08 4.84E-06 6.66E-06   0.287 1.0000 7.0103E-06    827.798
 9341.00 0.74756426 1.2650E-22 0.0000E+00 0.0000E+00 8.7045E-08 8.7045E-08 0.0000E+00 0.0000E+00 8.7045E-08 4.79E-06 6.62E-06   0.291 1.0000 6.9794E-06    828.226
 9351.00 0.73256809 1.2735E-22 0.0000E+00 0.0000E+00 8.2767E-08 8.2767E-08 0.0000E+00 0.0000E+00 8.2767E-08 4.49E-06 6.34E-06   0.311 1.0000 6.7060E-06    826.383
 9361.00 0.73524588 1.1972E-22 0.0000E+00 0.0000E+00 8.5412E-08 8.5412E-08 0.0000E+00 0.0000E+00 8.5412E-08 4.63E-06 6.52E-06   0.308 1.0000 6.9146E-06    828.705
 9371.00 0.72998202 1.1615E-22 0.0000E+00 0.0000E+00 8.6379E-08 8.6379E-08 0.0000E+00 0.0000E+00 8.6379E-08 4.65E-06 6.60E-06   0.315 1.0000 7.0062E-06    830.001
 9381.00 0.73282892 1.0933E-22 0.0000E+00 0.0000E+00 8.6331E-08 8.6331E-08 0.0000E+00 0.0000E+00 8.6331E-08 4.64E-06 6.56E-06   0.311 1.0000 6.9727E-06    830.695
 9391.00 0.72894639 1.0570E-22 0.0000E+00 0.0000E+00 8.7830E-08 8.7830E-08 0.0000E+00 0.0000E+00 8.7830E-08 4.69E-06 6.68E-06   0.316 1.0000 7.0927E-06    832.299
 9401.00 0.73731947 9.7517E-23 0.0000E+00 0.0000E+00 8.8023E-08 8.8023E-08 0.0000E+00 0.0000E+00 8.8023E-08 4.72E-06 6.64E-06   0.305 1.0000 7.0394E-06    833.134
 9411.00 0.73763162 9.2885E-23 0.0000E+00 0.0000E+00 8.8200E-08 8.8200E-08 0.0000E+00 0.0000E+00 8.8200E-08 4.72E-06 6.63E-06   0.304 1.0000 7.0221E-06    833.959
 9421.00 0.74491382 8.5982E-23 0.0000E+00 0.0000E+00 8.8766E-08 8.8766E-08 0.0000E+00 0.0000E+00 8.8766E-08 4.77E-06 6.62E-06   0.294 1.0000 7.0055E-06    835.010
 9431.00 0.74794519 8.0917E-23 0.0000E+00 0.0000E+00 8.8781E-08 8.8781E-08 0.0000E+00 0.0000E+00 8.8781E-08 4.76E-06 6.59E-06   0.290 1.0000 6.9676E-06    835.741
 9441.00 0.75073236 7.6236E-23 0.0000E+00 0.0000E+00 8.9015E-08 8.9015E-08 0.0000E+00 0.0000E+00 8.9015E-08 4.77E-06 6.57E-06   0.287 1.0000 6.9484E-06    836.600
 9451.00 0.75565147 7.1230E-23 0.0000E+00 0.0000E+00 9.0017E-08 9.0017E-08 0.0000E+00 0.0000E+00 9.0017E-08 4.84E-06 6.61E-06   0.280 1.0000 6.9764E-06    837.899
 9461.00 0.76166171 6.6215E-23 0.0000E+00 0.0000E+00 9.2182E-08 9.2182E-08 0.0000E+00 0.0000E+00 9.2182E-08 4.96E-06 6.73E-06   0.272 1.0000 7.0891E-06    839.852
 9471.00 0.76668817 6.1781E-23 0.0000E+00 0.0000E+00 9.2848E-08 9.2848E-08 0.0000E+00 0.0000E+00 9.2848E-08 5.01E-06 6.74E-06   0.266 1.0000 7.0904E-06    840.949
 9481.00 0.77135295 5.7688E-23 0.0000E+00 0.0000E+00 9.3376E-08 9.3376E-08 0.0000E+00 0.0000E+00 9.3376E-08 5.04E-06 6.74E-06   0.260 1.0000 7.0848E-06    841.967
 9491.00 0.77506226 5.4059E-23 0.0000E+00 0.0000E+00 9.3121E-08 9.3121E-08 0.0000E+00 0.0000E+00 9.3121E-08 5.03E-06 6.69E-06   0.255 1.0000 7.0271E-06    842.548
 9501.00 0.77720314 5.1008E-23 0.0000E+00 0.0000E+00 9.4030E-08 9.4030E-08 0.0000E+00 0.0000E+00 9.4030E-08 5.08E-06 6.73E-06   0.252 1.0000 7.0663E-06    843.777
 9511.00 0.77955014 4.8084E-23 0.0000E+00 0.0000E+00 9.4536E-08 9.4536E-08 0.0000E+00 0.0000E+00 9.4536E-08 5.11E-06 6.74E-06   0.249 1.0000 7.0729E-06    844.780
 9521.00 0.78144538 4.5376E-23 0.0000E+00 0.0000E+00 9.4817E-08 9.4817E-08 0.0000E+00 0.0000E+00 9.4817E-08 5.12E-06 6.74E-06   0.247 1.0000 7.0689E-06    845.659
 9531.00 0.78233165 4.3032E-23 0.0000E+00 0.0000E+00 9.5283E-08 9.5283E-08 0.0000E+00 0.0000E+00 9.5283E-08 5.13E-06 6.75E-06   0.245 1.0000 7.0837E-06    846.639
 9541.00 0.78500521 4.0499E-23 0.0000E+00 0.0000E+00 9.5796E-08 9.5796E-08 0.0000E+00 0.0000E+00 9.5796E-08 5.16E-06 6.76E-06   0.242 1.0000 7.0847E-06    847.644
 9551.00 0.78574723 3.8432E-23 0.0000E+00 0.0000E+00 9.5170E-08 9.5170E-08 0.0000E+00 0.0000E+00 9.5170E-08 5.12E-06 6.70E-06   0.241 1.0000 7.0183E-06    848.024
 9561.00 0.78639442 3.6478E-23 0.0000E+00 0.0000E+00 9.4416E-08 9.4416E-08 0.0000E+00 0.0000E+00 9.4416E-08 5.07E-06 6.63E-06   0.240 1.0000 6.9440E-06    848.331
 9571.00 0.78662086 3.4698E-23 0.0000E+00 0.0000E+00 9.6410E-08 9.6410E-08 0.0000E+00 0.0000E+00 9.6410E-08 5.17E-06 6.75E-06   0.240 1.0000 7.0733E-06    850.150
 9581.00 0.78736496 3.2915E-23 0.0000E+00 0.0000E+00 9.6807E-08 9.6807E-08 0.0000E+00 0.0000E+00 9.6807E-08 5.18E-06 6.76E-06   0.239 1.0000 7.0833E-06    851.089
 9591.00 0.78697658 3.1396E-23 0.0000E+00 0.0000E+00 9.6346E-08 9.6346E-08 0.0000E+00 0.0000E+00 9.6346E-08 5.14E-06 6.72E-06   0.240 1.0000 7.0362E-06    851.562
 9601.00 0.78623331 2.9998E-23 0.0000E+00 0.0000E+00 9.7382E-08 9.7382E-08 0.0000E+00 0.0000E+00 9.7382E-08 5.18E-06 6.78E-06   0.241 1.0000 7.1006E-06    852.849
 9611.00 0.78689206 2.8466E-23 0.0000E+00 0.0000E+00 9.7050E-08 9.7050E-08 0.0000E+00 0.0000E+00 9.7050E-08 5.16E-06 6.74E-06   0.240 1.0000 7.0589E-06    853.392
 9621.00 0.78673732 2.7115E-23 0.0000E+00 0.0000E+00 9.7175E-08 9.7175E-08 0.0000E+00 0.0000E+00 9.7175E-08 5.15E-06 6.74E-06   0.240 1.0000 7.0542E-06    854.184
 9631.00 0.78651863 2.5845E-23 0.0000E+00 0.0000E+00 9.7308E-08 9.7308E-08 0.0000E+00 0.0000E+00 9.7308E-08 5.15E-06 6.73E-06   0.240 1.0000 7.0494E-06    854.979
 9641.00 0.78600001 2.4656E-23 0.0000E+00 0.0000E+00 9.6817E-08 9.6817E-08 0.0000E+00 0.0000E+00 9.6817E-08 5.11E-06 6.69E-06   0.241 1.0000 7.0036E-06    855.436
 9651.00 0.78560281 2.3524E-23 0.0000E+00 0.0000E+00 9.8495E-08 9.8495E-08 0.0000E+00 0.0000E+00 9.8495E-08 5.19E-06 6.79E-06   0.241 1.0000 7.1097E-06    857.066
 9661.00 0.78699404 2.2246E-23 0.0000E+00 0.0000E+00 9.7637E-08 9.7637E-08 0.0000E+00 0.0000E+00 9.7637E-08 5.14E-06 6.71E-06   0.240 1.0000 7.0258E-06    857.327
 9671.00 0.78528947 2.1348E-23 0.0000E+00 0.0000E+00 9.7751E-08 9.7751E-08 0.0000E+00 0.0000E+00 9.7751E-08 5.12E-06 6.71E-06   0.242 1.0000 7.0276E-06    858.112
 9681.00 0.78525382 2.0333E-23 0.0000E+00 0.0000E+00 9.7676E-08 9.7676E-08 0.0000E+00 0.0000E+00 9.7676E-08 5.11E-06 6.69E-06   0.242 1.0000 7.0080E-06    858.795
 9691.00 0.78319800 1.9532E-23 0.0000E+00 0.0000E+00 9.9127E-08 9.9127E-08 0.0000E+00 0.0000E+00 9.9127E-08 5.17E-06 6.78E-06   0.244 1.0000 7.1079E-06    860.300
 9701.00 0.78159326 1.8749E-23 0.0000E+00 0.0000E+00 9.9083E-08 9.9083E-08 0.0000E+00 0.0000E+00 9.9083E-08 5.15E-06 6.77E-06   0.246 1.0000 7.0980E-06    861.000
 9711.00 0.78183192 1.7823E-23 0.0000E+00 0.0000E+00 9.9086E-08 9.9086E-08 0.0000E+00 0.0000E+00 9.9086E-08 5.14E-06 6.76E-06   0.246 1.0000 7.0827E-06    861.724
 9721.00 0.77445728 1.7548E-23 0.0000E+00 0.0000E+00 9.8852E-08 9.8852E-08 0.0000E+00 0.0000E+00 9.8852E-08 5.09E-06 6.76E-06   0.256 1.0000 7.0883E-06    862.322
 9731.00 0.76757419 1.7186E-23 0.0000E+00 0.0000E+00 9.9109E-08 9.9109E-08 0.0000E+00 0.0000E+00 9.9109E-08 5.06E-06 6.79E-06   0.265 1.0000 7.1280E-06    863.183
 9741.00 0.77590346 1.5793E-23 0.0000E+00 0.0000E+00 9.9720E-08 9.9720E-08 0.0000E+00 0.0000E+00 9.9720E-08 5.11E-06 6.79E-06   0.254 1.0000 7.1148E-06    864.233
 9751.00 0.77429867 1.5151E-23 0.0000E+00 0.0000E+00 9.9962E-08 9.9962E-08 0.0000E+00 0.0000E+00 9.9962E-08 5.11E-06 6.79E-06   0.256 1.0000 7.1256E-06    865.085
 9761.00 0.76814377 1.4745E-23 0.0000E+00 0.0000E+00 9.9503E-08 9.9503E-08 0.0000E+00 0.0000E+00 9.9503E-08 5.06E-06 6.78E-06   0.264 1.0000 7.1121E-06    865.563
 9771.00 0.75139636 1.5086E-23 0.0000E+00 0.0000E+00 9.8670E-08 9.8670E-08 0.0000E+00 0.0000E+00 9.8670E-08 4.94E-06 6.78E-06   0.286 1.0000 7.1242E-06    865.837
 9781.00 0.77211326 1.3169E-23 0.0000E+00 0.0000E+00 9.9250E-08 9.9250E-08 0.0000E+00 0.0000E+00 9.9250E-08 5.04E-06 6.71E-06   0.259 1.0000 7.0450E-06    866.872
 9791.00 0.77116728 1.2615E-23 0.0000E+00 0.0000E+00 9.9322E-08 9.9322E-08 0.0000E+00 0.0000E+00 9.9322E-08 5.02E-06 6.71E-06   0.260 1.0000 7.0386E-06    867.634
 9801.00 0.77235103 1.1923E-23 0.0000E+00 0.0000E+00 9.9824E-08 9.9824E-08 0.0000E+00 0.0000E+00 9.9824E-08 5.04E-06 6.72E-06   0.258 1.0000 7.0554E-06    868.625
 9811.00 0.75384599 1.2256E-23 0.0000E+00 0.0000E+00 9.7599E-08 9.7599E-08 0.0000E+00 0.0000E+00 9.7599E-08 4.85E-06 6.64E-06   0.283 1.0000 6.9787E-06    868.143
 9821.00 0.77768499 1.0551E-23 0.0000E+00 0.0000E+00 1.0071E-07 1.0071E-07 0.0000E+00 0.0000E+00 1.0071E-07 5.09E-06 6.73E-06   0.251 1.0000 7.0623E-06    870.543
 9831.00 0.76860964 1.0463E-23 0.0000E+00 0.0000E+00 1.0047E-07 1.0047E-07 0.0000E+00 0.0000E+00 1.0047E-07 5.03E-06 6.74E-06   0.263 1.0000 7.0767E-06    871.138
 9841.00 0.77443993 9.6878E-24 0.0000E+00 0.0000E+00 1.0076E-07 1.0076E-07 0.0000E+00 0.0000E+00 1.0076E-07 5.06E-06 6.72E-06   0.256 1.0000 7.0554E-06    872.018
 9851.00 0.76522672 9.5956E-24 0.0000E+00 0.0000E+00 1.0024E-07 1.0024E-07 0.0000E+00 0.0000E+00 1.0024E-07 4.99E-06 6.71E-06   0.268 1.0000 7.0514E-06    872.461
 9861.00 0.76966250 8.9886E-24 0.0000E+00 0.0000E+00 1.0153E-07 1.0153E-07 0.0000E+00 0.0000E+00 1.0153E-07 5.05E-06 6.77E-06   0.262 1.0000 7.1034E-06    873.869
 9871.00 0.77150720 8.4679E-24 0.0000E+00 0.0000E+00 1.0195E-07 1.0195E-07 0.0000E+00 0.0000E+00 1.0195E-07 5.07E-06 6.77E-06   0.259 1.0000 7.1106E-06    874.813
 9881.00 0.75747937 8.5462E-24 0.0000E+00 0.0000E+00 1.0112E-07 1.0112E-07 0.0000E+00 0.0000E+00 1.0112E-07 4.97E-06 6.76E-06   0.278 1.0000 7.1125E-06    875.099
 9891.00 0.76729393 7.8208E-24 0.0000E+00 0.0000E+00 1.0211E-07 1.0211E-07 0.0000E+00 0.0000E+00 1.0211E-07 5.04E-06 6.77E-06   0.265 1.0000 7.1147E-06    876.346
 9901.00 0.73765475 8.3454E-24 0.0000E+00 0.0000E+00 1.0027E-07 1.0027E-07 0.0000E+00 0.0000E+00 1.0027E-07 4.83E-06 6.77E-06   0.304 1.0000 7.1297E-06    876.085
 9911.00 0.73498631 8.0356E-24 0.0000E+00 0.0000E+00 9.9970E-08 9.9970E-08 0.0000E+00 0.0000E+00 9.9970E-08 4.80E-06 6.75E-06   0.308 1.0000 7.1100E-06    876.645
 9921.00 0.75394452 7.1189E-24 0.0000E+00 0.0000E+00 1.0173E-07 1.0173E-07 0.0000E+00 0.0000E+00 1.0173E-07 4.95E-06 6.76E-06   0.282 1.0000 7.1166E-06    878.310
 9931.00 0.76496357 6.4884E-24 0.0000E+00 0.0000E+00 1.0218E-07 1.0218E-07 0.0000E+00 0.0000E+00 1.0218E-07 5.00E-06 6.73E-06   0.268 1.0000 7.0750E-06    879.269
 9941.00 0.76011705 6.2879E-24 0.0000E+00 0.0000E+00 9.8614E-08 9.8614E-08 0.0000E+00 0.0000E+00 9.8614E-08 4.80E-06 6.51E-06   0.274 1.0000 6.8405E-06    878.072
 9951.00 0.75946271 6.0086E-24 0.0000E+00 0.0000E+00 9.6694E-08 9.6694E-08 0.0000E+00 0.0000E+00 9.6694E-08 4.69E-06 6.37E-06   0.275 1.0000 6.6965E-06    877.733
 9961.00 0.75307339 5.8665E-24 0.0000E+00 0.0000E+00 1.0109E-07 1.0109E-07 0.0000E+00 0.0000E+00 1.0109E-07 4.87E-06 6.67E-06   0.284 1.0000 7.0208E-06    880.854
 9971.00 0.75406587 5.5528E-24 0.0000E+00 0.0000E+00 1.0236E-07 1.0236E-07 0.0000E+00 0.0000E+00 1.0236E-07 4.92E-06 6.74E-06   0.282 1.0000 7.0893E-06    882.252
 9981.00 0.72070974 5.9614E-24 0.0000E+00 0.0000E+00 1.0074E-07 1.0074E-07 0.0000E+00 0.0000E+00 1.0074E-07 4.72E-06 6.76E-06   0.328 1.0000 7.1451E-06    882.109
 9991.00 0.76322490 4.8614E-24 0.0000E+00 0.0000E+00 1.0419E-07 1.0419E-07 0.0000E+00 0.0000E+00 1.0419E-07 5.02E-06 6.79E-06   0.270 1.0000 7.1388E-06    884.660
10001.00 0.75077796 4.8646E-24 0.0000E+00 0.0000E+00 1.0294E-07 1.0294E-07 0.0000E+00 0.0000E+00 1.0294E-07 4.91E-06 6.75E-06   0.287 1.0000 7.1031E-06    884.721
10011.00 0.75759143 4.5091E-24 0.0000E+00 0.0000E+00 1.0383E-07 1.0383E-07 0.0000E+00 0.0000E+00 1.0383E-07 4.97E-06 6.76E-06   0.278 1.0000 7.1150E-06    885.913
10021.00 0.76036191 4.2366E-24 0.0000E+00 0.0000E+00 1.0445E-07 1.0445E-07 0.0000E+00 0.0000E+00 1.0445E-07 5.00E-06 6.78E-06   0.274 1.0000 7.1310E-06    886.957
10031.00 0.76113760 4.0266E-24 0.0000E+00 0.0000E+00 1.0475E-07 1.0475E-07 0.0000E+00 0.0000E+00 1.0475E-07 5.00E-06 6.78E-06   0.273 1.0000 7.1318E-06    887.836
10041.00 0.75810552 3.8840E-24 0.0000E+00 0.0000E+00 1.0451E-07 1.0451E-07 0.0000E+00 0.0000E+00 1.0451E-07 4.97E-06 6.76E-06   0.277 1.0000 7.1164E-06    888.433
10051.00 0.76273161 3.6226E-24 0.0000E+00 0.0000E+00 1.0506E-07 1.0506E-07 0.0000E+00 0.0000E+00 1.0506E-07 5.00E-06 6.76E-06   0.271 1.0000 7.1191E-06    889.445
10061.00 0.75290710 3.5922E-24 0.0000E+00 0.0000E+00 1.0470E-07 1.0470E-07 0.0000E+00 0.0000E+00 1.0470E-07 4.94E-06 6.77E-06   0.284 1.0000 7.1296E-06    889.976
10071.00 0.71147668 3.9564E-24 0.0000E+00 0.0000E+00 1.0154E-07 1.0154E-07 0.0000E+00 0.0000E+00 1.0154E-07 4.63E-06 6.74E-06   0.340 1.0000 7.1221E-06    889.022
10081.00 0.74657196 3.3396E-24 0.0000E+00 0.0000E+00 1.0422E-07 1.0422E-07 0.0000E+00 0.0000E+00 1.0422E-07 4.87E-06 6.74E-06   0.292 1.0000 7.1031E-06    891.170
10091.00 0.72706676 3.4104E-24 0.0000E+00 0.0000E+00 1.0267E-07 1.0267E-07 0.0000E+00 0.0000E+00 1.0267E-07 4.71E-06 6.71E-06   0.319 1.0000 7.0846E-06    891.067
10101.00 0.68612653 3.7375E-24 0.0000E+00 0.0000E+00 9.9160E-08 9.9160E-08 0.0000E+00 0.0000E+00 9.9160E-08 4.39E-06 6.65E-06   0.377 1.0000 7.0367E-06    889.889
10111.00 0.73859602 2.9776E-24 0.0000E+00 0.0000E+00 1.0309E-07 1.0309E-07 0.0000E+00 0.0000E+00 1.0309E-07 4.75E-06 6.66E-06   0.303 1.0000 7.0192E-06    892.730
10121.00 0.70053935 3.1706E-24 0.0000E+00 0.0000E+00 1.0144E-07 1.0144E-07 0.0000E+00 0.0000E+00 1.0144E-07 4.55E-06 6.71E-06   0.356 1.0000 7.1091E-06    892.568
10131.00 0.67729592 3.2612E-24 0.0000E+00 0.0000E+00 9.9338E-08 9.9338E-08 0.0000E+00 0.0000E+00 9.9338E-08 4.35E-06 6.67E-06   0.390 1.0000 7.0756E-06    892.144
10141.00 0.70524883 2.8765E-24 0.0000E+00 0.0000E+00 1.0203E-07 1.0203E-07 0.0000E+00 0.0000E+00 1.0203E-07 4.55E-06 6.70E-06   0.349 1.0000 7.0813E-06    894.326
10151.00 0.60526973 3.5029E-24 0.0000E+00 0.0000E+00 9.4090E-08 9.4090E-08 0.0000E+00 0.0000E+00 9.4090E-08 3.87E-06 6.62E-06   0.502 1.0000 7.1130E-06    890.624
10161.00 0.63630813 3.1017E-24 0.0000E+00 0.0000E+00 9.6546E-08 9.6546E-08 0.0000E+00 0.0000E+00 9.6546E-08 4.08E-06 6.63E-06   0.452 1.0000 7.0884E-06    892.744
10171.00 0.58984303 3.1816E-24 0.0000E+00 0.0000E+00 9.2121E-08 9.2121E-08 0.0000E+00 0.0000E+00 9.2121E-08 3.76E-06 6.55E-06   0.528 1.0000 7.0885E-06    890.910
10181.00 0.56656361 3.2238E-24 0.0000E+00 0.0000E+00 9.1003E-08 9.1003E-08 0.0000E+00 0.0000E+00 9.1003E-08 3.61E-06 6.57E-06   0.568 1.0000 7.1238E-06    890.963
10191.00 0.59808010 2.9152E-24 0.0000E+00 0.0000E+00 9.4367E-08 9.4367E-08 0.0000E+00 0.0000E+00 9.4367E-08 3.83E-06 6.63E-06   0.514 1.0000 7.1342E-06    893.651
10201.00 0.49155143 3.2803E-24 0.0000E+00 0.0000E+00 8.3348E-08 8.3348E-08 0.0000E+00 0.0000E+00 8.3348E-08 3.07E-06 6.37E-06   0.710 1.0000 7.0727E-06    887.651
10211.00 0.45688024 3.2943E-24 0.0000E+00 0.0000E+00 7.9686E-08 7.9686E-08 0.0000E+00 0.0000E+00 7.9686E-08 2.81E-06 6.28E-06   0.783 1.0000 7.0352E-06    885.957
10221.00 0.46978828 3.0754E-24 0.0000E+00 0.0000E+00 8.1272E-08 8.1272E-08 0.0000E+00 0.0000E+00 8.1272E-08 2.90E-06 6.30E-06   0.755 1.0000 7.0526E-06    887.722
10231.00 0.54336256 2.6148E-24 0.0000E+00 0.0000E+00 8.8940E-08 8.8940E-08 0.0000E+00 0.0000E+00 8.8940E-08 3.42E-06 6.47E-06   0.610 1.0000 7.0865E-06    893.294
10241.00 0.38107482 3.0445E-24 0.0000E+00 0.0000E+00 7.1971E-08 7.1971E-08 0.0000E+00 0.0000E+00 7.1971E-08 2.32E-06 6.13E-06   0.965 1.0000 7.0343E-06    882.671
10251.00 0.40499133 2.8859E-24 0.0000E+00 0.0000E+00 7.5867E-08 7.5867E-08 0.0000E+00 0.0000E+00 7.5867E-08 2.49E-06 6.22E-06   0.904 1.0000 7.1175E-06    886.176
10261.00 0.39479491 2.7679E-24 0.0000E+00 0.0000E+00 7.3613E-08 7.3613E-08 0.0000E+00 0.0000E+00 7.3613E-08 2.38E-06 6.12E-06   0.929 1.0000 7.0004E-06    885.280
10271.00 0.39654016 2.5962E-24 0.0000E+00 0.0000E+00 7.4054E-08 7.4054E-08 0.0000E+00 0.0000E+00 7.4054E-08 2.42E-06 6.16E-06   0.925 1.0000 7.0253E-06    886.306
10281.00 0.46672994 2.3251E-24 0.0000E+00 0.0000E+00 8.2886E-08 8.2886E-08 0.0000E+00 0.0000E+00 8.2886E-08 2.90E-06 6.37E-06   0.762 1.0000 7.1074E-06    893.047
10291.00 0.51635331 2.0192E-24 0.0000E+00 0.0000E+00 8.7534E-08 8.7534E-08 0.0000E+00 0.0000E+00 8.7534E-08 3.25E-06 6.41E-06   0.661 1.0000 7.1198E-06    896.711
10301.00 0.53198105 1.8585E-24 0.0000E+00 0.0000E+00 8.8269E-08 8.8269E-08 0.0000E+00 0.0000E+00 8.8269E-08 3.33E-06 6.39E-06   0.631 1.0000 7.0598E-06    897.879
10311.00 0.50005430 1.8914E-24 0.0000E+00 0.0000E+00 8.6535E-08 8.6535E-08 0.0000E+00 0.0000E+00 8.6535E-08 3.13E-06 6.44E-06   0.693 1.0000 7.1065E-06    897.513
10321.00 0.47665203 1.8691E-24 0.0000E+00 0.0000E+00 8.4189E-08 8.4189E-08 0.0000E+00 0.0000E+00 8.4189E-08 2.96E-06 6.40E-06   0.741 1.0000 7.0834E-06    896.735
10331.00 0.50858444 1.6398E-24 0.0000E+00 0.0000E+00 8.5654E-08 8.5654E-08 0.0000E+00 0.0000E+00 8.5654E-08 3.16E-06 6.30E-06   0.676 1.0000 7.0410E-06    898.382
10341.00 0.30451626 1.9521E-24 0.0000E+00 0.0000E+00 6.4392E-08 6.4392E-08 0.0000E+00 0.0000E+00 6.4392E-08 1.83E-06 5.92E-06   1.189 1.0000 7.0807E-06    883.855
10351.00 0.26615968 1.9624E-24 0.0000E+00 0.0000E+00 5.9696E-08 5.9696E-08 0.0000E+00 0.0000E+00 5.9696E-08 1.53E-06 5.76E-06   1.324 1.0000 6.9482E-06    880.596
10361.00 0.27318972 1.8541E-24 0.0000E+00 0.0000E+00 6.1651E-08 6.1651E-08 0.0000E+00 0.0000E+00 6.1651E-08 1.61E-06 5.84E-06   1.298 1.0000 7.0420E-06    882.978
10371.00 0.26401734 1.6468E-24 0.0000E+00 0.0000E+00 5.7841E-08 5.7841E-08 0.0000E+00 0.0000E+00 5.7841E-08 1.58E-06 5.62E-06   1.332 1.0000 7.0259E-06    880.354
10381.00 0.30662727 1.5976E-24 0.0000E+00 0.0000E+00 6.4994E-08 6.4994E-08 0.0000E+00 0.0000E+00 6.4994E-08 1.84E-06 5.92E-06   1.182 1.0000 7.0297E-06    887.154
10391.00 0.17354015 1.6382E-24 0.0000E+00 0.0000E+00 4.8344E-08 4.8344E-08 0.0000E+00 0.0000E+00 4.8344E-08 9.88E-07 5.40E-06   1.751 1.0000 7.0152E-06    872.521
10401.00 0.25988713 1.5297E-24 0.0000E+00 0.0000E+00 6.1275E-08 6.1275E-08 0.0000E+00 0.0000E+00 6.1275E-08 1.55E-06 5.87E-06   1.348 1.0000 7.1156E-06    885.460
10411.00 0.20635100 1.4771E-24 0.0000E+00 0.0000E+00 5.3004E-08 5.3004E-08 0.0000E+00 0.0000E+00 5.3004E-08 1.18E-06 5.56E-06   1.578 1.0000 7.0090E-06    878.623
10421.00 0.11747374 1.3972E-24 0.0000E+00 0.0000E+00 4.0429E-08 4.0429E-08 0.0000E+00 0.0000E+00 4.0429E-08 6.47E-07 5.16E-06   2.142 1.0000 7.1097E-06    865.571
10431.00 0.17958476 1.3155E-24 0.0000E+00 0.0000E+00 4.9487E-08 4.9487E-08 0.0000E+00 0.0000E+00 4.9487E-08 1.04E-06 5.45E-06   1.717 1.0000 7.1282E-06    876.485
10441.00 0.25180823 1.2516E-24 0.0000E+00 0.0000E+00 5.9430E-08 5.9430E-08 0.0000E+00 0.0000E+00 5.9430E-08 1.47E-06 5.72E-06   1.379 1.0000 7.0319E-06    886.657
10451.00 0.12251747 1.1955E-24 0.0000E+00 0.0000E+00 4.0844E-08 4.0844E-08 0.0000E+00 0.0000E+00 4.0844E-08 6.76E-07 5.15E-06   2.100 1.0000 7.0411E-06    868.143
10461.00 0.12866613 1.1227E-24 0.0000E+00 0.0000E+00 4.1074E-08 4.1074E-08 0.0000E+00 0.0000E+00 4.1074E-08 7.11E-07 5.12E-06   2.051 1.0000 7.0152E-06    869.110
10471.00 0.13101999 1.1219E-24 0.0000E+00 0.0000E+00 4.1510E-08 4.1510E-08 0.0000E+00 0.0000E+00 4.1510E-08 6.76E-07 4.98E-06   2.032 1.0000 6.6482E-06    870.328
10481.00 0.15353577 1.0784E-24 0.0000E+00 0.0000E+00 4.7151E-08 4.7151E-08 0.0000E+00 0.0000E+00 4.7151E-08 8.39E-07 5.33E-06   1.874 1.0000 6.9292E-06    877.473
10491.00 0.12631755 9.9345E-25 0.0000E+00 0.0000E+00 4.2387E-08 4.2387E-08 0.0000E+00 0.0000E+00 4.2387E-08 6.93E-07 5.20E-06   2.069 1.0000 7.0576E-06    872.756
10501.00 0.05043675 8.8296E-25 0.0000E+00 0.0000E+00 2.8798E-08 2.8798E-08 0.0000E+00 0.0000E+00 2.8798E-08 2.54E-07 4.64E-06   2.987 1.0000 7.1082E-06    854.353
10511.00 0.18745442 9.6512E-25 0.0000E+00 0.0000E+00 5.4905E-08 5.4905E-08 0.0000E+00 0.0000E+00 5.4905E-08 1.04E-06 5.78E-06   1.674 1.0000 7.0870E-06    887.404
10521.00 0.09152163 8.0067E-25 0.0000E+00 0.0000E+00 3.4698E-08 3.4698E-08 0.0000E+00 0.0000E+00 3.4698E-08 4.90E-07 4.77E-06   2.391 1.0000 7.0837E-06    864.815
10531.00 0.10302255 7.6932E-25 0.0000E+00 0.0000E+00 3.7543E-08 3.7543E-08 0.0000E+00 0.0000E+00 3.7543E-08 5.68E-07 4.91E-06   2.273 1.0000 7.1337E-06    869.409
10541.00 0.11637773 7.6990E-25 0.0000E+00 0.0000E+00 4.1315E-08 4.1315E-08 0.0000E+00 0.0000E+00 4.1315E-08 6.33E-07 5.09E-06   2.151 1.0000 7.1238E-06    874.898
10551.00 0.09502108 7.0831E-25 0.0000E+00 0.0000E+00 3.6809E-08 3.6809E-08 0.0000E+00 0.0000E+00 3.6809E-08 5.09E-07 4.92E-06   2.354 1.0000 7.1123E-06    869.791
10561.00 0.09223402 6.8766E-25 0.0000E+00 0.0000E+00 3.7030E-08 3.7030E-08 0.0000E+00 0.0000E+00 3.7030E-08 4.84E-07 4.98E-06   2.383 1.0000 7.0759E-06    870.772
10571.00 0.06126215 6.1452E-25 0.0000E+00 0.0000E+00 2.9855E-08 2.9855E-08 0.0000E+00 0.0000E+00 2.9855E-08 3.10E-07 4.51E-06   2.793 1.0000 7.0632E-06    860.831
10581.00 0.10859607 6.3959E-25 0.0000E+00 0.0000E+00 4.0332E-08 4.0332E-08 0.0000E+00 0.0000E+00 4.0332E-08 5.72E-07 5.09E-06   2.220 1.0000 7.0083E-06    876.426
10591.00 0.06008502 5.2975E-25 0.0000E+00 0.0000E+00 2.7446E-08 2.7446E-08 0.0000E+00 0.0000E+00 2.7446E-08 3.07E-07 4.25E-06   2.812 1.0000 6.9242E-06    858.100
10601.00 0.08549460 5.4031E-25 0.0000E+00 0.0000E+00 3.4062E-08 3.4062E-08 0.0000E+00 0.0000E+00 3.4062E-08 4.41E-07 4.65E-06   2.459 1.0000 7.0103E-06    869.344
10611.00 0.10002330 5.5865E-25 0.0000E+00 0.0000E+00 3.9780E-08 3.9780E-08 0.0000E+00 0.0000E+00 3.9780E-08 5.08E-07 5.08E-06   2.302 1.0000 7.0013E-06    877.785
10621.00 0.11547569 5.4347E-25 0.0000E+00 0.0000E+00 4.0877E-08 4.0877E-08 0.0000E+00 0.0000E+00 4.0877E-08 5.66E-07 5.07E-06   2.159 1.0000 6.6904E-06    879.846
10631.00 0.11186056 5.2288E-25 0.0000E+00 0.0000E+00 4.2828E-08 4.2828E-08 0.0000E+00 0.0000E+00 4.2828E-08 5.77E-07 5.27E-06   2.191 1.0000 6.9249E-06    882.901
10641.00 0.20374976 5.0627E-25 0.0000E+00 0.0000E+00 5.8422E-08 5.8422E-08 0.0000E+00 0.0000E+00 5.8422E-08 1.13E-06 5.80E-06   1.591 1.0000 7.0679E-06    899.711
10651.00 0.10067362 4.2726E-25 0.0000E+00 0.0000E+00 3.7637E-08 3.7637E-08 0.0000E+00 0.0000E+00 3.7637E-08 5.38E-07 4.83E-06   2.296 1.0000 7.0860E-06    877.730
10661.00 0.02680870 3.6479E-25 0.0000E+00 0.0000E+00 2.2642E-08 2.2642E-08 0.0000E+00 0.0000E+00 2.2642E-08 1.23E-07 4.20E-06   3.619 1.0000 7.1135E-06    853.573
10671.00 0.02529439 3.4009E-25 0.0000E+00 0.0000E+00 2.1819E-08 2.1819E-08 0.0000E+00 0.0000E+00 2.1819E-08 1.17E-07 4.19E-06   3.677 1.0000 7.1053E-06    852.482
10681.00 0.03165999 3.3728E-25 0.0000E+00 0.0000E+00 2.3966E-08 2.3966E-08 0.0000E+00 0.0000E+00 2.3966E-08 1.47E-07 4.19E-06   3.453 1.0000 7.0271E-06    857.618
10691.00 0.05390807 3.3450E-25 0.0000E+00 0.0000E+00 2.9158E-08 2.9158E-08 0.0000E+00 0.0000E+00 2.9158E-08 2.63E-07 4.37E-06   2.920 1.0000 7.0496E-06    867.780
10701.00 0.01677879 2.6510E-25 0.0000E+00 0.0000E+00 1.7001E-08 1.7001E-08 0.0000E+00 0.0000E+00 1.7001E-08 7.78E-08 3.63E-06   4.088 1.0000 7.1224E-06    842.810
10711.00 0.02621897 2.8455E-25 0.0000E+00 0.0000E+00 2.3255E-08 2.3255E-08 0.0000E+00 0.0000E+00 2.3255E-08 1.25E-07 4.37E-06   3.641 1.0000 7.1299E-06    858.182
10721.00 0.03945756 2.8635E-25 0.0000E+00 0.0000E+00 2.7243E-08 2.7243E-08 0.0000E+00 0.0000E+00 2.7243E-08 1.94E-07 4.54E-06   3.233 1.0000 7.1129E-06    866.484
10731.00 0.06918662 2.8117E-25 0.0000E+00 0.0000E+00 3.3005E-08 3.3005E-08 0.0000E+00 0.0000E+00 3.3005E-08 3.60E-07 4.57E-06   2.671 1.0000 7.0795E-06    876.603
10741.00 0.13457499 2.9290E-25 0.0000E+00 0.0000E+00 4.7213E-08 4.7213E-08 0.0000E+00 0.0000E+00 4.7213E-08 7.38E-07 5.32E-06   2.006 1.0000 7.1186E-06    895.478
10751.00 0.16831790 2.8225E-25 0.0000E+00 0.0000E+00 5.3108E-08 5.3108E-08 0.0000E+00 0.0000E+00 5.3108E-08 9.45E-07 5.58E-06   1.782 1.0000 7.0904E-06    902.318
10761.00 0.23848812 2.6817E-25 0.0000E+00 0.0000E+00 6.3626E-08 6.3626E-08 0.0000E+00 0.0000E+00 6.3626E-08 1.37E-06 5.90E-06   1.433 1.0000 7.0349E-06    912.629
10771.00 0.25587192 2.5093E-25 0.0000E+00 0.0000E+00 6.6547E-08 6.6547E-08 0.0000E+00 0.0000E+00 6.6547E-08 1.51E-06 6.01E-06   1.363 1.0000 7.1304E-06    915.749
10781.00 0.37257284 2.2225E-25 0.0000E+00 0.0000E+00 8.1702E-08 8.1702E-08 0.0000E+00 0.0000E+00 8.1702E-08 2.26E-06 6.32E-06   0.987 1.0000 7.1406E-06    927.694
10791.00 0.47307625 1.8957E-25 0.0000E+00 0.0000E+00 9.1717E-08 9.1717E-08 0.0000E+00 0.0000E+00 9.1717E-08 2.87E-06 6.37E-06   0.748 1.0000 6.9990E-06    934.864
10801.00 0.46987787 1.8005E-25 0.0000E+00 0.0000E+00 8.8750E-08 8.8750E-08 0.0000E+00 0.0000E+00 8.8750E-08 2.77E-06 6.17E-06   0.755 1.0000 6.8221E-06    933.725
10811.00 0.44645223 1.7120E-25 0.0000E+00 0.0000E+00 8.7554E-08 8.7554E-08 0.0000E+00 0.0000E+00 8.7554E-08 2.70E-06 6.23E-06   0.806 1.0000 6.9842E-06    933.673
10821.00 0.41805172 1.7160E-25 0.0000E+00 0.0000E+00 8.4549E-08 8.4549E-08 0.0000E+00 0.0000E+00 8.4549E-08 2.49E-06 6.19E-06   0.872 1.0000 6.9254E-06    932.426
10831.00 0.48968607 1.4821E-25 0.0000E+00 0.0000E+00 8.8652E-08 8.8652E-08 0.0000E+00 0.0000E+00 8.8652E-08 2.85E-06 6.03E-06   0.714 1.0000 6.6572E-06    935.789
10841.00 0.54488784 1.2502E-25 0.0000E+00 0.0000E+00 9.6698E-08 9.6698E-08 0.0000E+00 0.0000E+00 9.6698E-08 3.32E-06 6.25E-06   0.607 1.0000 6.8867E-06    941.407
10851.00 0.47402820 1.3530E-25 0.0000E+00 0.0000E+00 8.9307E-08 8.9307E-08 0.0000E+00 0.0000E+00 8.9307E-08 2.82E-06 6.13E-06   0.746 1.0000 6.8426E-06    937.619
10861.00 0.56007081 1.1390E-25 0.0000E+00 0.0000E+00 1.0095E-07 1.0095E-07 0.0000E+00 0.0000E+00 1.0095E-07 3.46E-06 6.42E-06   0.580 1.0000 6.9906E-06    945.284
10871.00 0.50001127 1.0924E-25 0.0000E+00 0.0000E+00 9.3371E-08 9.3371E-08 0.0000E+00 0.0000E+00 9.3371E-08 3.12E-06 6.29E-06   0.693 1.0000 7.0910E-06    941.552
10881.00 0.47388080 1.1525E-25 0.0000E+00 0.0000E+00 9.3255E-08 9.3255E-08 0.0000E+00 0.0000E+00 9.3255E-08 2.94E-06 6.36E-06   0.747 1.0000 7.1322E-06    942.191
10891.00 0.34315497 1.2573E-25 0.0000E+00 0.0000E+00 7.7113E-08 7.7113E-08 0.0000E+00 0.0000E+00 7.7113E-08 2.06E-06 6.03E-06   1.070 1.0000 7.0869E-06    932.238
10901.00 0.31438392 1.2367E-25 0.0000E+00 0.0000E+00 7.3466E-08 7.3466E-08 0.0000E+00 0.0000E+00 7.3466E-08 1.86E-06 5.97E-06   1.157 1.0000 7.0299E-06    930.260
10911.00 0.42094612 1.0618E-25 0.0000E+00 0.0000E+00 8.7469E-08 8.7469E-08 0.0000E+00 0.0000E+00 8.7469E-08 2.58E-06 6.28E-06   0.865 1.0000 7.1167E-06    940.695
10921.00 0.26714516 1.1078E-25 0.0000E+00 0.0000E+00 6.6737E-08 6.6737E-08 0.0000E+00 0.0000E+00 6.6737E-08 1.59E-06 5.77E-06   1.320 1.0000 7.1418E-06    926.387
10931.00 0.41223377 1.0077E-25 0.0000E+00 0.0000E+00 8.7259E-08 8.7259E-08 0.0000E+00 0.0000E+00 8.7259E-08 2.48E-06 6.29E-06   0.886 1.0000 7.0585E-06    941.973
10941.00 0.31532577 9.7298E-26 0.0000E+00 0.0000E+00 7.3804E-08 7.3804E-08 0.0000E+00 0.0000E+00 7.3804E-08 1.91E-06 5.93E-06   1.154 1.0000 7.1797E-06    933.320
10951.00 0.29613051 9.6143E-26 0.0000E+00 0.0000E+00 7.2896E-08 7.2896E-08 0.0000E+00 0.0000E+00 7.2896E-08 1.79E-06 6.01E-06   1.217 1.0000 7.2169E-06    933.336
10961.00 0.40750948 8.2116E-26 0.0000E+00 0.0000E+00 8.5427E-08 8.5427E-08 0.0000E+00 0.0000E+00 8.5427E-08 2.50E-06 6.11E-06   0.898 1.0000 7.0517E-06    942.896
10971.00 0.44292513 7.5329E-26 0.0000E+00 0.0000E+00 8.8480E-08 8.8480E-08 0.0000E+00 0.0000E+00 8.8480E-08 2.68E-06 6.14E-06   0.814 1.0000 6.9688E-06    945.586
10981.00 0.36437678 7.6799E-26 0.0000E+00 0.0000E+00 8.0039E-08 8.0039E-08 0.0000E+00 0.0000E+00 8.0039E-08 2.21E-06 6.01E-06   1.010 1.0000 7.0849E-06    940.644
10991.00 0.36651105 7.4838E-26 0.0000E+00 0.0000E+00 7.9830E-08 7.9830E-08 0.0000E+00 0.0000E+00 7.9830E-08 2.17E-06 5.95E-06   1.004 1.0000 6.9574E-06    941.202
11001.00 0.37109932 6.9708E-26 0.0000E+00 0.0000E+00 7.9170E-08 7.9170E-08 0.0000E+00 0.0000E+00 7.9170E-08 2.19E-06 5.82E-06   0.991 1.0000 6.8715E-06    941.440
11011.00 0.38070706 6.3229E-26 0.0000E+00 0.0000E+00 8.0777E-08 8.0777E-08 0.0000E+00 0.0000E+00 8.0777E-08 2.31E-06 5.91E-06   0.966 1.0000 7.0129E-06    943.270
11021.00 0.36521378 6.4590E-26 0.0000E+00 0.0000E+00 8.2176E-08 8.2176E-08 0.0000E+00 0.0000E+00 8.2176E-08 2.21E-06 6.04E-06   1.007 1.0000 7.1591E-06    944.940
11031.00 0.43439206 5.8028E-26 0.0000E+00 0.0000E+00 8.9920E-08 8.9920E-08 0.0000E+00 0.0000E+00 8.9920E-08 2.63E-06 6.16E-06   0.834 1.0000 6.9952E-06    950.745
11041.00 0.54304922 4.6864E-26 0.0000E+00 0.0000E+00 1.0427E-07 1.0427E-07 0.0000E+00 0.0000E+00 1.0427E-07 3.43E-06 6.47E-06   0.611 1.0000 7.1647E-06    959.965
11051.00 0.54990792 4.4301E-26 0.0000E+00 0.0000E+00 1.0600E-07 1.0600E-07 0.0000E+00 0.0000E+00 1.0600E-07 3.49E-06 6.55E-06   0.598 1.0000 7.2125E-06    961.631
11061.00 0.57287961 4.0776E-26 0.0000E+00 0.0000E+00 1.0871E-07 1.0871E-07 0.0000E+00 0.0000E+00 1.0871E-07 3.64E-06 6.58E-06   0.557 1.0000 7.1991E-06    963.818
11071.00 0.46259606 4.5453E-26 0.0000E+00 0.0000E+00 9.5008E-08 9.5008E-08 0.0000E+00 0.0000E+00 9.5008E-08 2.86E-06 6.28E-06   0.771 1.0000 7.1309E-06    956.725
11081.00 0.37355590 4.7187E-26 0.0000E+00 0.0000E+00 8.1147E-08 8.1147E-08 0.0000E+00 0.0000E+00 8.1147E-08 2.20E-06 5.85E-06   0.985 1.0000 6.9276E-06    948.451
11091.00 0.38743663 4.4484E-26 0.0000E+00 0.0000E+00 7.9683E-08 7.9683E-08 0.0000E+00 0.0000E+00 7.9683E-08 2.19E-06 5.67E-06   0.948 1.0000 6.6409E-06    948.128
11101.00 0.33963978 4.3834E-26 0.0000E+00 0.0000E+00 7.7225E-08 7.7225E-08 0.0000E+00 0.0000E+00 7.7225E-08 1.99E-06 5.80E-06   1.080 1.0000 6.9341E-06    947.067
11111.00 0.43582222 3.7175E-26 0.0000E+00 0.0000E+00 8.9225E-08 8.9225E-08 0.0000E+00 0.0000E+00 8.9225E-08 2.63E-06 5.99E-06   0.831 1.0000 6.9855E-06    955.954
11121.00 0.25088590 4.0181E-26 0.0000E+00 0.0000E+00 6.5762E-08 6.5762E-08 0.0000E+00 0.0000E+00 6.5762E-08 1.50E-06 5.64E-06   1.383 1.0000 7.1540E-06    939.521
11131.00 0.44398609 3.3111E-26 0.0000E+00 0.0000E+00 9.2403E-08 9.2403E-08 0.0000E+00 0.0000E+00 9.2403E-08 2.75E-06 6.17E-06   0.812 1.0000 7.1521E-06    959.374
11141.00 0.41023189 3.3814E-26 0.0000E+00 0.0000E+00 8.9166E-08 8.9166E-08 0.0000E+00 0.0000E+00 8.9166E-08 2.50E-06 6.16E-06   0.891 1.0000 7.1081E-06    958.034
11151.00 0.40326816 3.2103E-26 0.0000E+00 0.0000E+00 8.8138E-08 8.8138E-08 0.0000E+00 0.0000E+00 8.8138E-08 2.46E-06 6.11E-06   0.908 1.0000 7.1052E-06    958.076
11161.00 0.47967628 2.8396E-26 0.0000E+00 0.0000E+00 1.0014E-07 1.0014E-07 0.0000E+00 0.0000E+00 1.0014E-07 3.02E-06 6.43E-06   0.735 1.0000 7.2334E-06    966.147
11171.00 0.51296413 2.6006E-26 0.0000E+00 0.0000E+00 1.0189E-07 1.0189E-07 0.0000E+00 0.0000E+00 1.0189E-07 3.16E-06 6.36E-06   0.668 1.0000 7.0471E-06    967.866
11181.00 0.59778881 2.1340E-26 0.0000E+00 0.0000E+00 1.1183E-07 1.1183E-07 0.0000E+00 0.0000E+00 1.1183E-07 3.75E-06 6.50E-06   0.515 1.0000 7.0589E-06    974.034
11191.00 0.60141659 2.0295E-26 0.0000E+00 0.0000E+00 1.1384E-07 1.1384E-07 0.0000E+00 0.0000E+00 1.1384E-07 3.81E-06 6.58E-06   0.508 1.0000 7.1368E-06    975.799
11201.00 0.65770060 1.7077E-26 0.0000E+00 0.0000E+00 1.1728E-07 1.1728E-07 0.0000E+00 0.0000E+00 1.1728E-07 4.10E-06 6.48E-06   0.419 1.0000 6.9786E-06    978.275
11211.00 0.67408079 1.5615E-26 0.0000E+00 0.0000E+00 1.2162E-07 1.2162E-07 0.0000E+00 0.0000E+00 1.2162E-07 4.29E-06 6.63E-06   0.394 1.0000 7.1244E-06    981.154
11221.00 0.70607162 1.3541E-26 0.0000E+00 0.0000E+00 1.2577E-07 1.2577E-07 0.0000E+00 0.0000E+00 1.2577E-07 4.54E-06 6.69E-06   0.348 1.0000 7.1611E-06    983.879
11231.00 0.69802451 1.3185E-26 0.0000E+00 0.0000E+00 1.2601E-07 1.2601E-07 0.0000E+00 0.0000E+00 1.2601E-07 4.52E-06 6.73E-06   0.360 1.0000 7.2119E-06    984.710
11241.00 0.70562893 1.2272E-26 0.0000E+00 0.0000E+00 1.2574E-07 1.2574E-07 0.0000E+00 0.0000E+00 1.2574E-07 4.52E-06 6.67E-06   0.349 1.0000 7.1417E-06    985.295
11251.00 0.71328622 1.1323E-26 0.0000E+00 0.0000E+00 1.2699E-07 1.2699E-07 0.0000E+00 0.0000E+00 1.2699E-07 4.59E-06 6.69E-06   0.338 1.0000 7.1598E-06    986.606
11261.00 0.69496709 1.1409E-26 0.0000E+00 0.0000E+00 1.2429E-07 1.2429E-07 0.0000E+00 0.0000E+00 1.2429E-07 4.43E-06 6.62E-06   0.364 1.0000 7.1006E-06    986.034
11271.00 0.71192473 1.0322E-26 0.0000E+00 0.0000E+00 1.2400E-07 1.2400E-07 0.0000E+00 0.0000E+00 1.2400E-07 4.46E-06 6.51E-06   0.340 1.0000 6.9712E-06    986.605
11281.00 0.69978517 1.0193E-26 0.0000E+00 0.0000E+00 1.1886E-07 1.1886E-07 0.0000E+00 0.0000E+00 1.1886E-07 4.23E-06 6.29E-06   0.357 1.0000 6.7401E-06    984.787
11291.00 0.69914532 9.7488E-27 0.0000E+00 0.0000E+00 1.2597E-07 1.2597E-07 0.0000E+00 0.0000E+00 1.2597E-07 4.47E-06 6.65E-06   0.358 1.0000 7.1282E-06    988.988
11301.00 0.71757179 8.7316E-27 0.0000E+00 0.0000E+00 1.2810E-07 1.2810E-07 0.0000E+00 0.0000E+00 1.2810E-07 4.60E-06 6.67E-06   0.332 1.0000 7.1331E-06    990.715
11311.00 0.71471518 8.3897E-27 0.0000E+00 0.0000E+00 1.2632E-07 1.2632E-07 0.0000E+00 0.0000E+00 1.2632E-07 4.52E-06 6.57E-06   0.336 1.0000 7.0365E-06    990.587
11321.00 0.71275550 8.0427E-27 0.0000E+00 0.0000E+00 1.2791E-07 1.2791E-07 0.0000E+00 0.0000E+00 1.2791E-07 4.56E-06 6.65E-06   0.339 1.0000 7.1226E-06    992.057
11331.00 0.71254402 7.6462E-27 0.0000E+00 0.0000E+00 1.2543E-07 1.2543E-07 0.0000E+00 0.0000E+00 1.2543E-07 4.46E-06 6.51E-06   0.339 1.0000 6.9746E-06    991.588
11341.00 0.71292645 7.2695E-27 0.0000E+00 0.0000E+00 1.2781E-07 1.2781E-07 0.0000E+00 0.0000E+00 1.2781E-07 4.54E-06 6.62E-06   0.338 1.0000 7.0920E-06    993.442
11351.00 0.71510756 6.8640E-27 0.0000E+00 0.0000E+00 1.2123E-07 1.2123E-07 0.0000E+00 0.0000E+00 1.2123E-07 4.31E-06 6.26E-06   0.335 1.0000 6.7048E-06    990.968
11361.00 0.71497142 6.5375E-27 0.0000E+00 0.0000E+00 1.2842E-07 1.2842E-07 0.0000E+00 0.0000E+00 1.2842E-07 4.55E-06 6.62E-06   0.336 1.0000 7.0885E-06    995.159
11371.00 0.71929479 6.1220E-27 0.0000E+00 0.0000E+00 1.2734E-07 1.2734E-07 0.0000E+00 0.0000E+00 1.2734E-07 4.52E-06 6.53E-06   0.329 1.0000 6.9944E-06    995.365
11381.00 0.71581256 5.9003E-27 0.0000E+00 0.0000E+00 1.3029E-07 1.3029E-07 0.0000E+00 0.0000E+00 1.3029E-07 4.61E-06 6.69E-06   0.334 1.0000 7.1623E-06    997.473
11391.00 0.71812183 5.5659E-27 0.0000E+00 0.0000E+00 1.2962E-07 1.2962E-07 0.0000E+00 0.0000E+00 1.2962E-07 4.58E-06 6.63E-06   0.331 1.0000 7.1013E-06    997.874
11401.00 0.71832275 5.2910E-27 0.0000E+00 0.0000E+00 1.3020E-07 1.3020E-07 0.0000E+00 0.0000E+00 1.3020E-07 4.60E-06 6.65E-06   0.331 1.0000 7.1195E-06    998.861
11411.00 0.71720874 5.0541E-27 0.0000E+00 0.0000E+00 1.2979E-07 1.2979E-07 0.0000E+00 0.0000E+00 1.2979E-07 4.57E-06 6.62E-06   0.332 1.0000 7.0904E-06    999.383
11421.00 0.71827793 4.7895E-27 0.0000E+00 0.0000E+00 1.2622E-07 1.2622E-07 0.0000E+00 0.0000E+00 1.2622E-07 4.44E-06 6.42E-06   0.331 1.0000 6.8786E-06    998.406
11431.00 0.71783298 4.5639E-27 0.0000E+00 0.0000E+00 1.2843E-07 1.2843E-07 0.0000E+00 0.0000E+00 1.2843E-07 4.51E-06 6.52E-06   0.332 1.0000 6.9893E-06   1000.175
11441.00 0.71720594 4.3517E-27 0.0000E+00 0.0000E+00 1.2931E-07 1.2931E-07 0.0000E+00 0.0000E+00 1.2931E-07 4.53E-06 6.56E-06   0.332 1.0000 7.0284E-06   1001.306
11451.00 0.71766150 4.1331E-27 0.0000E+00 0.0000E+00 1.3063E-07 1.3063E-07 0.0000E+00 0.0000E+00 1.3063E-07 4.57E-06 6.61E-06   0.332 1.0000 7.0859E-06   1002.642
11461.00 0.71752006 3.9339E-27 0.0000E+00 0.0000E+00 1.3231E-07 1.3231E-07 0.0000E+00 0.0000E+00 1.3231E-07 4.62E-06 6.68E-06   0.332 1.0000 7.1660E-06   1004.139
11471.00 0.71706694 3.7486E-27 0.0000E+00 0.0000E+00 1.3028E-07 1.3028E-07 0.0000E+00 0.0000E+00 1.3028E-07 4.53E-06 6.57E-06   0.333 1.0000 7.0465E-06   1003.907
11481.00 0.71611720 3.5788E-27 0.0000E+00 0.0000E+00 1.3118E-07 1.3118E-07 0.0000E+00 0.0000E+00 1.3118E-07 4.55E-06 6.61E-06   0.334 1.0000 7.0883E-06   1005.043
11491.00 0.71614063 3.4043E-27 0.0000E+00 0.0000E+00 1.3127E-07 1.3127E-07 0.0000E+00 0.0000E+00 1.3127E-07 4.55E-06 6.60E-06   0.334 1.0000 7.0811E-06   1005.801
11501.00 0.71560627 3.2446E-27 0.0000E+00 0.0000E+00 1.2825E-07 1.2825E-07 0.0000E+00 0.0000E+00 1.2825E-07 4.43E-06 6.44E-06   0.335 1.0000 6.9103E-06   1005.096
11511.00 0.71519852 3.0914E-27 0.0000E+00 0.0000E+00 1.2763E-07 1.2763E-07 0.0000E+00 0.0000E+00 1.2763E-07 4.40E-06 6.40E-06   0.335 1.0000 6.8667E-06   1005.513
11521.00 0.71455938 2.9478E-27 0.0000E+00 0.0000E+00 1.2825E-07 1.2825E-07 0.0000E+00 0.0000E+00 1.2825E-07 4.41E-06 6.42E-06   0.336 1.0000 6.8922E-06   1006.526
11531.00 0.71396130 2.8103E-27 0.0000E+00 0.0000E+00 1.2361E-07 1.2361E-07 0.0000E+00 0.0000E+00 1.2361E-07 4.24E-06 6.18E-06   0.337 1.0000 6.6351E-06   1004.991
11541.00 0.71354061 2.6775E-27 0.0000E+00 0.0000E+00 9.8441E-08 9.8441E-08 0.0000E+00 0.0000E+00 9.8441E-08 3.37E-06 4.91E-06   0.338 1.0000 5.2774E-06    992.024
11551.00 0.71275157 2.5544E-27 0.0000E+00 0.0000E+00 1.2531E-07 1.2531E-07 0.0000E+00 0.0000E+00 1.2531E-07 4.28E-06 6.25E-06   0.339 1.0000 6.7102E-06   1007.247
11561.00 0.71225941 2.4348E-27 0.0000E+00 0.0000E+00 1.3179E-07 1.3179E-07 0.0000E+00 0.0000E+00 1.3179E-07 4.49E-06 6.56E-06   0.339 1.0000 7.0485E-06   1011.052
11571.00 0.71200150 2.3184E-27 0.0000E+00 0.0000E+00 1.3439E-07 1.3439E-07 0.0000E+00 0.0000E+00 1.3439E-07 4.57E-06 6.68E-06   0.340 1.0000 7.1778E-06   1012.972
11581.00 0.71085799 2.2142E-27 0.0000E+00 0.0000E+00 1.3361E-07 1.3361E-07 0.0000E+00 0.0000E+00 1.3361E-07 4.53E-06 6.63E-06   0.341 1.0000 7.1315E-06   1013.328
11591.00 0.70829755 2.1261E-27 0.0000E+00 0.0000E+00 1.3362E-07 1.3362E-07 0.0000E+00 0.0000E+00 1.3362E-07 4.51E-06 6.63E-06   0.345 1.0000 7.1338E-06   1014.045
11601.00 0.70962036 2.0131E-27 0.0000E+00 0.0000E+00 1.3177E-07 1.3177E-07 0.0000E+00 0.0000E+00 1.3177E-07 4.45E-06 6.52E-06   0.343 1.0000 7.0173E-06   1013.904
11611.00 0.70681125 1.9345E-27 0.0000E+00 0.0000E+00 1.3153E-07 1.3153E-07 0.0000E+00 0.0000E+00 1.3153E-07 4.42E-06 6.51E-06   0.347 1.0000 7.0074E-06   1014.506
11621.00 0.70771861 1.8347E-27 0.0000E+00 0.0000E+00 1.3312E-07 1.3312E-07 0.0000E+00 0.0000E+00 1.3312E-07 4.47E-06 6.57E-06   0.346 1.0000 7.0763E-06   1015.959
11631.00 0.70470279 1.7633E-27 0.0000E+00 0.0000E+00 1.3208E-07 1.3208E-07 0.0000E+00 0.0000E+00 1.3208E-07 4.42E-06 6.52E-06   0.350 1.0000 7.0263E-06   1016.191
11641.00 0.70174718 1.6956E-27 0.0000E+00 0.0000E+00 1.3179E-07 1.3179E-07 0.0000E+00 0.0000E+00 1.3179E-07 4.39E-06 6.51E-06   0.354 1.0000 7.0154E-06   1016.768
11651.00 0.70358557 1.6025E-27 0.0000E+00 0.0000E+00 1.3218E-07 1.3218E-07 0.0000E+00 0.0000E+00 1.3218E-07 4.40E-06 6.51E-06   0.352 1.0000 7.0154E-06   1017.668
11661.00 0.69230103 1.5835E-27 0.0000E+00 0.0000E+00 1.3362E-07 1.3362E-07 0.0000E+00 0.0000E+00 1.3362E-07 4.39E-06 6.62E-06   0.368 1.0000 7.1406E-06   1019.051
11671.00 0.70050728 1.4659E-27 0.0000E+00 0.0000E+00 1.3486E-07 1.3486E-07 0.0000E+00 0.0000E+00 1.3486E-07 4.46E-06 6.63E-06   0.356 1.0000 7.1519E-06   1020.340
11681.00 0.69486851 1.4198E-27 0.0000E+00 0.0000E+00 1.3229E-07 1.3229E-07 0.0000E+00 0.0000E+00 1.3229E-07 4.34E-06 6.52E-06   0.364 1.0000 7.0342E-06   1019.861
11691.00 0.69183689 1.3645E-27 0.0000E+00 0.0000E+00 1.2806E-07 1.2806E-07 0.0000E+00 0.0000E+00 1.2806E-07 4.19E-06 6.31E-06   0.368 1.0000 6.8153E-06   1018.568
11701.00 0.68899047 1.3074E-27 0.0000E+00 0.0000E+00 9.5920E-08 9.5920E-08 0.0000E+00 0.0000E+00 9.5920E-08 3.13E-06 4.73E-06   0.373 1.0000 5.1054E-06   1001.752
11711.00 0.68094635 1.2778E-27 0.0000E+00 0.0000E+00 1.1410E-07 1.1410E-07 0.0000E+00 0.0000E+00 1.1410E-07 3.68E-06 5.64E-06   0.384 1.0000 6.0975E-06   1012.915
11721.00 0.69075692 1.1794E-27 0.0000E+00 0.0000E+00 1.3095E-07 1.3095E-07 0.0000E+00 0.0000E+00 1.3095E-07 4.25E-06 6.42E-06   0.370 1.0000 6.9393E-06   1022.084
11731.00 0.68144131 1.1536E-27 0.0000E+00 0.0000E+00 1.3226E-07 1.3226E-07 0.0000E+00 0.0000E+00 1.3226E-07 4.25E-06 6.52E-06   0.384 1.0000 7.0489E-06   1023.417
11741.00 0.67007476 1.1333E-27 0.0000E+00 0.0000E+00 1.2738E-07 1.2738E-07 0.0000E+00 0.0000E+00 1.2738E-07 4.05E-06 6.32E-06   0.400 1.0000 6.8430E-06   1021.801
11751.00 0.67943525 1.0499E-27 0.0000E+00 0.0000E+00 1.3309E-07 1.3309E-07 0.0000E+00 0.0000E+00 1.3309E-07 4.26E-06 6.54E-06   0.386 1.0000 7.0799E-06   1025.232
11761.00 0.68602389 9.8075E-28 0.0000E+00 0.0000E+00 1.1878E-07 1.1878E-07 0.0000E+00 0.0000E+00 1.1878E-07 3.81E-06 5.80E-06   0.377 1.0000 6.2711E-06   1018.917
11771.00 0.68345839 9.4017E-28 0.0000E+00 0.0000E+00 1.2733E-07 1.2733E-07 0.0000E+00 0.0000E+00 1.2733E-07 4.07E-06 6.22E-06   0.381 1.0000 6.7248E-06   1023.913
11781.00 0.68310750 8.9378E-28 0.0000E+00 0.0000E+00 1.3536E-07 1.3536E-07 0.0000E+00 0.0000E+00 1.3536E-07 4.32E-06 6.60E-06   0.381 1.0000 7.1404E-06   1028.427
11791.00 0.67835993 8.6466E-28 0.0000E+00 0.0000E+00 1.3507E-07 1.3507E-07 0.0000E+00 0.0000E+00 1.3507E-07 4.28E-06 6.60E-06   0.388 1.0000 7.1364E-06   1029.009
11801.00 0.69323480 7.8529E-28 0.0000E+00 0.0000E+00 1.3383E-07 1.3383E-07 0.0000E+00 0.0000E+00 1.3383E-07 4.29E-06 6.46E-06   0.366 1.0000 6.9763E-06   1029.147
11811.00 0.68662137 7.6143E-28 0.0000E+00 0.0000E+00 1.3380E-07 1.3380E-07 0.0000E+00 0.0000E+00 1.3380E-07 4.26E-06 6.48E-06   0.376 1.0000 7.0000E-06   1029.846
11821.00 0.68284839 7.3326E-28 0.0000E+00 0.0000E+00 1.3582E-07 1.3582E-07 0.0000E+00 0.0000E+00 1.3582E-07 4.30E-06 6.58E-06   0.381 1.0000 7.1140E-06   1031.496
11831.00 0.68130237 7.0242E-28 0.0000E+00 0.0000E+00 1.3570E-07 1.3570E-07 0.0000E+00 0.0000E+00 1.3570E-07 4.28E-06 6.57E-06   0.384 1.0000 7.1007E-06   1032.153
11841.00 0.66812724 6.9297E-28 0.0000E+00 0.0000E+00 1.3300E-07 1.3300E-07 0.0000E+00 0.0000E+00 1.3300E-07 4.15E-06 6.49E-06   0.403 1.0000 7.0230E-06   1031.613
11851.00 0.64967996 6.9353E-28 0.0000E+00 0.0000E+00 1.2967E-07 1.2967E-07 0.0000E+00 0.0000E+00 1.2967E-07 3.97E-06 6.40E-06   0.431 1.0000 6.9407E-06   1030.741
11861.00 0.66270292 6.3885E-28 0.0000E+00 0.0000E+00 1.3389E-07 1.3389E-07 0.0000E+00 0.0000E+00 1.3389E-07 4.13E-06 6.53E-06   0.411 1.0000 7.0767E-06   1033.453
11871.00 0.67049402 5.9146E-28 0.0000E+00 0.0000E+00 1.3389E-07 1.3389E-07 0.0000E+00 0.0000E+00 1.3389E-07 4.16E-06 6.48E-06   0.400 1.0000 7.0212E-06   1034.169
11881.00 0.64243335 6.0650E-28 0.0000E+00 0.0000E+00 1.3217E-07 1.3217E-07 0.0000E+00 0.0000E+00 1.3217E-07 4.00E-06 6.52E-06   0.442 1.0000 7.0855E-06   1034.071
11891.00 0.62633735 6.0145E-28 0.0000E+00 0.0000E+00 1.3173E-07 1.3173E-07 0.0000E+00 0.0000E+00 1.3173E-07 3.92E-06 6.57E-06   0.468 1.0000 7.1453E-06   1034.576
11901.00 0.64640802 5.4655E-28 0.0000E+00 0.0000E+00 1.3340E-07 1.3340E-07 0.0000E+00 0.0000E+00 1.3340E-07 4.03E-06 6.54E-06   0.436 1.0000 7.0928E-06   1036.074
11911.00 0.64504510 5.2161E-28 0.0000E+00 0.0000E+00 1.3282E-07 1.3282E-07 0.0000E+00 0.0000E+00 1.3282E-07 4.00E-06 6.50E-06   0.438 1.0000 7.0600E-06   1036.512
11921.00 0.61209047 5.4028E-28 0.0000E+00 0.0000E+00 1.2564E-07 1.2564E-07 0.0000E+00 0.0000E+00 1.2564E-07 3.66E-06 6.29E-06   0.491 1.0000 6.8519E-06   1033.753
11931.00 0.61941135 4.9966E-28 0.0000E+00 0.0000E+00 1.3090E-07 1.3090E-07 0.0000E+00 0.0000E+00 1.3090E-07 3.85E-06 6.51E-06   0.479 1.0000 7.0928E-06   1037.027
11941.00 0.60164487 4.9479E-28 0.0000E+00 0.0000E+00 1.2991E-07 1.2991E-07 0.0000E+00 0.0000E+00 1.2991E-07 3.75E-06 6.54E-06   0.508 1.0000 7.1401E-06   1037.263
11951.00 0.61150664 4.5558E-28 0.0000E+00 0.0000E+00 1.2924E-07 1.2924E-07 0.0000E+00 0.0000E+00 1.2924E-07 3.77E-06 6.45E-06   0.492 1.0000 7.0443E-06   1037.650
11961.00 0.58267778 4.5862E-28 0.0000E+00 0.0000E+00 1.2713E-07 1.2713E-07 0.0000E+00 0.0000E+00 1.2713E-07 3.61E-06 6.47E-06   0.540 1.0000 7.1078E-06   1037.330
11971.00 0.58784264 4.3509E-28 0.0000E+00 0.0000E+00 1.2778E-07 1.2778E-07 0.0000E+00 0.0000E+00 1.2778E-07 3.63E-06 6.47E-06   0.531 1.0000 7.0906E-06   1038.360
11981.00 0.59613734 4.0708E-28 0.0000E+00 0.0000E+00 1.2670E-07 1.2670E-07 0.0000E+00 0.0000E+00 1.2670E-07 3.62E-06 6.36E-06   0.517 1.0000 6.9668E-06   1038.540
11991.00 0.53292811 4.3153E-28 0.0000E+00 0.0000E+00 1.1932E-07 1.1932E-07 0.0000E+00 0.0000E+00 1.1932E-07 3.21E-06 6.30E-06   0.629 1.0000 6.9804E-06   1035.505
12001.00 0.52850771 4.1731E-28 0.0000E+00 0.0000E+00 1.1740E-07 1.1740E-07 0.0000E+00 0.0000E+00 1.1740E-07 3.13E-06 6.21E-06   0.638 1.0000 6.8879E-06   1035.207
12011.00 0.54459685 3.6742E-28 0.0000E+00 0.0000E+00 1.1974E-07 1.1974E-07 0.0000E+00 0.0000E+00 1.1974E-07 3.30E-06 6.22E-06   0.608 1.0000 6.9934E-06   1037.139
12021.00 0.49089178 3.8820E-28 0.0000E+00 0.0000E+00 1.1511E-07 1.1511E-07 0.0000E+00 0.0000E+00 1.1511E-07 2.98E-06 6.24E-06   0.712 1.0000 7.0695E-06   1035.397
12031.00 0.54685181 3.4728E-28 0.0000E+00 0.0000E+00 1.2123E-07 1.2123E-07 0.0000E+00 0.0000E+00 1.2123E-07 3.28E-06 6.26E-06   0.604 1.0000 6.9475E-06   1039.326
12041.00 0.51092303 3.4143E-28 0.0000E+00 0.0000E+00 1.1736E-07 1.1736E-07 0.0000E+00 0.0000E+00 1.1736E-07 3.09E-06 6.22E-06   0.672 1.0000 7.0298E-06   1038.016
12051.00 0.50205278 3.2637E-28 0.0000E+00 0.0000E+00 1.1647E-07 1.1647E-07 0.0000E+00 0.0000E+00 1.1647E-07 3.04E-06 6.23E-06   0.689 1.0000 7.0419E-06   1038.245
12061.00 0.46916804 3.2150E-28 0.0000E+00 0.0000E+00 1.1274E-07 1.1274E-07 0.0000E+00 0.0000E+00 1.1274E-07 2.85E-06 6.20E-06   0.757 1.0000 7.1140E-06   1036.935
12071.00 0.47685426 3.0457E-28 0.0000E+00 0.0000E+00 1.1486E-07 1.1486E-07 0.0000E+00 0.0000E+00 1.1486E-07 2.91E-06 6.24E-06   0.741 1.0000 7.1599E-06   1038.797
12081.00 0.41825211 3.1337E-28 0.0000E+00 0.0000E+00 1.0639E-07 1.0639E-07 0.0000E+00 0.0000E+00 1.0639E-07 2.51E-06 6.11E-06   0.872 1.0000 7.1226E-06   1034.761
12091.00 0.57073539 2.4480E-28 0.0000E+00 0.0000E+00 1.2841E-07 1.2841E-07 0.0000E+00 0.0000E+00 1.2841E-07 3.53E-06 6.44E-06   0.561 1.0000 7.1353E-06   1047.190
12101.00 0.50940418 2.5509E-28 0.0000E+00 0.0000E+00 1.2010E-07 1.2010E-07 0.0000E+00 0.0000E+00 1.2010E-07 3.11E-06 6.32E-06   0.675 1.0000 7.1283E-06   1043.694
12111.00 0.50963038 2.4085E-28 0.0000E+00 0.0000E+00 1.1918E-07 1.1918E-07 0.0000E+00 0.0000E+00 1.1918E-07 3.09E-06 6.26E-06   0.674 1.0000 7.0848E-06   1043.922
12121.00 0.58151126 2.0682E-28 0.0000E+00 0.0000E+00 1.2832E-07 1.2832E-07 0.0000E+00 0.0000E+00 1.2832E-07 3.53E-06 6.35E-06   0.542 1.0000 7.0243E-06   1049.272
12131.00 0.49963352 2.2636E-28 0.0000E+00 0.0000E+00 1.1882E-07 1.1882E-07 0.0000E+00 0.0000E+00 1.1882E-07 3.01E-06 6.29E-06   0.694 1.0000 7.0679E-06   1045.145
12141.00 0.38337204 2.3864E-28 0.0000E+00 0.0000E+00 1.0016E-07 1.0016E-07 0.0000E+00 0.0000E+00 1.0016E-07 2.25E-06 5.91E-06   0.959 1.0000 6.9714E-06   1035.263
12151.00 0.23265310 2.4077E-28 0.0000E+00 0.0000E+00 7.4791E-08 7.4791E-08 0.0000E+00 0.0000E+00 7.4791E-08 1.32E-06 5.40E-06   1.458 1.0000 7.0361E-06   1018.341
12161.00 0.48110384 1.9558E-28 0.0000E+00 0.0000E+00 1.1304E-07 1.1304E-07 0.0000E+00 0.0000E+00 1.1304E-07 2.81E-06 6.05E-06   0.732 1.0000 6.9045E-06   1044.152
12171.00 0.53378302 1.7554E-28 0.0000E+00 0.0000E+00 1.2163E-07 1.2163E-07 0.0000E+00 0.0000E+00 1.2163E-07 3.17E-06 6.20E-06   0.628 1.0000 6.9343E-06   1049.440
12181.00 0.59261763 1.5117E-28 0.0000E+00 0.0000E+00 1.3001E-07 1.3001E-07 0.0000E+00 0.0000E+00 1.3001E-07 3.57E-06 6.31E-06   0.523 1.0000 6.9604E-06   1054.359
12191.00 0.44458634 1.7283E-28 0.0000E+00 0.0000E+00 1.0802E-07 1.0802E-07 0.0000E+00 0.0000E+00 1.0802E-07 2.60E-06 5.95E-06   0.811 1.0000 6.9001E-06   1043.439
12201.00 0.43870807 1.6671E-28 0.0000E+00 0.0000E+00 1.0588E-07 1.0588E-07 0.0000E+00 0.0000E+00 1.0588E-07 2.51E-06 5.83E-06   0.824 1.0000 6.8274E-06   1042.899
12211.00 0.42722890 1.6279E-28 0.0000E+00 0.0000E+00 1.0718E-07 1.0718E-07 0.0000E+00 0.0000E+00 1.0718E-07 2.49E-06 5.95E-06   0.850 1.0000 6.9594E-06   1044.357
12221.00 0.35927409 1.6202E-28 0.0000E+00 0.0000E+00 9.6280E-08 9.6280E-08 0.0000E+00 0.0000E+00 9.6280E-08 2.06E-06 5.78E-06   1.024 1.0000 6.9415E-06   1038.442
12231.00 0.42805907 1.4411E-28 0.0000E+00 0.0000E+00 1.0963E-07 1.0963E-07 0.0000E+00 0.0000E+00 1.0963E-07 2.57E-06 6.08E-06   0.848 1.0000 7.1216E-06   1047.168
12241.00 0.36992905 1.4351E-28 0.0000E+00 0.0000E+00 1.0011E-07 1.0011E-07 0.0000E+00 0.0000E+00 1.0011E-07 2.19E-06 5.91E-06   0.994 1.0000 7.0928E-06   1042.241
12251.00 0.38369697 1.3492E-28 0.0000E+00 0.0000E+00 1.0222E-07 1.0222E-07 0.0000E+00 0.0000E+00 1.0222E-07 2.27E-06 5.91E-06   0.958 1.0000 7.0794E-06   1044.230
12261.00 0.39237651 1.3109E-28 0.0000E+00 0.0000E+00 1.0520E-07 1.0520E-07 0.0000E+00 0.0000E+00 1.0520E-07 2.32E-06 6.04E-06   0.936 1.0000 7.0894E-06   1046.715
12271.00 0.39060381 1.2522E-28 0.0000E+00 0.0000E+00 1.0560E-07 1.0560E-07 0.0000E+00 0.0000E+00 1.0560E-07 2.32E-06 6.09E-06   0.940 1.0000 7.0956E-06   1047.652
12281.00 0.44942594 1.1334E-28 0.0000E+00 0.0000E+00 1.1537E-07 1.1537E-07 0.0000E+00 0.0000E+00 1.1537E-07 2.70E-06 6.23E-06   0.800 1.0000 7.1191E-06   1053.883
12291.00 0.42116210 1.1089E-28 0.0000E+00 0.0000E+00 1.1148E-07 1.1148E-07 0.0000E+00 0.0000E+00 1.1148E-07 2.52E-06 6.21E-06   0.865 1.0000 7.1358E-06   1052.436
12301.00 0.53079253 9.3147E-29 0.0000E+00 0.0000E+00 1.2743E-07 1.2743E-07 0.0000E+00 0.0000E+00 1.2743E-07 3.22E-06 6.38E-06   0.633 1.0000 7.1019E-06   1061.585
12311.00 0.52987152 9.0417E-29 0.0000E+00 0.0000E+00 1.2806E-07 1.2806E-07 0.0000E+00 0.0000E+00 1.2806E-07 3.21E-06 6.40E-06   0.635 1.0000 7.1036E-06   1062.609
12321.00 0.54902452 8.2380E-29 0.0000E+00 0.0000E+00 1.3015E-07 1.3015E-07 0.0000E+00 0.0000E+00 1.3015E-07 3.33E-06 6.39E-06   0.600 1.0000 7.0841E-06   1064.348
12331.00 0.57684934 7.5236E-29 0.0000E+00 0.0000E+00 1.3462E-07 1.3462E-07 0.0000E+00 0.0000E+00 1.3462E-07 3.52E-06 6.44E-06   0.550 1.0000 7.1024E-06   1067.223
12341.00 0.59957379 6.8482E-29 0.0000E+00 0.0000E+00 1.3601E-07 1.3601E-07 0.0000E+00 0.0000E+00 1.3601E-07 3.62E-06 6.38E-06   0.512 1.0000 7.0116E-06   1068.593
12351.00 0.59347558 6.5766E-29 0.0000E+00 0.0000E+00 1.3360E-07 1.3360E-07 0.0000E+00 0.0000E+00 1.3360E-07 3.54E-06 6.29E-06   0.522 1.0000 6.9247E-06   1068.150
12361.00 0.61648893 5.9336E-29 0.0000E+00 0.0000E+00 1.3774E-07 1.3774E-07 0.0000E+00 0.0000E+00 1.3774E-07 3.72E-06 6.36E-06   0.484 1.0000 6.9793E-06   1070.824
12371.00 0.61928469 5.6317E-29 0.0000E+00 0.0000E+00 1.3929E-07 1.3929E-07 0.0000E+00 0.0000E+00 1.3929E-07 3.76E-06 6.40E-06   0.479 1.0000 7.0253E-06   1072.255
12381.00 0.63636309 5.1171E-29 0.0000E+00 0.0000E+00 1.4170E-07 1.4170E-07 0.0000E+00 0.0000E+00 1.4170E-07 3.89E-06 6.42E-06   0.452 1.0000 7.0369E-06   1074.076
12391.00 0.63280582 4.9066E-29 0.0000E+00 0.0000E+00 1.4245E-07 1.4245E-07 0.0000E+00 0.0000E+00 1.4245E-07 3.89E-06 6.46E-06   0.458 1.0000 7.0840E-06   1075.128
12401.00 0.63275760 4.6737E-29 0.0000E+00 0.0000E+00 1.4397E-07 1.4397E-07 0.0000E+00 0.0000E+00 1.4397E-07 3.92E-06 6.52E-06   0.458 1.0000 7.1455E-06   1076.531
12411.00 0.63780737 4.3944E-29 0.0000E+00 0.0000E+00 1.4379E-07 1.4379E-07 0.0000E+00 0.0000E+00 1.4379E-07 3.93E-06 6.48E-06   0.450 1.0000 7.0929E-06   1077.158
12421.00 0.63049167 4.2308E-29 0.0000E+00 0.0000E+00 1.3876E-07 1.3876E-07 0.0000E+00 0.0000E+00 1.3876E-07 3.77E-06 6.28E-06   0.461 1.0000 6.8849E-06   1075.561
12431.00 0.59033030 4.4250E-29 0.0000E+00 0.0000E+00 1.3734E-07 1.3734E-07 0.0000E+00 0.0000E+00 1.3734E-07 3.58E-06 6.39E-06   0.527 1.0000 7.0471E-06   1075.601
12441.00 0.59373772 4.1683E-29 0.0000E+00 0.0000E+00 1.3864E-07 1.3864E-07 0.0000E+00 0.0000E+00 1.3864E-07 3.62E-06 6.42E-06   0.521 1.0000 7.0810E-06   1076.923
12451.00 0.58801079 4.0253E-29 0.0000E+00 0.0000E+00 1.3656E-07 1.3656E-07 0.0000E+00 0.0000E+00 1.3656E-07 3.54E-06 6.34E-06   0.531 1.0000 6.9937E-06   1076.653
12461.00 0.57148784 3.9859E-29 0.0000E+00 0.0000E+00 1.3630E-07 1.3630E-07 0.0000E+00 0.0000E+00 1.3630E-07 3.46E-06 6.41E-06   0.560 1.0000 7.0759E-06   1077.238
12471.00 0.59699821 3.5704E-29 0.0000E+00 0.0000E+00 1.4035E-07 1.4035E-07 0.0000E+00 0.0000E+00 1.4035E-07 3.65E-06 6.45E-06   0.516 1.0000 7.1120E-06   1079.848
12481.00 0.58366907 3.4476E-29 0.0000E+00 0.0000E+00 1.3825E-07 1.3825E-07 0.0000E+00 0.0000E+00 1.3825E-07 3.57E-06 6.42E-06   0.538 1.0000 7.1032E-06   1079.576
12491.00 0.59217286 3.2334E-29 0.0000E+00 0.0000E+00 1.3856E-07 1.3856E-07 0.0000E+00 0.0000E+00 1.3856E-07 3.59E-06 6.38E-06   0.524 1.0000 7.0410E-06   1080.431
12501.00 0.59237999 3.1033E-29 0.0000E+00 0.0000E+00 1.3747E-07 1.3747E-07 0.0000E+00 0.0000E+00 1.3747E-07 3.55E-06 6.31E-06   0.524 1.0000 6.9583E-06   1080.625
12511.00 0.62159979 2.7762E-29 0.0000E+00 0.0000E+00 1.4454E-07 1.4454E-07 0.0000E+00 0.0000E+00 1.4454E-07 3.82E-06 6.48E-06   0.475 1.0000 7.1163E-06   1084.605
12521.00 0.60481596 2.7287E-29 0.0000E+00 0.0000E+00 1.4237E-07 1.4237E-07 0.0000E+00 0.0000E+00 1.4237E-07 3.71E-06 6.45E-06   0.503 1.0000 7.1113E-06   1084.325
12531.00 0.62771815 2.4753E-29 0.0000E+00 0.0000E+00 1.4541E-07 1.4541E-07 0.0000E+00 0.0000E+00 1.4541E-07 3.85E-06 6.46E-06   0.466 1.0000 7.0974E-06   1086.416
12541.00 0.60690510 2.4555E-29 0.0000E+00 0.0000E+00 1.4260E-07 1.4260E-07 0.0000E+00 0.0000E+00 1.4260E-07 3.71E-06 6.43E-06   0.499 1.0000 7.0882E-06   1085.851
12551.00 0.57581615 2.4748E-29 0.0000E+00 0.0000E+00 1.3883E-07 1.3883E-07 0.0000E+00 0.0000E+00 1.3883E-07 3.50E-06 6.41E-06   0.552 1.0000 7.0994E-06   1084.809
12561.00 0.55987120 2.4232E-29 0.0000E+00 0.0000E+00 1.3559E-07 1.3559E-07 0.0000E+00 0.0000E+00 1.3559E-07 3.37E-06 6.33E-06   0.580 1.0000 7.0428E-06   1083.981
12571.00 0.62587231 2.0235E-29 0.0000E+00 0.0000E+00 1.4508E-07 1.4508E-07 0.0000E+00 0.0000E+00 1.4508E-07 3.82E-06 6.41E-06   0.469 1.0000 7.0580E-06   1089.107
12581.00 0.63652837 1.8771E-29 0.0000E+00 0.0000E+00 1.4147E-07 1.4147E-07 0.0000E+00 0.0000E+00 1.4147E-07 3.75E-06 6.20E-06   0.452 1.0000 6.8119E-06   1088.166
12591.00 0.64864427 1.7321E-29 0.0000E+00 0.0000E+00 1.4371E-07 1.4371E-07 0.0000E+00 0.0000E+00 1.4371E-07 3.84E-06 6.23E-06   0.433 1.0000 6.8345E-06   1089.904
12601.00 0.63635540 1.6902E-29 0.0000E+00 0.0000E+00 1.4227E-07 1.4227E-07 0.0000E+00 0.0000E+00 1.4227E-07 3.76E-06 6.21E-06   0.452 1.0000 6.8321E-06   1089.953
12611.00 0.59715629 1.7468E-29 0.0000E+00 0.0000E+00 1.4095E-07 1.4095E-07 0.0000E+00 0.0000E+00 1.4095E-07 3.60E-06 6.33E-06   0.516 1.0000 7.0130E-06   1090.052
12621.00 0.59946740 1.6472E-29 0.0000E+00 0.0000E+00 1.4135E-07 1.4135E-07 0.0000E+00 0.0000E+00 1.4135E-07 3.62E-06 6.33E-06   0.512 1.0000 7.0117E-06   1090.944
12631.00 0.60683262 1.5595E-29 0.0000E+00 0.0000E+00 1.4073E-07 1.4073E-07 0.0000E+00 0.0000E+00 1.4073E-07 3.60E-06 6.25E-06   0.500 1.0000 6.9099E-06   1091.364
12641.00 0.58952659 1.5306E-29 0.0000E+00 0.0000E+00 1.4125E-07 1.4125E-07 0.0000E+00 0.0000E+00 1.4125E-07 3.56E-06 6.35E-06   0.528 1.0000 7.0438E-06   1092.316
12651.00 0.59140712 1.4498E-29 0.0000E+00 0.0000E+00 1.4282E-07 1.4282E-07 0.0000E+00 0.0000E+00 1.4282E-07 3.60E-06 6.40E-06   0.525 1.0000 7.0958E-06   1093.750
12661.00 0.56961769 1.4336E-29 0.0000E+00 0.0000E+00 1.3976E-07 1.3976E-07 0.0000E+00 0.0000E+00 1.3976E-07 3.45E-06 6.36E-06   0.563 1.0000 7.0839E-06   1093.036
12671.00 0.58449817 1.3454E-29 0.0000E+00 0.0000E+00 1.4314E-07 1.4314E-07 0.0000E+00 0.0000E+00 1.4314E-07 3.56E-06 6.42E-06   0.537 1.0000 7.1204E-06   1095.315
12681.00 0.61844397 1.1907E-29 0.0000E+00 0.0000E+00 1.4713E-07 1.4713E-07 0.0000E+00 0.0000E+00 1.4713E-07 3.77E-06 6.42E-06   0.481 1.0000 7.0842E-06   1097.835
12691.00 0.61469746 1.1378E-29 0.0000E+00 0.0000E+00 1.4607E-07 1.4607E-07 0.0000E+00 0.0000E+00 1.4607E-07 3.73E-06 6.38E-06   0.487 1.0000 7.0488E-06   1098.069
12701.00 0.62591249 1.0575E-29 0.0000E+00 0.0000E+00 1.4881E-07 1.4881E-07 0.0000E+00 0.0000E+00 1.4881E-07 3.83E-06 6.43E-06   0.469 1.0000 7.0968E-06   1100.008
12711.00 0.62167382 1.0207E-29 0.0000E+00 0.0000E+00 1.4949E-07 1.4949E-07 0.0000E+00 0.0000E+00 1.4949E-07 3.82E-06 6.47E-06   0.475 1.0000 7.1406E-06   1101.017
12721.00 0.64802772 9.0640E-30 0.0000E+00 0.0000E+00 1.4997E-07 1.4997E-07 0.0000E+00 0.0000E+00 1.4997E-07 3.92E-06 6.35E-06   0.434 1.0000 6.9992E-06   1101.940
12731.00 0.64898819 8.5971E-30 0.0000E+00 0.0000E+00 1.5002E-07 1.5002E-07 0.0000E+00 0.0000E+00 1.5002E-07 3.92E-06 6.34E-06   0.432 1.0000 6.9861E-06   1102.674
12741.00 0.64920896 8.1692E-30 0.0000E+00 0.0000E+00 1.5275E-07 1.5275E-07 0.0000E+00 0.0000E+00 1.5275E-07 3.98E-06 6.45E-06   0.432 1.0000 7.1028E-06   1104.583
12751.00 0.65173864 7.7143E-30 0.0000E+00 0.0000E+00 1.5291E-07 1.5291E-07 0.0000E+00 0.0000E+00 1.5291E-07 3.99E-06 6.43E-06   0.428 1.0000 7.0859E-06   1105.359
12761.00 0.65510172 7.2639E-30 0.0000E+00 0.0000E+00 1.4960E-07 1.4960E-07 0.0000E+00 0.0000E+00 1.4960E-07 3.91E-06 6.26E-06   0.423 1.0000 6.9058E-06   1104.615
12771.00 0.65561128 6.8975E-30 0.0000E+00 0.0000E+00 1.5269E-07 1.5269E-07 0.0000E+00 0.0000E+00 1.5269E-07 3.98E-06 6.38E-06   0.422 1.0000 7.0362E-06   1106.686
12781.00 0.65548015 6.5619E-30 0.0000E+00 0.0000E+00 1.5459E-07 1.5459E-07 0.0000E+00 0.0000E+00 1.5459E-07 4.03E-06 6.45E-06   0.422 1.0000 7.1156E-06   1108.222
12791.00 0.65532905 6.2444E-30 0.0000E+00 0.0000E+00 1.5487E-07 1.5487E-07 0.0000E+00 0.0000E+00 1.5487E-07 4.03E-06 6.45E-06   0.423 1.0000 7.1190E-06   1109.051
12801.00 0.65554494 5.9348E-30 0.0000E+00 0.0000E+00 1.5255E-07 1.5255E-07 0.0000E+00 0.0000E+00 1.5255E-07 3.96E-06 6.34E-06   0.422 1.0000 7.0016E-06   1108.755
12811.00 0.65448499 5.6620E-30 0.0000E+00 0.0000E+00 1.5446E-07 1.5446E-07 0.0000E+00 0.0000E+00 1.5446E-07 4.00E-06 6.42E-06   0.424 1.0000 7.0852E-06   1110.295
12821.00 0.65482575 5.3797E-30 0.0000E+00 0.0000E+00 1.5288E-07 1.5288E-07 0.0000E+00 0.0000E+00 1.5288E-07 3.95E-06 6.34E-06   0.423 1.0000 7.0007E-06   1110.316
12831.00 0.65356803 5.1357E-30 0.0000E+00 0.0000E+00 1.5482E-07 1.5482E-07 0.0000E+00 0.0000E+00 1.5482E-07 3.99E-06 6.41E-06   0.425 1.0000 7.0866E-06   1111.873
12841.00 0.65390295 4.8796E-30 0.0000E+00 0.0000E+00 1.5558E-07 1.5558E-07 0.0000E+00 0.0000E+00 1.5558E-07 4.00E-06 6.43E-06   0.425 1.0000 7.1081E-06   1112.909
12851.00 0.65325022 4.6497E-30 0.0000E+00 0.0000E+00 1.5559E-07 1.5559E-07 0.0000E+00 0.0000E+00 1.5559E-07 4.00E-06 6.42E-06   0.426 1.0000 7.1013E-06   1113.625
12861.00 0.65289432 4.4272E-30 0.0000E+00 0.0000E+00 1.5265E-07 1.5265E-07 0.0000E+00 0.0000E+00 1.5265E-07 3.91E-06 6.29E-06   0.426 1.0000 6.9577E-06   1113.054
12871.00 0.65265077 4.2134E-30 0.0000E+00 0.0000E+00 1.5630E-07 1.5630E-07 0.0000E+00 0.0000E+00 1.5630E-07 4.00E-06 6.43E-06   0.427 1.0000 7.1139E-06   1115.349
12881.00 0.65196949 4.0152E-30 0.0000E+00 0.0000E+00 1.5615E-07 1.5615E-07 0.0000E+00 0.0000E+00 1.5615E-07 3.98E-06 6.42E-06   0.428 1.0000 7.0994E-06   1115.993
12891.00 0.65079534 3.8316E-30 0.0000E+00 0.0000E+00 1.5614E-07 1.5614E-07 0.0000E+00 0.0000E+00 1.5614E-07 3.97E-06 6.42E-06   0.430 1.0000 7.0944E-06   1116.702
12901.00 0.65016103 3.6503E-30 0.0000E+00 0.0000E+00 1.4881E-07 1.4881E-07 0.0000E+00 0.0000E+00 1.4881E-07 3.78E-06 6.11E-06   0.431 1.0000 6.7536E-06   1114.184
12911.00 0.64849657 3.4872E-30 0.0000E+00 0.0000E+00 1.5227E-07 1.5227E-07 0.0000E+00 0.0000E+00 1.5227E-07 3.85E-06 6.25E-06   0.433 1.0000 6.9089E-06   1116.432
12921.00 0.64748079 3.3255E-30 0.0000E+00 0.0000E+00 1.5671E-07 1.5671E-07 0.0000E+00 0.0000E+00 1.5671E-07 3.95E-06 6.42E-06   0.435 1.0000 7.1049E-06   1119.075
12931.00 0.64549285 3.1790E-30 0.0000E+00 0.0000E+00 1.5580E-07 1.5580E-07 0.0000E+00 0.0000E+00 1.5580E-07 3.92E-06 6.38E-06   0.438 1.0000 7.0646E-06   1119.390
12941.00 0.64251256 3.0465E-30 0.0000E+00 0.0000E+00 1.5187E-07 1.5187E-07 0.0000E+00 0.0000E+00 1.5187E-07 3.80E-06 6.23E-06   0.442 1.0000 6.8949E-06   1118.383
12951.00 0.64108187 2.9077E-30 0.0000E+00 0.0000E+00 1.5396E-07 1.5396E-07 0.0000E+00 0.0000E+00 1.5396E-07 3.84E-06 6.31E-06   0.445 1.0000 6.9877E-06   1120.010
12961.00 0.63954270 2.7743E-30 0.0000E+00 0.0000E+00 1.5194E-07 1.5194E-07 0.0000E+00 0.0000E+00 1.5194E-07 3.78E-06 6.22E-06   0.447 1.0000 6.8945E-06   1119.829
12971.00 0.63727784 2.6476E-30 0.0000E+00 0.0000E+00 1.5475E-07 1.5475E-07 0.0000E+00 0.0000E+00 1.5475E-07 3.84E-06 6.33E-06   0.451 1.0000 7.0270E-06   1121.773
12981.00 0.62574148 2.5762E-30 0.0000E+00 0.0000E+00 1.5240E-07 1.5240E-07 0.0000E+00 0.0000E+00 1.5240E-07 3.74E-06 6.28E-06   0.469 1.0000 6.9958E-06   1121.452
12991.00 0.61449814 2.4933E-30 0.0000E+00 0.0000E+00 1.5014E-07 1.5014E-07 0.0000E+00 0.0000E+00 1.5014E-07 3.66E-06 6.22E-06   0.487 1.0000 6.9674E-06   1121.152
13001.00 0.59624624 2.4333E-30 0.0000E+00 0.0000E+00 1.4791E-07 1.4791E-07 0.0000E+00 0.0000E+00 1.4791E-07 3.55E-06 6.19E-06   0.517 1.0000 6.9977E-06   1120.857
13011.00 0.58441842 2.3415E-30 0.0000E+00 0.0000E+00 1.4716E-07 1.4716E-07 0.0000E+00 0.0000E+00 1.4716E-07 3.51E-06 6.20E-06   0.537 1.0000 7.0635E-06   1121.220
13021.00 0.55092674 2.3107E-30 0.0000E+00 0.0000E+00 1.4058E-07 1.4058E-07 0.0000E+00 0.0000E+00 1.4058E-07 3.28E-06 6.05E-06   0.596 1.0000 7.0503E-06   1118.860
13031.00 0.51176810 2.3091E-30 0.0000E+00 0.0000E+00 1.3401E-07 1.3401E-07 0.0000E+00 0.0000E+00 1.3401E-07 3.02E-06 5.93E-06   0.670 1.0000 7.0771E-06   1116.377
13041.00 0.45527327 2.3146E-30 0.0000E+00 0.0000E+00 1.1718E-07 1.1718E-07 0.0000E+00 0.0000E+00 1.1718E-07 2.53E-06 5.39E-06   0.787 1.0000 6.7057E-06   1108.225
13051.00 0.39021307 2.3462E-30 0.0000E+00 0.0000E+00 1.0274E-07 1.0274E-07 0.0000E+00 0.0000E+00 1.0274E-07 2.06E-06 5.05E-06   0.941 1.0000 6.6213E-06   1100.377
13061.00 0.31423655 2.2949E-30 0.0000E+00 0.0000E+00 8.9908E-08 8.9908E-08 0.0000E+00 0.0000E+00 8.9908E-08 1.66E-06 4.78E-06   1.158 1.0000 6.8845E-06   1092.534
13071.00 0.24202652 2.1743E-30 0.0000E+00 0.0000E+00 7.5228E-08 7.5228E-08 0.0000E+00 0.0000E+00 7.5228E-08 1.27E-06 4.37E-06   1.419 1.0000 7.1115E-06   1082.011
13081.00 0.18414061 2.0565E-30 0.0000E+00 0.0000E+00 6.0787E-08 6.0787E-08 0.0000E+00 0.0000E+00 6.0787E-08 9.06E-07 3.86E-06   1.692 1.0000 7.1104E-06   1069.581
13091.00 0.12347363 1.8968E-30 0.0000E+00 0.0000E+00 4.4904E-08 4.4904E-08 0.0000E+00 0.0000E+00 4.4904E-08 5.56E-07 3.25E-06   2.092 1.0000 7.1062E-06   1052.153
13101.00 0.09642095 1.7580E-30 0.0000E+00 0.0000E+00 3.6996E-08 3.6996E-08 0.0000E+00 0.0000E+00 3.6996E-08 4.02E-07 2.90E-06   2.339 1.0000 7.1028E-06   1041.553
13111.00 0.10942239 1.7336E-30 0.0000E+00 0.0000E+00 4.0102E-08 4.0102E-08 0.0000E+00 0.0000E+00 4.0102E-08 4.46E-07 3.05E-06   2.213 1.0000 7.0290E-06   1046.880
13121.00 0.30034375 1.6952E-30 0.0000E+00 0.0000E+00 8.1665E-08 8.1665E-08 0.0000E+00 0.0000E+00 8.1665E-08 1.47E-06 4.36E-06   1.203 1.0000 6.7816E-06   1090.583
13131.00 0.09658182 1.4990E-30 0.0000E+00 0.0000E+00 3.5258E-08 3.5258E-08 0.0000E+00 0.0000E+00 3.5258E-08 4.12E-07 2.77E-06   2.337 1.0000 6.9749E-06   1040.776
13141.00 0.00941901 1.1071E-30 0.0000E+00 0.0000E+00 9.5746E-09 9.5746E-09 0.0000E+00 0.0000E+00 9.5746E-09 1.99E-08 1.46E-06   4.665 1.0000 7.0062E-06    971.669
13151.00 0.00885335 1.0221E-30 0.0000E+00 0.0000E+00 1.0258E-08 1.0258E-08 0.0000E+00 0.0000E+00 1.0258E-08 2.24E-08 1.52E-06   4.727 1.0000 6.9759E-06    975.751
13161.00 0.11271008 1.1970E-30 0.0000E+00 0.0000E+00 4.2694E-08 4.2694E-08 0.0000E+00 0.0000E+00 4.2694E-08 6.02E-07 3.15E-06   2.183 1.0000 7.0394E-06   1053.866
13171.00 0.55201554 1.0704E-30 0.0000E+00 0.0000E+00 1.4281E-07 1.4281E-07 0.0000E+00 0.0000E+00 1.4281E-07 3.26E-06 5.97E-06   0.594 1.0000 7.0248E-06   1130.494
13181.00 0.63281542 9.4010E-31 0.0000E+00 0.0000E+00 1.5541E-07 1.5541E-07 0.0000E+00 0.0000E+00 1.5541E-07 3.70E-06 6.16E-06   0.458 1.0000 6.8540E-06   1136.934
13191.00 0.63677150 8.8545E-31 0.0000E+00 0.0000E+00 1.6001E-07 1.6001E-07 0.0000E+00 0.0000E+00 1.6001E-07 3.82E-06 6.31E-06   0.451 1.0000 7.0170E-06   1139.633
13201.00 0.63672936 8.4222E-31 0.0000E+00 0.0000E+00 1.5936E-07 1.5936E-07 0.0000E+00 0.0000E+00 1.5936E-07 3.79E-06 6.28E-06   0.451 1.0000 6.9786E-06   1140.061
13211.00 0.63655949 8.0139E-31 0.0000E+00 0.0000E+00 1.5953E-07 1.5953E-07 0.0000E+00 0.0000E+00 1.5953E-07 3.79E-06 6.27E-06   0.452 1.0000 6.9776E-06   1140.844
13221.00 0.63595188 7.6343E-31 0.0000E+00 0.0000E+00 1.5917E-07 1.5917E-07 0.0000E+00 0.0000E+00 1.5917E-07 3.77E-06 6.25E-06   0.453 1.0000 6.9558E-06   1141.395
13231.00 0.63527745 7.2741E-31 0.0000E+00 0.0000E+00 1.5843E-07 1.5843E-07 0.0000E+00 0.0000E+00 1.5843E-07 3.75E-06 6.22E-06   0.454 1.0000 6.9184E-06   1141.787
13241.00 0.63478446 6.9271E-31 0.0000E+00 0.0000E+00 1.6122E-07 1.6122E-07 0.0000E+00 0.0000E+00 1.6122E-07 3.80E-06 6.32E-06   0.454 1.0000 7.0339E-06   1143.690
13251.00 0.63441235 6.5948E-31 0.0000E+00 0.0000E+00 1.6184E-07 1.6184E-07 0.0000E+00 0.0000E+00 1.6184E-07 3.81E-06 6.33E-06   0.455 1.0000 7.0541E-06   1144.663
13261.00 0.63344526 6.2885E-31 0.0000E+00 0.0000E+00 1.6242E-07 1.6242E-07 0.0000E+00 0.0000E+00 1.6242E-07 3.82E-06 6.35E-06   0.457 1.0000 7.0756E-06   1145.615
13271.00 0.63327038 5.9833E-31 0.0000E+00 0.0000E+00 1.6092E-07 1.6092E-07 0.0000E+00 0.0000E+00 1.6092E-07 3.77E-06 6.28E-06   0.457 1.0000 7.0026E-06   1145.685
13281.00 0.63269895 5.6992E-31 0.0000E+00 0.0000E+00 1.5963E-07 1.5963E-07 0.0000E+00 0.0000E+00 1.5963E-07 3.73E-06 6.22E-06   0.458 1.0000 6.9412E-06   1145.839
13291.00 0.63206011 5.4296E-31 0.0000E+00 0.0000E+00 1.5917E-07 1.5917E-07 0.0000E+00 0.0000E+00 1.5917E-07 3.71E-06 6.20E-06   0.459 1.0000 6.9165E-06   1146.351
13301.00 0.63108611 5.1775E-31 0.0000E+00 0.0000E+00 1.6138E-07 1.6138E-07 0.0000E+00 0.0000E+00 1.6138E-07 3.76E-06 6.28E-06   0.460 1.0000 7.0096E-06   1148.005
13311.00 0.63087410 4.9266E-31 0.0000E+00 0.0000E+00 1.5662E-07 1.5662E-07 0.0000E+00 0.0000E+00 1.5662E-07 3.64E-06 6.08E-06   0.461 1.0000 6.7959E-06   1146.657
13321.00 0.62928659 4.7058E-31 0.0000E+00 0.0000E+00 1.6143E-07 1.6143E-07 0.0000E+00 0.0000E+00 1.6143E-07 3.74E-06 6.27E-06   0.463 1.0000 7.0050E-06   1149.443
13331.00 0.62913638 4.4772E-31 0.0000E+00 0.0000E+00 1.6012E-07 1.6012E-07 0.0000E+00 0.0000E+00 1.6012E-07 3.70E-06 6.21E-06   0.463 1.0000 6.9407E-06   1149.589
13341.00 0.62871772 4.2628E-31 0.0000E+00 0.0000E+00 1.5662E-07 1.5662E-07 0.0000E+00 0.0000E+00 1.5662E-07 3.61E-06 6.06E-06   0.464 1.0000 6.7825E-06   1148.773
13351.00 0.62858272 4.0553E-31 0.0000E+00 0.0000E+00 1.6160E-07 1.6160E-07 0.0000E+00 0.0000E+00 1.6160E-07 3.72E-06 6.25E-06   0.464 1.0000 6.9903E-06   1151.639
13361.00 0.62800437 3.8627E-31 0.0000E+00 0.0000E+00 1.6079E-07 1.6079E-07 0.0000E+00 0.0000E+00 1.6079E-07 3.69E-06 6.21E-06   0.465 1.0000 6.9490E-06   1151.999
13371.00 0.62652087 3.6887E-31 0.0000E+00 0.0000E+00 1.6068E-07 1.6068E-07 0.0000E+00 0.0000E+00 1.6068E-07 3.68E-06 6.20E-06   0.468 1.0000 6.9428E-06   1152.657
13381.00 0.62562513 3.5161E-31 0.0000E+00 0.0000E+00 1.6171E-07 1.6171E-07 0.0000E+00 0.0000E+00 1.6171E-07 3.69E-06 6.23E-06   0.469 1.0000 6.9829E-06   1153.809
13391.00 0.62499988 3.3499E-31 0.0000E+00 0.0000E+00 1.6192E-07 1.6192E-07 0.0000E+00 0.0000E+00 1.6192E-07 3.69E-06 6.23E-06   0.470 1.0000 6.9856E-06   1154.605
13401.00 0.62401688 3.1938E-31 0.0000E+00 0.0000E+00 1.6078E-07 1.6078E-07 0.0000E+00 0.0000E+00 1.6078E-07 3.65E-06 6.18E-06   0.472 1.0000 6.9311E-06   1154.820
13411.00 0.62123156 3.0612E-31 0.0000E+00 0.0000E+00 1.6220E-07 1.6220E-07 0.0000E+00 0.0000E+00 1.6220E-07 3.67E-06 6.24E-06   0.476 1.0000 6.9973E-06   1156.137
13421.00 0.62251925 2.9011E-31 0.0000E+00 0.0000E+00 1.5910E-07 1.5910E-07 0.0000E+00 0.0000E+00 1.5910E-07 3.60E-06 6.11E-06   0.474 1.0000 6.8463E-06   1155.508
13431.00 0.61878705 2.7858E-31 0.0000E+00 0.0000E+00 1.5683E-07 1.5683E-07 0.0000E+00 0.0000E+00 1.5683E-07 3.53E-06 6.02E-06   0.480 1.0000 6.7587E-06   1155.224
13441.00 0.61712420 2.6626E-31 0.0000E+00 0.0000E+00 1.6198E-07 1.6198E-07 0.0000E+00 0.0000E+00 1.6198E-07 3.63E-06 6.22E-06   0.483 1.0000 6.9782E-06   1158.163
13451.00 0.61971939 2.5140E-31 0.0000E+00 0.0000E+00 1.6261E-07 1.6261E-07 0.0000E+00 0.0000E+00 1.6261E-07 3.65E-06 6.22E-06   0.478 1.0000 6.9805E-06   1159.141
13461.00 0.60682714 2.4701E-31 0.0000E+00 0.0000E+00 1.5964E-07 1.5964E-07 0.0000E+00 0.0000E+00 1.5964E-07 3.53E-06 6.16E-06   0.500 1.0000 6.9145E-06   1158.567
13471.00 0.60483414 2.3618E-31 0.0000E+00 0.0000E+00 1.5395E-07 1.5395E-07 0.0000E+00 0.0000E+00 1.5395E-07 3.39E-06 5.94E-06   0.503 1.0000 6.6706E-06   1156.763
13481.00 0.60338938 2.2530E-31 0.0000E+00 0.0000E+00 1.5416E-07 1.5416E-07 0.0000E+00 0.0000E+00 1.5416E-07 3.39E-06 5.94E-06   0.505 1.0000 6.6756E-06   1157.564
13491.00 0.59041786 2.2065E-31 0.0000E+00 0.0000E+00 1.5226E-07 1.5226E-07 0.0000E+00 0.0000E+00 1.5226E-07 3.30E-06 5.92E-06   0.527 1.0000 6.6588E-06   1157.413
13501.00 0.60067469 2.0539E-31 0.0000E+00 0.0000E+00 1.5833E-07 1.5833E-07 0.0000E+00 0.0000E+00 1.5833E-07 3.45E-06 6.09E-06   0.510 1.0000 6.8511E-06   1160.821
13511.00 0.58302432 2.0264E-31 0.0000E+00 0.0000E+00 1.5594E-07 1.5594E-07 0.0000E+00 0.0000E+00 1.5594E-07 3.34E-06 6.08E-06   0.540 1.0000 6.8479E-06   1160.471
13521.00 0.56371737 2.0009E-31 0.0000E+00 0.0000E+00 1.5346E-07 1.5346E-07 0.0000E+00 0.0000E+00 1.5346E-07 3.22E-06 6.07E-06   0.573 1.0000 6.8549E-06   1160.066
13531.00 0.57145184 1.8756E-31 0.0000E+00 0.0000E+00 1.4981E-07 1.4981E-07 0.0000E+00 0.0000E+00 1.4981E-07 3.16E-06 5.88E-06   0.560 1.0000 6.6352E-06   1159.110
13541.00 0.54666072 1.8693E-31 0.0000E+00 0.0000E+00 1.5086E-07 1.5086E-07 0.0000E+00 0.0000E+00 1.5086E-07 3.09E-06 6.03E-06   0.604 1.0000 6.8288E-06   1160.293
13551.00 0.56658363 1.7212E-31 0.0000E+00 0.0000E+00 1.5734E-07 1.5734E-07 0.0000E+00 0.0000E+00 1.5734E-07 3.29E-06 6.17E-06   0.568 1.0000 6.9678E-06   1163.913
13561.00 0.54614621 1.6880E-31 0.0000E+00 0.0000E+00 1.5455E-07 1.5455E-07 0.0000E+00 0.0000E+00 1.5455E-07 3.16E-06 6.16E-06   0.605 1.0000 6.9805E-06   1163.376
13571.00 0.52382118 1.6630E-31 0.0000E+00 0.0000E+00 1.5014E-07 1.5014E-07 0.0000E+00 0.0000E+00 1.5014E-07 3.00E-06 6.09E-06   0.647 1.0000 6.9293E-06   1162.073
13581.00 0.51244527 1.6190E-31 0.0000E+00 0.0000E+00 1.4737E-07 1.4737E-07 0.0000E+00 0.0000E+00 1.4737E-07 2.90E-06 6.02E-06   0.669 1.0000 6.8674E-06   1161.490
13591.00 0.53722084 1.4811E-31 0.0000E+00 0.0000E+00 1.5058E-07 1.5058E-07 0.0000E+00 0.0000E+00 1.5058E-07 3.03E-06 6.01E-06   0.621 1.0000 6.8280E-06   1163.684
13601.00 0.52440280 1.4295E-31 0.0000E+00 0.0000E+00 1.5062E-07 1.5062E-07 0.0000E+00 0.0000E+00 1.5062E-07 2.99E-06 6.08E-06   0.645 1.0000 6.9178E-06   1164.404
13611.00 0.52474785 1.3566E-31 0.0000E+00 0.0000E+00 1.5230E-07 1.5230E-07 0.0000E+00 0.0000E+00 1.5230E-07 3.03E-06 6.13E-06   0.645 1.0000 6.9838E-06   1165.878
13621.00 0.56231123 1.2177E-31 0.0000E+00 0.0000E+00 1.5900E-07 1.5900E-07 0.0000E+00 0.0000E+00 1.5900E-07 3.27E-06 6.19E-06   0.576 1.0000 7.0039E-06   1169.581
13631.00 0.49872255 1.2606E-31 0.0000E+00 0.0000E+00 1.4702E-07 1.4702E-07 0.0000E+00 0.0000E+00 1.4702E-07 2.85E-06 6.04E-06   0.696 1.0000 6.9291E-06   1164.838
13641.00 0.50611836 1.2012E-31 0.0000E+00 0.0000E+00 1.4644E-07 1.4644E-07 0.0000E+00 0.0000E+00 1.4644E-07 2.84E-06 5.96E-06   0.681 1.0000 6.8141E-06   1165.267
13651.00 0.51595926 1.1215E-31 0.0000E+00 0.0000E+00 1.4813E-07 1.4813E-07 0.0000E+00 0.0000E+00 1.4813E-07 2.90E-06 5.97E-06   0.662 1.0000 6.8293E-06   1166.763
13661.00 0.41687739 1.1886E-31 0.0000E+00 0.0000E+00 1.3286E-07 1.3286E-07 0.0000E+00 0.0000E+00 1.3286E-07 2.33E-06 5.90E-06   0.875 1.0000 6.9146E-06   1159.972
13671.00 0.39239120 1.1894E-31 0.0000E+00 0.0000E+00 1.2901E-07 1.2901E-07 0.0000E+00 0.0000E+00 1.2901E-07 2.15E-06 5.85E-06   0.935 1.0000 6.8594E-06   1158.659
13681.00 0.42015836 1.0853E-31 0.0000E+00 0.0000E+00 1.3084E-07 1.3084E-07 0.0000E+00 0.0000E+00 1.3084E-07 2.28E-06 5.75E-06   0.867 1.0000 6.7477E-06   1160.319
13691.00 0.36842111 1.0853E-31 0.0000E+00 0.0000E+00 1.2557E-07 1.2557E-07 0.0000E+00 0.0000E+00 1.2557E-07 2.03E-06 5.82E-06   0.999 1.0000 6.9298E-06   1158.213
13701.00 0.43470585 9.7508E-32 0.0000E+00 0.0000E+00 1.3736E-07 1.3736E-07 0.0000E+00 0.0000E+00 1.3736E-07 2.42E-06 5.93E-06   0.833 1.0000 6.8895E-06   1165.055
13711.00 0.33087757 1.0095E-31 0.0000E+00 0.0000E+00 1.1296E-07 1.1296E-07 0.0000E+00 0.0000E+00 1.1296E-07 1.71E-06 5.45E-06   1.106 1.0000 6.5819E-06   1152.434
13721.00 0.45796943 8.4118E-32 0.0000E+00 0.0000E+00 1.3574E-07 1.3574E-07 0.0000E+00 0.0000E+00 1.3574E-07 2.48E-06 5.69E-06   0.781 1.0000 6.6556E-06   1165.639
13731.00 0.40209752 8.5633E-32 0.0000E+00 0.0000E+00 1.3045E-07 1.3045E-07 0.0000E+00 0.0000E+00 1.3045E-07 2.20E-06 5.81E-06   0.911 1.0000 6.8519E-06   1163.603
13741.00 0.29851434 8.6766E-32 0.0000E+00 0.0000E+00 1.1119E-07 1.1119E-07 0.0000E+00 0.0000E+00 1.1119E-07 1.61E-06 5.60E-06   1.209 1.0000 6.8890E-06   1153.451
13751.00 0.42537558 7.6018E-32 0.0000E+00 0.0000E+00 1.3752E-07 1.3752E-07 0.0000E+00 0.0000E+00 1.3752E-07 2.38E-06 5.93E-06   0.855 1.0000 6.9714E-06   1168.634
13761.00 0.35463858 7.5927E-32 0.0000E+00 0.0000E+00 1.2269E-07 1.2269E-07 0.0000E+00 0.0000E+00 1.2269E-07 1.94E-06 5.69E-06   1.037 1.0000 6.9003E-06   1161.503
13771.00 0.37908524 7.3594E-32 0.0000E+00 0.0000E+00 1.2831E-07 1.2831E-07 0.0000E+00 0.0000E+00 1.2831E-07 2.05E-06 5.79E-06   0.970 1.0000 6.8340E-06   1165.261
13781.00 0.35925376 6.6490E-32 0.0000E+00 0.0000E+00 1.2286E-07 1.2286E-07 0.0000E+00 0.0000E+00 1.2286E-07 1.98E-06 5.69E-06   1.024 1.0000 6.9166E-06   1162.989
13791.00 0.38093409 6.4386E-32 0.0000E+00 0.0000E+00 1.2814E-07 1.2814E-07 0.0000E+00 0.0000E+00 1.2814E-07 2.09E-06 5.76E-06   0.965 1.0000 6.8767E-06   1166.565
13801.00 0.35658306 6.1038E-32 0.0000E+00 0.0000E+00 1.2260E-07 1.2260E-07 0.0000E+00 0.0000E+00 1.2260E-07 1.95E-06 5.62E-06   1.031 1.0000 6.8804E-06   1164.232
13811.00 0.37928307 5.6813E-32 0.0000E+00 0.0000E+00 1.2718E-07 1.2718E-07 0.0000E+00 0.0000E+00 1.2718E-07 2.09E-06 5.69E-06   0.969 1.0000 6.8949E-06   1167.442
13821.00 0.32592592 5.5956E-32 0.0000E+00 0.0000E+00 1.1764E-07 1.1764E-07 0.0000E+00 0.0000E+00 1.1764E-07 1.79E-06 5.62E-06   1.121 1.0000 6.9471E-06   1162.808
13831.00 0.45985824 4.8917E-32 0.0000E+00 0.0000E+00 1.4318E-07 1.4318E-07 0.0000E+00 0.0000E+00 1.4318E-07 2.55E-06 5.89E-06   0.777 1.0000 6.8800E-06   1177.026
13841.00 0.49007046 4.4672E-32 0.0000E+00 0.0000E+00 1.4394E-07 1.4394E-07 0.0000E+00 0.0000E+00 1.4394E-07 2.66E-06 5.73E-06   0.713 1.0000 6.6572E-06   1178.094
13851.00 0.48023412 4.3763E-32 0.0000E+00 0.0000E+00 1.4737E-07 1.4737E-07 0.0000E+00 0.0000E+00 1.4737E-07 2.66E-06 5.93E-06   0.733 1.0000 6.8689E-06   1180.440
13861.00 0.48693982 4.1228E-32 0.0000E+00 0.0000E+00 1.4825E-07 1.4825E-07 0.0000E+00 0.0000E+00 1.4825E-07 2.70E-06 5.91E-06   0.720 1.0000 6.8448E-06   1181.555
13871.00 0.37867740 4.2744E-32 0.0000E+00 0.0000E+00 1.2306E-07 1.2306E-07 0.0000E+00 0.0000E+00 1.2306E-07 1.98E-06 5.45E-06   0.971 1.0000 6.6067E-06   1169.356
13881.00 0.29150930 4.2479E-32 0.0000E+00 0.0000E+00 1.0997E-07 1.0997E-07 0.0000E+00 0.0000E+00 1.0997E-07 1.54E-06 5.41E-06   1.233 1.0000 6.8443E-06   1162.390
13891.00 0.31063804 4.0901E-32 0.0000E+00 0.0000E+00 1.1425E-07 1.1425E-07 0.0000E+00 0.0000E+00 1.1425E-07 1.63E-06 5.49E-06   1.169 1.0000 6.7708E-06   1165.671
13901.00 0.30781141 3.7775E-32 0.0000E+00 0.0000E+00 1.0956E-07 1.0956E-07 0.0000E+00 0.0000E+00 1.0956E-07 1.59E-06 5.32E-06   1.178 1.0000 6.6271E-06   1163.519
13911.00 0.28124541 3.5523E-32 0.0000E+00 0.0000E+00 1.0311E-07 1.0311E-07 0.0000E+00 0.0000E+00 1.0311E-07 1.45E-06 5.16E-06   1.269 1.0000 6.5880E-06   1160.117
13921.00 0.35478988 3.3671E-32 0.0000E+00 0.0000E+00 1.2053E-07 1.2053E-07 0.0000E+00 0.0000E+00 1.2053E-07 1.86E-06 5.44E-06   1.036 1.0000 6.6696E-06   1171.402
13931.00 0.32065165 3.2643E-32 0.0000E+00 0.0000E+00 1.1645E-07 1.1645E-07 0.0000E+00 0.0000E+00 1.1645E-07 1.70E-06 5.53E-06   1.137 1.0000 6.7975E-06   1169.744
13941.00 0.32231450 3.1787E-32 0.0000E+00 0.0000E+00 1.2063E-07 1.2063E-07 0.0000E+00 0.0000E+00 1.2063E-07 1.74E-06 5.70E-06   1.132 1.0000 6.9216E-06   1172.851
13951.00 0.40667471 2.9302E-32 0.0000E+00 0.0000E+00 1.3248E-07 1.3248E-07 0.0000E+00 0.0000E+00 1.3248E-07 2.13E-06 5.65E-06   0.900 1.0000 6.6387E-06   1180.010
13961.00 0.51183856 2.4375E-32 0.0000E+00 0.0000E+00 1.5422E-07 1.5422E-07 0.0000E+00 0.0000E+00 1.5422E-07 2.83E-06 5.92E-06   0.670 1.0000 6.8145E-06   1191.344
13971.00 0.53691471 2.2173E-32 0.0000E+00 0.0000E+00 1.5879E-07 1.5879E-07 0.0000E+00 0.0000E+00 1.5879E-07 2.99E-06 5.96E-06   0.622 1.0000 6.8419E-06   1194.116
13981.00 0.52282500 2.1617E-32 0.0000E+00 0.0000E+00 1.5241E-07 1.5241E-07 0.0000E+00 0.0000E+00 1.5241E-07 2.82E-06 5.78E-06   0.649 1.0000 6.6525E-06   1191.914
13991.00 0.54506457 1.9709E-32 0.0000E+00 0.0000E+00 1.5704E-07 1.5704E-07 0.0000E+00 0.0000E+00 1.5704E-07 2.98E-06 5.83E-06   0.607 1.0000 6.6990E-06   1194.733
14001.00 0.55425698 1.8426E-32 0.0000E+00 0.0000E+00 1.6326E-07 1.6326E-07 0.0000E+00 0.0000E+00 1.6326E-07 3.12E-06 6.01E-06   0.590 1.0000 6.8966E-06   1198.196
14011.00 0.56343150 1.7190E-32 0.0000E+00 0.0000E+00 1.6399E-07 1.6399E-07 0.0000E+00 0.0000E+00 1.6399E-07 3.16E-06 5.98E-06   0.574 1.0000 6.8603E-06   1199.217
14021.00 0.55113024 1.6833E-32 0.0000E+00 0.0000E+00 1.5885E-07 1.5885E-07 0.0000E+00 0.0000E+00 1.5885E-07 3.01E-06 5.84E-06   0.596 1.0000 6.7046E-06   1197.653
14031.00 0.56786323 1.5445E-32 0.0000E+00 0.0000E+00 1.6392E-07 1.6392E-07 0.0000E+00 0.0000E+00 1.6392E-07 3.16E-06 5.94E-06   0.566 1.0000 6.8054E-06   1200.594
14041.00 0.56528664 1.4721E-32 0.0000E+00 0.0000E+00 1.6339E-07 1.6339E-07 0.0000E+00 0.0000E+00 1.6339E-07 3.14E-06 5.92E-06   0.570 1.0000 6.7943E-06   1201.063
14051.00 0.56887442 1.3910E-32 0.0000E+00 0.0000E+00 1.6398E-07 1.6398E-07 0.0000E+00 0.0000E+00 1.6398E-07 3.16E-06 5.92E-06   0.564 1.0000 6.7860E-06   1202.027
14061.00 0.55803758 1.3558E-32 0.0000E+00 0.0000E+00 1.6300E-07 1.6300E-07 0.0000E+00 0.0000E+00 1.6300E-07 3.09E-06 5.92E-06   0.583 1.0000 6.8011E-06   1202.301
14071.00 0.55340767 1.3016E-32 0.0000E+00 0.0000E+00 1.6519E-07 1.6519E-07 0.0000E+00 0.0000E+00 1.6519E-07 3.11E-06 6.02E-06   0.592 1.0000 6.9130E-06   1203.957
14081.00 0.54790527 1.2538E-32 0.0000E+00 0.0000E+00 1.6483E-07 1.6483E-07 0.0000E+00 0.0000E+00 1.6483E-07 3.08E-06 6.02E-06   0.602 1.0000 6.9222E-06   1204.502
14091.00 0.55642718 1.1706E-32 0.0000E+00 0.0000E+00 1.6458E-07 1.6458E-07 0.0000E+00 0.0000E+00 1.6458E-07 3.10E-06 5.96E-06   0.586 1.0000 6.8480E-06   1205.095
14101.00 0.55019826 1.1241E-32 0.0000E+00 0.0000E+00 1.6181E-07 1.6181E-07 0.0000E+00 0.0000E+00 1.6181E-07 3.03E-06 5.88E-06   0.597 1.0000 6.7686E-06   1204.585
14111.00 0.56199646 1.0439E-32 0.0000E+00 0.0000E+00 1.6310E-07 1.6310E-07 0.0000E+00 0.0000E+00 1.6310E-07 3.09E-06 5.86E-06   0.576 1.0000 6.7405E-06   1205.853
14121.00 0.53209734 1.0527E-32 0.0000E+00 0.0000E+00 1.6336E-07 1.6336E-07 0.0000E+00 0.0000E+00 1.6336E-07 2.98E-06 6.01E-06   0.631 1.0000 6.9338E-06   1206.672
14131.00 0.53857589 9.9263E-33 0.0000E+00 0.0000E+00 1.6415E-07 1.6415E-07 0.0000E+00 0.0000E+00 1.6415E-07 3.01E-06 5.99E-06   0.619 1.0000 6.9114E-06   1207.722
14141.00 0.55051160 9.2027E-33 0.0000E+00 0.0000E+00 1.6034E-07 1.6034E-07 0.0000E+00 0.0000E+00 1.6034E-07 2.98E-06 5.79E-06   0.597 1.0000 6.6690E-06   1206.737
14151.00 0.52839011 9.0946E-33 0.0000E+00 0.0000E+00 1.6101E-07 1.6101E-07 0.0000E+00 0.0000E+00 1.6101E-07 2.92E-06 5.91E-06   0.638 1.0000 6.8364E-06   1207.738
14161.00 0.53038454 8.6088E-33 0.0000E+00 0.0000E+00 1.6126E-07 1.6126E-07 0.0000E+00 0.0000E+00 1.6126E-07 2.92E-06 5.90E-06   0.634 1.0000 6.8263E-06   1208.551
14171.00 0.51999032 8.2973E-33 0.0000E+00 0.0000E+00 1.5953E-07 1.5953E-07 0.0000E+00 0.0000E+00 1.5953E-07 2.86E-06 5.89E-06   0.654 1.0000 6.8218E-06   1208.481
14181.00 0.51276648 8.0005E-33 0.0000E+00 0.0000E+00 1.6081E-07 1.6081E-07 0.0000E+00 0.0000E+00 1.6081E-07 2.86E-06 5.96E-06   0.668 1.0000 6.9162E-06   1209.754
14191.00 0.54627395 7.2101E-33 0.0000E+00 0.0000E+00 1.6627E-07 1.6627E-07 0.0000E+00 0.0000E+00 1.6627E-07 3.05E-06 5.98E-06   0.605 1.0000 6.9005E-06   1212.859
14201.00 0.49935049 7.2848E-33 0.0000E+00 0.0000E+00 1.5599E-07 1.5599E-07 0.0000E+00 0.0000E+00 1.5599E-07 2.73E-06 5.84E-06   0.694 1.0000 6.8083E-06   1208.975
14211.00 0.55481648 6.3521E-33 0.0000E+00 0.0000E+00 1.6529E-07 1.6529E-07 0.0000E+00 0.0000E+00 1.6529E-07 3.07E-06 5.88E-06   0.589 1.0000 6.7993E-06   1213.833
14221.00 0.52033359 6.3835E-33 0.0000E+00 0.0000E+00 1.5975E-07 1.5975E-07 0.0000E+00 0.0000E+00 1.5975E-07 2.85E-06 5.85E-06   0.653 1.0000 6.7995E-06   1212.083
14231.00 0.47859123 6.4603E-33 0.0000E+00 0.0000E+00 1.5030E-07 1.5030E-07 0.0000E+00 0.0000E+00 1.5030E-07 2.56E-06 5.71E-06   0.737 1.0000 6.6909E-06   1208.419
14241.00 0.49960443 6.0121E-33 0.0000E+00 0.0000E+00 1.5555E-07 1.5555E-07 0.0000E+00 0.0000E+00 1.5555E-07 2.70E-06 5.77E-06   0.694 1.0000 6.7352E-06   1211.576
14251.00 0.48346969 5.8371E-33 0.0000E+00 0.0000E+00 1.4965E-07 1.4965E-07 0.0000E+00 0.0000E+00 1.4965E-07 2.55E-06 5.62E-06   0.727 1.0000 6.5845E-06   1209.509
14261.00 0.49978700 5.4692E-33 0.0000E+00 0.0000E+00 1.5658E-07 1.5658E-07 0.0000E+00 0.0000E+00 1.5658E-07 2.70E-06 5.80E-06   0.694 1.0000 6.7582E-06   1213.449
14271.00 0.45953351 5.4774E-33 0.0000E+00 0.0000E+00 1.4885E-07 1.4885E-07 0.0000E+00 0.0000E+00 1.4885E-07 2.45E-06 5.71E-06   0.778 1.0000 6.7184E-06   1210.525
14281.00 0.50123423 4.8755E-33 0.0000E+00 0.0000E+00 1.5587E-07 1.5587E-07 0.0000E+00 0.0000E+00 1.5587E-07 2.70E-06 5.75E-06   0.691 1.0000 6.7221E-06   1214.520
 -9999.
