T F 2    2    2    0    2    2    2    2    2    2    1    0    0   0.0000.00000
    1    1    1    0    0    0   5.00000   0.00000   0.00000   0.00000   0.00000
 -99.000 -99.000 -99.000
 -99.00000 -99.00000 -99.00000  2.922360  0.000710 ! H2O & O3 COLUMNS [GM/CM2]
   36MID-LATITUDE SUMMER 
   5.00000   3.00000  93.41497  35.00078   0.31405   0.00000    0        0.00000
    0    0  172    0
   0.00000   0.00000   0.00000  20.00337   0.00000 180.00000   0.00000   0.00000
    9091.0   14286.0      10.0      10.0NW              
    0   0    0.000  0    0.000  0    1.000
    FREQ  TOT_TRANS  PTH_THRML  THRML_SCT  SURF_EMIS   SOL_SCAT  SING_SCAT  GRND_RFLT  DRCT_RFLT  TOTAL_RAD  REF_SOL  SOL@OBS   DEPTH DIR_EM    TOA_SUN BBODY_T[K]
 9091.00 0.52199209 7.7563E-22 0.0000E+00 0.0000E+00 8.1461E-08 8.1461E-08 0.0000E+00 0.0000E+00 8.1461E-08 3.43E-06 6.67E-06   0.650 1.0000 6.9214E-06    806.810
 9101.00 0.56340080 6.9287E-22 0.0000E+00 0.0000E+00 8.3300E-08 8.3300E-08 0.0000E+00 0.0000E+00 8.3300E-08 3.62E-06 6.56E-06   0.574 1.0000 6.7529E-06    808.646
 9111.00 0.62964094 5.7232E-22 0.0000E+00 0.0000E+00 8.9046E-08 8.9046E-08 0.0000E+00 0.0000E+00 8.9046E-08 4.09E-06 6.61E-06   0.463 1.0000 6.7702E-06    812.717
 9121.00 0.62866884 5.4145E-22 0.0000E+00 0.0000E+00 8.8982E-08 8.8982E-08 0.0000E+00 0.0000E+00 8.8982E-08 4.07E-06 6.59E-06   0.464 1.0000 6.7570E-06    813.407
 9131.00 0.61351430 5.3681E-22 0.0000E+00 0.0000E+00 8.7567E-08 8.7567E-08 0.0000E+00 0.0000E+00 8.7567E-08 3.95E-06 6.55E-06   0.489 1.0000 6.7175E-06    813.325
 9141.00 0.67726177 4.4337E-22 0.0000E+00 0.0000E+00 8.9227E-08 8.9227E-08 0.0000E+00 0.0000E+00 8.9227E-08 4.19E-06 6.31E-06   0.390 1.0000 6.4440E-06    814.998
 9151.00 0.62641120 4.6442E-22 0.0000E+00 0.0000E+00 9.0559E-08 9.0559E-08 0.0000E+00 0.0000E+00 9.0559E-08 4.12E-06 6.67E-06   0.468 1.0000 6.8615E-06    816.473
 9161.00 0.73909301 3.3419E-22 0.0000E+00 0.0000E+00 1.0157E-07 1.0157E-07 0.0000E+00 0.0000E+00 1.0157E-07 4.96E-06 6.82E-06   0.302 1.0000 6.9345E-06    823.055
 9171.00 0.66695768 3.8465E-22 0.0000E+00 0.0000E+00 9.6374E-08 9.6374E-08 0.0000E+00 0.0000E+00 9.6374E-08 4.49E-06 6.83E-06   0.405 1.0000 6.9883E-06    821.092
 9181.00 0.69242597 3.4867E-22 0.0000E+00 0.0000E+00 9.7469E-08 9.7469E-08 0.0000E+00 0.0000E+00 9.7469E-08 4.58E-06 6.74E-06   0.368 1.0000 6.8738E-06    822.399
 9191.00 0.73046654 2.9776E-22 0.0000E+00 0.0000E+00 1.0065E-07 1.0065E-07 0.0000E+00 0.0000E+00 1.0065E-07 4.84E-06 6.74E-06   0.314 1.0000 6.8531E-06    824.775
 9201.00 0.68490130 3.1980E-22 0.0000E+00 0.0000E+00 9.5947E-08 9.5947E-08 0.0000E+00 0.0000E+00 9.5947E-08 4.47E-06 6.63E-06   0.378 1.0000 6.7792E-06    823.050
 9211.00 0.69063759 3.0042E-22 0.0000E+00 0.0000E+00 1.0021E-07 1.0021E-07 0.0000E+00 0.0000E+00 1.0021E-07 4.68E-06 6.88E-06   0.370 1.0000 7.0277E-06    826.012
 9221.00 0.71106321 2.7276E-22 0.0000E+00 0.0000E+00 1.0161E-07 1.0161E-07 0.0000E+00 0.0000E+00 1.0161E-07 4.78E-06 6.84E-06   0.341 1.0000 6.9689E-06    827.453
 9231.00 0.71465462 2.5425E-22 0.0000E+00 0.0000E+00 9.9297E-08 9.9297E-08 0.0000E+00 0.0000E+00 9.9297E-08 4.68E-06 6.67E-06   0.336 1.0000 6.7955E-06    826.995
 9241.00 0.74099582 2.2453E-22 0.0000E+00 0.0000E+00 1.0179E-07 1.0179E-07 0.0000E+00 0.0000E+00 1.0179E-07 4.86E-06 6.67E-06   0.300 1.0000 6.7842E-06    829.002
 9251.00 0.71574992 2.3071E-22 0.0000E+00 0.0000E+00 1.0171E-07 1.0171E-07 0.0000E+00 0.0000E+00 1.0171E-07 4.77E-06 6.77E-06   0.334 1.0000 6.9007E-06    829.695
 9261.00 0.73100019 2.0950E-22 0.0000E+00 0.0000E+00 1.0457E-07 1.0457E-07 0.0000E+00 0.0000E+00 1.0457E-07 4.94E-06 6.87E-06   0.313 1.0000 6.9947E-06    831.857
 9271.00 0.75060833 1.8798E-22 0.0000E+00 0.0000E+00 1.0477E-07 1.0477E-07 0.0000E+00 0.0000E+00 1.0477E-07 4.99E-06 6.76E-06   0.287 1.0000 6.8762E-06    832.689
 9281.00 0.71018249 2.0263E-22 0.0000E+00 0.0000E+00 1.0399E-07 1.0399E-07 0.0000E+00 0.0000E+00 1.0399E-07 4.82E-06 6.90E-06   0.342 1.0000 7.0330E-06    833.032
 9291.00 0.75345957 1.6878E-22 0.0000E+00 0.0000E+00 1.0765E-07 1.0765E-07 0.0000E+00 0.0000E+00 1.0765E-07 5.11E-06 6.90E-06   0.283 1.0000 7.0135E-06    835.564
 9301.00 0.73408115 1.7070E-22 0.0000E+00 0.0000E+00 1.0399E-07 1.0399E-07 0.0000E+00 0.0000E+00 1.0399E-07 4.86E-06 6.74E-06   0.309 1.0000 6.8637E-06    834.490
 9311.00 0.74352080 1.5789E-22 0.0000E+00 0.0000E+00 1.0689E-07 1.0689E-07 0.0000E+00 0.0000E+00 1.0689E-07 5.02E-06 6.86E-06   0.296 1.0000 6.9849E-06    836.652
 9321.00 0.73511374 1.5515E-22 0.0000E+00 0.0000E+00 1.0501E-07 1.0501E-07 0.0000E+00 0.0000E+00 1.0501E-07 4.88E-06 6.76E-06   0.308 1.0000 6.8861E-06    836.455
 9331.00 0.73624998 1.4722E-22 0.0000E+00 0.0000E+00 1.0722E-07 1.0722E-07 0.0000E+00 0.0000E+00 1.0722E-07 4.97E-06 6.88E-06   0.306 1.0000 7.0103E-06    838.276
 9341.00 0.73415536 1.4080E-22 0.0000E+00 0.0000E+00 1.0678E-07 1.0678E-07 0.0000E+00 0.0000E+00 1.0678E-07 4.93E-06 6.84E-06   0.309 1.0000 6.9794E-06    838.790
 9351.00 0.72325522 1.3898E-22 0.0000E+00 0.0000E+00 1.0196E-07 1.0196E-07 0.0000E+00 0.0000E+00 1.0196E-07 4.66E-06 6.57E-06   0.324 1.0000 6.7060E-06    837.104
 9361.00 0.72562790 1.3099E-22 0.0000E+00 0.0000E+00 1.0543E-07 1.0543E-07 0.0000E+00 0.0000E+00 1.0543E-07 4.82E-06 6.77E-06   0.321 1.0000 6.9146E-06    839.580
 9371.00 0.72169042 1.2633E-22 0.0000E+00 0.0000E+00 1.0676E-07 1.0676E-07 0.0000E+00 0.0000E+00 1.0676E-07 4.85E-06 6.85E-06   0.326 1.0000 7.0062E-06    840.969
 9381.00 0.72373843 1.1939E-22 0.0000E+00 0.0000E+00 1.0668E-07 1.0668E-07 0.0000E+00 0.0000E+00 1.0668E-07 4.84E-06 6.82E-06   0.323 1.0000 6.9727E-06    841.657
 9391.00 0.72082651 1.1485E-22 0.0000E+00 0.0000E+00 1.0859E-07 1.0859E-07 0.0000E+00 0.0000E+00 1.0859E-07 4.90E-06 6.94E-06   0.327 1.0000 7.0927E-06    843.318
 9401.00 0.72647488 1.0732E-22 0.0000E+00 0.0000E+00 1.0855E-07 1.0855E-07 0.0000E+00 0.0000E+00 1.0855E-07 4.91E-06 6.89E-06   0.320 1.0000 7.0394E-06    844.033
 9411.00 0.72648185 1.0231E-22 0.0000E+00 0.0000E+00 1.0865E-07 1.0865E-07 0.0000E+00 0.0000E+00 1.0865E-07 4.90E-06 6.87E-06   0.320 1.0000 7.0221E-06    844.811
 9421.00 0.73133421 9.5833E-23 0.0000E+00 0.0000E+00 1.0911E-07 1.0911E-07 0.0000E+00 0.0000E+00 1.0911E-07 4.92E-06 6.86E-06   0.313 1.0000 7.0055E-06    845.762
 9431.00 0.73323560 9.0682E-23 0.0000E+00 0.0000E+00 1.0900E-07 1.0900E-07 0.0000E+00 0.0000E+00 1.0900E-07 4.91E-06 6.83E-06   0.310 1.0000 6.9676E-06    846.438
 9441.00 0.73496324 8.5876E-23 0.0000E+00 0.0000E+00 1.0915E-07 1.0915E-07 0.0000E+00 0.0000E+00 1.0915E-07 4.91E-06 6.81E-06   0.308 1.0000 6.9484E-06    847.242
 9451.00 0.73816580 8.0928E-23 0.0000E+00 0.0000E+00 1.1017E-07 1.1017E-07 0.0000E+00 0.0000E+00 1.1017E-07 4.96E-06 6.84E-06   0.304 1.0000 6.9764E-06    848.460
 9461.00 0.74211401 7.6050E-23 0.0000E+00 0.0000E+00 1.1257E-07 1.1257E-07 0.0000E+00 0.0000E+00 1.1257E-07 5.07E-06 6.95E-06   0.298 1.0000 7.0891E-06    850.332
 9471.00 0.74538493 7.1630E-23 0.0000E+00 0.0000E+00 1.1315E-07 1.1315E-07 0.0000E+00 0.0000E+00 1.1315E-07 5.10E-06 6.96E-06   0.294 1.0000 7.0904E-06    851.339
 9481.00 0.74839586 6.7504E-23 0.0000E+00 0.0000E+00 1.1360E-07 1.1360E-07 0.0000E+00 0.0000E+00 1.1360E-07 5.12E-06 6.96E-06   0.290 1.0000 7.0848E-06    852.278
 9491.00 0.75076377 6.3748E-23 0.0000E+00 0.0000E+00 1.1313E-07 1.1313E-07 0.0000E+00 0.0000E+00 1.1313E-07 5.09E-06 6.90E-06   0.287 1.0000 7.0271E-06    852.790
 9501.00 0.75206608 6.0431E-23 0.0000E+00 0.0000E+00 1.1413E-07 1.1413E-07 0.0000E+00 0.0000E+00 1.1413E-07 5.13E-06 6.94E-06   0.285 1.0000 7.0663E-06    853.989
 9511.00 0.75350082 5.7266E-23 0.0000E+00 0.0000E+00 1.1462E-07 1.1462E-07 0.0000E+00 0.0000E+00 1.1462E-07 5.15E-06 6.95E-06   0.283 1.0000 7.0729E-06    854.949
 9521.00 0.75463384 5.4298E-23 0.0000E+00 0.0000E+00 1.1489E-07 1.1489E-07 0.0000E+00 0.0000E+00 1.1489E-07 5.15E-06 6.95E-06   0.282 1.0000 7.0689E-06    855.804
 9531.00 0.75508255 5.1622E-23 0.0000E+00 0.0000E+00 1.1541E-07 1.1541E-07 0.0000E+00 0.0000E+00 1.1541E-07 5.17E-06 6.96E-06   0.281 1.0000 7.0837E-06    856.776
 9541.00 0.75673693 4.8881E-23 0.0000E+00 0.0000E+00 1.1586E-07 1.1586E-07 0.0000E+00 0.0000E+00 1.1586E-07 5.18E-06 6.96E-06   0.279 1.0000 7.0847E-06    857.716
 9551.00 0.75708932 4.6490E-23 0.0000E+00 0.0000E+00 1.1505E-07 1.1505E-07 0.0000E+00 0.0000E+00 1.1505E-07 5.14E-06 6.90E-06   0.278 1.0000 7.0183E-06    858.071
 9561.00 0.75737786 4.4219E-23 0.0000E+00 0.0000E+00 1.1410E-07 1.1410E-07 0.0000E+00 0.0000E+00 1.1410E-07 5.08E-06 6.83E-06   0.278 1.0000 6.9440E-06    858.354
 9571.00 0.75738281 4.2108E-23 0.0000E+00 0.0000E+00 1.1647E-07 1.1647E-07 0.0000E+00 0.0000E+00 1.1647E-07 5.18E-06 6.95E-06   0.278 1.0000 7.0733E-06    860.188
 9581.00 0.75773102 4.0040E-23 0.0000E+00 0.0000E+00 1.1691E-07 1.1691E-07 0.0000E+00 0.0000E+00 1.1691E-07 5.19E-06 6.96E-06   0.277 1.0000 7.0833E-06    861.119
 9591.00 0.75732249 3.8185E-23 0.0000E+00 0.0000E+00 1.1633E-07 1.1633E-07 0.0000E+00 0.0000E+00 1.1633E-07 5.15E-06 6.92E-06   0.278 1.0000 7.0362E-06    861.585
 9601.00 0.75667238 3.6449E-23 0.0000E+00 0.0000E+00 1.1758E-07 1.1758E-07 0.0000E+00 0.0000E+00 1.1758E-07 5.19E-06 6.98E-06   0.279 1.0000 7.1006E-06    862.890
 9611.00 0.75696462 3.4665E-23 0.0000E+00 0.0000E+00 1.1715E-07 1.1715E-07 0.0000E+00 0.0000E+00 1.1715E-07 5.17E-06 6.94E-06   0.278 1.0000 7.0589E-06    863.421
 9621.00 0.75670099 3.3035E-23 0.0000E+00 0.0000E+00 1.1729E-07 1.1729E-07 0.0000E+00 0.0000E+00 1.1729E-07 5.16E-06 6.94E-06   0.279 1.0000 7.0542E-06    864.214
 9631.00 0.75642431 3.1490E-23 0.0000E+00 0.0000E+00 1.1743E-07 1.1743E-07 0.0000E+00 0.0000E+00 1.1743E-07 5.16E-06 6.93E-06   0.279 1.0000 7.0494E-06    865.009
 9641.00 0.75589561 3.0038E-23 0.0000E+00 0.0000E+00 1.1684E-07 1.1684E-07 0.0000E+00 0.0000E+00 1.1684E-07 5.12E-06 6.89E-06   0.280 1.0000 7.0036E-06    865.471
 9651.00 0.75548851 2.8648E-23 0.0000E+00 0.0000E+00 1.1884E-07 1.1884E-07 0.0000E+00 0.0000E+00 1.1884E-07 5.19E-06 6.99E-06   0.280 1.0000 7.1097E-06    867.115
 9661.00 0.75629348 2.7192E-23 0.0000E+00 0.0000E+00 1.1774E-07 1.1774E-07 0.0000E+00 0.0000E+00 1.1774E-07 5.14E-06 6.91E-06   0.279 1.0000 7.0258E-06    867.344
 9671.00 0.75497639 2.6019E-23 0.0000E+00 0.0000E+00 1.1790E-07 1.1790E-07 0.0000E+00 0.0000E+00 1.1790E-07 5.13E-06 6.91E-06   0.281 1.0000 7.0276E-06    868.146
 9681.00 0.75480223 2.4794E-23 0.0000E+00 0.0000E+00 1.1779E-07 1.1779E-07 0.0000E+00 0.0000E+00 1.1779E-07 5.11E-06 6.89E-06   0.281 1.0000 7.0080E-06    868.827
 9691.00 0.75323862 2.3737E-23 0.0000E+00 0.0000E+00 1.1958E-07 1.1958E-07 0.0000E+00 0.0000E+00 1.1958E-07 5.17E-06 6.99E-06   0.283 1.0000 7.1079E-06    870.371
 9701.00 0.75201219 2.2713E-23 0.0000E+00 0.0000E+00 1.1954E-07 1.1954E-07 0.0000E+00 0.0000E+00 1.1954E-07 5.16E-06 6.98E-06   0.285 1.0000 7.0980E-06    871.086
 9711.00 0.75206262 2.1617E-23 0.0000E+00 0.0000E+00 1.1953E-07 1.1953E-07 0.0000E+00 0.0000E+00 1.1953E-07 5.15E-06 6.96E-06   0.285 1.0000 7.0827E-06    871.808
 9721.00 0.74675620 2.0988E-23 0.0000E+00 0.0000E+00 1.1940E-07 1.1940E-07 0.0000E+00 0.0000E+00 1.1940E-07 5.11E-06 6.97E-06   0.292 1.0000 7.0883E-06    872.480
 9731.00 0.74158275 2.0339E-23 0.0000E+00 0.0000E+00 1.1985E-07 1.1985E-07 0.0000E+00 0.0000E+00 1.1985E-07 5.10E-06 7.00E-06   0.299 1.0000 7.1280E-06    873.413
 9741.00 0.74746877 1.8972E-23 0.0000E+00 0.0000E+00 1.2038E-07 1.2038E-07 0.0000E+00 0.0000E+00 1.2038E-07 5.14E-06 6.99E-06   0.291 1.0000 7.1148E-06    874.387
 9751.00 0.74627966 1.8146E-23 0.0000E+00 0.0000E+00 1.2070E-07 1.2070E-07 0.0000E+00 0.0000E+00 1.2070E-07 5.13E-06 7.00E-06   0.293 1.0000 7.1256E-06    875.261
 9761.00 0.74140656 1.7535E-23 0.0000E+00 0.0000E+00 1.2026E-07 1.2026E-07 0.0000E+00 0.0000E+00 1.2026E-07 5.09E-06 6.99E-06   0.299 1.0000 7.1121E-06    875.789
 9771.00 0.72942603 1.7425E-23 0.0000E+00 0.0000E+00 1.1963E-07 1.1963E-07 0.0000E+00 0.0000E+00 1.1963E-07 5.01E-06 7.00E-06   0.315 1.0000 7.1242E-06    876.234
 9781.00 0.74412489 1.5765E-23 0.0000E+00 0.0000E+00 1.1984E-07 1.1984E-07 0.0000E+00 0.0000E+00 1.1984E-07 5.06E-06 6.92E-06   0.296 1.0000 7.0450E-06    877.058
 9791.00 0.74357247 1.5054E-23 0.0000E+00 0.0000E+00 1.1994E-07 1.1994E-07 0.0000E+00 0.0000E+00 1.1994E-07 5.05E-06 6.92E-06   0.296 1.0000 7.0386E-06    877.833
 9801.00 0.74416298 1.4287E-23 0.0000E+00 0.0000E+00 1.2051E-07 1.2051E-07 0.0000E+00 0.0000E+00 1.2051E-07 5.07E-06 6.93E-06   0.295 1.0000 7.0554E-06    878.818
 9811.00 0.73082411 1.4242E-23 0.0000E+00 0.0000E+00 1.1824E-07 1.1824E-07 0.0000E+00 0.0000E+00 1.1824E-07 4.92E-06 6.85E-06   0.314 1.0000 6.9787E-06    878.510
 9821.00 0.74759299 1.2793E-23 0.0000E+00 0.0000E+00 1.2141E-07 1.2141E-07 0.0000E+00 0.0000E+00 1.2141E-07 5.10E-06 6.94E-06   0.291 1.0000 7.0623E-06    880.686
 9831.00 0.74115765 1.2468E-23 0.0000E+00 0.0000E+00 1.2133E-07 1.2133E-07 0.0000E+00 0.0000E+00 1.2133E-07 5.06E-06 6.95E-06   0.300 1.0000 7.0767E-06    881.378
 9841.00 0.74484998 1.1702E-23 0.0000E+00 0.0000E+00 1.2151E-07 1.2151E-07 0.0000E+00 0.0000E+00 1.2151E-07 5.07E-06 6.93E-06   0.295 1.0000 7.0554E-06    882.191
 9851.00 0.73822820 1.1402E-23 0.0000E+00 0.0000E+00 1.2109E-07 1.2109E-07 0.0000E+00 0.0000E+00 1.2109E-07 5.02E-06 6.93E-06   0.304 1.0000 7.0514E-06    882.728
 9861.00 0.74149889 1.0748E-23 0.0000E+00 0.0000E+00 1.2254E-07 1.2254E-07 0.0000E+00 0.0000E+00 1.2254E-07 5.08E-06 6.98E-06   0.299 1.0000 7.1034E-06    884.111
 9871.00 0.74248785 1.0185E-23 0.0000E+00 0.0000E+00 1.2298E-07 1.2298E-07 0.0000E+00 0.0000E+00 1.2298E-07 5.09E-06 6.98E-06   0.298 1.0000 7.1106E-06    885.037
 9881.00 0.73233223 1.0039E-23 0.0000E+00 0.0000E+00 1.2231E-07 1.2231E-07 0.0000E+00 0.0000E+00 1.2231E-07 5.02E-06 6.98E-06   0.312 1.0000 7.1125E-06    885.465
 9891.00 0.73939574 9.3356E-24 0.0000E+00 0.0000E+00 1.2326E-07 1.2326E-07 0.0000E+00 0.0000E+00 1.2326E-07 5.07E-06 6.99E-06   0.302 1.0000 7.1147E-06    886.619
 9901.00 0.71779162 9.5278E-24 0.0000E+00 0.0000E+00 1.2172E-07 1.2172E-07 0.0000E+00 0.0000E+00 1.2172E-07 4.93E-06 6.99E-06   0.332 1.0000 7.1297E-06    886.655
 9911.00 0.71564722 9.1435E-24 0.0000E+00 0.0000E+00 1.2141E-07 1.2141E-07 0.0000E+00 0.0000E+00 1.2141E-07 4.90E-06 6.97E-06   0.335 1.0000 7.1100E-06    887.242
 9921.00 0.72928643 8.3326E-24 0.0000E+00 0.0000E+00 1.2306E-07 1.2306E-07 0.0000E+00 0.0000E+00 1.2306E-07 5.00E-06 6.99E-06   0.316 1.0000 7.1166E-06    888.719
 9931.00 0.73728114 7.7275E-24 0.0000E+00 0.0000E+00 1.2334E-07 1.2334E-07 0.0000E+00 0.0000E+00 1.2334E-07 5.03E-06 6.95E-06   0.305 1.0000 7.0750E-06    889.571
 9941.00 0.73342049 7.4461E-24 0.0000E+00 0.0000E+00 1.1912E-07 1.1912E-07 0.0000E+00 0.0000E+00 1.1912E-07 4.84E-06 6.72E-06   0.310 1.0000 6.8405E-06    888.375
 9951.00 0.73293233 7.1051E-24 0.0000E+00 0.0000E+00 1.1680E-07 1.1680E-07 0.0000E+00 0.0000E+00 1.1680E-07 4.73E-06 6.57E-06   0.311 1.0000 6.6965E-06    888.019
 9961.00 0.72811806 6.8732E-24 0.0000E+00 0.0000E+00 1.2225E-07 1.2225E-07 0.0000E+00 0.0000E+00 1.2225E-07 4.92E-06 6.89E-06   0.317 1.0000 7.0208E-06    891.266
 9971.00 0.72880298 6.5205E-24 0.0000E+00 0.0000E+00 1.2375E-07 1.2375E-07 0.0000E+00 0.0000E+00 1.2375E-07 4.98E-06 6.96E-06   0.316 1.0000 7.0893E-06    892.669
 9981.00 0.70374531 6.7014E-24 0.0000E+00 0.0000E+00 1.2252E-07 1.2252E-07 0.0000E+00 0.0000E+00 1.2252E-07 4.83E-06 7.00E-06   0.351 1.0000 7.1451E-06    892.841
 9991.00 0.73522234 5.7937E-24 0.0000E+00 0.0000E+00 1.2572E-07 1.2572E-07 0.0000E+00 0.0000E+00 1.2572E-07 5.06E-06 7.01E-06   0.308 1.0000 7.1388E-06    895.003
10001.00 0.72619563 5.6834E-24 0.0000E+00 0.0000E+00 1.2449E-07 1.2449E-07 0.0000E+00 0.0000E+00 1.2449E-07 4.97E-06 6.97E-06   0.320 1.0000 7.1031E-06    895.184
10011.00 0.73091918 5.3286E-24 0.0000E+00 0.0000E+00 1.2538E-07 1.2538E-07 0.0000E+00 0.0000E+00 1.2538E-07 5.01E-06 6.98E-06   0.313 1.0000 7.1150E-06    896.312
10021.00 0.73260379 5.0400E-24 0.0000E+00 0.0000E+00 1.2605E-07 1.2605E-07 0.0000E+00 0.0000E+00 1.2605E-07 5.03E-06 7.00E-06   0.311 1.0000 7.1310E-06    897.335
10031.00 0.73325348 4.7913E-24 0.0000E+00 0.0000E+00 1.2638E-07 1.2638E-07 0.0000E+00 0.0000E+00 1.2638E-07 5.04E-06 7.00E-06   0.310 1.0000 7.1318E-06    898.212
10041.00 0.73110837 4.5960E-24 0.0000E+00 0.0000E+00 1.2616E-07 1.2616E-07 0.0000E+00 0.0000E+00 1.2616E-07 5.01E-06 6.98E-06   0.313 1.0000 7.1164E-06    898.842
10051.00 0.73410159 4.3287E-24 0.0000E+00 0.0000E+00 1.2671E-07 1.2671E-07 0.0000E+00 0.0000E+00 1.2671E-07 5.04E-06 6.99E-06   0.309 1.0000 7.1191E-06    899.815
10061.00 0.72716618 4.2194E-24 0.0000E+00 0.0000E+00 1.2651E-07 1.2651E-07 0.0000E+00 0.0000E+00 1.2651E-07 4.99E-06 7.00E-06   0.319 1.0000 7.1296E-06    900.450
10071.00 0.69628650 4.4099E-24 0.0000E+00 0.0000E+00 1.2361E-07 1.2361E-07 0.0000E+00 0.0000E+00 1.2361E-07 4.76E-06 6.98E-06   0.362 1.0000 7.1221E-06    899.881
10081.00 0.72241455 3.8857E-24 0.0000E+00 0.0000E+00 1.2607E-07 1.2607E-07 0.0000E+00 0.0000E+00 1.2607E-07 4.94E-06 6.97E-06   0.325 1.0000 7.1031E-06    901.712
10091.00 0.70821929 3.8643E-24 0.0000E+00 0.0000E+00 1.2464E-07 1.2464E-07 0.0000E+00 0.0000E+00 1.2464E-07 4.82E-06 6.95E-06   0.345 1.0000 7.0846E-06    901.801
10101.00 0.67901319 4.0216E-24 0.0000E+00 0.0000E+00 1.2135E-07 1.2135E-07 0.0000E+00 0.0000E+00 1.2135E-07 4.58E-06 6.89E-06   0.387 1.0000 7.0367E-06    901.030
10111.00 0.71661937 3.4204E-24 0.0000E+00 0.0000E+00 1.2481E-07 1.2481E-07 0.0000E+00 0.0000E+00 1.2481E-07 4.84E-06 6.88E-06   0.333 1.0000 7.0192E-06    903.331
10121.00 0.68641341 3.5205E-24 0.0000E+00 0.0000E+00 1.2354E-07 1.2354E-07 0.0000E+00 0.0000E+00 1.2354E-07 4.68E-06 6.96E-06   0.376 1.0000 7.1091E-06    903.484
10131.00 0.66947067 3.5272E-24 0.0000E+00 0.0000E+00 1.2156E-07 1.2156E-07 0.0000E+00 0.0000E+00 1.2156E-07 4.54E-06 6.92E-06   0.401 1.0000 7.0756E-06    903.304
10141.00 0.69205391 3.1728E-24 0.0000E+00 0.0000E+00 1.2427E-07 1.2427E-07 0.0000E+00 0.0000E+00 1.2427E-07 4.70E-06 6.94E-06   0.368 1.0000 7.0813E-06    905.269
10151.00 0.61298501 3.6075E-24 0.0000E+00 0.0000E+00 1.1663E-07 1.1663E-07 0.0000E+00 0.0000E+00 1.1663E-07 4.16E-06 6.92E-06   0.489 1.0000 7.1130E-06    902.440
10161.00 0.63650745 3.2690E-24 0.0000E+00 0.0000E+00 1.1893E-07 1.1893E-07 0.0000E+00 0.0000E+00 1.1893E-07 4.31E-06 6.92E-06   0.452 1.0000 7.0884E-06    904.258
10171.00 0.59600389 3.3122E-24 0.0000E+00 0.0000E+00 1.1425E-07 1.1425E-07 0.0000E+00 0.0000E+00 1.1425E-07 4.03E-06 6.88E-06   0.518 1.0000 7.0885E-06    902.742
10181.00 0.57914680 3.2991E-24 0.0000E+00 0.0000E+00 1.1351E-07 1.1351E-07 0.0000E+00 0.0000E+00 1.1351E-07 3.92E-06 6.91E-06   0.546 1.0000 7.1238E-06    903.104
10191.00 0.60649985 3.0057E-24 0.0000E+00 0.0000E+00 1.1715E-07 1.1715E-07 0.0000E+00 0.0000E+00 1.1715E-07 4.12E-06 6.94E-06   0.500 1.0000 7.1342E-06    905.586
10201.00 0.51697063 3.2696E-24 0.0000E+00 0.0000E+00 1.0559E-07 1.0559E-07 0.0000E+00 0.0000E+00 1.0559E-07 3.46E-06 6.77E-06   0.660 1.0000 7.0727E-06    900.532
10211.00 0.48779657 3.2585E-24 0.0000E+00 0.0000E+00 1.0175E-07 1.0175E-07 0.0000E+00 0.0000E+00 1.0175E-07 3.23E-06 6.71E-06   0.718 1.0000 7.0352E-06    899.211
10221.00 0.49955446 3.0398E-24 0.0000E+00 0.0000E+00 1.0354E-07 1.0354E-07 0.0000E+00 0.0000E+00 1.0354E-07 3.32E-06 6.73E-06   0.694 1.0000 7.0526E-06    900.892
10231.00 0.56047630 2.6470E-24 0.0000E+00 0.0000E+00 1.1157E-07 1.1157E-07 0.0000E+00 0.0000E+00 1.1157E-07 3.77E-06 6.84E-06   0.579 1.0000 7.0865E-06    905.756
10241.00 0.41908973 3.0192E-24 0.0000E+00 0.0000E+00 9.3634E-08 9.3634E-08 0.0000E+00 0.0000E+00 9.3634E-08 2.77E-06 6.64E-06   0.870 1.0000 7.0343E-06    896.807
10251.00 0.44391474 2.8277E-24 0.0000E+00 0.0000E+00 9.8197E-08 9.8197E-08 0.0000E+00 0.0000E+00 9.8197E-08 2.96E-06 6.70E-06   0.812 1.0000 7.1175E-06    900.129
10261.00 0.43505737 2.7184E-24 0.0000E+00 0.0000E+00 9.5710E-08 9.5710E-08 0.0000E+00 0.0000E+00 9.5710E-08 2.85E-06 6.60E-06   0.832 1.0000 7.0004E-06    899.438
10271.00 0.43311048 2.5805E-24 0.0000E+00 0.0000E+00 9.6052E-08 9.6052E-08 0.0000E+00 0.0000E+00 9.6052E-08 2.86E-06 6.65E-06   0.837 1.0000 7.0253E-06    900.350
10281.00 0.49817267 2.2930E-24 0.0000E+00 0.0000E+00 1.0575E-07 1.0575E-07 0.0000E+00 0.0000E+00 1.0575E-07 3.34E-06 6.79E-06   0.697 1.0000 7.1074E-06    906.378
10291.00 0.53798479 2.0227E-24 0.0000E+00 0.0000E+00 1.1034E-07 1.1034E-07 0.0000E+00 0.0000E+00 1.1034E-07 3.63E-06 6.81E-06   0.620 1.0000 7.1198E-06    909.466
10301.00 0.54915482 1.8856E-24 0.0000E+00 0.0000E+00 1.1085E-07 1.1085E-07 0.0000E+00 0.0000E+00 1.1085E-07 3.67E-06 6.78E-06   0.599 1.0000 7.0598E-06    910.444
10311.00 0.52383059 1.8960E-24 0.0000E+00 0.0000E+00 1.0939E-07 1.0939E-07 0.0000E+00 0.0000E+00 1.0939E-07 3.52E-06 6.84E-06   0.647 1.0000 7.1065E-06    910.425
10321.00 0.50456953 1.8642E-24 0.0000E+00 0.0000E+00 1.0705E-07 1.0705E-07 0.0000E+00 0.0000E+00 1.0705E-07 3.37E-06 6.80E-06   0.684 1.0000 7.0834E-06    909.933
10331.00 0.52769494 1.6612E-24 0.0000E+00 0.0000E+00 1.0800E-07 1.0800E-07 0.0000E+00 0.0000E+00 1.0800E-07 3.51E-06 6.71E-06   0.639 1.0000 7.0410E-06    911.149
10341.00 0.34660691 1.9436E-24 0.0000E+00 0.0000E+00 8.5488E-08 8.5488E-08 0.0000E+00 0.0000E+00 8.5488E-08 2.28E-06 6.55E-06   1.060 1.0000 7.0807E-06    898.989
10351.00 0.31501669 1.9392E-24 0.0000E+00 0.0000E+00 8.0449E-08 8.0449E-08 0.0000E+00 0.0000E+00 8.0449E-08 2.01E-06 6.41E-06   1.155 1.0000 6.9482E-06    896.410
10361.00 0.32139805 1.8245E-24 0.0000E+00 0.0000E+00 8.2590E-08 8.2590E-08 0.0000E+00 0.0000E+00 8.2590E-08 2.09E-06 6.50E-06   1.135 1.0000 7.0420E-06    898.540
10371.00 0.30272415 1.6513E-24 0.0000E+00 0.0000E+00 7.7280E-08 7.7280E-08 0.0000E+00 0.0000E+00 7.7280E-08 1.98E-06 6.35E-06   1.195 1.0000 7.0259E-06    895.664
10381.00 0.34863856 1.5890E-24 0.0000E+00 0.0000E+00 8.6055E-08 8.6055E-08 0.0000E+00 0.0000E+00 8.6055E-08 2.29E-06 6.53E-06   1.054 1.0000 7.0297E-06    902.195
10391.00 0.22140688 1.6445E-24 0.0000E+00 0.0000E+00 6.7359E-08 6.7359E-08 0.0000E+00 0.0000E+00 6.7359E-08 1.42E-06 6.21E-06   1.508 1.0000 7.0152E-06    889.744
10401.00 0.30846176 1.5071E-24 0.0000E+00 0.0000E+00 8.2329E-08 8.2329E-08 0.0000E+00 0.0000E+00 8.2329E-08 2.03E-06 6.53E-06   1.176 1.0000 7.1156E-06    901.210
10411.00 0.25518113 1.4740E-24 0.0000E+00 0.0000E+00 7.2934E-08 7.2934E-08 0.0000E+00 0.0000E+00 7.2934E-08 1.64E-06 6.32E-06   1.366 1.0000 7.0090E-06    895.387
10421.00 0.16217349 1.4217E-24 0.0000E+00 0.0000E+00 5.8148E-08 5.8148E-08 0.0000E+00 0.0000E+00 5.8148E-08 1.03E-06 6.13E-06   1.819 1.0000 7.1097E-06    884.121
10431.00 0.22617258 1.3191E-24 0.0000E+00 0.0000E+00 6.8636E-08 6.8636E-08 0.0000E+00 0.0000E+00 6.8636E-08 1.47E-06 6.27E-06   1.486 1.0000 7.1282E-06    893.555
10441.00 0.30113941 1.2346E-24 0.0000E+00 0.0000E+00 8.0297E-08 8.0297E-08 0.0000E+00 0.0000E+00 8.0297E-08 1.95E-06 6.40E-06   1.200 1.0000 7.0319E-06    902.691
10451.00 0.16603301 1.2252E-24 0.0000E+00 0.0000E+00 5.8458E-08 5.8458E-08 0.0000E+00 0.0000E+00 5.8458E-08 1.05E-06 6.03E-06   1.796 1.0000 7.0411E-06    886.494
10461.00 0.17185943 1.1455E-24 0.0000E+00 0.0000E+00 5.8654E-08 5.8654E-08 0.0000E+00 0.0000E+00 5.8654E-08 1.09E-06 6.05E-06   1.761 1.0000 7.0152E-06    887.367
10471.00 0.18203147 1.1277E-24 0.0000E+00 0.0000E+00 5.9163E-08 5.9163E-08 0.0000E+00 0.0000E+00 5.9163E-08 1.09E-06 5.78E-06   1.704 1.0000 6.6482E-06    888.518
10481.00 0.20703799 1.0758E-24 0.0000E+00 0.0000E+00 6.6422E-08 6.6422E-08 0.0000E+00 0.0000E+00 6.6422E-08 1.30E-06 6.10E-06   1.575 1.0000 6.9292E-06    895.326
10491.00 0.17309840 1.0076E-24 0.0000E+00 0.0000E+00 6.0638E-08 6.0638E-08 0.0000E+00 0.0000E+00 6.0638E-08 1.10E-06 6.10E-06   1.754 1.0000 7.0576E-06    891.208
10501.00 0.08477344 9.3478E-25 0.0000E+00 0.0000E+00 4.3886E-08 4.3886E-08 0.0000E+00 0.0000E+00 4.3886E-08 5.19E-07 5.70E-06   2.468 1.0000 7.1082E-06    875.202
10511.00 0.24797793 9.4918E-25 0.0000E+00 0.0000E+00 7.6518E-08 7.6518E-08 0.0000E+00 0.0000E+00 7.6518E-08 1.59E-06 6.48E-06   1.394 1.0000 7.0870E-06    905.031
10521.00 0.13107732 8.2419E-25 0.0000E+00 0.0000E+00 5.0797E-08 5.0797E-08 0.0000E+00 0.0000E+00 5.0797E-08 8.21E-07 5.81E-06   2.032 1.0000 7.0837E-06    884.066
10531.00 0.14376406 7.9153E-25 0.0000E+00 0.0000E+00 5.4369E-08 5.4369E-08 0.0000E+00 0.0000E+00 5.4369E-08 9.18E-07 5.89E-06   1.940 1.0000 7.1337E-06    888.284
10541.00 0.16439880 7.7870E-25 0.0000E+00 0.0000E+00 5.9502E-08 5.9502E-08 0.0000E+00 0.0000E+00 5.9502E-08 1.04E-06 6.02E-06   1.805 1.0000 7.1238E-06    893.704
10551.00 0.13754198 7.2587E-25 0.0000E+00 0.0000E+00 5.3844E-08 5.3844E-08 0.0000E+00 0.0000E+00 5.3844E-08 8.68E-07 5.96E-06   1.984 1.0000 7.1123E-06    889.168
10561.00 0.13713269 7.0359E-25 0.0000E+00 0.0000E+00 5.4371E-08 5.4371E-08 0.0000E+00 0.0000E+00 5.4371E-08 8.55E-07 5.99E-06   1.987 1.0000 7.0759E-06    890.370
10571.00 0.09808165 6.4152E-25 0.0000E+00 0.0000E+00 4.5062E-08 4.5062E-08 0.0000E+00 0.0000E+00 4.5062E-08 6.02E-07 5.58E-06   2.322 1.0000 7.0632E-06    881.369
10581.00 0.15678394 6.5115E-25 0.0000E+00 0.0000E+00 5.8612E-08 5.8612E-08 0.0000E+00 0.0000E+00 5.8612E-08 9.74E-07 5.99E-06   1.853 1.0000 7.0083E-06    895.701
10591.00 0.09155662 5.5875E-25 0.0000E+00 0.0000E+00 4.1464E-08 4.1464E-08 0.0000E+00 0.0000E+00 4.1464E-08 5.56E-07 5.29E-06   2.391 1.0000 6.9242E-06    878.511
10601.00 0.12695761 5.5668E-25 0.0000E+00 0.0000E+00 5.0250E-08 5.0250E-08 0.0000E+00 0.0000E+00 5.0250E-08 7.80E-07 5.61E-06   2.064 1.0000 7.0103E-06    889.046
10611.00 0.15077001 5.6872E-25 0.0000E+00 0.0000E+00 5.8197E-08 5.8197E-08 0.0000E+00 0.0000E+00 5.8197E-08 9.19E-07 5.94E-06   1.892 1.0000 7.0013E-06    897.417
10621.00 0.16819777 5.5206E-25 0.0000E+00 0.0000E+00 5.9471E-08 5.9471E-08 0.0000E+00 0.0000E+00 5.9471E-08 9.79E-07 5.89E-06   1.783 1.0000 6.6904E-06    899.257
10631.00 0.16437854 5.3166E-25 0.0000E+00 0.0000E+00 6.2267E-08 6.2267E-08 0.0000E+00 0.0000E+00 6.2267E-08 1.01E-06 6.12E-06   1.806 1.0000 6.9249E-06    902.394
10641.00 0.26496074 4.9536E-25 0.0000E+00 0.0000E+00 8.0943E-08 8.0943E-08 0.0000E+00 0.0000E+00 8.0943E-08 1.70E-06 6.48E-06   1.328 1.0000 7.0679E-06    917.286
10651.00 0.14332983 4.3757E-25 0.0000E+00 0.0000E+00 5.4967E-08 5.4967E-08 0.0000E+00 0.0000E+00 5.4967E-08 9.00E-07 5.84E-06   1.943 1.0000 7.0860E-06    897.193
10661.00 0.05255920 3.9500E-25 0.0000E+00 0.0000E+00 3.6063E-08 3.6063E-08 0.0000E+00 0.0000E+00 3.6063E-08 3.11E-07 5.39E-06   2.946 1.0000 7.1135E-06    876.268
10671.00 0.04889282 3.7005E-25 0.0000E+00 0.0000E+00 3.4851E-08 3.4851E-08 0.0000E+00 0.0000E+00 3.4851E-08 2.89E-07 5.40E-06   3.018 1.0000 7.1053E-06    875.240
10681.00 0.05987025 3.6298E-25 0.0000E+00 0.0000E+00 3.7628E-08 3.7628E-08 0.0000E+00 0.0000E+00 3.7628E-08 3.53E-07 5.32E-06   2.816 1.0000 7.0271E-06    879.765
10691.00 0.09093550 3.4956E-25 0.0000E+00 0.0000E+00 4.4184E-08 4.4184E-08 0.0000E+00 0.0000E+00 4.4184E-08 5.49E-07 5.45E-06   2.398 1.0000 7.0496E-06    888.616
10701.00 0.03327905 2.8959E-25 0.0000E+00 0.0000E+00 2.7717E-08 2.7717E-08 0.0000E+00 0.0000E+00 2.7717E-08 1.96E-07 4.93E-06   3.403 1.0000 7.1224E-06    865.979
10711.00 0.05017847 3.1030E-25 0.0000E+00 0.0000E+00 3.6836E-08 3.6836E-08 0.0000E+00 0.0000E+00 3.6836E-08 3.01E-07 5.55E-06   2.992 1.0000 7.1299E-06    880.739
10721.00 0.06957687 3.0687E-25 0.0000E+00 0.0000E+00 4.2074E-08 4.2074E-08 0.0000E+00 0.0000E+00 4.2074E-08 4.23E-07 5.64E-06   2.665 1.0000 7.1129E-06    888.169
10731.00 0.10702074 2.9206E-25 0.0000E+00 0.0000E+00 4.8943E-08 4.8943E-08 0.0000E+00 0.0000E+00 4.8943E-08 6.66E-07 5.61E-06   2.235 1.0000 7.0795E-06    896.660
10741.00 0.18468922 2.9460E-25 0.0000E+00 0.0000E+00 6.6842E-08 6.6842E-08 0.0000E+00 0.0000E+00 6.6842E-08 1.18E-06 6.16E-06   1.689 1.0000 7.1186E-06    913.889
10751.00 0.21931820 2.8232E-25 0.0000E+00 0.0000E+00 7.3858E-08 7.3858E-08 0.0000E+00 0.0000E+00 7.3858E-08 1.41E-06 6.37E-06   1.517 1.0000 7.0904E-06    920.018
10761.00 0.29029334 2.6520E-25 0.0000E+00 0.0000E+00 8.6005E-08 8.6005E-08 0.0000E+00 0.0000E+00 8.6005E-08 1.87E-06 6.55E-06   1.237 1.0000 7.0349E-06    929.135
10771.00 0.30559912 2.4903E-25 0.0000E+00 0.0000E+00 8.9490E-08 8.9490E-08 0.0000E+00 0.0000E+00 8.9490E-08 2.00E-06 6.65E-06   1.185 1.0000 7.1304E-06    932.064
10781.00 0.41535252 2.1899E-25 0.0000E+00 0.0000E+00 1.0642E-07 1.0642E-07 0.0000E+00 0.0000E+00 1.0642E-07 2.76E-06 6.81E-06   0.879 1.0000 7.1406E-06    942.592
10791.00 0.50357026 1.8791E-25 0.0000E+00 0.0000E+00 1.1654E-07 1.1654E-07 0.0000E+00 0.0000E+00 1.1654E-07 3.31E-06 6.75E-06   0.686 1.0000 6.9990E-06    948.546
10801.00 0.49903271 1.7926E-25 0.0000E+00 0.0000E+00 1.1282E-07 1.1282E-07 0.0000E+00 0.0000E+00 1.1282E-07 3.19E-06 6.57E-06   0.695 1.0000 6.8221E-06    947.387
10811.00 0.47461921 1.7190E-25 0.0000E+00 0.0000E+00 1.1170E-07 1.1170E-07 0.0000E+00 0.0000E+00 1.1170E-07 3.11E-06 6.68E-06   0.745 1.0000 6.9842E-06    947.527
10821.00 0.45223600 1.7095E-25 0.0000E+00 0.0000E+00 1.0868E-07 1.0868E-07 0.0000E+00 0.0000E+00 1.0868E-07 2.93E-06 6.64E-06   0.794 1.0000 6.9254E-06    946.662
10831.00 0.51199627 1.4992E-25 0.0000E+00 0.0000E+00 1.1197E-07 1.1197E-07 0.0000E+00 0.0000E+00 1.1197E-07 3.21E-06 6.41E-06   0.669 1.0000 6.6572E-06    949.095
10841.00 0.55362278 1.2997E-25 0.0000E+00 0.0000E+00 1.2036E-07 1.2036E-07 0.0000E+00 0.0000E+00 1.2036E-07 3.61E-06 6.63E-06   0.591 1.0000 6.8867E-06    954.013
10851.00 0.49746066 1.3636E-25 0.0000E+00 0.0000E+00 1.1302E-07 1.1302E-07 0.0000E+00 0.0000E+00 1.1302E-07 3.20E-06 6.56E-06   0.698 1.0000 6.8426E-06    951.070
10861.00 0.56942374 1.1786E-25 0.0000E+00 0.0000E+00 1.2549E-07 1.2549E-07 0.0000E+00 0.0000E+00 1.2549E-07 3.77E-06 6.77E-06   0.563 1.0000 6.9906E-06    957.892
10871.00 0.51075172 1.1361E-25 0.0000E+00 0.0000E+00 1.1693E-07 1.1693E-07 0.0000E+00 0.0000E+00 1.1693E-07 3.42E-06 6.76E-06   0.672 1.0000 7.0910E-06    954.477
10881.00 0.49638349 1.1648E-25 0.0000E+00 0.0000E+00 1.1797E-07 1.1797E-07 0.0000E+00 0.0000E+00 1.1797E-07 3.33E-06 6.82E-06   0.700 1.0000 7.1322E-06    955.712
10891.00 0.38217673 1.2512E-25 0.0000E+00 0.0000E+00 1.0094E-07 1.0094E-07 0.0000E+00 0.0000E+00 1.0094E-07 2.52E-06 6.63E-06   0.962 1.0000 7.0869E-06    947.417
10901.00 0.35630965 1.2358E-25 0.0000E+00 0.0000E+00 9.7082E-08 9.7082E-08 0.0000E+00 0.0000E+00 9.7082E-08 2.32E-06 6.57E-06   1.032 1.0000 7.0299E-06    945.898
10911.00 0.45048869 1.0686E-25 0.0000E+00 0.0000E+00 1.1211E-07 1.1211E-07 0.0000E+00 0.0000E+00 1.1211E-07 3.00E-06 6.77E-06   0.797 1.0000 7.1167E-06    954.894
10921.00 0.30752483 1.1143E-25 0.0000E+00 0.0000E+00 8.9266E-08 8.9266E-08 0.0000E+00 0.0000E+00 8.9266E-08 2.02E-06 6.52E-06   1.179 1.0000 7.1418E-06    942.550
10931.00 0.44815359 1.0011E-25 0.0000E+00 0.0000E+00 1.1242E-07 1.1242E-07 0.0000E+00 0.0000E+00 1.1242E-07 2.94E-06 6.76E-06   0.803 1.0000 7.0585E-06    956.489
10941.00 0.35199118 9.7869E-26 0.0000E+00 0.0000E+00 9.7188E-08 9.7188E-08 0.0000E+00 0.0000E+00 9.7188E-08 2.34E-06 6.60E-06   1.044 1.0000 7.1797E-06    948.803
10951.00 0.33693656 9.6501E-26 0.0000E+00 0.0000E+00 9.6724E-08 9.6724E-08 0.0000E+00 0.0000E+00 9.6724E-08 2.25E-06 6.68E-06   1.088 1.0000 7.2169E-06    949.239
10961.00 0.43568340 8.3106E-26 0.0000E+00 0.0000E+00 1.0962E-07 1.0962E-07 0.0000E+00 0.0000E+00 1.0962E-07 2.90E-06 6.63E-06   0.831 1.0000 7.0517E-06    957.163
10971.00 0.46587279 7.6784E-26 0.0000E+00 0.0000E+00 1.1254E-07 1.1254E-07 0.0000E+00 0.0000E+00 1.1254E-07 3.05E-06 6.62E-06   0.764 1.0000 6.9688E-06    959.410
10981.00 0.39519095 7.7710E-26 0.0000E+00 0.0000E+00 1.0368E-07 1.0368E-07 0.0000E+00 0.0000E+00 1.0368E-07 2.61E-06 6.61E-06   0.928 1.0000 7.0849E-06    955.367
10991.00 0.40140864 7.4865E-26 0.0000E+00 0.0000E+00 1.0363E-07 1.0363E-07 0.0000E+00 0.0000E+00 1.0363E-07 2.60E-06 6.52E-06   0.913 1.0000 6.9574E-06    956.048
11001.00 0.40394199 6.9737E-26 0.0000E+00 0.0000E+00 1.0234E-07 1.0234E-07 0.0000E+00 0.0000E+00 1.0234E-07 2.60E-06 6.38E-06   0.906 1.0000 6.8715E-06    956.040
11011.00 0.40654454 6.4552E-26 0.0000E+00 0.0000E+00 1.0406E-07 1.0406E-07 0.0000E+00 0.0000E+00 1.0406E-07 2.68E-06 6.51E-06   0.900 1.0000 7.0129E-06    957.710
11021.00 0.40233734 6.4043E-26 0.0000E+00 0.0000E+00 1.0681E-07 1.0681E-07 0.0000E+00 0.0000E+00 1.0681E-07 2.68E-06 6.62E-06   0.910 1.0000 7.1591E-06    959.937
11031.00 0.46282262 5.8136E-26 0.0000E+00 0.0000E+00 1.1473E-07 1.1473E-07 0.0000E+00 0.0000E+00 1.1473E-07 3.05E-06 6.64E-06   0.770 1.0000 6.9952E-06    964.830
11041.00 0.55226976 4.8566E-26 0.0000E+00 0.0000E+00 1.2978E-07 1.2978E-07 0.0000E+00 0.0000E+00 1.2978E-07 3.74E-06 6.88E-06   0.594 1.0000 7.1647E-06    972.833
11051.00 0.55751657 4.6235E-26 0.0000E+00 0.0000E+00 1.3181E-07 1.3181E-07 0.0000E+00 0.0000E+00 1.3181E-07 3.80E-06 6.95E-06   0.584 1.0000 7.2125E-06    974.477
11061.00 0.57659143 4.2905E-26 0.0000E+00 0.0000E+00 1.3457E-07 1.3457E-07 0.0000E+00 0.0000E+00 1.3457E-07 3.92E-06 6.96E-06   0.551 1.0000 7.1991E-06    976.437
11071.00 0.48565876 4.5956E-26 0.0000E+00 0.0000E+00 1.2039E-07 1.2039E-07 0.0000E+00 0.0000E+00 1.2039E-07 3.25E-06 6.75E-06   0.722 1.0000 7.1309E-06    970.529
11081.00 0.40774900 4.7119E-26 0.0000E+00 0.0000E+00 1.0514E-07 1.0514E-07 0.0000E+00 0.0000E+00 1.0514E-07 2.63E-06 6.40E-06   0.897 1.0000 6.9276E-06    963.297
11091.00 0.41979033 4.4501E-26 0.0000E+00 0.0000E+00 1.0280E-07 1.0280E-07 0.0000E+00 0.0000E+00 1.0280E-07 2.59E-06 6.18E-06   0.868 1.0000 6.6409E-06    962.700
11101.00 0.37602356 4.3769E-26 0.0000E+00 0.0000E+00 1.0084E-07 1.0084E-07 0.0000E+00 0.0000E+00 1.0084E-07 2.42E-06 6.42E-06   0.978 1.0000 6.9341E-06    962.292
11111.00 0.45843801 3.7702E-26 0.0000E+00 0.0000E+00 1.1342E-07 1.1342E-07 0.0000E+00 0.0000E+00 1.1342E-07 3.01E-06 6.51E-06   0.780 1.0000 6.9855E-06    969.872
11121.00 0.28646290 4.1182E-26 0.0000E+00 0.0000E+00 8.8255E-08 8.8255E-08 0.0000E+00 0.0000E+00 8.8255E-08 1.88E-06 6.40E-06   1.250 1.0000 7.1540E-06    956.036
11131.00 0.46318477 3.3929E-26 0.0000E+00 0.0000E+00 1.1710E-07 1.1710E-07 0.0000E+00 0.0000E+00 1.1710E-07 3.11E-06 6.70E-06   0.770 1.0000 7.1521E-06    973.184
11141.00 0.43692118 3.4183E-26 0.0000E+00 0.0000E+00 1.1399E-07 1.1399E-07 0.0000E+00 0.0000E+00 1.1399E-07 2.90E-06 6.70E-06   0.828 1.0000 7.1081E-06    972.307
11151.00 0.42920455 3.2531E-26 0.0000E+00 0.0000E+00 1.1273E-07 1.1273E-07 0.0000E+00 0.0000E+00 1.1273E-07 2.85E-06 6.67E-06   0.846 1.0000 7.1052E-06    972.364
11161.00 0.49708226 2.9041E-26 0.0000E+00 0.0000E+00 1.2595E-07 1.2595E-07 0.0000E+00 0.0000E+00 1.2595E-07 3.38E-06 6.90E-06   0.699 1.0000 7.2334E-06    979.662
11171.00 0.52452010 2.6944E-26 0.0000E+00 0.0000E+00 1.2721E-07 1.2721E-07 0.0000E+00 0.0000E+00 1.2721E-07 3.48E-06 6.77E-06   0.645 1.0000 7.0471E-06    980.973
11181.00 0.59302944 2.3004E-26 0.0000E+00 0.0000E+00 1.3721E-07 1.3721E-07 0.0000E+00 0.0000E+00 1.3721E-07 3.97E-06 6.85E-06   0.523 1.0000 7.0589E-06    986.247
11191.00 0.59784728 2.1780E-26 0.0000E+00 0.0000E+00 1.3978E-07 1.3978E-07 0.0000E+00 0.0000E+00 1.3978E-07 4.04E-06 6.92E-06   0.514 1.0000 7.1368E-06    988.089
11201.00 0.64151466 1.9061E-26 0.0000E+00 0.0000E+00 1.4248E-07 1.4248E-07 0.0000E+00 0.0000E+00 1.4248E-07 4.26E-06 6.79E-06   0.444 1.0000 6.9786E-06    989.972
11211.00 0.65474838 1.7635E-26 0.0000E+00 0.0000E+00 1.4741E-07 1.4741E-07 0.0000E+00 0.0000E+00 1.4741E-07 4.44E-06 6.94E-06   0.424 1.0000 7.1244E-06    992.769
11221.00 0.67831099 1.5840E-26 0.0000E+00 0.0000E+00 1.5143E-07 1.5143E-07 0.0000E+00 0.0000E+00 1.5143E-07 4.63E-06 6.99E-06   0.388 1.0000 7.1611E-06    995.139
11231.00 0.67230892 1.5293E-26 0.0000E+00 0.0000E+00 1.5199E-07 1.5199E-07 0.0000E+00 0.0000E+00 1.5199E-07 4.62E-06 7.03E-06   0.397 1.0000 7.2119E-06    996.087
11241.00 0.67781365 1.4359E-26 0.0000E+00 0.0000E+00 1.5143E-07 1.5143E-07 0.0000E+00 0.0000E+00 1.5143E-07 4.61E-06 6.97E-06   0.389 1.0000 7.1417E-06    996.584
11251.00 0.68259424 1.3450E-26 0.0000E+00 0.0000E+00 1.5263E-07 1.5263E-07 0.0000E+00 0.0000E+00 1.5263E-07 4.66E-06 6.98E-06   0.382 1.0000 7.1598E-06    997.792
11261.00 0.66877592 1.3266E-26 0.0000E+00 0.0000E+00 1.4990E-07 1.4990E-07 0.0000E+00 0.0000E+00 1.4990E-07 4.52E-06 6.92E-06   0.402 1.0000 7.1006E-06    997.403
11271.00 0.68162060 1.2228E-26 0.0000E+00 0.0000E+00 1.4906E-07 1.4906E-07 0.0000E+00 0.0000E+00 1.4906E-07 4.53E-06 6.80E-06   0.383 1.0000 6.9712E-06    997.779
11281.00 0.67248052 1.1912E-26 0.0000E+00 0.0000E+00 1.4323E-07 1.4323E-07 0.0000E+00 0.0000E+00 1.4323E-07 4.31E-06 6.57E-06   0.397 1.0000 6.7401E-06    996.056
11291.00 0.67207199 1.1368E-26 0.0000E+00 0.0000E+00 1.5178E-07 1.5178E-07 0.0000E+00 0.0000E+00 1.5178E-07 4.56E-06 6.95E-06   0.397 1.0000 7.1282E-06   1000.338
11301.00 0.68524176 1.0441E-26 0.0000E+00 0.0000E+00 1.5376E-07 1.5376E-07 0.0000E+00 0.0000E+00 1.5376E-07 4.66E-06 6.96E-06   0.378 1.0000 7.1331E-06   1001.859
11311.00 0.68323088 9.9905E-27 0.0000E+00 0.0000E+00 1.5171E-07 1.5171E-07 0.0000E+00 0.0000E+00 1.5171E-07 4.58E-06 6.86E-06   0.381 1.0000 7.0365E-06   1001.752
11321.00 0.68165141 9.5538E-27 0.0000E+00 0.0000E+00 1.5364E-07 1.5364E-07 0.0000E+00 0.0000E+00 1.5364E-07 4.63E-06 6.95E-06   0.383 1.0000 7.1226E-06   1003.258
11331.00 0.68130183 9.0929E-27 0.0000E+00 0.0000E+00 1.5065E-07 1.5065E-07 0.0000E+00 0.0000E+00 1.5065E-07 4.53E-06 6.80E-06   0.384 1.0000 6.9746E-06   1002.765
11341.00 0.68138373 8.6540E-27 0.0000E+00 0.0000E+00 1.5348E-07 1.5348E-07 0.0000E+00 0.0000E+00 1.5348E-07 4.60E-06 6.92E-06   0.384 1.0000 7.0920E-06   1004.634
11351.00 0.68281394 8.2020E-27 0.0000E+00 0.0000E+00 1.4550E-07 1.4550E-07 0.0000E+00 0.0000E+00 1.4550E-07 4.36E-06 6.54E-06   0.382 1.0000 6.7048E-06   1002.064
11361.00 0.68263000 7.8113E-27 0.0000E+00 0.0000E+00 1.5410E-07 1.5410E-07 0.0000E+00 0.0000E+00 1.5410E-07 4.61E-06 6.91E-06   0.382 1.0000 7.0885E-06   1006.331
11371.00 0.68545425 7.3719E-27 0.0000E+00 0.0000E+00 1.5265E-07 1.5265E-07 0.0000E+00 0.0000E+00 1.5265E-07 4.57E-06 6.82E-06   0.378 1.0000 6.9944E-06   1006.467
11381.00 0.68297923 7.0662E-27 0.0000E+00 0.0000E+00 1.5629E-07 1.5629E-07 0.0000E+00 0.0000E+00 1.5629E-07 4.66E-06 6.98E-06   0.381 1.0000 7.1623E-06   1008.651
11391.00 0.68435991 6.6970E-27 0.0000E+00 0.0000E+00 1.5539E-07 1.5539E-07 0.0000E+00 0.0000E+00 1.5539E-07 4.63E-06 6.93E-06   0.379 1.0000 7.1013E-06   1009.013
11401.00 0.68436068 6.3721E-27 0.0000E+00 0.0000E+00 1.5606E-07 1.5606E-07 0.0000E+00 0.0000E+00 1.5606E-07 4.64E-06 6.94E-06   0.379 1.0000 7.1195E-06   1010.003
11411.00 0.68345743 6.0794E-27 0.0000E+00 0.0000E+00 1.5558E-07 1.5558E-07 0.0000E+00 0.0000E+00 1.5558E-07 4.62E-06 6.91E-06   0.381 1.0000 7.0904E-06   1010.535
11421.00 0.68402314 5.7755E-27 0.0000E+00 0.0000E+00 1.5126E-07 1.5126E-07 0.0000E+00 0.0000E+00 1.5126E-07 4.48E-06 6.71E-06   0.380 1.0000 6.8786E-06   1009.506
11431.00 0.68358213 5.5026E-27 0.0000E+00 0.0000E+00 1.5391E-07 1.5391E-07 0.0000E+00 0.0000E+00 1.5391E-07 4.55E-06 6.81E-06   0.380 1.0000 6.9893E-06   1011.305
11441.00 0.68301666 5.2445E-27 0.0000E+00 0.0000E+00 1.5496E-07 1.5496E-07 0.0000E+00 0.0000E+00 1.5496E-07 4.57E-06 6.85E-06   0.381 1.0000 7.0284E-06   1012.453
11451.00 0.68317252 4.9881E-27 0.0000E+00 0.0000E+00 1.5652E-07 1.5652E-07 0.0000E+00 0.0000E+00 1.5652E-07 4.61E-06 6.91E-06   0.381 1.0000 7.0859E-06   1013.797
11461.00 0.68292308 4.7497E-27 0.0000E+00 0.0000E+00 1.5853E-07 1.5853E-07 0.0000E+00 0.0000E+00 1.5853E-07 4.66E-06 6.99E-06   0.381 1.0000 7.1660E-06   1015.314
11471.00 0.68247432 4.5254E-27 0.0000E+00 0.0000E+00 1.5609E-07 1.5609E-07 0.0000E+00 0.0000E+00 1.5609E-07 4.58E-06 6.87E-06   0.382 1.0000 7.0465E-06   1015.069
11481.00 0.68169600 4.3158E-27 0.0000E+00 0.0000E+00 1.5719E-07 1.5719E-07 0.0000E+00 0.0000E+00 1.5719E-07 4.60E-06 6.91E-06   0.383 1.0000 7.0883E-06   1016.229
11491.00 0.68156290 4.1081E-27 0.0000E+00 0.0000E+00 1.5728E-07 1.5728E-07 0.0000E+00 0.0000E+00 1.5728E-07 4.60E-06 6.90E-06   0.383 1.0000 7.0811E-06   1016.987
11501.00 0.68105441 3.9145E-27 0.0000E+00 0.0000E+00 1.5368E-07 1.5368E-07 0.0000E+00 0.0000E+00 1.5368E-07 4.48E-06 6.73E-06   0.384 1.0000 6.9103E-06   1016.262
11511.00 0.68062699 3.7294E-27 0.0000E+00 0.0000E+00 1.5293E-07 1.5293E-07 0.0000E+00 0.0000E+00 1.5293E-07 4.45E-06 6.69E-06   0.385 1.0000 6.8667E-06   1016.677
11521.00 0.68005443 3.5545E-27 0.0000E+00 0.0000E+00 1.5369E-07 1.5369E-07 0.0000E+00 0.0000E+00 1.5369E-07 4.46E-06 6.72E-06   0.386 1.0000 6.8922E-06   1017.706
11531.00 0.67950892 3.3873E-27 0.0000E+00 0.0000E+00 1.4814E-07 1.4814E-07 0.0000E+00 0.0000E+00 1.4814E-07 4.29E-06 6.46E-06   0.386 1.0000 6.6351E-06   1016.131
11541.00 0.67908055 3.2269E-27 0.0000E+00 0.0000E+00 1.1798E-07 1.1798E-07 0.0000E+00 0.0000E+00 1.1798E-07 3.41E-06 5.14E-06   0.387 1.0000 5.2774E-06   1002.872
11551.00 0.67840630 3.0764E-27 0.0000E+00 0.0000E+00 1.5019E-07 1.5019E-07 0.0000E+00 0.0000E+00 1.5019E-07 4.33E-06 6.54E-06   0.388 1.0000 6.7102E-06   1018.429
11561.00 0.67792046 2.9317E-27 0.0000E+00 0.0000E+00 1.5797E-07 1.5797E-07 0.0000E+00 0.0000E+00 1.5797E-07 4.55E-06 6.87E-06   0.389 1.0000 7.0485E-06   1022.311
11571.00 0.67759913 2.7921E-27 0.0000E+00 0.0000E+00 1.6109E-07 1.6109E-07 0.0000E+00 0.0000E+00 1.6109E-07 4.63E-06 6.99E-06   0.389 1.0000 7.1778E-06   1024.265
11581.00 0.67669058 2.6631E-27 0.0000E+00 0.0000E+00 1.6020E-07 1.6020E-07 0.0000E+00 0.0000E+00 1.6020E-07 4.59E-06 6.94E-06   0.391 1.0000 7.1315E-06   1024.636
11591.00 0.67484599 2.5473E-27 0.0000E+00 0.0000E+00 1.6029E-07 1.6029E-07 0.0000E+00 0.0000E+00 1.6029E-07 4.58E-06 6.95E-06   0.393 1.0000 7.1338E-06   1025.393
11601.00 0.67556894 2.4191E-27 0.0000E+00 0.0000E+00 1.5802E-07 1.5802E-07 0.0000E+00 0.0000E+00 1.5802E-07 4.51E-06 6.83E-06   0.392 1.0000 7.0173E-06   1025.217
11611.00 0.67354143 2.3151E-27 0.0000E+00 0.0000E+00 1.5782E-07 1.5782E-07 0.0000E+00 0.0000E+00 1.5782E-07 4.49E-06 6.82E-06   0.395 1.0000 7.0074E-06   1025.858
11621.00 0.67400807 2.2001E-27 0.0000E+00 0.0000E+00 1.5969E-07 1.5969E-07 0.0000E+00 0.0000E+00 1.5969E-07 4.53E-06 6.89E-06   0.395 1.0000 7.0763E-06   1027.321
11631.00 0.67181653 2.1058E-27 0.0000E+00 0.0000E+00 1.5855E-07 1.5855E-07 0.0000E+00 0.0000E+00 1.5855E-07 4.48E-06 6.84E-06   0.398 1.0000 7.0263E-06   1027.589
11641.00 0.66967368 2.0162E-27 0.0000E+00 0.0000E+00 1.5830E-07 1.5830E-07 0.0000E+00 0.0000E+00 1.5830E-07 4.46E-06 6.83E-06   0.401 1.0000 7.0154E-06   1028.208
11651.00 0.67080206 1.9121E-27 0.0000E+00 0.0000E+00 1.5870E-07 1.5870E-07 0.0000E+00 0.0000E+00 1.5870E-07 4.47E-06 6.83E-06   0.399 1.0000 7.0154E-06   1029.092
11661.00 0.66296989 1.8585E-27 0.0000E+00 0.0000E+00 1.6082E-07 1.6082E-07 0.0000E+00 0.0000E+00 1.6082E-07 4.49E-06 6.94E-06   0.411 1.0000 7.1406E-06   1030.649
11671.00 0.66840017 1.7429E-27 0.0000E+00 0.0000E+00 1.6202E-07 1.6202E-07 0.0000E+00 0.0000E+00 1.6202E-07 4.54E-06 6.96E-06   0.403 1.0000 7.1519E-06   1031.842
11681.00 0.66436315 1.6756E-27 0.0000E+00 0.0000E+00 1.5911E-07 1.5911E-07 0.0000E+00 0.0000E+00 1.5911E-07 4.43E-06 6.84E-06   0.409 1.0000 7.0342E-06   1031.414
11691.00 0.66204625 1.6044E-27 0.0000E+00 0.0000E+00 1.5411E-07 1.5411E-07 0.0000E+00 0.0000E+00 1.5411E-07 4.28E-06 6.63E-06   0.412 1.0000 6.8153E-06   1030.118
11701.00 0.65973014 1.5343E-27 0.0000E+00 0.0000E+00 1.1547E-07 1.1547E-07 0.0000E+00 0.0000E+00 1.1547E-07 3.20E-06 4.96E-06   0.416 1.0000 5.1054E-06   1012.932
11711.00 0.65420854 1.4821E-27 0.0000E+00 0.0000E+00 1.3759E-07 1.3759E-07 0.0000E+00 0.0000E+00 1.3759E-07 3.78E-06 5.93E-06   0.424 1.0000 6.0975E-06   1024.444
11721.00 0.66104996 1.3860E-27 0.0000E+00 0.0000E+00 1.5760E-07 1.5760E-07 0.0000E+00 0.0000E+00 1.5760E-07 4.35E-06 6.75E-06   0.414 1.0000 6.9393E-06   1033.691
11731.00 0.65424496 1.3409E-27 0.0000E+00 0.0000E+00 1.5947E-07 1.5947E-07 0.0000E+00 0.0000E+00 1.5947E-07 4.37E-06 6.85E-06   0.424 1.0000 7.0489E-06   1035.157
11741.00 0.64590007 1.3013E-27 0.0000E+00 0.0000E+00 1.5394E-07 1.5394E-07 0.0000E+00 0.0000E+00 1.5394E-07 4.18E-06 6.65E-06   0.437 1.0000 6.8430E-06   1033.645
11751.00 0.65234876 1.2197E-27 0.0000E+00 0.0000E+00 1.6046E-07 1.6046E-07 0.0000E+00 0.0000E+00 1.6046E-07 4.38E-06 6.88E-06   0.427 1.0000 7.0799E-06   1036.995
11761.00 0.65718043 1.1476E-27 0.0000E+00 0.0000E+00 1.4298E-07 1.4298E-07 0.0000E+00 0.0000E+00 1.4298E-07 3.91E-06 6.10E-06   0.420 1.0000 6.2711E-06   1030.425
11771.00 0.65526533 1.0970E-27 0.0000E+00 0.0000E+00 1.5335E-07 1.5335E-07 0.0000E+00 0.0000E+00 1.5335E-07 4.18E-06 6.54E-06   0.423 1.0000 6.7248E-06   1035.553
11781.00 0.65455782 1.0448E-27 0.0000E+00 0.0000E+00 1.6297E-07 1.6297E-07 0.0000E+00 0.0000E+00 1.6297E-07 4.43E-06 6.94E-06   0.424 1.0000 7.1404E-06   1040.143
11791.00 0.65144962 1.0030E-27 0.0000E+00 0.0000E+00 1.6279E-07 1.6279E-07 0.0000E+00 0.0000E+00 1.6279E-07 4.40E-06 6.93E-06   0.429 1.0000 7.1364E-06   1040.791
11801.00 0.66164523 9.2996E-28 0.0000E+00 0.0000E+00 1.6073E-07 1.6073E-07 0.0000E+00 0.0000E+00 1.6073E-07 4.38E-06 6.78E-06   0.413 1.0000 6.9763E-06   1040.700
11811.00 0.65672445 8.9520E-28 0.0000E+00 0.0000E+00 1.6089E-07 1.6089E-07 0.0000E+00 0.0000E+00 1.6089E-07 4.36E-06 6.80E-06   0.420 1.0000 7.0000E-06   1041.482
11821.00 0.65386611 8.5821E-28 0.0000E+00 0.0000E+00 1.6341E-07 1.6341E-07 0.0000E+00 0.0000E+00 1.6341E-07 4.41E-06 6.91E-06   0.425 1.0000 7.1140E-06   1043.197
11831.00 0.65312809 8.1891E-28 0.0000E+00 0.0000E+00 1.6333E-07 1.6333E-07 0.0000E+00 0.0000E+00 1.6333E-07 4.39E-06 6.90E-06   0.426 1.0000 7.1007E-06   1043.885
11841.00 0.64328164 7.9714E-28 0.0000E+00 0.0000E+00 1.6049E-07 1.6049E-07 0.0000E+00 0.0000E+00 1.6049E-07 4.28E-06 6.82E-06   0.441 1.0000 7.0230E-06   1043.480
11851.00 0.62988025 7.8246E-28 0.0000E+00 0.0000E+00 1.5708E-07 1.5708E-07 0.0000E+00 0.0000E+00 1.5708E-07 4.13E-06 6.74E-06   0.462 1.0000 6.9407E-06   1042.829
11861.00 0.63955492 7.2932E-28 0.0000E+00 0.0000E+00 1.6175E-07 1.6175E-07 0.0000E+00 0.0000E+00 1.6175E-07 4.28E-06 6.87E-06   0.447 1.0000 7.0767E-06   1045.423
11871.00 0.64433706 6.8415E-28 0.0000E+00 0.0000E+00 1.6138E-07 1.6138E-07 0.0000E+00 0.0000E+00 1.6138E-07 4.28E-06 6.82E-06   0.440 1.0000 7.0212E-06   1045.996
11881.00 0.62356442 6.8237E-28 0.0000E+00 0.0000E+00 1.6023E-07 1.6023E-07 0.0000E+00 0.0000E+00 1.6023E-07 4.17E-06 6.87E-06   0.472 1.0000 7.0855E-06   1046.255
11891.00 0.61178589 6.6673E-28 0.0000E+00 0.0000E+00 1.6024E-07 1.6024E-07 0.0000E+00 0.0000E+00 1.6024E-07 4.12E-06 6.93E-06   0.491 1.0000 7.1453E-06   1046.979
11901.00 0.62703902 6.1509E-28 0.0000E+00 0.0000E+00 1.6156E-07 1.6156E-07 0.0000E+00 0.0000E+00 1.6156E-07 4.20E-06 6.88E-06   0.467 1.0000 7.0928E-06   1048.224
11911.00 0.62580687 5.8679E-28 0.0000E+00 0.0000E+00 1.6089E-07 1.6089E-07 0.0000E+00 0.0000E+00 1.6089E-07 4.17E-06 6.85E-06   0.469 1.0000 7.0600E-06   1048.676
11921.00 0.60251117 5.8832E-28 0.0000E+00 0.0000E+00 1.5336E-07 1.5336E-07 0.0000E+00 0.0000E+00 1.5336E-07 3.89E-06 6.64E-06   0.507 1.0000 6.8519E-06   1046.324
11931.00 0.60581130 5.5237E-28 0.0000E+00 0.0000E+00 1.5931E-07 1.5931E-07 0.0000E+00 0.0000E+00 1.5931E-07 4.05E-06 6.87E-06   0.501 1.0000 7.0928E-06   1049.480
11941.00 0.59202641 5.4013E-28 0.0000E+00 0.0000E+00 1.5864E-07 1.5864E-07 0.0000E+00 0.0000E+00 1.5864E-07 3.98E-06 6.91E-06   0.524 1.0000 7.1401E-06   1049.925
11951.00 0.59806359 5.0411E-28 0.0000E+00 0.0000E+00 1.5737E-07 1.5737E-07 0.0000E+00 0.0000E+00 1.5737E-07 3.97E-06 6.82E-06   0.514 1.0000 7.0443E-06   1050.130
11961.00 0.57508236 4.9905E-28 0.0000E+00 0.0000E+00 1.5560E-07 1.5560E-07 0.0000E+00 0.0000E+00 1.5560E-07 3.85E-06 6.87E-06   0.553 1.0000 7.1078E-06   1050.121
11971.00 0.58017987 4.7288E-28 0.0000E+00 0.0000E+00 1.5636E-07 1.5636E-07 0.0000E+00 0.0000E+00 1.5636E-07 3.87E-06 6.86E-06   0.544 1.0000 7.0906E-06   1051.150
11981.00 0.58693510 4.4449E-28 0.0000E+00 0.0000E+00 1.5485E-07 1.5485E-07 0.0000E+00 0.0000E+00 1.5485E-07 3.85E-06 6.74E-06   0.533 1.0000 6.9668E-06   1051.245
11991.00 0.53594625 4.5767E-28 0.0000E+00 0.0000E+00 1.4762E-07 1.4762E-07 0.0000E+00 0.0000E+00 1.4762E-07 3.51E-06 6.71E-06   0.624 1.0000 6.9804E-06   1048.904
12001.00 0.53388995 4.3843E-28 0.0000E+00 0.0000E+00 1.4550E-07 1.4550E-07 0.0000E+00 0.0000E+00 1.4550E-07 3.44E-06 6.63E-06   0.628 1.0000 6.8879E-06   1048.697
12011.00 0.54143161 3.9544E-28 0.0000E+00 0.0000E+00 1.4742E-07 1.4742E-07 0.0000E+00 0.0000E+00 1.4742E-07 3.55E-06 6.68E-06   0.614 1.0000 6.9934E-06   1050.250
12021.00 0.49989316 4.0538E-28 0.0000E+00 0.0000E+00 1.4346E-07 1.4346E-07 0.0000E+00 0.0000E+00 1.4346E-07 3.30E-06 6.73E-06   0.693 1.0000 7.0695E-06   1049.228
12031.00 0.54829127 3.6775E-28 0.0000E+00 0.0000E+00 1.4963E-07 1.4963E-07 0.0000E+00 0.0000E+00 1.4963E-07 3.57E-06 6.68E-06   0.601 1.0000 6.9475E-06   1052.629
12041.00 0.51629603 3.5922E-28 0.0000E+00 0.0000E+00 1.4572E-07 1.4572E-07 0.0000E+00 0.0000E+00 1.4572E-07 3.40E-06 6.69E-06   0.661 1.0000 7.0298E-06   1051.652
12051.00 0.50815082 3.4416E-28 0.0000E+00 0.0000E+00 1.4488E-07 1.4488E-07 0.0000E+00 0.0000E+00 1.4488E-07 3.35E-06 6.71E-06   0.677 1.0000 7.0419E-06   1051.995
12061.00 0.47980830 3.3633E-28 0.0000E+00 0.0000E+00 1.4121E-07 1.4121E-07 0.0000E+00 0.0000E+00 1.4121E-07 3.18E-06 6.72E-06   0.734 1.0000 7.1140E-06   1051.076
12071.00 0.48773578 3.1723E-28 0.0000E+00 0.0000E+00 1.4373E-07 1.4373E-07 0.0000E+00 0.0000E+00 1.4373E-07 3.26E-06 6.76E-06   0.718 1.0000 7.1599E-06   1052.916
12081.00 0.43956649 3.2060E-28 0.0000E+00 0.0000E+00 1.3514E-07 1.3514E-07 0.0000E+00 0.0000E+00 1.3514E-07 2.90E-06 6.69E-06   0.822 1.0000 7.1226E-06   1049.710
12091.00 0.56529343 2.6434E-28 0.0000E+00 0.0000E+00 1.5766E-07 1.5766E-07 0.0000E+00 0.0000E+00 1.5766E-07 3.78E-06 6.86E-06   0.570 1.0000 7.1353E-06   1060.287
12101.00 0.51588893 2.6809E-28 0.0000E+00 0.0000E+00 1.4940E-07 1.4940E-07 0.0000E+00 0.0000E+00 1.4940E-07 3.44E-06 6.80E-06   0.662 1.0000 7.1283E-06   1057.537
12111.00 0.51447511 2.5431E-28 0.0000E+00 0.0000E+00 1.4814E-07 1.4814E-07 0.0000E+00 0.0000E+00 1.4814E-07 3.41E-06 6.74E-06   0.665 1.0000 7.0848E-06   1057.706
12121.00 0.57402015 2.2474E-28 0.0000E+00 0.0000E+00 1.5728E-07 1.5728E-07 0.0000E+00 0.0000E+00 1.5728E-07 3.78E-06 6.76E-06   0.555 1.0000 7.0243E-06   1062.282
12131.00 0.50920546 2.3656E-28 0.0000E+00 0.0000E+00 1.4829E-07 1.4829E-07 0.0000E+00 0.0000E+00 1.4829E-07 3.35E-06 6.75E-06   0.675 1.0000 7.0679E-06   1059.201
12141.00 0.40816638 2.4428E-28 0.0000E+00 0.0000E+00 1.2824E-07 1.2824E-07 0.0000E+00 0.0000E+00 1.2824E-07 2.64E-06 6.50E-06   0.896 1.0000 6.9714E-06   1050.652
12151.00 0.26866284 2.4597E-28 0.0000E+00 0.0000E+00 1.0044E-07 1.0044E-07 0.0000E+00 0.0000E+00 1.0044E-07 1.72E-06 6.25E-06   1.314 1.0000 7.0361E-06   1036.135
12161.00 0.49129573 2.0411E-28 0.0000E+00 0.0000E+00 1.4150E-07 1.4150E-07 0.0000E+00 0.0000E+00 1.4150E-07 3.15E-06 6.56E-06   0.711 1.0000 6.9045E-06   1058.332
12171.00 0.53614122 1.8598E-28 0.0000E+00 0.0000E+00 1.5065E-07 1.5065E-07 0.0000E+00 0.0000E+00 1.5065E-07 3.47E-06 6.65E-06   0.623 1.0000 6.9343E-06   1063.074
12181.00 0.58186847 1.6570E-28 0.0000E+00 0.0000E+00 1.5896E-07 1.5896E-07 0.0000E+00 0.0000E+00 1.5896E-07 3.80E-06 6.71E-06   0.542 1.0000 6.9604E-06   1067.266
12191.00 0.45803535 1.8071E-28 0.0000E+00 0.0000E+00 1.3627E-07 1.3627E-07 0.0000E+00 0.0000E+00 1.3627E-07 2.94E-06 6.50E-06   0.781 1.0000 6.9001E-06   1058.059
12201.00 0.45527935 1.7213E-28 0.0000E+00 0.0000E+00 1.3391E-07 1.3391E-07 0.0000E+00 0.0000E+00 1.3391E-07 2.87E-06 6.38E-06   0.787 1.0000 6.8274E-06   1057.659
12211.00 0.44730547 1.6673E-28 0.0000E+00 0.0000E+00 1.3602E-07 1.3602E-07 0.0000E+00 0.0000E+00 1.3602E-07 2.88E-06 6.51E-06   0.805 1.0000 6.9594E-06   1059.366
12221.00 0.38572961 1.6597E-28 0.0000E+00 0.0000E+00 1.2434E-07 1.2434E-07 0.0000E+00 0.0000E+00 1.2434E-07 2.46E-06 6.43E-06   0.953 1.0000 6.9415E-06   1054.367
12231.00 0.44407183 1.4970E-28 0.0000E+00 0.0000E+00 1.3878E-07 1.3878E-07 0.0000E+00 0.0000E+00 1.3878E-07 2.94E-06 6.67E-06   0.812 1.0000 7.1216E-06   1062.071
12241.00 0.39311585 1.4778E-28 0.0000E+00 0.0000E+00 1.2854E-07 1.2854E-07 0.0000E+00 0.0000E+00 1.2854E-07 2.57E-06 6.56E-06   0.934 1.0000 7.0928E-06   1057.890
12251.00 0.40468469 1.3909E-28 0.0000E+00 0.0000E+00 1.3064E-07 1.3064E-07 0.0000E+00 0.0000E+00 1.3064E-07 2.65E-06 6.54E-06   0.905 1.0000 7.0794E-06   1059.628
12261.00 0.41512650 1.3449E-28 0.0000E+00 0.0000E+00 1.3436E-07 1.3436E-07 0.0000E+00 0.0000E+00 1.3436E-07 2.72E-06 6.64E-06   0.879 1.0000 7.0894E-06   1062.129
12271.00 0.41303456 1.2907E-28 0.0000E+00 0.0000E+00 1.3487E-07 1.3487E-07 0.0000E+00 0.0000E+00 1.3487E-07 2.71E-06 6.69E-06   0.884 1.0000 7.0956E-06   1063.084
12281.00 0.46395132 1.1757E-28 0.0000E+00 0.0000E+00 1.4511E-07 1.4511E-07 0.0000E+00 0.0000E+00 1.4511E-07 3.07E-06 6.76E-06   0.768 1.0000 7.1191E-06   1068.503
12291.00 0.44024548 1.1473E-28 0.0000E+00 0.0000E+00 1.4139E-07 1.4139E-07 0.0000E+00 0.0000E+00 1.4139E-07 2.91E-06 6.77E-06   0.820 1.0000 7.1358E-06   1067.537
12301.00 0.53235829 9.9163E-29 0.0000E+00 0.0000E+00 1.5767E-07 1.5767E-07 0.0000E+00 0.0000E+00 1.5767E-07 3.53E-06 6.83E-06   0.630 1.0000 7.1019E-06   1075.323
12311.00 0.53403723 9.5435E-29 0.0000E+00 0.0000E+00 1.5875E-07 1.5875E-07 0.0000E+00 0.0000E+00 1.5875E-07 3.53E-06 6.84E-06   0.627 1.0000 7.1036E-06   1076.484
12321.00 0.54764491 8.8208E-29 0.0000E+00 0.0000E+00 1.6051E-07 1.6051E-07 0.0000E+00 0.0000E+00 1.6051E-07 3.62E-06 6.82E-06   0.602 1.0000 7.0841E-06   1077.918
12331.00 0.57046711 8.1286E-29 0.0000E+00 0.0000E+00 1.6506E-07 1.6506E-07 0.0000E+00 0.0000E+00 1.6506E-07 3.79E-06 6.85E-06   0.561 1.0000 7.1024E-06   1080.471
12341.00 0.58842927 7.4919E-29 0.0000E+00 0.0000E+00 1.6603E-07 1.6603E-07 0.0000E+00 0.0000E+00 1.6603E-07 3.87E-06 6.77E-06   0.530 1.0000 7.0116E-06   1081.573
12351.00 0.58318269 7.1847E-29 0.0000E+00 0.0000E+00 1.6330E-07 1.6330E-07 0.0000E+00 0.0000E+00 1.6330E-07 3.78E-06 6.68E-06   0.539 1.0000 6.9247E-06   1081.198
12361.00 0.60002774 6.6093E-29 0.0000E+00 0.0000E+00 1.6745E-07 1.6745E-07 0.0000E+00 0.0000E+00 1.6745E-07 3.93E-06 6.74E-06   0.511 1.0000 6.9793E-06   1083.568
12371.00 0.60253316 6.2703E-29 0.0000E+00 0.0000E+00 1.6926E-07 1.6926E-07 0.0000E+00 0.0000E+00 1.6926E-07 3.97E-06 6.79E-06   0.507 1.0000 7.0253E-06   1084.993
12381.00 0.61411649 5.8108E-29 0.0000E+00 0.0000E+00 1.7146E-07 1.7146E-07 0.0000E+00 0.0000E+00 1.7146E-07 4.06E-06 6.81E-06   0.488 1.0000 7.0369E-06   1086.565
12391.00 0.61126971 5.5594E-29 0.0000E+00 0.0000E+00 1.7246E-07 1.7246E-07 0.0000E+00 0.0000E+00 1.7246E-07 4.07E-06 6.85E-06   0.492 1.0000 7.0840E-06   1087.667
12401.00 0.61106533 5.2951E-29 0.0000E+00 0.0000E+00 1.7424E-07 1.7424E-07 0.0000E+00 0.0000E+00 1.7424E-07 4.10E-06 6.91E-06   0.493 1.0000 7.1455E-06   1089.068
12411.00 0.61490852 4.9993E-29 0.0000E+00 0.0000E+00 1.7384E-07 1.7384E-07 0.0000E+00 0.0000E+00 1.7384E-07 4.10E-06 6.86E-06   0.486 1.0000 7.0929E-06   1089.633
12421.00 0.60871851 4.8023E-29 0.0000E+00 0.0000E+00 1.6798E-07 1.6798E-07 0.0000E+00 0.0000E+00 1.6798E-07 3.94E-06 6.65E-06   0.496 1.0000 6.8849E-06   1088.073
12431.00 0.57938057 4.8486E-29 0.0000E+00 0.0000E+00 1.6775E-07 1.6775E-07 0.0000E+00 0.0000E+00 1.6775E-07 3.82E-06 6.80E-06   0.546 1.0000 7.0471E-06   1088.699
12441.00 0.58154994 4.5893E-29 0.0000E+00 0.0000E+00 1.6919E-07 1.6919E-07 0.0000E+00 0.0000E+00 1.6919E-07 3.86E-06 6.83E-06   0.542 1.0000 7.0810E-06   1089.982
12451.00 0.57772940 4.4031E-29 0.0000E+00 0.0000E+00 1.6687E-07 1.6687E-07 0.0000E+00 0.0000E+00 1.6687E-07 3.78E-06 6.75E-06   0.549 1.0000 6.9937E-06   1089.782
12461.00 0.56620842 4.2941E-29 0.0000E+00 0.0000E+00 1.6731E-07 1.6731E-07 0.0000E+00 0.0000E+00 1.6731E-07 3.74E-06 6.82E-06   0.569 1.0000 7.0759E-06   1090.671
12471.00 0.58417326 3.9354E-29 0.0000E+00 0.0000E+00 1.7116E-07 1.7116E-07 0.0000E+00 0.0000E+00 1.7116E-07 3.89E-06 6.86E-06   0.538 1.0000 7.1120E-06   1092.900
12481.00 0.57195866 3.8009E-29 0.0000E+00 0.0000E+00 1.6894E-07 1.6894E-07 0.0000E+00 0.0000E+00 1.6894E-07 3.80E-06 6.85E-06   0.559 1.0000 7.1032E-06   1092.748
12491.00 0.57888097 3.5774E-29 0.0000E+00 0.0000E+00 1.6900E-07 1.6900E-07 0.0000E+00 0.0000E+00 1.6900E-07 3.82E-06 6.79E-06   0.547 1.0000 7.0410E-06   1093.486
12501.00 0.58021832 3.4139E-29 0.0000E+00 0.0000E+00 1.6773E-07 1.6773E-07 0.0000E+00 0.0000E+00 1.6773E-07 3.78E-06 6.71E-06   0.544 1.0000 6.9583E-06   1093.701
12511.00 0.60222632 3.1196E-29 0.0000E+00 0.0000E+00 1.7528E-07 1.7528E-07 0.0000E+00 0.0000E+00 1.7528E-07 4.02E-06 6.87E-06   0.507 1.0000 7.1163E-06   1097.351
12521.00 0.58886427 3.0377E-29 0.0000E+00 0.0000E+00 1.7321E-07 1.7321E-07 0.0000E+00 0.0000E+00 1.7321E-07 3.92E-06 6.86E-06   0.530 1.0000 7.1113E-06   1097.273
12531.00 0.60624379 2.8008E-29 0.0000E+00 0.0000E+00 1.7601E-07 1.7601E-07 0.0000E+00 0.0000E+00 1.7601E-07 4.04E-06 6.86E-06   0.500 1.0000 7.0974E-06   1099.066
12541.00 0.59007037 2.7410E-29 0.0000E+00 0.0000E+00 1.7337E-07 1.7337E-07 0.0000E+00 0.0000E+00 1.7337E-07 3.92E-06 6.84E-06   0.528 1.0000 7.0882E-06   1098.768
12551.00 0.56588852 2.7117E-29 0.0000E+00 0.0000E+00 1.6987E-07 1.6987E-07 0.0000E+00 0.0000E+00 1.6987E-07 3.75E-06 6.84E-06   0.569 1.0000 7.0994E-06   1098.120
12561.00 0.55279797 2.6372E-29 0.0000E+00 0.0000E+00 1.6648E-07 1.6648E-07 0.0000E+00 0.0000E+00 1.6648E-07 3.63E-06 6.77E-06   0.593 1.0000 7.0428E-06   1097.492
12571.00 0.60355324 2.2998E-29 0.0000E+00 0.0000E+00 1.7560E-07 1.7560E-07 0.0000E+00 0.0000E+00 1.7560E-07 3.99E-06 6.81E-06   0.505 1.0000 7.0580E-06   1101.773
12581.00 0.61121339 2.1553E-29 0.0000E+00 0.0000E+00 1.7085E-07 1.7085E-07 0.0000E+00 0.0000E+00 1.7085E-07 3.90E-06 6.58E-06   0.492 1.0000 6.8119E-06   1100.650
12591.00 0.61992109 2.0138E-29 0.0000E+00 0.0000E+00 1.7307E-07 1.7307E-07 0.0000E+00 0.0000E+00 1.7307E-07 3.98E-06 6.60E-06   0.478 1.0000 6.8345E-06   1102.230
12601.00 0.61040419 1.9480E-29 0.0000E+00 0.0000E+00 1.7175E-07 1.7175E-07 0.0000E+00 0.0000E+00 1.7175E-07 3.91E-06 6.60E-06   0.494 1.0000 6.8321E-06   1102.433
12611.00 0.58018804 1.9566E-29 0.0000E+00 0.0000E+00 1.7155E-07 1.7155E-07 0.0000E+00 0.0000E+00 1.7155E-07 3.81E-06 6.75E-06   0.544 1.0000 7.0130E-06   1103.071
12621.00 0.58140153 1.8521E-29 0.0000E+00 0.0000E+00 1.7188E-07 1.7188E-07 0.0000E+00 0.0000E+00 1.7188E-07 3.81E-06 6.75E-06   0.542 1.0000 7.0117E-06   1103.916
12631.00 0.58811331 1.7533E-29 0.0000E+00 0.0000E+00 1.7097E-07 1.7097E-07 0.0000E+00 0.0000E+00 1.7097E-07 3.80E-06 6.66E-06   0.531 1.0000 6.9099E-06   1104.275
12641.00 0.57443064 1.7035E-29 0.0000E+00 0.0000E+00 1.7220E-07 1.7220E-07 0.0000E+00 0.0000E+00 1.7220E-07 3.78E-06 6.78E-06   0.554 1.0000 7.0438E-06   1105.472
12651.00 0.57576424 1.6163E-29 0.0000E+00 0.0000E+00 1.7402E-07 1.7402E-07 0.0000E+00 0.0000E+00 1.7402E-07 3.82E-06 6.83E-06   0.552 1.0000 7.0958E-06   1106.893
12661.00 0.55827779 1.5820E-29 0.0000E+00 0.0000E+00 1.7104E-07 1.7104E-07 0.0000E+00 0.0000E+00 1.7104E-07 3.69E-06 6.81E-06   0.583 1.0000 7.0839E-06   1106.447
12671.00 0.57155818 1.4843E-29 0.0000E+00 0.0000E+00 1.7474E-07 1.7474E-07 0.0000E+00 0.0000E+00 1.7474E-07 3.80E-06 6.86E-06   0.559 1.0000 7.1204E-06   1108.600
12681.00 0.59692353 1.3483E-29 0.0000E+00 0.0000E+00 1.7829E-07 1.7829E-07 0.0000E+00 0.0000E+00 1.7829E-07 3.96E-06 6.83E-06   0.516 1.0000 7.0842E-06   1110.675
12691.00 0.59337765 1.2887E-29 0.0000E+00 0.0000E+00 1.7706E-07 1.7706E-07 0.0000E+00 0.0000E+00 1.7706E-07 3.91E-06 6.80E-06   0.522 1.0000 7.0488E-06   1110.924
12701.00 0.60189456 1.2081E-29 0.0000E+00 0.0000E+00 1.7999E-07 1.7999E-07 0.0000E+00 0.0000E+00 1.7999E-07 4.00E-06 6.85E-06   0.508 1.0000 7.0968E-06   1112.748
12711.00 0.59935272 1.1580E-29 0.0000E+00 0.0000E+00 1.8103E-07 1.8103E-07 0.0000E+00 0.0000E+00 1.8103E-07 4.00E-06 6.89E-06   0.512 1.0000 7.1406E-06   1113.856
12721.00 0.61787283 1.0585E-29 0.0000E+00 0.0000E+00 1.8056E-07 1.8056E-07 0.0000E+00 0.0000E+00 1.8056E-07 4.05E-06 6.76E-06   0.481 1.0000 6.9992E-06   1114.395
12731.00 0.61838382 1.0057E-29 0.0000E+00 0.0000E+00 1.8058E-07 1.8058E-07 0.0000E+00 0.0000E+00 1.8058E-07 4.05E-06 6.74E-06   0.481 1.0000 6.9861E-06   1115.119
12741.00 0.61836368 9.5667E-30 0.0000E+00 0.0000E+00 1.8386E-07 1.8386E-07 0.0000E+00 0.0000E+00 1.8386E-07 4.12E-06 6.85E-06   0.481 1.0000 7.1028E-06   1117.060
12751.00 0.61997437 9.0671E-30 0.0000E+00 0.0000E+00 1.8395E-07 1.8395E-07 0.0000E+00 0.0000E+00 1.8395E-07 4.12E-06 6.84E-06   0.478 1.0000 7.0859E-06   1117.808
12761.00 0.62207222 8.5824E-30 0.0000E+00 0.0000E+00 1.7984E-07 1.7984E-07 0.0000E+00 0.0000E+00 1.7984E-07 4.03E-06 6.66E-06   0.475 1.0000 6.9058E-06   1116.989
12771.00 0.62226415 8.1603E-30 0.0000E+00 0.0000E+00 1.8355E-07 1.8355E-07 0.0000E+00 0.0000E+00 1.8355E-07 4.11E-06 6.79E-06   0.474 1.0000 7.0362E-06   1119.092
12781.00 0.62202811 7.7666E-30 0.0000E+00 0.0000E+00 1.8585E-07 1.8585E-07 0.0000E+00 0.0000E+00 1.8585E-07 4.15E-06 6.86E-06   0.475 1.0000 7.1156E-06   1120.659
12791.00 0.62177962 7.3928E-30 0.0000E+00 0.0000E+00 1.8618E-07 1.8618E-07 0.0000E+00 0.0000E+00 1.8618E-07 4.15E-06 6.87E-06   0.475 1.0000 7.1190E-06   1121.497
12801.00 0.62177283 7.0325E-30 0.0000E+00 0.0000E+00 1.8339E-07 1.8339E-07 0.0000E+00 0.0000E+00 1.8339E-07 4.08E-06 6.75E-06   0.475 1.0000 7.0016E-06   1121.181
12811.00 0.62091792 6.7032E-30 0.0000E+00 0.0000E+00 1.8572E-07 1.8572E-07 0.0000E+00 0.0000E+00 1.8572E-07 4.12E-06 6.83E-06   0.477 1.0000 7.0852E-06   1122.762
12821.00 0.62100023 6.3754E-30 0.0000E+00 0.0000E+00 1.8380E-07 1.8380E-07 0.0000E+00 0.0000E+00 1.8380E-07 4.07E-06 6.75E-06   0.476 1.0000 7.0007E-06   1122.766
12831.00 0.62001908 6.0787E-30 0.0000E+00 0.0000E+00 1.8619E-07 1.8619E-07 0.0000E+00 0.0000E+00 1.8619E-07 4.12E-06 6.83E-06   0.478 1.0000 7.0866E-06   1124.365
12841.00 0.62008852 5.7815E-30 0.0000E+00 0.0000E+00 1.8706E-07 1.8706E-07 0.0000E+00 0.0000E+00 1.8706E-07 4.13E-06 6.85E-06   0.478 1.0000 7.1081E-06   1125.402
12851.00 0.61951244 5.5071E-30 0.0000E+00 0.0000E+00 1.8709E-07 1.8709E-07 0.0000E+00 0.0000E+00 1.8709E-07 4.12E-06 6.85E-06   0.479 1.0000 7.1013E-06   1126.127
12861.00 0.61912954 5.2435E-30 0.0000E+00 0.0000E+00 1.8354E-07 1.8354E-07 0.0000E+00 0.0000E+00 1.8354E-07 4.03E-06 6.71E-06   0.479 1.0000 6.9577E-06   1125.531
12871.00 0.61881793 4.9916E-30 0.0000E+00 0.0000E+00 1.8791E-07 1.8791E-07 0.0000E+00 0.0000E+00 1.8791E-07 4.12E-06 6.86E-06   0.480 1.0000 7.1139E-06   1127.861
12881.00 0.61821938 4.7548E-30 0.0000E+00 0.0000E+00 1.8773E-07 1.8773E-07 0.0000E+00 0.0000E+00 1.8773E-07 4.11E-06 6.84E-06   0.481 1.0000 7.0994E-06   1128.510
12891.00 0.61729479 4.5325E-30 0.0000E+00 0.0000E+00 1.8775E-07 1.8775E-07 0.0000E+00 0.0000E+00 1.8775E-07 4.10E-06 6.84E-06   0.482 1.0000 7.0944E-06   1129.233
12901.00 0.61672300 4.3169E-30 0.0000E+00 0.0000E+00 1.7892E-07 1.7892E-07 0.0000E+00 0.0000E+00 1.7892E-07 3.90E-06 6.51E-06   0.483 1.0000 6.7536E-06   1126.648
12911.00 0.61546367 4.1175E-30 0.0000E+00 0.0000E+00 1.8313E-07 1.8313E-07 0.0000E+00 0.0000E+00 1.8313E-07 3.98E-06 6.66E-06   0.485 1.0000 6.9089E-06   1128.954
12921.00 0.61463064 3.9237E-30 0.0000E+00 0.0000E+00 1.8849E-07 1.8849E-07 0.0000E+00 0.0000E+00 1.8849E-07 4.09E-06 6.85E-06   0.487 1.0000 7.1049E-06   1131.653
12931.00 0.61312759 3.7439E-30 0.0000E+00 0.0000E+00 1.8746E-07 1.8746E-07 0.0000E+00 0.0000E+00 1.8746E-07 4.05E-06 6.81E-06   0.489 1.0000 7.0646E-06   1131.993
12941.00 0.61097234 3.5769E-30 0.0000E+00 0.0000E+00 1.8288E-07 1.8288E-07 0.0000E+00 0.0000E+00 1.8288E-07 3.94E-06 6.64E-06   0.493 1.0000 6.8949E-06   1131.004
12951.00 0.60985285 3.4102E-30 0.0000E+00 0.0000E+00 1.8544E-07 1.8544E-07 0.0000E+00 0.0000E+00 1.8544E-07 3.98E-06 6.73E-06   0.495 1.0000 6.9877E-06   1132.676
12961.00 0.60854149 3.2515E-30 0.0000E+00 0.0000E+00 1.8304E-07 1.8304E-07 0.0000E+00 0.0000E+00 1.8304E-07 3.92E-06 6.64E-06   0.497 1.0000 6.8945E-06   1132.493
12971.00 0.60650712 3.1017E-30 0.0000E+00 0.0000E+00 1.8646E-07 1.8646E-07 0.0000E+00 0.0000E+00 1.8646E-07 3.98E-06 6.76E-06   0.500 1.0000 7.0270E-06   1134.484
12981.00 0.59779698 2.9908E-30 0.0000E+00 0.0000E+00 1.8419E-07 1.8419E-07 0.0000E+00 0.0000E+00 1.8419E-07 3.90E-06 6.72E-06   0.515 1.0000 6.9958E-06   1134.355
12991.00 0.58884043 2.8734E-30 0.0000E+00 0.0000E+00 1.8187E-07 1.8187E-07 0.0000E+00 0.0000E+00 1.8187E-07 3.83E-06 6.68E-06   0.530 1.0000 6.9674E-06   1134.195
13001.00 0.57422197 2.7744E-30 0.0000E+00 0.0000E+00 1.7986E-07 1.7986E-07 0.0000E+00 0.0000E+00 1.7986E-07 3.75E-06 6.67E-06   0.555 1.0000 6.9977E-06   1134.146
13011.00 0.56414258 2.6575E-30 0.0000E+00 0.0000E+00 1.7935E-07 1.7935E-07 0.0000E+00 0.0000E+00 1.7935E-07 3.71E-06 6.69E-06   0.572 1.0000 7.0635E-06   1134.666
13021.00 0.53662413 2.5850E-30 0.0000E+00 0.0000E+00 1.7282E-07 1.7282E-07 0.0000E+00 0.0000E+00 1.7282E-07 3.51E-06 6.58E-06   0.622 1.0000 7.0503E-06   1132.831
13031.00 0.50563318 2.5336E-30 0.0000E+00 0.0000E+00 1.6683E-07 1.6683E-07 0.0000E+00 0.0000E+00 1.6683E-07 3.31E-06 6.52E-06   0.682 1.0000 7.0771E-06   1131.129
13041.00 0.45971060 2.4871E-30 0.0000E+00 0.0000E+00 1.4864E-07 1.4864E-07 0.0000E+00 0.0000E+00 1.4864E-07 2.85E-06 6.03E-06   0.777 1.0000 6.7057E-06   1124.014
13051.00 0.40651008 2.4745E-30 0.0000E+00 0.0000E+00 1.3451E-07 1.3451E-07 0.0000E+00 0.0000E+00 1.3451E-07 2.44E-06 5.80E-06   0.900 1.0000 6.6213E-06   1118.031
13061.00 0.33961850 2.4028E-30 0.0000E+00 0.0000E+00 1.2259E-07 1.2259E-07 0.0000E+00 0.0000E+00 1.2259E-07 2.08E-06 5.72E-06   1.080 1.0000 6.8845E-06   1112.589
13071.00 0.27305472 2.2817E-30 0.0000E+00 0.0000E+00 1.0768E-07 1.0768E-07 0.0000E+00 0.0000E+00 1.0768E-07 1.69E-06 5.49E-06   1.298 1.0000 7.1115E-06   1104.807
13081.00 0.21922877 2.1572E-30 0.0000E+00 0.0000E+00 9.2157E-08 9.2157E-08 0.0000E+00 0.0000E+00 9.2157E-08 1.33E-06 5.15E-06   1.518 1.0000 7.1104E-06   1095.487
13091.00 0.15906522 2.0111E-30 0.0000E+00 0.0000E+00 7.3818E-08 7.3818E-08 0.0000E+00 0.0000E+00 7.3818E-08 9.27E-07 4.68E-06   1.838 1.0000 7.1062E-06   1082.203
13101.00 0.13143748 1.8790E-30 0.0000E+00 0.0000E+00 6.4674E-08 6.4674E-08 0.0000E+00 0.0000E+00 6.4674E-08 7.41E-07 4.41E-06   2.029 1.0000 7.1028E-06   1074.722
13111.00 0.14713700 1.8436E-30 0.0000E+00 0.0000E+00 6.9340E-08 6.9340E-08 0.0000E+00 0.0000E+00 6.9340E-08 8.16E-07 4.52E-06   1.916 1.0000 7.0290E-06   1079.691
13121.00 0.32820514 1.7755E-30 0.0000E+00 0.0000E+00 1.1544E-07 1.1544E-07 0.0000E+00 0.0000E+00 1.1544E-07 1.92E-06 5.40E-06   1.114 1.0000 6.7816E-06   1112.836
13131.00 0.12781739 1.6281E-30 0.0000E+00 0.0000E+00 6.2142E-08 6.2142E-08 0.0000E+00 0.0000E+00 6.2142E-08 6.98E-07 4.32E-06   2.057 1.0000 6.9749E-06   1074.317
13141.00 0.02344048 1.2786E-30 0.0000E+00 0.0000E+00 2.6216E-08 2.6216E-08 0.0000E+00 0.0000E+00 2.6216E-08 9.95E-08 3.22E-06   3.753 1.0000 7.0062E-06   1024.713
13151.00 0.02169939 1.1719E-30 0.0000E+00 0.0000E+00 2.5530E-08 2.5530E-08 0.0000E+00 0.0000E+00 2.5530E-08 9.86E-08 3.14E-06   3.830 1.0000 6.9759E-06   1023.895
13161.00 0.13283329 1.3226E-30 0.0000E+00 0.0000E+00 6.6342E-08 6.6342E-08 0.0000E+00 0.0000E+00 6.6342E-08 8.09E-07 4.55E-06   2.019 1.0000 7.0394E-06   1080.368
13171.00 0.53435177 1.2117E-30 0.0000E+00 0.0000E+00 1.7528E-07 1.7528E-07 0.0000E+00 0.0000E+00 1.7528E-07 3.48E-06 6.53E-06   0.627 1.0000 7.0248E-06   1144.481
13181.00 0.60112000 1.1024E-30 0.0000E+00 0.0000E+00 1.8712E-07 1.8712E-07 0.0000E+00 0.0000E+00 1.8712E-07 3.84E-06 6.59E-06   0.509 1.0000 6.8540E-06   1149.733
13191.00 0.60359383 1.0438E-30 0.0000E+00 0.0000E+00 1.9236E-07 1.9236E-07 0.0000E+00 0.0000E+00 1.9236E-07 3.95E-06 6.75E-06   0.505 1.0000 7.0170E-06   1152.373
13201.00 0.60340840 9.9331E-31 0.0000E+00 0.0000E+00 1.9156E-07 1.9156E-07 0.0000E+00 0.0000E+00 1.9156E-07 3.93E-06 6.71E-06   0.505 1.0000 6.9786E-06   1152.798
13211.00 0.60315758 9.4539E-31 0.0000E+00 0.0000E+00 1.9178E-07 1.9178E-07 0.0000E+00 0.0000E+00 1.9178E-07 3.93E-06 6.71E-06   0.506 1.0000 6.9776E-06   1153.591
13221.00 0.60261095 9.0033E-31 0.0000E+00 0.0000E+00 1.9137E-07 1.9137E-07 0.0000E+00 0.0000E+00 1.9137E-07 3.91E-06 6.69E-06   0.506 1.0000 6.9558E-06   1154.155
13231.00 0.60201937 8.5750E-31 0.0000E+00 0.0000E+00 1.9052E-07 1.9052E-07 0.0000E+00 0.0000E+00 1.9052E-07 3.88E-06 6.65E-06   0.507 1.0000 6.9184E-06   1154.558
13241.00 0.60154748 8.1650E-31 0.0000E+00 0.0000E+00 1.9390E-07 1.9390E-07 0.0000E+00 0.0000E+00 1.9390E-07 3.94E-06 6.76E-06   0.508 1.0000 7.0339E-06   1156.506
13251.00 0.60115379 7.7735E-31 0.0000E+00 0.0000E+00 1.9468E-07 1.9468E-07 0.0000E+00 0.0000E+00 1.9468E-07 3.95E-06 6.78E-06   0.509 1.0000 7.0541E-06   1157.500
13261.00 0.60036796 7.4066E-31 0.0000E+00 0.0000E+00 1.9542E-07 1.9542E-07 0.0000E+00 0.0000E+00 1.9542E-07 3.96E-06 6.80E-06   0.510 1.0000 7.0756E-06   1158.483
13271.00 0.60010374 7.0494E-31 0.0000E+00 0.0000E+00 1.9364E-07 1.9364E-07 0.0000E+00 0.0000E+00 1.9364E-07 3.92E-06 6.73E-06   0.511 1.0000 7.0026E-06   1158.552
13281.00 0.59957874 6.7130E-31 0.0000E+00 0.0000E+00 1.9213E-07 1.9213E-07 0.0000E+00 0.0000E+00 1.9213E-07 3.88E-06 6.67E-06   0.512 1.0000 6.9412E-06   1158.715
13291.00 0.59901005 6.3935E-31 0.0000E+00 0.0000E+00 1.9163E-07 1.9163E-07 0.0000E+00 0.0000E+00 1.9163E-07 3.86E-06 6.64E-06   0.512 1.0000 6.9165E-06   1159.246
13301.00 0.59821975 6.0919E-31 0.0000E+00 0.0000E+00 1.9434E-07 1.9434E-07 0.0000E+00 0.0000E+00 1.9434E-07 3.90E-06 6.73E-06   0.514 1.0000 7.0096E-06   1160.950
13311.00 0.59792566 5.7983E-31 0.0000E+00 0.0000E+00 1.8864E-07 1.8864E-07 0.0000E+00 0.0000E+00 1.8864E-07 3.78E-06 6.53E-06   0.514 1.0000 6.7959E-06   1159.570
13321.00 0.59672928 5.5296E-31 0.0000E+00 0.0000E+00 1.9452E-07 1.9452E-07 0.0000E+00 0.0000E+00 1.9452E-07 3.89E-06 6.72E-06   0.516 1.0000 7.0050E-06   1162.443
13331.00 0.59648359 5.2625E-31 0.0000E+00 0.0000E+00 1.9297E-07 1.9297E-07 0.0000E+00 0.0000E+00 1.9297E-07 3.85E-06 6.66E-06   0.517 1.0000 6.9407E-06   1162.590
13341.00 0.59607148 5.0102E-31 0.0000E+00 0.0000E+00 1.8877E-07 1.8877E-07 0.0000E+00 0.0000E+00 1.8877E-07 3.76E-06 6.51E-06   0.517 1.0000 6.7825E-06   1161.757
13351.00 0.59583259 4.7679E-31 0.0000E+00 0.0000E+00 1.9480E-07 1.9480E-07 0.0000E+00 0.0000E+00 1.9480E-07 3.87E-06 6.71E-06   0.518 1.0000 6.9903E-06   1164.683
13361.00 0.59530020 4.5404E-31 0.0000E+00 0.0000E+00 1.9384E-07 1.9384E-07 0.0000E+00 0.0000E+00 1.9384E-07 3.85E-06 6.67E-06   0.519 1.0000 6.9490E-06   1165.050
13371.00 0.59417892 4.3295E-31 0.0000E+00 0.0000E+00 1.9377E-07 1.9377E-07 0.0000E+00 0.0000E+00 1.9377E-07 3.83E-06 6.66E-06   0.521 1.0000 6.9428E-06   1165.737
13381.00 0.59343940 4.1244E-31 0.0000E+00 0.0000E+00 1.9505E-07 1.9505E-07 0.0000E+00 0.0000E+00 1.9505E-07 3.85E-06 6.70E-06   0.522 1.0000 6.9829E-06   1166.918
13391.00 0.59287465 3.9281E-31 0.0000E+00 0.0000E+00 1.9532E-07 1.9532E-07 0.0000E+00 0.0000E+00 1.9532E-07 3.85E-06 6.70E-06   0.523 1.0000 6.9856E-06   1167.729
13401.00 0.59207171 3.7426E-31 0.0000E+00 0.0000E+00 1.9396E-07 1.9396E-07 0.0000E+00 0.0000E+00 1.9396E-07 3.81E-06 6.65E-06   0.524 1.0000 6.9311E-06   1167.948
13411.00 0.59008628 3.5756E-31 0.0000E+00 0.0000E+00 1.9579E-07 1.9579E-07 0.0000E+00 0.0000E+00 1.9579E-07 3.84E-06 6.71E-06   0.527 1.0000 6.9973E-06   1169.324
13421.00 0.59079045 3.3959E-31 0.0000E+00 0.0000E+00 1.9196E-07 1.9196E-07 0.0000E+00 0.0000E+00 1.9196E-07 3.76E-06 6.56E-06   0.526 1.0000 6.8463E-06   1168.640
13431.00 0.58812261 3.2481E-31 0.0000E+00 0.0000E+00 1.8937E-07 1.8937E-07 0.0000E+00 0.0000E+00 1.8937E-07 3.69E-06 6.48E-06   0.531 1.0000 6.7587E-06   1168.391
13441.00 0.58689827 3.0984E-31 0.0000E+00 0.0000E+00 1.9563E-07 1.9563E-07 0.0000E+00 0.0000E+00 1.9563E-07 3.80E-06 6.69E-06   0.533 1.0000 6.9782E-06   1171.406
13451.00 0.58850878 2.9366E-31 0.0000E+00 0.0000E+00 1.9625E-07 1.9625E-07 0.0000E+00 0.0000E+00 1.9625E-07 3.81E-06 6.69E-06   0.530 1.0000 6.9805E-06   1172.345
13461.00 0.57956278 2.8446E-31 0.0000E+00 0.0000E+00 1.9321E-07 1.9321E-07 0.0000E+00 0.0000E+00 1.9321E-07 3.72E-06 6.63E-06   0.545 1.0000 6.9145E-06   1171.950
13471.00 0.57796067 2.7154E-31 0.0000E+00 0.0000E+00 1.8639E-07 1.8639E-07 0.0000E+00 0.0000E+00 1.8639E-07 3.57E-06 6.39E-06   0.548 1.0000 6.6706E-06   1170.117
13481.00 0.57689041 2.5876E-31 0.0000E+00 0.0000E+00 1.8668E-07 1.8668E-07 0.0000E+00 0.0000E+00 1.8668E-07 3.57E-06 6.40E-06   0.550 1.0000 6.6756E-06   1170.939
13491.00 0.56744784 2.5052E-31 0.0000E+00 0.0000E+00 1.8490E-07 1.8490E-07 0.0000E+00 0.0000E+00 1.8490E-07 3.50E-06 6.38E-06   0.567 1.0000 6.6588E-06   1170.973
13501.00 0.57489473 2.3520E-31 0.0000E+00 0.0000E+00 1.9182E-07 1.9182E-07 0.0000E+00 0.0000E+00 1.9182E-07 3.65E-06 6.56E-06   0.554 1.0000 6.8511E-06   1174.288
13511.00 0.56193691 2.2882E-31 0.0000E+00 0.0000E+00 1.8968E-07 1.8968E-07 0.0000E+00 0.0000E+00 1.8968E-07 3.56E-06 6.55E-06   0.576 1.0000 6.8479E-06   1174.203
13521.00 0.54728752 2.2302E-31 0.0000E+00 0.0000E+00 1.8746E-07 1.8746E-07 0.0000E+00 0.0000E+00 1.8746E-07 3.46E-06 6.55E-06   0.603 1.0000 6.8549E-06   1174.080
13531.00 0.55278683 2.1026E-31 0.0000E+00 0.0000E+00 1.8265E-07 1.8265E-07 0.0000E+00 0.0000E+00 1.8265E-07 3.39E-06 6.35E-06   0.593 1.0000 6.6352E-06   1172.949
13541.00 0.53472918 2.0575E-31 0.0000E+00 0.0000E+00 1.8501E-07 1.8501E-07 0.0000E+00 0.0000E+00 1.8501E-07 3.36E-06 6.52E-06   0.626 1.0000 6.8288E-06   1174.568
13551.00 0.55002511 1.9159E-31 0.0000E+00 0.0000E+00 1.9211E-07 1.9211E-07 0.0000E+00 0.0000E+00 1.9211E-07 3.54E-06 6.66E-06   0.598 1.0000 6.9678E-06   1177.953
13561.00 0.53373063 1.8622E-31 0.0000E+00 0.0000E+00 1.8951E-07 1.8951E-07 0.0000E+00 0.0000E+00 1.8951E-07 3.44E-06 6.67E-06   0.628 1.0000 6.9805E-06   1177.695
13571.00 0.51593578 1.8159E-31 0.0000E+00 0.0000E+00 1.8494E-07 1.8494E-07 0.0000E+00 0.0000E+00 1.8494E-07 3.29E-06 6.61E-06   0.662 1.0000 6.9293E-06   1176.672
13581.00 0.50811911 1.7505E-31 0.0000E+00 0.0000E+00 1.8214E-07 1.8214E-07 0.0000E+00 0.0000E+00 1.8214E-07 3.21E-06 6.54E-06   0.677 1.0000 6.8674E-06   1176.302
13591.00 0.52723199 1.6221E-31 0.0000E+00 0.0000E+00 1.8506E-07 1.8506E-07 0.0000E+00 0.0000E+00 1.8506E-07 3.32E-06 6.52E-06   0.640 1.0000 6.8280E-06   1178.139
13601.00 0.51609415 1.5631E-31 0.0000E+00 0.0000E+00 1.8548E-07 1.8548E-07 0.0000E+00 0.0000E+00 1.8548E-07 3.28E-06 6.60E-06   0.661 1.0000 6.9178E-06   1179.010
13611.00 0.51596570 1.4857E-31 0.0000E+00 0.0000E+00 1.8751E-07 1.8751E-07 0.0000E+00 0.0000E+00 1.8751E-07 3.32E-06 6.66E-06   0.662 1.0000 6.9838E-06   1180.495
13621.00 0.54557770 1.3573E-31 0.0000E+00 0.0000E+00 1.9420E-07 1.9420E-07 0.0000E+00 0.0000E+00 1.9420E-07 3.53E-06 6.69E-06   0.606 1.0000 7.0039E-06   1183.707
13631.00 0.49397451 1.3710E-31 0.0000E+00 0.0000E+00 1.8186E-07 1.8186E-07 0.0000E+00 0.0000E+00 1.8186E-07 3.15E-06 6.59E-06   0.705 1.0000 6.9291E-06   1179.740
13641.00 0.50154585 1.3032E-31 0.0000E+00 0.0000E+00 1.8106E-07 1.8106E-07 0.0000E+00 0.0000E+00 1.8106E-07 3.14E-06 6.49E-06   0.690 1.0000 6.8141E-06   1180.136
13651.00 0.50864613 1.2251E-31 0.0000E+00 0.0000E+00 1.8279E-07 1.8279E-07 0.0000E+00 0.0000E+00 1.8279E-07 3.19E-06 6.50E-06   0.676 1.0000 6.8293E-06   1181.521
13661.00 0.42769155 1.2593E-31 0.0000E+00 0.0000E+00 1.6788E-07 1.6788E-07 0.0000E+00 0.0000E+00 1.6788E-07 2.69E-06 6.52E-06   0.849 1.0000 6.9146E-06   1176.211
13671.00 0.41118833 1.2386E-31 0.0000E+00 0.0000E+00 1.6441E-07 1.6441E-07 0.0000E+00 0.0000E+00 1.6441E-07 2.56E-06 6.46E-06   0.889 1.0000 6.8594E-06   1175.450
13681.00 0.43251893 1.1396E-31 0.0000E+00 0.0000E+00 1.6534E-07 1.6534E-07 0.0000E+00 0.0000E+00 1.6534E-07 2.65E-06 6.35E-06   0.838 1.0000 6.7477E-06   1176.550
13691.00 0.38954213 1.1270E-31 0.0000E+00 0.0000E+00 1.6094E-07 1.6094E-07 0.0000E+00 0.0000E+00 1.6094E-07 2.44E-06 6.49E-06   0.943 1.0000 6.9298E-06   1175.362
13701.00 0.44452786 1.0297E-31 0.0000E+00 0.0000E+00 1.7290E-07 1.7290E-07 0.0000E+00 0.0000E+00 1.7290E-07 2.79E-06 6.52E-06   0.811 1.0000 6.8895E-06   1181.118
13711.00 0.35773814 1.0415E-31 0.0000E+00 0.0000E+00 1.4646E-07 1.4646E-07 0.0000E+00 0.0000E+00 1.4646E-07 2.12E-06 6.12E-06   1.028 1.0000 6.5819E-06   1170.191
13721.00 0.46090457 8.9900E-32 0.0000E+00 0.0000E+00 1.6965E-07 1.6965E-07 0.0000E+00 0.0000E+00 1.6965E-07 2.80E-06 6.27E-06   0.775 1.0000 6.6556E-06   1181.190
13731.00 0.41663480 9.0241E-32 0.0000E+00 0.0000E+00 1.6594E-07 1.6594E-07 0.0000E+00 0.0000E+00 1.6594E-07 2.59E-06 6.44E-06   0.876 1.0000 6.8519E-06   1180.332
13741.00 0.32712355 9.0307E-32 0.0000E+00 0.0000E+00 1.4593E-07 1.4593E-07 0.0000E+00 0.0000E+00 1.4593E-07 2.02E-06 6.35E-06   1.117 1.0000 6.8890E-06   1172.040
13751.00 0.43634671 8.0065E-32 0.0000E+00 0.0000E+00 1.7364E-07 1.7364E-07 0.0000E+00 0.0000E+00 1.7364E-07 2.77E-06 6.55E-06   0.829 1.0000 6.9714E-06   1184.953
13761.00 0.37587059 7.9018E-32 0.0000E+00 0.0000E+00 1.5785E-07 1.5785E-07 0.0000E+00 0.0000E+00 1.5785E-07 2.34E-06 6.39E-06   0.979 1.0000 6.9003E-06   1178.930
13771.00 0.40070462 7.6184E-32 0.0000E+00 0.0000E+00 1.6426E-07 1.6426E-07 0.0000E+00 0.0000E+00 1.6426E-07 2.48E-06 6.43E-06   0.915 1.0000 6.8340E-06   1182.439
13781.00 0.37543976 7.0192E-32 0.0000E+00 0.0000E+00 1.5755E-07 1.5755E-07 0.0000E+00 0.0000E+00 1.5755E-07 2.35E-06 6.41E-06   0.980 1.0000 6.9166E-06   1180.202
13791.00 0.39790908 6.7434E-32 0.0000E+00 0.0000E+00 1.6360E-07 1.6360E-07 0.0000E+00 0.0000E+00 1.6360E-07 2.48E-06 6.43E-06   0.922 1.0000 6.8767E-06   1183.563
13801.00 0.37551686 6.3563E-32 0.0000E+00 0.0000E+00 1.5725E-07 1.5725E-07 0.0000E+00 0.0000E+00 1.5725E-07 2.34E-06 6.34E-06   0.979 1.0000 6.8804E-06   1181.478
13811.00 0.39425224 5.9697E-32 0.0000E+00 0.0000E+00 1.6222E-07 1.6222E-07 0.0000E+00 0.0000E+00 1.6222E-07 2.47E-06 6.39E-06   0.931 1.0000 6.8949E-06   1184.374
13821.00 0.34809053 5.8567E-32 0.0000E+00 0.0000E+00 1.5263E-07 1.5263E-07 0.0000E+00 0.0000E+00 1.5263E-07 2.18E-06 6.37E-06   1.055 1.0000 6.9471E-06   1180.791
13831.00 0.46351025 5.2138E-32 0.0000E+00 0.0000E+00 1.7921E-07 1.7921E-07 0.0000E+00 0.0000E+00 1.7921E-07 2.91E-06 6.49E-06   0.769 1.0000 6.8800E-06   1192.861
13841.00 0.48658785 4.8292E-32 0.0000E+00 0.0000E+00 1.7865E-07 1.7865E-07 0.0000E+00 0.0000E+00 1.7865E-07 2.97E-06 6.29E-06   0.720 1.0000 6.6572E-06   1193.344
13851.00 0.48117280 4.6799E-32 0.0000E+00 0.0000E+00 1.8374E-07 1.8374E-07 0.0000E+00 0.0000E+00 1.8374E-07 3.01E-06 6.50E-06   0.732 1.0000 6.8689E-06   1196.066
13861.00 0.48626682 4.4206E-32 0.0000E+00 0.0000E+00 1.8446E-07 1.8446E-07 0.0000E+00 0.0000E+00 1.8446E-07 3.04E-06 6.48E-06   0.721 1.0000 6.8448E-06   1197.055
13871.00 0.39547732 4.4646E-32 0.0000E+00 0.0000E+00 1.5735E-07 1.5735E-07 0.0000E+00 0.0000E+00 1.5735E-07 2.36E-06 6.11E-06   0.928 1.0000 6.6067E-06   1186.441
13881.00 0.31942505 4.3980E-32 0.0000E+00 0.0000E+00 1.4451E-07 1.4451E-07 0.0000E+00 0.0000E+00 1.4451E-07 1.96E-06 6.22E-06   1.141 1.0000 6.8443E-06   1181.169
13891.00 0.33796734 4.2302E-32 0.0000E+00 0.0000E+00 1.4922E-07 1.4922E-07 0.0000E+00 0.0000E+00 1.4922E-07 2.05E-06 6.24E-06   1.085 1.0000 6.7708E-06   1184.114
13901.00 0.33127141 3.9637E-32 0.0000E+00 0.0000E+00 1.4312E-07 1.4312E-07 0.0000E+00 0.0000E+00 1.4312E-07 1.97E-06 6.06E-06   1.105 1.0000 6.6271E-06   1181.896
13911.00 0.30564865 3.7314E-32 0.0000E+00 0.0000E+00 1.3558E-07 1.3558E-07 0.0000E+00 0.0000E+00 1.3558E-07 1.81E-06 5.95E-06   1.185 1.0000 6.5880E-06   1178.821
13921.00 0.37393725 3.5085E-32 0.0000E+00 0.0000E+00 1.5494E-07 1.5494E-07 0.0000E+00 0.0000E+00 1.5494E-07 2.25E-06 6.14E-06   0.984 1.0000 6.6696E-06   1188.864
13931.00 0.34300971 3.4151E-32 0.0000E+00 0.0000E+00 1.5122E-07 1.5122E-07 0.0000E+00 0.0000E+00 1.5122E-07 2.09E-06 6.28E-06   1.070 1.0000 6.7975E-06   1187.857
13941.00 0.34639531 3.3205E-32 0.0000E+00 0.0000E+00 1.5671E-07 1.5671E-07 0.0000E+00 0.0000E+00 1.5671E-07 2.15E-06 6.43E-06   1.060 1.0000 6.9216E-06   1191.075
13951.00 0.42260098 3.0557E-32 0.0000E+00 0.0000E+00 1.6846E-07 1.6846E-07 0.0000E+00 0.0000E+00 1.6846E-07 2.53E-06 6.25E-06   0.861 1.0000 6.6387E-06   1196.912
13961.00 0.50525451 2.6472E-32 0.0000E+00 0.0000E+00 1.9090E-07 1.9090E-07 0.0000E+00 0.0000E+00 1.9090E-07 3.15E-06 6.47E-06   0.683 1.0000 6.8145E-06   1206.613
13971.00 0.52363122 2.4474E-32 0.0000E+00 0.0000E+00 1.9538E-07 1.9538E-07 0.0000E+00 0.0000E+00 1.9538E-07 3.28E-06 6.50E-06   0.647 1.0000 6.8419E-06   1209.005
13981.00 0.51343375 2.3638E-32 0.0000E+00 0.0000E+00 1.8828E-07 1.8828E-07 0.0000E+00 0.0000E+00 1.8828E-07 3.12E-06 6.32E-06   0.667 1.0000 6.6525E-06   1207.028
13991.00 0.52929497 2.1908E-32 0.0000E+00 0.0000E+00 1.9288E-07 1.9288E-07 0.0000E+00 0.0000E+00 1.9288E-07 3.25E-06 6.37E-06   0.636 1.0000 6.6990E-06   1209.488
14001.00 0.53592193 2.0628E-32 0.0000E+00 0.0000E+00 2.0009E-07 2.0009E-07 0.0000E+00 0.0000E+00 2.0009E-07 3.39E-06 6.56E-06   0.624 1.0000 6.8966E-06   1212.871
14011.00 0.54221809 1.9407E-32 0.0000E+00 0.0000E+00 2.0050E-07 2.0050E-07 0.0000E+00 0.0000E+00 2.0050E-07 3.41E-06 6.52E-06   0.612 1.0000 6.8603E-06   1213.732
14021.00 0.53411049 1.8754E-32 0.0000E+00 0.0000E+00 1.9486E-07 1.9486E-07 0.0000E+00 0.0000E+00 1.9486E-07 3.28E-06 6.37E-06   0.627 1.0000 6.7046E-06   1212.359
14031.00 0.54548359 1.7482E-32 0.0000E+00 0.0000E+00 2.0019E-07 2.0019E-07 0.0000E+00 0.0000E+00 2.0019E-07 3.41E-06 6.47E-06   0.606 1.0000 6.8054E-06   1215.036
14041.00 0.54305452 1.6669E-32 0.0000E+00 0.0000E+00 1.9961E-07 1.9961E-07 0.0000E+00 0.0000E+00 1.9961E-07 3.38E-06 6.46E-06   0.611 1.0000 6.7943E-06   1215.534
14051.00 0.54563820 1.5793E-32 0.0000E+00 0.0000E+00 2.0017E-07 2.0017E-07 0.0000E+00 0.0000E+00 2.0017E-07 3.40E-06 6.45E-06   0.606 1.0000 6.7860E-06   1216.448
14061.00 0.53831577 1.5228E-32 0.0000E+00 0.0000E+00 1.9956E-07 1.9956E-07 0.0000E+00 0.0000E+00 1.9956E-07 3.35E-06 6.46E-06   0.619 1.0000 6.8011E-06   1216.935
14071.00 0.53491920 1.4567E-32 0.0000E+00 0.0000E+00 2.0248E-07 2.0248E-07 0.0000E+00 0.0000E+00 2.0248E-07 3.39E-06 6.57E-06   0.626 1.0000 6.9130E-06   1218.708
14081.00 0.53124833 1.3953E-32 0.0000E+00 0.0000E+00 2.0235E-07 2.0235E-07 0.0000E+00 0.0000E+00 2.0235E-07 3.36E-06 6.58E-06   0.633 1.0000 6.9222E-06   1219.372
14091.00 0.53671998 1.3143E-32 0.0000E+00 0.0000E+00 2.0152E-07 2.0152E-07 0.0000E+00 0.0000E+00 2.0152E-07 3.37E-06 6.51E-06   0.622 1.0000 6.8480E-06   1219.777
14101.00 0.53191006 1.2584E-32 0.0000E+00 0.0000E+00 1.9845E-07 1.9845E-07 0.0000E+00 0.0000E+00 1.9845E-07 3.29E-06 6.43E-06   0.631 1.0000 6.7686E-06   1219.363
14111.00 0.54007328 1.1807E-32 0.0000E+00 0.0000E+00 1.9944E-07 1.9944E-07 0.0000E+00 0.0000E+00 1.9944E-07 3.33E-06 6.40E-06   0.616 1.0000 6.7405E-06   1220.435
14121.00 0.51880604 1.1629E-32 0.0000E+00 0.0000E+00 2.0131E-07 2.0131E-07 0.0000E+00 0.0000E+00 2.0131E-07 3.28E-06 6.58E-06   0.656 1.0000 6.9338E-06   1221.829
14131.00 0.52386612 1.0991E-32 0.0000E+00 0.0000E+00 2.0201E-07 2.0201E-07 0.0000E+00 0.0000E+00 2.0201E-07 3.31E-06 6.56E-06   0.647 1.0000 6.9114E-06   1222.793
14141.00 0.53192300 1.0305E-32 0.0000E+00 0.0000E+00 1.9667E-07 1.9667E-07 0.0000E+00 0.0000E+00 1.9667E-07 3.24E-06 6.33E-06   0.631 1.0000 6.6690E-06   1221.535
14151.00 0.51520789 1.0047E-32 0.0000E+00 0.0000E+00 1.9852E-07 1.9852E-07 0.0000E+00 0.0000E+00 1.9852E-07 3.21E-06 6.48E-06   0.663 1.0000 6.8364E-06   1222.931
14161.00 0.51647490 9.5297E-33 0.0000E+00 0.0000E+00 1.9873E-07 1.9873E-07 0.0000E+00 0.0000E+00 1.9873E-07 3.22E-06 6.47E-06   0.661 1.0000 6.8263E-06   1223.717
14171.00 0.50814039 9.1526E-33 0.0000E+00 0.0000E+00 1.9709E-07 1.9709E-07 0.0000E+00 0.0000E+00 1.9709E-07 3.16E-06 6.46E-06   0.677 1.0000 6.8218E-06   1223.815
14181.00 0.50264329 8.7870E-33 0.0000E+00 0.0000E+00 1.9902E-07 1.9902E-07 0.0000E+00 0.0000E+00 1.9902E-07 3.17E-06 6.55E-06   0.688 1.0000 6.9162E-06   1225.242
14191.00 0.52809262 8.0672E-33 0.0000E+00 0.0000E+00 2.0415E-07 2.0415E-07 0.0000E+00 0.0000E+00 2.0415E-07 3.33E-06 6.55E-06   0.638 1.0000 6.9005E-06   1227.828
14201.00 0.49056798 8.0047E-33 0.0000E+00 0.0000E+00 1.9354E-07 1.9354E-07 0.0000E+00 0.0000E+00 1.9354E-07 3.04E-06 6.43E-06   0.712 1.0000 6.8083E-06   1224.607
14211.00 0.53241837 7.2097E-33 0.0000E+00 0.0000E+00 2.0235E-07 2.0235E-07 0.0000E+00 0.0000E+00 2.0235E-07 3.31E-06 6.45E-06   0.630 1.0000 6.7993E-06   1228.590
14221.00 0.50648785 7.0946E-33 0.0000E+00 0.0000E+00 1.9720E-07 1.9720E-07 0.0000E+00 0.0000E+00 1.9720E-07 3.14E-06 6.43E-06   0.680 1.0000 6.7995E-06   1227.397
14231.00 0.47431067 7.0295E-33 0.0000E+00 0.0000E+00 1.8752E-07 1.8752E-07 0.0000E+00 0.0000E+00 1.8752E-07 2.88E-06 6.31E-06   0.746 1.0000 6.6909E-06   1224.409
14241.00 0.49176180 6.5727E-33 0.0000E+00 0.0000E+00 1.9314E-07 1.9314E-07 0.0000E+00 0.0000E+00 1.9314E-07 3.02E-06 6.36E-06   0.710 1.0000 6.7352E-06   1227.283
14251.00 0.47892028 6.3425E-33 0.0000E+00 0.0000E+00 1.8650E-07 1.8650E-07 0.0000E+00 0.0000E+00 1.8650E-07 2.87E-06 6.21E-06   0.736 1.0000 6.5845E-06   1225.420
14261.00 0.49254695 5.9675E-33 0.0000E+00 0.0000E+00 1.9457E-07 1.9457E-07 0.0000E+00 0.0000E+00 1.9457E-07 3.02E-06 6.39E-06   0.708 1.0000 6.7582E-06   1229.240
14271.00 0.46096697 5.8864E-33 0.0000E+00 0.0000E+00 1.8696E-07 1.8696E-07 0.0000E+00 0.0000E+00 1.8696E-07 2.80E-06 6.33E-06   0.774 1.0000 6.7184E-06   1227.015
14281.00 0.49189606 5.3585E-33 0.0000E+00 0.0000E+00 1.9349E-07 1.9349E-07 0.0000E+00 0.0000E+00 1.9349E-07 3.00E-06 6.35E-06   0.709 1.0000 6.7221E-06   1230.242
 -9999.
