T F 2    2    2    0    2    2    2    2    2    2    1    0    0   0.0000.00000
    1    1    1    0    0    0  50.00000   0.00000   0.00000   0.00000   0.00000
 -99.000 -99.000 -99.000
 -99.00000 -99.00000 -99.00000  2.922360  0.000710 ! H2O & O3 COLUMNS [GM/CM2]
   36MID-LATITUDE SUMMER 
   3.00000   3.00000  90.07851  20.00078   0.17978   0.00000    1        0.00000
    0    0  172    0
   0.00000   0.00000   0.00000  70.03094   0.00000 180.00000   0.00000   0.00000
    9091.0   14286.0      10.0      10.0NW              
    0   0    0.000  0    0.000  0    1.000
    FREQ  TOT_TRANS  PTH_THRML  THRML_SCT  SURF_EMIS   SOL_SCAT  SING_SCAT  GRND_RFLT  DRCT_RFLT  TOTAL_RAD  REF_SOL  SOL@OBS   DEPTH DIR_EM    TOA_SUN BBODY_T[K]
 9091.00 0.59572262 1.6372E-21 0.0000E+00 0.0000E+00 3.3726E-08 3.3726E-08 0.0000E+00 0.0000E+00 3.3726E-08 3.64E-06 5.65E-06   0.518 1.0000 6.9214E-06    765.187
 9101.00 0.64395338 1.3769E-21 0.0000E+00 0.0000E+00 3.4990E-08 3.4990E-08 0.0000E+00 0.0000E+00 3.4990E-08 3.87E-06 5.69E-06   0.440 1.0000 6.7529E-06    767.532
 9111.00 0.71973509 1.0373E-21 0.0000E+00 0.0000E+00 3.8224E-08 3.8224E-08 0.0000E+00 0.0000E+00 3.8224E-08 4.43E-06 5.91E-06   0.329 1.0000 6.7702E-06    772.228
 9121.00 0.71953076 9.7823E-22 0.0000E+00 0.0000E+00 3.8212E-08 3.8212E-08 0.0000E+00 0.0000E+00 3.8212E-08 4.41E-06 5.88E-06   0.329 1.0000 6.7570E-06    772.912
 9131.00 0.70242506 9.9538E-22 0.0000E+00 0.0000E+00 3.7439E-08 3.7439E-08 0.0000E+00 0.0000E+00 3.7439E-08 4.26E-06 5.81E-06   0.353 1.0000 6.7175E-06    772.679
 9141.00 0.77561474 7.1719E-22 0.0000E+00 0.0000E+00 3.8839E-08 3.8839E-08 0.0000E+00 0.0000E+00 3.8839E-08 4.57E-06 5.78E-06   0.254 1.0000 6.4440E-06    775.050
 9151.00 0.71734267 8.5791E-22 0.0000E+00 0.0000E+00 3.8912E-08 3.8912E-08 0.0000E+00 0.0000E+00 3.8912E-08 4.48E-06 5.93E-06   0.332 1.0000 6.8615E-06    775.833
 9161.00 0.84786367 4.4054E-22 0.0000E+00 0.0000E+00 4.4993E-08 4.4993E-08 0.0000E+00 0.0000E+00 4.4993E-08 5.46E-06 6.39E-06   0.165 1.0000 6.9345E-06    783.232
 9171.00 0.76515371 6.4643E-22 0.0000E+00 0.0000E+00 4.1913E-08 4.1913E-08 0.0000E+00 0.0000E+00 4.1913E-08 4.90E-06 6.18E-06   0.268 1.0000 6.9883E-06    780.645
 9181.00 0.79544222 5.3780E-22 0.0000E+00 0.0000E+00 4.2677E-08 4.2677E-08 0.0000E+00 0.0000E+00 4.2677E-08 5.02E-06 6.20E-06   0.229 1.0000 6.8738E-06    782.181
 9191.00 0.83954525 4.0099E-22 0.0000E+00 0.0000E+00 4.4524E-08 4.4524E-08 0.0000E+00 0.0000E+00 4.4524E-08 5.33E-06 6.31E-06   0.175 1.0000 6.8531E-06    784.850
 9201.00 0.78638780 5.0738E-22 0.0000E+00 0.0000E+00 4.1935E-08 4.1935E-08 0.0000E+00 0.0000E+00 4.1935E-08 4.90E-06 6.08E-06   0.240 1.0000 6.7792E-06    782.769
 9211.00 0.79369199 4.7088E-22 0.0000E+00 0.0000E+00 4.3893E-08 4.3893E-08 0.0000E+00 0.0000E+00 4.3893E-08 5.13E-06 6.31E-06   0.231 1.0000 7.0277E-06    785.588
 9221.00 0.81835061 3.9223E-22 0.0000E+00 0.0000E+00 4.4748E-08 4.4748E-08 0.0000E+00 0.0000E+00 4.4748E-08 5.26E-06 6.36E-06   0.200 1.0000 6.9689E-06    787.190
 9231.00 0.82210195 3.6857E-22 0.0000E+00 0.0000E+00 4.3767E-08 4.3767E-08 0.0000E+00 0.0000E+00 4.3767E-08 5.16E-06 6.17E-06   0.196 1.0000 6.7955E-06    786.857
 9241.00 0.85398751 2.8594E-22 0.0000E+00 0.0000E+00 4.5201E-08 4.5201E-08 0.0000E+00 0.0000E+00 4.5201E-08 5.37E-06 6.26E-06   0.158 1.0000 6.7842E-06    789.065
 9251.00 0.82440907 3.2875E-22 0.0000E+00 0.0000E+00 4.4876E-08 4.4876E-08 0.0000E+00 0.0000E+00 4.4876E-08 5.26E-06 6.29E-06   0.193 1.0000 6.9007E-06    789.428
 9261.00 0.84274912 2.8157E-22 0.0000E+00 0.0000E+00 4.6329E-08 4.6329E-08 0.0000E+00 0.0000E+00 4.6329E-08 5.46E-06 6.41E-06   0.171 1.0000 6.9947E-06    791.626
 9271.00 0.86659974 2.2646E-22 0.0000E+00 0.0000E+00 4.6665E-08 4.6665E-08 0.0000E+00 0.0000E+00 4.6665E-08 5.53E-06 6.37E-06   0.143 1.0000 6.8762E-06    792.668
 9281.00 0.82015067 2.9161E-22 0.0000E+00 0.0000E+00 4.5854E-08 4.5854E-08 0.0000E+00 0.0000E+00 4.5854E-08 5.31E-06 6.39E-06   0.198 1.0000 7.0330E-06    792.545
 9291.00 0.87200469 1.9772E-22 0.0000E+00 0.0000E+00 4.8025E-08 4.8025E-08 0.0000E+00 0.0000E+00 4.8025E-08 5.67E-06 6.50E-06   0.137 1.0000 7.0135E-06    795.431
 9301.00 0.84979773 2.2027E-22 0.0000E+00 0.0000E+00 4.6163E-08 4.6163E-08 0.0000E+00 0.0000E+00 4.6163E-08 5.39E-06 6.30E-06   0.163 1.0000 6.8637E-06    794.266
 9311.00 0.86247051 1.9336E-22 0.0000E+00 0.0000E+00 4.7597E-08 4.7597E-08 0.0000E+00 0.0000E+00 4.7597E-08 5.57E-06 6.44E-06   0.148 1.0000 6.9849E-06    796.413
 9321.00 0.85459983 1.9386E-22 0.0000E+00 0.0000E+00 4.6679E-08 4.6679E-08 0.0000E+00 0.0000E+00 4.6679E-08 5.42E-06 6.33E-06   0.157 1.0000 6.8861E-06    796.194
 9331.00 0.85777563 1.8124E-22 0.0000E+00 0.0000E+00 4.7703E-08 4.7703E-08 0.0000E+00 0.0000E+00 4.7703E-08 5.53E-06 6.44E-06   0.153 1.0000 7.0103E-06    797.924
 9341.00 0.85737962 1.7271E-22 0.0000E+00 0.0000E+00 4.7510E-08 4.7510E-08 0.0000E+00 0.0000E+00 4.7510E-08 5.49E-06 6.40E-06   0.154 1.0000 6.9794E-06    798.434
 9351.00 0.84681696 1.7710E-22 0.0000E+00 0.0000E+00 4.5257E-08 4.5257E-08 0.0000E+00 0.0000E+00 4.5257E-08 5.18E-06 6.11E-06   0.166 1.0000 6.7060E-06    796.837
 9361.00 0.85305041 1.6169E-22 0.0000E+00 0.0000E+00 4.6854E-08 4.6854E-08 0.0000E+00 0.0000E+00 4.6854E-08 5.37E-06 6.29E-06   0.159 1.0000 6.9146E-06    799.179
 9371.00 0.84963459 1.5777E-22 0.0000E+00 0.0000E+00 4.7426E-08 4.7426E-08 0.0000E+00 0.0000E+00 4.7426E-08 5.41E-06 6.36E-06   0.163 1.0000 7.0062E-06    800.457
 9381.00 0.85307437 1.4682E-22 0.0000E+00 0.0000E+00 4.7437E-08 4.7437E-08 0.0000E+00 0.0000E+00 4.7437E-08 5.40E-06 6.33E-06   0.159 1.0000 6.9727E-06    801.170
 9391.00 0.84973949 1.4311E-22 0.0000E+00 0.0000E+00 4.8257E-08 4.8257E-08 0.0000E+00 0.0000E+00 4.8257E-08 5.47E-06 6.44E-06   0.163 1.0000 7.0927E-06    802.688
 9401.00 0.85577297 1.3087E-22 0.0000E+00 0.0000E+00 4.8319E-08 4.8319E-08 0.0000E+00 0.0000E+00 4.8319E-08 5.48E-06 6.41E-06   0.156 1.0000 7.0394E-06    803.452
 9411.00 0.85495526 1.2542E-22 0.0000E+00 0.0000E+00 4.8369E-08 4.8369E-08 0.0000E+00 0.0000E+00 4.8369E-08 5.47E-06 6.40E-06   0.157 1.0000 7.0221E-06    804.203
 9421.00 0.86007077 1.1528E-22 0.0000E+00 0.0000E+00 4.8637E-08 4.8637E-08 0.0000E+00 0.0000E+00 4.8637E-08 5.50E-06 6.40E-06   0.151 1.0000 7.0055E-06    805.169
 9431.00 0.86191446 1.0839E-22 0.0000E+00 0.0000E+00 4.8614E-08 4.8614E-08 0.0000E+00 0.0000E+00 4.8614E-08 5.49E-06 6.37E-06   0.149 1.0000 6.9676E-06    805.849
 9441.00 0.86338115 1.0217E-22 0.0000E+00 0.0000E+00 4.8705E-08 4.8705E-08 0.0000E+00 0.0000E+00 4.8705E-08 5.49E-06 6.36E-06   0.147 1.0000 6.9484E-06    806.642
 9451.00 0.86611992 9.5414E-23 0.0000E+00 0.0000E+00 4.9193E-08 4.9193E-08 0.0000E+00 0.0000E+00 4.9193E-08 5.54E-06 6.40E-06   0.144 1.0000 6.9764E-06    807.822
 9461.00 0.86959070 8.8551E-23 0.0000E+00 0.0000E+00 5.0309E-08 5.0309E-08 0.0000E+00 0.0000E+00 5.0309E-08 5.67E-06 6.52E-06   0.140 1.0000 7.0891E-06    809.603
 9471.00 0.87229186 8.2620E-23 0.0000E+00 0.0000E+00 5.0608E-08 5.0608E-08 0.0000E+00 0.0000E+00 5.0608E-08 5.70E-06 6.53E-06   0.137 1.0000 7.0904E-06    810.591
 9481.00 0.87491626 7.7100E-23 0.0000E+00 0.0000E+00 5.0840E-08 5.0840E-08 0.0000E+00 0.0000E+00 5.0840E-08 5.72E-06 6.54E-06   0.134 1.0000 7.0848E-06    811.515
 9491.00 0.87702423 7.2220E-23 0.0000E+00 0.0000E+00 5.0659E-08 5.0659E-08 0.0000E+00 0.0000E+00 5.0659E-08 5.70E-06 6.49E-06   0.131 1.0000 7.0271E-06    812.046
 9501.00 0.87807482 6.8215E-23 0.0000E+00 0.0000E+00 5.1120E-08 5.1120E-08 0.0000E+00 0.0000E+00 5.1120E-08 5.74E-06 6.54E-06   0.130 1.0000 7.0663E-06    813.187
 9511.00 0.87926483 6.4369E-23 0.0000E+00 0.0000E+00 5.1361E-08 5.1361E-08 0.0000E+00 0.0000E+00 5.1361E-08 5.76E-06 6.55E-06   0.129 1.0000 7.0729E-06    814.118
 9521.00 0.88046283 6.0711E-23 0.0000E+00 0.0000E+00 5.1497E-08 5.1497E-08 0.0000E+00 0.0000E+00 5.1497E-08 5.77E-06 6.55E-06   0.127 1.0000 7.0689E-06    814.949
 9531.00 0.88101989 5.7580E-23 0.0000E+00 0.0000E+00 5.1740E-08 5.1740E-08 0.0000E+00 0.0000E+00 5.1740E-08 5.78E-06 6.56E-06   0.127 1.0000 7.0837E-06    815.881
 9541.00 0.88230997 5.4261E-23 0.0000E+00 0.0000E+00 5.1977E-08 5.1977E-08 0.0000E+00 0.0000E+00 5.1977E-08 5.80E-06 6.57E-06   0.125 1.0000 7.0847E-06    816.806
 9551.00 0.88267207 5.1542E-23 0.0000E+00 0.0000E+00 5.1624E-08 5.1624E-08 0.0000E+00 0.0000E+00 5.1624E-08 5.75E-06 6.52E-06   0.125 1.0000 7.0183E-06    817.178
 9561.00 0.88302916 4.8953E-23 0.0000E+00 0.0000E+00 5.1206E-08 5.1206E-08 0.0000E+00 0.0000E+00 5.1206E-08 5.69E-06 6.45E-06   0.124 1.0000 6.9440E-06    817.485
 9571.00 0.88307631 4.6626E-23 0.0000E+00 0.0000E+00 5.2279E-08 5.2279E-08 0.0000E+00 0.0000E+00 5.2279E-08 5.80E-06 6.57E-06   0.124 1.0000 7.0733E-06    819.198
 9581.00 0.88356608 4.4234E-23 0.0000E+00 0.0000E+00 5.2488E-08 5.2488E-08 0.0000E+00 0.0000E+00 5.2488E-08 5.81E-06 6.58E-06   0.124 1.0000 7.0833E-06    820.095
 9591.00 0.88321841 4.2269E-23 0.0000E+00 0.0000E+00 5.2234E-08 5.2234E-08 0.0000E+00 0.0000E+00 5.2234E-08 5.77E-06 6.54E-06   0.124 1.0000 7.0362E-06    820.562
 9601.00 0.88262820 4.0475E-23 0.0000E+00 0.0000E+00 5.2795E-08 5.2795E-08 0.0000E+00 0.0000E+00 5.2795E-08 5.82E-06 6.59E-06   0.125 1.0000 7.1006E-06    821.786
 9611.00 0.88315183 3.8395E-23 0.0000E+00 0.0000E+00 5.2612E-08 5.2612E-08 0.0000E+00 0.0000E+00 5.2612E-08 5.79E-06 6.56E-06   0.124 1.0000 7.0589E-06    822.319
 9621.00 0.88302004 3.6617E-23 0.0000E+00 0.0000E+00 5.2678E-08 5.2678E-08 0.0000E+00 0.0000E+00 5.2678E-08 5.78E-06 6.55E-06   0.124 1.0000 7.0542E-06    823.084
 9631.00 0.88281912 3.4949E-23 0.0000E+00 0.0000E+00 5.2746E-08 5.2746E-08 0.0000E+00 0.0000E+00 5.2746E-08 5.78E-06 6.55E-06   0.125 1.0000 7.0494E-06    823.850
 9641.00 0.88257307 3.3368E-23 0.0000E+00 0.0000E+00 5.2487E-08 5.2487E-08 0.0000E+00 0.0000E+00 5.2487E-08 5.74E-06 6.50E-06   0.125 1.0000 7.0036E-06    824.311
 9651.00 0.88207871 3.1921E-23 0.0000E+00 0.0000E+00 5.3387E-08 5.3387E-08 0.0000E+00 0.0000E+00 5.3387E-08 5.82E-06 6.60E-06   0.125 1.0000 7.1097E-06    825.848
 9661.00 0.88314551 3.0141E-23 0.0000E+00 0.0000E+00 5.2916E-08 5.2916E-08 0.0000E+00 0.0000E+00 5.2916E-08 5.76E-06 6.53E-06   0.124 1.0000 7.0258E-06    826.116
 9671.00 0.88179559 2.9038E-23 0.0000E+00 0.0000E+00 5.2978E-08 5.2978E-08 0.0000E+00 0.0000E+00 5.2978E-08 5.75E-06 6.52E-06   0.126 1.0000 7.0276E-06    826.876
 9681.00 0.88178563 2.7685E-23 0.0000E+00 0.0000E+00 5.2937E-08 5.2937E-08 0.0000E+00 0.0000E+00 5.2937E-08 5.74E-06 6.51E-06   0.126 1.0000 7.0080E-06    827.540
 9691.00 0.88022113 2.6703E-23 0.0000E+00 0.0000E+00 5.3727E-08 5.3727E-08 0.0000E+00 0.0000E+00 5.3727E-08 5.81E-06 6.60E-06   0.128 1.0000 7.1079E-06    828.972
 9701.00 0.87897962 2.5724E-23 0.0000E+00 0.0000E+00 5.3704E-08 5.3704E-08 0.0000E+00 0.0000E+00 5.3704E-08 5.79E-06 6.58E-06   0.129 1.0000 7.0980E-06    829.654
 9711.00 0.87926656 2.4439E-23 0.0000E+00 0.0000E+00 5.3707E-08 5.3707E-08 0.0000E+00 0.0000E+00 5.3707E-08 5.78E-06 6.57E-06   0.129 1.0000 7.0827E-06    830.360
 9721.00 0.87338936 2.4422E-23 0.0000E+00 0.0000E+00 5.3589E-08 5.3589E-08 0.0000E+00 0.0000E+00 5.3589E-08 5.73E-06 6.56E-06   0.135 1.0000 7.0883E-06    830.954
 9731.00 0.86771226 2.4295E-23 0.0000E+00 0.0000E+00 5.3733E-08 5.3733E-08 0.0000E+00 0.0000E+00 5.3733E-08 5.72E-06 6.59E-06   0.142 1.0000 7.1280E-06    831.788
 9741.00 0.87473959 2.1932E-23 0.0000E+00 0.0000E+00 5.4063E-08 5.4063E-08 0.0000E+00 0.0000E+00 5.4063E-08 5.77E-06 6.59E-06   0.134 1.0000 7.1148E-06    832.794
 9751.00 0.87369311 2.1076E-23 0.0000E+00 0.0000E+00 5.4203E-08 5.4203E-08 0.0000E+00 0.0000E+00 5.4203E-08 5.76E-06 6.60E-06   0.135 1.0000 7.1256E-06    833.624
 9761.00 0.86827469 2.0881E-23 0.0000E+00 0.0000E+00 5.3949E-08 5.3949E-08 0.0000E+00 0.0000E+00 5.3949E-08 5.71E-06 6.57E-06   0.141 1.0000 7.1121E-06    834.094
 9771.00 0.85492152 2.1994E-23 0.0000E+00 0.0000E+00 5.3523E-08 5.3523E-08 0.0000E+00 0.0000E+00 5.3523E-08 5.61E-06 6.55E-06   0.157 1.0000 7.1242E-06    834.404
 9781.00 0.87195641 1.8469E-23 0.0000E+00 0.0000E+00 5.3819E-08 5.3819E-08 0.0000E+00 0.0000E+00 5.3819E-08 5.68E-06 6.51E-06   0.137 1.0000 7.0450E-06    835.379
 9791.00 0.87148243 1.7669E-23 0.0000E+00 0.0000E+00 5.3864E-08 5.3864E-08 0.0000E+00 0.0000E+00 5.3864E-08 5.67E-06 6.51E-06   0.138 1.0000 7.0386E-06    836.122
 9801.00 0.87249321 1.6678E-23 0.0000E+00 0.0000E+00 5.4138E-08 5.4138E-08 0.0000E+00 0.0000E+00 5.4138E-08 5.70E-06 6.53E-06   0.136 1.0000 7.0554E-06    837.076
 9811.00 0.85782057 1.7744E-23 0.0000E+00 0.0000E+00 5.2971E-08 5.2971E-08 0.0000E+00 0.0000E+00 5.2971E-08 5.52E-06 6.42E-06   0.153 1.0000 6.9787E-06    836.696
 9821.00 0.87673390 1.4638E-23 0.0000E+00 0.0000E+00 5.4605E-08 5.4605E-08 0.0000E+00 0.0000E+00 5.4605E-08 5.73E-06 6.54E-06   0.132 1.0000 7.0623E-06    838.908
 9831.00 0.86967582 1.4751E-23 0.0000E+00 0.0000E+00 5.4494E-08 5.4494E-08 0.0000E+00 0.0000E+00 5.4494E-08 5.69E-06 6.54E-06   0.140 1.0000 7.0767E-06    839.508
 9841.00 0.87403828 1.3577E-23 0.0000E+00 0.0000E+00 5.4636E-08 5.4636E-08 0.0000E+00 0.0000E+00 5.4636E-08 5.71E-06 6.53E-06   0.135 1.0000 7.0554E-06    840.339
 9851.00 0.86679184 1.3679E-23 0.0000E+00 0.0000E+00 5.4370E-08 5.4370E-08 0.0000E+00 0.0000E+00 5.4370E-08 5.65E-06 6.51E-06   0.143 1.0000 7.0514E-06    840.797
 9861.00 0.87082309 1.2655E-23 0.0000E+00 0.0000E+00 5.5074E-08 5.5074E-08 0.0000E+00 0.0000E+00 5.5074E-08 5.72E-06 6.56E-06   0.138 1.0000 7.1034E-06    842.142
 9871.00 0.87213808 1.1916E-23 0.0000E+00 0.0000E+00 5.5293E-08 5.5293E-08 0.0000E+00 0.0000E+00 5.5293E-08 5.73E-06 6.57E-06   0.137 1.0000 7.1106E-06    843.042
 9881.00 0.86088896 1.2356E-23 0.0000E+00 0.0000E+00 5.4870E-08 5.4870E-08 0.0000E+00 0.0000E+00 5.4870E-08 5.64E-06 6.55E-06   0.150 1.0000 7.1125E-06    843.360
 9891.00 0.86905169 1.1074E-23 0.0000E+00 0.0000E+00 5.5395E-08 5.5395E-08 0.0000E+00 0.0000E+00 5.5395E-08 5.71E-06 6.57E-06   0.140 1.0000 7.1147E-06    844.538
 9901.00 0.84479195 1.2488E-23 0.0000E+00 0.0000E+00 5.4431E-08 5.4431E-08 0.0000E+00 0.0000E+00 5.4431E-08 5.53E-06 6.52E-06   0.169 1.0000 7.1297E-06    844.360
 9911.00 0.84267062 1.2103E-23 0.0000E+00 0.0000E+00 5.4276E-08 5.4276E-08 0.0000E+00 0.0000E+00 5.4276E-08 5.50E-06 6.50E-06   0.171 1.0000 7.1100E-06    844.919
 9921.00 0.85810924 1.0383E-23 0.0000E+00 0.0000E+00 5.5200E-08 5.5200E-08 0.0000E+00 0.0000E+00 5.5200E-08 5.62E-06 6.54E-06   0.153 1.0000 7.1166E-06    846.467
 9931.00 0.86758244 9.2289E-24 0.0000E+00 0.0000E+00 5.5443E-08 5.5443E-08 0.0000E+00 0.0000E+00 5.5443E-08 5.66E-06 6.53E-06   0.142 1.0000 7.0750E-06    847.388
 9941.00 0.86332244 9.0694E-24 0.0000E+00 0.0000E+00 5.3504E-08 5.3504E-08 0.0000E+00 0.0000E+00 5.3504E-08 5.44E-06 6.30E-06   0.147 1.0000 6.8405E-06    846.304
 9951.00 0.86279726 8.6766E-24 0.0000E+00 0.0000E+00 5.2459E-08 5.2459E-08 0.0000E+00 0.0000E+00 5.2459E-08 5.32E-06 6.17E-06   0.148 1.0000 6.6965E-06    846.016
 9961.00 0.85774624 8.5816E-24 0.0000E+00 0.0000E+00 5.4861E-08 5.4861E-08 0.0000E+00 0.0000E+00 5.4861E-08 5.54E-06 6.45E-06   0.153 1.0000 7.0208E-06    848.962
 9971.00 0.85853511 8.0984E-24 0.0000E+00 0.0000E+00 5.5542E-08 5.5542E-08 0.0000E+00 0.0000E+00 5.5542E-08 5.60E-06 6.52E-06   0.153 1.0000 7.0893E-06    850.284
 9981.00 0.82933712 9.3441E-24 0.0000E+00 0.0000E+00 5.4639E-08 5.4639E-08 0.0000E+00 0.0000E+00 5.4639E-08 5.42E-06 6.50E-06   0.187 1.0000 7.1451E-06    850.159
 9991.00 0.86641991 6.9598E-24 0.0000E+00 0.0000E+00 5.6536E-08 5.6536E-08 0.0000E+00 0.0000E+00 5.6536E-08 5.70E-06 6.58E-06   0.143 1.0000 7.1388E-06    852.582
10001.00 0.85615605 7.1362E-24 0.0000E+00 0.0000E+00 5.5863E-08 5.5863E-08 0.0000E+00 0.0000E+00 5.5863E-08 5.59E-06 6.52E-06   0.155 1.0000 7.1031E-06    852.678
10011.00 0.86176878 6.5383E-24 0.0000E+00 0.0000E+00 5.6339E-08 5.6339E-08 0.0000E+00 0.0000E+00 5.6339E-08 5.65E-06 6.55E-06   0.149 1.0000 7.1150E-06    853.808
10021.00 0.86413330 6.1200E-24 0.0000E+00 0.0000E+00 5.6677E-08 5.6677E-08 0.0000E+00 0.0000E+00 5.6677E-08 5.68E-06 6.56E-06   0.146 1.0000 7.1310E-06    854.812
10031.00 0.86491150 5.7957E-24 0.0000E+00 0.0000E+00 5.6838E-08 5.6838E-08 0.0000E+00 0.0000E+00 5.6838E-08 5.68E-06 6.57E-06   0.145 1.0000 7.1318E-06    855.657
10041.00 0.86252743 5.6158E-24 0.0000E+00 0.0000E+00 5.6709E-08 5.6709E-08 0.0000E+00 0.0000E+00 5.6709E-08 5.65E-06 6.55E-06   0.148 1.0000 7.1164E-06    856.243
10051.00 0.86646074 5.1985E-24 0.0000E+00 0.0000E+00 5.7016E-08 5.7016E-08 0.0000E+00 0.0000E+00 5.7016E-08 5.68E-06 6.56E-06   0.143 1.0000 7.1191E-06    857.219
10061.00 0.85851336 5.2431E-24 0.0000E+00 0.0000E+00 5.6826E-08 5.6826E-08 0.0000E+00 0.0000E+00 5.6826E-08 5.63E-06 6.55E-06   0.153 1.0000 7.1296E-06    857.750
10071.00 0.82175958 6.2968E-24 0.0000E+00 0.0000E+00 5.5056E-08 5.5056E-08 0.0000E+00 0.0000E+00 5.5056E-08 5.34E-06 6.46E-06   0.196 1.0000 7.1221E-06    856.845
10081.00 0.85336727 4.9352E-24 0.0000E+00 0.0000E+00 5.6573E-08 5.6573E-08 0.0000E+00 0.0000E+00 5.6573E-08 5.56E-06 6.51E-06   0.159 1.0000 7.1031E-06    858.924
10091.00 0.83694208 5.2173E-24 0.0000E+00 0.0000E+00 5.5730E-08 5.5730E-08 0.0000E+00 0.0000E+00 5.5730E-08 5.42E-06 6.46E-06   0.178 1.0000 7.0846E-06    858.862
10101.00 0.80229366 6.0441E-24 0.0000E+00 0.0000E+00 5.3813E-08 5.3813E-08 0.0000E+00 0.0000E+00 5.3813E-08 5.12E-06 6.35E-06   0.220 1.0000 7.0367E-06    857.786
10111.00 0.84677249 4.4609E-24 0.0000E+00 0.0000E+00 5.5945E-08 5.5945E-08 0.0000E+00 0.0000E+00 5.5945E-08 5.45E-06 6.43E-06   0.166 1.0000 7.0192E-06    860.457
10121.00 0.81027669 5.2403E-24 0.0000E+00 0.0000E+00 5.4916E-08 5.4916E-08 0.0000E+00 0.0000E+00 5.4916E-08 5.25E-06 6.41E-06   0.210 1.0000 7.1091E-06    860.214
10131.00 0.79050303 5.5448E-24 0.0000E+00 0.0000E+00 5.3776E-08 5.3776E-08 0.0000E+00 0.0000E+00 5.3776E-08 5.07E-06 6.34E-06   0.235 1.0000 7.0756E-06    859.847
10141.00 0.81803280 4.5662E-24 0.0000E+00 0.0000E+00 5.5350E-08 5.5350E-08 0.0000E+00 0.0000E+00 5.5350E-08 5.27E-06 6.42E-06   0.201 1.0000 7.0813E-06    862.013
10151.00 0.72226745 6.6356E-24 0.0000E+00 0.0000E+00 5.0698E-08 5.0698E-08 0.0000E+00 0.0000E+00 5.0698E-08 4.60E-06 6.17E-06   0.325 1.0000 7.1130E-06    858.261
10161.00 0.75100100 5.6913E-24 0.0000E+00 0.0000E+00 5.2115E-08 5.2115E-08 0.0000E+00 0.0000E+00 5.2115E-08 4.80E-06 6.24E-06   0.286 1.0000 7.0884E-06    860.351
10171.00 0.70131499 6.4697E-24 0.0000E+00 0.0000E+00 4.9423E-08 4.9423E-08 0.0000E+00 0.0000E+00 4.9423E-08 4.46E-06 6.04E-06   0.355 1.0000 7.0885E-06    858.369
10181.00 0.68176770 6.5961E-24 0.0000E+00 0.0000E+00 4.8823E-08 4.8823E-08 0.0000E+00 0.0000E+00 4.8823E-08 4.33E-06 6.04E-06   0.383 1.0000 7.1238E-06    858.450
10191.00 0.71674287 5.5897E-24 0.0000E+00 0.0000E+00 5.0911E-08 5.0911E-08 0.0000E+00 0.0000E+00 5.0911E-08 4.57E-06 6.18E-06   0.333 1.0000 7.1342E-06    861.258
10201.00 0.60793316 7.3527E-24 0.0000E+00 0.0000E+00 4.4480E-08 4.4480E-08 0.0000E+00 0.0000E+00 4.4480E-08 3.78E-06 5.71E-06   0.498 1.0000 7.0727E-06    855.172
10211.00 0.57232416 7.6588E-24 0.0000E+00 0.0000E+00 4.2318E-08 4.2318E-08 0.0000E+00 0.0000E+00 4.2318E-08 3.50E-06 5.56E-06   0.558 1.0000 7.0352E-06    853.387
10221.00 0.58826381 7.0134E-24 0.0000E+00 0.0000E+00 4.3367E-08 4.3367E-08 0.0000E+00 0.0000E+00 4.3367E-08 3.62E-06 5.61E-06   0.531 1.0000 7.0526E-06    855.293
10231.00 0.66292745 5.4749E-24 0.0000E+00 0.0000E+00 4.7833E-08 4.7833E-08 0.0000E+00 0.0000E+00 4.7833E-08 4.16E-06 5.92E-06   0.411 1.0000 7.0865E-06    860.891
10241.00 0.49295023 7.8224E-24 0.0000E+00 0.0000E+00 3.7936E-08 3.7936E-08 0.0000E+00 0.0000E+00 3.7936E-08 2.97E-06 5.23E-06   0.707 1.0000 7.0343E-06    850.062
10251.00 0.52263868 7.0451E-24 0.0000E+00 0.0000E+00 4.0244E-08 4.0244E-08 0.0000E+00 0.0000E+00 4.0244E-08 3.19E-06 5.41E-06   0.649 1.0000 7.1175E-06    853.656
10261.00 0.51515859 6.7903E-24 0.0000E+00 0.0000E+00 3.9155E-08 3.9155E-08 0.0000E+00 0.0000E+00 3.9155E-08 3.08E-06 5.30E-06   0.663 1.0000 7.0004E-06    852.990
10271.00 0.51165837 6.5445E-24 0.0000E+00 0.0000E+00 3.9230E-08 3.9230E-08 0.0000E+00 0.0000E+00 3.9230E-08 3.09E-06 5.31E-06   0.670 1.0000 7.0253E-06    853.772
10281.00 0.58809710 5.2556E-24 0.0000E+00 0.0000E+00 4.4313E-08 4.4313E-08 0.0000E+00 0.0000E+00 4.4313E-08 3.63E-06 5.69E-06   0.531 1.0000 7.1074E-06    860.515
10291.00 0.63699615 4.4031E-24 0.0000E+00 0.0000E+00 4.7054E-08 4.7054E-08 0.0000E+00 0.0000E+00 4.7054E-08 3.99E-06 5.82E-06   0.451 1.0000 7.1198E-06    864.223
10301.00 0.65078610 4.0217E-24 0.0000E+00 0.0000E+00 4.7446E-08 4.7446E-08 0.0000E+00 0.0000E+00 4.7446E-08 4.05E-06 5.81E-06   0.430 1.0000 7.0598E-06    865.335
10311.00 0.61891913 4.2019E-24 0.0000E+00 0.0000E+00 4.6298E-08 4.6298E-08 0.0000E+00 0.0000E+00 4.6298E-08 3.86E-06 5.80E-06   0.480 1.0000 7.1065E-06    864.791
10321.00 0.59651119 4.2201E-24 0.0000E+00 0.0000E+00 4.4982E-08 4.4982E-08 0.0000E+00 0.0000E+00 4.4982E-08 3.68E-06 5.72E-06   0.517 1.0000 7.0834E-06    864.031
10331.00 0.62640363 3.7386E-24 0.0000E+00 0.0000E+00 4.5979E-08 4.5979E-08 0.0000E+00 0.0000E+00 4.5979E-08 3.87E-06 5.67E-06   0.468 1.0000 7.0410E-06    865.826
10341.00 0.40796286 5.6027E-24 0.0000E+00 0.0000E+00 3.3394E-08 3.3394E-08 0.0000E+00 0.0000E+00 3.3394E-08 2.41E-06 4.81E-06   0.897 1.0000 7.0807E-06    850.674
10351.00 0.36941940 5.7234E-24 0.0000E+00 0.0000E+00 3.0694E-08 3.0694E-08 0.0000E+00 0.0000E+00 3.0694E-08 2.10E-06 4.61E-06   0.996 1.0000 6.9482E-06    847.271
10361.00 0.37518668 5.3882E-24 0.0000E+00 0.0000E+00 3.1679E-08 3.1679E-08 0.0000E+00 0.0000E+00 3.1679E-08 2.18E-06 4.69E-06   0.980 1.0000 7.0420E-06    849.477
10371.00 0.35261455 5.3203E-24 0.0000E+00 0.0000E+00 2.9457E-08 2.9457E-08 0.0000E+00 0.0000E+00 2.9457E-08 2.08E-06 4.35E-06   1.042 1.0000 7.0259E-06    846.648
10381.00 0.40900221 4.6195E-24 0.0000E+00 0.0000E+00 3.3669E-08 3.3669E-08 0.0000E+00 0.0000E+00 3.3669E-08 2.42E-06 4.81E-06   0.894 1.0000 7.0297E-06    853.798
10391.00 0.25550312 5.5564E-24 0.0000E+00 0.0000E+00 2.3842E-08 2.3842E-08 0.0000E+00 0.0000E+00 2.3842E-08 1.43E-06 3.98E-06   1.365 1.0000 7.0152E-06    837.952
10401.00 0.35730773 4.5575E-24 0.0000E+00 0.0000E+00 3.1197E-08 3.1197E-08 0.0000E+00 0.0000E+00 3.1197E-08 2.10E-06 4.66E-06   1.029 1.0000 7.1156E-06    851.451
10411.00 0.29753721 4.7544E-24 0.0000E+00 0.0000E+00 2.6667E-08 2.6667E-08 0.0000E+00 0.0000E+00 2.6667E-08 1.67E-06 4.23E-06   1.212 1.0000 7.0090E-06    844.592
10421.00 0.18565743 5.2394E-24 0.0000E+00 0.0000E+00 1.9169E-08 1.9169E-08 0.0000E+00 0.0000E+00 1.9169E-08 1.00E-06 3.53E-06   1.684 1.0000 7.1097E-06    829.821
10431.00 0.26162255 4.5369E-24 0.0000E+00 0.0000E+00 2.4523E-08 2.4523E-08 0.0000E+00 0.0000E+00 2.4523E-08 1.49E-06 4.01E-06   1.341 1.0000 7.1282E-06    841.962
10441.00 0.35255727 3.7851E-24 0.0000E+00 0.0000E+00 3.0498E-08 3.0498E-08 0.0000E+00 0.0000E+00 3.0498E-08 2.03E-06 4.54E-06   1.043 1.0000 7.0319E-06    853.066
10451.00 0.19039124 4.5078E-24 0.0000E+00 0.0000E+00 1.9411E-08 1.9411E-08 0.0000E+00 0.0000E+00 1.9411E-08 1.03E-06 3.56E-06   1.659 1.0000 7.0411E-06    832.392
10461.00 0.19834088 4.2479E-24 0.0000E+00 0.0000E+00 1.9704E-08 1.9704E-08 0.0000E+00 0.0000E+00 1.9704E-08 1.07E-06 3.52E-06   1.618 1.0000 7.0152E-06    833.748
10471.00 0.20877402 3.9938E-24 0.0000E+00 0.0000E+00 2.0121E-08 2.0121E-08 0.0000E+00 0.0000E+00 2.0121E-08 1.06E-06 3.56E-06   1.567 1.0000 6.6482E-06    835.380
10481.00 0.23869105 3.6681E-24 0.0000E+00 0.0000E+00 2.3255E-08 2.3255E-08 0.0000E+00 0.0000E+00 2.3255E-08 1.28E-06 3.94E-06   1.433 1.0000 6.9292E-06    842.810
10491.00 0.19956815 3.6615E-24 0.0000E+00 0.0000E+00 2.0397E-08 2.0397E-08 0.0000E+00 0.0000E+00 2.0397E-08 1.07E-06 3.64E-06   1.612 1.0000 7.0576E-06    837.343
10501.00 0.09567530 3.9468E-24 0.0000E+00 0.0000E+00 1.2547E-08 1.2547E-08 0.0000E+00 0.0000E+00 1.2547E-08 4.66E-07 2.83E-06   2.347 1.0000 7.1082E-06    816.015
10511.00 0.28877014 2.9634E-24 0.0000E+00 0.0000E+00 2.7724E-08 2.7724E-08 0.0000E+00 0.0000E+00 2.7724E-08 1.58E-06 4.47E-06   1.242 1.0000 7.0870E-06    853.195
10521.00 0.15094820 3.3516E-24 0.0000E+00 0.0000E+00 1.6273E-08 1.6273E-08 0.0000E+00 0.0000E+00 1.6273E-08 7.91E-07 3.09E-06   1.891 1.0000 7.0837E-06    828.956
10531.00 0.16552372 3.1542E-24 0.0000E+00 0.0000E+00 1.7765E-08 1.7765E-08 0.0000E+00 0.0000E+00 1.7765E-08 8.93E-07 3.28E-06   1.799 1.0000 7.1337E-06    833.619
10541.00 0.19036637 2.9026E-24 0.0000E+00 0.0000E+00 2.0036E-08 2.0036E-08 0.0000E+00 0.0000E+00 2.0036E-08 1.01E-06 3.56E-06   1.659 1.0000 7.1238E-06    839.838
10551.00 0.15916079 2.8776E-24 0.0000E+00 0.0000E+00 1.7341E-08 1.7341E-08 0.0000E+00 0.0000E+00 1.7341E-08 8.35E-07 3.24E-06   1.838 1.0000 7.1123E-06    833.831
10561.00 0.15857190 2.7402E-24 0.0000E+00 0.0000E+00 1.7495E-08 1.7495E-08 0.0000E+00 0.0000E+00 1.7495E-08 8.16E-07 3.30E-06   1.842 1.0000 7.0759E-06    834.896
10571.00 0.11302660 2.7526E-24 0.0000E+00 0.0000E+00 1.3585E-08 1.3585E-08 0.0000E+00 0.0000E+00 1.3585E-08 5.59E-07 2.81E-06   2.180 1.0000 7.0632E-06    824.105
10581.00 0.18240090 2.4155E-24 0.0000E+00 0.0000E+00 1.9399E-08 1.9399E-08 0.0000E+00 0.0000E+00 1.9399E-08 9.43E-07 3.53E-06   1.702 1.0000 7.0083E-06    840.989
10591.00 0.10611854 2.5194E-24 0.0000E+00 0.0000E+00 1.2370E-08 1.2370E-08 0.0000E+00 0.0000E+00 1.2370E-08 5.28E-07 2.58E-06   2.243 1.0000 6.9242E-06    821.243
10601.00 0.14819041 2.2803E-24 0.0000E+00 0.0000E+00 1.6191E-08 1.6191E-08 0.0000E+00 0.0000E+00 1.6191E-08 7.50E-07 3.07E-06   1.909 1.0000 7.0103E-06    833.990
10611.00 0.17573874 2.1081E-24 0.0000E+00 0.0000E+00 1.9156E-08 1.9156E-08 0.0000E+00 0.0000E+00 1.9156E-08 8.78E-07 3.54E-06   1.739 1.0000 7.0013E-06    842.392
10621.00 0.19779299 1.9514E-24 0.0000E+00 0.0000E+00 1.9901E-08 1.9901E-08 0.0000E+00 0.0000E+00 1.9901E-08 9.51E-07 3.58E-06   1.621 1.0000 6.6904E-06    844.832
10631.00 0.19315137 1.8715E-24 0.0000E+00 0.0000E+00 2.0709E-08 2.0709E-08 0.0000E+00 0.0000E+00 2.0709E-08 9.75E-07 3.73E-06   1.644 1.0000 6.9249E-06    847.362
10641.00 0.31250733 1.5197E-24 0.0000E+00 0.0000E+00 2.9888E-08 2.9888E-08 0.0000E+00 0.0000E+00 2.9888E-08 1.72E-06 4.57E-06   1.163 1.0000 7.0679E-06    865.616
10651.00 0.16841939 1.7438E-24 0.0000E+00 0.0000E+00 1.8117E-08 1.8117E-08 0.0000E+00 0.0000E+00 1.8117E-08 8.81E-07 3.25E-06   1.781 1.0000 7.0860E-06    842.452
10661.00 0.06086461 1.8793E-24 0.0000E+00 0.0000E+00 9.3758E-09 9.3758E-09 0.0000E+00 0.0000E+00 9.3758E-09 2.70E-07 2.33E-06   2.799 1.0000 7.1135E-06    813.652
10671.00 0.05632260 1.7989E-24 0.0000E+00 0.0000E+00 8.8368E-09 8.8368E-09 0.0000E+00 0.0000E+00 8.8368E-09 2.51E-07 2.25E-06   2.877 1.0000 7.1053E-06    811.745
10681.00 0.06860687 1.6898E-24 0.0000E+00 0.0000E+00 1.0159E-08 1.0159E-08 0.0000E+00 0.0000E+00 1.0159E-08 3.08E-07 2.42E-06   2.679 1.0000 7.0271E-06    818.416
10691.00 0.10403923 1.5501E-24 0.0000E+00 0.0000E+00 1.3221E-08 1.3221E-08 0.0000E+00 0.0000E+00 1.3221E-08 4.98E-07 2.74E-06   2.263 1.0000 7.0496E-06    830.713
10701.00 0.03721410 1.5837E-24 0.0000E+00 0.0000E+00 6.4410E-09 6.4410E-09 0.0000E+00 0.0000E+00 6.4410E-09 1.65E-07 1.76E-06   3.291 1.0000 7.1224E-06    800.289
10711.00 0.05657660 1.4809E-24 0.0000E+00 0.0000E+00 9.2662E-09 9.2662E-09 0.0000E+00 0.0000E+00 9.2662E-09 2.58E-07 2.36E-06   2.872 1.0000 7.1299E-06    816.351
10721.00 0.07826480 1.3771E-24 0.0000E+00 0.0000E+00 1.1447E-08 1.1447E-08 0.0000E+00 0.0000E+00 1.1447E-08 3.72E-07 2.64E-06   2.548 1.0000 7.1129E-06    826.242
10731.00 0.12113504 1.2519E-24 0.0000E+00 0.0000E+00 1.4961E-08 1.4961E-08 0.0000E+00 0.0000E+00 1.4961E-08 6.16E-07 2.93E-06   2.111 1.0000 7.0795E-06    838.915
10741.00 0.21227998 1.0690E-24 0.0000E+00 0.0000E+00 2.2812E-08 2.2812E-08 0.0000E+00 0.0000E+00 2.2812E-08 1.15E-06 3.81E-06   1.550 1.0000 7.1186E-06    859.262
10751.00 0.25287241 9.6535E-25 0.0000E+00 0.0000E+00 2.6006E-08 2.6006E-08 0.0000E+00 0.0000E+00 2.6006E-08 1.40E-06 4.12E-06   1.375 1.0000 7.0904E-06    866.240
10761.00 0.33788314 8.1527E-25 0.0000E+00 0.0000E+00 3.2112E-08 3.2112E-08 0.0000E+00 0.0000E+00 3.2112E-08 1.92E-06 4.64E-06   1.085 1.0000 7.0349E-06    877.270
10771.00 0.35881829 7.5226E-25 0.0000E+00 0.0000E+00 3.3980E-08 3.3980E-08 0.0000E+00 0.0000E+00 3.3980E-08 2.08E-06 4.80E-06   1.025 1.0000 7.1304E-06    880.767
10781.00 0.49693820 5.6402E-25 0.0000E+00 0.0000E+00 4.3286E-08 4.3286E-08 0.0000E+00 0.0000E+00 4.3286E-08 2.98E-06 5.44E-06   0.699 1.0000 7.1406E-06    893.738
10791.00 0.60462481 4.1964E-25 0.0000E+00 0.0000E+00 4.9291E-08 4.9291E-08 0.0000E+00 0.0000E+00 4.9291E-08 3.64E-06 5.74E-06   0.503 1.0000 6.9990E-06    901.169
10801.00 0.60027361 4.0558E-25 0.0000E+00 0.0000E+00 4.7673E-08 4.7673E-08 0.0000E+00 0.0000E+00 4.7673E-08 3.51E-06 5.54E-06   0.510 1.0000 6.8221E-06    900.115
10811.00 0.57134390 4.1307E-25 0.0000E+00 0.0000E+00 4.6850E-08 4.6850E-08 0.0000E+00 0.0000E+00 4.6850E-08 3.43E-06 5.50E-06   0.560 1.0000 6.9842E-06    899.896
10821.00 0.54375213 4.1963E-25 0.0000E+00 0.0000E+00 4.5069E-08 4.5069E-08 0.0000E+00 0.0000E+00 4.5069E-08 3.21E-06 5.42E-06   0.609 1.0000 6.9254E-06    898.569
10831.00 0.61727792 3.3569E-25 0.0000E+00 0.0000E+00 4.7647E-08 4.7647E-08 0.0000E+00 0.0000E+00 4.7647E-08 3.56E-06 5.43E-06   0.482 1.0000 6.6572E-06    902.152
10841.00 0.66730034 2.7661E-25 0.0000E+00 0.0000E+00 5.2081E-08 5.2081E-08 0.0000E+00 0.0000E+00 5.2081E-08 4.04E-06 5.69E-06   0.405 1.0000 6.8867E-06    907.514
10851.00 0.59845310 3.1913E-25 0.0000E+00 0.0000E+00 4.7810E-08 4.7810E-08 0.0000E+00 0.0000E+00 4.7810E-08 3.54E-06 5.46E-06   0.513 1.0000 6.8426E-06    903.706
10861.00 0.68722332 2.3732E-25 0.0000E+00 0.0000E+00 5.4554E-08 5.4554E-08 0.0000E+00 0.0000E+00 5.4554E-08 4.22E-06 5.92E-06   0.375 1.0000 6.9906E-06    911.355
10871.00 0.61419529 2.7681E-25 0.0000E+00 0.0000E+00 4.9979E-08 4.9979E-08 0.0000E+00 0.0000E+00 4.9979E-08 3.82E-06 5.56E-06   0.487 1.0000 7.0910E-06    907.412
10881.00 0.59796655 2.7504E-25 0.0000E+00 0.0000E+00 4.9983E-08 4.9983E-08 0.0000E+00 0.0000E+00 4.9983E-08 3.69E-06 5.67E-06   0.514 1.0000 7.1322E-06    908.107
10891.00 0.46044487 3.5127E-25 0.0000E+00 0.0000E+00 4.0683E-08 4.0683E-08 0.0000E+00 0.0000E+00 4.0683E-08 2.73E-06 5.06E-06   0.776 1.0000 7.0869E-06    898.072
10901.00 0.42934921 3.5632E-25 0.0000E+00 0.0000E+00 3.8562E-08 3.8562E-08 0.0000E+00 0.0000E+00 3.8562E-08 2.50E-06 4.94E-06   0.845 1.0000 7.0299E-06    896.006
10911.00 0.54337329 2.7001E-25 0.0000E+00 0.0000E+00 4.6636E-08 4.6636E-08 0.0000E+00 0.0000E+00 4.6636E-08 3.30E-06 5.47E-06   0.610 1.0000 7.1167E-06    906.531
10921.00 0.36879256 3.5582E-25 0.0000E+00 0.0000E+00 3.4454E-08 3.4454E-08 0.0000E+00 0.0000E+00 3.4454E-08 2.16E-06 4.57E-06   0.998 1.0000 7.1418E-06    891.633
10931.00 0.54176253 2.4687E-25 0.0000E+00 0.0000E+00 4.6647E-08 4.6647E-08 0.0000E+00 0.0000E+00 4.6647E-08 3.23E-06 5.51E-06   0.613 1.0000 7.0585E-06    907.917
10941.00 0.42406994 2.9363E-25 0.0000E+00 0.0000E+00 3.8629E-08 3.8629E-08 0.0000E+00 0.0000E+00 3.8629E-08 2.54E-06 4.86E-06   0.858 1.0000 7.1797E-06    898.818
10951.00 0.40585303 2.9061E-25 0.0000E+00 0.0000E+00 3.8004E-08 3.8004E-08 0.0000E+00 0.0000E+00 3.8004E-08 2.42E-06 4.89E-06   0.902 1.0000 7.2169E-06    898.663
10961.00 0.52739459 2.1873E-25 0.0000E+00 0.0000E+00 4.5567E-08 4.5567E-08 0.0000E+00 0.0000E+00 4.5567E-08 3.20E-06 5.30E-06   0.640 1.0000 7.0517E-06    908.749
10971.00 0.56323135 1.9311E-25 0.0000E+00 0.0000E+00 4.7231E-08 4.7231E-08 0.0000E+00 0.0000E+00 4.7231E-08 3.38E-06 5.38E-06   0.574 1.0000 6.9688E-06    911.317
10981.00 0.47559777 2.2081E-25 0.0000E+00 0.0000E+00 4.2102E-08 4.2102E-08 0.0000E+00 0.0000E+00 4.2102E-08 2.86E-06 5.06E-06   0.743 1.0000 7.0849E-06    905.993
10991.00 0.48408684 2.0695E-25 0.0000E+00 0.0000E+00 4.2183E-08 4.2183E-08 0.0000E+00 0.0000E+00 4.2183E-08 2.84E-06 5.05E-06   0.725 1.0000 6.9574E-06    906.776
11001.00 0.48645195 1.9619E-25 0.0000E+00 0.0000E+00 4.1880E-08 4.1880E-08 0.0000E+00 0.0000E+00 4.1880E-08 2.84E-06 4.95E-06   0.721 1.0000 6.8715E-06    907.083
11011.00 0.49176216 1.8491E-25 0.0000E+00 0.0000E+00 4.2776E-08 4.2776E-08 0.0000E+00 0.0000E+00 4.2776E-08 2.96E-06 5.00E-06   0.710 1.0000 7.0129E-06    908.869
11021.00 0.48689088 1.7772E-25 0.0000E+00 0.0000E+00 4.3698E-08 4.3698E-08 0.0000E+00 0.0000E+00 4.3698E-08 2.93E-06 5.17E-06   0.720 1.0000 7.1591E-06    910.666
11031.00 0.56144643 1.4489E-25 0.0000E+00 0.0000E+00 4.8176E-08 4.8176E-08 0.0000E+00 0.0000E+00 4.8176E-08 3.38E-06 5.42E-06   0.577 1.0000 6.9952E-06    916.484
11041.00 0.67084497 1.0337E-25 0.0000E+00 0.0000E+00 5.6403E-08 5.6403E-08 0.0000E+00 0.0000E+00 5.6403E-08 4.21E-06 5.92E-06   0.399 1.0000 7.1647E-06    925.596
11051.00 0.67783737 9.6336E-26 0.0000E+00 0.0000E+00 5.7343E-08 5.7343E-08 0.0000E+00 0.0000E+00 5.7343E-08 4.28E-06 6.01E-06   0.389 1.0000 7.2125E-06    927.181
11061.00 0.70130897 8.5332E-26 0.0000E+00 0.0000E+00 5.8911E-08 5.8911E-08 0.0000E+00 0.0000E+00 5.8911E-08 4.44E-06 6.09E-06   0.355 1.0000 7.1991E-06    929.334
11071.00 0.59024030 1.1067E-25 0.0000E+00 0.0000E+00 5.1094E-08 5.1094E-08 0.0000E+00 0.0000E+00 5.1094E-08 3.62E-06 5.60E-06   0.527 1.0000 7.1309E-06    922.361
11081.00 0.49522224 1.3046E-25 0.0000E+00 0.0000E+00 4.3230E-08 4.3230E-08 0.0000E+00 0.0000E+00 4.3230E-08 2.89E-06 5.02E-06   0.703 1.0000 6.9276E-06    914.203
11091.00 0.50902867 1.2080E-25 0.0000E+00 0.0000E+00 4.2397E-08 4.2397E-08 0.0000E+00 0.0000E+00 4.2397E-08 2.85E-06 4.88E-06   0.675 1.0000 6.6409E-06    913.867
11101.00 0.45444736 1.2771E-25 0.0000E+00 0.0000E+00 4.0638E-08 4.0638E-08 0.0000E+00 0.0000E+00 4.0638E-08 2.63E-06 4.84E-06   0.789 1.0000 6.9341E-06    912.335
11111.00 0.55646020 9.9153E-26 0.0000E+00 0.0000E+00 4.7764E-08 4.7764E-08 0.0000E+00 0.0000E+00 4.7764E-08 3.34E-06 5.25E-06   0.586 1.0000 6.9855E-06    921.520
11121.00 0.34597337 1.3893E-25 0.0000E+00 0.0000E+00 3.3752E-08 3.3752E-08 0.0000E+00 0.0000E+00 3.3752E-08 2.03E-06 4.40E-06   1.061 1.0000 7.1540E-06    904.112
11131.00 0.56123471 8.8998E-26 0.0000E+00 0.0000E+00 4.9306E-08 4.9306E-08 0.0000E+00 0.0000E+00 4.9306E-08 3.45E-06 5.40E-06   0.578 1.0000 7.1521E-06    924.584
11141.00 0.52672863 9.1205E-26 0.0000E+00 0.0000E+00 4.7150E-08 4.7150E-08 0.0000E+00 0.0000E+00 4.7150E-08 3.19E-06 5.32E-06   0.641 1.0000 7.1081E-06    922.890
11151.00 0.51692325 8.8678E-26 0.0000E+00 0.0000E+00 4.6478E-08 4.6478E-08 0.0000E+00 0.0000E+00 4.6478E-08 3.13E-06 5.25E-06   0.660 1.0000 7.1052E-06    922.812
11161.00 0.60138559 6.9693E-26 0.0000E+00 0.0000E+00 5.3503E-08 5.3503E-08 0.0000E+00 0.0000E+00 5.3503E-08 3.76E-06 5.73E-06   0.509 1.0000 7.2334E-06    931.033
11171.00 0.63489586 6.0983E-26 0.0000E+00 0.0000E+00 5.4548E-08 5.4548E-08 0.0000E+00 0.0000E+00 5.4548E-08 3.89E-06 5.74E-06   0.454 1.0000 7.0471E-06    932.768
11181.00 0.72058594 4.4434E-26 0.0000E+00 0.0000E+00 6.0375E-08 6.0375E-08 0.0000E+00 0.0000E+00 6.0375E-08 4.50E-06 6.04E-06   0.328 1.0000 7.0589E-06    938.988
11191.00 0.72861165 4.0893E-26 0.0000E+00 0.0000E+00 6.1683E-08 6.1683E-08 0.0000E+00 0.0000E+00 6.1683E-08 4.60E-06 6.14E-06   0.317 1.0000 7.1368E-06    940.858
11201.00 0.78358781 3.1278E-26 0.0000E+00 0.0000E+00 6.3801E-08 6.3801E-08 0.0000E+00 0.0000E+00 6.3801E-08 4.88E-06 6.15E-06   0.244 1.0000 6.9786E-06    943.412
11211.00 0.80182874 2.7164E-26 0.0000E+00 0.0000E+00 6.6342E-08 6.6342E-08 0.0000E+00 0.0000E+00 6.6342E-08 5.10E-06 6.32E-06   0.221 1.0000 7.1244E-06    946.269
11221.00 0.83013797 2.2166E-26 0.0000E+00 0.0000E+00 6.8607E-08 6.8607E-08 0.0000E+00 0.0000E+00 6.8607E-08 5.34E-06 6.43E-06   0.186 1.0000 7.1611E-06    948.833
11231.00 0.82404059 2.1844E-26 0.0000E+00 0.0000E+00 6.8791E-08 6.8791E-08 0.0000E+00 0.0000E+00 6.8791E-08 5.33E-06 6.45E-06   0.194 1.0000 7.2119E-06    949.679
11241.00 0.83118767 2.0005E-26 0.0000E+00 0.0000E+00 6.8666E-08 6.8666E-08 0.0000E+00 0.0000E+00 6.8666E-08 5.33E-06 6.40E-06   0.185 1.0000 7.1417E-06    950.273
11251.00 0.83686733 1.8351E-26 0.0000E+00 0.0000E+00 6.9309E-08 6.9309E-08 0.0000E+00 0.0000E+00 6.9309E-08 5.39E-06 6.43E-06   0.178 1.0000 7.1598E-06    951.491
11261.00 0.82027501 1.9315E-26 0.0000E+00 0.0000E+00 6.7814E-08 6.7814E-08 0.0000E+00 0.0000E+00 6.7814E-08 5.22E-06 6.34E-06   0.198 1.0000 7.1006E-06    950.969
11271.00 0.83636999 1.6708E-26 0.0000E+00 0.0000E+00 6.7699E-08 6.7699E-08 0.0000E+00 0.0000E+00 6.7699E-08 5.24E-06 6.26E-06   0.179 1.0000 6.9712E-06    951.570
11281.00 0.82560956 1.6951E-26 0.0000E+00 0.0000E+00 6.4890E-08 6.4890E-08 0.0000E+00 0.0000E+00 6.4890E-08 4.98E-06 6.03E-06   0.192 1.0000 6.7401E-06    949.904
11291.00 0.82533264 1.6216E-26 0.0000E+00 0.0000E+00 6.8781E-08 6.8781E-08 0.0000E+00 0.0000E+00 6.8781E-08 5.27E-06 6.37E-06   0.192 1.0000 7.1282E-06    953.848
11301.00 0.84146541 1.3997E-26 0.0000E+00 0.0000E+00 6.9945E-08 6.9945E-08 0.0000E+00 0.0000E+00 6.9945E-08 5.40E-06 6.41E-06   0.173 1.0000 7.1331E-06    955.486
11311.00 0.83944970 1.3486E-26 0.0000E+00 0.0000E+00 6.8992E-08 6.8992E-08 0.0000E+00 0.0000E+00 6.8992E-08 5.31E-06 6.32E-06   0.175 1.0000 7.0365E-06    955.412
11321.00 0.83759707 1.3006E-26 0.0000E+00 0.0000E+00 6.9849E-08 6.9849E-08 0.0000E+00 0.0000E+00 6.9849E-08 5.36E-06 6.40E-06   0.177 1.0000 7.1226E-06    956.800
11331.00 0.83750868 1.2375E-26 0.0000E+00 0.0000E+00 6.8496E-08 6.8496E-08 0.0000E+00 0.0000E+00 6.8496E-08 5.24E-06 6.26E-06   0.177 1.0000 6.9746E-06    956.398
11341.00 0.83785862 1.1773E-26 0.0000E+00 0.0000E+00 6.9798E-08 6.9798E-08 0.0000E+00 0.0000E+00 6.9798E-08 5.34E-06 6.37E-06   0.177 1.0000 7.0920E-06    958.152
11351.00 0.83990914 1.1066E-26 0.0000E+00 0.0000E+00 6.6210E-08 6.6210E-08 0.0000E+00 0.0000E+00 6.6210E-08 5.06E-06 6.02E-06   0.174 1.0000 6.7048E-06    955.886
11361.00 0.83997077 1.0538E-26 0.0000E+00 0.0000E+00 7.0140E-08 7.0140E-08 0.0000E+00 0.0000E+00 7.0140E-08 5.35E-06 6.37E-06   0.174 1.0000 7.0885E-06    959.820
11371.00 0.84365433 9.7990E-27 0.0000E+00 0.0000E+00 6.9550E-08 6.9550E-08 0.0000E+00 0.0000E+00 6.9550E-08 5.31E-06 6.29E-06   0.170 1.0000 6.9944E-06    960.039
11381.00 0.84086353 9.4978E-27 0.0000E+00 0.0000E+00 7.1171E-08 7.1171E-08 0.0000E+00 0.0000E+00 7.1171E-08 5.41E-06 6.43E-06   0.173 1.0000 7.1623E-06    962.035
11391.00 0.84287179 8.9335E-27 0.0000E+00 0.0000E+00 7.0804E-08 7.0804E-08 0.0000E+00 0.0000E+00 7.0804E-08 5.38E-06 6.38E-06   0.171 1.0000 7.1013E-06    962.439
11401.00 0.84316903 8.4896E-27 0.0000E+00 0.0000E+00 7.1125E-08 7.1125E-08 0.0000E+00 0.0000E+00 7.1125E-08 5.39E-06 6.40E-06   0.171 1.0000 7.1195E-06    963.391
11411.00 0.84234619 8.1260E-27 0.0000E+00 0.0000E+00 7.0903E-08 7.0903E-08 0.0000E+00 0.0000E+00 7.0903E-08 5.36E-06 6.37E-06   0.172 1.0000 7.0904E-06    963.910
11421.00 0.84332657 7.6911E-27 0.0000E+00 0.0000E+00 6.8957E-08 6.8957E-08 0.0000E+00 0.0000E+00 6.8957E-08 5.21E-06 6.18E-06   0.170 1.0000 6.8786E-06    963.033
11431.00 0.84306175 7.3361E-27 0.0000E+00 0.0000E+00 7.0170E-08 7.0170E-08 0.0000E+00 0.0000E+00 7.0170E-08 5.29E-06 6.28E-06   0.171 1.0000 6.9893E-06    964.713
11441.00 0.84268296 7.0026E-27 0.0000E+00 0.0000E+00 7.0655E-08 7.0655E-08 0.0000E+00 0.0000E+00 7.0655E-08 5.32E-06 6.31E-06   0.171 1.0000 7.0284E-06    965.799
11451.00 0.84316766 6.6483E-27 0.0000E+00 0.0000E+00 7.1381E-08 7.1381E-08 0.0000E+00 0.0000E+00 7.1381E-08 5.36E-06 6.36E-06   0.171 1.0000 7.0859E-06    967.074
11461.00 0.84315604 6.3312E-27 0.0000E+00 0.0000E+00 7.2304E-08 7.2304E-08 0.0000E+00 0.0000E+00 7.2304E-08 5.42E-06 6.43E-06   0.171 1.0000 7.1660E-06    968.500
11471.00 0.84289235 6.0389E-27 0.0000E+00 0.0000E+00 7.1196E-08 7.1196E-08 0.0000E+00 0.0000E+00 7.1196E-08 5.33E-06 6.32E-06   0.171 1.0000 7.0465E-06    968.318
11481.00 0.84223723 5.7748E-27 0.0000E+00 0.0000E+00 7.1694E-08 7.1694E-08 0.0000E+00 0.0000E+00 7.1694E-08 5.36E-06 6.36E-06   0.172 1.0000 7.0883E-06    969.411
11491.00 0.84236383 5.4946E-27 0.0000E+00 0.0000E+00 7.1747E-08 7.1747E-08 0.0000E+00 0.0000E+00 7.1747E-08 5.35E-06 6.35E-06   0.172 1.0000 7.0811E-06    970.148
11501.00 0.84208232 5.2416E-27 0.0000E+00 0.0000E+00 7.0107E-08 7.0107E-08 0.0000E+00 0.0000E+00 7.0107E-08 5.22E-06 6.20E-06   0.172 1.0000 6.9103E-06    969.529
11511.00 0.84183449 4.9993E-27 0.0000E+00 0.0000E+00 6.9769E-08 6.9769E-08 0.0000E+00 0.0000E+00 6.9769E-08 5.18E-06 6.15E-06   0.172 1.0000 6.8667E-06    969.949
11521.00 0.84140372 4.7734E-27 0.0000E+00 0.0000E+00 7.0116E-08 7.0116E-08 0.0000E+00 0.0000E+00 7.0116E-08 5.20E-06 6.18E-06   0.173 1.0000 6.8922E-06    970.925
11531.00 0.84107596 4.5550E-27 0.0000E+00 0.0000E+00 6.7585E-08 6.7585E-08 0.0000E+00 0.0000E+00 6.7585E-08 5.00E-06 5.94E-06   0.173 1.0000 6.6351E-06    969.533
11541.00 0.84086394 4.3433E-27 0.0000E+00 0.0000E+00 5.3829E-08 5.3829E-08 0.0000E+00 0.0000E+00 5.3829E-08 3.97E-06 4.73E-06   0.173 1.0000 5.2774E-06    957.494
11551.00 0.84030300 4.1504E-27 0.0000E+00 0.0000E+00 6.8521E-08 6.8521E-08 0.0000E+00 0.0000E+00 6.8521E-08 5.05E-06 6.01E-06   0.174 1.0000 6.7102E-06    971.700
11561.00 0.83992356 3.9617E-27 0.0000E+00 0.0000E+00 7.2066E-08 7.2066E-08 0.0000E+00 0.0000E+00 7.2066E-08 5.30E-06 6.31E-06   0.174 1.0000 7.0485E-06    975.269
11571.00 0.83982641 3.7747E-27 0.0000E+00 0.0000E+00 7.3496E-08 7.3496E-08 0.0000E+00 0.0000E+00 7.3496E-08 5.39E-06 6.42E-06   0.175 1.0000 7.1778E-06    977.090
11581.00 0.83910757 3.6104E-27 0.0000E+00 0.0000E+00 7.3082E-08 7.3082E-08 0.0000E+00 0.0000E+00 7.3082E-08 5.35E-06 6.38E-06   0.175 1.0000 7.1315E-06    977.462
11591.00 0.83715320 3.4798E-27 0.0000E+00 0.0000E+00 7.3094E-08 7.3094E-08 0.0000E+00 0.0000E+00 7.3094E-08 5.33E-06 6.37E-06   0.178 1.0000 7.1338E-06    978.167
11601.00 0.83827752 3.2912E-27 0.0000E+00 0.0000E+00 7.2084E-08 7.2084E-08 0.0000E+00 0.0000E+00 7.2084E-08 5.26E-06 6.27E-06   0.176 1.0000 7.0173E-06    978.064
11611.00 0.83597088 3.1778E-27 0.0000E+00 0.0000E+00 7.1953E-08 7.1953E-08 0.0000E+00 0.0000E+00 7.1953E-08 5.23E-06 6.25E-06   0.179 1.0000 7.0074E-06    978.654
11621.00 0.83682954 3.0109E-27 0.0000E+00 0.0000E+00 7.2822E-08 7.2822E-08 0.0000E+00 0.0000E+00 7.2822E-08 5.29E-06 6.32E-06   0.178 1.0000 7.0763E-06    980.038
11631.00 0.83439738 2.9084E-27 0.0000E+00 0.0000E+00 7.2261E-08 7.2261E-08 0.0000E+00 0.0000E+00 7.2261E-08 5.23E-06 6.26E-06   0.181 1.0000 7.0263E-06    980.289
11641.00 0.83209854 2.8100E-27 0.0000E+00 0.0000E+00 7.2110E-08 7.2110E-08 0.0000E+00 0.0000E+00 7.2110E-08 5.20E-06 6.25E-06   0.184 1.0000 7.0154E-06    980.863
11651.00 0.83382183 2.6472E-27 0.0000E+00 0.0000E+00 7.2333E-08 7.2333E-08 0.0000E+00 0.0000E+00 7.2333E-08 5.21E-06 6.25E-06   0.182 1.0000 7.0154E-06    981.735
11661.00 0.82445151 2.6621E-27 0.0000E+00 0.0000E+00 7.3133E-08 7.3133E-08 0.0000E+00 0.0000E+00 7.3133E-08 5.23E-06 6.34E-06   0.193 1.0000 7.1406E-06    983.063
11671.00 0.83147860 2.4352E-27 0.0000E+00 0.0000E+00 7.3814E-08 7.3814E-08 0.0000E+00 0.0000E+00 7.3814E-08 5.29E-06 6.36E-06   0.185 1.0000 7.1519E-06    984.292
11681.00 0.82682770 2.3805E-27 0.0000E+00 0.0000E+00 7.2414E-08 7.2414E-08 0.0000E+00 0.0000E+00 7.2414E-08 5.17E-06 6.25E-06   0.190 1.0000 7.0342E-06    983.883
11691.00 0.82424188 2.3029E-27 0.0000E+00 0.0000E+00 7.0101E-08 7.0101E-08 0.0000E+00 0.0000E+00 7.0101E-08 4.99E-06 6.05E-06   0.193 1.0000 6.8153E-06    982.710
11701.00 0.82163954 2.2229E-27 0.0000E+00 0.0000E+00 5.2505E-08 5.2505E-08 0.0000E+00 0.0000E+00 5.2505E-08 3.73E-06 4.53E-06   0.196 1.0000 5.1054E-06    967.076
11711.00 0.81538117 2.1937E-27 0.0000E+00 0.0000E+00 6.2486E-08 6.2486E-08 0.0000E+00 0.0000E+00 6.2486E-08 4.41E-06 5.39E-06   0.204 1.0000 6.0975E-06    977.531
11721.00 0.82410997 1.9891E-27 0.0000E+00 0.0000E+00 7.1716E-08 7.1716E-08 0.0000E+00 0.0000E+00 7.1716E-08 5.07E-06 6.15E-06   0.193 1.0000 6.9393E-06    986.101
11731.00 0.81601697 1.9800E-27 0.0000E+00 0.0000E+00 7.2436E-08 7.2436E-08 0.0000E+00 0.0000E+00 7.2436E-08 5.09E-06 6.23E-06   0.203 1.0000 7.0489E-06    987.372
11741.00 0.80626589 1.9852E-27 0.0000E+00 0.0000E+00 6.9779E-08 6.9779E-08 0.0000E+00 0.0000E+00 6.9779E-08 4.87E-06 6.03E-06   0.215 1.0000 6.8430E-06    985.910
11751.00 0.81438226 1.8141E-27 0.0000E+00 0.0000E+00 7.2900E-08 7.2900E-08 0.0000E+00 0.0000E+00 7.2900E-08 5.10E-06 6.25E-06   0.205 1.0000 7.0799E-06    989.129
11761.00 0.82036334 1.6702E-27 0.0000E+00 0.0000E+00 6.5059E-08 6.5059E-08 0.0000E+00 0.0000E+00 6.5059E-08 4.56E-06 5.55E-06   0.198 1.0000 6.2711E-06    983.277
11771.00 0.81854743 1.6062E-27 0.0000E+00 0.0000E+00 6.9766E-08 6.9766E-08 0.0000E+00 0.0000E+00 6.9766E-08 4.87E-06 5.95E-06   0.200 1.0000 6.7248E-06    987.977
11781.00 0.81788796 1.5352E-27 0.0000E+00 0.0000E+00 7.4150E-08 7.4150E-08 0.0000E+00 0.0000E+00 7.4150E-08 5.17E-06 6.32E-06   0.201 1.0000 7.1404E-06    992.197
11791.00 0.81436288 1.4903E-27 0.0000E+00 0.0000E+00 7.4017E-08 7.4017E-08 0.0000E+00 0.0000E+00 7.4017E-08 5.14E-06 6.31E-06   0.205 1.0000 7.1364E-06    992.787
11801.00 0.82691675 1.3231E-27 0.0000E+00 0.0000E+00 7.3314E-08 7.3314E-08 0.0000E+00 0.0000E+00 7.3314E-08 5.12E-06 6.19E-06   0.190 1.0000 6.9763E-06    992.926
11811.00 0.82112503 1.3004E-27 0.0000E+00 0.0000E+00 7.3298E-08 7.3298E-08 0.0000E+00 0.0000E+00 7.3298E-08 5.09E-06 6.20E-06   0.197 1.0000 7.0000E-06    993.607
11821.00 0.81792963 1.2626E-27 0.0000E+00 0.0000E+00 7.4409E-08 7.4409E-08 0.0000E+00 0.0000E+00 7.4409E-08 5.15E-06 6.29E-06   0.201 1.0000 7.1140E-06    995.176
11831.00 0.81745797 1.2041E-27 0.0000E+00 0.0000E+00 7.4377E-08 7.4377E-08 0.0000E+00 0.0000E+00 7.4377E-08 5.14E-06 6.28E-06   0.202 1.0000 7.1007E-06    995.845
11841.00 0.80554831 1.2206E-27 0.0000E+00 0.0000E+00 7.2885E-08 7.2885E-08 0.0000E+00 0.0000E+00 7.2885E-08 4.99E-06 6.18E-06   0.216 1.0000 7.0230E-06    995.359
11851.00 0.78960013 1.2588E-27 0.0000E+00 0.0000E+00 7.1078E-08 7.1078E-08 0.0000E+00 0.0000E+00 7.1078E-08 4.82E-06 6.08E-06   0.236 1.0000 6.9407E-06    994.594
11861.00 0.80181783 1.1299E-27 0.0000E+00 0.0000E+00 7.3418E-08 7.3418E-08 0.0000E+00 0.0000E+00 7.3418E-08 5.00E-06 6.22E-06   0.221 1.0000 7.0767E-06    997.170
11871.00 0.80729508 1.0433E-27 0.0000E+00 0.0000E+00 7.3354E-08 7.3354E-08 0.0000E+00 0.0000E+00 7.3354E-08 5.01E-06 6.18E-06   0.214 1.0000 7.0212E-06    997.812
11881.00 0.78187907 1.1265E-27 0.0000E+00 0.0000E+00 7.2382E-08 7.2382E-08 0.0000E+00 0.0000E+00 7.2382E-08 4.86E-06 6.18E-06   0.246 1.0000 7.0855E-06    997.729
11891.00 0.76736188 1.1442E-27 0.0000E+00 0.0000E+00 7.2124E-08 7.2124E-08 0.0000E+00 0.0000E+00 7.2124E-08 4.79E-06 6.20E-06   0.265 1.0000 7.1453E-06    998.213
11901.00 0.78625262 1.0004E-27 0.0000E+00 0.0000E+00 7.3067E-08 7.3067E-08 0.0000E+00 0.0000E+00 7.3067E-08 4.90E-06 6.20E-06   0.240 1.0000 7.0928E-06    999.663
11911.00 0.78520739 9.5862E-28 0.0000E+00 0.0000E+00 7.2762E-08 7.2762E-08 0.0000E+00 0.0000E+00 7.2762E-08 4.87E-06 6.17E-06   0.242 1.0000 7.0600E-06   1000.112
11921.00 0.75662714 1.0319E-27 0.0000E+00 0.0000E+00 6.8845E-08 6.8845E-08 0.0000E+00 0.0000E+00 6.8845E-08 4.51E-06 5.93E-06   0.279 1.0000 6.8519E-06    997.583
11931.00 0.75977963 9.6887E-28 0.0000E+00 0.0000E+00 7.1578E-08 7.1578E-08 0.0000E+00 0.0000E+00 7.1578E-08 4.71E-06 6.14E-06   0.275 1.0000 7.0928E-06   1000.539
11941.00 0.74224329 9.9355E-28 0.0000E+00 0.0000E+00 7.0944E-08 7.0944E-08 0.0000E+00 0.0000E+00 7.0944E-08 4.62E-06 6.13E-06   0.298 1.0000 7.1401E-06   1000.712
11951.00 0.74978095 9.1618E-28 0.0000E+00 0.0000E+00 7.0536E-08 7.0536E-08 0.0000E+00 0.0000E+00 7.0536E-08 4.61E-06 6.05E-06   0.288 1.0000 7.0443E-06   1001.067
11961.00 0.72003639 9.7603E-28 0.0000E+00 0.0000E+00 6.9169E-08 6.9169E-08 0.0000E+00 0.0000E+00 6.9169E-08 4.45E-06 6.02E-06   0.328 1.0000 7.1078E-06   1000.619
11971.00 0.72741896 9.0661E-28 0.0000E+00 0.0000E+00 6.9662E-08 6.9662E-08 0.0000E+00 0.0000E+00 6.9662E-08 4.48E-06 6.03E-06   0.318 1.0000 7.0906E-06   1001.723
11981.00 0.73714125 8.2984E-28 0.0000E+00 0.0000E+00 6.9203E-08 6.9203E-08 0.0000E+00 0.0000E+00 6.9203E-08 4.46E-06 5.95E-06   0.305 1.0000 6.9668E-06   1002.029
11991.00 0.67135370 9.8923E-28 0.0000E+00 0.0000E+00 6.4748E-08 6.4748E-08 0.0000E+00 0.0000E+00 6.4748E-08 4.03E-06 5.77E-06   0.398 1.0000 6.9804E-06    998.856
12001.00 0.66944736 9.4953E-28 0.0000E+00 0.0000E+00 6.3755E-08 6.3755E-08 0.0000E+00 0.0000E+00 6.3755E-08 3.95E-06 5.68E-06   0.401 1.0000 6.8879E-06    998.651
12011.00 0.67928934 8.7244E-28 0.0000E+00 0.0000E+00 6.5011E-08 6.5011E-08 0.0000E+00 0.0000E+00 6.5011E-08 4.10E-06 5.68E-06   0.387 1.0000 6.9934E-06   1000.467
12021.00 0.62569940 9.7486E-28 0.0000E+00 0.0000E+00 6.2149E-08 6.2149E-08 0.0000E+00 0.0000E+00 6.2149E-08 3.78E-06 5.61E-06   0.469 1.0000 7.0695E-06    998.553
12031.00 0.68927521 7.6844E-28 0.0000E+00 0.0000E+00 6.6036E-08 6.6036E-08 0.0000E+00 0.0000E+00 6.6036E-08 4.12E-06 5.77E-06   0.372 1.0000 6.9475E-06   1002.752
12041.00 0.64837140 8.2974E-28 0.0000E+00 0.0000E+00 6.3621E-08 6.3621E-08 0.0000E+00 0.0000E+00 6.3621E-08 3.91E-06 5.65E-06   0.433 1.0000 7.0298E-06   1001.280
12051.00 0.63873982 8.0967E-28 0.0000E+00 0.0000E+00 6.3122E-08 6.3122E-08 0.0000E+00 0.0000E+00 6.3122E-08 3.85E-06 5.63E-06   0.448 1.0000 7.0419E-06   1001.512
12061.00 0.60268193 8.4965E-28 0.0000E+00 0.0000E+00 6.0844E-08 6.0844E-08 0.0000E+00 0.0000E+00 6.0844E-08 3.64E-06 5.52E-06   0.506 1.0000 7.1140E-06   1000.076
12071.00 0.61321843 7.8506E-28 0.0000E+00 0.0000E+00 6.2165E-08 6.2165E-08 0.0000E+00 0.0000E+00 6.2165E-08 3.73E-06 5.59E-06   0.489 1.0000 7.1599E-06   1002.001
12081.00 0.55308193 8.6592E-28 0.0000E+00 0.0000E+00 5.7254E-08 5.7254E-08 0.0000E+00 0.0000E+00 5.7254E-08 3.30E-06 5.35E-06   0.592 1.0000 7.1226E-06    997.950
12091.00 0.71374327 5.2949E-28 0.0000E+00 0.0000E+00 7.0160E-08 7.0160E-08 0.0000E+00 0.0000E+00 7.0160E-08 4.40E-06 5.97E-06   0.337 1.0000 7.1353E-06   1010.424
12101.00 0.65139198 6.1015E-28 0.0000E+00 0.0000E+00 6.5335E-08 6.5335E-08 0.0000E+00 0.0000E+00 6.5335E-08 3.96E-06 5.75E-06   0.429 1.0000 7.1283E-06   1006.948
12111.00 0.64963186 5.8795E-28 0.0000E+00 0.0000E+00 6.4783E-08 6.4783E-08 0.0000E+00 0.0000E+00 6.4783E-08 3.93E-06 5.68E-06   0.431 1.0000 7.0848E-06   1007.142
12121.00 0.72563201 4.3560E-28 0.0000E+00 0.0000E+00 7.0209E-08 7.0209E-08 0.0000E+00 0.0000E+00 7.0209E-08 4.40E-06 5.92E-06   0.321 1.0000 7.0243E-06   1012.536
12131.00 0.64316112 5.4123E-28 0.0000E+00 0.0000E+00 6.4621E-08 6.4621E-08 0.0000E+00 0.0000E+00 6.4621E-08 3.85E-06 5.71E-06   0.441 1.0000 7.0679E-06   1008.370
12141.00 0.51283544 6.9900E-28 0.0000E+00 0.0000E+00 5.3527E-08 5.3527E-08 0.0000E+00 0.0000E+00 5.3527E-08 2.98E-06 5.09E-06   0.668 1.0000 6.9714E-06    998.197
12151.00 0.33610749 9.1375E-28 0.0000E+00 0.0000E+00 3.8570E-08 3.8570E-08 0.0000E+00 0.0000E+00 3.8570E-08 1.88E-06 4.19E-06   1.090 1.0000 7.0361E-06    980.519
12161.00 0.62048125 4.9813E-28 0.0000E+00 0.0000E+00 6.1258E-08 6.1258E-08 0.0000E+00 0.0000E+00 6.1258E-08 3.62E-06 5.42E-06   0.477 1.0000 6.9045E-06   1007.323
12171.00 0.67936110 3.9928E-28 0.0000E+00 0.0000E+00 6.6399E-08 6.6399E-08 0.0000E+00 0.0000E+00 6.6399E-08 4.02E-06 5.69E-06   0.387 1.0000 6.9343E-06   1012.706
12181.00 0.73676306 3.1321E-28 0.0000E+00 0.0000E+00 7.1145E-08 7.1145E-08 0.0000E+00 0.0000E+00 7.1145E-08 4.43E-06 5.90E-06   0.305 1.0000 6.9604E-06   1017.455
12191.00 0.57982254 4.7250E-28 0.0000E+00 0.0000E+00 5.8326E-08 5.8326E-08 0.0000E+00 0.0000E+00 5.8326E-08 3.36E-06 5.26E-06   0.545 1.0000 6.9001E-06   1006.537
12201.00 0.57606232 4.5569E-28 0.0000E+00 0.0000E+00 5.7259E-08 5.7259E-08 0.0000E+00 0.0000E+00 5.7259E-08 3.28E-06 5.16E-06   0.552 1.0000 6.8274E-06   1006.155
12211.00 0.56662929 4.4394E-28 0.0000E+00 0.0000E+00 5.7959E-08 5.7959E-08 0.0000E+00 0.0000E+00 5.7959E-08 3.28E-06 5.25E-06   0.568 1.0000 6.9594E-06   1007.539
12221.00 0.48825213 4.9710E-28 0.0000E+00 0.0000E+00 5.1422E-08 5.1422E-08 0.0000E+00 0.0000E+00 5.1422E-08 2.78E-06 4.90E-06   0.717 1.0000 6.9415E-06   1001.352
12231.00 0.56228185 4.0700E-28 0.0000E+00 0.0000E+00 5.9095E-08 5.9095E-08 0.0000E+00 0.0000E+00 5.9095E-08 3.35E-06 5.34E-06   0.576 1.0000 7.1216E-06   1010.029
12241.00 0.49620324 4.4396E-28 0.0000E+00 0.0000E+00 5.3395E-08 5.3395E-08 0.0000E+00 0.0000E+00 5.3395E-08 2.91E-06 5.02E-06   0.701 1.0000 7.0928E-06   1004.864
12251.00 0.51008219 4.1353E-28 0.0000E+00 0.0000E+00 5.4573E-08 5.4573E-08 0.0000E+00 0.0000E+00 5.4573E-08 3.00E-06 5.06E-06   0.673 1.0000 7.0794E-06   1006.798
12261.00 0.52288365 3.8162E-28 0.0000E+00 0.0000E+00 5.6173E-08 5.6173E-08 0.0000E+00 0.0000E+00 5.6173E-08 3.07E-06 5.21E-06   0.648 1.0000 7.0894E-06   1009.144
12271.00 0.52012026 3.6622E-28 0.0000E+00 0.0000E+00 5.6279E-08 5.6279E-08 0.0000E+00 0.0000E+00 5.6279E-08 3.06E-06 5.24E-06   0.654 1.0000 7.0956E-06   1009.935
12281.00 0.58428466 3.0208E-28 0.0000E+00 0.0000E+00 6.1953E-08 6.1953E-08 0.0000E+00 0.0000E+00 6.1953E-08 3.49E-06 5.51E-06   0.537 1.0000 7.1191E-06   1016.199
12291.00 0.55607027 3.0686E-28 0.0000E+00 0.0000E+00 5.9830E-08 5.9830E-08 0.0000E+00 0.0000E+00 5.9830E-08 3.30E-06 5.43E-06   0.587 1.0000 7.1358E-06   1014.849
12301.00 0.67478818 2.1420E-28 0.0000E+00 0.0000E+00 6.9351E-08 6.9351E-08 0.0000E+00 0.0000E+00 6.9351E-08 4.08E-06 5.85E-06   0.393 1.0000 7.1019E-06   1024.211
12311.00 0.67893243 2.0167E-28 0.0000E+00 0.0000E+00 6.9929E-08 6.9929E-08 0.0000E+00 0.0000E+00 6.9929E-08 4.09E-06 5.90E-06   0.387 1.0000 7.1036E-06   1025.392
12321.00 0.69641316 1.8099E-28 0.0000E+00 0.0000E+00 7.1097E-08 7.1097E-08 0.0000E+00 0.0000E+00 7.1097E-08 4.21E-06 5.91E-06   0.362 1.0000 7.0841E-06   1027.064
12331.00 0.72565854 1.5606E-28 0.0000E+00 0.0000E+00 7.3722E-08 7.3722E-08 0.0000E+00 0.0000E+00 7.3722E-08 4.42E-06 6.02E-06   0.321 1.0000 7.1024E-06   1029.916
12341.00 0.74982637 1.3522E-28 0.0000E+00 0.0000E+00 7.4688E-08 7.4688E-08 0.0000E+00 0.0000E+00 7.4688E-08 4.52E-06 6.00E-06   0.288 1.0000 7.0116E-06   1031.386
12351.00 0.74468261 1.3164E-28 0.0000E+00 0.0000E+00 7.3411E-08 7.3411E-08 0.0000E+00 0.0000E+00 7.3411E-08 4.43E-06 5.90E-06   0.295 1.0000 6.9247E-06   1031.043
12361.00 0.76603693 1.1463E-28 0.0000E+00 0.0000E+00 7.5724E-08 7.5724E-08 0.0000E+00 0.0000E+00 7.5724E-08 4.62E-06 6.00E-06   0.267 1.0000 6.9793E-06   1033.592
12371.00 0.76983261 1.0756E-28 0.0000E+00 0.0000E+00 7.6632E-08 7.6632E-08 0.0000E+00 0.0000E+00 7.6632E-08 4.67E-06 6.05E-06   0.262 1.0000 7.0253E-06   1035.000
12381.00 0.78436691 9.5821E-29 0.0000E+00 0.0000E+00 7.7927E-08 7.7927E-08 0.0000E+00 0.0000E+00 7.7927E-08 4.79E-06 6.09E-06   0.243 1.0000 7.0369E-06   1036.700
12391.00 0.78102142 9.2669E-29 0.0000E+00 0.0000E+00 7.8333E-08 7.8333E-08 0.0000E+00 0.0000E+00 7.8333E-08 4.80E-06 6.12E-06   0.247 1.0000 7.0840E-06   1037.706
12401.00 0.78040797 8.8503E-29 0.0000E+00 0.0000E+00 7.9125E-08 7.9125E-08 0.0000E+00 0.0000E+00 7.9125E-08 4.83E-06 6.18E-06   0.248 1.0000 7.1455E-06   1039.005
12411.00 0.78589451 8.2108E-29 0.0000E+00 0.0000E+00 7.9075E-08 7.9075E-08 0.0000E+00 0.0000E+00 7.9075E-08 4.84E-06 6.14E-06   0.241 1.0000 7.0929E-06   1039.658
12421.00 0.77856988 8.0715E-29 0.0000E+00 0.0000E+00 7.6291E-08 7.6291E-08 0.0000E+00 0.0000E+00 7.6291E-08 4.64E-06 5.94E-06   0.250 1.0000 6.8849E-06   1038.183
12431.00 0.74195278 8.9804E-29 0.0000E+00 0.0000E+00 7.5471E-08 7.5471E-08 0.0000E+00 0.0000E+00 7.5471E-08 4.49E-06 5.99E-06   0.298 1.0000 7.0471E-06   1038.221
12441.00 0.74544543 8.4227E-29 0.0000E+00 0.0000E+00 7.6225E-08 7.6225E-08 0.0000E+00 0.0000E+00 7.6225E-08 4.54E-06 6.03E-06   0.294 1.0000 7.0810E-06   1039.511
12451.00 0.74061084 8.1664E-29 0.0000E+00 0.0000E+00 7.5083E-08 7.5083E-08 0.0000E+00 0.0000E+00 7.5083E-08 4.44E-06 5.95E-06   0.300 1.0000 6.9937E-06   1039.290
12461.00 0.72724223 8.1923E-29 0.0000E+00 0.0000E+00 7.5014E-08 7.5014E-08 0.0000E+00 0.0000E+00 7.5014E-08 4.39E-06 5.99E-06   0.318 1.0000 7.0759E-06   1039.924
12471.00 0.74942625 7.1464E-29 0.0000E+00 0.0000E+00 7.7208E-08 7.7208E-08 0.0000E+00 0.0000E+00 7.7208E-08 4.58E-06 6.07E-06   0.288 1.0000 7.1120E-06   1042.356
12481.00 0.73398358 7.2367E-29 0.0000E+00 0.0000E+00 7.5927E-08 7.5927E-08 0.0000E+00 0.0000E+00 7.5927E-08 4.47E-06 6.00E-06   0.309 1.0000 7.1032E-06   1042.034
12491.00 0.74305820 6.6522E-29 0.0000E+00 0.0000E+00 7.6154E-08 7.6154E-08 0.0000E+00 0.0000E+00 7.6154E-08 4.50E-06 5.98E-06   0.297 1.0000 7.0410E-06   1042.903
12501.00 0.74549723 6.2857E-29 0.0000E+00 0.0000E+00 7.5642E-08 7.5642E-08 0.0000E+00 0.0000E+00 7.5642E-08 4.45E-06 5.92E-06   0.294 1.0000 6.9583E-06   1043.185
12511.00 0.77351987 5.3150E-29 0.0000E+00 0.0000E+00 7.9602E-08 7.9602E-08 0.0000E+00 0.0000E+00 7.9602E-08 4.75E-06 6.12E-06   0.257 1.0000 7.1163E-06   1046.972
12521.00 0.75678635 5.4345E-29 0.0000E+00 0.0000E+00 7.8337E-08 7.8337E-08 0.0000E+00 0.0000E+00 7.8337E-08 4.63E-06 6.07E-06   0.279 1.0000 7.1113E-06   1046.688
12531.00 0.77855819 4.7109E-29 0.0000E+00 0.0000E+00 8.0042E-08 8.0042E-08 0.0000E+00 0.0000E+00 8.0042E-08 4.77E-06 6.12E-06   0.250 1.0000 7.0974E-06   1048.690
12541.00 0.75869226 4.8848E-29 0.0000E+00 0.0000E+00 7.8462E-08 7.8462E-08 0.0000E+00 0.0000E+00 7.8462E-08 4.62E-06 6.05E-06   0.276 1.0000 7.0882E-06   1048.165
12551.00 0.72774112 5.2340E-29 0.0000E+00 0.0000E+00 7.6249E-08 7.6249E-08 0.0000E+00 0.0000E+00 7.6249E-08 4.42E-06 5.97E-06   0.318 1.0000 7.0994E-06   1047.115
12561.00 0.71198249 5.3038E-29 0.0000E+00 0.0000E+00 7.4434E-08 7.4434E-08 0.0000E+00 0.0000E+00 7.4434E-08 4.27E-06 5.88E-06   0.340 1.0000 7.0428E-06   1046.343
12571.00 0.77677161 3.9017E-29 0.0000E+00 0.0000E+00 7.9874E-08 7.9874E-08 0.0000E+00 0.0000E+00 7.9874E-08 4.73E-06 6.07E-06   0.253 1.0000 7.0580E-06   1051.324
12581.00 0.78675133 3.5510E-29 0.0000E+00 0.0000E+00 7.7906E-08 7.7906E-08 0.0000E+00 0.0000E+00 7.7906E-08 4.63E-06 5.88E-06   0.240 1.0000 6.8119E-06   1050.492
12591.00 0.79788905 3.2032E-29 0.0000E+00 0.0000E+00 7.9150E-08 7.9150E-08 0.0000E+00 0.0000E+00 7.9150E-08 4.73E-06 5.92E-06   0.226 1.0000 6.8345E-06   1052.148
12601.00 0.78613526 3.2170E-29 0.0000E+00 0.0000E+00 7.8330E-08 7.8330E-08 0.0000E+00 0.0000E+00 7.8330E-08 4.64E-06 5.89E-06   0.241 1.0000 6.8321E-06   1052.202
12611.00 0.74818075 3.6191E-29 0.0000E+00 0.0000E+00 7.7505E-08 7.7505E-08 0.0000E+00 0.0000E+00 7.7505E-08 4.50E-06 5.94E-06   0.290 1.0000 7.0130E-06   1052.245
12621.00 0.74950755 3.4214E-29 0.0000E+00 0.0000E+00 7.7678E-08 7.7678E-08 0.0000E+00 0.0000E+00 7.7678E-08 4.51E-06 5.93E-06   0.288 1.0000 7.0117E-06   1053.070
12631.00 0.75875622 3.1415E-29 0.0000E+00 0.0000E+00 7.7441E-08 7.7441E-08 0.0000E+00 0.0000E+00 7.7441E-08 4.50E-06 5.88E-06   0.276 1.0000 6.9099E-06   1053.573
12641.00 0.74148703 3.2052E-29 0.0000E+00 0.0000E+00 7.7663E-08 7.7663E-08 0.0000E+00 0.0000E+00 7.7663E-08 4.47E-06 5.94E-06   0.299 1.0000 7.0438E-06   1054.437
12651.00 0.74305099 3.0288E-29 0.0000E+00 0.0000E+00 7.8514E-08 7.8514E-08 0.0000E+00 0.0000E+00 7.8514E-08 4.51E-06 5.99E-06   0.297 1.0000 7.0958E-06   1055.793
12661.00 0.72073889 3.1306E-29 0.0000E+00 0.0000E+00 7.6705E-08 7.6705E-08 0.0000E+00 0.0000E+00 7.6705E-08 4.35E-06 5.92E-06   0.327 1.0000 7.0839E-06   1055.056
12671.00 0.73798823 2.8046E-29 0.0000E+00 0.0000E+00 7.8703E-08 7.8703E-08 0.0000E+00 0.0000E+00 7.8703E-08 4.48E-06 6.01E-06   0.304 1.0000 7.1204E-06   1057.319
12681.00 0.77084225 2.3339E-29 0.0000E+00 0.0000E+00 8.1012E-08 8.1012E-08 0.0000E+00 0.0000E+00 8.1012E-08 4.69E-06 6.06E-06   0.260 1.0000 7.0842E-06   1059.785
12691.00 0.76600397 2.2675E-29 0.0000E+00 0.0000E+00 8.0352E-08 8.0352E-08 0.0000E+00 0.0000E+00 8.0352E-08 4.64E-06 6.01E-06   0.267 1.0000 7.0488E-06   1059.972
12701.00 0.77729112 2.0546E-29 0.0000E+00 0.0000E+00 8.1918E-08 8.1918E-08 0.0000E+00 0.0000E+00 8.1918E-08 4.75E-06 6.08E-06   0.252 1.0000 7.0968E-06   1061.851
12711.00 0.77446538 1.9821E-29 0.0000E+00 0.0000E+00 8.2331E-08 8.2331E-08 0.0000E+00 0.0000E+00 8.2331E-08 4.75E-06 6.12E-06   0.256 1.0000 7.1406E-06   1062.851
12721.00 0.79861051 1.6842E-29 0.0000E+00 0.0000E+00 8.2639E-08 8.2639E-08 0.0000E+00 0.0000E+00 8.2639E-08 4.83E-06 6.04E-06   0.225 1.0000 6.9992E-06   1063.773
12731.00 0.79962492 1.5953E-29 0.0000E+00 0.0000E+00 8.2677E-08 8.2677E-08 0.0000E+00 0.0000E+00 8.2677E-08 4.82E-06 6.03E-06   0.224 1.0000 6.9861E-06   1064.492
12741.00 0.79989088 1.5165E-29 0.0000E+00 0.0000E+00 8.4186E-08 8.4186E-08 0.0000E+00 0.0000E+00 8.4186E-08 4.90E-06 6.13E-06   0.223 1.0000 7.1028E-06   1066.302
12751.00 0.80223536 1.4266E-29 0.0000E+00 0.0000E+00 8.4274E-08 8.4274E-08 0.0000E+00 0.0000E+00 8.4274E-08 4.91E-06 6.12E-06   0.220 1.0000 7.0859E-06   1067.058
12761.00 0.80535293 1.3370E-29 0.0000E+00 0.0000E+00 8.2462E-08 8.2462E-08 0.0000E+00 0.0000E+00 8.2462E-08 4.80E-06 5.96E-06   0.216 1.0000 6.9058E-06   1066.401
12771.00 0.80588251 1.2693E-29 0.0000E+00 0.0000E+00 8.4170E-08 8.4170E-08 0.0000E+00 0.0000E+00 8.4170E-08 4.90E-06 6.08E-06   0.216 1.0000 7.0362E-06   1068.363
12781.00 0.80594790 1.2079E-29 0.0000E+00 0.0000E+00 8.5230E-08 8.5230E-08 0.0000E+00 0.0000E+00 8.5230E-08 4.95E-06 6.14E-06   0.216 1.0000 7.1156E-06   1069.832
12791.00 0.80590212 1.1503E-29 0.0000E+00 0.0000E+00 8.5383E-08 8.5383E-08 0.0000E+00 0.0000E+00 8.5383E-08 4.95E-06 6.14E-06   0.216 1.0000 7.1190E-06   1070.635
12801.00 0.80621785 1.0932E-29 0.0000E+00 0.0000E+00 8.4114E-08 8.4114E-08 0.0000E+00 0.0000E+00 8.4114E-08 4.87E-06 6.04E-06   0.215 1.0000 7.0016E-06   1070.393
12811.00 0.80544686 1.0449E-29 0.0000E+00 0.0000E+00 8.5173E-08 8.5173E-08 0.0000E+00 0.0000E+00 8.5173E-08 4.92E-06 6.11E-06   0.216 1.0000 7.0852E-06   1071.863
12821.00 0.80585098 9.9269E-30 0.0000E+00 0.0000E+00 8.4306E-08 8.4306E-08 0.0000E+00 0.0000E+00 8.4306E-08 4.86E-06 6.03E-06   0.216 1.0000 7.0007E-06   1071.916
12831.00 0.80492562 9.4955E-30 0.0000E+00 0.0000E+00 8.5390E-08 8.5390E-08 0.0000E+00 0.0000E+00 8.5390E-08 4.91E-06 6.11E-06   0.217 1.0000 7.0866E-06   1073.402
12841.00 0.80529630 9.0224E-30 0.0000E+00 0.0000E+00 8.5809E-08 8.5809E-08 0.0000E+00 0.0000E+00 8.5809E-08 4.93E-06 6.12E-06   0.217 1.0000 7.1081E-06   1074.400
12851.00 0.80486923 8.6081E-30 0.0000E+00 0.0000E+00 8.5825E-08 8.5825E-08 0.0000E+00 0.0000E+00 8.5825E-08 4.92E-06 6.12E-06   0.217 1.0000 7.1013E-06   1075.102
12861.00 0.80469018 8.2027E-30 0.0000E+00 0.0000E+00 8.4207E-08 8.4207E-08 0.0000E+00 0.0000E+00 8.4207E-08 4.82E-06 5.99E-06   0.217 1.0000 6.9577E-06   1074.604
12871.00 0.80460560 7.8121E-30 0.0000E+00 0.0000E+00 8.6228E-08 8.6228E-08 0.0000E+00 0.0000E+00 8.6228E-08 4.93E-06 6.12E-06   0.217 1.0000 7.1139E-06   1076.776
12881.00 0.80418235 7.4531E-30 0.0000E+00 0.0000E+00 8.6154E-08 8.6154E-08 0.0000E+00 0.0000E+00 8.6154E-08 4.91E-06 6.11E-06   0.218 1.0000 7.0994E-06   1077.413
12891.00 0.80336815 7.1248E-30 0.0000E+00 0.0000E+00 8.6166E-08 8.6166E-08 0.0000E+00 0.0000E+00 8.6166E-08 4.90E-06 6.10E-06   0.219 1.0000 7.0944E-06   1078.112
12901.00 0.80304146 6.7940E-30 0.0000E+00 0.0000E+00 8.2133E-08 8.2133E-08 0.0000E+00 0.0000E+00 8.2133E-08 4.67E-06 5.81E-06   0.219 1.0000 6.7536E-06   1075.805
12911.00 0.80194157 6.5036E-30 0.0000E+00 0.0000E+00 8.4069E-08 8.4069E-08 0.0000E+00 0.0000E+00 8.4069E-08 4.76E-06 5.94E-06   0.221 1.0000 6.9089E-06   1077.950
12921.00 0.80134618 6.2101E-30 0.0000E+00 0.0000E+00 8.6543E-08 8.6543E-08 0.0000E+00 0.0000E+00 8.6543E-08 4.89E-06 6.11E-06   0.221 1.0000 7.1049E-06   1080.457
12931.00 0.80003595 5.9509E-30 0.0000E+00 0.0000E+00 8.6073E-08 8.6073E-08 0.0000E+00 0.0000E+00 8.6073E-08 4.86E-06 6.07E-06   0.223 1.0000 7.0646E-06   1080.805
12941.00 0.79811841 5.7196E-30 0.0000E+00 0.0000E+00 8.3961E-08 8.3961E-08 0.0000E+00 0.0000E+00 8.3961E-08 4.72E-06 5.92E-06   0.225 1.0000 6.8949E-06   1079.937
12951.00 0.79721731 5.4688E-30 0.0000E+00 0.0000E+00 8.5142E-08 8.5142E-08 0.0000E+00 0.0000E+00 8.5142E-08 4.78E-06 5.99E-06   0.227 1.0000 6.9877E-06   1081.503
12961.00 0.79600525 5.2370E-30 0.0000E+00 0.0000E+00 8.4037E-08 8.4037E-08 0.0000E+00 0.0000E+00 8.4037E-08 4.71E-06 5.91E-06   0.228 1.0000 6.8945E-06   1081.373
12971.00 0.79386580 5.0370E-30 0.0000E+00 0.0000E+00 8.5598E-08 8.5598E-08 0.0000E+00 0.0000E+00 8.5598E-08 4.78E-06 6.01E-06   0.231 1.0000 7.0270E-06   1083.217
12981.00 0.78485847 5.0054E-30 0.0000E+00 0.0000E+00 8.4460E-08 8.4460E-08 0.0000E+00 0.0000E+00 8.4460E-08 4.69E-06 5.95E-06   0.242 1.0000 6.9958E-06   1083.066
12991.00 0.77467495 4.9918E-30 0.0000E+00 0.0000E+00 8.3310E-08 8.3310E-08 0.0000E+00 0.0000E+00 8.3310E-08 4.60E-06 5.88E-06   0.255 1.0000 6.9674E-06   1082.894
13001.00 0.75810105 5.1008E-30 0.0000E+00 0.0000E+00 8.2250E-08 8.2250E-08 0.0000E+00 0.0000E+00 8.2250E-08 4.51E-06 5.83E-06   0.277 1.0000 6.9977E-06   1082.780
13011.00 0.74621344 5.0924E-30 0.0000E+00 0.0000E+00 8.1900E-08 8.1900E-08 0.0000E+00 0.0000E+00 8.1900E-08 4.47E-06 5.82E-06   0.293 1.0000 7.0635E-06   1083.201
13021.00 0.71482718 5.4445E-30 0.0000E+00 0.0000E+00 7.8537E-08 7.8537E-08 0.0000E+00 0.0000E+00 7.8537E-08 4.23E-06 5.64E-06   0.336 1.0000 7.0503E-06   1081.266
13031.00 0.68082792 5.8006E-30 0.0000E+00 0.0000E+00 7.5333E-08 7.5333E-08 0.0000E+00 0.0000E+00 7.5333E-08 3.99E-06 5.48E-06   0.384 1.0000 7.0771E-06   1079.357
13041.00 0.62946928 6.4081E-30 0.0000E+00 0.0000E+00 6.6480E-08 6.6480E-08 0.0000E+00 0.0000E+00 6.6480E-08 3.45E-06 4.92E-06   0.463 1.0000 6.7057E-06   1072.327
13051.00 0.57094973 7.0627E-30 0.0000E+00 0.0000E+00 5.9029E-08 5.9029E-08 0.0000E+00 0.0000E+00 5.9029E-08 2.96E-06 4.51E-06   0.560 1.0000 6.6213E-06   1065.768
13061.00 0.49276978 7.9429E-30 0.0000E+00 0.0000E+00 5.2395E-08 5.2395E-08 0.0000E+00 0.0000E+00 5.2395E-08 2.52E-06 4.15E-06   0.708 1.0000 6.8845E-06   1059.279
13071.00 0.41262689 8.7535E-30 0.0000E+00 0.0000E+00 4.4538E-08 4.4538E-08 0.0000E+00 0.0000E+00 4.4538E-08 2.05E-06 3.68E-06   0.885 1.0000 7.1115E-06   1050.335
13081.00 0.34687379 9.2733E-30 0.0000E+00 0.0000E+00 3.6571E-08 3.6571E-08 0.0000E+00 0.0000E+00 3.6571E-08 1.61E-06 3.14E-06   1.059 1.0000 7.1104E-06   1039.562
13091.00 0.26984102 9.8734E-30 0.0000E+00 0.0000E+00 2.7509E-08 2.7509E-08 0.0000E+00 0.0000E+00 2.7509E-08 1.12E-06 2.51E-06   1.310 1.0000 7.1062E-06   1024.120
13101.00 0.23467293 9.8525E-30 0.0000E+00 0.0000E+00 2.2965E-08 2.2965E-08 0.0000E+00 0.0000E+00 2.2965E-08 8.87E-07 2.18E-06   1.450 1.0000 7.1028E-06   1014.814
13111.00 0.26027203 9.0744E-30 0.0000E+00 0.0000E+00 2.4925E-08 2.4925E-08 0.0000E+00 0.0000E+00 2.4925E-08 9.74E-07 2.33E-06   1.346 1.0000 7.0290E-06   1019.961
13121.00 0.48816806 5.9872E-30 0.0000E+00 0.0000E+00 4.8112E-08 4.8112E-08 0.0000E+00 0.0000E+00 4.8112E-08 2.29E-06 3.76E-06   0.717 1.0000 6.7816E-06   1058.238
13131.00 0.22933604 8.5312E-30 0.0000E+00 0.0000E+00 2.1603E-08 2.1603E-08 0.0000E+00 0.0000E+00 2.1603E-08 8.34E-07 2.05E-06   1.473 1.0000 6.9749E-06   1013.428
13141.00 0.06751765 9.8512E-30 0.0000E+00 0.0000E+00 5.7574E-09 5.7574E-09 0.0000E+00 0.0000E+00 5.7574E-09 1.17E-07 8.18E-07   2.695 1.0000 7.0062E-06    946.917
13151.00 0.05900332 9.4706E-30 0.0000E+00 0.0000E+00 6.0986E-09 6.0986E-09 0.0000E+00 0.0000E+00 6.0986E-09 1.24E-07 8.69E-07   2.830 1.0000 6.9759E-06    950.268
13161.00 0.21388929 7.5645E-30 0.0000E+00 0.0000E+00 2.4984E-08 2.4984E-08 0.0000E+00 0.0000E+00 2.4984E-08 9.97E-07 2.36E-06   1.542 1.0000 7.0394E-06   1023.349
13171.00 0.71421051 2.6309E-30 0.0000E+00 0.0000E+00 7.9718E-08 7.9718E-08 0.0000E+00 0.0000E+00 7.9718E-08 4.20E-06 5.57E-06   0.337 1.0000 7.0248E-06   1092.496
13181.00 0.79231119 1.8057E-30 0.0000E+00 0.0000E+00 8.6032E-08 8.6032E-08 0.0000E+00 0.0000E+00 8.6032E-08 4.63E-06 5.84E-06   0.233 1.0000 6.8540E-06   1098.006
13191.00 0.79479235 1.6981E-30 0.0000E+00 0.0000E+00 8.8488E-08 8.8488E-08 0.0000E+00 0.0000E+00 8.8488E-08 4.76E-06 5.99E-06   0.230 1.0000 7.0170E-06   1100.488
13201.00 0.79478520 1.6165E-30 0.0000E+00 0.0000E+00 8.8126E-08 8.8126E-08 0.0000E+00 0.0000E+00 8.8126E-08 4.74E-06 5.96E-06   0.230 1.0000 6.9786E-06   1100.915
13211.00 0.79476780 1.5389E-30 0.0000E+00 0.0000E+00 8.8229E-08 8.8229E-08 0.0000E+00 0.0000E+00 8.8229E-08 4.73E-06 5.95E-06   0.230 1.0000 6.9776E-06   1101.679
13221.00 0.79437584 1.4677E-30 0.0000E+00 0.0000E+00 8.8035E-08 8.8035E-08 0.0000E+00 0.0000E+00 8.8035E-08 4.71E-06 5.93E-06   0.230 1.0000 6.9558E-06   1102.227
13231.00 0.79392952 1.4002E-30 0.0000E+00 0.0000E+00 8.7637E-08 8.7637E-08 0.0000E+00 0.0000E+00 8.7637E-08 4.68E-06 5.90E-06   0.231 1.0000 6.9184E-06   1102.626
13241.00 0.79362899 1.3348E-30 0.0000E+00 0.0000E+00 8.9186E-08 8.9186E-08 0.0000E+00 0.0000E+00 8.9186E-08 4.76E-06 5.99E-06   0.231 1.0000 7.0339E-06   1104.436
13251.00 0.79343373 1.2719E-30 0.0000E+00 0.0000E+00 8.9538E-08 8.9538E-08 0.0000E+00 0.0000E+00 8.9538E-08 4.77E-06 6.01E-06   0.231 1.0000 7.0541E-06   1105.377
13261.00 0.79273731 1.2148E-30 0.0000E+00 0.0000E+00 8.9864E-08 8.9864E-08 0.0000E+00 0.0000E+00 8.9864E-08 4.77E-06 6.02E-06   0.232 1.0000 7.0756E-06   1106.299
13271.00 0.79270893 1.1566E-30 0.0000E+00 0.0000E+00 8.9041E-08 8.9041E-08 0.0000E+00 0.0000E+00 8.9041E-08 4.72E-06 5.96E-06   0.232 1.0000 7.0026E-06   1106.398
13281.00 0.79234964 1.1029E-30 0.0000E+00 0.0000E+00 8.8335E-08 8.8335E-08 0.0000E+00 0.0000E+00 8.8335E-08 4.68E-06 5.90E-06   0.233 1.0000 6.9412E-06   1106.576
13291.00 0.79192716 1.0520E-30 0.0000E+00 0.0000E+00 8.8091E-08 8.8091E-08 0.0000E+00 0.0000E+00 8.8091E-08 4.65E-06 5.88E-06   0.233 1.0000 6.9165E-06   1107.088
13301.00 0.79123449 1.0048E-30 0.0000E+00 0.0000E+00 8.9322E-08 8.9322E-08 0.0000E+00 0.0000E+00 8.9322E-08 4.71E-06 5.95E-06   0.234 1.0000 7.0096E-06   1108.666
13311.00 0.79115003 9.5683E-31 0.0000E+00 0.0000E+00 8.6696E-08 8.6696E-08 0.0000E+00 0.0000E+00 8.6696E-08 4.56E-06 5.77E-06   0.234 1.0000 6.7959E-06   1107.441
13321.00 0.78993291 9.1613E-31 0.0000E+00 0.0000E+00 8.9368E-08 8.9368E-08 0.0000E+00 0.0000E+00 8.9368E-08 4.69E-06 5.94E-06   0.236 1.0000 7.0050E-06   1110.076
13331.00 0.78990823 8.7223E-31 0.0000E+00 0.0000E+00 8.8648E-08 8.8648E-08 0.0000E+00 0.0000E+00 8.8648E-08 4.65E-06 5.88E-06   0.236 1.0000 6.9407E-06   1110.245
13341.00 0.78965050 8.3128E-31 0.0000E+00 0.0000E+00 8.6713E-08 8.6713E-08 0.0000E+00 0.0000E+00 8.6713E-08 4.54E-06 5.75E-06   0.236 1.0000 6.7825E-06   1109.516
13351.00 0.78968549 7.9119E-31 0.0000E+00 0.0000E+00 8.9483E-08 8.9483E-08 0.0000E+00 0.0000E+00 8.9483E-08 4.67E-06 5.92E-06   0.236 1.0000 6.9903E-06   1112.225
13361.00 0.78928554 7.5454E-31 0.0000E+00 0.0000E+00 8.9039E-08 8.9039E-08 0.0000E+00 0.0000E+00 8.9039E-08 4.64E-06 5.88E-06   0.237 1.0000 6.9490E-06   1112.593
13371.00 0.78810978 7.2230E-31 0.0000E+00 0.0000E+00 8.8982E-08 8.8982E-08 0.0000E+00 0.0000E+00 8.8982E-08 4.63E-06 5.87E-06   0.238 1.0000 6.9428E-06   1113.240
13381.00 0.78746992 6.8955E-31 0.0000E+00 0.0000E+00 8.9566E-08 8.9566E-08 0.0000E+00 0.0000E+00 8.9566E-08 4.65E-06 5.90E-06   0.239 1.0000 6.9829E-06   1114.349
13391.00 0.78707755 6.5777E-31 0.0000E+00 0.0000E+00 8.9691E-08 8.9691E-08 0.0000E+00 0.0000E+00 8.9691E-08 4.65E-06 5.90E-06   0.239 1.0000 6.9856E-06   1115.128
13401.00 0.78625470 6.2837E-31 0.0000E+00 0.0000E+00 8.9056E-08 8.9056E-08 0.0000E+00 0.0000E+00 8.9056E-08 4.60E-06 5.85E-06   0.240 1.0000 6.9311E-06   1115.357
13411.00 0.78392071 6.0476E-31 0.0000E+00 0.0000E+00 8.9851E-08 8.9851E-08 0.0000E+00 0.0000E+00 8.9851E-08 4.63E-06 5.91E-06   0.243 1.0000 6.9973E-06   1116.619
13421.00 0.78518480 5.7238E-31 0.0000E+00 0.0000E+00 8.8141E-08 8.8141E-08 0.0000E+00 0.0000E+00 8.8141E-08 4.54E-06 5.78E-06   0.242 1.0000 6.8463E-06   1116.066
13431.00 0.78186470 5.5302E-31 0.0000E+00 0.0000E+00 8.6883E-08 8.6883E-08 0.0000E+00 0.0000E+00 8.6883E-08 4.46E-06 5.70E-06   0.246 1.0000 6.7587E-06   1115.827
13441.00 0.78054154 5.2993E-31 0.0000E+00 0.0000E+00 8.9740E-08 8.9740E-08 0.0000E+00 0.0000E+00 8.9740E-08 4.59E-06 5.88E-06   0.248 1.0000 6.9782E-06   1118.603
13451.00 0.78308159 4.9848E-31 0.0000E+00 0.0000E+00 9.0106E-08 9.0106E-08 0.0000E+00 0.0000E+00 9.0106E-08 4.61E-06 5.89E-06   0.245 1.0000 6.9805E-06   1119.554
13461.00 0.77141052 4.9966E-31 0.0000E+00 0.0000E+00 8.8445E-08 8.8445E-08 0.0000E+00 0.0000E+00 8.8445E-08 4.48E-06 5.81E-06   0.260 1.0000 6.9145E-06   1119.037
13471.00 0.76952082 4.8018E-31 0.0000E+00 0.0000E+00 8.5285E-08 8.5285E-08 0.0000E+00 0.0000E+00 8.5285E-08 4.31E-06 5.60E-06   0.262 1.0000 6.6706E-06   1117.376
13481.00 0.76849538 4.5865E-31 0.0000E+00 0.0000E+00 8.5421E-08 8.5421E-08 0.0000E+00 0.0000E+00 8.5421E-08 4.31E-06 5.60E-06   0.263 1.0000 6.6756E-06   1118.165
13491.00 0.75620294 4.5992E-31 0.0000E+00 0.0000E+00 8.4335E-08 8.4335E-08 0.0000E+00 0.0000E+00 8.4335E-08 4.22E-06 5.56E-06   0.279 1.0000 6.6588E-06   1118.026
13501.00 0.76643598 4.1957E-31 0.0000E+00 0.0000E+00 8.7747E-08 8.7747E-08 0.0000E+00 0.0000E+00 8.7747E-08 4.40E-06 5.74E-06   0.266 1.0000 6.8511E-06   1121.273
13511.00 0.74954599 4.2743E-31 0.0000E+00 0.0000E+00 8.6373E-08 8.6373E-08 0.0000E+00 0.0000E+00 8.6373E-08 4.29E-06 5.70E-06   0.288 1.0000 6.8479E-06   1120.938
13521.00 0.73035127 4.3863E-31 0.0000E+00 0.0000E+00 8.4916E-08 8.4916E-08 0.0000E+00 0.0000E+00 8.4916E-08 4.16E-06 5.66E-06   0.314 1.0000 6.8549E-06   1120.525
13531.00 0.73769069 4.0696E-31 0.0000E+00 0.0000E+00 8.2907E-08 8.2907E-08 0.0000E+00 0.0000E+00 8.2907E-08 4.07E-06 5.49E-06   0.304 1.0000 6.6352E-06   1119.667
13541.00 0.71396863 4.2138E-31 0.0000E+00 0.0000E+00 8.3426E-08 8.3426E-08 0.0000E+00 0.0000E+00 8.3426E-08 4.03E-06 5.60E-06   0.337 1.0000 6.8288E-06   1120.754
13551.00 0.73532337 3.7171E-31 0.0000E+00 0.0000E+00 8.7195E-08 8.7195E-08 0.0000E+00 0.0000E+00 8.7195E-08 4.26E-06 5.77E-06   0.307 1.0000 6.9678E-06   1124.296
13561.00 0.71364820 3.8172E-31 0.0000E+00 0.0000E+00 8.5498E-08 8.5498E-08 0.0000E+00 0.0000E+00 8.5498E-08 4.12E-06 5.72E-06   0.337 1.0000 6.9805E-06   1123.709
13571.00 0.68926525 3.9524E-31 0.0000E+00 0.0000E+00 8.2828E-08 8.2828E-08 0.0000E+00 0.0000E+00 8.2828E-08 3.94E-06 5.61E-06   0.372 1.0000 6.9293E-06   1122.344
13581.00 0.68015414 3.8733E-31 0.0000E+00 0.0000E+00 8.1378E-08 8.1378E-08 0.0000E+00 0.0000E+00 8.1378E-08 3.83E-06 5.54E-06   0.385 1.0000 6.8674E-06   1121.889
13591.00 0.70648617 3.3842E-31 0.0000E+00 0.0000E+00 8.3357E-08 8.3357E-08 0.0000E+00 0.0000E+00 8.3357E-08 3.98E-06 5.57E-06   0.347 1.0000 6.8280E-06   1124.124
13601.00 0.68999666 3.3960E-31 0.0000E+00 0.0000E+00 8.3087E-08 8.3087E-08 0.0000E+00 0.0000E+00 8.3087E-08 3.93E-06 5.60E-06   0.371 1.0000 6.9178E-06   1124.599
13611.00 0.69081205 3.2305E-31 0.0000E+00 0.0000E+00 8.4075E-08 8.4075E-08 0.0000E+00 0.0000E+00 8.4075E-08 3.97E-06 5.65E-06   0.370 1.0000 6.9838E-06   1126.047
13621.00 0.73137748 2.6703E-31 0.0000E+00 0.0000E+00 8.8120E-08 8.8120E-08 0.0000E+00 0.0000E+00 8.8120E-08 4.25E-06 5.78E-06   0.313 1.0000 7.0039E-06   1129.784
13631.00 0.66028035 3.2079E-31 0.0000E+00 0.0000E+00 8.0780E-08 8.0780E-08 0.0000E+00 0.0000E+00 8.0780E-08 3.75E-06 5.50E-06   0.415 1.0000 6.9291E-06   1124.832
13641.00 0.67160892 2.9567E-31 0.0000E+00 0.0000E+00 8.0723E-08 8.0723E-08 0.0000E+00 0.0000E+00 8.0723E-08 3.75E-06 5.47E-06   0.398 1.0000 6.8141E-06   1125.469
13651.00 0.68271935 2.7206E-31 0.0000E+00 0.0000E+00 8.1813E-08 8.1813E-08 0.0000E+00 0.0000E+00 8.1813E-08 3.83E-06 5.49E-06   0.382 1.0000 6.8293E-06   1127.019
13661.00 0.57292259 3.4775E-31 0.0000E+00 0.0000E+00 7.2448E-08 7.2448E-08 0.0000E+00 0.0000E+00 7.2448E-08 3.18E-06 5.20E-06   0.557 1.0000 6.9146E-06   1119.891
13671.00 0.55199510 3.4727E-31 0.0000E+00 0.0000E+00 7.0382E-08 7.0382E-08 0.0000E+00 0.0000E+00 7.0382E-08 3.00E-06 5.13E-06   0.594 1.0000 6.8594E-06   1118.727
13681.00 0.57977748 3.1060E-31 0.0000E+00 0.0000E+00 7.1498E-08 7.1498E-08 0.0000E+00 0.0000E+00 7.1498E-08 3.12E-06 5.09E-06   0.545 1.0000 6.7477E-06   1120.408
13691.00 0.52171606 3.3697E-31 0.0000E+00 0.0000E+00 6.8079E-08 6.8079E-08 0.0000E+00 0.0000E+00 6.8079E-08 2.85E-06 5.04E-06   0.651 1.0000 6.9298E-06   1117.970
13701.00 0.59689915 2.6945E-31 0.0000E+00 0.0000E+00 7.5242E-08 7.5242E-08 0.0000E+00 0.0000E+00 7.5242E-08 3.31E-06 5.29E-06   0.516 1.0000 6.8895E-06   1125.034
13711.00 0.47965211 3.3149E-31 0.0000E+00 0.0000E+00 6.0900E-08 6.0900E-08 0.0000E+00 0.0000E+00 6.0900E-08 2.46E-06 4.63E-06   0.735 1.0000 6.5819E-06   1112.292
13721.00 0.61911792 2.3191E-31 0.0000E+00 0.0000E+00 7.4494E-08 7.4494E-08 0.0000E+00 0.0000E+00 7.4494E-08 3.34E-06 5.11E-06   0.479 1.0000 6.6556E-06   1125.753
13731.00 0.56243837 2.5143E-31 0.0000E+00 0.0000E+00 7.1423E-08 7.1423E-08 0.0000E+00 0.0000E+00 7.1423E-08 3.06E-06 5.12E-06   0.575 1.0000 6.8519E-06   1123.736
13741.00 0.44085056 3.0797E-31 0.0000E+00 0.0000E+00 5.9735E-08 5.9735E-08 0.0000E+00 0.0000E+00 5.9735E-08 2.34E-06 4.66E-06   0.819 1.0000 6.8890E-06   1113.102
13751.00 0.58775359 2.1596E-31 0.0000E+00 0.0000E+00 7.5434E-08 7.5434E-08 0.0000E+00 0.0000E+00 7.5434E-08 3.28E-06 5.27E-06   0.531 1.0000 6.9714E-06   1128.600
13761.00 0.50565559 2.4569E-31 0.0000E+00 0.0000E+00 6.6490E-08 6.6490E-08 0.0000E+00 0.0000E+00 6.6490E-08 2.74E-06 4.89E-06   0.682 1.0000 6.9003E-06   1121.210
13771.00 0.54021776 2.1815E-31 0.0000E+00 0.0000E+00 7.0003E-08 7.0003E-08 0.0000E+00 0.0000E+00 7.0003E-08 2.91E-06 5.07E-06   0.616 1.0000 6.8340E-06   1125.166
13781.00 0.50490081 2.2286E-31 0.0000E+00 0.0000E+00 6.6373E-08 6.6373E-08 0.0000E+00 0.0000E+00 6.6373E-08 2.76E-06 4.85E-06   0.683 1.0000 6.9166E-06   1122.450
13791.00 0.53565246 1.9985E-31 0.0000E+00 0.0000E+00 6.9676E-08 6.9676E-08 0.0000E+00 0.0000E+00 6.9676E-08 2.91E-06 5.01E-06   0.624 1.0000 6.8767E-06   1126.222
13801.00 0.50391513 2.0252E-31 0.0000E+00 0.0000E+00 6.6278E-08 6.6278E-08 0.0000E+00 0.0000E+00 6.6278E-08 2.74E-06 4.81E-06   0.685 1.0000 6.8804E-06   1123.711
13811.00 0.53126431 1.8229E-31 0.0000E+00 0.0000E+00 6.9218E-08 6.9218E-08 0.0000E+00 0.0000E+00 6.9218E-08 2.91E-06 4.93E-06   0.632 1.0000 6.8949E-06   1127.155
13821.00 0.46957332 1.9682E-31 0.0000E+00 0.0000E+00 6.3444E-08 6.3444E-08 0.0000E+00 0.0000E+00 6.3444E-08 2.55E-06 4.73E-06   0.756 1.0000 6.9471E-06   1122.287
13831.00 0.62678379 1.3169E-31 0.0000E+00 0.0000E+00 7.8903E-08 7.8903E-08 0.0000E+00 0.0000E+00 7.8903E-08 3.47E-06 5.31E-06   0.467 1.0000 6.8800E-06   1136.953
13841.00 0.65789109 1.1496E-31 0.0000E+00 0.0000E+00 7.9475E-08 7.9475E-08 0.0000E+00 0.0000E+00 7.9475E-08 3.56E-06 5.22E-06   0.419 1.0000 6.6572E-06   1138.104
13851.00 0.65185970 1.1107E-31 0.0000E+00 0.0000E+00 8.1491E-08 8.1491E-08 0.0000E+00 0.0000E+00 8.1491E-08 3.61E-06 5.40E-06   0.428 1.0000 6.8689E-06   1140.417
13861.00 0.65852559 1.0368E-31 0.0000E+00 0.0000E+00 8.1980E-08 8.1980E-08 0.0000E+00 0.0000E+00 8.1980E-08 3.64E-06 5.40E-06   0.418 1.0000 6.8448E-06   1141.490
13871.00 0.53533268 1.3406E-31 0.0000E+00 0.0000E+00 6.7135E-08 6.7135E-08 0.0000E+00 0.0000E+00 6.7135E-08 2.78E-06 4.74E-06   0.625 1.0000 6.6067E-06   1129.261
13881.00 0.43249077 1.5614E-31 0.0000E+00 0.0000E+00 5.9031E-08 5.9031E-08 0.0000E+00 0.0000E+00 5.9031E-08 2.27E-06 4.48E-06   0.838 1.0000 6.8443E-06   1121.772
13891.00 0.45711896 1.4241E-31 0.0000E+00 0.0000E+00 6.1484E-08 6.1484E-08 0.0000E+00 0.0000E+00 6.1484E-08 2.38E-06 4.60E-06   0.783 1.0000 6.7708E-06   1125.018
13901.00 0.44773343 1.3799E-31 0.0000E+00 0.0000E+00 5.8791E-08 5.8791E-08 0.0000E+00 0.0000E+00 5.8791E-08 2.29E-06 4.42E-06   0.804 1.0000 6.6271E-06   1122.860
13911.00 0.41180682 1.3945E-31 0.0000E+00 0.0000E+00 5.4853E-08 5.4853E-08 0.0000E+00 0.0000E+00 5.4853E-08 2.10E-06 4.20E-06   0.887 1.0000 6.5880E-06   1119.176
13921.00 0.50423169 1.1214E-31 0.0000E+00 0.0000E+00 6.5245E-08 6.5245E-08 0.0000E+00 0.0000E+00 6.5245E-08 2.63E-06 4.66E-06   0.685 1.0000 6.6696E-06   1130.814
13931.00 0.46201545 1.1561E-31 0.0000E+00 0.0000E+00 6.2339E-08 6.2339E-08 0.0000E+00 0.0000E+00 6.2339E-08 2.43E-06 4.62E-06   0.772 1.0000 6.7975E-06   1128.586
13941.00 0.46621114 1.0940E-31 0.0000E+00 0.0000E+00 6.4595E-08 6.4595E-08 0.0000E+00 0.0000E+00 6.4595E-08 2.49E-06 4.80E-06   0.763 1.0000 6.9216E-06   1131.524
13951.00 0.57155722 8.3779E-32 0.0000E+00 0.0000E+00 7.2466E-08 7.2466E-08 0.0000E+00 0.0000E+00 7.2466E-08 2.97E-06 5.01E-06   0.559 1.0000 6.6387E-06   1139.589
13961.00 0.68676287 5.8200E-32 0.0000E+00 0.0000E+00 8.5530E-08 8.5530E-08 0.0000E+00 0.0000E+00 8.5530E-08 3.79E-06 5.46E-06   0.376 1.0000 6.8145E-06   1151.098
13971.00 0.71216232 5.0892E-32 0.0000E+00 0.0000E+00 8.8202E-08 8.8202E-08 0.0000E+00 0.0000E+00 8.8202E-08 3.96E-06 5.53E-06   0.339 1.0000 6.8419E-06   1153.814
13981.00 0.69954658 5.0486E-32 0.0000E+00 0.0000E+00 8.4705E-08 8.4705E-08 0.0000E+00 0.0000E+00 8.4705E-08 3.76E-06 5.35E-06   0.357 1.0000 6.6525E-06   1151.823
13991.00 0.72156012 4.4591E-32 0.0000E+00 0.0000E+00 8.7381E-08 8.7381E-08 0.0000E+00 0.0000E+00 8.7381E-08 3.94E-06 5.43E-06   0.326 1.0000 6.6990E-06   1154.562
14001.00 0.73089564 4.0990E-32 0.0000E+00 0.0000E+00 9.0885E-08 9.0885E-08 0.0000E+00 0.0000E+00 9.0885E-08 4.11E-06 5.61E-06   0.313 1.0000 6.8966E-06   1157.855
14011.00 0.73962104 3.7761E-32 0.0000E+00 0.0000E+00 9.1309E-08 9.1309E-08 0.0000E+00 0.0000E+00 9.1309E-08 4.15E-06 5.59E-06   0.302 1.0000 6.8603E-06   1158.850
14021.00 0.72895473 3.7393E-32 0.0000E+00 0.0000E+00 8.8468E-08 8.8468E-08 0.0000E+00 0.0000E+00 8.8468E-08 3.98E-06 5.45E-06   0.316 1.0000 6.7046E-06   1157.432
14031.00 0.74431419 3.3599E-32 0.0000E+00 0.0000E+00 9.1293E-08 9.1293E-08 0.0000E+00 0.0000E+00 9.1293E-08 4.14E-06 5.56E-06   0.295 1.0000 6.8054E-06   1160.207
14041.00 0.74132109 3.2333E-32 0.0000E+00 0.0000E+00 9.0964E-08 9.0964E-08 0.0000E+00 0.0000E+00 9.0964E-08 4.12E-06 5.54E-06   0.299 1.0000 6.7943E-06   1160.650
14051.00 0.74513990 3.0330E-32 0.0000E+00 0.0000E+00 9.1325E-08 9.1325E-08 0.0000E+00 0.0000E+00 9.1325E-08 4.13E-06 5.54E-06   0.294 1.0000 6.7860E-06   1161.599
14061.00 0.73580146 2.9908E-32 0.0000E+00 0.0000E+00 9.0813E-08 9.0813E-08 0.0000E+00 0.0000E+00 9.0813E-08 4.08E-06 5.53E-06   0.307 1.0000 6.8011E-06   1161.907
14071.00 0.73173475 2.8920E-32 0.0000E+00 0.0000E+00 9.2049E-08 9.2049E-08 0.0000E+00 0.0000E+00 9.2049E-08 4.11E-06 5.62E-06   0.312 1.0000 6.9130E-06   1163.495
14081.00 0.72727185 2.7982E-32 0.0000E+00 0.0000E+00 9.1878E-08 9.1878E-08 0.0000E+00 0.0000E+00 9.1878E-08 4.09E-06 5.61E-06   0.318 1.0000 6.9222E-06   1164.055
14091.00 0.73417836 2.5967E-32 0.0000E+00 0.0000E+00 9.1667E-08 9.1667E-08 0.0000E+00 0.0000E+00 9.1667E-08 4.09E-06 5.57E-06   0.309 1.0000 6.8480E-06   1164.585
14101.00 0.72813708 2.5254E-32 0.0000E+00 0.0000E+00 9.0123E-08 9.0123E-08 0.0000E+00 0.0000E+00 9.0123E-08 4.00E-06 5.48E-06   0.317 1.0000 6.7686E-06   1164.133
14111.00 0.73968953 2.3047E-32 0.0000E+00 0.0000E+00 9.0885E-08 9.0885E-08 0.0000E+00 0.0000E+00 9.0885E-08 4.06E-06 5.48E-06   0.302 1.0000 6.7405E-06   1165.380
14121.00 0.71141791 2.4271E-32 0.0000E+00 0.0000E+00 9.0992E-08 9.0992E-08 0.0000E+00 0.0000E+00 9.0992E-08 3.98E-06 5.58E-06   0.340 1.0000 6.9338E-06   1166.142
14131.00 0.71881384 2.2550E-32 0.0000E+00 0.0000E+00 9.1517E-08 9.1517E-08 0.0000E+00 0.0000E+00 9.1517E-08 4.02E-06 5.58E-06   0.330 1.0000 6.9114E-06   1167.211
14141.00 0.72977853 2.0606E-32 0.0000E+00 0.0000E+00 8.9380E-08 8.9380E-08 0.0000E+00 0.0000E+00 8.9380E-08 3.95E-06 5.40E-06   0.315 1.0000 6.6690E-06   1166.313
14151.00 0.70706028 2.1268E-32 0.0000E+00 0.0000E+00 8.9622E-08 8.9622E-08 0.0000E+00 0.0000E+00 8.9622E-08 3.90E-06 5.48E-06   0.347 1.0000 6.8364E-06   1167.177
14161.00 0.70942706 2.0076E-32 0.0000E+00 0.0000E+00 8.9803E-08 8.9803E-08 0.0000E+00 0.0000E+00 8.9803E-08 3.91E-06 5.47E-06   0.343 1.0000 6.8263E-06   1167.995
14171.00 0.69837594 1.9813E-32 0.0000E+00 0.0000E+00 8.8782E-08 8.8782E-08 0.0000E+00 0.0000E+00 8.8782E-08 3.83E-06 5.44E-06   0.359 1.0000 6.8218E-06   1167.912
14181.00 0.69105673 1.9372E-32 0.0000E+00 0.0000E+00 8.9457E-08 8.9457E-08 0.0000E+00 0.0000E+00 8.9457E-08 3.84E-06 5.50E-06   0.370 1.0000 6.9162E-06   1169.101
14191.00 0.72608536 1.6324E-32 0.0000E+00 0.0000E+00 9.2710E-08 9.2710E-08 0.0000E+00 0.0000E+00 9.2710E-08 4.05E-06 5.57E-06   0.320 1.0000 6.9005E-06   1172.183
14201.00 0.67485332 1.8418E-32 0.0000E+00 0.0000E+00 8.6610E-08 8.6610E-08 0.0000E+00 0.0000E+00 8.6610E-08 3.68E-06 5.35E-06   0.393 1.0000 6.8083E-06   1168.302
14211.00 0.73209661 1.4493E-32 0.0000E+00 0.0000E+00 9.2079E-08 9.2079E-08 0.0000E+00 0.0000E+00 9.2079E-08 4.04E-06 5.48E-06   0.312 1.0000 6.7993E-06   1173.091
14221.00 0.69692439 1.5509E-32 0.0000E+00 0.0000E+00 8.8819E-08 8.8819E-08 0.0000E+00 0.0000E+00 8.8819E-08 3.81E-06 5.39E-06   0.361 1.0000 6.7995E-06   1171.352
14231.00 0.65373194 1.6954E-32 0.0000E+00 0.0000E+00 8.3357E-08 8.3357E-08 0.0000E+00 0.0000E+00 8.3357E-08 3.48E-06 5.19E-06   0.425 1.0000 6.6909E-06   1167.791
14241.00 0.67832685 1.4963E-32 0.0000E+00 0.0000E+00 8.6538E-08 8.6538E-08 0.0000E+00 0.0000E+00 8.6538E-08 3.65E-06 5.30E-06   0.388 1.0000 6.7352E-06   1170.973
14251.00 0.66077679 1.5043E-32 0.0000E+00 0.0000E+00 8.3132E-08 8.3132E-08 0.0000E+00 0.0000E+00 8.3132E-08 3.47E-06 5.14E-06   0.414 1.0000 6.5845E-06   1168.972
14261.00 0.68015867 1.3480E-32 0.0000E+00 0.0000E+00 8.7183E-08 8.7183E-08 0.0000E+00 0.0000E+00 8.7183E-08 3.66E-06 5.33E-06   0.385 1.0000 6.7582E-06   1172.833
14271.00 0.63860923 1.4500E-32 0.0000E+00 0.0000E+00 8.2749E-08 8.2749E-08 0.0000E+00 0.0000E+00 8.2749E-08 3.38E-06 5.18E-06   0.448 1.0000 6.7184E-06   1170.023
14281.00 0.67943376 1.2232E-32 0.0000E+00 0.0000E+00 8.6709E-08 8.6709E-08 0.0000E+00 0.0000E+00 8.6709E-08 3.64E-06 5.27E-06   0.386 1.0000 6.7221E-06   1173.829
 -9999.
