T F 2    2    2    0    2    2    2    2    2    2    1    0    0   0.0000.00000
    1    1    1    0    0    0   5.00000   0.00000   0.00000   0.00000   0.00000
 -99.000 -99.000 -99.000
 -99.00000 -99.00000 -99.00000  2.922360  0.000710 ! H2O & O3 COLUMNS [GM/CM2]
   36MID-LATITUDE SUMMER 
  20.00000  20.00000  90.15345  35.00032   0.31377   0.00000    1        0.00000
    0    0  172    0
   0.00000   0.00000   0.00000  20.00044   0.00000 180.00000   0.00000   0.00000
    9091.0   14286.0      10.0      10.0NW              
    0   0    0.000  0    0.000  0    1.000
    FREQ  TOT_TRANS  PTH_THRML  THRML_SCT  SURF_EMIS   SOL_SCAT  SING_SCAT  GRND_RFLT  DRCT_RFLT  TOTAL_RAD  REF_SOL  SOL@OBS   DEPTH DIR_EM    TOA_SUN BBODY_T[K]
 9091.00 0.99240810 8.2187E-29 0.0000E+00 0.0000E+00 3.8793E-09 3.8793E-09 0.0000E+00 0.0000E+00 3.8793E-09 6.86E-06 6.91E-06   0.008 1.0000 6.9214E-06    679.252
 9101.00 0.99241900 7.7116E-29 0.0000E+00 0.0000E+00 3.7968E-09 3.7968E-09 0.0000E+00 0.0000E+00 3.7968E-09 6.69E-06 6.75E-06   0.008 1.0000 6.7529E-06    679.125
 9111.00 0.99240935 7.2545E-29 0.0000E+00 0.0000E+00 3.8189E-09 3.8189E-09 0.0000E+00 0.0000E+00 3.8189E-09 6.71E-06 6.76E-06   0.008 1.0000 6.7702E-06    679.960
 9121.00 0.99237901 6.8424E-29 0.0000E+00 0.0000E+00 3.8236E-09 3.8236E-09 0.0000E+00 0.0000E+00 3.8236E-09 6.70E-06 6.75E-06   0.008 1.0000 6.7570E-06    680.633
 9131.00 0.99234021 6.4621E-29 0.0000E+00 0.0000E+00 3.8133E-09 3.8133E-09 0.0000E+00 0.0000E+00 3.8133E-09 6.66E-06 6.71E-06   0.008 1.0000 6.7175E-06    681.168
 9141.00 0.99233836 6.0729E-29 0.0000E+00 0.0000E+00 3.6698E-09 3.6698E-09 0.0000E+00 0.0000E+00 3.6698E-09 6.39E-06 6.44E-06   0.008 1.0000 6.4440E-06    680.445
 9151.00 0.99227226 5.7546E-29 0.0000E+00 0.0000E+00 3.9198E-09 3.9198E-09 0.0000E+00 0.0000E+00 3.9198E-09 6.80E-06 6.85E-06   0.008 1.0000 6.8615E-06    683.404
 9161.00 0.99229163 5.3935E-29 0.0000E+00 0.0000E+00 3.9741E-09 3.9741E-09 0.0000E+00 0.0000E+00 3.9741E-09 6.87E-06 6.93E-06   0.008 1.0000 6.9345E-06    684.523
 9171.00 0.99224067 5.1006E-29 0.0000E+00 0.0000E+00 4.0173E-09 4.0173E-09 0.0000E+00 0.0000E+00 4.0173E-09 6.93E-06 6.98E-06   0.008 1.0000 6.9883E-06    685.539
 9181.00 0.99222726 4.8006E-29 0.0000E+00 0.0000E+00 3.9639E-09 3.9639E-09 0.0000E+00 0.0000E+00 3.9639E-09 6.81E-06 6.87E-06   0.008 1.0000 6.8738E-06    685.693
 9191.00 0.99220675 4.5222E-29 0.0000E+00 0.0000E+00 3.9645E-09 3.9645E-09 0.0000E+00 0.0000E+00 3.9645E-09 6.79E-06 6.85E-06   0.008 1.0000 6.8531E-06    686.329
 9201.00 0.99215889 4.2745E-29 0.0000E+00 0.0000E+00 3.9343E-09 3.9343E-09 0.0000E+00 0.0000E+00 3.9343E-09 6.72E-06 6.77E-06   0.008 1.0000 6.7792E-06    686.687
 9211.00 0.99212807 4.0322E-29 0.0000E+00 0.0000E+00 4.0913E-09 4.0913E-09 0.0000E+00 0.0000E+00 4.0913E-09 6.96E-06 7.02E-06   0.008 1.0000 7.0277E-06    688.714
 9221.00 0.99211216 3.7958E-29 0.0000E+00 0.0000E+00 4.0699E-09 4.0699E-09 0.0000E+00 0.0000E+00 4.0699E-09 6.91E-06 6.96E-06   0.008 1.0000 6.9689E-06    689.158
 9231.00 0.99207592 3.5827E-29 0.0000E+00 0.0000E+00 3.9810E-09 3.9810E-09 0.0000E+00 0.0000E+00 3.9810E-09 6.73E-06 6.79E-06   0.008 1.0000 6.7955E-06    688.998
 9241.00 0.99204832 3.3776E-29 0.0000E+00 0.0000E+00 3.9870E-09 3.9870E-09 0.0000E+00 0.0000E+00 3.9870E-09 6.72E-06 6.78E-06   0.008 1.0000 6.7842E-06    689.682
 9251.00 0.99200445 3.1907E-29 0.0000E+00 0.0000E+00 4.0681E-09 4.0681E-09 0.0000E+00 0.0000E+00 4.0681E-09 6.84E-06 6.89E-06   0.008 1.0000 6.9007E-06    691.034
 9261.00 0.99196464 3.0127E-29 0.0000E+00 0.0000E+00 4.1361E-09 4.1361E-09 0.0000E+00 0.0000E+00 4.1361E-09 6.93E-06 6.99E-06   0.008 1.0000 6.9947E-06    692.260
 9271.00 0.99192339 2.8449E-29 0.0000E+00 0.0000E+00 4.0788E-09 4.0788E-09 0.0000E+00 0.0000E+00 4.0788E-09 6.81E-06 6.87E-06   0.008 1.0000 6.8762E-06    692.390
 9281.00 0.99186248 2.6929E-29 0.0000E+00 0.0000E+00 4.1848E-09 4.1848E-09 0.0000E+00 0.0000E+00 4.1848E-09 6.97E-06 7.03E-06   0.008 1.0000 7.0330E-06    693.944
 9291.00 0.99180460 2.5480E-29 0.0000E+00 0.0000E+00 4.1863E-09 4.1863E-09 0.0000E+00 0.0000E+00 4.1863E-09 6.95E-06 7.01E-06   0.008 1.0000 7.0135E-06    694.588
 9301.00 0.99172914 2.4157E-29 0.0000E+00 0.0000E+00 4.1096E-09 4.1096E-09 0.0000E+00 0.0000E+00 4.1096E-09 6.80E-06 6.86E-06   0.008 1.0000 6.8637E-06    694.552
 9311.00 0.99164158 2.2936E-29 0.0000E+00 0.0000E+00 4.1950E-09 4.1950E-09 0.0000E+00 0.0000E+00 4.1950E-09 6.92E-06 6.98E-06   0.008 1.0000 6.9849E-06    695.925
 9321.00 0.99153525 2.1821E-29 0.0000E+00 0.0000E+00 4.1484E-09 4.1484E-09 0.0000E+00 0.0000E+00 4.1484E-09 6.82E-06 6.88E-06   0.009 1.0000 6.8861E-06    696.152
 9331.00 0.99140012 2.0828E-29 0.0000E+00 0.0000E+00 4.2359E-09 4.2359E-09 0.0000E+00 0.0000E+00 4.2359E-09 6.94E-06 7.00E-06   0.009 1.0000 7.0103E-06    697.538
 9341.00 0.99127352 1.9855E-29 0.0000E+00 0.0000E+00 4.2300E-09 4.2300E-09 0.0000E+00 0.0000E+00 4.2300E-09 6.91E-06 6.97E-06   0.009 1.0000 6.9794E-06    698.118
 9351.00 0.99109972 1.9023E-29 0.0000E+00 0.0000E+00 4.0763E-09 4.0763E-09 0.0000E+00 0.0000E+00 4.0763E-09 6.64E-06 6.70E-06   0.009 1.0000 6.7060E-06    697.409
 9361.00 0.99064791 1.8773E-29 0.0000E+00 0.0000E+00 4.2150E-09 4.2150E-09 0.0000E+00 0.0000E+00 4.2150E-09 6.84E-06 6.91E-06   0.009 1.0000 6.9146E-06    699.251
 9371.00 0.99070829 1.7539E-29 0.0000E+00 0.0000E+00 4.2841E-09 4.2841E-09 0.0000E+00 0.0000E+00 4.2841E-09 6.93E-06 7.00E-06   0.009 1.0000 7.0062E-06    700.473
 9381.00 0.99067235 1.6533E-29 0.0000E+00 0.0000E+00 4.2768E-09 4.2768E-09 0.0000E+00 0.0000E+00 4.2768E-09 6.90E-06 6.96E-06   0.009 1.0000 6.9727E-06    701.042
 9391.00 0.99065679 1.5560E-29 0.0000E+00 0.0000E+00 4.3636E-09 4.3636E-09 0.0000E+00 0.0000E+00 4.3636E-09 7.02E-06 7.08E-06   0.009 1.0000 7.0927E-06    702.406
 9401.00 0.99073666 1.4495E-29 0.0000E+00 0.0000E+00 4.3443E-09 4.3443E-09 0.0000E+00 0.0000E+00 4.3443E-09 6.97E-06 7.03E-06   0.009 1.0000 7.0394E-06    702.875
 9411.00 0.99087852 1.3409E-29 0.0000E+00 0.0000E+00 4.3474E-09 4.3474E-09 0.0000E+00 0.0000E+00 4.3474E-09 6.95E-06 7.01E-06   0.009 1.0000 7.0221E-06    703.532
 9421.00 0.99093509 1.2517E-29 0.0000E+00 0.0000E+00 4.3503E-09 4.3503E-09 0.0000E+00 0.0000E+00 4.3503E-09 6.93E-06 7.00E-06   0.009 1.0000 7.0055E-06    704.187
 9431.00 0.99095231 1.1737E-29 0.0000E+00 0.0000E+00 4.3400E-09 4.3400E-09 0.0000E+00 0.0000E+00 4.3400E-09 6.90E-06 6.96E-06   0.009 1.0000 6.9676E-06    704.732
 9441.00 0.99097574 1.0998E-29 0.0000E+00 0.0000E+00 4.3408E-09 4.3408E-09 0.0000E+00 0.0000E+00 4.3408E-09 6.88E-06 6.94E-06   0.009 1.0000 6.9484E-06    705.369
 9451.00 0.99102193 1.0279E-29 0.0000E+00 0.0000E+00 4.3704E-09 4.3704E-09 0.0000E+00 0.0000E+00 4.3704E-09 6.91E-06 6.97E-06   0.009 1.0000 6.9764E-06    706.249
 9461.00 0.99107236 9.6025E-30 0.0000E+00 0.0000E+00 4.4525E-09 4.4525E-09 0.0000E+00 0.0000E+00 4.4525E-09 7.02E-06 7.08E-06   0.009 1.0000 7.0891E-06    707.564
 9471.00 0.99111807 8.9748E-30 0.0000E+00 0.0000E+00 4.4649E-09 4.4649E-09 0.0000E+00 0.0000E+00 4.4649E-09 7.02E-06 7.08E-06   0.009 1.0000 7.0904E-06    708.297
 9481.00 0.99113703 8.4128E-30 0.0000E+00 0.0000E+00 4.4729E-09 4.4729E-09 0.0000E+00 0.0000E+00 4.4729E-09 7.01E-06 7.08E-06   0.009 1.0000 7.0848E-06    708.994
 9491.00 0.99112457 7.9140E-30 0.0000E+00 0.0000E+00 4.4477E-09 4.4477E-09 0.0000E+00 0.0000E+00 4.4477E-09 6.96E-06 7.02E-06   0.009 1.0000 7.0271E-06    709.417
 9501.00 0.99108642 7.4666E-30 0.0000E+00 0.0000E+00 4.4838E-09 4.4838E-09 0.0000E+00 0.0000E+00 4.4838E-09 6.99E-06 7.06E-06   0.009 1.0000 7.0663E-06    710.347
 9511.00 0.99110931 6.9972E-30 0.0000E+00 0.0000E+00 4.4995E-09 4.4995E-09 0.0000E+00 0.0000E+00 4.4995E-09 7.00E-06 7.06E-06   0.009 1.0000 7.0729E-06    711.106
 9521.00 0.99104381 6.6193E-30 0.0000E+00 0.0000E+00 4.5081E-09 4.5081E-09 0.0000E+00 0.0000E+00 4.5081E-09 7.00E-06 7.06E-06   0.009 1.0000 7.0689E-06    711.808
 9531.00 0.99099976 6.2526E-30 0.0000E+00 0.0000E+00 4.5290E-09 4.5290E-09 0.0000E+00 0.0000E+00 4.5290E-09 7.01E-06 7.07E-06   0.009 1.0000 7.0837E-06    712.611
 9541.00 0.99118471 5.7513E-30 0.0000E+00 0.0000E+00 4.5418E-09 4.5418E-09 0.0000E+00 0.0000E+00 4.5418E-09 7.01E-06 7.08E-06   0.009 1.0000 7.0847E-06    713.347
 9551.00 0.99116969 5.4118E-30 0.0000E+00 0.0000E+00 4.5108E-09 4.5108E-09 0.0000E+00 0.0000E+00 4.5108E-09 6.95E-06 7.01E-06   0.009 1.0000 7.0183E-06    713.723
 9561.00 0.99114859 5.0962E-30 0.0000E+00 0.0000E+00 4.4743E-09 4.4743E-09 0.0000E+00 0.0000E+00 4.4743E-09 6.87E-06 6.94E-06   0.009 1.0000 6.9440E-06    714.053
 9571.00 0.99115783 4.7825E-30 0.0000E+00 0.0000E+00 4.5693E-09 4.5693E-09 0.0000E+00 0.0000E+00 4.5693E-09 7.00E-06 7.06E-06   0.009 1.0000 7.0733E-06    715.464
 9581.00 0.99116242 4.4903E-30 0.0000E+00 0.0000E+00 4.5874E-09 4.5874E-09 0.0000E+00 0.0000E+00 4.5874E-09 7.01E-06 7.07E-06   0.009 1.0000 7.0833E-06    716.241
 9591.00 0.99115205 4.2231E-30 0.0000E+00 0.0000E+00 4.5684E-09 4.5684E-09 0.0000E+00 0.0000E+00 4.5684E-09 6.97E-06 7.03E-06   0.009 1.0000 7.0362E-06    716.718
 9601.00 0.99112999 3.9770E-30 0.0000E+00 0.0000E+00 4.6218E-09 4.6218E-09 0.0000E+00 0.0000E+00 4.6218E-09 7.03E-06 7.09E-06   0.009 1.0000 7.1006E-06    717.782
 9611.00 0.99109763 3.7495E-30 0.0000E+00 0.0000E+00 4.6061E-09 4.6061E-09 0.0000E+00 0.0000E+00 4.6061E-09 6.99E-06 7.05E-06   0.009 1.0000 7.0589E-06    718.286
 9621.00 0.99107045 3.5331E-30 0.0000E+00 0.0000E+00 4.6147E-09 4.6147E-09 0.0000E+00 0.0000E+00 4.6147E-09 6.98E-06 7.05E-06   0.009 1.0000 7.0542E-06    718.986
 9631.00 0.99106789 3.3198E-30 0.0000E+00 0.0000E+00 4.6233E-09 4.6233E-09 0.0000E+00 0.0000E+00 4.6233E-09 6.98E-06 7.04E-06   0.009 1.0000 7.0494E-06    719.687
 9641.00 0.99099523 3.1440E-30 0.0000E+00 0.0000E+00 4.6048E-09 4.6048E-09 0.0000E+00 0.0000E+00 4.6048E-09 6.93E-06 6.99E-06   0.009 1.0000 7.0036E-06    720.168
 9651.00 0.99103951 2.9392E-30 0.0000E+00 0.0000E+00 4.6866E-09 4.6866E-09 0.0000E+00 0.0000E+00 4.6866E-09 7.04E-06 7.10E-06   0.009 1.0000 7.1097E-06    721.458
 9661.00 0.99104506 2.7590E-30 0.0000E+00 0.0000E+00 4.6429E-09 4.6429E-09 0.0000E+00 0.0000E+00 4.6429E-09 6.95E-06 7.02E-06   0.009 1.0000 7.0258E-06    721.738
 9671.00 0.99102610 2.5973E-30 0.0000E+00 0.0000E+00 4.6558E-09 4.6558E-09 0.0000E+00 0.0000E+00 4.6558E-09 6.96E-06 7.02E-06   0.009 1.0000 7.0276E-06    722.472
 9681.00 0.99100655 2.4451E-30 0.0000E+00 0.0000E+00 4.6545E-09 4.6545E-09 0.0000E+00 0.0000E+00 4.6545E-09 6.94E-06 7.00E-06   0.009 1.0000 7.0080E-06    723.092
 9691.00 0.99098599 2.3021E-30 0.0000E+00 0.0000E+00 4.7326E-09 4.7326E-09 0.0000E+00 0.0000E+00 4.7326E-09 7.03E-06 7.10E-06   0.009 1.0000 7.1079E-06    724.349
 9701.00 0.99096507 2.1675E-30 0.0000E+00 0.0000E+00 4.7378E-09 4.7378E-09 0.0000E+00 0.0000E+00 4.7378E-09 7.02E-06 7.09E-06   0.009 1.0000 7.0980E-06    725.021
 9711.00 0.99094361 2.0409E-30 0.0000E+00 0.0000E+00 4.7394E-09 4.7394E-09 0.0000E+00 0.0000E+00 4.7394E-09 7.01E-06 7.07E-06   0.009 1.0000 7.0827E-06    725.664
 9721.00 0.99092132 1.9219E-30 0.0000E+00 0.0000E+00 4.7551E-09 4.7551E-09 0.0000E+00 0.0000E+00 4.7551E-09 7.01E-06 7.08E-06   0.009 1.0000 7.0883E-06    726.420
 9731.00 0.99089867 1.8098E-30 0.0000E+00 0.0000E+00 4.7937E-09 4.7937E-09 0.0000E+00 0.0000E+00 4.7937E-09 7.05E-06 7.12E-06   0.009 1.0000 7.1280E-06    727.357
 9741.00 0.99087787 1.7040E-30 0.0000E+00 0.0000E+00 4.7968E-09 4.7968E-09 0.0000E+00 0.0000E+00 4.7968E-09 7.04E-06 7.11E-06   0.009 1.0000 7.1148E-06    728.012
 9751.00 0.99085510 1.6046E-30 0.0000E+00 0.0000E+00 4.8161E-09 4.8161E-09 0.0000E+00 0.0000E+00 4.8161E-09 7.05E-06 7.12E-06   0.009 1.0000 7.1256E-06    728.795
 9761.00 0.99083102 1.5113E-30 0.0000E+00 0.0000E+00 4.8190E-09 4.8190E-09 0.0000E+00 0.0000E+00 4.8190E-09 7.04E-06 7.10E-06   0.009 1.0000 7.1121E-06    729.448
 9771.00 0.99080592 1.4235E-30 0.0000E+00 0.0000E+00 4.8392E-09 4.8392E-09 0.0000E+00 0.0000E+00 4.8392E-09 7.05E-06 7.11E-06   0.009 1.0000 7.1242E-06    730.238
 9781.00 0.99078518 1.3402E-30 0.0000E+00 0.0000E+00 4.7972E-09 4.7972E-09 0.0000E+00 0.0000E+00 4.7972E-09 6.97E-06 7.04E-06   0.009 1.0000 7.0450E-06    730.538
 9791.00 0.99076128 1.2621E-30 0.0000E+00 0.0000E+00 4.8048E-09 4.8048E-09 0.0000E+00 0.0000E+00 4.8048E-09 6.96E-06 7.03E-06   0.009 1.0000 7.0386E-06    731.228
 9801.00 0.99073565 1.1889E-30 0.0000E+00 0.0000E+00 4.8282E-09 4.8282E-09 0.0000E+00 0.0000E+00 4.8282E-09 6.98E-06 7.05E-06   0.009 1.0000 7.0554E-06    732.043
 9811.00 0.99070847 1.1200E-30 0.0000E+00 0.0000E+00 4.7877E-09 4.7877E-09 0.0000E+00 0.0000E+00 4.7877E-09 6.90E-06 6.97E-06   0.009 1.0000 6.9787E-06    732.354
 9821.00 0.99068785 1.0544E-30 0.0000E+00 0.0000E+00 4.8572E-09 4.8572E-09 0.0000E+00 0.0000E+00 4.8572E-09 6.99E-06 7.05E-06   0.009 1.0000 7.0623E-06    733.533
 9831.00 0.99066174 9.9320E-31 0.0000E+00 0.0000E+00 4.8792E-09 4.8792E-09 0.0000E+00 0.0000E+00 4.8792E-09 7.00E-06 7.07E-06   0.009 1.0000 7.0767E-06    734.335
 9841.00 0.99063647 9.3546E-31 0.0000E+00 0.0000E+00 4.8766E-09 4.8766E-09 0.0000E+00 0.0000E+00 4.8766E-09 6.98E-06 7.05E-06   0.009 1.0000 7.0554E-06    734.946
 9851.00 0.99061126 8.8107E-31 0.0000E+00 0.0000E+00 4.8860E-09 4.8860E-09 0.0000E+00 0.0000E+00 4.8860E-09 6.98E-06 7.04E-06   0.009 1.0000 7.0514E-06    735.649
 9861.00 0.99058741 8.2970E-31 0.0000E+00 0.0000E+00 4.9342E-09 4.9342E-09 0.0000E+00 0.0000E+00 4.9342E-09 7.03E-06 7.09E-06   0.009 1.0000 7.1034E-06    736.656
 9871.00 0.99056107 7.8153E-31 0.0000E+00 0.0000E+00 4.9514E-09 4.9514E-09 0.0000E+00 0.0000E+00 4.9514E-09 7.03E-06 7.10E-06   0.009 1.0000 7.1106E-06    737.419
 9881.00 0.99053305 7.3629E-31 0.0000E+00 0.0000E+00 4.9649E-09 4.9649E-09 0.0000E+00 0.0000E+00 4.9649E-09 7.04E-06 7.10E-06   0.010 1.0000 7.1125E-06    738.154
 9891.00 0.99051082 6.9323E-31 0.0000E+00 0.0000E+00 4.9786E-09 4.9786E-09 0.0000E+00 0.0000E+00 4.9786E-09 7.04E-06 7.11E-06   0.010 1.0000 7.1147E-06    738.890
 9901.00 0.99047941 6.5331E-31 0.0000E+00 0.0000E+00 5.0014E-09 5.0014E-09 0.0000E+00 0.0000E+00 5.0014E-09 7.05E-06 7.12E-06   0.010 1.0000 7.1297E-06    739.696
 9911.00 0.99044979 6.1557E-31 0.0000E+00 0.0000E+00 4.9997E-09 4.9997E-09 0.0000E+00 0.0000E+00 4.9997E-09 7.03E-06 7.10E-06   0.010 1.0000 7.1100E-06    740.314
 9921.00 0.99042845 5.7949E-31 0.0000E+00 0.0000E+00 5.0168E-09 5.0168E-09 0.0000E+00 0.0000E+00 5.0168E-09 7.04E-06 7.11E-06   0.010 1.0000 7.1166E-06    741.076
 9931.00 0.99040055 5.4590E-31 0.0000E+00 0.0000E+00 4.9997E-09 4.9997E-09 0.0000E+00 0.0000E+00 4.9997E-09 7.00E-06 7.07E-06   0.010 1.0000 7.0750E-06    741.575
 9941.00 0.99036902 5.1444E-31 0.0000E+00 0.0000E+00 4.8459E-09 4.8459E-09 0.0000E+00 0.0000E+00 4.8459E-09 6.77E-06 6.83E-06   0.010 1.0000 6.8405E-06    741.004
 9951.00 0.99034423 4.8446E-31 0.0000E+00 0.0000E+00 4.7557E-09 4.7557E-09 0.0000E+00 0.0000E+00 4.7557E-09 6.62E-06 6.69E-06   0.010 1.0000 6.6965E-06    740.913
 9961.00 0.99030805 4.5675E-31 0.0000E+00 0.0000E+00 4.9982E-09 4.9982E-09 0.0000E+00 0.0000E+00 4.9982E-09 6.94E-06 7.01E-06   0.010 1.0000 7.0208E-06    743.454
 9971.00 0.99027866 4.3032E-31 0.0000E+00 0.0000E+00 5.0593E-09 5.0593E-09 0.0000E+00 0.0000E+00 5.0593E-09 7.01E-06 7.08E-06   0.010 1.0000 7.0893E-06    744.554
 9981.00 0.99024045 4.0578E-31 0.0000E+00 0.0000E+00 5.1115E-09 5.1115E-09 0.0000E+00 0.0000E+00 5.1115E-09 7.07E-06 7.14E-06   0.010 1.0000 7.1451E-06    745.582
 9991.00 0.99020976 3.8234E-31 0.0000E+00 0.0000E+00 5.1194E-09 5.1194E-09 0.0000E+00 0.0000E+00 5.1194E-09 7.06E-06 7.13E-06   0.010 1.0000 7.1388E-06    746.272
10001.00 0.99017340 3.6046E-31 0.0000E+00 0.0000E+00 5.1062E-09 5.1062E-09 0.0000E+00 0.0000E+00 5.1062E-09 7.02E-06 7.09E-06   0.010 1.0000 7.1031E-06    746.802
10011.00 0.99012768 3.4014E-31 0.0000E+00 0.0000E+00 5.1272E-09 5.1272E-09 0.0000E+00 0.0000E+00 5.1272E-09 7.03E-06 7.10E-06   0.010 1.0000 7.1150E-06    747.592
10021.00 0.99007469 3.2120E-31 0.0000E+00 0.0000E+00 5.1512E-09 5.1512E-09 0.0000E+00 0.0000E+00 5.1512E-09 7.05E-06 7.12E-06   0.010 1.0000 7.1310E-06    748.404
10031.00 0.99001837 3.0340E-31 0.0000E+00 0.0000E+00 5.1642E-09 5.1642E-09 0.0000E+00 0.0000E+00 5.1642E-09 7.05E-06 7.12E-06   0.010 1.0000 7.1318E-06    749.132
10041.00 0.98994726 2.8700E-31 0.0000E+00 0.0000E+00 5.1653E-09 5.1653E-09 0.0000E+00 0.0000E+00 5.1653E-09 7.03E-06 7.11E-06   0.010 1.0000 7.1164E-06    749.772
10051.00 0.98987651 2.7147E-31 0.0000E+00 0.0000E+00 5.1797E-09 5.1797E-09 0.0000E+00 0.0000E+00 5.1797E-09 7.04E-06 7.11E-06   0.010 1.0000 7.1191E-06    750.510
10061.00 0.98983610 2.5601E-31 0.0000E+00 0.0000E+00 5.1999E-09 5.1999E-09 0.0000E+00 0.0000E+00 5.1999E-09 7.05E-06 7.12E-06   0.010 1.0000 7.1296E-06    751.292
10071.00 0.98979664 2.4139E-31 0.0000E+00 0.0000E+00 5.2071E-09 5.2071E-09 0.0000E+00 0.0000E+00 5.2071E-09 7.04E-06 7.11E-06   0.010 1.0000 7.1221E-06    751.976
10081.00 0.98971045 2.2863E-31 0.0000E+00 0.0000E+00 5.2055E-09 5.2055E-09 0.0000E+00 0.0000E+00 5.2055E-09 7.02E-06 7.09E-06   0.010 1.0000 7.1031E-06    752.595
10091.00 0.98967278 2.1556E-31 0.0000E+00 0.0000E+00 5.2045E-09 5.2045E-09 0.0000E+00 0.0000E+00 5.2045E-09 7.00E-06 7.07E-06   0.010 1.0000 7.0846E-06    753.218
10101.00 0.98977190 2.0053E-31 0.0000E+00 0.0000E+00 5.1825E-09 5.1825E-09 0.0000E+00 0.0000E+00 5.1825E-09 6.95E-06 7.03E-06   0.010 1.0000 7.0367E-06    753.683
10111.00 0.98983306 1.8721E-31 0.0000E+00 0.0000E+00 5.1828E-09 5.1828E-09 0.0000E+00 0.0000E+00 5.1828E-09 6.94E-06 7.01E-06   0.010 1.0000 7.0192E-06    754.315
10121.00 0.98983544 1.7578E-31 0.0000E+00 0.0000E+00 5.2621E-09 5.2621E-09 0.0000E+00 0.0000E+00 5.2621E-09 7.03E-06 7.10E-06   0.010 1.0000 7.1091E-06    755.539
10131.00 0.98983186 1.6517E-31 0.0000E+00 0.0000E+00 5.2501E-09 5.2501E-09 0.0000E+00 0.0000E+00 5.2501E-09 6.99E-06 7.07E-06   0.010 1.0000 7.0756E-06    756.080
10141.00 0.98983002 1.5516E-31 0.0000E+00 0.0000E+00 5.2672E-09 5.2672E-09 0.0000E+00 0.0000E+00 5.2672E-09 7.00E-06 7.07E-06   0.010 1.0000 7.0813E-06    756.838
10151.00 0.98980528 1.4608E-31 0.0000E+00 0.0000E+00 5.3036E-09 5.3036E-09 0.0000E+00 0.0000E+00 5.3036E-09 7.03E-06 7.10E-06   0.010 1.0000 7.1130E-06    757.739
10161.00 0.98980004 1.3728E-31 0.0000E+00 0.0000E+00 5.2981E-09 5.2981E-09 0.0000E+00 0.0000E+00 5.2981E-09 7.01E-06 7.08E-06   0.010 1.0000 7.0884E-06    758.328
10171.00 0.98976767 1.2934E-31 0.0000E+00 0.0000E+00 5.3110E-09 5.3110E-09 0.0000E+00 0.0000E+00 5.3110E-09 7.01E-06 7.08E-06   0.010 1.0000 7.0885E-06    759.054
10181.00 0.98974699 1.2173E-31 0.0000E+00 0.0000E+00 5.3504E-09 5.3504E-09 0.0000E+00 0.0000E+00 5.3504E-09 7.04E-06 7.11E-06   0.010 1.0000 7.1238E-06    759.976
10191.00 0.98972899 1.1453E-31 0.0000E+00 0.0000E+00 5.3712E-09 5.3712E-09 0.0000E+00 0.0000E+00 5.3712E-09 7.05E-06 7.12E-06   0.010 1.0000 7.1342E-06    760.759
10201.00 0.98964280 1.0847E-31 0.0000E+00 0.0000E+00 5.3375E-09 5.3375E-09 0.0000E+00 0.0000E+00 5.3375E-09 6.99E-06 7.06E-06   0.010 1.0000 7.0727E-06    761.141
10211.00 0.98961294 1.0218E-31 0.0000E+00 0.0000E+00 5.3220E-09 5.3220E-09 0.0000E+00 0.0000E+00 5.3220E-09 6.95E-06 7.02E-06   0.010 1.0000 7.0352E-06    761.656
10221.00 0.98956561 9.6399E-32 0.0000E+00 0.0000E+00 5.3481E-09 5.3481E-09 0.0000E+00 0.0000E+00 5.3481E-09 6.97E-06 7.04E-06   0.010 1.0000 7.0526E-06    762.479
10231.00 0.98959637 9.0273E-32 0.0000E+00 0.0000E+00 5.3869E-09 5.3869E-09 0.0000E+00 0.0000E+00 5.3869E-09 7.00E-06 7.08E-06   0.010 1.0000 7.0865E-06    763.395
10241.00 0.98947197 8.5788E-32 0.0000E+00 0.0000E+00 5.3598E-09 5.3598E-09 0.0000E+00 0.0000E+00 5.3598E-09 6.95E-06 7.02E-06   0.011 1.0000 7.0343E-06    763.825
10251.00 0.98937941 8.1293E-32 0.0000E+00 0.0000E+00 5.4358E-09 5.4358E-09 0.0000E+00 0.0000E+00 5.4358E-09 7.03E-06 7.11E-06   0.011 1.0000 7.1175E-06    765.013
10261.00 0.98934388 7.6611E-32 0.0000E+00 0.0000E+00 5.3593E-09 5.3593E-09 0.0000E+00 0.0000E+00 5.3593E-09 6.92E-06 6.99E-06   0.011 1.0000 7.0004E-06    765.081
10271.00 0.98940384 7.1552E-32 0.0000E+00 0.0000E+00 5.3917E-09 5.3917E-09 0.0000E+00 0.0000E+00 5.3917E-09 6.94E-06 7.01E-06   0.011 1.0000 7.0253E-06    765.950
10281.00 0.98940176 6.7205E-32 0.0000E+00 0.0000E+00 5.4678E-09 5.4678E-09 0.0000E+00 0.0000E+00 5.4678E-09 7.02E-06 7.10E-06   0.011 1.0000 7.1074E-06    767.137
10291.00 0.98935616 6.3396E-32 0.0000E+00 0.0000E+00 5.4904E-09 5.4904E-09 0.0000E+00 0.0000E+00 5.4904E-09 7.03E-06 7.11E-06   0.011 1.0000 7.1198E-06    767.931
10301.00 0.98935688 5.9526E-32 0.0000E+00 0.0000E+00 5.4573E-09 5.4573E-09 0.0000E+00 0.0000E+00 5.4573E-09 6.97E-06 7.05E-06   0.011 1.0000 7.0598E-06    768.321
10311.00 0.98934340 5.5993E-32 0.0000E+00 0.0000E+00 5.5066E-09 5.5066E-09 0.0000E+00 0.0000E+00 5.5066E-09 7.02E-06 7.10E-06   0.011 1.0000 7.1065E-06    769.309
10321.00 0.98929328 5.2817E-32 0.0000E+00 0.0000E+00 5.5019E-09 5.5019E-09 0.0000E+00 0.0000E+00 5.5019E-09 7.00E-06 7.07E-06   0.011 1.0000 7.0834E-06    769.905
10331.00 0.98920929 5.0009E-32 0.0000E+00 0.0000E+00 5.4818E-09 5.4818E-09 0.0000E+00 0.0000E+00 5.4818E-09 6.95E-06 7.03E-06   0.011 1.0000 7.0410E-06    770.388
10341.00 0.98906004 4.7599E-32 0.0000E+00 0.0000E+00 5.5254E-09 5.5254E-09 0.0000E+00 0.0000E+00 5.5254E-09 6.99E-06 7.07E-06   0.011 1.0000 7.0807E-06    771.335
10351.00 0.98900998 4.4938E-32 0.0000E+00 0.0000E+00 5.4348E-09 5.4348E-09 0.0000E+00 0.0000E+00 5.4348E-09 6.86E-06 6.94E-06   0.011 1.0000 6.9482E-06    771.303
10361.00 0.98902488 4.2122E-32 0.0000E+00 0.0000E+00 5.5216E-09 5.5216E-09 0.0000E+00 0.0000E+00 5.5216E-09 6.95E-06 7.03E-06   0.011 1.0000 7.0420E-06    772.567
10371.00 0.98885036 4.0201E-32 0.0000E+00 0.0000E+00 5.5215E-09 5.5215E-09 0.0000E+00 0.0000E+00 5.5215E-09 6.94E-06 7.01E-06   0.011 1.0000 7.0259E-06    773.196
10381.00 0.98896438 3.7367E-32 0.0000E+00 0.0000E+00 5.5383E-09 5.5383E-09 0.0000E+00 0.0000E+00 5.5383E-09 6.94E-06 7.02E-06   0.011 1.0000 7.0297E-06    773.948
10391.00 0.98868924 3.5976E-32 0.0000E+00 0.0000E+00 5.5391E-09 5.5391E-09 0.0000E+00 0.0000E+00 5.5391E-09 6.92E-06 7.00E-06   0.011 1.0000 7.0152E-06    774.583
10401.00 0.98890412 3.3132E-32 0.0000E+00 0.0000E+00 5.6326E-09 5.6326E-09 0.0000E+00 0.0000E+00 5.6326E-09 7.03E-06 7.10E-06   0.011 1.0000 7.1156E-06    775.885
10411.00 0.98872268 3.1639E-32 0.0000E+00 0.0000E+00 5.5608E-09 5.5608E-09 0.0000E+00 0.0000E+00 5.5608E-09 6.92E-06 7.00E-06   0.011 1.0000 7.0090E-06    775.999
10421.00 0.98858416 3.0068E-32 0.0000E+00 0.0000E+00 5.6535E-09 5.6535E-09 0.0000E+00 0.0000E+00 5.6535E-09 7.02E-06 7.10E-06   0.011 1.0000 7.1097E-06    777.294
10431.00 0.98859107 2.8225E-32 0.0000E+00 0.0000E+00 5.6819E-09 5.6819E-09 0.0000E+00 0.0000E+00 5.6819E-09 7.03E-06 7.12E-06   0.011 1.0000 7.1282E-06    778.126
10441.00 0.98865813 2.6358E-32 0.0000E+00 0.0000E+00 5.6188E-09 5.6188E-09 0.0000E+00 0.0000E+00 5.6188E-09 6.94E-06 7.02E-06   0.011 1.0000 7.0319E-06    778.306
10451.00 0.98830056 2.5531E-32 0.0000E+00 0.0000E+00 5.6381E-09 5.6381E-09 0.0000E+00 0.0000E+00 5.6381E-09 6.95E-06 7.03E-06   0.012 1.0000 7.0411E-06    779.073
10461.00 0.98831499 2.3944E-32 0.0000E+00 0.0000E+00 5.6308E-09 5.6308E-09 0.0000E+00 0.0000E+00 5.6308E-09 6.92E-06 7.00E-06   0.012 1.0000 7.0152E-06    779.651
10471.00 0.98813051 2.2832E-32 0.0000E+00 0.0000E+00 5.3483E-09 5.3483E-09 0.0000E+00 0.0000E+00 5.3483E-09 6.56E-06 6.64E-06   0.012 1.0000 6.6482E-06    778.205
10481.00 0.98821509 2.1320E-32 0.0000E+00 0.0000E+00 5.5883E-09 5.5883E-09 0.0000E+00 0.0000E+00 5.5883E-09 6.84E-06 6.92E-06   0.012 1.0000 6.9292E-06    780.603
10491.00 0.98815489 2.0092E-32 0.0000E+00 0.0000E+00 5.7050E-09 5.7050E-09 0.0000E+00 0.0000E+00 5.7050E-09 6.96E-06 7.04E-06   0.012 1.0000 7.0576E-06    782.068
10501.00 0.98728395 2.0276E-32 0.0000E+00 0.0000E+00 5.7558E-09 5.7558E-09 0.0000E+00 0.0000E+00 5.7558E-09 7.00E-06 7.09E-06   0.013 1.0000 7.1082E-06    783.058
10511.00 0.98831254 1.7515E-32 0.0000E+00 0.0000E+00 5.7567E-09 5.7567E-09 0.0000E+00 0.0000E+00 5.7567E-09 6.99E-06 7.07E-06   0.012 1.0000 7.0870E-06    783.694
10521.00 0.98716348 1.8028E-32 0.0000E+00 0.0000E+00 5.7627E-09 5.7627E-09 0.0000E+00 0.0000E+00 5.7627E-09 6.98E-06 7.07E-06   0.013 1.0000 7.0837E-06    784.366
10531.00 0.98721892 1.6898E-32 0.0000E+00 0.0000E+00 5.8176E-09 5.8176E-09 0.0000E+00 0.0000E+00 5.8176E-09 7.03E-06 7.12E-06   0.013 1.0000 7.1337E-06    785.381
10541.00 0.98707306 1.6000E-32 0.0000E+00 0.0000E+00 5.8227E-09 5.8227E-09 0.0000E+00 0.0000E+00 5.8227E-09 7.02E-06 7.11E-06   0.013 1.0000 7.1238E-06    786.046
10551.00 0.98738003 1.4721E-32 0.0000E+00 0.0000E+00 5.8284E-09 5.8284E-09 0.0000E+00 0.0000E+00 5.8284E-09 7.01E-06 7.10E-06   0.013 1.0000 7.1123E-06    786.716
10561.00 0.98735964 1.3809E-32 0.0000E+00 0.0000E+00 5.8122E-09 5.8122E-09 0.0000E+00 0.0000E+00 5.8122E-09 6.97E-06 7.06E-06   0.013 1.0000 7.0759E-06    787.233
10571.00 0.98654819 1.3833E-32 0.0000E+00 0.0000E+00 5.8119E-09 5.8119E-09 0.0000E+00 0.0000E+00 5.8119E-09 6.95E-06 7.05E-06   0.014 1.0000 7.0632E-06    787.860
10581.00 0.98735988 1.2180E-32 0.0000E+00 0.0000E+00 5.7838E-09 5.7838E-09 0.0000E+00 0.0000E+00 5.7838E-09 6.91E-06 6.99E-06   0.013 1.0000 7.0083E-06    788.292
10591.00 0.98551255 1.3139E-32 0.0000E+00 0.0000E+00 5.7199E-09 5.7199E-09 0.0000E+00 0.0000E+00 5.7199E-09 6.81E-06 6.91E-06   0.015 1.0000 6.9242E-06    788.467
10601.00 0.98564798 1.2182E-32 0.0000E+00 0.0000E+00 5.8056E-09 5.8056E-09 0.0000E+00 0.0000E+00 5.8056E-09 6.89E-06 6.99E-06   0.014 1.0000 7.0103E-06    789.703
10611.00 0.98659825 1.0735E-32 0.0000E+00 0.0000E+00 5.8159E-09 5.8159E-09 0.0000E+00 0.0000E+00 5.8159E-09 6.89E-06 6.99E-06   0.013 1.0000 7.0013E-06    790.406
10621.00 0.98743147 9.4306E-33 0.0000E+00 0.0000E+00 5.5745E-09 5.5745E-09 0.0000E+00 0.0000E+00 5.5745E-09 6.59E-06 6.68E-06   0.013 1.0000 6.6904E-06    789.302
10631.00 0.98759001 8.7471E-33 0.0000E+00 0.0000E+00 5.7844E-09 5.7844E-09 0.0000E+00 0.0000E+00 5.7844E-09 6.83E-06 6.91E-06   0.012 1.0000 6.9249E-06    791.441
10641.00 0.98781627 8.0638E-33 0.0000E+00 0.0000E+00 5.9188E-09 5.9188E-09 0.0000E+00 0.0000E+00 5.9188E-09 6.97E-06 7.05E-06   0.012 1.0000 7.0679E-06    793.012
10651.00 0.98660207 8.3133E-33 0.0000E+00 0.0000E+00 5.9427E-09 5.9427E-09 0.0000E+00 0.0000E+00 5.9427E-09 6.98E-06 7.07E-06   0.013 1.0000 7.0860E-06    793.808
10661.00 0.98514426 8.6686E-33 0.0000E+00 0.0000E+00 5.9734E-09 5.9734E-09 0.0000E+00 0.0000E+00 5.9734E-09 6.99E-06 7.10E-06   0.015 1.0000 7.1135E-06    794.649
10671.00 0.98543608 7.9914E-33 0.0000E+00 0.0000E+00 5.9820E-09 5.9820E-09 0.0000E+00 0.0000E+00 5.9820E-09 6.99E-06 7.09E-06   0.015 1.0000 7.1053E-06    795.338
10681.00 0.98577565 7.3070E-33 0.0000E+00 0.0000E+00 5.9315E-09 5.9315E-09 0.0000E+00 0.0000E+00 5.9315E-09 6.91E-06 7.01E-06   0.014 1.0000 7.0271E-06    795.618
10691.00 0.98596364 6.7918E-33 0.0000E+00 0.0000E+00 5.9654E-09 5.9654E-09 0.0000E+00 0.0000E+00 5.9654E-09 6.94E-06 7.03E-06   0.014 1.0000 7.0496E-06    796.482
10701.00 0.98451287 7.0358E-33 0.0000E+00 0.0000E+00 6.0347E-09 6.0347E-09 0.0000E+00 0.0000E+00 6.0347E-09 6.99E-06 7.10E-06   0.016 1.0000 7.1224E-06    797.588
10711.00 0.98650420 5.7567E-33 0.0000E+00 0.0000E+00 6.0644E-09 6.0644E-09 0.0000E+00 0.0000E+00 6.0644E-09 7.02E-06 7.11E-06   0.014 1.0000 7.1299E-06    798.420
10721.00 0.98691630 5.2365E-33 0.0000E+00 0.0000E+00 6.0661E-09 6.0661E-09 0.0000E+00 0.0000E+00 6.0661E-09 7.01E-06 7.10E-06   0.013 1.0000 7.1129E-06    799.061
10731.00 0.98698497 4.8942E-33 0.0000E+00 0.0000E+00 6.0521E-09 6.0521E-09 0.0000E+00 0.0000E+00 6.0521E-09 6.97E-06 7.06E-06   0.013 1.0000 7.0795E-06    799.595
10741.00 0.98754042 4.3997E-33 0.0000E+00 0.0000E+00 6.1024E-09 6.1024E-09 0.0000E+00 0.0000E+00 6.1024E-09 7.02E-06 7.10E-06   0.013 1.0000 7.1186E-06    800.568
10751.00 0.98783928 4.0319E-33 0.0000E+00 0.0000E+00 6.0938E-09 6.0938E-09 0.0000E+00 0.0000E+00 6.0938E-09 6.99E-06 7.08E-06   0.012 1.0000 7.0904E-06    801.139
10761.00 0.98792803 3.7584E-33 0.0000E+00 0.0000E+00 6.0608E-09 6.0608E-09 0.0000E+00 0.0000E+00 6.0608E-09 6.94E-06 7.02E-06   0.012 1.0000 7.0349E-06    801.543
10771.00 0.98786098 3.5487E-33 0.0000E+00 0.0000E+00 6.1571E-09 6.1571E-09 0.0000E+00 0.0000E+00 6.1571E-09 7.03E-06 7.12E-06   0.012 1.0000 7.1304E-06    802.827
10781.00 0.98790324 3.3216E-33 0.0000E+00 0.0000E+00 6.1807E-09 6.1807E-09 0.0000E+00 0.0000E+00 6.1807E-09 7.04E-06 7.13E-06   0.012 1.0000 7.1406E-06    803.616
10791.00 0.98791277 3.1161E-33 0.0000E+00 0.0000E+00 6.0722E-09 6.0722E-09 0.0000E+00 0.0000E+00 6.0722E-09 6.90E-06 6.99E-06   0.012 1.0000 6.9990E-06    803.508
10801.00 0.98787075 2.9367E-33 0.0000E+00 0.0000E+00 5.9326E-09 5.9326E-09 0.0000E+00 0.0000E+00 5.9326E-09 6.73E-06 6.81E-06   0.012 1.0000 6.8221E-06    803.170
10811.00 0.98780876 2.7718E-33 0.0000E+00 0.0000E+00 6.0873E-09 6.0873E-09 0.0000E+00 0.0000E+00 6.0873E-09 6.89E-06 6.97E-06   0.012 1.0000 6.9842E-06    804.870
10821.00 0.98780417 2.6039E-33 0.0000E+00 0.0000E+00 6.0502E-09 6.0502E-09 0.0000E+00 0.0000E+00 6.0502E-09 6.83E-06 6.91E-06   0.012 1.0000 6.9254E-06    805.243
10831.00 0.98778909 2.4482E-33 0.0000E+00 0.0000E+00 5.8294E-09 5.8294E-09 0.0000E+00 0.0000E+00 5.8294E-09 6.56E-06 6.65E-06   0.012 1.0000 6.6572E-06    804.326
10841.00 0.98775786 2.3048E-33 0.0000E+00 0.0000E+00 6.0445E-09 6.0445E-09 0.0000E+00 0.0000E+00 6.0445E-09 6.79E-06 6.87E-06   0.012 1.0000 6.8867E-06    806.462
10851.00 0.98770863 2.1732E-33 0.0000E+00 0.0000E+00 6.0195E-09 6.0195E-09 0.0000E+00 0.0000E+00 6.0195E-09 6.75E-06 6.83E-06   0.012 1.0000 6.8426E-06    806.917
10861.00 0.98771989 2.0389E-33 0.0000E+00 0.0000E+00 6.1641E-09 6.1641E-09 0.0000E+00 0.0000E+00 6.1641E-09 6.89E-06 6.98E-06   0.012 1.0000 6.9906E-06    808.538
10871.00 0.98764658 1.9259E-33 0.0000E+00 0.0000E+00 6.2669E-09 6.2669E-09 0.0000E+00 0.0000E+00 6.2669E-09 6.99E-06 7.08E-06   0.012 1.0000 7.0910E-06    809.859
10881.00 0.98759913 1.8154E-33 0.0000E+00 0.0000E+00 6.3177E-09 6.3177E-09 0.0000E+00 0.0000E+00 6.3177E-09 7.03E-06 7.12E-06   0.012 1.0000 7.1322E-06    810.827
10891.00 0.98747653 1.7215E-33 0.0000E+00 0.0000E+00 6.2917E-09 6.2917E-09 0.0000E+00 0.0000E+00 6.2917E-09 6.98E-06 7.07E-06   0.013 1.0000 7.0869E-06    811.283
10901.00 0.98744476 1.6212E-33 0.0000E+00 0.0000E+00 6.2556E-09 6.2556E-09 0.0000E+00 0.0000E+00 6.2556E-09 6.93E-06 7.02E-06   0.013 1.0000 7.0299E-06    811.670
10911.00 0.98747349 1.5184E-33 0.0000E+00 0.0000E+00 6.3477E-09 6.3477E-09 0.0000E+00 0.0000E+00 6.3477E-09 7.01E-06 7.10E-06   0.013 1.0000 7.1167E-06    812.914
10921.00 0.98724586 1.4520E-33 0.0000E+00 0.0000E+00 6.3837E-09 6.3837E-09 0.0000E+00 0.0000E+00 6.3837E-09 7.04E-06 7.13E-06   0.013 1.0000 7.1418E-06    813.782
10931.00 0.98742563 1.3443E-33 0.0000E+00 0.0000E+00 6.3247E-09 6.3247E-09 0.0000E+00 0.0000E+00 6.3247E-09 6.96E-06 7.05E-06   0.013 1.0000 7.0585E-06    814.020
10941.00 0.98718500 1.2861E-33 0.0000E+00 0.0000E+00 6.4470E-09 6.4470E-09 0.0000E+00 0.0000E+00 6.4470E-09 7.07E-06 7.17E-06   0.013 1.0000 7.1797E-06    815.457
10951.00 0.98717475 1.2092E-33 0.0000E+00 0.0000E+00 6.4954E-09 6.4954E-09 0.0000E+00 0.0000E+00 6.4954E-09 7.11E-06 7.20E-06   0.013 1.0000 7.2169E-06    816.403
10961.00 0.98715883 1.1365E-33 0.0000E+00 0.0000E+00 6.3613E-09 6.3613E-09 0.0000E+00 0.0000E+00 6.3613E-09 6.95E-06 7.04E-06   0.013 1.0000 7.0517E-06    816.151
10971.00 0.98719001 1.0648E-33 0.0000E+00 0.0000E+00 6.3013E-09 6.3013E-09 0.0000E+00 0.0000E+00 6.3013E-09 6.87E-06 6.96E-06   0.013 1.0000 6.9688E-06    816.379
10981.00 0.98704994 1.0107E-33 0.0000E+00 0.0000E+00 6.4204E-09 6.4204E-09 0.0000E+00 0.0000E+00 6.4204E-09 6.98E-06 7.07E-06   0.013 1.0000 7.0849E-06    817.799
10991.00 0.98701674 9.5168E-34 0.0000E+00 0.0000E+00 6.3192E-09 6.3192E-09 0.0000E+00 0.0000E+00 6.3192E-09 6.85E-06 6.94E-06   0.013 1.0000 6.9574E-06    817.756
11001.00 0.98690027 9.0148E-34 0.0000E+00 0.0000E+00 6.2552E-09 6.2552E-09 0.0000E+00 0.0000E+00 6.2552E-09 6.77E-06 6.86E-06   0.013 1.0000 6.8715E-06    817.954
11011.00 0.98682553 8.5145E-34 0.0000E+00 0.0000E+00 6.3982E-09 6.3982E-09 0.0000E+00 0.0000E+00 6.3982E-09 6.91E-06 7.00E-06   0.013 1.0000 7.0129E-06    819.540
11021.00 0.98668051 8.0829E-34 0.0000E+00 0.0000E+00 6.5460E-09 6.5460E-09 0.0000E+00 0.0000E+00 6.5460E-09 7.05E-06 7.14E-06   0.013 1.0000 7.1591E-06    821.138
11031.00 0.98682803 7.5065E-34 0.0000E+00 0.0000E+00 6.4115E-09 6.4115E-09 0.0000E+00 0.0000E+00 6.4115E-09 6.89E-06 6.98E-06   0.013 1.0000 6.9952E-06    820.885
11041.00 0.98680830 7.0586E-34 0.0000E+00 0.0000E+00 6.5819E-09 6.5819E-09 0.0000E+00 0.0000E+00 6.5819E-09 7.06E-06 7.15E-06   0.013 1.0000 7.1647E-06    822.629
11051.00 0.98675138 6.6566E-34 0.0000E+00 0.0000E+00 6.6407E-09 6.6407E-09 0.0000E+00 0.0000E+00 6.6407E-09 7.10E-06 7.20E-06   0.013 1.0000 7.2125E-06    823.638
11061.00 0.98669761 6.2763E-34 0.0000E+00 0.0000E+00 6.6434E-09 6.6434E-09 0.0000E+00 0.0000E+00 6.6434E-09 7.09E-06 7.18E-06   0.013 1.0000 7.1991E-06    824.285
11071.00 0.98649603 5.9810E-34 0.0000E+00 0.0000E+00 6.5946E-09 6.5946E-09 0.0000E+00 0.0000E+00 6.5946E-09 7.02E-06 7.12E-06   0.014 1.0000 7.1309E-06    824.599
11081.00 0.98625523 5.7178E-34 0.0000E+00 0.0000E+00 6.4201E-09 6.4201E-09 0.0000E+00 0.0000E+00 6.4201E-09 6.82E-06 6.91E-06   0.014 1.0000 6.9276E-06    824.085
11091.00 0.98625076 5.3718E-34 0.0000E+00 0.0000E+00 6.1685E-09 6.1685E-09 0.0000E+00 0.0000E+00 6.1685E-09 6.53E-06 6.63E-06   0.014 1.0000 6.6409E-06    823.013
11101.00 0.98623121 5.0494E-34 0.0000E+00 0.0000E+00 6.4556E-09 6.4556E-09 0.0000E+00 0.0000E+00 6.4556E-09 6.82E-06 6.92E-06   0.014 1.0000 6.9341E-06    825.577
11111.00 0.98615599 4.7687E-34 0.0000E+00 0.0000E+00 6.5180E-09 6.5180E-09 0.0000E+00 0.0000E+00 6.5180E-09 6.87E-06 6.97E-06   0.014 1.0000 6.9855E-06    826.616
11121.00 0.98595011 4.5441E-34 0.0000E+00 0.0000E+00 6.6893E-09 6.6893E-09 0.0000E+00 0.0000E+00 6.6893E-09 7.04E-06 7.14E-06   0.014 1.0000 7.1540E-06    828.356
11131.00 0.98614299 4.2088E-34 0.0000E+00 0.0000E+00 6.7039E-09 6.7039E-09 0.0000E+00 0.0000E+00 6.7039E-09 7.04E-06 7.14E-06   0.014 1.0000 7.1521E-06    829.078
11141.00 0.98617613 3.9421E-34 0.0000E+00 0.0000E+00 6.6781E-09 6.6781E-09 0.0000E+00 0.0000E+00 6.6781E-09 6.99E-06 7.09E-06   0.014 1.0000 7.1081E-06    829.542
11151.00 0.98615617 3.7070E-34 0.0000E+00 0.0000E+00 6.6907E-09 6.6907E-09 0.0000E+00 0.0000E+00 6.6907E-09 6.99E-06 7.09E-06   0.014 1.0000 7.1052E-06    830.252
11161.00 0.98621148 3.4669E-34 0.0000E+00 0.0000E+00 6.8272E-09 6.8272E-09 0.0000E+00 0.0000E+00 6.8272E-09 7.12E-06 7.22E-06   0.014 1.0000 7.2334E-06    831.750
11171.00 0.98624521 3.2476E-34 0.0000E+00 0.0000E+00 6.6668E-09 6.6668E-09 0.0000E+00 0.0000E+00 6.6668E-09 6.93E-06 7.03E-06   0.014 1.0000 7.0471E-06    831.355
11181.00 0.98627013 3.0437E-34 0.0000E+00 0.0000E+00 6.6937E-09 6.6937E-09 0.0000E+00 0.0000E+00 6.6937E-09 6.95E-06 7.04E-06   0.014 1.0000 7.0589E-06    832.157
11191.00 0.98626453 2.8591E-34 0.0000E+00 0.0000E+00 6.7828E-09 6.7828E-09 0.0000E+00 0.0000E+00 6.7828E-09 7.02E-06 7.12E-06   0.014 1.0000 7.1368E-06    833.356
11201.00 0.98626137 2.6853E-34 0.0000E+00 0.0000E+00 6.6478E-09 6.6478E-09 0.0000E+00 0.0000E+00 6.6478E-09 6.87E-06 6.96E-06   0.014 1.0000 6.9786E-06    833.118
11211.00 0.98624271 2.5248E-34 0.0000E+00 0.0000E+00 6.8021E-09 6.8021E-09 0.0000E+00 0.0000E+00 6.8021E-09 7.01E-06 7.11E-06   0.014 1.0000 7.1244E-06    834.737
11221.00 0.98621845 2.3749E-34 0.0000E+00 0.0000E+00 6.8527E-09 6.8527E-09 0.0000E+00 0.0000E+00 6.8527E-09 7.05E-06 7.15E-06   0.014 1.0000 7.1611E-06    835.686
11231.00 0.98618114 2.2360E-34 0.0000E+00 0.0000E+00 6.9167E-09 6.9167E-09 0.0000E+00 0.0000E+00 6.9167E-09 7.10E-06 7.20E-06   0.014 1.0000 7.2119E-06    836.718
11241.00 0.98614758 2.1046E-34 0.0000E+00 0.0000E+00 6.8648E-09 6.8648E-09 0.0000E+00 0.0000E+00 6.8648E-09 7.03E-06 7.13E-06   0.014 1.0000 7.1417E-06    837.020
11251.00 0.98611927 1.9802E-34 0.0000E+00 0.0000E+00 6.8977E-09 6.8977E-09 0.0000E+00 0.0000E+00 6.8977E-09 7.04E-06 7.14E-06   0.014 1.0000 7.1598E-06    837.857
11261.00 0.98609257 1.8629E-34 0.0000E+00 0.0000E+00 6.8561E-09 6.8561E-09 0.0000E+00 0.0000E+00 6.8561E-09 6.99E-06 7.08E-06   0.014 1.0000 7.1006E-06    838.224
11271.00 0.98607284 1.7517E-34 0.0000E+00 0.0000E+00 6.7463E-09 6.7463E-09 0.0000E+00 0.0000E+00 6.7463E-09 6.86E-06 6.96E-06   0.014 1.0000 6.9712E-06    838.152
11281.00 0.98605090 1.6473E-34 0.0000E+00 0.0000E+00 6.5376E-09 6.5376E-09 0.0000E+00 0.0000E+00 6.5376E-09 6.63E-06 6.73E-06   0.014 1.0000 6.7401E-06    837.421
11291.00 0.98603594 1.5485E-34 0.0000E+00 0.0000E+00 6.9297E-09 6.9297E-09 0.0000E+00 0.0000E+00 6.9297E-09 7.01E-06 7.11E-06   0.014 1.0000 7.1282E-06    840.574
11301.00 0.98602617 1.4550E-34 0.0000E+00 0.0000E+00 6.9501E-09 6.9501E-09 0.0000E+00 0.0000E+00 6.9501E-09 7.02E-06 7.12E-06   0.014 1.0000 7.1331E-06    841.331
11311.00 0.98601359 1.3674E-34 0.0000E+00 0.0000E+00 6.8716E-09 6.8716E-09 0.0000E+00 0.0000E+00 6.8716E-09 6.92E-06 7.02E-06   0.014 1.0000 7.0365E-06    841.465
11321.00 0.98599923 1.2852E-34 0.0000E+00 0.0000E+00 6.9714E-09 6.9714E-09 0.0000E+00 0.0000E+00 6.9714E-09 7.01E-06 7.11E-06   0.014 1.0000 7.1226E-06    842.722
11331.00 0.98598307 1.2081E-34 0.0000E+00 0.0000E+00 6.8422E-09 6.8422E-09 0.0000E+00 0.0000E+00 6.8422E-09 6.86E-06 6.96E-06   0.014 1.0000 6.9746E-06    842.535
11341.00 0.98596567 1.1358E-34 0.0000E+00 0.0000E+00 6.9729E-09 6.9729E-09 0.0000E+00 0.0000E+00 6.9729E-09 6.98E-06 7.08E-06   0.014 1.0000 7.0920E-06    843.989
11351.00 0.98594511 1.0680E-34 0.0000E+00 0.0000E+00 6.6071E-09 6.6071E-09 0.0000E+00 0.0000E+00 6.6071E-09 6.60E-06 6.69E-06   0.014 1.0000 6.7048E-06    842.270
11361.00 0.98592067 1.0045E-34 0.0000E+00 0.0000E+00 7.0009E-09 7.0009E-09 0.0000E+00 0.0000E+00 7.0009E-09 6.97E-06 7.07E-06   0.014 1.0000 7.0885E-06    845.422
11371.00 0.98589498 9.4491E-35 0.0000E+00 0.0000E+00 6.9234E-09 6.9234E-09 0.0000E+00 0.0000E+00 6.9234E-09 6.88E-06 6.98E-06   0.014 1.0000 6.9944E-06    845.563
11381.00 0.98586750 8.8894E-35 0.0000E+00 0.0000E+00 7.1054E-09 7.1054E-09 0.0000E+00 0.0000E+00 7.1054E-09 7.05E-06 7.15E-06   0.014 1.0000 7.1623E-06    847.328
11391.00 0.98583800 8.3639E-35 0.0000E+00 0.0000E+00 7.0607E-09 7.0607E-09 0.0000E+00 0.0000E+00 7.0607E-09 6.99E-06 7.09E-06   0.014 1.0000 7.1013E-06    847.680
11401.00 0.98580551 7.8712E-35 0.0000E+00 0.0000E+00 7.0948E-09 7.0948E-09 0.0000E+00 0.0000E+00 7.0948E-09 7.00E-06 7.10E-06   0.014 1.0000 7.1195E-06    848.520
11411.00 0.98576933 7.4093E-35 0.0000E+00 0.0000E+00 7.0814E-09 7.0814E-09 0.0000E+00 0.0000E+00 7.0814E-09 6.97E-06 7.07E-06   0.014 1.0000 7.0904E-06    849.066
11421.00 0.98573172 6.9752E-35 0.0000E+00 0.0000E+00 6.8852E-09 6.8852E-09 0.0000E+00 0.0000E+00 6.8852E-09 6.77E-06 6.86E-06   0.014 1.0000 6.8786E-06    848.461
11431.00 0.98569161 6.5676E-35 0.0000E+00 0.0000E+00 7.0116E-09 7.0116E-09 0.0000E+00 0.0000E+00 7.0116E-09 6.87E-06 6.97E-06   0.014 1.0000 6.9893E-06    849.887
11441.00 0.98564649 6.1859E-35 0.0000E+00 0.0000E+00 7.0664E-09 7.0664E-09 0.0000E+00 0.0000E+00 7.0664E-09 6.91E-06 7.01E-06   0.014 1.0000 7.0284E-06    850.858
11451.00 0.98559767 5.8278E-35 0.0000E+00 0.0000E+00 7.1401E-09 7.1401E-09 0.0000E+00 0.0000E+00 7.1401E-09 6.97E-06 7.07E-06   0.015 1.0000 7.0859E-06    851.943
11461.00 0.98554265 5.4927E-35 0.0000E+00 0.0000E+00 7.2367E-09 7.2367E-09 0.0000E+00 0.0000E+00 7.2367E-09 7.05E-06 7.15E-06   0.015 1.0000 7.1660E-06    853.165
11471.00 0.98548114 5.1791E-35 0.0000E+00 0.0000E+00 7.1316E-09 7.1316E-09 0.0000E+00 0.0000E+00 7.1316E-09 6.93E-06 7.03E-06   0.015 1.0000 7.0465E-06    853.147
11481.00 0.98541826 4.8838E-35 0.0000E+00 0.0000E+00 7.1898E-09 7.1898E-09 0.0000E+00 0.0000E+00 7.1898E-09 6.97E-06 7.07E-06   0.015 1.0000 7.0883E-06    854.135
11491.00 0.98536384 4.6026E-35 0.0000E+00 0.0000E+00 7.1982E-09 7.1982E-09 0.0000E+00 0.0000E+00 7.1982E-09 6.96E-06 7.06E-06   0.015 1.0000 7.0811E-06    854.815
11501.00 0.98529369 4.3421E-35 0.0000E+00 0.0000E+00 7.0398E-09 7.0398E-09 0.0000E+00 0.0000E+00 7.0398E-09 6.79E-06 6.89E-06   0.015 1.0000 6.9103E-06    854.460
11511.00 0.98524302 4.0910E-35 0.0000E+00 0.0000E+00 7.0112E-09 7.0112E-09 0.0000E+00 0.0000E+00 7.0112E-09 6.75E-06 6.85E-06   0.015 1.0000 6.8667E-06    854.909
11521.00 0.98518306 3.8566E-35 0.0000E+00 0.0000E+00 7.0524E-09 7.0524E-09 0.0000E+00 0.0000E+00 7.0524E-09 6.77E-06 6.88E-06   0.015 1.0000 6.8922E-06    855.795
11531.00 0.98510605 3.6398E-35 0.0000E+00 0.0000E+00 6.8039E-09 6.8039E-09 0.0000E+00 0.0000E+00 6.8039E-09 6.52E-06 6.62E-06   0.015 1.0000 6.6351E-06    854.840
11541.00 0.98502493 3.4360E-35 0.0000E+00 0.0000E+00 5.4235E-09 5.4235E-09 0.0000E+00 0.0000E+00 5.4235E-09 5.19E-06 5.26E-06   0.015 1.0000 5.2774E-06    845.588
11551.00 0.98493898 3.2445E-35 0.0000E+00 0.0000E+00 6.9113E-09 6.9113E-09 0.0000E+00 0.0000E+00 6.9113E-09 6.59E-06 6.69E-06   0.015 1.0000 6.7102E-06    856.784
11561.00 0.98484886 3.0645E-35 0.0000E+00 0.0000E+00 7.2750E-09 7.2750E-09 0.0000E+00 0.0000E+00 7.2750E-09 6.92E-06 7.03E-06   0.015 1.0000 7.0485E-06    859.684
11571.00 0.98474574 2.8968E-35 0.0000E+00 0.0000E+00 7.4244E-09 7.4244E-09 0.0000E+00 0.0000E+00 7.4244E-09 7.05E-06 7.16E-06   0.015 1.0000 7.1778E-06    861.217
11581.00 0.98463267 2.7400E-35 0.0000E+00 0.0000E+00 7.3923E-09 7.3923E-09 0.0000E+00 0.0000E+00 7.3923E-09 7.00E-06 7.11E-06   0.015 1.0000 7.1315E-06    861.652
11591.00 0.98452395 2.5907E-35 0.0000E+00 0.0000E+00 7.4105E-09 7.4105E-09 0.0000E+00 0.0000E+00 7.4105E-09 7.00E-06 7.12E-06   0.016 1.0000 7.1338E-06    862.391
11601.00 0.98441881 2.4489E-35 0.0000E+00 0.0000E+00 7.3051E-09 7.3051E-09 0.0000E+00 0.0000E+00 7.3051E-09 6.89E-06 7.00E-06   0.016 1.0000 7.0173E-06    862.381
11611.00 0.98431093 2.3152E-35 0.0000E+00 0.0000E+00 7.3104E-09 7.3104E-09 0.0000E+00 0.0000E+00 7.3104E-09 6.88E-06 6.99E-06   0.016 1.0000 7.0074E-06    863.041
11621.00 0.98419416 2.1899E-35 0.0000E+00 0.0000E+00 7.3979E-09 7.3979E-09 0.0000E+00 0.0000E+00 7.3979E-09 6.95E-06 7.06E-06   0.016 1.0000 7.0763E-06    864.200
11631.00 0.98407227 2.0719E-35 0.0000E+00 0.0000E+00 7.3612E-09 7.3612E-09 0.0000E+00 0.0000E+00 7.3612E-09 6.90E-06 7.01E-06   0.016 1.0000 7.0263E-06    864.606
11641.00 0.98395509 1.9596E-35 0.0000E+00 0.0000E+00 7.3652E-09 7.3652E-09 0.0000E+00 0.0000E+00 7.3652E-09 6.88E-06 7.00E-06   0.016 1.0000 7.0154E-06    865.259
11651.00 0.98385239 1.8516E-35 0.0000E+00 0.0000E+00 7.3811E-09 7.3811E-09 0.0000E+00 0.0000E+00 7.3811E-09 6.88E-06 7.00E-06   0.016 1.0000 7.0154E-06    865.983
11661.00 0.98375934 1.7485E-35 0.0000E+00 0.0000E+00 7.5289E-09 7.5289E-09 0.0000E+00 0.0000E+00 7.5289E-09 7.00E-06 7.12E-06   0.016 1.0000 7.1406E-06    867.500
11671.00 0.98367321 1.6503E-35 0.0000E+00 0.0000E+00 7.5570E-09 7.5570E-09 0.0000E+00 0.0000E+00 7.5570E-09 7.01E-06 7.13E-06   0.016 1.0000 7.1519E-06    868.295
11681.00 0.98359096 1.5572E-35 0.0000E+00 0.0000E+00 7.4485E-09 7.4485E-09 0.0000E+00 0.0000E+00 7.4485E-09 6.90E-06 7.01E-06   0.017 1.0000 7.0342E-06    868.275
11691.00 0.98351473 1.4688E-35 0.0000E+00 0.0000E+00 7.2321E-09 7.2321E-09 0.0000E+00 0.0000E+00 7.2321E-09 6.68E-06 6.79E-06   0.017 1.0000 6.8153E-06    867.582
11701.00 0.98344606 1.3848E-35 0.0000E+00 0.0000E+00 5.4289E-09 5.4289E-09 0.0000E+00 0.0000E+00 5.4289E-09 5.01E-06 5.09E-06   0.017 1.0000 5.1054E-06    855.555
11711.00 0.98339140 1.3044E-35 0.0000E+00 0.0000E+00 6.4996E-09 6.4996E-09 0.0000E+00 0.0000E+00 6.4996E-09 5.98E-06 6.08E-06   0.017 1.0000 6.0975E-06    864.078
11721.00 0.98336130 1.2269E-35 0.0000E+00 0.0000E+00 7.4123E-09 7.4123E-09 0.0000E+00 0.0000E+00 7.4123E-09 6.80E-06 6.92E-06   0.017 1.0000 6.9393E-06    870.568
11731.00 0.98335677 1.1523E-35 0.0000E+00 0.0000E+00 7.5461E-09 7.5461E-09 0.0000E+00 0.0000E+00 7.5461E-09 6.91E-06 7.03E-06   0.017 1.0000 7.0489E-06    872.001
11741.00 0.98337936 1.0804E-35 0.0000E+00 0.0000E+00 7.3420E-09 7.3420E-09 0.0000E+00 0.0000E+00 7.3420E-09 6.71E-06 6.82E-06   0.017 1.0000 6.8430E-06    871.395
11751.00 0.98342574 1.0115E-35 0.0000E+00 0.0000E+00 7.6134E-09 7.6134E-09 0.0000E+00 0.0000E+00 7.6134E-09 6.94E-06 7.06E-06   0.017 1.0000 7.0799E-06    873.657
11761.00 0.98348325 9.4525E-36 0.0000E+00 0.0000E+00 6.7586E-09 6.7586E-09 0.0000E+00 0.0000E+00 6.7586E-09 6.15E-06 6.25E-06   0.017 1.0000 6.2711E-06    868.939
11771.00 0.98353887 8.8446E-36 0.0000E+00 0.0000E+00 7.2650E-09 7.2650E-09 0.0000E+00 0.0000E+00 7.2650E-09 6.59E-06 6.71E-06   0.017 1.0000 6.7248E-06    872.801
11781.00 0.98358977 8.2670E-36 0.0000E+00 0.0000E+00 7.7308E-09 7.7308E-09 0.0000E+00 0.0000E+00 7.7308E-09 7.00E-06 7.12E-06   0.017 1.0000 7.1404E-06    876.234
11791.00 0.98363423 7.7405E-36 0.0000E+00 0.0000E+00 7.7441E-09 7.7441E-09 0.0000E+00 0.0000E+00 7.7441E-09 7.00E-06 7.12E-06   0.017 1.0000 7.1364E-06    876.941
11801.00 0.98367137 7.2506E-36 0.0000E+00 0.0000E+00 7.5873E-09 7.5873E-09 0.0000E+00 0.0000E+00 7.5873E-09 6.84E-06 6.96E-06   0.016 1.0000 6.9763E-06    876.642
11811.00 0.98369610 6.7968E-36 0.0000E+00 0.0000E+00 7.6303E-09 7.6303E-09 0.0000E+00 0.0000E+00 7.6303E-09 6.87E-06 6.98E-06   0.016 1.0000 7.0000E-06    877.526
11821.00 0.98371351 6.3744E-36 0.0000E+00 0.0000E+00 7.7718E-09 7.7718E-09 0.0000E+00 0.0000E+00 7.7718E-09 6.98E-06 7.09E-06   0.016 1.0000 7.1140E-06    878.988
11831.00 0.98372662 5.9797E-36 0.0000E+00 0.0000E+00 7.7743E-09 7.7743E-09 0.0000E+00 0.0000E+00 7.7743E-09 6.97E-06 7.08E-06   0.016 1.0000 7.1007E-06    879.631
11841.00 0.98373252 5.6119E-36 0.0000E+00 0.0000E+00 7.7065E-09 7.7065E-09 0.0000E+00 0.0000E+00 7.7065E-09 6.89E-06 7.00E-06   0.016 1.0000 7.0230E-06    879.860
11851.00 0.98372906 5.2697E-36 0.0000E+00 0.0000E+00 7.6331E-09 7.6331E-09 0.0000E+00 0.0000E+00 7.6331E-09 6.81E-06 6.92E-06   0.016 1.0000 6.9407E-06    880.053
11861.00 0.98372030 4.9501E-36 0.0000E+00 0.0000E+00 7.7997E-09 7.7997E-09 0.0000E+00 0.0000E+00 7.7997E-09 6.94E-06 7.06E-06   0.016 1.0000 7.0767E-06    881.663
11871.00 0.98370391 4.6520E-36 0.0000E+00 0.0000E+00 7.7556E-09 7.7556E-09 0.0000E+00 0.0000E+00 7.7556E-09 6.89E-06 7.00E-06   0.016 1.0000 7.0212E-06    882.033
11881.00 0.98367971 4.3739E-36 0.0000E+00 0.0000E+00 7.8437E-09 7.8437E-09 0.0000E+00 0.0000E+00 7.8437E-09 6.95E-06 7.07E-06   0.016 1.0000 7.0855E-06    883.176
11891.00 0.98365784 4.1118E-36 0.0000E+00 0.0000E+00 7.9271E-09 7.9271E-09 0.0000E+00 0.0000E+00 7.9271E-09 7.01E-06 7.13E-06   0.016 1.0000 7.1453E-06    884.288
11901.00 0.98363733 3.8652E-36 0.0000E+00 0.0000E+00 7.8860E-09 7.8860E-09 0.0000E+00 0.0000E+00 7.8860E-09 6.96E-06 7.07E-06   0.016 1.0000 7.0928E-06    884.678
11911.00 0.98360813 3.6352E-36 0.0000E+00 0.0000E+00 7.8664E-09 7.8664E-09 0.0000E+00 0.0000E+00 7.8664E-09 6.93E-06 7.04E-06   0.017 1.0000 7.0600E-06    885.193
11921.00 0.98357147 3.4204E-36 0.0000E+00 0.0000E+00 7.6513E-09 7.6513E-09 0.0000E+00 0.0000E+00 7.6513E-09 6.72E-06 6.83E-06   0.017 1.0000 6.8519E-06    884.554
11931.00 0.98353583 3.2181E-36 0.0000E+00 0.0000E+00 7.9374E-09 7.9374E-09 0.0000E+00 0.0000E+00 7.9374E-09 6.96E-06 7.07E-06   0.017 1.0000 7.0928E-06    886.860
11941.00 0.98349369 3.0290E-36 0.0000E+00 0.0000E+00 8.0076E-09 8.0076E-09 0.0000E+00 0.0000E+00 8.0076E-09 7.00E-06 7.12E-06   0.017 1.0000 7.1401E-06    887.892
11951.00 0.98345083 2.8511E-36 0.0000E+00 0.0000E+00 7.9172E-09 7.9172E-09 0.0000E+00 0.0000E+00 7.9172E-09 6.91E-06 7.02E-06   0.017 1.0000 7.0443E-06    887.999
11961.00 0.98340291 2.6843E-36 0.0000E+00 0.0000E+00 8.0057E-09 8.0057E-09 0.0000E+00 0.0000E+00 8.0057E-09 6.97E-06 7.09E-06   0.017 1.0000 7.1078E-06    889.138
11971.00 0.98336208 2.5263E-36 0.0000E+00 0.0000E+00 8.0035E-09 8.0035E-09 0.0000E+00 0.0000E+00 8.0035E-09 6.95E-06 7.07E-06   0.017 1.0000 7.0906E-06    889.753
11981.00 0.98331416 2.3785E-36 0.0000E+00 0.0000E+00 7.8808E-09 7.8808E-09 0.0000E+00 0.0000E+00 7.8808E-09 6.83E-06 6.95E-06   0.017 1.0000 6.9668E-06    889.671
11991.00 0.98324591 2.2421E-36 0.0000E+00 0.0000E+00 7.9130E-09 7.9130E-09 0.0000E+00 0.0000E+00 7.9130E-09 6.84E-06 6.96E-06   0.017 1.0000 6.9804E-06    890.486
12001.00 0.98318666 2.1124E-36 0.0000E+00 0.0000E+00 7.8248E-09 7.8248E-09 0.0000E+00 0.0000E+00 7.8248E-09 6.75E-06 6.87E-06   0.017 1.0000 6.8879E-06    890.598
12011.00 0.98309147 1.9942E-36 0.0000E+00 0.0000E+00 7.9616E-09 7.9616E-09 0.0000E+00 0.0000E+00 7.9616E-09 6.86E-06 6.97E-06   0.017 1.0000 6.9934E-06    892.023
12021.00 0.98301494 1.8809E-36 0.0000E+00 0.0000E+00 8.0651E-09 8.0651E-09 0.0000E+00 0.0000E+00 8.0651E-09 6.93E-06 7.05E-06   0.017 1.0000 7.0695E-06    893.246
12031.00 0.98297024 1.7702E-36 0.0000E+00 0.0000E+00 7.9428E-09 7.9428E-09 0.0000E+00 0.0000E+00 7.9428E-09 6.81E-06 6.93E-06   0.017 1.0000 6.9475E-06    893.169
12041.00 0.98284745 1.6740E-36 0.0000E+00 0.0000E+00 8.0536E-09 8.0536E-09 0.0000E+00 0.0000E+00 8.0536E-09 6.89E-06 7.01E-06   0.017 1.0000 7.0298E-06    894.436
12051.00 0.98277158 1.5784E-36 0.0000E+00 0.0000E+00 8.0845E-09 8.0845E-09 0.0000E+00 0.0000E+00 8.0845E-09 6.90E-06 7.02E-06   0.017 1.0000 7.0419E-06    895.240
12061.00 0.98262203 1.4946E-36 0.0000E+00 0.0000E+00 8.1841E-09 8.1841E-09 0.0000E+00 0.0000E+00 8.1841E-09 6.97E-06 7.09E-06   0.018 1.0000 7.1140E-06    896.435
12071.00 0.98252100 1.4113E-36 0.0000E+00 0.0000E+00 8.2541E-09 8.2541E-09 0.0000E+00 0.0000E+00 8.2541E-09 7.01E-06 7.14E-06   0.018 1.0000 7.1599E-06    897.458
12081.00 0.98238766 1.3350E-36 0.0000E+00 0.0000E+00 8.2281E-09 8.2281E-09 0.0000E+00 0.0000E+00 8.2281E-09 6.98E-06 7.10E-06   0.018 1.0000 7.1226E-06    897.939
12091.00 0.98238587 1.2535E-36 0.0000E+00 0.0000E+00 8.2605E-09 8.2605E-09 0.0000E+00 0.0000E+00 8.2605E-09 6.99E-06 7.11E-06   0.018 1.0000 7.1353E-06    898.750
12101.00 0.98222440 1.1762E-36 0.0000E+00 0.0000E+00 8.2692E-09 8.2692E-09 0.0000E+00 0.0000E+00 8.2692E-09 6.98E-06 7.11E-06   0.018 1.0000 7.1283E-06    899.427
12111.00 0.98207849 1.1134E-36 0.0000E+00 0.0000E+00 8.2354E-09 8.2354E-09 0.0000E+00 0.0000E+00 8.2354E-09 6.94E-06 7.06E-06   0.018 1.0000 7.0848E-06    899.865
12121.00 0.98199236 1.0390E-36 0.0000E+00 0.0000E+00 8.1821E-09 8.1821E-09 0.0000E+00 0.0000E+00 8.1821E-09 6.88E-06 7.00E-06   0.018 1.0000 7.0243E-06    900.190
12131.00 0.98182529 9.8457E-37 0.0000E+00 0.0000E+00 8.2494E-09 8.2494E-09 0.0000E+00 0.0000E+00 8.2494E-09 6.92E-06 7.04E-06   0.018 1.0000 7.0679E-06    901.199
12141.00 0.98158485 9.3570E-37 0.0000E+00 0.0000E+00 8.1527E-09 8.1527E-09 0.0000E+00 0.0000E+00 8.1527E-09 6.82E-06 6.95E-06   0.019 1.0000 6.9714E-06    901.278
12151.00 0.98121953 8.9669E-37 0.0000E+00 0.0000E+00 8.2439E-09 8.2439E-09 0.0000E+00 0.0000E+00 8.2439E-09 6.88E-06 7.01E-06   0.019 1.0000 7.0361E-06    902.424
12161.00 0.98137146 8.3432E-37 0.0000E+00 0.0000E+00 8.1079E-09 8.1079E-09 0.0000E+00 0.0000E+00 8.1079E-09 6.75E-06 6.88E-06   0.019 1.0000 6.9045E-06    902.277
12171.00 0.98125911 7.8847E-37 0.0000E+00 0.0000E+00 8.1596E-09 8.1596E-09 0.0000E+00 0.0000E+00 8.1596E-09 6.78E-06 6.91E-06   0.019 1.0000 6.9343E-06    903.200
12181.00 0.98114216 7.4479E-37 0.0000E+00 0.0000E+00 8.2072E-09 8.2072E-09 0.0000E+00 0.0000E+00 8.2072E-09 6.80E-06 6.94E-06   0.019 1.0000 6.9604E-06    904.098
12191.00 0.98087984 7.0894E-37 0.0000E+00 0.0000E+00 8.1518E-09 8.1518E-09 0.0000E+00 0.0000E+00 8.1518E-09 6.74E-06 6.88E-06   0.019 1.0000 6.9001E-06    904.410
12201.00 0.98070711 6.7157E-37 0.0000E+00 0.0000E+00 8.0825E-09 8.0825E-09 0.0000E+00 0.0000E+00 8.0825E-09 6.67E-06 6.80E-06   0.019 1.0000 6.8274E-06    904.638
12211.00 0.98061520 6.3323E-37 0.0000E+00 0.0000E+00 8.2556E-09 8.2556E-09 0.0000E+00 0.0000E+00 8.2556E-09 6.80E-06 6.93E-06   0.020 1.0000 6.9594E-06    906.255
12221.00 0.98049259 5.8670E-37 0.0000E+00 0.0000E+00 8.2515E-09 8.2515E-09 0.0000E+00 0.0000E+00 8.2515E-09 6.78E-06 6.92E-06   0.020 1.0000 6.9415E-06    906.859
12231.00 0.98045331 5.5214E-37 0.0000E+00 0.0000E+00 8.4834E-09 8.4834E-09 0.0000E+00 0.0000E+00 8.4834E-09 6.96E-06 7.09E-06   0.020 1.0000 7.1216E-06    908.785
12241.00 0.98034215 5.0955E-37 0.0000E+00 0.0000E+00 8.4666E-09 8.4666E-09 0.0000E+00 0.0000E+00 8.4666E-09 6.93E-06 7.07E-06   0.020 1.0000 7.0928E-06    909.320
12251.00 0.98030776 4.7952E-37 0.0000E+00 0.0000E+00 8.4685E-09 8.4685E-09 0.0000E+00 0.0000E+00 8.4685E-09 6.91E-06 7.05E-06   0.020 1.0000 7.0794E-06    909.958
12261.00 0.98036420 4.4872E-37 0.0000E+00 0.0000E+00 8.4990E-09 8.4990E-09 0.0000E+00 0.0000E+00 8.4990E-09 6.92E-06 7.06E-06   0.020 1.0000 7.0894E-06    910.755
12271.00 0.98039061 3.9045E-37 0.0000E+00 0.0000E+00 8.5250E-09 8.5250E-09 0.0000E+00 0.0000E+00 8.5250E-09 6.93E-06 7.07E-06   0.020 1.0000 7.0956E-06    911.527
12281.00 0.98041409 5.2334E-38 0.0000E+00 0.0000E+00 8.5719E-09 8.5719E-09 0.0000E+00 0.0000E+00 8.5719E-09 6.95E-06 7.09E-06   0.020 1.0000 7.1191E-06    912.412
12291.00 0.98042083 0.0000E+00 0.0000E+00 0.0000E+00 8.6107E-09 8.6107E-09 0.0000E+00 0.0000E+00 8.6107E-09 6.97E-06 7.11E-06   0.020 1.0000 7.1358E-06    913.253
12301.00 0.98048347 0.0000E+00 0.0000E+00 0.0000E+00 8.5887E-09 8.5887E-09 0.0000E+00 0.0000E+00 8.5887E-09 6.94E-06 7.08E-06   0.020 1.0000 7.1019E-06    913.761
12311.00 0.98051113 0.0000E+00 0.0000E+00 0.0000E+00 8.6095E-09 8.6095E-09 0.0000E+00 0.0000E+00 8.6095E-09 6.94E-06 7.08E-06   0.020 1.0000 7.1036E-06    914.503
12321.00 0.98053849 0.0000E+00 0.0000E+00 0.0000E+00 8.6047E-09 8.6047E-09 0.0000E+00 0.0000E+00 8.6047E-09 6.92E-06 7.06E-06   0.020 1.0000 7.0841E-06    915.104
12331.00 0.98057079 0.0000E+00 0.0000E+00 0.0000E+00 8.6456E-09 8.6456E-09 0.0000E+00 0.0000E+00 8.6456E-09 6.94E-06 7.08E-06   0.020 1.0000 7.1024E-06    915.956
12341.00 0.98059869 0.0000E+00 0.0000E+00 0.0000E+00 8.5536E-09 8.5536E-09 0.0000E+00 0.0000E+00 8.5536E-09 6.85E-06 6.99E-06   0.020 1.0000 7.0116E-06    916.078
12351.00 0.98062372 0.0000E+00 0.0000E+00 0.0000E+00 8.4661E-09 8.4661E-09 0.0000E+00 0.0000E+00 8.4661E-09 6.77E-06 6.90E-06   0.020 1.0000 6.9247E-06    916.219
12361.00 0.98066258 0.0000E+00 0.0000E+00 0.0000E+00 8.5513E-09 8.5513E-09 0.0000E+00 0.0000E+00 8.5513E-09 6.82E-06 6.95E-06   0.020 1.0000 6.9793E-06    917.320
12371.00 0.98069483 0.0000E+00 0.0000E+00 0.0000E+00 8.6267E-09 8.6267E-09 0.0000E+00 0.0000E+00 8.6267E-09 6.87E-06 7.00E-06   0.019 1.0000 7.0253E-06    918.362
12381.00 0.98072088 0.0000E+00 0.0000E+00 0.0000E+00 8.6595E-09 8.6595E-09 0.0000E+00 0.0000E+00 8.6595E-09 6.88E-06 7.01E-06   0.019 1.0000 7.0369E-06    919.170
12391.00 0.98073995 0.0000E+00 0.0000E+00 0.0000E+00 8.7365E-09 8.7365E-09 0.0000E+00 0.0000E+00 8.7365E-09 6.92E-06 7.06E-06   0.019 1.0000 7.0840E-06    920.218
12401.00 0.98074806 0.0000E+00 0.0000E+00 0.0000E+00 8.8313E-09 8.8313E-09 0.0000E+00 0.0000E+00 8.8313E-09 6.98E-06 7.12E-06   0.019 1.0000 7.1455E-06    921.359
12411.00 0.98074198 0.0000E+00 0.0000E+00 0.0000E+00 8.7849E-09 8.7849E-09 0.0000E+00 0.0000E+00 8.7849E-09 6.93E-06 7.07E-06   0.019 1.0000 7.0929E-06    921.736
12421.00 0.98072535 0.0000E+00 0.0000E+00 0.0000E+00 8.5454E-09 8.5454E-09 0.0000E+00 0.0000E+00 8.5454E-09 6.73E-06 6.86E-06   0.019 1.0000 6.8849E-06    921.049
12431.00 0.98070329 0.0000E+00 0.0000E+00 0.0000E+00 8.7657E-09 8.7657E-09 0.0000E+00 0.0000E+00 8.7657E-09 6.89E-06 7.02E-06   0.019 1.0000 7.0471E-06    922.886
12441.00 0.98067814 0.0000E+00 0.0000E+00 0.0000E+00 8.8264E-09 8.8264E-09 0.0000E+00 0.0000E+00 8.8264E-09 6.92E-06 7.06E-06   0.020 1.0000 7.0810E-06    923.843
12451.00 0.98064607 0.0000E+00 0.0000E+00 0.0000E+00 8.7360E-09 8.7360E-09 0.0000E+00 0.0000E+00 8.7360E-09 6.83E-06 6.97E-06   0.020 1.0000 6.9937E-06    923.980
12461.00 0.98060477 0.0000E+00 0.0000E+00 0.0000E+00 8.8573E-09 8.8573E-09 0.0000E+00 0.0000E+00 8.8573E-09 6.91E-06 7.05E-06   0.020 1.0000 7.0759E-06    925.265
12471.00 0.98056501 0.0000E+00 0.0000E+00 0.0000E+00 8.9212E-09 8.9212E-09 0.0000E+00 0.0000E+00 8.9212E-09 6.95E-06 7.09E-06   0.020 1.0000 7.1120E-06    926.236
12481.00 0.98051673 0.0000E+00 0.0000E+00 0.0000E+00 8.9287E-09 8.9287E-09 0.0000E+00 0.0000E+00 8.9287E-09 6.94E-06 7.08E-06   0.020 1.0000 7.1032E-06    926.904
12491.00 0.98047376 0.0000E+00 0.0000E+00 0.0000E+00 8.8688E-09 8.8688E-09 0.0000E+00 0.0000E+00 8.8688E-09 6.88E-06 7.02E-06   0.020 1.0000 7.0410E-06    927.209
12501.00 0.98042285 0.0000E+00 0.0000E+00 0.0000E+00 8.7831E-09 8.7831E-09 0.0000E+00 0.0000E+00 8.7831E-09 6.80E-06 6.93E-06   0.020 1.0000 6.9583E-06    927.372
12511.00 0.98036486 0.0000E+00 0.0000E+00 0.0000E+00 9.0012E-09 9.0012E-09 0.0000E+00 0.0000E+00 9.0012E-09 6.95E-06 7.09E-06   0.020 1.0000 7.1163E-06    929.174
12521.00 0.98028970 0.0000E+00 0.0000E+00 0.0000E+00 9.0134E-09 9.0134E-09 0.0000E+00 0.0000E+00 9.0134E-09 6.95E-06 7.09E-06   0.020 1.0000 7.1113E-06    929.867
12531.00 0.98023325 0.0000E+00 0.0000E+00 0.0000E+00 9.0146E-09 9.0146E-09 0.0000E+00 0.0000E+00 9.0146E-09 6.93E-06 7.07E-06   0.020 1.0000 7.0974E-06    930.501
12541.00 0.98017198 0.0000E+00 0.0000E+00 0.0000E+00 9.0216E-09 9.0216E-09 0.0000E+00 0.0000E+00 9.0216E-09 6.92E-06 7.06E-06   0.020 1.0000 7.0882E-06    931.166
12551.00 0.98011023 0.0000E+00 0.0000E+00 0.0000E+00 9.0545E-09 9.0545E-09 0.0000E+00 0.0000E+00 9.0545E-09 6.93E-06 7.07E-06   0.020 1.0000 7.0994E-06    931.968
12561.00 0.98004168 0.0000E+00 0.0000E+00 0.0000E+00 9.0008E-09 9.0008E-09 0.0000E+00 0.0000E+00 9.0008E-09 6.88E-06 7.02E-06   0.020 1.0000 7.0428E-06    932.310
12571.00 0.97998852 0.0000E+00 0.0000E+00 0.0000E+00 9.0390E-09 9.0390E-09 0.0000E+00 0.0000E+00 9.0390E-09 6.89E-06 7.03E-06   0.020 1.0000 7.0580E-06    933.141
12581.00 0.97991663 0.0000E+00 0.0000E+00 0.0000E+00 8.7414E-09 8.7414E-09 0.0000E+00 0.0000E+00 8.7414E-09 6.65E-06 6.79E-06   0.020 1.0000 6.8119E-06    932.158
12591.00 0.97982788 0.0000E+00 0.0000E+00 0.0000E+00 8.7885E-09 8.7885E-09 0.0000E+00 0.0000E+00 8.7885E-09 6.67E-06 6.81E-06   0.020 1.0000 6.8345E-06    933.043
12601.00 0.97972775 0.0000E+00 0.0000E+00 0.0000E+00 8.8033E-09 8.8033E-09 0.0000E+00 0.0000E+00 8.8033E-09 6.67E-06 6.81E-06   0.020 1.0000 6.8321E-06    933.750
12611.00 0.97962022 0.0000E+00 0.0000E+00 0.0000E+00 9.0548E-09 9.0548E-09 0.0000E+00 0.0000E+00 9.0548E-09 6.84E-06 6.99E-06   0.021 1.0000 7.0130E-06    935.734
12621.00 0.97952187 0.0000E+00 0.0000E+00 0.0000E+00 9.0713E-09 9.0713E-09 0.0000E+00 0.0000E+00 9.0713E-09 6.84E-06 6.99E-06   0.021 1.0000 7.0117E-06    936.450
12631.00 0.97942322 0.0000E+00 0.0000E+00 0.0000E+00 8.9577E-09 8.9577E-09 0.0000E+00 0.0000E+00 8.9577E-09 6.74E-06 6.88E-06   0.021 1.0000 6.9099E-06    936.468
12641.00 0.97930515 0.0000E+00 0.0000E+00 0.0000E+00 9.1498E-09 9.1498E-09 0.0000E+00 0.0000E+00 9.1498E-09 6.87E-06 7.02E-06   0.021 1.0000 7.0438E-06    938.120
12651.00 0.97919530 0.0000E+00 0.0000E+00 0.0000E+00 9.2357E-09 9.2357E-09 0.0000E+00 0.0000E+00 9.2357E-09 6.92E-06 7.07E-06   0.021 1.0000 7.0958E-06    939.200
12661.00 0.97909194 0.0000E+00 0.0000E+00 0.0000E+00 9.2390E-09 9.2390E-09 0.0000E+00 0.0000E+00 9.2390E-09 6.91E-06 7.06E-06   0.021 1.0000 7.0839E-06    939.845
12671.00 0.97899967 0.0000E+00 0.0000E+00 0.0000E+00 9.3054E-09 9.3054E-09 0.0000E+00 0.0000E+00 9.3054E-09 6.94E-06 7.09E-06   0.021 1.0000 7.1204E-06    940.820
12681.00 0.97888398 0.0000E+00 0.0000E+00 0.0000E+00 9.2767E-09 9.2767E-09 0.0000E+00 0.0000E+00 9.2767E-09 6.91E-06 7.06E-06   0.021 1.0000 7.0842E-06    941.297
12691.00 0.97876716 0.0000E+00 0.0000E+00 0.0000E+00 9.2489E-09 9.2489E-09 0.0000E+00 0.0000E+00 9.2489E-09 6.87E-06 7.02E-06   0.021 1.0000 7.0488E-06    941.779
12701.00 0.97865087 0.0000E+00 0.0000E+00 0.0000E+00 9.3306E-09 9.3306E-09 0.0000E+00 0.0000E+00 9.3306E-09 6.92E-06 7.07E-06   0.022 1.0000 7.0968E-06    942.834
12711.00 0.97852802 0.0000E+00 0.0000E+00 0.0000E+00 9.4067E-09 9.4067E-09 0.0000E+00 0.0000E+00 9.4067E-09 6.96E-06 7.11E-06   0.022 1.0000 7.1406E-06    943.857
12721.00 0.97841227 0.0000E+00 0.0000E+00 0.0000E+00 9.2387E-09 9.2387E-09 0.0000E+00 0.0000E+00 9.2387E-09 6.82E-06 6.97E-06   0.022 1.0000 6.9992E-06    943.607
12731.00 0.97828466 0.0000E+00 0.0000E+00 0.0000E+00 9.2400E-09 9.2400E-09 0.0000E+00 0.0000E+00 9.2400E-09 6.81E-06 6.96E-06   0.022 1.0000 6.9861E-06    944.240
12741.00 0.97812730 0.0000E+00 0.0000E+00 0.0000E+00 9.4126E-09 9.4126E-09 0.0000E+00 0.0000E+00 9.4126E-09 6.92E-06 7.07E-06   0.022 1.0000 7.1028E-06    945.770
12751.00 0.97795373 0.0000E+00 0.0000E+00 0.0000E+00 9.4084E-09 9.4084E-09 0.0000E+00 0.0000E+00 9.4084E-09 6.90E-06 7.05E-06   0.022 1.0000 7.0859E-06    946.375
12761.00 0.97778809 0.0000E+00 0.0000E+00 0.0000E+00 9.1872E-09 9.1872E-09 0.0000E+00 0.0000E+00 9.1872E-09 6.72E-06 6.88E-06   0.022 1.0000 6.9058E-06    945.842
12771.00 0.97762102 0.0000E+00 0.0000E+00 0.0000E+00 9.3790E-09 9.3790E-09 0.0000E+00 0.0000E+00 9.3790E-09 6.85E-06 7.00E-06   0.023 1.0000 7.0362E-06    947.477
12781.00 0.97745150 0.0000E+00 0.0000E+00 0.0000E+00 9.5032E-09 9.5032E-09 0.0000E+00 0.0000E+00 9.5032E-09 6.92E-06 7.08E-06   0.023 1.0000 7.1156E-06    948.747
12791.00 0.97731894 0.0000E+00 0.0000E+00 0.0000E+00 9.5264E-09 9.5264E-09 0.0000E+00 0.0000E+00 9.5264E-09 6.93E-06 7.09E-06   0.023 1.0000 7.1190E-06    949.495
12801.00 0.97719705 0.0000E+00 0.0000E+00 0.0000E+00 9.3880E-09 9.3880E-09 0.0000E+00 0.0000E+00 9.3880E-09 6.81E-06 6.97E-06   0.023 1.0000 7.0016E-06    949.405
12811.00 0.97708225 0.0000E+00 0.0000E+00 0.0000E+00 9.5188E-09 9.5188E-09 0.0000E+00 0.0000E+00 9.5188E-09 6.89E-06 7.05E-06   0.023 1.0000 7.0852E-06    950.710
12821.00 0.97697645 0.0000E+00 0.0000E+00 0.0000E+00 9.4242E-09 9.4242E-09 0.0000E+00 0.0000E+00 9.4242E-09 6.81E-06 6.97E-06   0.023 1.0000 7.0007E-06    950.847
12831.00 0.97689450 0.0000E+00 0.0000E+00 0.0000E+00 9.5589E-09 9.5589E-09 0.0000E+00 0.0000E+00 9.5589E-09 6.89E-06 7.05E-06   0.023 1.0000 7.0866E-06    952.171
12841.00 0.97685307 0.0000E+00 0.0000E+00 0.0000E+00 9.6079E-09 9.6079E-09 0.0000E+00 0.0000E+00 9.6079E-09 6.91E-06 7.07E-06   0.023 1.0000 7.1081E-06    953.049
12851.00 0.97682369 0.0000E+00 0.0000E+00 0.0000E+00 9.6185E-09 9.6185E-09 0.0000E+00 0.0000E+00 9.6185E-09 6.90E-06 7.07E-06   0.023 1.0000 7.1013E-06    953.731
12861.00 0.97680908 0.0000E+00 0.0000E+00 0.0000E+00 9.4438E-09 9.4438E-09 0.0000E+00 0.0000E+00 9.4438E-09 6.76E-06 6.92E-06   0.023 1.0000 6.9577E-06    953.457
12871.00 0.97681266 0.0000E+00 0.0000E+00 0.0000E+00 9.6761E-09 9.6761E-09 0.0000E+00 0.0000E+00 9.6761E-09 6.92E-06 7.08E-06   0.023 1.0000 7.1139E-06    955.280
12881.00 0.97682190 0.0000E+00 0.0000E+00 0.0000E+00 9.6766E-09 9.6766E-09 0.0000E+00 0.0000E+00 9.6766E-09 6.90E-06 7.07E-06   0.023 1.0000 7.0994E-06    955.909
12891.00 0.97684097 0.0000E+00 0.0000E+00 0.0000E+00 9.6901E-09 9.6901E-09 0.0000E+00 0.0000E+00 9.6901E-09 6.90E-06 7.06E-06   0.023 1.0000 7.0944E-06    956.606
12901.00 0.97687727 0.0000E+00 0.0000E+00 0.0000E+00 9.2441E-09 9.2441E-09 0.0000E+00 0.0000E+00 9.2441E-09 6.57E-06 6.72E-06   0.023 1.0000 6.7536E-06    954.912
12911.00 0.97692090 0.0000E+00 0.0000E+00 0.0000E+00 9.4772E-09 9.4772E-09 0.0000E+00 0.0000E+00 9.4772E-09 6.72E-06 6.88E-06   0.023 1.0000 6.9089E-06    956.764
12921.00 0.97696054 0.0000E+00 0.0000E+00 0.0000E+00 9.7667E-09 9.7667E-09 0.0000E+00 0.0000E+00 9.7667E-09 6.91E-06 7.07E-06   0.023 1.0000 7.1049E-06    958.876
12931.00 0.97696877 0.0000E+00 0.0000E+00 0.0000E+00 9.7318E-09 9.7318E-09 0.0000E+00 0.0000E+00 9.7318E-09 6.87E-06 7.03E-06   0.023 1.0000 7.0646E-06    959.326
12941.00 0.97694725 0.0000E+00 0.0000E+00 0.0000E+00 9.5178E-09 9.5178E-09 0.0000E+00 0.0000E+00 9.5178E-09 6.71E-06 6.86E-06   0.023 1.0000 6.8949E-06    958.854
12951.00 0.97693861 0.0000E+00 0.0000E+00 0.0000E+00 9.6661E-09 9.6661E-09 0.0000E+00 0.0000E+00 9.6661E-09 6.80E-06 6.96E-06   0.023 1.0000 6.9877E-06    960.245
12961.00 0.97690403 0.0000E+00 0.0000E+00 0.0000E+00 9.5568E-09 9.5568E-09 0.0000E+00 0.0000E+00 9.5568E-09 6.70E-06 6.86E-06   0.023 1.0000 6.8945E-06    960.309
12971.00 0.97680950 0.0000E+00 0.0000E+00 0.0000E+00 9.7603E-09 9.7603E-09 0.0000E+00 0.0000E+00 9.7603E-09 6.83E-06 6.99E-06   0.023 1.0000 7.0270E-06    961.979
12981.00 0.97632569 0.0000E+00 0.0000E+00 0.0000E+00 9.7331E-09 9.7331E-09 0.0000E+00 0.0000E+00 9.7331E-09 6.80E-06 6.96E-06   0.024 1.0000 6.9958E-06    962.468
12991.00 0.97532523 0.0000E+00 0.0000E+00 0.0000E+00 9.7062E-09 9.7062E-09 0.0000E+00 0.0000E+00 9.7062E-09 6.76E-06 6.93E-06   0.025 1.0000 6.9674E-06    962.957
13001.00 0.97315824 0.0000E+00 0.0000E+00 0.0000E+00 9.7523E-09 9.7523E-09 0.0000E+00 0.0000E+00 9.7523E-09 6.77E-06 6.96E-06   0.027 1.0000 6.9977E-06    963.819
13011.00 0.97043687 0.0000E+00 0.0000E+00 0.0000E+00 9.8413E-09 9.8413E-09 0.0000E+00 0.0000E+00 9.8413E-09 6.82E-06 7.01E-06   0.030 1.0000 7.0635E-06    964.898
13021.00 0.96524870 0.0000E+00 0.0000E+00 0.0000E+00 9.7993E-09 9.7993E-09 0.0000E+00 0.0000E+00 9.7993E-09 6.77E-06 6.98E-06   0.035 1.0000 7.0503E-06    965.311
13031.00 0.96168762 0.0000E+00 0.0000E+00 0.0000E+00 9.8276E-09 9.8276E-09 0.0000E+00 0.0000E+00 9.8276E-09 6.77E-06 6.99E-06   0.039 1.0000 7.0771E-06    966.082
13041.00 0.95286834 0.0000E+00 0.0000E+00 0.0000E+00 9.2702E-09 9.2702E-09 0.0000E+00 0.0000E+00 9.2702E-09 6.36E-06 6.60E-06   0.048 1.0000 6.7057E-06    963.809
13051.00 0.94790727 0.0000E+00 0.0000E+00 0.0000E+00 9.1388E-09 9.1388E-09 0.0000E+00 0.0000E+00 9.1388E-09 6.24E-06 6.51E-06   0.053 1.0000 6.6213E-06    963.727
13061.00 0.93160290 0.0000E+00 0.0000E+00 0.0000E+00 9.4027E-09 9.4027E-09 0.0000E+00 0.0000E+00 9.4027E-09 6.37E-06 6.73E-06   0.071 1.0000 6.8845E-06    965.763
13071.00 0.90497094 0.0000E+00 0.0000E+00 0.0000E+00 9.5281E-09 9.5281E-09 0.0000E+00 0.0000E+00 9.5281E-09 6.38E-06 6.89E-06   0.100 1.0000 7.1115E-06    967.047
13081.00 0.88646746 0.0000E+00 0.0000E+00 0.0000E+00 9.4144E-09 9.4144E-09 0.0000E+00 0.0000E+00 9.4144E-09 6.24E-06 6.86E-06   0.121 1.0000 7.1104E-06    967.076
13091.00 0.85968095 0.0000E+00 0.0000E+00 0.0000E+00 9.2306E-09 9.2306E-09 0.0000E+00 0.0000E+00 9.2306E-09 6.04E-06 6.80E-06   0.151 1.0000 7.1062E-06    966.722
13101.00 0.83892477 0.0000E+00 0.0000E+00 0.0000E+00 9.0862E-09 9.0862E-09 0.0000E+00 0.0000E+00 9.0862E-09 5.88E-06 6.75E-06   0.176 1.0000 7.1028E-06    966.565
13111.00 0.84528905 0.0000E+00 0.0000E+00 0.0000E+00 9.0544E-09 9.0544E-09 0.0000E+00 0.0000E+00 9.0544E-09 5.87E-06 6.69E-06   0.168 1.0000 7.0290E-06    967.015
13121.00 0.91143149 0.0000E+00 0.0000E+00 0.0000E+00 9.2291E-09 9.2291E-09 0.0000E+00 0.0000E+00 9.2291E-09 6.12E-06 6.60E-06   0.093 1.0000 6.7816E-06    968.588
13131.00 0.84475899 0.0000E+00 0.0000E+00 0.0000E+00 9.0259E-09 9.0259E-09 0.0000E+00 0.0000E+00 9.0259E-09 5.81E-06 6.65E-06   0.169 1.0000 6.9749E-06    968.107
13141.00 0.77589446 0.0000E+00 0.0000E+00 0.0000E+00 8.5778E-09 8.5778E-09 0.0000E+00 0.0000E+00 8.5778E-09 5.33E-06 6.54E-06   0.254 1.0000 7.0062E-06    966.209
13151.00 0.76408982 0.0000E+00 0.0000E+00 0.0000E+00 8.4247E-09 8.4247E-09 0.0000E+00 0.0000E+00 8.4247E-09 5.23E-06 6.42E-06   0.269 1.0000 6.9759E-06    965.943
13161.00 0.85611796 0.0000E+00 0.0000E+00 0.0000E+00 9.1968E-09 9.1968E-09 0.0000E+00 0.0000E+00 9.1968E-09 5.95E-06 6.65E-06   0.155 1.0000 7.0394E-06    970.911
13171.00 0.96379602 0.0000E+00 0.0000E+00 0.0000E+00 1.0061E-08 1.0061E-08 0.0000E+00 0.0000E+00 1.0061E-08 6.73E-06 6.95E-06   0.037 1.0000 7.0248E-06    976.030
13181.00 0.97622305 0.0000E+00 0.0000E+00 0.0000E+00 9.9370E-09 9.9370E-09 0.0000E+00 0.0000E+00 9.9370E-09 6.66E-06 6.82E-06   0.024 1.0000 6.8540E-06    976.033
13191.00 0.97616160 0.0000E+00 0.0000E+00 0.0000E+00 1.0194E-08 1.0194E-08 0.0000E+00 0.0000E+00 1.0194E-08 6.82E-06 6.98E-06   0.024 1.0000 7.0170E-06    977.942
13201.00 0.97605044 0.0000E+00 0.0000E+00 0.0000E+00 1.0158E-08 1.0158E-08 0.0000E+00 0.0000E+00 1.0158E-08 6.78E-06 6.95E-06   0.024 1.0000 6.9786E-06    978.390
13211.00 0.97592866 0.0000E+00 0.0000E+00 0.0000E+00 1.0176E-08 1.0176E-08 0.0000E+00 0.0000E+00 1.0176E-08 6.78E-06 6.94E-06   0.024 1.0000 6.9776E-06    979.108
13221.00 0.97579634 0.0000E+00 0.0000E+00 0.0000E+00 1.0164E-08 1.0164E-08 0.0000E+00 0.0000E+00 1.0164E-08 6.75E-06 6.92E-06   0.025 1.0000 6.9558E-06    979.673
13231.00 0.97565264 0.0000E+00 0.0000E+00 0.0000E+00 1.0129E-08 1.0129E-08 0.0000E+00 0.0000E+00 1.0129E-08 6.72E-06 6.88E-06   0.025 1.0000 6.9184E-06    980.125
13241.00 0.97549462 0.0000E+00 0.0000E+00 0.0000E+00 1.0317E-08 1.0317E-08 0.0000E+00 0.0000E+00 1.0317E-08 6.83E-06 7.00E-06   0.025 1.0000 7.0339E-06    981.684
13251.00 0.97533065 0.0000E+00 0.0000E+00 0.0000E+00 1.0366E-08 1.0366E-08 0.0000E+00 0.0000E+00 1.0366E-08 6.85E-06 7.02E-06   0.025 1.0000 7.0541E-06    982.552
13261.00 0.97515959 0.0000E+00 0.0000E+00 0.0000E+00 1.0418E-08 1.0418E-08 0.0000E+00 0.0000E+00 1.0418E-08 6.86E-06 7.04E-06   0.025 1.0000 7.0756E-06    983.429
13271.00 0.97497249 0.0000E+00 0.0000E+00 0.0000E+00 1.0330E-08 1.0330E-08 0.0000E+00 0.0000E+00 1.0330E-08 6.79E-06 6.97E-06   0.025 1.0000 7.0026E-06    983.625
13281.00 0.97477639 0.0000E+00 0.0000E+00 0.0000E+00 1.0258E-08 1.0258E-08 0.0000E+00 0.0000E+00 1.0258E-08 6.73E-06 6.90E-06   0.026 1.0000 6.9412E-06    983.899
13291.00 0.97457606 0.0000E+00 0.0000E+00 0.0000E+00 1.0241E-08 1.0241E-08 0.0000E+00 0.0000E+00 1.0241E-08 6.70E-06 6.88E-06   0.026 1.0000 6.9165E-06    984.441
13301.00 0.97437686 0.0000E+00 0.0000E+00 0.0000E+00 1.0398E-08 1.0398E-08 0.0000E+00 0.0000E+00 1.0398E-08 6.79E-06 6.97E-06   0.026 1.0000 7.0096E-06    985.838
13311.00 0.97418338 0.0000E+00 0.0000E+00 0.0000E+00 1.0100E-08 1.0100E-08 0.0000E+00 0.0000E+00 1.0100E-08 6.58E-06 6.76E-06   0.026 1.0000 6.7959E-06    984.990
13321.00 0.97398555 0.0000E+00 0.0000E+00 0.0000E+00 1.0430E-08 1.0430E-08 0.0000E+00 0.0000E+00 1.0430E-08 6.79E-06 6.97E-06   0.026 1.0000 7.0050E-06    987.248
13331.00 0.97378850 0.0000E+00 0.0000E+00 0.0000E+00 1.0353E-08 1.0353E-08 0.0000E+00 0.0000E+00 1.0353E-08 6.72E-06 6.90E-06   0.027 1.0000 6.9407E-06    987.499
13341.00 0.97360653 0.0000E+00 0.0000E+00 0.0000E+00 1.0136E-08 1.0136E-08 0.0000E+00 0.0000E+00 1.0136E-08 6.57E-06 6.74E-06   0.027 1.0000 6.7825E-06    987.049
13351.00 0.97344238 0.0000E+00 0.0000E+00 0.0000E+00 1.0467E-08 1.0467E-08 0.0000E+00 0.0000E+00 1.0467E-08 6.77E-06 6.95E-06   0.027 1.0000 6.9903E-06    989.307
13361.00 0.97331268 0.0000E+00 0.0000E+00 0.0000E+00 1.0425E-08 1.0425E-08 0.0000E+00 0.0000E+00 1.0425E-08 6.72E-06 6.91E-06   0.027 1.0000 6.9490E-06    989.729
13371.00 0.97320598 0.0000E+00 0.0000E+00 0.0000E+00 1.0436E-08 1.0436E-08 0.0000E+00 0.0000E+00 1.0436E-08 6.72E-06 6.90E-06   0.027 1.0000 6.9428E-06    990.408
13381.00 0.97312307 0.0000E+00 0.0000E+00 0.0000E+00 1.0517E-08 1.0517E-08 0.0000E+00 0.0000E+00 1.0517E-08 6.76E-06 6.94E-06   0.027 1.0000 6.9829E-06    991.430
13391.00 0.97305882 0.0000E+00 0.0000E+00 0.0000E+00 1.0541E-08 1.0541E-08 0.0000E+00 0.0000E+00 1.0541E-08 6.76E-06 6.94E-06   0.027 1.0000 6.9856E-06    992.176
13401.00 0.97301257 0.0000E+00 0.0000E+00 0.0000E+00 1.0480E-08 1.0480E-08 0.0000E+00 0.0000E+00 1.0480E-08 6.70E-06 6.89E-06   0.027 1.0000 6.9311E-06    992.506
13411.00 0.97298676 0.0000E+00 0.0000E+00 0.0000E+00 1.0602E-08 1.0602E-08 0.0000E+00 0.0000E+00 1.0602E-08 6.77E-06 6.96E-06   0.027 1.0000 6.9973E-06    993.720
13421.00 0.97297323 0.0000E+00 0.0000E+00 0.0000E+00 1.0394E-08 1.0394E-08 0.0000E+00 0.0000E+00 1.0394E-08 6.62E-06 6.81E-06   0.027 1.0000 6.8463E-06    993.333
13431.00 0.97296149 0.0000E+00 0.0000E+00 0.0000E+00 1.0282E-08 1.0282E-08 0.0000E+00 0.0000E+00 1.0282E-08 6.54E-06 6.72E-06   0.027 1.0000 6.7587E-06    993.406
13441.00 0.97295469 0.0000E+00 0.0000E+00 0.0000E+00 1.0637E-08 1.0637E-08 0.0000E+00 0.0000E+00 1.0637E-08 6.75E-06 6.94E-06   0.027 1.0000 6.9782E-06    995.772
13451.00 0.97295868 0.0000E+00 0.0000E+00 0.0000E+00 1.0662E-08 1.0662E-08 0.0000E+00 0.0000E+00 1.0662E-08 6.75E-06 6.94E-06   0.027 1.0000 6.9805E-06    996.519
13461.00 0.97295678 0.0000E+00 0.0000E+00 0.0000E+00 1.0583E-08 1.0583E-08 0.0000E+00 0.0000E+00 1.0583E-08 6.69E-06 6.87E-06   0.027 1.0000 6.9145E-06    996.762
13471.00 0.97294742 0.0000E+00 0.0000E+00 0.0000E+00 1.0231E-08 1.0231E-08 0.0000E+00 0.0000E+00 1.0231E-08 6.45E-06 6.63E-06   0.027 1.0000 6.6706E-06    995.654
13481.00 0.97294050 0.0000E+00 0.0000E+00 0.0000E+00 1.0259E-08 1.0259E-08 0.0000E+00 0.0000E+00 1.0259E-08 6.46E-06 6.64E-06   0.027 1.0000 6.6756E-06    996.420
13491.00 0.97293305 0.0000E+00 0.0000E+00 0.0000E+00 1.0254E-08 1.0254E-08 0.0000E+00 0.0000E+00 1.0254E-08 6.44E-06 6.62E-06   0.027 1.0000 6.6588E-06    997.020
13501.00 0.97292596 0.0000E+00 0.0000E+00 0.0000E+00 1.0572E-08 1.0572E-08 0.0000E+00 0.0000E+00 1.0572E-08 6.63E-06 6.81E-06   0.027 1.0000 6.8511E-06    999.211
13511.00 0.97290587 0.0000E+00 0.0000E+00 0.0000E+00 1.0588E-08 1.0588E-08 0.0000E+00 0.0000E+00 1.0588E-08 6.62E-06 6.81E-06   0.027 1.0000 6.8479E-06    999.916
13521.00 0.97287238 0.0000E+00 0.0000E+00 0.0000E+00 1.0620E-08 1.0620E-08 0.0000E+00 0.0000E+00 1.0620E-08 6.63E-06 6.82E-06   0.028 1.0000 6.8549E-06   1000.696
13531.00 0.97283530 0.0000E+00 0.0000E+00 0.0000E+00 1.0300E-08 1.0300E-08 0.0000E+00 0.0000E+00 1.0300E-08 6.42E-06 6.60E-06   0.028 1.0000 6.6352E-06    999.749
13541.00 0.97279227 0.0000E+00 0.0000E+00 0.0000E+00 1.0622E-08 1.0622E-08 0.0000E+00 0.0000E+00 1.0622E-08 6.60E-06 6.79E-06   0.028 1.0000 6.8288E-06   1001.958
13551.00 0.97275066 0.0000E+00 0.0000E+00 0.0000E+00 1.0860E-08 1.0860E-08 0.0000E+00 0.0000E+00 1.0860E-08 6.74E-06 6.93E-06   0.028 1.0000 6.9678E-06   1003.726
13561.00 0.97268862 0.0000E+00 0.0000E+00 0.0000E+00 1.0901E-08 1.0901E-08 0.0000E+00 0.0000E+00 1.0901E-08 6.75E-06 6.94E-06   0.028 1.0000 6.9805E-06   1004.548
13571.00 0.97262490 0.0000E+00 0.0000E+00 0.0000E+00 1.0842E-08 1.0842E-08 0.0000E+00 0.0000E+00 1.0842E-08 6.70E-06 6.89E-06   0.028 1.0000 6.9293E-06   1004.895
13581.00 0.97256136 0.0000E+00 0.0000E+00 0.0000E+00 1.0766E-08 1.0766E-08 0.0000E+00 0.0000E+00 1.0766E-08 6.64E-06 6.83E-06   0.028 1.0000 6.8674E-06   1005.159
13591.00 0.97251016 0.0000E+00 0.0000E+00 0.0000E+00 1.0726E-08 1.0726E-08 0.0000E+00 0.0000E+00 1.0726E-08 6.60E-06 6.79E-06   0.028 1.0000 6.8280E-06   1005.589
13601.00 0.97245544 0.0000E+00 0.0000E+00 0.0000E+00 1.0888E-08 1.0888E-08 0.0000E+00 0.0000E+00 1.0888E-08 6.69E-06 6.88E-06   0.028 1.0000 6.9178E-06   1006.993
13611.00 0.97238827 0.0000E+00 0.0000E+00 0.0000E+00 1.1013E-08 1.1013E-08 0.0000E+00 0.0000E+00 1.1013E-08 6.75E-06 6.94E-06   0.028 1.0000 6.9838E-06   1008.212
13621.00 0.97232610 0.0000E+00 0.0000E+00 0.0000E+00 1.1067E-08 1.1067E-08 0.0000E+00 0.0000E+00 1.1067E-08 6.77E-06 6.96E-06   0.028 1.0000 7.0039E-06   1009.090
13631.00 0.97224343 0.0000E+00 0.0000E+00 0.0000E+00 1.0970E-08 1.0970E-08 0.0000E+00 0.0000E+00 1.0970E-08 6.70E-06 6.89E-06   0.028 1.0000 6.9291E-06   1009.259
13641.00 0.97217304 0.0000E+00 0.0000E+00 0.0000E+00 1.0809E-08 1.0809E-08 0.0000E+00 0.0000E+00 1.0809E-08 6.59E-06 6.77E-06   0.028 1.0000 6.8141E-06   1009.118
13651.00 0.97207725 0.0000E+00 0.0000E+00 0.0000E+00 1.0854E-08 1.0854E-08 0.0000E+00 0.0000E+00 1.0854E-08 6.60E-06 6.79E-06   0.028 1.0000 6.8293E-06   1009.960
13661.00 0.97195286 0.0000E+00 0.0000E+00 0.0000E+00 1.1011E-08 1.1011E-08 0.0000E+00 0.0000E+00 1.1011E-08 6.68E-06 6.87E-06   0.028 1.0000 6.9146E-06   1011.330
13671.00 0.97185534 0.0000E+00 0.0000E+00 0.0000E+00 1.0944E-08 1.0944E-08 0.0000E+00 0.0000E+00 1.0944E-08 6.63E-06 6.82E-06   0.029 1.0000 6.8594E-06   1011.638
13681.00 0.97175336 0.0000E+00 0.0000E+00 0.0000E+00 1.0786E-08 1.0786E-08 0.0000E+00 0.0000E+00 1.0786E-08 6.52E-06 6.71E-06   0.029 1.0000 6.7477E-06   1011.511
13691.00 0.97162384 0.0000E+00 0.0000E+00 0.0000E+00 1.1098E-08 1.1098E-08 0.0000E+00 0.0000E+00 1.1098E-08 6.69E-06 6.89E-06   0.029 1.0000 6.9298E-06   1013.621
13701.00 0.97153455 0.0000E+00 0.0000E+00 0.0000E+00 1.1055E-08 1.1055E-08 0.0000E+00 0.0000E+00 1.1055E-08 6.65E-06 6.85E-06   0.029 1.0000 6.8895E-06   1014.042
13711.00 0.97133499 0.0000E+00 0.0000E+00 0.0000E+00 1.0580E-08 1.0580E-08 0.0000E+00 0.0000E+00 1.0580E-08 6.35E-06 6.54E-06   0.029 1.0000 6.5819E-06   1012.385
13721.00 0.97124100 0.0000E+00 0.0000E+00 0.0000E+00 1.0720E-08 1.0720E-08 0.0000E+00 0.0000E+00 1.0720E-08 6.42E-06 6.61E-06   0.029 1.0000 6.6556E-06   1013.689
13731.00 0.97108638 0.0000E+00 0.0000E+00 0.0000E+00 1.1056E-08 1.1056E-08 0.0000E+00 0.0000E+00 1.1056E-08 6.61E-06 6.81E-06   0.029 1.0000 6.8519E-06   1015.928
13741.00 0.97086227 0.0000E+00 0.0000E+00 0.0000E+00 1.1136E-08 1.1136E-08 0.0000E+00 0.0000E+00 1.1136E-08 6.65E-06 6.84E-06   0.030 1.0000 6.8890E-06   1016.931
13751.00 0.97080123 0.0000E+00 0.0000E+00 0.0000E+00 1.1292E-08 1.1292E-08 0.0000E+00 0.0000E+00 1.1292E-08 6.72E-06 6.93E-06   0.030 1.0000 6.9714E-06   1018.281
13761.00 0.97061229 0.0000E+00 0.0000E+00 0.0000E+00 1.1197E-08 1.1197E-08 0.0000E+00 0.0000E+00 1.1197E-08 6.65E-06 6.86E-06   0.030 1.0000 6.9003E-06   1018.466
13771.00 0.97056866 0.0000E+00 0.0000E+00 0.0000E+00 1.1111E-08 1.1111E-08 0.0000E+00 0.0000E+00 1.1111E-08 6.59E-06 6.79E-06   0.030 1.0000 6.8340E-06   1018.689
13781.00 0.97036439 0.0000E+00 0.0000E+00 0.0000E+00 1.1266E-08 1.1266E-08 0.0000E+00 0.0000E+00 1.1266E-08 6.67E-06 6.87E-06   0.030 1.0000 6.9166E-06   1020.039
13791.00 0.97025472 0.0000E+00 0.0000E+00 0.0000E+00 1.1222E-08 1.1222E-08 0.0000E+00 0.0000E+00 1.1222E-08 6.63E-06 6.83E-06   0.030 1.0000 6.8767E-06   1020.461
13801.00 0.97004724 0.0000E+00 0.0000E+00 0.0000E+00 1.1248E-08 1.1248E-08 0.0000E+00 0.0000E+00 1.1248E-08 6.63E-06 6.83E-06   0.030 1.0000 6.8804E-06   1021.210
13811.00 0.96992159 0.0000E+00 0.0000E+00 0.0000E+00 1.1293E-08 1.1293E-08 0.0000E+00 0.0000E+00 1.1293E-08 6.64E-06 6.85E-06   0.031 1.0000 6.8949E-06   1022.045
13821.00 0.96970445 0.0000E+00 0.0000E+00 0.0000E+00 1.1399E-08 1.1399E-08 0.0000E+00 0.0000E+00 1.1399E-08 6.69E-06 6.90E-06   0.031 1.0000 6.9471E-06   1023.163
13831.00 0.96969450 0.0000E+00 0.0000E+00 0.0000E+00 1.1311E-08 1.1311E-08 0.0000E+00 0.0000E+00 1.1311E-08 6.63E-06 6.83E-06   0.031 1.0000 6.8800E-06   1023.381
13841.00 0.96955013 0.0000E+00 0.0000E+00 0.0000E+00 1.0966E-08 1.0966E-08 0.0000E+00 0.0000E+00 1.0966E-08 6.41E-06 6.61E-06   0.031 1.0000 6.6572E-06   1022.375
13851.00 0.96940160 0.0000E+00 0.0000E+00 0.0000E+00 1.1335E-08 1.1335E-08 0.0000E+00 0.0000E+00 1.1335E-08 6.61E-06 6.82E-06   0.031 1.0000 6.8689E-06   1024.744
13861.00 0.96922964 0.0000E+00 0.0000E+00 0.0000E+00 1.1316E-08 1.1316E-08 0.0000E+00 0.0000E+00 1.1316E-08 6.59E-06 6.80E-06   0.031 1.0000 6.8448E-06   1025.281
13871.00 0.96891516 0.0000E+00 0.0000E+00 0.0000E+00 1.0942E-08 1.0942E-08 0.0000E+00 0.0000E+00 1.0942E-08 6.36E-06 6.56E-06   0.032 1.0000 6.6067E-06   1024.134
13881.00 0.96864861 0.0000E+00 0.0000E+00 0.0000E+00 1.1355E-08 1.1355E-08 0.0000E+00 0.0000E+00 1.1355E-08 6.58E-06 6.80E-06   0.032 1.0000 6.8443E-06   1026.712
13891.00 0.96854919 0.0000E+00 0.0000E+00 0.0000E+00 1.1254E-08 1.1254E-08 0.0000E+00 0.0000E+00 1.1254E-08 6.51E-06 6.72E-06   0.032 1.0000 6.7708E-06   1026.865
13901.00 0.96830064 0.0000E+00 0.0000E+00 0.0000E+00 1.1034E-08 1.1034E-08 0.0000E+00 0.0000E+00 1.1034E-08 6.37E-06 6.58E-06   0.032 1.0000 6.6271E-06   1026.452
13911.00 0.96806520 0.0000E+00 0.0000E+00 0.0000E+00 1.0989E-08 1.0989E-08 0.0000E+00 0.0000E+00 1.0989E-08 6.33E-06 6.54E-06   0.032 1.0000 6.5880E-06   1026.860
13921.00 0.96798700 0.0000E+00 0.0000E+00 0.0000E+00 1.1146E-08 1.1146E-08 0.0000E+00 0.0000E+00 1.1146E-08 6.41E-06 6.62E-06   0.033 1.0000 6.6696E-06   1028.234
13931.00 0.96785235 0.0000E+00 0.0000E+00 0.0000E+00 1.1381E-08 1.1381E-08 0.0000E+00 0.0000E+00 1.1381E-08 6.53E-06 6.75E-06   0.033 1.0000 6.7975E-06   1029.962
13941.00 0.96771806 0.0000E+00 0.0000E+00 0.0000E+00 1.1610E-08 1.1610E-08 0.0000E+00 0.0000E+00 1.1610E-08 6.65E-06 6.87E-06   0.033 1.0000 6.9216E-06   1031.644
13951.00 0.96760488 0.0000E+00 0.0000E+00 0.0000E+00 1.1157E-08 1.1157E-08 0.0000E+00 0.0000E+00 1.1157E-08 6.37E-06 6.59E-06   0.033 1.0000 6.6387E-06   1030.157
13961.00 0.96748221 0.0000E+00 0.0000E+00 0.0000E+00 1.1474E-08 1.1474E-08 0.0000E+00 0.0000E+00 1.1474E-08 6.54E-06 6.76E-06   0.033 1.0000 6.8145E-06   1032.267
13971.00 0.96736091 0.0000E+00 0.0000E+00 0.0000E+00 1.1541E-08 1.1541E-08 0.0000E+00 0.0000E+00 1.1541E-08 6.57E-06 6.79E-06   0.033 1.0000 6.8419E-06   1033.204
13981.00 0.96725440 0.0000E+00 0.0000E+00 0.0000E+00 1.1243E-08 1.1243E-08 0.0000E+00 0.0000E+00 1.1243E-08 6.38E-06 6.60E-06   0.033 1.0000 6.6525E-06   1032.439
13991.00 0.96715999 0.0000E+00 0.0000E+00 0.0000E+00 1.1343E-08 1.1343E-08 0.0000E+00 0.0000E+00 1.1343E-08 6.43E-06 6.65E-06   0.033 1.0000 6.6990E-06   1033.535
14001.00 0.96707338 0.0000E+00 0.0000E+00 0.0000E+00 1.1700E-08 1.1700E-08 0.0000E+00 0.0000E+00 1.1700E-08 6.62E-06 6.84E-06   0.033 1.0000 6.8966E-06   1035.806
14011.00 0.96700197 0.0000E+00 0.0000E+00 0.0000E+00 1.1660E-08 1.1660E-08 0.0000E+00 0.0000E+00 1.1660E-08 6.58E-06 6.81E-06   0.034 1.0000 6.8603E-06   1036.252
14021.00 0.96694082 0.0000E+00 0.0000E+00 0.0000E+00 1.1418E-08 1.1418E-08 0.0000E+00 0.0000E+00 1.1418E-08 6.43E-06 6.65E-06   0.034 1.0000 6.7046E-06   1035.759
14031.00 0.96687096 0.0000E+00 0.0000E+00 0.0000E+00 1.1612E-08 1.1612E-08 0.0000E+00 0.0000E+00 1.1612E-08 6.53E-06 6.75E-06   0.034 1.0000 6.8054E-06   1037.280
14041.00 0.96678829 0.0000E+00 0.0000E+00 0.0000E+00 1.1615E-08 1.1615E-08 0.0000E+00 0.0000E+00 1.1615E-08 6.52E-06 6.74E-06   0.034 1.0000 6.7943E-06   1037.921
14051.00 0.96670026 0.0000E+00 0.0000E+00 0.0000E+00 1.1623E-08 1.1623E-08 0.0000E+00 0.0000E+00 1.1623E-08 6.51E-06 6.73E-06   0.034 1.0000 6.7860E-06   1038.581
14061.00 0.96660823 0.0000E+00 0.0000E+00 0.0000E+00 1.1671E-08 1.1671E-08 0.0000E+00 0.0000E+00 1.1671E-08 6.52E-06 6.75E-06   0.034 1.0000 6.8011E-06   1039.427
14071.00 0.96651417 0.0000E+00 0.0000E+00 0.0000E+00 1.1885E-08 1.1885E-08 0.0000E+00 0.0000E+00 1.1885E-08 6.63E-06 6.86E-06   0.034 1.0000 6.9130E-06   1041.026
14081.00 0.96641898 0.0000E+00 0.0000E+00 0.0000E+00 1.1923E-08 1.1923E-08 0.0000E+00 0.0000E+00 1.1923E-08 6.64E-06 6.87E-06   0.034 1.0000 6.9222E-06   1041.823
14091.00 0.96629447 0.0000E+00 0.0000E+00 0.0000E+00 1.1817E-08 1.1817E-08 0.0000E+00 0.0000E+00 1.1817E-08 6.56E-06 6.79E-06   0.034 1.0000 6.8480E-06   1041.971
14101.00 0.96616501 0.0000E+00 0.0000E+00 0.0000E+00 1.1702E-08 1.1702E-08 0.0000E+00 0.0000E+00 1.1702E-08 6.49E-06 6.71E-06   0.034 1.0000 6.7686E-06   1042.071
14111.00 0.96606952 0.0000E+00 0.0000E+00 0.0000E+00 1.1676E-08 1.1676E-08 0.0000E+00 0.0000E+00 1.1676E-08 6.46E-06 6.69E-06   0.035 1.0000 6.7405E-06   1042.575
14121.00 0.96594298 0.0000E+00 0.0000E+00 0.0000E+00 1.2033E-08 1.2033E-08 0.0000E+00 0.0000E+00 1.2033E-08 6.64E-06 6.88E-06   0.035 1.0000 6.9338E-06   1044.816
14131.00 0.96580100 0.0000E+00 0.0000E+00 0.0000E+00 1.2016E-08 1.2016E-08 0.0000E+00 0.0000E+00 1.2016E-08 6.62E-06 6.85E-06   0.035 1.0000 6.9114E-06   1045.366
14141.00 0.96569091 0.0000E+00 0.0000E+00 0.0000E+00 1.1616E-08 1.1616E-08 0.0000E+00 0.0000E+00 1.1616E-08 6.39E-06 6.61E-06   0.035 1.0000 6.6690E-06   1044.176
14151.00 0.96558017 0.0000E+00 0.0000E+00 0.0000E+00 1.1930E-08 1.1930E-08 0.0000E+00 0.0000E+00 1.1930E-08 6.55E-06 6.78E-06   0.035 1.0000 6.8364E-06   1046.232
14161.00 0.96546578 0.0000E+00 0.0000E+00 0.0000E+00 1.1935E-08 1.1935E-08 0.0000E+00 0.0000E+00 1.1935E-08 6.54E-06 6.77E-06   0.035 1.0000 6.8263E-06   1046.878
14171.00 0.96534455 0.0000E+00 0.0000E+00 0.0000E+00 1.1949E-08 1.1949E-08 0.0000E+00 0.0000E+00 1.1949E-08 6.53E-06 6.76E-06   0.035 1.0000 6.8218E-06   1047.568
14181.00 0.96520466 0.0000E+00 0.0000E+00 0.0000E+00 1.2137E-08 1.2137E-08 0.0000E+00 0.0000E+00 1.2137E-08 6.62E-06 6.86E-06   0.035 1.0000 6.9162E-06   1049.032
14191.00 0.96508670 0.0000E+00 0.0000E+00 0.0000E+00 1.2131E-08 1.2131E-08 0.0000E+00 0.0000E+00 1.2131E-08 6.60E-06 6.84E-06   0.036 1.0000 6.9005E-06   1049.635
14201.00 0.96494621 0.0000E+00 0.0000E+00 0.0000E+00 1.1991E-08 1.1991E-08 0.0000E+00 0.0000E+00 1.1991E-08 6.51E-06 6.75E-06   0.036 1.0000 6.8083E-06   1049.634
14211.00 0.96482056 0.0000E+00 0.0000E+00 0.0000E+00 1.1998E-08 1.1998E-08 0.0000E+00 0.0000E+00 1.1998E-08 6.50E-06 6.74E-06   0.036 1.0000 6.7993E-06   1050.288
14221.00 0.96467066 0.0000E+00 0.0000E+00 0.0000E+00 1.2020E-08 1.2020E-08 0.0000E+00 0.0000E+00 1.2020E-08 6.50E-06 6.74E-06   0.036 1.0000 6.7995E-06   1051.013
14231.00 0.96451610 0.0000E+00 0.0000E+00 0.0000E+00 1.1850E-08 1.1850E-08 0.0000E+00 0.0000E+00 1.1850E-08 6.40E-06 6.63E-06   0.036 1.0000 6.6909E-06   1050.868
14241.00 0.96435815 0.0000E+00 0.0000E+00 0.0000E+00 1.1950E-08 1.1950E-08 0.0000E+00 0.0000E+00 1.1950E-08 6.44E-06 6.68E-06   0.036 1.0000 6.7352E-06   1051.946
14251.00 0.96420932 0.0000E+00 0.0000E+00 0.0000E+00 1.1704E-08 1.1704E-08 0.0000E+00 0.0000E+00 1.1704E-08 6.29E-06 6.53E-06   0.036 1.0000 6.5845E-06   1051.449
14261.00 0.96407282 0.0000E+00 0.0000E+00 0.0000E+00 1.2034E-08 1.2034E-08 0.0000E+00 0.0000E+00 1.2034E-08 6.46E-06 6.70E-06   0.037 1.0000 6.7582E-06   1053.578
14271.00 0.96388853 0.0000E+00 0.0000E+00 0.0000E+00 1.1985E-08 1.1985E-08 0.0000E+00 0.0000E+00 1.1985E-08 6.42E-06 6.66E-06   0.037 1.0000 6.7184E-06   1053.980
14281.00 0.96372139 0.0000E+00 0.0000E+00 0.0000E+00 1.2013E-08 1.2013E-08 0.0000E+00 0.0000E+00 1.2013E-08 6.42E-06 6.66E-06   0.037 1.0000 6.7221E-06   1054.732
 -9999.
