T F 2    2    2    1    2    2    2    2    2    2    1    0    0 294.200   0.40
    1    1    1    0   18    0  50.00000   0.00000   0.00000   0.00000   0.00000
   1.000  10.000   0.140
 -99.00000 -99.00000 -99.00000  2.922432  0.000710 ! H2O & O3 COLUMNS [GM/CM2]
   40MID-LATITUDE SUMMER 
  10.00000   0.00000 180.00000  10.00000   0.00000   0.00000    0        0.00000
    0    2    1    0
   0.00000   0.00000   0.00000  70.01456   0.00000 270.00000   0.00000   0.00000
    9091.0   14286.0      10.0      10.0RN              
    0   0    0.000  0    0.000  0    1.000
    FREQ  TOT_TRANS  PTH_THRML  THRML_SCT  SURF_EMIS   SOL_SCAT  SING_SCAT  GRND_RFLT  DRCT_RFLT  TOTAL_RAD  REF_SOL  SOL@OBS   DEPTH DIR_EM    TOA_SUN BBODY_T[K]
 9091.00 0.73899788 4.5386E-21            1.9505E-20 1.0542E-08 3.6311E-09 1.3517E-07 8.7513E-08 1.4571E-07 2.01E-06 4.86E-06   0.302 0.6000 7.3883E-06    836.825
 9101.00 0.77801883 3.8115E-21            1.9609E-20 1.1396E-08 3.7190E-09 1.5090E-07 9.5907E-08 1.6230E-07 2.20E-06 4.74E-06   0.251 0.6000 7.2084E-06    843.386
 9111.00 0.82504863 2.9125E-21            1.9849E-20 1.3705E-08 3.9929E-09 1.8533E-07 1.1520E-07 1.9903E-07 2.64E-06 4.76E-06   0.192 0.6000 7.2268E-06    855.371
 9121.00 0.82488108 2.7268E-21            1.9006E-20 1.3730E-08 3.9923E-09 1.8547E-07 1.1511E-07 1.9920E-07 2.64E-06 4.75E-06   0.193 0.6000 7.2128E-06    856.174
 9131.00 0.81537920 2.7566E-21            1.7923E-20 1.3163E-08 3.9220E-09 1.7660E-07 1.0977E-07 1.8976E-07 2.52E-06 4.72E-06   0.204 0.6000 7.1706E-06    854.223
 9141.00 0.86433947 2.0228E-21            1.8147E-20 1.4519E-08 4.0069E-09 1.9797E-07 1.2199E-07 2.1249E-07 2.80E-06 4.53E-06   0.146 0.6000 6.8786E-06    861.310
 9151.00 0.81784928 2.4442E-21            1.6414E-20 1.4392E-08 4.0694E-09 1.8916E-07 1.1772E-07 2.0355E-07 2.70E-06 4.82E-06   0.201 0.6000 7.3243E-06    859.649
 9161.00 0.90841103 1.2559E-21            1.7416E-20 1.8221E-08 4.5838E-09 2.4888E-07 1.5091E-07 2.6710E-07 3.46E-06 4.87E-06   0.096 0.6000 7.4023E-06    875.940
 9171.00 0.85237116 1.8231E-21            1.5617E-20 1.5794E-08 4.3355E-09 2.1318E-07 1.3130E-07 2.2897E-07 3.01E-06 4.91E-06   0.160 0.6000 7.4596E-06    867.825
 9181.00 0.87729621 1.5132E-21            1.5352E-20 1.6327E-08 4.3859E-09 2.2169E-07 1.3591E-07 2.3802E-07 3.12E-06 4.83E-06   0.131 0.6000 7.3374E-06    870.802
 9191.00 0.90574998 1.1307E-21            1.5147E-20 1.7865E-08 4.5402E-09 2.4285E-07 1.4726E-07 2.6071E-07 3.38E-06 4.82E-06   0.099 0.6000 7.3153E-06    876.826
 9201.00 0.86828536 1.4510E-21            1.3880E-20 1.6043E-08 4.3134E-09 2.1516E-07 1.3217E-07 2.3120E-07 3.03E-06 4.76E-06   0.141 0.6000 7.2365E-06    870.656
 9211.00 0.87277418 1.3415E-21            1.3310E-20 1.6937E-08 4.5077E-09 2.2705E-07 1.3894E-07 2.4398E-07 3.19E-06 4.94E-06   0.136 0.6000 7.5017E-06    874.510
 9221.00 0.89325756 1.1057E-21            1.3029E-20 1.7492E-08 4.5744E-09 2.3614E-07 1.4377E-07 2.5364E-07 3.30E-06 4.90E-06   0.113 0.6000 7.4389E-06    877.518
 9231.00 0.89065039 1.0676E-21            1.2401E-20 1.7334E-08 4.4753E-09 2.3264E-07 1.4184E-07 2.4997E-07 3.25E-06 4.77E-06   0.116 0.6000 7.2538E-06    877.437
 9241.00 0.91390991 8.1617E-22            1.2167E-20 1.8392E-08 4.5949E-09 2.4759E-07 1.4965E-07 2.6599E-07 3.43E-06 4.77E-06   0.090 0.6000 7.2418E-06    881.816
 9251.00 0.89376360 9.5434E-22            1.1365E-20 1.7686E-08 4.5810E-09 2.3702E-07 1.4451E-07 2.5471E-07 3.31E-06 4.85E-06   0.112 0.6000 7.3662E-06    880.051
 9261.00 0.90484935 8.1709E-22            1.0987E-20 1.8678E-08 4.7169E-09 2.5006E-07 1.5160E-07 2.6874E-07 3.48E-06 4.91E-06   0.100 0.6000 7.4664E-06    883.948
 9271.00 0.92185599 6.4863E-22            1.0700E-20 1.9219E-08 4.7323E-09 2.5751E-07 1.5510E-07 2.7672E-07 3.56E-06 4.83E-06   0.081 0.6000 7.3400E-06    886.434
 9281.00 0.89232886 8.3805E-22            9.8925E-21 1.8159E-08 4.6857E-09 2.4151E-07 1.4655E-07 2.5967E-07 3.36E-06 4.94E-06   0.114 0.6000 7.5074E-06    883.466
 9291.00 0.92561394 5.5898E-22            9.8038E-21 1.9919E-08 4.8663E-09 2.6615E-07 1.5989E-07 2.8607E-07 3.67E-06 4.92E-06   0.077 0.6000 7.4866E-06    889.928
 9301.00 0.91093832 6.3530E-22            9.2208E-21 1.8675E-08 4.6923E-09 2.4875E-07 1.5047E-07 2.6742E-07 3.45E-06 4.82E-06   0.093 0.6000 7.3267E-06    886.716
 9311.00 0.91922420 5.4975E-22            8.8839E-21 1.9550E-08 4.8296E-09 2.6041E-07 1.5684E-07 2.7996E-07 3.60E-06 4.90E-06   0.084 0.6000 7.4561E-06    890.181
 9321.00 0.91703892 5.3650E-22            8.4706E-21 1.8938E-08 4.7402E-09 2.5237E-07 1.5181E-07 2.7131E-07 3.48E-06 4.83E-06   0.087 0.6000 7.3505E-06    889.093
 9331.00 0.91917968 4.9812E-22            8.1091E-21 1.9410E-08 4.8426E-09 2.5874E-07 1.5545E-07 2.7815E-07 3.57E-06 4.91E-06   0.084 0.6000 7.4831E-06    891.329
 9341.00 0.91933483 4.6980E-22            7.7500E-21 1.9347E-08 4.8249E-09 2.5776E-07 1.5475E-07 2.7711E-07 3.55E-06 4.89E-06   0.084 0.6000 7.4501E-06    891.872
 9351.00 0.91374660 4.7819E-22            7.3575E-21 1.8178E-08 4.6035E-09 2.4224E-07 1.4570E-07 2.6042E-07 3.34E-06 4.69E-06   0.090 0.6000 7.1583E-06    888.972
 9361.00 0.91837251 4.2204E-22            7.0652E-21 1.8971E-08 4.7653E-09 2.5334E-07 1.5197E-07 2.7232E-07 3.49E-06 4.83E-06   0.085 0.6000 7.3810E-06    892.368
 9371.00 0.91669232 4.1052E-22            6.7368E-21 1.9126E-08 4.8260E-09 2.5507E-07 1.5304E-07 2.7420E-07 3.51E-06 4.90E-06   0.087 0.6000 7.4787E-06    893.539
 9381.00 0.91894513 3.7845E-22            6.4519E-21 1.9225E-08 4.8252E-09 2.5602E-07 1.5340E-07 2.7525E-07 3.52E-06 4.87E-06   0.085 0.6000 7.4430E-06    894.529
 9391.00 0.91721857 3.7049E-22            6.1519E-21 1.9481E-08 4.9090E-09 2.5865E-07 1.5498E-07 2.7814E-07 3.55E-06 4.96E-06   0.086 0.6000 7.5710E-06    895.913
 9401.00 0.92012948 3.4203E-22            5.8957E-21 1.9650E-08 4.9097E-09 2.6009E-07 1.5571E-07 2.7974E-07 3.57E-06 4.92E-06   0.083 0.6000 7.5142E-06    897.019
 9411.00 0.91955370 3.3160E-22            5.6287E-21 1.9652E-08 4.9124E-09 2.5906E-07 1.5506E-07 2.7871E-07 3.56E-06 4.91E-06   0.084 0.6000 7.4958E-06    897.563
 9421.00 0.92197794 3.0801E-22            5.3913E-21 1.9888E-08 4.9345E-09 2.6129E-07 1.5628E-07 2.8118E-07 3.58E-06 4.90E-06   0.081 0.6000 7.4780E-06    898.853
 9431.00 0.92277449 2.9217E-22            5.1548E-21 1.9927E-08 4.9292E-09 2.6092E-07 1.5599E-07 2.8085E-07 3.58E-06 4.87E-06   0.080 0.6000 7.4376E-06    899.547
 9441.00 0.92337012 2.7815E-22            4.9276E-21 2.0004E-08 4.9362E-09 2.6102E-07 1.5599E-07 2.8103E-07 3.58E-06 4.86E-06   0.080 0.6000 7.4170E-06    900.349
 9451.00 0.92448413 2.6361E-22            4.7130E-21 2.0280E-08 4.9831E-09 2.6354E-07 1.5743E-07 2.8382E-07 3.61E-06 4.88E-06   0.079 0.6000 7.4469E-06    901.704
 9461.00 0.92596465 2.4863E-22            4.5095E-21 2.0841E-08 5.0936E-09 2.6969E-07 1.6102E-07 2.9054E-07 3.69E-06 4.96E-06   0.077 0.6000 7.5672E-06    903.870
 9471.00 0.92703569 2.3538E-22            4.3129E-21 2.1047E-08 5.1217E-09 2.7119E-07 1.6185E-07 2.9224E-07 3.71E-06 4.97E-06   0.076 0.6000 7.5686E-06    904.986
 9481.00 0.92813724 2.2123E-22            4.1250E-21 2.1228E-08 5.1436E-09 2.7243E-07 1.6252E-07 2.9366E-07 3.73E-06 4.97E-06   0.075 0.6000 7.5627E-06    906.042
 9491.00 0.92899746 2.0963E-22            3.9442E-21 2.1220E-08 5.1243E-09 2.7135E-07 1.6181E-07 2.9257E-07 3.71E-06 4.93E-06   0.074 0.6000 7.5010E-06    906.585
 9501.00 0.92934352 2.0011E-22            3.7693E-21 2.1451E-08 5.1708E-09 2.7339E-07 1.6297E-07 2.9484E-07 3.74E-06 4.95E-06   0.073 0.6000 7.5429E-06    907.815
 9511.00 0.92980826 1.9072E-22            3.6025E-21 2.1599E-08 5.1949E-09 2.7433E-07 1.6348E-07 2.9592E-07 3.75E-06 4.96E-06   0.073 0.6000 7.5499E-06    908.802
 9521.00 0.93030775 1.8114E-22            3.4433E-21 2.1699E-08 5.2091E-09 2.7484E-07 1.6373E-07 2.9654E-07 3.75E-06 4.96E-06   0.072 0.6000 7.5456E-06    909.692
 9531.00 0.93052357 1.7271E-22            3.2900E-21 2.1828E-08 5.2348E-09 2.7576E-07 1.6422E-07 2.9759E-07 3.77E-06 4.97E-06   0.072 0.6000 7.5615E-06    910.671
 9541.00 0.93104011 1.6467E-22            3.1446E-21 2.1980E-08 5.2577E-09 2.7662E-07 1.6467E-07 2.9860E-07 3.78E-06 4.97E-06   0.071 0.6000 7.5625E-06    911.641
 9551.00 0.93115485 1.5732E-22            3.0043E-21 2.1852E-08 5.2229E-09 2.7426E-07 1.6321E-07 2.9611E-07 3.74E-06 4.92E-06   0.071 0.6000 7.4917E-06    911.899
 9561.00 0.93129289 1.5016E-22            2.8704E-21 2.1695E-08 5.1816E-09 2.7159E-07 1.6157E-07 2.9329E-07 3.71E-06 4.87E-06   0.071 0.6000 7.4123E-06    912.084
 9571.00 0.93125504 1.4371E-22            2.7418E-21 2.2159E-08 5.2915E-09 2.7672E-07 1.6458E-07 2.9888E-07 3.77E-06 4.96E-06   0.071 0.6000 7.5504E-06    913.993
 9581.00 0.93147534 1.3695E-22            2.6198E-21 2.2274E-08 5.3137E-09 2.7746E-07 1.6496E-07 2.9973E-07 3.78E-06 4.97E-06   0.071 0.6000 7.5610E-06    914.930
 9591.00 0.93128079 1.3127E-22            2.5020E-21 2.2164E-08 5.2897E-09 2.7547E-07 1.6374E-07 2.9763E-07 3.76E-06 4.94E-06   0.071 0.6000 7.5108E-06    915.268
 9601.00 0.93096650 1.2603E-22            2.3893E-21 2.2390E-08 5.3484E-09 2.7770E-07 1.6503E-07 3.0009E-07 3.78E-06 4.98E-06   0.072 0.6000 7.5795E-06    916.532
 9611.00 0.93121302 1.2000E-22            2.2829E-21 2.2341E-08 5.3312E-09 2.7642E-07 1.6421E-07 2.9876E-07 3.77E-06 4.95E-06   0.071 0.6000 7.5350E-06    917.027
 9621.00 0.93112332 1.1484E-22            2.1806E-21 2.2374E-08 5.3394E-09 2.7620E-07 1.6404E-07 2.9858E-07 3.76E-06 4.95E-06   0.071 0.6000 7.5299E-06    917.754
 9631.00 0.93098634 1.0999E-22            2.0827E-21 2.2405E-08 5.3478E-09 2.7594E-07 1.6384E-07 2.9835E-07 3.76E-06 4.95E-06   0.072 0.6000 7.5249E-06    918.471
 9641.00 0.93090326 1.0509E-22            1.9893E-21 2.2297E-08 5.3235E-09 2.7410E-07 1.6269E-07 2.9640E-07 3.73E-06 4.91E-06   0.072 0.6000 7.4759E-06    918.836
 9651.00 0.93057102 1.0102E-22            1.8996E-21 2.2667E-08 5.4160E-09 2.7799E-07 1.6497E-07 3.0066E-07 3.78E-06 4.99E-06   0.072 0.6000 7.5893E-06    920.470
 9661.00 0.93109232 9.5842E-23            1.8155E-21 2.2514E-08 5.3690E-09 2.7540E-07 1.6336E-07 2.9791E-07 3.75E-06 4.93E-06   0.071 0.6000 7.4997E-06    920.674
 9671.00 0.93039542 9.2495E-23            1.7330E-21 2.2506E-08 5.3776E-09 2.7475E-07 1.6294E-07 2.9725E-07 3.74E-06 4.93E-06   0.072 0.6000 7.5015E-06    921.301
 9681.00 0.93036592 8.8459E-23            1.6553E-21 2.2500E-08 5.3749E-09 2.7403E-07 1.6247E-07 2.9653E-07 3.73E-06 4.92E-06   0.072 0.6000 7.4807E-06    921.917
 9691.00 0.92959052 8.5370E-23            1.5799E-21 2.2798E-08 5.4579E-09 2.7713E-07 1.6428E-07 2.9993E-07 3.77E-06 4.99E-06   0.073 0.6000 7.5873E-06    923.376
 9701.00 0.92895544 8.2398E-23            1.5081E-21 2.2758E-08 5.4578E-09 2.7606E-07 1.6361E-07 2.9881E-07 3.75E-06 4.98E-06   0.074 0.6000 7.5768E-06    923.912
 9711.00 0.92910069 7.8505E-23            1.4408E-21 2.2771E-08 5.4596E-09 2.7567E-07 1.6333E-07 2.9844E-07 3.75E-06 4.97E-06   0.074 0.6000 7.5604E-06    924.599
 9721.00 0.92612886 7.8107E-23            1.3719E-21 2.2558E-08 5.4535E-09 2.7265E-07 1.6161E-07 2.9521E-07 3.71E-06 4.97E-06   0.077 0.6000 7.5664E-06    924.696
 9731.00 0.92315555 7.7456E-23            1.3063E-21 2.2478E-08 5.4746E-09 2.7120E-07 1.6086E-07 2.9368E-07 3.69E-06 5.00E-06   0.080 0.6000 7.6088E-06    925.141
 9741.00 0.92684078 7.0547E-23            1.2527E-21 2.2820E-08 5.5046E-09 2.7462E-07 1.6265E-07 2.9744E-07 3.73E-06 4.99E-06   0.076 0.6000 7.5946E-06    926.682
 9751.00 0.92640084 6.7781E-23            1.1960E-21 2.2850E-08 5.5215E-09 2.7453E-07 1.6255E-07 2.9738E-07 3.73E-06 5.00E-06   0.076 0.6000 7.6062E-06    927.431
 9761.00 0.92333335 6.7193E-23            1.1389E-21 2.2635E-08 5.5022E-09 2.7124E-07 1.6073E-07 2.9388E-07 3.69E-06 4.99E-06   0.080 0.6000 7.5918E-06    927.468
 9771.00 0.91662985 6.9847E-23            1.0796E-21 2.2096E-08 5.4714E-09 2.6451E-07 1.5697E-07 2.8660E-07 3.60E-06 5.00E-06   0.087 0.6000 7.6047E-06    926.696
 9781.00 0.92539752 5.9787E-23            1.0412E-21 2.2698E-08 5.4898E-09 2.7080E-07 1.6025E-07 2.9350E-07 3.68E-06 4.94E-06   0.078 0.6000 7.5202E-06    928.913
 9791.00 0.92524028 5.7299E-23            9.9439E-22 2.2685E-08 5.4957E-09 2.7021E-07 1.5982E-07 2.9289E-07 3.67E-06 4.94E-06   0.078 0.6000 7.5133E-06    929.547
 9801.00 0.92575788 5.4264E-23            9.5045E-22 2.2856E-08 5.5254E-09 2.7161E-07 1.6059E-07 2.9447E-07 3.68E-06 4.95E-06   0.077 0.6000 7.5312E-06    930.638
 9811.00 0.91838783 5.6753E-23            9.0054E-22 2.2068E-08 5.4208E-09 2.6136E-07 1.5466E-07 2.8343E-07 3.55E-06 4.89E-06   0.085 0.6000 7.4494E-06    929.058
 9821.00 0.92779911 4.8232E-23            8.6907E-22 2.3187E-08 5.5729E-09 2.7422E-07 1.6196E-07 2.9741E-07 3.71E-06 4.95E-06   0.075 0.6000 7.5386E-06    932.772
 9831.00 0.92432779 4.8235E-23            8.2699E-22 2.2936E-08 5.5688E-09 2.7095E-07 1.6011E-07 2.9388E-07 3.67E-06 4.96E-06   0.079 0.6000 7.5540E-06    932.800
 9841.00 0.92627829 4.4908E-23            7.9161E-22 2.3137E-08 5.5819E-09 2.7260E-07 1.6102E-07 2.9573E-07 3.69E-06 4.95E-06   0.077 0.6000 7.5312E-06    933.947
 9851.00 0.92266423 4.4918E-23            7.5317E-22 2.2817E-08 5.5625E-09 2.6857E-07 1.5875E-07 2.9138E-07 3.64E-06 4.94E-06   0.080 0.6000 7.5270E-06    933.796
 9861.00 0.92490709 4.1743E-23            7.2110E-22 2.3239E-08 5.6328E-09 2.7280E-07 1.6103E-07 2.9604E-07 3.69E-06 4.98E-06   0.078 0.6000 7.5825E-06    935.533
 9871.00 0.92544228 3.9538E-23            6.8924E-22 2.3384E-08 5.6562E-09 2.7386E-07 1.6161E-07 2.9725E-07 3.71E-06 4.99E-06   0.077 0.6000 7.5902E-06    936.546
 9881.00 0.91973525 4.0524E-23            6.5426E-22 2.2902E-08 5.6246E-09 2.6792E-07 1.5830E-07 2.9082E-07 3.63E-06 4.99E-06   0.084 0.6000 7.5923E-06    935.958
 9891.00 0.92394799 3.6799E-23            6.2781E-22 2.3339E-08 5.6725E-09 2.7235E-07 1.6066E-07 2.9569E-07 3.68E-06 4.99E-06   0.079 0.6000 7.5945E-06    937.744
 9901.00 0.91124409 4.0651E-23            5.9149E-22 2.2257E-08 5.5978E-09 2.5986E-07 1.5392E-07 2.8211E-07 3.53E-06 5.00E-06   0.093 0.6000 7.6106E-06    935.607
 9911.00 0.91018510 3.9343E-23            5.6413E-22 2.2200E-08 5.5862E-09 2.5829E-07 1.5291E-07 2.8049E-07 3.51E-06 4.98E-06   0.094 0.6000 7.5896E-06    936.010
 9921.00 0.91814172 3.4423E-23            5.4362E-22 2.3008E-08 5.6679E-09 2.6672E-07 1.5743E-07 2.8973E-07 3.61E-06 4.99E-06   0.085 0.6000 7.5966E-06    938.766
 9931.00 0.92322308 3.0918E-23            5.2212E-22 2.3358E-08 5.6863E-09 2.7025E-07 1.5923E-07 2.9361E-07 3.65E-06 4.96E-06   0.080 0.6000 7.5522E-06    940.348
 9941.00 0.92083216 3.0400E-23            4.9744E-22 2.2452E-08 5.4935E-09 2.5920E-07 1.5281E-07 2.8165E-07 3.50E-06 4.80E-06   0.082 0.6000 7.3019E-06    938.539
 9951.00 0.92051786 2.9215E-23            4.7495E-22 2.2007E-08 5.3878E-09 2.5333E-07 1.4929E-07 2.7534E-07 3.42E-06 4.69E-06   0.083 0.6000 7.1481E-06    937.903
 9961.00 0.91799533 2.8726E-23            4.5236E-22 2.2935E-08 5.6419E-09 2.6335E-07 1.5521E-07 2.8628E-07 3.56E-06 4.92E-06   0.086 0.6000 7.4944E-06    941.063
 9971.00 0.91823560 2.7322E-23            4.3231E-22 2.3192E-08 5.7125E-09 2.6599E-07 1.5679E-07 2.8918E-07 3.60E-06 4.97E-06   0.085 0.6000 7.5675E-06    942.445
 9981.00 0.90118271 3.1457E-23            4.0511E-22 2.2007E-08 5.6487E-09 2.5199E-07 1.4971E-07 2.7400E-07 3.43E-06 5.01E-06   0.104 0.6000 7.6271E-06    939.874
 9991.00 0.92248642 2.3732E-23            3.9613E-22 2.3863E-08 5.8117E-09 2.7238E-07 1.6019E-07 2.9624E-07 3.67E-06 5.00E-06   0.081 0.6000 7.6202E-06    945.459
10001.00 0.91709834 2.4205E-23            3.7616E-22 2.3295E-08 5.7532E-09 2.6539E-07 1.5627E-07 2.8869E-07 3.58E-06 4.98E-06   0.087 0.6000 7.5822E-06    944.615
10011.00 0.91992325 2.2377E-23            3.6036E-22 2.3637E-08 5.7985E-09 2.6881E-07 1.5813E-07 2.9244E-07 3.63E-06 4.99E-06   0.083 0.6000 7.5949E-06    946.176
10021.00 0.92120343 2.1001E-23            3.4468E-22 2.3885E-08 5.8340E-09 2.7102E-07 1.5932E-07 2.9490E-07 3.65E-06 5.00E-06   0.082 0.6000 7.6120E-06    947.456
10031.00 0.92156476 2.0005E-23            3.2935E-22 2.3968E-08 5.8503E-09 2.7126E-07 1.5934E-07 2.9522E-07 3.65E-06 5.00E-06   0.082 0.6000 7.6128E-06    948.283
10041.00 0.92022634 1.9458E-23            3.1412E-22 2.3816E-08 5.8398E-09 2.6910E-07 1.5808E-07 2.9291E-07 3.63E-06 4.99E-06   0.083 0.6000 7.5964E-06    948.552
10051.00 0.92238039 1.8055E-23            3.0072E-22 2.4102E-08 5.8712E-09 2.7173E-07 1.5948E-07 2.9584E-07 3.66E-06 4.99E-06   0.081 0.6000 7.5992E-06    949.930
10061.00 0.91824526 1.8145E-23            2.8595E-22 2.3777E-08 5.8595E-09 2.6759E-07 1.5714E-07 2.9137E-07 3.60E-06 4.99E-06   0.085 0.6000 7.6105E-06    949.739
10071.00 0.89678627 2.1708E-23            2.6672E-22 2.2160E-08 5.7126E-09 2.4782E-07 1.4628E-07 2.6998E-07 3.35E-06 4.99E-06   0.109 0.6000 7.6024E-06    945.767
10081.00 0.91544247 1.7153E-23            2.6004E-22 2.3520E-08 5.8413E-09 2.6364E-07 1.5486E-07 2.8716E-07 3.55E-06 4.97E-06   0.088 0.6000 7.5822E-06    950.348
10091.00 0.90651983 1.8015E-23            2.4599E-22 2.2788E-08 5.7716E-09 2.5444E-07 1.4969E-07 2.7722E-07 3.43E-06 4.96E-06   0.098 0.6000 7.5624E-06    948.917
10101.00 0.88725489 2.0798E-23            2.2989E-22 2.1111E-08 5.6042E-09 2.3402E-07 1.3823E-07 2.5513E-07 3.17E-06 4.93E-06   0.120 0.6000 7.5113E-06    944.547
10111.00 0.91160142 1.5667E-23            2.2560E-22 2.3050E-08 5.7854E-09 2.5654E-07 1.5067E-07 2.7959E-07 3.46E-06 4.92E-06   0.093 0.6000 7.4926E-06    950.958
10121.00 0.88674629 1.8792E-23            2.0971E-22 2.1847E-08 5.7195E-09 2.4123E-07 1.4307E-07 2.6307E-07 3.28E-06 4.98E-06   0.120 0.6000 7.5886E-06    947.941
10131.00 0.87633014 1.9723E-23            1.9777E-22 2.0884E-08 5.6219E-09 2.2940E-07 1.3644E-07 2.5028E-07 3.13E-06 4.95E-06   0.132 0.6000 7.5528E-06    945.626
10141.00 0.89515817 1.6124E-23            1.9307E-22 2.2090E-08 5.7550E-09 2.4313E-07 1.4335E-07 2.6521E-07 3.29E-06 4.96E-06   0.111 0.6000 7.5589E-06    949.949
10151.00 0.82766861 2.4327E-23            1.7056E-22 1.8364E-08 5.3773E-09 1.9510E-07 1.1890E-07 2.1347E-07 2.73E-06 4.98E-06   0.189 0.6000 7.5928E-06    937.457
10161.00 0.84794182 2.0578E-23            1.6674E-22 1.9507E-08 5.4988E-09 2.1085E-07 1.2639E-07 2.3036E-07 2.90E-06 4.96E-06   0.165 0.6000 7.5665E-06    942.811
10171.00 0.80521786 2.3753E-23            1.5141E-22 1.8087E-08 5.2844E-09 1.9026E-07 1.1518E-07 2.0834E-07 2.64E-06 4.96E-06   0.217 0.6000 7.5666E-06    937.487
10181.00 0.79694176 2.4155E-23            1.4292E-22 1.7220E-08 5.2435E-09 1.7969E-07 1.0983E-07 1.9691E-07 2.52E-06 4.98E-06   0.227 0.6000 7.6043E-06    934.852
10191.00 0.82706988 2.0064E-23            1.4172E-22 1.8404E-08 5.4203E-09 1.9577E-07 1.1824E-07 2.1417E-07 2.71E-06 4.99E-06   0.190 0.6000 7.6154E-06    940.637
10201.00 0.73690218 2.6565E-23            1.2070E-22 1.5281E-08 4.8836E-09 1.4992E-07 9.2045E-08 1.6520E-07 2.11E-06 4.94E-06   0.305 0.6000 7.5497E-06    925.965
10211.00 0.70960397 2.7607E-23            1.1088E-22 1.3930E-08 4.7055E-09 1.3361E-07 8.2809E-08 1.4754E-07 1.90E-06 4.91E-06   0.343 0.6000 7.5097E-06    920.136
10221.00 0.72293109 2.5150E-23            1.0795E-22 1.4616E-08 4.7947E-09 1.4071E-07 8.6645E-08 1.5532E-07 1.99E-06 4.92E-06   0.324 0.6000 7.5283E-06    923.844
10231.00 0.78382444 1.9685E-23            1.1177E-22 1.6976E-08 5.1766E-09 1.7264E-07 1.0481E-07 1.8961E-07 2.40E-06 4.95E-06   0.244 0.6000 7.5645E-06    936.308
10241.00 0.64581352 2.7479E-23            8.8057E-23 1.2182E-08 4.3830E-09 1.1029E-07 6.8091E-08 1.2248E-07 1.56E-06 4.91E-06   0.437 0.6000 7.5088E-06    911.708
10251.00 0.67194659 2.5064E-23            8.7320E-23 1.3082E-08 4.5633E-09 1.1748E-07 7.2857E-08 1.3056E-07 1.67E-06 4.96E-06   0.398 0.6000 7.5975E-06    916.055
10261.00 0.67086196 2.3647E-23            8.3421E-23 1.2729E-08 4.4722E-09 1.1605E-07 7.0951E-08 1.2878E-07 1.63E-06 4.88E-06   0.399 0.6000 7.4726E-06    916.002
10271.00 0.66484708 2.3028E-23            7.8749E-23 1.2836E-08 4.5003E-09 1.1806E-07 7.2049E-08 1.3090E-07 1.65E-06 4.90E-06   0.408 0.6000 7.4992E-06    917.656
10281.00 0.72903252 1.8861E-23            8.2546E-23 1.4771E-08 4.9066E-09 1.4168E-07 8.6362E-08 1.5645E-07 1.98E-06 4.96E-06   0.316 0.6000 7.5867E-06    928.664
10291.00 0.76140082 1.5408E-23            8.2386E-23 1.6608E-08 5.1338E-09 1.6506E-07 9.8654E-08 1.8166E-07 2.26E-06 4.97E-06   0.273 0.6000 7.6000E-06    938.197
10301.00 0.77196229 1.4241E-23            7.9869E-23 1.6929E-08 5.1685E-09 1.7004E-07 1.0178E-07 1.8697E-07 2.33E-06 4.93E-06   0.259 0.6000 7.5360E-06    940.649
10311.00 0.74928272 1.5469E-23            7.3895E-23 1.5702E-08 5.0905E-09 1.5484E-07 9.4039E-08 1.7054E-07 2.16E-06 4.96E-06   0.289 0.6000 7.5858E-06    935.927
10321.00 0.73564541 1.5403E-23            6.9421E-23 1.4908E-08 4.9851E-09 1.4540E-07 8.8483E-08 1.6031E-07 2.03E-06 4.95E-06   0.307 0.6000 7.5612E-06    933.021
10331.00 0.74700373 1.3080E-23            6.7192E-23 1.6438E-08 5.0554E-09 1.6242E-07 9.6600E-08 1.7886E-07 2.22E-06 4.91E-06   0.292 0.6000 7.5159E-06    940.223
10341.00 0.56308913 1.9656E-23            4.8618E-23 1.0415E-08 4.0756E-09 8.3715E-08 5.2400E-08 9.4130E-08 1.20E-06 4.92E-06   0.574 0.6000 7.5583E-06    904.250
10351.00 0.53655511 2.0369E-23            4.3957E-23 8.9476E-09 3.8362E-09 6.5562E-08 4.2253E-08 7.4509E-08 9.69E-07 4.83E-06   0.623 0.6000 7.4168E-06    892.291
10361.00 0.53881627 1.8976E-23            4.2297E-23 8.8289E-09 3.9285E-09 6.6437E-08 4.3664E-08 7.5266E-08 1.00E-06 4.90E-06   0.618 0.6000 7.5170E-06    893.539
10371.00 0.49088249 1.7840E-23            3.6756E-23 9.2730E-09 3.7563E-09 6.9012E-08 4.3078E-08 7.8285E-08 9.88E-07 4.87E-06   0.712 0.6000 7.4998E-06    896.359
10381.00 0.56428432 1.6340E-23            4.0407E-23 1.0424E-08 4.1098E-09 8.3902E-08 5.1731E-08 9.4326E-08 1.19E-06 4.89E-06   0.572 0.6000 7.5039E-06    907.224
10391.00 0.41102228 1.8991E-23            2.8031E-23 7.4256E-09 3.3153E-09 3.9312E-08 2.4890E-08 4.6738E-08 5.71E-07 4.85E-06   0.889 0.6000 7.4884E-06    870.804
10401.00 0.51220936 1.6507E-23            3.3475E-23 9.5321E-09 3.9253E-09 6.4972E-08 4.0771E-08 7.4504E-08 9.35E-07 4.95E-06   0.669 0.6000 7.5955E-06    895.821
10411.00 0.46093959 1.6472E-23            2.8691E-23 7.9833E-09 3.5534E-09 4.9479E-08 3.1138E-08 5.7462E-08 7.14E-07 4.86E-06   0.774 0.6000 7.4817E-06    882.805
10421.00 0.33257750 1.7194E-23            1.9863E-23 6.1027E-09 2.9846E-09 2.2885E-08 1.5261E-08 2.8988E-08 3.50E-07 4.91E-06   1.101 0.6000 7.5892E-06    849.261
10431.00 0.41239083 1.5088E-23            2.3376E-23 7.4746E-09 3.4079E-09 4.1792E-08 2.6456E-08 4.9267E-08 6.07E-07 4.93E-06   0.886 0.6000 7.6090E-06    876.257
10441.00 0.51422465 1.3191E-23            2.7893E-23 9.0421E-09 3.8644E-09 6.3185E-08 3.9470E-08 7.2227E-08 9.05E-07 4.88E-06   0.665 0.6000 7.5062E-06    896.982
10451.00 0.33451614 1.4869E-23            1.7333E-23 6.4602E-09 3.0123E-09 2.6833E-08 1.6550E-08 3.3293E-08 3.80E-07 4.85E-06   1.095 0.6000 7.5160E-06    858.016
10461.00 0.34204802 1.3900E-23            1.6954E-23 6.4850E-09 3.0297E-09 2.8536E-08 1.7723E-08 3.5021E-08 4.06E-07 4.84E-06   1.073 0.6000 7.4884E-06    861.183
10471.00 0.36791906 1.3478E-23            1.7414E-23 5.9368E-09 2.9775E-09 2.4753E-08 1.5837E-08 3.0690E-08 3.63E-07 4.57E-06   1.000 0.6000 7.0966E-06    855.405
10481.00 0.40367836 1.2589E-23            1.8165E-23 6.7770E-09 3.2866E-09 3.1991E-08 2.0141E-08 3.8768E-08 4.62E-07 4.78E-06   0.907 0.6000 7.3966E-06    867.590
10491.00 0.35280937 1.2230E-23            1.5277E-23 6.2282E-09 3.0984E-09 2.5360E-08 1.6570E-08 3.1588E-08 3.80E-07 4.86E-06   1.042 0.6000 7.5336E-06    858.166
10501.00 0.22427456 1.2033E-23            9.2195E-24 4.6561E-09 2.4779E-09 8.0321E-09 5.2368E-09 1.2688E-08 1.20E-07 4.82E-06   1.495 0.6000 7.5876E-06    816.509
10511.00 0.47504953 1.0817E-23            1.8607E-23 7.5173E-09 3.7090E-09 4.0993E-08 2.5926E-08 4.8511E-08 5.95E-07 4.91E-06   0.744 0.6000 7.5650E-06    881.003
10521.00 0.28378958 9.9663E-24            1.0767E-23 5.2608E-09 2.7525E-09 1.8649E-08 1.1543E-08 2.3910E-08 2.65E-07 4.82E-06   1.260 0.6000 7.5614E-06    846.800
10531.00 0.30147231 9.6065E-24            1.0709E-23 5.7149E-09 2.8900E-09 2.2065E-08 1.3529E-08 2.7780E-08 3.10E-07 4.86E-06   1.199 0.6000 7.6148E-06    854.640
10541.00 0.34626970 9.2329E-24            1.1923E-23 5.8447E-09 3.0662E-09 2.3915E-08 1.4916E-08 2.9759E-08 3.42E-07 4.86E-06   1.061 0.6000 7.6042E-06    858.647
10551.00 0.29921848 8.9620E-24            9.7646E-24 5.5867E-09 2.8745E-09 1.9346E-08 1.1872E-08 2.4932E-08 2.72E-07 4.87E-06   1.207 0.6000 7.5920E-06    850.800
10561.00 0.30606082 8.7872E-24            9.5755E-24 5.4244E-09 2.8933E-09 1.7579E-08 1.0968E-08 2.3004E-08 2.52E-07 4.85E-06   1.184 0.6000 7.5532E-06    847.646
10571.00 0.24169956 7.9500E-24            7.1957E-24 4.7803E-09 2.5358E-09 1.1300E-08 6.7515E-09 1.6081E-08 1.55E-07 4.77E-06   1.420 0.6000 7.5396E-06    831.705
10581.00 0.34069791 8.0282E-24            9.7275E-24 6.0384E-09 3.0469E-09 2.2518E-08 1.3566E-08 2.8556E-08 3.11E-07 4.80E-06   1.077 0.6000 7.4809E-06    859.345
10591.00 0.22126882 7.0129E-24            5.9638E-24 4.5438E-09 2.3941E-09 1.2251E-08 7.1515E-09 1.6794E-08 1.64E-07 4.62E-06   1.508 0.6000 7.3912E-06    835.004
10601.00 0.28835601 6.7577E-24            7.5334E-24 5.1886E-09 2.7360E-09 1.7863E-08 1.0337E-08 2.3052E-08 2.37E-07 4.71E-06   1.244 0.6000 7.4831E-06    850.418
10611.00 0.34382904 7.0239E-24            8.4926E-24 5.7043E-09 3.0304E-09 1.9514E-08 1.1666E-08 2.5218E-08 2.68E-07 4.76E-06   1.068 0.6000 7.4735E-06    855.369
10621.00 0.37675327 6.8695E-24            8.9358E-24 5.7681E-09 3.0681E-09 2.2468E-08 1.3680E-08 2.8236E-08 3.14E-07 4.60E-06   0.976 0.6000 7.1416E-06    861.495
10631.00 0.37277293 6.7977E-24            8.4204E-24 6.0671E-09 3.1910E-09 2.0966E-08 1.3859E-08 2.7033E-08 3.18E-07 4.77E-06   0.987 0.6000 7.3919E-06    860.057
10641.00 0.49972159 5.7535E-24            1.0781E-23 8.3305E-09 3.9282E-09 4.7048E-08 2.9111E-08 5.5379E-08 6.68E-07 4.89E-06   0.694 0.6000 7.5446E-06    896.891
10651.00 0.31287965 5.3576E-24            6.5014E-24 5.6375E-09 2.9402E-09 2.1958E-08 1.3132E-08 2.7595E-08 3.01E-07 4.81E-06   1.162 0.6000 7.5639E-06    862.401
10661.00 0.17172319 5.3056E-24            3.3824E-24 4.0178E-09 2.2462E-09 4.1534E-09 2.4593E-09 8.1712E-09 5.64E-08 4.73E-06   1.762 0.6000 7.5933E-06    807.760
10671.00 0.16096723 5.0921E-24            3.0214E-24 3.9321E-09 2.2188E-09 3.7622E-09 2.2758E-09 7.6943E-09 5.22E-08 4.74E-06   1.827 0.6000 7.5846E-06    805.846
10681.00 0.18640472 4.8458E-24            3.3684E-24 4.0730E-09 2.2918E-09 4.8485E-09 2.8769E-09 8.9215E-09 6.60E-08 4.70E-06   1.680 0.6000 7.5010E-06    812.794
10691.00 0.23237753 4.4570E-24            3.9711E-24 4.4663E-09 2.5261E-09 9.1147E-09 5.2698E-09 1.3581E-08 1.21E-07 4.74E-06   1.459 0.6000 7.5250E-06    831.921
10701.00 0.11136502 3.7707E-24            1.8362E-24 3.7161E-09 1.9366E-09 2.4699E-09 1.4174E-09 6.1860E-09 3.25E-08 4.68E-06   2.195 0.6000 7.6028E-06    798.612
10711.00 0.16023454 4.4070E-24            2.4879E-24 4.4224E-09 2.3267E-09 3.9739E-09 2.3852E-09 8.3963E-09 5.47E-08 4.81E-06   1.831 0.6000 7.6107E-06    812.110
10721.00 0.19512220 4.2879E-24            2.9195E-24 4.9457E-09 2.5046E-09 6.2315E-09 3.7107E-09 1.1177E-08 8.51E-08 4.83E-06   1.634 0.6000 7.5927E-06    825.186
10731.00 0.24703114 3.8394E-24            3.5091E-24 5.3090E-09 2.7220E-09 1.1783E-08 7.4598E-09 1.7092E-08 1.71E-07 4.82E-06   1.398 0.6000 7.5570E-06    845.031
10741.00 0.36504117 3.8327E-24            4.9660E-24 7.1065E-09 3.4183E-09 2.6754E-08 1.6926E-08 3.3860E-08 3.88E-07 4.90E-06   1.008 0.6000 7.5987E-06    878.555
10751.00 0.41283426 3.6821E-24            5.3686E-24 7.6470E-09 3.7007E-09 3.4453E-08 2.2406E-08 4.2100E-08 5.14E-07 4.92E-06   0.885 0.6000 7.5686E-06    890.255
10761.00 0.50515395 3.3494E-24            6.2712E-24 9.1433E-09 4.1856E-09 5.3465E-08 3.4679E-08 6.2609E-08 7.95E-07 4.90E-06   0.683 0.6000 7.5094E-06    911.762
10771.00 0.53095573 3.0380E-24            6.2918E-24 9.6765E-09 4.3605E-09 6.2708E-08 3.9776E-08 7.2384E-08 9.12E-07 4.96E-06   0.633 0.6000 7.6113E-06    920.321
10781.00 0.66664779 2.2805E-24            7.5322E-24 1.3238E-08 5.1071E-09 1.0759E-07 6.5771E-08 1.2083E-07 1.51E-06 4.97E-06   0.405 0.6000 7.6222E-06    949.922
10791.00 0.75308865 1.7228E-24            8.1534E-24 1.6388E-08 5.5519E-09 1.4465E-07 8.6506E-08 1.6104E-07 1.98E-06 4.88E-06   0.284 0.6000 7.4710E-06    967.664
10801.00 0.75020051 1.6526E-24            7.7445E-24 1.5768E-08 5.3891E-09 1.3880E-07 8.3958E-08 1.5457E-07 1.93E-06 4.76E-06   0.287 0.6000 7.2822E-06    965.924
10811.00 0.72100544 1.6689E-24            7.1153E-24 1.5628E-08 5.3689E-09 1.3502E-07 8.1924E-08 1.5065E-07 1.88E-06 4.87E-06   0.327 0.6000 7.4552E-06    965.113
10821.00 0.70441246 1.7139E-24            6.6325E-24 1.4341E-08 5.2252E-09 1.2181E-07 7.4674E-08 1.3615E-07 1.71E-06 4.83E-06   0.350 0.6000 7.3925E-06    959.814
10831.00 0.75944817 1.3721E-24            6.8261E-24 1.6245E-08 5.3730E-09 1.4505E-07 8.7357E-08 1.6130E-07 2.00E-06 4.64E-06   0.275 0.6000 7.1062E-06    970.676
10841.00 0.78400272 1.1375E-24            6.7394E-24 1.9140E-08 5.7877E-09 1.7405E-07 1.0311E-07 1.9319E-07 2.36E-06 4.80E-06   0.243 0.6000 7.3512E-06    982.445
10851.00 0.73526013 1.3299E-24            6.0264E-24 1.6310E-08 5.4311E-09 1.4085E-07 8.5723E-08 1.5716E-07 1.97E-06 4.77E-06   0.308 0.6000 7.3041E-06    970.562
10861.00 0.80793065 9.9041E-25            6.3218E-24 1.9845E-08 6.0233E-09 1.8187E-07 1.0771E-07 2.0172E-07 2.47E-06 4.88E-06   0.213 0.6000 7.4621E-06    986.598
10871.00 0.72820866 1.1244E-24            5.4534E-24 1.8231E-08 5.6878E-09 1.6055E-07 9.5640E-08 1.7879E-07 2.19E-06 4.94E-06   0.317 0.6000 7.5693E-06    979.869
10881.00 0.73362094 1.1278E-24            5.2435E-24 1.7277E-08 5.6892E-09 1.4956E-07 8.9709E-08 1.6684E-07 2.06E-06 4.97E-06   0.310 0.6000 7.6132E-06    976.371
10891.00 0.62098062 1.3766E-24            4.2447E-24 1.3101E-08 4.9376E-09 1.0119E-07 6.1429E-08 1.1429E-07 1.41E-06 4.92E-06   0.476 0.6000 7.5649E-06    954.586
10901.00 0.60077941 1.3992E-24            3.8991E-24 1.2259E-08 4.7747E-09 9.1321E-08 5.5118E-08 1.0358E-07 1.26E-06 4.88E-06   0.510 0.6000 7.5041E-06    949.609
10911.00 0.69541061 1.0953E-24            4.3287E-24 1.5596E-08 5.4412E-09 1.3038E-07 7.7982E-08 1.4597E-07 1.79E-06 4.95E-06   0.363 0.6000 7.5967E-06    970.477
10921.00 0.52849007 1.3571E-24            3.1391E-24 1.0969E-08 4.4630E-09 7.4565E-08 4.5702E-08 8.5534E-08 1.05E-06 4.95E-06   0.638 0.6000 7.6235E-06    940.141
10931.00 0.70686668 1.0154E-24            4.0014E-24 1.4868E-08 5.4412E-09 1.2313E-07 7.4731E-08 1.3800E-07 1.71E-06 4.92E-06   0.347 0.6000 7.5345E-06    968.563
10941.00 0.58026522 1.1384E-24            3.1518E-24 1.2750E-08 4.8141E-09 9.2954E-08 5.6520E-08 1.0570E-07 1.30E-06 4.98E-06   0.544 0.6000 7.6639E-06    953.631
10951.00 0.57221562 1.1563E-24            2.9479E-24 1.2122E-08 4.7957E-09 8.5888E-08 5.2654E-08 9.8010E-08 1.21E-06 5.01E-06   0.558 0.6000 7.7036E-06    949.995
10961.00 0.67619324 8.6647E-25            3.3436E-24 1.5795E-08 5.3591E-09 1.2905E-07 7.6310E-08 1.4484E-07 1.75E-06 4.90E-06   0.391 0.6000 7.5273E-06    973.630
10971.00 0.70401579 7.9174E-25            3.3186E-24 1.6452E-08 5.4889E-09 1.3813E-07 8.1935E-08 1.5458E-07 1.88E-06 4.85E-06   0.351 0.6000 7.4388E-06    978.283
10981.00 0.62274671 9.0488E-25            2.8024E-24 1.4377E-08 5.1004E-09 1.0950E-07 6.5920E-08 1.2387E-07 1.51E-06 4.92E-06   0.474 0.6000 7.5628E-06    965.757
10991.00 0.63931620 8.5204E-25            2.7463E-24 1.3771E-08 5.0752E-09 1.0534E-07 6.4363E-08 1.1911E-07 1.48E-06 4.83E-06   0.447 0.6000 7.4267E-06    964.166
11001.00 0.63320237 7.8021E-25            2.5979E-24 1.4016E-08 5.0178E-09 1.0785E-07 6.4831E-08 1.2186E-07 1.49E-06 4.76E-06   0.457 0.6000 7.3350E-06    966.227
11011.00 0.63123739 7.3576E-25            2.4725E-24 1.5225E-08 5.1469E-09 1.1876E-07 7.0147E-08 1.3399E-07 1.61E-06 4.86E-06   0.460 0.6000 7.4859E-06    972.575
11021.00 0.63956600 7.0511E-25            2.3926E-24 1.4871E-08 5.2354E-09 1.1189E-07 6.6185E-08 1.2676E-07 1.52E-06 4.95E-06   0.447 0.6000 7.6420E-06    969.995
11031.00 0.70745260 6.0659E-25            2.5260E-24 1.6534E-08 5.5898E-09 1.3503E-07 8.0625E-08 1.5157E-07 1.85E-06 4.86E-06   0.346 0.6000 7.4670E-06    981.441
11041.00 0.78944021 4.3208E-25            2.6936E-24 2.1023E-08 6.3033E-09 1.8396E-07 1.0701E-07 2.0498E-07 2.45E-06 4.98E-06   0.236 0.6000 7.6479E-06   1000.846
11051.00 0.79786754 4.1655E-25            2.5995E-24 2.1285E-08 6.4074E-09 1.8583E-07 1.0943E-07 2.0712E-07 2.51E-06 5.02E-06   0.226 0.6000 7.6989E-06   1002.236
11061.00 0.81575465 3.7239E-25            2.5360E-24 2.2297E-08 6.5392E-09 1.9597E-07 1.1454E-07 2.1827E-07 2.63E-06 5.01E-06   0.204 0.6000 7.6847E-06   1006.297
11071.00 0.72885334 4.6033E-25            2.1693E-24 1.8007E-08 5.8731E-09 1.4878E-07 8.8044E-08 1.6679E-07 2.02E-06 4.95E-06   0.316 0.6000 7.6118E-06    990.196
11081.00 0.64649916 5.1829E-25            1.8332E-24 1.4880E-08 5.1788E-09 1.1318E-07 6.6359E-08 1.2806E-07 1.52E-06 4.79E-06   0.436 0.6000 7.3949E-06    974.913
11091.00 0.65785575 4.9913E-25            1.7816E-24 1.4546E-08 5.0538E-09 1.1043E-07 6.5704E-08 1.2498E-07 1.51E-06 4.59E-06   0.419 0.6000 7.0888E-06    974.179
11101.00 0.60635859 5.2869E-25            1.5694E-24 1.3528E-08 4.9936E-09 9.6588E-08 5.8512E-08 1.1012E-07 1.34E-06 4.80E-06   0.500 0.6000 7.4018E-06    967.420
11111.00 0.68766654 3.9745E-25            1.6964E-24 1.7553E-08 5.5775E-09 1.3956E-07 8.0598E-08 1.5712E-07 1.85E-06 4.83E-06   0.374 0.6000 7.4567E-06    989.432
11121.00 0.49872369 5.4991E-25            1.1763E-24 1.1966E-08 4.5235E-09 7.4000E-08 4.4097E-08 8.5966E-08 1.01E-06 4.93E-06   0.696 0.6000 7.6365E-06    954.537
11131.00 0.68985713 3.6898E-25            1.5510E-24 1.7999E-08 5.7669E-09 1.4323E-07 8.3683E-08 1.6123E-07 1.92E-06 4.96E-06   0.371 0.6000 7.6345E-06    992.470
11141.00 0.66664964 4.0376E-25            1.4333E-24 1.6054E-08 5.5957E-09 1.2254E-07 7.4197E-08 1.3860E-07 1.70E-06 4.93E-06   0.405 0.6000 7.5875E-06    983.974
11151.00 0.65340686 3.9361E-25            1.3411E-24 1.6161E-08 5.5457E-09 1.2082E-07 7.3034E-08 1.3698E-07 1.67E-06 4.93E-06   0.426 0.6000 7.5845E-06    983.986
11161.00 0.72989476 3.1643E-25            1.4304E-24 1.8982E-08 6.1565E-09 1.5300E-07 9.1610E-08 1.7198E-07 2.10E-06 5.03E-06   0.315 0.6000 7.7213E-06    998.640
11171.00 0.75924134 2.8648E-25            1.4191E-24 1.9353E-08 6.2098E-09 1.5960E-07 9.6405E-08 1.7895E-07 2.21E-06 4.90E-06   0.275 0.6000 7.5224E-06   1001.842
11181.00 0.82386625 2.1028E-25            1.4710E-24 2.3066E-08 6.7008E-09 2.0027E-07 1.1722E-07 2.2333E-07 2.69E-06 4.91E-06   0.194 0.6000 7.5350E-06   1016.608
11191.00 0.83418608 1.8847E-25            1.4237E-24 2.3810E-08 6.8331E-09 2.0715E-07 1.2003E-07 2.3096E-07 2.75E-06 4.97E-06   0.181 0.6000 7.6181E-06   1019.509
11201.00 0.87246752 1.4386E-25            1.4201E-24 2.6040E-08 6.9782E-09 2.2976E-07 1.3128E-07 2.5580E-07 3.01E-06 4.86E-06   0.136 0.6000 7.4492E-06   1026.888
11211.00 0.88713890 1.2217E-25            1.3797E-24 2.7545E-08 7.2332E-09 2.4420E-07 1.3883E-07 2.7174E-07 3.18E-06 4.96E-06   0.120 0.6000 7.6049E-06   1031.602
11221.00 0.90288097 1.0266E-25            1.3408E-24 2.9294E-08 7.4360E-09 2.6019E-07 1.4727E-07 2.8949E-07 3.38E-06 4.99E-06   0.102 0.6000 7.6441E-06   1036.538
11231.00 0.90029770 9.9597E-26            1.2766E-24 2.9256E-08 7.4727E-09 2.5954E-07 1.4692E-07 2.8880E-07 3.37E-06 5.02E-06   0.105 0.6000 7.6983E-06   1037.125
11241.00 0.90442455 9.1575E-26            1.2243E-24 2.9451E-08 7.4522E-09 2.6105E-07 1.4749E-07 2.9050E-07 3.38E-06 4.97E-06   0.100 0.6000 7.6234E-06   1038.262
11251.00 0.90678799 8.5261E-26            1.1724E-24 2.9971E-08 7.5171E-09 2.6510E-07 1.4970E-07 2.9507E-07 3.43E-06 4.98E-06   0.098 0.6000 7.6427E-06   1040.051
11261.00 0.89709723 8.8980E-26            1.1071E-24 2.8857E-08 7.3843E-09 2.5426E-07 1.4395E-07 2.8312E-07 3.30E-06 4.94E-06   0.109 0.6000 7.5795E-06   1038.039
11271.00 0.90687472 7.7788E-26            1.0688E-24 2.9258E-08 7.3490E-09 2.5793E-07 1.4554E-07 2.8719E-07 3.34E-06 4.85E-06   0.098 0.6000 7.4414E-06   1039.733
11281.00 0.90090638 7.8416E-26            1.0139E-24 2.7747E-08 7.0645E-09 2.4377E-07 1.3777E-07 2.7151E-07 3.16E-06 4.69E-06   0.104 0.6000 7.1947E-06   1036.749
11291.00 0.90088528 7.5123E-26            9.6773E-25 2.9440E-08 7.4901E-09 2.5806E-07 1.4571E-07 2.8750E-07 3.34E-06 4.96E-06   0.104 0.6000 7.6089E-06   1041.295
11301.00 0.90959507 6.6031E-26            9.3306E-25 3.0459E-08 7.5951E-09 2.6692E-07 1.5030E-07 2.9738E-07 3.45E-06 4.96E-06   0.095 0.6000 7.6142E-06   1044.302
11311.00 0.90870857 6.3518E-26            8.9009E-25 2.9990E-08 7.4980E-09 2.6231E-07 1.4765E-07 2.9230E-07 3.39E-06 4.90E-06   0.096 0.6000 7.5111E-06   1043.894
11321.00 0.90756404 6.1474E-26            8.4870E-25 3.0305E-08 7.5963E-09 2.6441E-07 1.4884E-07 2.9472E-07 3.41E-06 4.96E-06   0.097 0.6000 7.6030E-06   1045.191
11331.00 0.90750605 5.8639E-26            8.1038E-25 2.9719E-08 7.4533E-09 2.5889E-07 1.4572E-07 2.8861E-07 3.34E-06 4.85E-06   0.097 0.6000 7.4450E-06   1044.533
11341.00 0.90764868 5.5970E-26            7.7379E-25 3.0323E-08 7.5976E-09 2.6362E-07 1.4832E-07 2.9394E-07 3.40E-06 4.93E-06   0.097 0.6000 7.5703E-06   1046.504
11351.00 0.90879124 5.2813E-26            7.3976E-25 2.8852E-08 7.2076E-09 2.5033E-07 1.4073E-07 2.7918E-07 3.23E-06 4.67E-06   0.096 0.6000 7.1571E-06   1043.801
11361.00 0.90887374 5.0397E-26            7.0636E-25 3.0594E-08 7.6383E-09 2.6492E-07 1.4885E-07 2.9551E-07 3.41E-06 4.93E-06   0.096 0.6000 7.5666E-06   1048.353
11371.00 0.91074103 4.7201E-26            6.7584E-25 3.0497E-08 7.5721E-09 2.6356E-07 1.4795E-07 2.9405E-07 3.39E-06 4.87E-06   0.093 0.6000 7.4662E-06   1048.765
11381.00 0.90930080 4.5752E-26            6.4426E-25 3.1102E-08 7.7554E-09 2.6826E-07 1.5058E-07 2.9936E-07 3.45E-06 4.98E-06   0.095 0.6000 7.6453E-06   1050.715
11391.00 0.91031867 4.3229E-26            6.1580E-25 3.1049E-08 7.7163E-09 2.6728E-07 1.4995E-07 2.9833E-07 3.44E-06 4.94E-06   0.094 0.6000 7.5803E-06   1051.228
11401.00 0.91048390 4.1205E-26            5.8807E-25 3.1221E-08 7.7542E-09 2.6822E-07 1.5041E-07 2.9944E-07 3.45E-06 4.95E-06   0.094 0.6000 7.5997E-06   1052.224
11411.00 0.91006482 3.9506E-26            5.6123E-25 3.1107E-08 7.7344E-09 2.6673E-07 1.4953E-07 2.9784E-07 3.43E-06 4.93E-06   0.094 0.6000 7.5687E-06   1052.607
11421.00 0.91056097 3.7527E-26            5.3613E-25 3.0312E-08 7.5242E-09 2.5940E-07 1.4534E-07 2.8971E-07 3.33E-06 4.78E-06   0.094 0.6000 7.3425E-06   1051.488
11431.00 0.91044092 3.5873E-26            5.1182E-25 3.0854E-08 7.6602E-09 2.6352E-07 1.4760E-07 2.9437E-07 3.38E-06 4.86E-06   0.094 0.6000 7.4607E-06   1053.307
11441.00 0.91025895 3.4310E-26            4.8858E-25 3.1071E-08 7.7171E-09 2.6486E-07 1.4830E-07 2.9594E-07 3.40E-06 4.89E-06   0.094 0.6000 7.5024E-06   1054.409
11451.00 0.91050631 3.2676E-26            4.6660E-25 3.1431E-08 7.7992E-09 2.6740E-07 1.4965E-07 2.9883E-07 3.43E-06 4.93E-06   0.094 0.6000 7.5639E-06   1055.810
11461.00 0.91049951 3.1198E-26            4.4550E-25 3.1855E-08 7.9036E-09 2.7048E-07 1.5132E-07 3.0234E-07 3.47E-06 4.98E-06   0.094 0.6000 7.6494E-06   1057.346
11471.00 0.91037142 2.9825E-26            4.2528E-25 3.1376E-08 7.7863E-09 2.6589E-07 1.4869E-07 2.9727E-07 3.41E-06 4.90E-06   0.094 0.6000 7.5218E-06   1056.945
11481.00 0.91004717 2.8569E-26            4.0590E-25 3.1586E-08 7.8452E-09 2.6715E-07 1.4935E-07 2.9874E-07 3.43E-06 4.93E-06   0.094 0.6000 7.5664E-06   1058.023
11491.00 0.91010708 2.7261E-26            3.8756E-25 3.1634E-08 7.8542E-09 2.6703E-07 1.4923E-07 2.9867E-07 3.42E-06 4.92E-06   0.094 0.6000 7.5587E-06   1058.752
11501.00 0.90997803 2.6054E-26            3.6998E-25 3.0918E-08 7.6786E-09 2.6051E-07 1.4553E-07 2.9143E-07 3.34E-06 4.80E-06   0.094 0.6000 7.3764E-06   1057.834
11511.00 0.90985525 2.4908E-26            3.5319E-25 3.0778E-08 7.6454E-09 2.5881E-07 1.4452E-07 2.8958E-07 3.31E-06 4.77E-06   0.094 0.6000 7.3299E-06   1058.149
11521.00 0.90963030 2.3840E-26            3.3713E-25 3.0931E-08 7.6872E-09 2.5959E-07 1.4491E-07 2.9052E-07 3.32E-06 4.79E-06   0.095 0.6000 7.3570E-06   1059.109
11531.00 0.90947539 2.2793E-26            3.2182E-25 2.9819E-08 7.4136E-09 2.4979E-07 1.3940E-07 2.7961E-07 3.20E-06 4.61E-06   0.095 0.6000 7.0826E-06   1057.269
11541.00 0.90936995 2.1779E-26            3.0722E-25 2.3755E-08 5.9076E-09 1.9862E-07 1.1080E-07 2.2237E-07 2.54E-06 3.67E-06   0.095 0.6000 5.6333E-06   1042.792
11551.00 0.90906388 2.0860E-26            2.9322E-25 3.0233E-08 7.5243E-09 2.5228E-07 1.4069E-07 2.8251E-07 3.23E-06 4.66E-06   0.095 0.6000 7.1627E-06   1059.447
11561.00 0.90886992 1.9963E-26            2.7989E-25 3.1801E-08 7.9173E-09 2.6483E-07 1.4763E-07 2.9663E-07 3.39E-06 4.90E-06   0.096 0.6000 7.5239E-06   1063.494
11571.00 0.90882862 1.9068E-26            2.6721E-25 3.2449E-08 8.0780E-09 2.6969E-07 1.5028E-07 3.0214E-07 3.45E-06 4.98E-06   0.096 0.6000 7.6619E-06   1065.492
11581.00 0.90847713 1.8257E-26            2.5502E-25 3.2253E-08 8.0375E-09 2.6759E-07 1.4907E-07 2.9985E-07 3.42E-06 4.95E-06   0.096 0.6000 7.6124E-06   1065.717
11591.00 0.90748441 1.7608E-26            2.4321E-25 3.2193E-08 8.0453E-09 2.6656E-07 1.4847E-07 2.9876E-07 3.41E-06 4.95E-06   0.097 0.6000 7.6150E-06   1066.212
11601.00 0.90805179 1.6722E-26            2.3235E-25 3.1817E-08 7.9359E-09 2.6293E-07 1.4637E-07 2.9474E-07 3.36E-06 4.87E-06   0.096 0.6000 7.4906E-06   1066.034
11611.00 0.90684289 1.6161E-26            2.2154E-25 3.1674E-08 7.9280E-09 2.6120E-07 1.4539E-07 2.9288E-07 3.33E-06 4.86E-06   0.098 0.6000 7.4800E-06   1066.344
11621.00 0.90728593 1.5355E-26            2.1161E-25 3.2115E-08 8.0261E-09 2.6433E-07 1.4705E-07 2.9645E-07 3.37E-06 4.91E-06   0.097 0.6000 7.5536E-06   1067.911
11631.00 0.90602857 1.4831E-26            2.0176E-25 3.1784E-08 7.9714E-09 2.6106E-07 1.4522E-07 2.9284E-07 3.33E-06 4.87E-06   0.099 0.6000 7.5002E-06   1067.821
11641.00 0.90488833 1.4319E-26            1.9237E-25 3.1639E-08 7.9620E-09 2.5939E-07 1.4428E-07 2.9103E-07 3.31E-06 4.86E-06   0.100 0.6000 7.4886E-06   1068.140
11651.00 0.90580654 1.3543E-26            1.8386E-25 3.1832E-08 7.9876E-09 2.6050E-07 1.4479E-07 2.9233E-07 3.32E-06 4.86E-06   0.099 0.6000 7.4886E-06   1069.187
11661.00 0.90099907 1.3518E-26            1.7461E-25 3.1808E-08 8.0942E-09 2.5973E-07 1.4448E-07 2.9154E-07 3.31E-06 4.95E-06   0.104 0.6000 7.6222E-06   1069.742
11671.00 0.90462869 1.2483E-26            1.6736E-25 3.2429E-08 8.1623E-09 2.6434E-07 1.4685E-07 2.9677E-07 3.37E-06 4.96E-06   0.100 0.6000 7.6343E-06   1071.699
11681.00 0.90220469 1.2175E-26            1.5937E-25 3.1640E-08 8.0186E-09 2.5742E-07 1.4305E-07 2.8906E-07 3.28E-06 4.87E-06   0.103 0.6000 7.5086E-06   1070.644
11691.00 0.90079015 1.1785E-26            1.5190E-25 3.0541E-08 7.7703E-09 2.4799E-07 1.3785E-07 2.7853E-07 3.16E-06 4.72E-06   0.104 0.6000 7.2750E-06   1068.860
11701.00 0.89925116 1.1390E-26            1.4479E-25 2.2853E-08 5.8247E-09 1.8512E-07 1.0290E-07 2.0798E-07 2.36E-06 3.54E-06   0.106 0.6000 5.4498E-06   1050.110
11711.00 0.89622205 1.1166E-26            1.3775E-25 2.7012E-08 6.9444E-09 2.1834E-07 1.2137E-07 2.4535E-07 2.78E-06 4.22E-06   0.110 0.6000 6.5087E-06   1061.784
11721.00 0.90095949 1.0225E-26            1.3221E-25 3.1310E-08 7.9607E-09 2.5278E-07 1.4027E-07 2.8409E-07 3.22E-06 4.81E-06   0.104 0.6000 7.4074E-06   1072.425
11731.00 0.89657170 1.0130E-26            1.2562E-25 3.1342E-08 8.0584E-09 2.5238E-07 1.4020E-07 2.8373E-07 3.22E-06 4.88E-06   0.109 0.6000 7.5244E-06   1073.077
11741.00 0.89126980 1.0088E-26            1.1922E-25 2.9880E-08 7.7849E-09 2.3992E-07 1.3348E-07 2.6980E-07 3.06E-06 4.74E-06   0.115 0.6000 7.3045E-06   1070.394
11751.00 0.89562678 9.3097E-27            1.1436E-25 3.1570E-08 8.1213E-09 2.5311E-07 1.4054E-07 2.8468E-07 3.22E-06 4.90E-06   0.110 0.6000 7.5574E-06   1074.788
11761.00 0.89895064 8.6557E-27            1.0959E-25 2.8349E-08 7.2397E-09 2.2698E-07 1.2582E-07 2.5533E-07 2.89E-06 4.34E-06   0.107 0.6000 6.6941E-06   1068.139
11771.00 0.89815056 8.3076E-27            1.0454E-25 3.0370E-08 7.7716E-09 2.4266E-07 1.3447E-07 2.7303E-07 3.08E-06 4.66E-06   0.107 0.6000 7.1784E-06   1073.416
11781.00 0.89755899 7.9695E-27            9.9735E-26 3.2270E-08 8.2654E-09 2.5741E-07 1.4269E-07 2.8968E-07 3.27E-06 4.95E-06   0.108 0.6000 7.6220E-06   1078.200
11791.00 0.89596891 7.7197E-27            9.5047E-26 3.2091E-08 8.2596E-09 2.5531E-07 1.4145E-07 2.8741E-07 3.24E-06 4.95E-06   0.110 0.6000 7.6178E-06   1078.400
11801.00 0.90235394 6.9838E-27            9.1388E-26 3.2279E-08 8.1623E-09 2.5650E-07 1.4181E-07 2.8878E-07 3.25E-06 4.83E-06   0.103 0.6000 7.4468E-06   1079.467
11811.00 0.89913929 6.8495E-27            8.6947E-26 3.2067E-08 8.1747E-09 2.5422E-07 1.4066E-07 2.8628E-07 3.23E-06 4.85E-06   0.106 0.6000 7.4721E-06   1079.612
11821.00 0.89737308 6.6450E-27            8.2830E-26 3.2455E-08 8.3081E-09 2.5675E-07 1.4209E-07 2.8920E-07 3.26E-06 4.93E-06   0.108 0.6000 7.5939E-06   1081.049
11831.00 0.89755559 6.3337E-27            7.9101E-26 3.2403E-08 8.3080E-09 2.5596E-07 1.4151E-07 2.8836E-07 3.25E-06 4.92E-06   0.108 0.6000 7.5796E-06   1081.589
11841.00 0.89083368 6.3864E-27            7.4957E-26 3.1324E-08 8.1673E-09 2.4675E-07 1.3677E-07 2.7807E-07 3.14E-06 4.87E-06   0.116 0.6000 7.4967E-06   1079.835
11851.00 0.88227016 6.4950E-27            7.0864E-26 3.0094E-08 7.9993E-09 2.3589E-07 1.3093E-07 2.6598E-07 3.00E-06 4.81E-06   0.125 0.6000 7.4088E-06   1077.538
11861.00 0.88930041 5.8920E-27            6.8186E-26 3.1493E-08 8.2421E-09 2.4680E-07 1.3656E-07 2.7830E-07 3.13E-06 4.90E-06   0.117 0.6000 7.5539E-06   1081.368
11871.00 0.89110249 5.4713E-27            6.5249E-26 3.1690E-08 8.2273E-09 2.4789E-07 1.3722E-07 2.7958E-07 3.15E-06 4.87E-06   0.115 0.6000 7.4948E-06   1082.422
11881.00 0.87668252 5.7408E-27            6.1270E-26 3.0421E-08 8.1719E-09 2.3655E-07 1.3157E-07 2.6697E-07 3.02E-06 4.91E-06   0.132 0.6000 7.5634E-06   1080.001
11891.00 0.86851412 5.7798E-27            5.7947E-26 2.9911E-08 8.1751E-09 2.3102E-07 1.2864E-07 2.6093E-07 2.95E-06 4.95E-06   0.141 0.6000 7.6272E-06   1079.177
11901.00 0.87937856 5.1841E-27            5.6018E-26 3.0786E-08 8.2430E-09 2.3842E-07 1.3235E-07 2.6920E-07 3.04E-06 4.91E-06   0.129 0.6000 7.5712E-06   1082.043
11911.00 0.87895906 4.9547E-27            5.3441E-26 3.0746E-08 8.2163E-09 2.3741E-07 1.3163E-07 2.6815E-07 3.02E-06 4.89E-06   0.129 0.6000 7.5362E-06   1082.514
11921.00 0.86377573 5.1916E-27            5.0154E-26 2.8187E-08 7.8309E-09 2.1572E-07 1.1984E-07 2.4390E-07 2.75E-06 4.75E-06   0.146 0.6000 7.3140E-06   1076.804
11931.00 0.86215812 4.9915E-27            4.7802E-26 2.9538E-08 8.1418E-09 2.2568E-07 1.2564E-07 2.5521E-07 2.88E-06 4.91E-06   0.148 0.6000 7.5712E-06   1080.612
11941.00 0.85033280 5.1068E-27            4.4979E-26 2.8710E-08 8.1095E-09 2.1790E-07 1.2188E-07 2.4661E-07 2.80E-06 4.95E-06   0.162 0.6000 7.6217E-06   1079.017
11951.00 0.85225040 4.7884E-27            4.3056E-26 2.8979E-08 8.0553E-09 2.1949E-07 1.2274E-07 2.4847E-07 2.81E-06 4.88E-06   0.160 0.6000 7.5194E-06   1080.260
11961.00 0.83055300 5.1239E-27            4.0057E-26 2.7531E-08 7.9667E-09 2.0561E-07 1.1648E-07 2.3315E-07 2.67E-06 4.92E-06   0.186 0.6000 7.5871E-06   1076.689
11971.00 0.83809632 4.7002E-27            3.8572E-26 2.7995E-08 8.0101E-09 2.0970E-07 1.1756E-07 2.3769E-07 2.70E-06 4.91E-06   0.177 0.6000 7.5688E-06   1078.723
11981.00 0.84608281 4.2892E-27            3.7199E-26 2.8256E-08 7.9408E-09 2.1143E-07 1.1783E-07 2.3969E-07 2.70E-06 4.82E-06   0.167 0.6000 7.4366E-06   1080.021
11991.00 0.79741055 5.1043E-27            3.3460E-26 2.5009E-08 7.5820E-09 1.8060E-07 1.0281E-07 2.0561E-07 2.36E-06 4.83E-06   0.226 0.6000 7.4512E-06   1070.469
12001.00 0.79730892 4.8257E-27            3.1919E-26 2.4187E-08 7.4732E-09 1.7565E-07 9.9958E-08 1.9984E-07 2.29E-06 4.77E-06   0.227 0.6000 7.3525E-06   1069.306
12011.00 0.79068667 4.2067E-27            3.0272E-26 2.6180E-08 7.6105E-09 1.9038E-07 1.0636E-07 2.1656E-07 2.44E-06 4.83E-06   0.235 0.6000 7.4651E-06   1075.383
12021.00 0.75415909 4.8845E-27            2.7502E-26 2.3375E-08 7.3994E-09 1.6324E-07 9.4161E-08 1.8661E-07 2.16E-06 4.89E-06   0.282 0.6000 7.5463E-06   1066.237
12031.00 0.81021935 3.9393E-27            2.8244E-26 2.5876E-08 7.6977E-09 1.8772E-07 1.0578E-07 2.1360E-07 2.43E-06 4.80E-06   0.210 0.6000 7.4160E-06   1075.917
12041.00 0.77180660 4.2078E-27            2.5664E-26 2.4808E-08 7.5236E-09 1.7431E-07 9.9033E-08 1.9911E-07 2.27E-06 4.86E-06   0.259 0.6000 7.5039E-06   1071.966
12051.00 0.76606917 3.8701E-27            2.4340E-26 2.4601E-08 7.5027E-09 1.7406E-07 9.7660E-08 1.9866E-07 2.24E-06 4.86E-06   0.266 0.6000 7.5169E-06   1072.539
12061.00 0.73399222 3.1604E-27            2.2243E-26 2.3491E-08 7.3352E-09 1.6075E-07 9.0776E-08 1.8424E-07 2.08E-06 4.91E-06   0.309 0.6000 7.5939E-06   1068.286
12071.00 0.74336427 2.8066E-27            2.1532E-26 2.4014E-08 7.4542E-09 1.6456E-07 9.2791E-08 1.8858E-07 2.13E-06 4.94E-06   0.297 0.6000 7.6428E-06   1070.542
12081.00 0.69920814 2.9194E-27            1.9315E-26 2.0963E-08 7.0451E-09 1.3751E-07 7.9050E-08 1.5847E-07 1.81E-06 4.91E-06   0.358 0.6000 7.6030E-06   1059.903
12091.00 0.82731956 2.2294E-27            2.1806E-26 2.8450E-08 8.1477E-09 2.0681E-07 1.1521E-07 2.3526E-07 2.64E-06 4.93E-06   0.190 0.6000 7.6166E-06   1086.800
12101.00 0.78048927 2.3414E-27            1.9674E-26 2.5326E-08 7.7460E-09 1.7855E-07 1.0061E-07 2.0388E-07 2.31E-06 4.92E-06   0.248 0.6000 7.6091E-06   1077.890
12111.00 0.77622133 2.2471E-27            1.8635E-26 2.5323E-08 7.6917E-09 1.7773E-07 1.0011E-07 2.0305E-07 2.30E-06 4.89E-06   0.253 0.6000 7.5626E-06   1078.345
12121.00 0.83662307 1.9025E-27            1.9210E-26 2.8841E-08 8.1369E-09 2.0899E-07 1.1563E-07 2.3783E-07 2.65E-06 4.85E-06   0.178 0.6000 7.4981E-06   1089.730
12131.00 0.77895480 2.1257E-27            1.7059E-26 2.4662E-08 7.6909E-09 1.7095E-07 9.6687E-08 1.9561E-07 2.22E-06 4.87E-06   0.250 0.6000 7.5446E-06   1077.307
12141.00 0.66293395 2.4373E-27            1.3912E-26 1.9239E-08 6.7365E-09 1.2006E-07 6.9688E-08 1.3930E-07 1.60E-06 4.80E-06   0.411 0.6000 7.4416E-06   1055.908
12151.00 0.49333733 2.7264E-27            9.8203E-27 1.3410E-08 5.5007E-09 6.5963E-08 3.9150E-08 7.9373E-08 8.98E-07 4.81E-06   0.707 0.6000 7.5107E-06   1021.880
12161.00 0.75352108 1.8634E-27            1.4342E-26 2.3426E-08 7.3732E-09 1.6020E-07 9.0205E-08 1.8363E-07 2.07E-06 4.76E-06   0.283 0.6000 7.3702E-06   1075.283
12171.00 0.80572593 1.6254E-27            1.4658E-26 2.5925E-08 7.8247E-09 1.8416E-07 1.0325E-07 2.1009E-07 2.37E-06 4.78E-06   0.216 0.6000 7.4020E-06   1084.979
12181.00 0.84601927 1.4270E-27            1.4683E-26 2.9081E-08 8.2401E-09 2.1063E-07 1.1702E-07 2.3972E-07 2.68E-06 4.80E-06   0.167 0.6000 7.4299E-06   1094.651
12191.00 0.72146899 1.7254E-27            1.1983E-26 2.1979E-08 7.1506E-09 1.4656E-07 8.3337E-08 1.6854E-07 1.91E-06 4.74E-06   0.326 0.6000 7.3655E-06   1071.802
12201.00 0.71548033 1.6764E-27            1.1324E-26 2.1863E-08 7.0203E-09 1.4291E-07 7.9916E-08 1.6477E-07 1.83E-06 4.69E-06   0.335 0.6000 7.2879E-06   1071.040
12211.00 0.71176577 1.5533E-27            1.0748E-26 2.1726E-08 7.1326E-09 1.4075E-07 7.9185E-08 1.6248E-07 1.82E-06 4.78E-06   0.340 0.6000 7.4288E-06   1070.842
12221.00 0.64375550 1.6352E-27            9.3049E-27 1.8784E-08 6.6055E-09 1.1397E-07 6.4945E-08 1.3275E-07 1.49E-06 4.76E-06   0.440 0.6000 7.4096E-06   1058.524
12231.00 0.70338809 1.4490E-27            9.6732E-27 2.2371E-08 7.3124E-09 1.4547E-07 8.2150E-08 1.6784E-07 1.88E-06 4.89E-06   0.352 0.6000 7.6019E-06   1074.400
12241.00 0.64398879 1.4735E-27            8.4769E-27 1.9743E-08 6.8326E-09 1.2065E-07 6.8456E-08 1.4039E-07 1.57E-06 4.86E-06   0.440 0.6000 7.5712E-06   1063.525
12251.00 0.65264094 1.2120E-27            8.1679E-27 2.0406E-08 6.9237E-09 1.2429E-07 7.1008E-08 1.4469E-07 1.63E-06 4.85E-06   0.427 0.6000 7.5568E-06   1066.178
12261.00 0.67224735 1.2833E-27            8.0574E-27 2.0287E-08 7.0860E-09 1.2356E-07 7.1952E-08 1.4384E-07 1.65E-06 4.87E-06   0.397 0.6000 7.5676E-06   1066.510
12271.00 0.67349148 1.2002E-27            7.6954E-27 1.9752E-08 7.1256E-09 1.2236E-07 7.1696E-08 1.4211E-07 1.64E-06 4.88E-06   0.395 0.6000 7.5742E-06   1066.441
12281.00 0.72456533 9.0857E-28            7.9049E-27 2.2399E-08 7.5985E-09 1.4358E-07 8.4424E-08 1.6598E-07 1.94E-06 4.90E-06   0.322 0.6000 7.5993E-06   1077.254
12291.00 0.70681375 9.5087E-28            7.3637E-27 2.1640E-08 7.4531E-09 1.3837E-07 7.9137E-08 1.6001E-07 1.81E-06 4.91E-06   0.347 0.6000 7.6171E-06   1075.569
12301.00 0.80295140 6.2843E-28            7.9834E-27 2.6998E-08 8.2363E-09 1.8532E-07 1.0403E-07 2.1232E-07 2.39E-06 4.89E-06   0.219 0.6000 7.5809E-06   1095.121
12311.00 0.81343365 5.4135E-28            7.7183E-27 2.7076E-08 8.2946E-09 1.8695E-07 1.0419E-07 2.1402E-07 2.39E-06 4.89E-06   0.206 0.6000 7.5827E-06   1096.389
12321.00 0.82219934 5.2731E-28            7.4530E-27 2.8025E-08 8.3938E-09 1.9495E-07 1.0866E-07 2.2298E-07 2.49E-06 4.88E-06   0.196 0.6000 7.5619E-06   1099.905
12331.00 0.84296227 5.2118E-28            7.2907E-27 2.9702E-08 8.6218E-09 2.0840E-07 1.1529E-07 2.3810E-07 2.64E-06 4.89E-06   0.171 0.6000 7.5814E-06   1105.129
12341.00 0.85983461 5.1349E-28            7.1017E-27 3.0982E-08 8.6796E-09 2.1865E-07 1.1971E-07 2.4963E-07 2.75E-06 4.83E-06   0.151 0.6000 7.4845E-06   1109.125
12351.00 0.85727841 4.8887E-28            6.7569E-27 3.0398E-08 8.5555E-09 2.1443E-07 1.1748E-07 2.4483E-07 2.69E-06 4.77E-06   0.154 0.6000 7.3918E-06   1108.511
12361.00 0.86949658 4.7832E-28            6.5439E-27 3.2208E-08 8.7775E-09 2.2767E-07 1.2405E-07 2.5988E-07 2.84E-06 4.81E-06   0.140 0.6000 7.4500E-06   1113.384
12371.00 0.87240469 4.5937E-28            6.2661E-27 3.2680E-08 8.8782E-09 2.3110E-07 1.2570E-07 2.6378E-07 2.88E-06 4.84E-06   0.137 0.6000 7.4992E-06   1115.153
12381.00 0.87996483 4.4559E-28            6.0344E-27 3.3830E-08 9.0006E-09 2.3935E-07 1.2993E-07 2.7318E-07 2.98E-06 4.85E-06   0.128 0.6000 7.5115E-06   1118.338
12391.00 0.87799740 4.2468E-28            5.7473E-27 3.3949E-08 9.0598E-09 2.3948E-07 1.2997E-07 2.7343E-07 2.98E-06 4.88E-06   0.130 0.6000 7.5618E-06   1119.136
12401.00 0.87725431 4.0523E-28            5.4813E-27 3.4145E-08 9.1545E-09 2.4058E-07 1.3077E-07 2.7472E-07 3.00E-06 4.93E-06   0.131 0.6000 7.6275E-06   1120.201
12411.00 0.88088107 3.9013E-28            5.2544E-27 3.4423E-08 9.1411E-09 2.4222E-07 1.3126E-07 2.7665E-07 3.01E-06 4.89E-06   0.127 0.6000 7.5712E-06   1121.426
12421.00 0.87617052 3.7031E-28            4.9900E-27 3.3056E-08 8.8436E-09 2.3181E-07 1.2583E-07 2.6487E-07 2.89E-06 4.75E-06   0.132 0.6000 7.3492E-06   1119.101
12431.00 0.85516542 3.4059E-28            4.6472E-27 3.1385E-08 8.8400E-09 2.1783E-07 1.1920E-07 2.4922E-07 2.73E-06 4.86E-06   0.156 0.6000 7.5224E-06   1115.579
12441.00 0.85773194 3.2738E-28            4.4504E-27 3.1985E-08 8.9256E-09 2.2182E-07 1.2098E-07 2.5380E-07 2.77E-06 4.88E-06   0.153 0.6000 7.5586E-06   1117.580
12451.00 0.85493165 3.1141E-28            4.2348E-27 3.1302E-08 8.8053E-09 2.1636E-07 1.1802E-07 2.4767E-07 2.71E-06 4.82E-06   0.157 0.6000 7.4655E-06   1116.603
12461.00 0.84865856 2.9380E-28            4.0114E-27 3.0707E-08 8.8372E-09 2.1141E-07 1.1556E-07 2.4212E-07 2.65E-06 4.88E-06   0.164 0.6000 7.5531E-06   1115.756
12471.00 0.86013937 2.8756E-28            3.8826E-27 3.2580E-08 9.0429E-09 2.2473E-07 1.2212E-07 2.5731E-07 2.80E-06 4.90E-06   0.151 0.6000 7.5917E-06   1120.730
12481.00 0.84839672 2.7001E-28            3.6546E-27 3.1862E-08 8.9450E-09 2.1816E-07 1.1901E-07 2.5002E-07 2.73E-06 4.89E-06   0.164 0.6000 7.5823E-06   1119.451
12491.00 0.85453606 2.6079E-28            3.5138E-27 3.2193E-08 8.9476E-09 2.2074E-07 1.2003E-07 2.5293E-07 2.75E-06 4.85E-06   0.157 0.6000 7.5158E-06   1120.987
12501.00 0.85773766 2.5021E-28            3.3656E-27 3.1964E-08 8.8812E-09 2.1898E-07 1.1880E-07 2.5095E-07 2.72E-06 4.79E-06   0.153 0.6000 7.4276E-06   1121.167
12511.00 0.87465012 2.4645E-28            3.2772E-27 3.4482E-08 9.2785E-09 2.3748E-07 1.2823E-07 2.7196E-07 2.94E-06 4.90E-06   0.134 0.6000 7.5963E-06   1127.546
12521.00 0.86418819 2.3143E-28            3.0908E-27 3.3422E-08 9.1794E-09 2.2890E-07 1.2408E-07 2.6232E-07 2.85E-06 4.90E-06   0.146 0.6000 7.5909E-06   1125.734
12531.00 0.87698579 2.2622E-28            2.9940E-27 3.4828E-08 9.3239E-09 2.3923E-07 1.2909E-07 2.7406E-07 2.96E-06 4.89E-06   0.131 0.6000 7.5761E-06   1129.554
12541.00 0.86479747 2.1188E-28            2.8185E-27 3.3540E-08 9.1981E-09 2.2899E-07 1.2417E-07 2.6253E-07 2.85E-06 4.88E-06   0.145 0.6000 7.5663E-06   1127.252
12551.00 0.84415150 1.9589E-28            2.6274E-27 3.1614E-08 9.0250E-09 2.1315E-07 1.1685E-07 2.4477E-07 2.68E-06 4.89E-06   0.169 0.6000 7.5782E-06   1123.066
12561.00 0.83466774 1.8375E-28            2.4768E-27 3.0467E-08 8.8630E-09 2.0459E-07 1.1240E-07 2.3505E-07 2.58E-06 4.85E-06   0.181 0.6000 7.5178E-06   1120.972
12571.00 0.87555087 1.8875E-28            2.4816E-27 3.4867E-08 9.3322E-09 2.3789E-07 1.2833E-07 2.7276E-07 2.94E-06 4.86E-06   0.133 0.6000 7.5341E-06   1132.145
12581.00 0.88132894 1.8234E-28            2.3842E-27 3.4405E-08 9.0842E-09 2.3464E-07 1.2624E-07 2.6905E-07 2.90E-06 4.69E-06   0.126 0.6000 7.2713E-06   1131.905
12591.00 0.88747239 1.7632E-28            2.2918E-27 3.5426E-08 9.2054E-09 2.4149E-07 1.2955E-07 2.7691E-07 2.97E-06 4.70E-06   0.119 0.6000 7.2954E-06   1134.680
12601.00 0.88031524 1.6667E-28            2.1709E-27 3.4749E-08 9.1442E-09 2.3581E-07 1.2671E-07 2.7056E-07 2.91E-06 4.70E-06   0.127 0.6000 7.2929E-06   1133.763
12611.00 0.85684788 1.5294E-28            2.0159E-27 3.3230E-08 9.1519E-09 2.2324E-07 1.2089E-07 2.5647E-07 2.77E-06 4.82E-06   0.154 0.6000 7.4861E-06   1130.715
12621.00 0.85641414 1.4624E-28            1.9238E-27 3.3281E-08 9.1726E-09 2.2333E-07 1.2118E-07 2.5661E-07 2.78E-06 4.82E-06   0.155 0.6000 7.4847E-06   1131.481
12631.00 0.86440277 1.4142E-28            1.8531E-27 3.3335E-08 9.1225E-09 2.2399E-07 1.2111E-07 2.5732E-07 2.78E-06 4.75E-06   0.146 0.6000 7.3759E-06   1132.406
12641.00 0.85254258 1.3262E-28            1.7445E-27 3.2992E-08 9.2007E-09 2.2017E-07 1.1950E-07 2.5316E-07 2.74E-06 4.84E-06   0.160 0.6000 7.5189E-06   1131.985
12651.00 0.85315228 1.2705E-28            1.6668E-27 3.3520E-08 9.3001E-09 2.2307E-07 1.2073E-07 2.5659E-07 2.77E-06 4.88E-06   0.159 0.6000 7.5744E-06   1133.661
12661.00 0.83903188 1.1845E-28            1.5650E-27 3.1990E-08 9.1535E-09 2.1132E-07 1.1527E-07 2.4331E-07 2.64E-06 4.87E-06   0.176 0.6000 7.5617E-06   1130.650
12671.00 0.85176229 1.1543E-28            1.5157E-27 3.3061E-08 9.3393E-09 2.1922E-07 1.1909E-07 2.5228E-07 2.73E-06 4.89E-06   0.160 0.6000 7.6006E-06   1133.923
12681.00 0.87171876 1.1442E-28            1.4808E-27 3.5322E-08 9.5286E-09 2.3556E-07 1.2675E-07 2.7089E-07 2.91E-06 4.87E-06   0.137 0.6000 7.5620E-06   1139.694
12691.00 0.86768478 1.0867E-28            1.4071E-27 3.4862E-08 9.4677E-09 2.3176E-07 1.2507E-07 2.6662E-07 2.87E-06 4.84E-06   0.142 0.6000 7.5242E-06   1139.297
12701.00 0.87510145 1.0524E-28            1.3546E-27 3.6020E-08 9.6261E-09 2.3951E-07 1.2859E-07 2.7553E-07 2.95E-06 4.87E-06   0.133 0.6000 7.5755E-06   1142.368
12711.00 0.87430120 1.0042E-28            1.2917E-27 3.6116E-08 9.6849E-09 2.3941E-07 1.2827E-07 2.7552E-07 2.94E-06 4.90E-06   0.134 0.6000 7.6222E-06   1143.097
12721.00 0.88766694 9.8445E-29            1.2519E-27 3.7302E-08 9.6673E-09 2.4804E-07 1.3226E-07 2.8534E-07 3.03E-06 4.81E-06   0.119 0.6000 7.4713E-06   1146.335
12731.00 0.88825762 9.4232E-29            1.1957E-27 3.7402E-08 9.6744E-09 2.4830E-07 1.3232E-07 2.8570E-07 3.03E-06 4.80E-06   0.118 0.6000 7.4573E-06   1147.159
12741.00 0.88835829 9.0125E-29            1.1415E-27 3.8137E-08 9.8552E-09 2.5266E-07 1.3457E-07 2.9080E-07 3.09E-06 4.87E-06   0.118 0.6000 7.5819E-06   1149.162
12751.00 0.88959509 8.6372E-29            1.0911E-27 3.8303E-08 9.8646E-09 2.5340E-07 1.3486E-07 2.9170E-07 3.09E-06 4.86E-06   0.117 0.6000 7.5638E-06   1150.119
12761.00 0.89127421 8.2849E-29            1.0434E-27 3.7669E-08 9.6510E-09 2.4888E-07 1.3233E-07 2.8654E-07 3.03E-06 4.74E-06   0.115 0.6000 7.3715E-06   1149.565
12771.00 0.89151686 7.9254E-29            9.9625E-28 3.8502E-08 9.8544E-09 2.5390E-07 1.3494E-07 2.9241E-07 3.09E-06 4.82E-06   0.115 0.6000 7.5108E-06   1151.757
12781.00 0.89158779 7.5790E-29            9.5101E-28 3.9020E-08 9.9834E-09 2.5688E-07 1.3645E-07 2.9590E-07 3.13E-06 4.88E-06   0.115 0.6000 7.5955E-06   1153.348
12791.00 0.89152998 7.2455E-29            9.0768E-28 3.9114E-08 1.0006E-08 2.5701E-07 1.3647E-07 2.9612E-07 3.13E-06 4.88E-06   0.115 0.6000 7.5991E-06   1154.134
12801.00 0.89174986 6.9305E-29            8.6660E-28 3.8588E-08 9.8619E-09 2.5307E-07 1.3430E-07 2.9166E-07 3.08E-06 4.80E-06   0.115 0.6000 7.4738E-06   1153.768
12811.00 0.89136344 6.6215E-29            8.2682E-28 3.9061E-08 9.9930E-09 2.5570E-07 1.3565E-07 2.9476E-07 3.11E-06 4.85E-06   0.115 0.6000 7.5630E-06   1155.266
12821.00 0.89156055 6.3333E-29            7.8938E-28 3.8711E-08 9.8952E-09 2.5295E-07 1.3412E-07 2.9166E-07 3.08E-06 4.79E-06   0.115 0.6000 7.4729E-06   1155.232
12831.00 0.89110518 6.0500E-29            7.5308E-28 3.9190E-08 1.0029E-08 2.5559E-07 1.3547E-07 2.9478E-07 3.11E-06 4.85E-06   0.115 0.6000 7.5645E-06   1156.735
12841.00 0.89128250 5.7865E-29            7.1896E-28 3.9430E-08 1.0083E-08 2.5668E-07 1.3598E-07 2.9611E-07 3.12E-06 4.87E-06   0.115 0.6000 7.5875E-06   1157.794
12851.00 0.89105433 5.5303E-29            6.8607E-28 3.9443E-08 1.0090E-08 2.5628E-07 1.3572E-07 2.9573E-07 3.11E-06 4.86E-06   0.115 0.6000 7.5802E-06   1158.431
12861.00 0.89097857 5.2868E-29            6.5479E-28 3.8723E-08 9.9055E-09 2.5112E-07 1.3292E-07 2.8984E-07 3.05E-06 4.76E-06   0.115 0.6000 7.4270E-06   1157.705
12871.00 0.89094669 5.0545E-29            6.2497E-28 3.9680E-08 1.0148E-08 2.5683E-07 1.3588E-07 2.9651E-07 3.12E-06 4.87E-06   0.115 0.6000 7.5937E-06   1160.088
12881.00 0.89073473 4.8307E-29            5.9639E-28 3.9653E-08 1.0146E-08 2.5619E-07 1.3549E-07 2.9584E-07 3.11E-06 4.86E-06   0.116 0.6000 7.5782E-06   1160.655
12891.00 0.89032370 4.6147E-29            5.6899E-28 3.9641E-08 1.0155E-08 2.5567E-07 1.3517E-07 2.9531E-07 3.10E-06 4.86E-06   0.116 0.6000 7.5729E-06   1161.256
12901.00 0.89020455 4.4114E-29            5.4302E-28 3.7806E-08 9.6853E-09 2.4338E-07 1.2863E-07 2.8119E-07 2.95E-06 4.62E-06   0.116 0.6000 7.2091E-06   1158.434
12911.00 0.88968784 4.2137E-29            5.1801E-28 3.8672E-08 9.9221E-09 2.4855E-07 1.3133E-07 2.8722E-07 3.01E-06 4.73E-06   0.117 0.6000 7.3749E-06   1160.702
12921.00 0.88943714 4.0269E-29            4.9429E-28 3.9814E-08 1.0221E-08 2.5547E-07 1.3494E-07 2.9528E-07 3.09E-06 4.86E-06   0.117 0.6000 7.5841E-06   1163.443
12931.00 0.88883734 3.8459E-29            4.7147E-28 3.9563E-08 1.0175E-08 2.5350E-07 1.3388E-07 2.9306E-07 3.07E-06 4.84E-06   0.118 0.6000 7.5411E-06   1163.626
12941.00 0.88798755 3.6713E-29            4.4958E-28 3.8533E-08 9.9370E-09 2.4659E-07 1.3023E-07 2.8512E-07 2.99E-06 4.72E-06   0.119 0.6000 7.3599E-06   1162.360
12951.00 0.88758671 3.5076E-29            4.2893E-28 3.9061E-08 1.0085E-08 2.4958E-07 1.3178E-07 2.8864E-07 3.02E-06 4.78E-06   0.119 0.6000 7.4590E-06   1163.981
12961.00 0.88697511 3.3498E-29            4.0912E-28 3.8529E-08 9.9626E-09 2.4581E-07 1.2978E-07 2.8434E-07 2.98E-06 4.72E-06   0.120 0.6000 7.3595E-06   1163.620
12971.00 0.88579065 3.1958E-29            3.8998E-28 3.9180E-08 1.0159E-08 2.4964E-07 1.3187E-07 2.8882E-07 3.02E-06 4.81E-06   0.121 0.6000 7.5010E-06   1165.486
12981.00 0.88108474 3.0289E-29            3.7025E-28 3.8241E-08 1.0059E-08 2.4416E-07 1.2944E-07 2.8240E-07 2.97E-06 4.78E-06   0.127 0.6000 7.4677E-06   1164.582
12991.00 0.87430382 2.8586E-29            3.5066E-28 3.7188E-08 9.9547E-09 2.3803E-07 1.2707E-07 2.7521E-07 2.91E-06 4.75E-06   0.134 0.6000 7.4373E-06   1163.442
13001.00 0.86299306 2.6779E-29            3.3037E-28 3.6232E-08 9.8757E-09 2.3168E-07 1.2461E-07 2.6791E-07 2.86E-06 4.75E-06   0.147 0.6000 7.4697E-06   1162.224
13011.00 0.85315186 2.5295E-29            3.1176E-28 3.6075E-08 9.8672E-09 2.2836E-07 1.2340E-07 2.6443E-07 2.83E-06 4.77E-06   0.159 0.6000 7.5399E-06   1162.009
13021.00 0.83043402 2.3360E-29            2.8967E-28 3.4256E-08 9.5494E-09 2.1515E-07 1.1692E-07 2.4941E-07 2.68E-06 4.71E-06   0.186 0.6000 7.5258E-06   1158.529
13031.00 0.80780435 2.4746E-29            2.6895E-28 3.2401E-08 9.2616E-09 2.0231E-07 1.1040E-07 2.3471E-07 2.53E-06 4.68E-06   0.213 0.6000 7.5545E-06   1154.918
13041.00 0.77040482 2.3308E-29            2.4486E-28 2.8434E-08 8.2970E-09 1.7613E-07 9.5403E-08 2.0457E-07 2.19E-06 4.35E-06   0.261 0.6000 7.1580E-06   1145.938
13051.00 0.73261225 2.0912E-29            2.2227E-28 2.4089E-08 7.5599E-09 1.4754E-07 8.1758E-08 1.7163E-07 1.87E-06 4.20E-06   0.311 0.6000 7.0679E-06   1134.492
13061.00 0.67102480 1.9017E-29            1.9443E-28 2.0921E-08 6.9369E-09 1.2573E-07 6.9633E-08 1.4665E-07 1.60E-06 4.18E-06   0.399 0.6000 7.3488E-06   1124.519
13071.00 0.60295200 1.8050E-29            1.6682E-28 1.7841E-08 6.1323E-09 1.0460E-07 5.6479E-08 1.2244E-07 1.30E-06 4.04E-06   0.506 0.6000 7.5912E-06   1113.210
13081.00 0.54457223 1.7140E-29            1.4372E-28 1.4223E-08 5.2537E-09 8.0902E-08 4.4011E-08 9.5124E-08 1.01E-06 3.81E-06   0.608 0.6000 7.5900E-06   1097.512
13091.00 0.47242367 1.6414E-29            1.1894E-28 1.0437E-08 4.2282E-09 5.5479E-08 3.0463E-08 6.5916E-08 6.99E-07 3.49E-06   0.750 0.6000 7.5855E-06   1075.209
13101.00 0.43807951 1.5138E-29            1.0524E-28 8.7141E-09 3.6859E-09 4.4225E-08 2.4072E-08 5.2939E-08 5.52E-07 3.29E-06   0.825 0.6000 7.5818E-06   1062.592
13111.00 0.46944618 1.3474E-29            1.0752E-28 9.4334E-09 3.9186E-09 4.8645E-08 2.6378E-08 5.8079E-08 6.05E-07 3.35E-06   0.756 0.6000 7.5031E-06   1068.849
13121.00 0.66624290 1.3691E-29            1.4560E-28 1.9703E-08 6.3849E-09 1.1777E-07 6.2738E-08 1.3747E-07 1.44E-06 3.90E-06   0.406 0.6000 7.2390E-06   1124.411
13131.00 0.43703201 1.4064E-29            9.1798E-29 8.3328E-09 3.5252E-09 4.0082E-08 2.2558E-08 4.8415E-08 5.17E-07 3.23E-06   0.828 0.6000 7.4454E-06   1059.281
13141.00 0.24650247 1.6808E-29            4.9293E-29 2.7704E-09 1.5908E-09 5.1745E-09 3.1190E-09 7.9450E-09 7.15E-08 2.51E-06   1.400 0.6000 7.4787E-06    962.440
13151.00 0.22227141 1.5400E-29            4.2171E-29 2.9683E-09 1.6612E-09 5.3088E-09 3.3784E-09 8.2771E-09 7.75E-08 2.51E-06   1.504 0.6000 7.4464E-06    965.072
13161.00 0.40037677 1.6347E-29            7.2182E-29 1.0245E-08 4.0828E-09 4.7556E-08 2.7860E-08 5.7801E-08 6.39E-07 3.50E-06   0.915 0.6000 7.5141E-06   1071.940
13171.00 0.82677984 1.3327E-29            1.4299E-28 3.6099E-08 9.7492E-09 2.1995E-07 1.1581E-07 2.5605E-07 2.66E-06 4.67E-06   0.190 0.6000 7.4986E-06   1171.290
13181.00 0.88496292 1.2416E-29            1.4639E-28 3.9926E-08 1.0317E-08 2.4391E-07 1.2733E-07 2.8384E-07 2.92E-06 4.68E-06   0.122 0.6000 7.3163E-06   1179.525
13191.00 0.88598108 1.1892E-29            1.3989E-28 4.1207E-08 1.0606E-08 2.5101E-07 1.3094E-07 2.9222E-07 3.00E-06 4.80E-06   0.121 0.6000 7.4903E-06   1182.393
13201.00 0.88594496 1.1368E-29            1.3351E-28 4.1065E-08 1.0568E-08 2.4967E-07 1.3018E-07 2.9074E-07 2.99E-06 4.77E-06   0.121 0.6000 7.4493E-06   1182.747
13211.00 0.88594460 1.0868E-29            1.2742E-28 4.1149E-08 1.0585E-08 2.4970E-07 1.3012E-07 2.9084E-07 2.98E-06 4.77E-06   0.121 0.6000 7.4483E-06   1183.503
13221.00 0.88574708 1.0386E-29            1.2159E-28 4.1067E-08 1.0569E-08 2.4875E-07 1.2957E-07 2.8981E-07 2.97E-06 4.75E-06   0.121 0.6000 7.4250E-06   1183.970
13231.00 0.88552123 9.9250E-30            1.1602E-28 4.0890E-08 1.0527E-08 2.4721E-07 1.2872E-07 2.8810E-07 2.95E-06 4.72E-06   0.122 0.6000 7.3850E-06   1184.261
13241.00 0.88535374 9.4860E-30            1.1071E-28 4.1629E-08 1.0720E-08 2.5120E-07 1.3074E-07 2.9283E-07 3.00E-06 4.80E-06   0.122 0.6000 7.5083E-06   1186.190
13251.00 0.88526130 9.0673E-30            1.0566E-28 4.1817E-08 1.0768E-08 2.5186E-07 1.3102E-07 2.9368E-07 3.00E-06 4.81E-06   0.122 0.6000 7.5299E-06   1187.132
13261.00 0.88489175 8.6625E-30            1.0080E-28 4.1961E-08 1.0814E-08 2.5225E-07 1.3117E-07 2.9421E-07 3.01E-06 4.83E-06   0.122 0.6000 7.5529E-06   1187.995
13271.00 0.88488847 8.2816E-30            9.6206E-29 4.1610E-08 1.0720E-08 2.4967E-07 1.2977E-07 2.9128E-07 2.98E-06 4.78E-06   0.122 0.6000 7.4749E-06   1187.984
13281.00 0.88469845 7.9146E-30            9.1802E-29 4.1293E-08 1.0642E-08 2.4730E-07 1.2848E-07 2.8860E-07 2.95E-06 4.73E-06   0.123 0.6000 7.4093E-06   1188.027
13291.00 0.88448334 7.5634E-30            8.7597E-29 4.1190E-08 1.0619E-08 2.4621E-07 1.2785E-07 2.8740E-07 2.93E-06 4.71E-06   0.123 0.6000 7.3830E-06   1188.448
13301.00 0.88413835 7.2259E-30            8.3572E-29 4.1763E-08 1.0774E-08 2.4916E-07 1.2933E-07 2.9092E-07 2.97E-06 4.78E-06   0.123 0.6000 7.4823E-06   1190.075
13311.00 0.88408047 6.9073E-30            7.9758E-29 4.0559E-08 1.0463E-08 2.4153E-07 1.2532E-07 2.8209E-07 2.87E-06 4.63E-06   0.123 0.6000 7.2543E-06   1188.526
13321.00 0.88346434 6.5955E-30            7.6069E-29 4.1780E-08 1.0794E-08 2.4829E-07 1.2878E-07 2.9007E-07 2.95E-06 4.77E-06   0.124 0.6000 7.4775E-06   1191.315
13331.00 0.88341868 6.3045E-30            7.2598E-29 4.1469E-08 1.0713E-08 2.4600E-07 1.2753E-07 2.8747E-07 2.92E-06 4.72E-06   0.124 0.6000 7.4089E-06   1191.375
13341.00 0.88327181 6.0256E-30            6.9277E-29 4.0580E-08 1.0485E-08 2.4027E-07 1.2450E-07 2.8085E-07 2.86E-06 4.62E-06   0.124 0.6000 7.2399E-06   1190.380
13351.00 0.88330626 5.7612E-30            6.6122E-29 4.1915E-08 1.0825E-08 2.4772E-07 1.2830E-07 2.8964E-07 2.94E-06 4.76E-06   0.124 0.6000 7.4618E-06   1193.386
13361.00 0.88308567 5.5051E-30            6.3092E-29 4.1714E-08 1.0778E-08 2.4607E-07 1.2739E-07 2.8779E-07 2.92E-06 4.73E-06   0.124 0.6000 7.4177E-06   1193.638
13371.00 0.88244915 5.2562E-30            6.0172E-29 4.1655E-08 1.0779E-08 2.4521E-07 1.2690E-07 2.8686E-07 2.91E-06 4.72E-06   0.125 0.6000 7.4110E-06   1194.125
13381.00 0.88211840 5.0222E-30            5.7408E-29 4.1924E-08 1.0857E-08 2.4633E-07 1.2743E-07 2.8826E-07 2.92E-06 4.75E-06   0.125 0.6000 7.4538E-06   1195.212
13391.00 0.88193399 4.7993E-30            5.4778E-29 4.1996E-08 1.0879E-08 2.4631E-07 1.2736E-07 2.8831E-07 2.92E-06 4.75E-06   0.126 0.6000 7.4568E-06   1195.953
13401.00 0.88144952 4.5837E-30            5.2253E-29 4.1682E-08 1.0810E-08 2.4395E-07 1.2609E-07 2.8563E-07 2.89E-06 4.71E-06   0.126 0.6000 7.3986E-06   1195.986
13411.00 0.88023102 4.3711E-30            4.9801E-29 4.1953E-08 1.0918E-08 2.4500E-07 1.2661E-07 2.8695E-07 2.90E-06 4.76E-06   0.128 0.6000 7.4693E-06   1197.056
13421.00 0.88092411 4.1847E-30            4.7567E-29 4.1266E-08 1.0712E-08 2.4058E-07 1.2424E-07 2.8185E-07 2.85E-06 4.65E-06   0.127 0.6000 7.3080E-06   1196.450
13431.00 0.87905550 3.9861E-30            4.5304E-29 4.0530E-08 1.0573E-08 2.3564E-07 1.2170E-07 2.7617E-07 2.79E-06 4.59E-06   0.129 0.6000 7.2145E-06   1195.667
13441.00 0.87836283 3.8050E-30            4.3201E-29 4.1822E-08 1.0929E-08 2.4264E-07 1.2526E-07 2.8446E-07 2.87E-06 4.74E-06   0.130 0.6000 7.4488E-06   1198.587
13451.00 0.87980616 3.6483E-30            4.1300E-29 4.2176E-08 1.0973E-08 2.4439E-07 1.2604E-07 2.8657E-07 2.89E-06 4.74E-06   0.128 0.6000 7.4513E-06   1199.861
13461.00 0.87339288 3.4450E-30            3.9133E-29 4.0842E-08 1.0808E-08 2.3555E-07 1.2165E-07 2.7639E-07 2.79E-06 4.70E-06   0.135 0.6000 7.3809E-06   1197.903
13471.00 0.87221336 3.2847E-30            3.7291E-29 3.9283E-08 1.0433E-08 2.2608E-07 1.1680E-07 2.6537E-07 2.68E-06 4.53E-06   0.137 0.6000 7.1206E-06   1195.617
13481.00 0.87177169 3.1383E-30            3.5578E-29 3.9362E-08 1.0457E-08 2.2609E-07 1.1672E-07 2.6545E-07 2.68E-06 4.54E-06   0.137 0.6000 7.1258E-06   1196.364
13491.00 0.86466235 2.9597E-30            3.3677E-29 3.8334E-08 1.0365E-08 2.1911E-07 1.1339E-07 2.5744E-07 2.60E-06 4.52E-06   0.145 0.6000 7.1079E-06   1194.830
13501.00 0.87071204 2.8612E-30            3.2364E-29 4.0358E-08 1.0758E-08 2.3080E-07 1.1905E-07 2.7116E-07 2.73E-06 4.66E-06   0.138 0.6000 7.3132E-06   1199.383
13511.00 0.86082721 2.6870E-30            3.0546E-29 3.9051E-08 1.0649E-08 2.2181E-07 1.1475E-07 2.6086E-07 2.63E-06 4.65E-06   0.150 0.6000 7.3098E-06   1197.247
13521.00 0.84908092 2.5130E-30            2.8750E-29 3.7656E-08 1.0539E-08 2.1227E-07 1.1033E-07 2.4992E-07 2.53E-06 4.66E-06   0.164 0.6000 7.3173E-06   1194.816
13531.00 0.85302055 2.4186E-30            2.7556E-29 3.7019E-08 1.0271E-08 2.0876E-07 1.0838E-07 2.4578E-07 2.49E-06 4.51E-06   0.159 0.6000 7.0827E-06   1194.311
13541.00 0.83833730 2.2530E-30            2.5857E-29 3.6409E-08 1.0417E-08 2.0297E-07 1.0578E-07 2.3938E-07 2.43E-06 4.64E-06   0.176 0.6000 7.2893E-06   1193.101
13551.00 0.85310698 2.2092E-30            2.5106E-29 3.8911E-08 1.0818E-08 2.1850E-07 1.1312E-07 2.5741E-07 2.59E-06 4.73E-06   0.159 0.6000 7.4378E-06   1199.153
13561.00 0.83853090 2.0602E-30            2.3565E-29 3.7418E-08 1.0689E-08 2.0820E-07 1.0836E-07 2.4561E-07 2.49E-06 4.74E-06   0.176 0.6000 7.4514E-06   1196.422
13571.00 0.82108980 1.9073E-30            2.2011E-29 3.5372E-08 1.0446E-08 1.9432E-07 1.0199E-07 2.2970E-07 2.34E-06 4.70E-06   0.197 0.6000 7.3967E-06   1192.244
13581.00 0.81698382 1.8061E-30            2.0900E-29 3.4227E-08 1.0301E-08 1.8738E-07 9.8810E-08 2.2161E-07 2.27E-06 4.66E-06   0.202 0.6000 7.3305E-06   1190.358
13591.00 0.83484203 1.7835E-30            2.0381E-29 3.6092E-08 1.0462E-08 1.9952E-07 1.0420E-07 2.3561E-07 2.39E-06 4.63E-06   0.181 0.6000 7.2885E-06   1195.534
13601.00 0.82089669 1.6689E-30            1.9136E-29 3.5780E-08 1.0496E-08 1.9514E-07 1.0186E-07 2.3092E-07 2.34E-06 4.70E-06   0.197 0.6000 7.3844E-06   1194.783
13611.00 0.82200968 1.5966E-30            1.8278E-29 3.6191E-08 1.0623E-08 1.9755E-07 1.0339E-07 2.3374E-07 2.37E-06 4.74E-06   0.196 0.6000 7.4548E-06   1196.390
13621.00 0.85009450 1.6042E-30            1.8043E-29 3.9436E-08 1.0986E-08 2.1841E-07 1.1271E-07 2.5785E-07 2.58E-06 4.75E-06   0.162 0.6000 7.4763E-06   1204.327
13631.00 0.79574388 1.5808E-30            1.6127E-29 3.4143E-08 1.0334E-08 1.8231E-07 9.6196E-08 2.1645E-07 2.21E-06 4.70E-06   0.228 0.6000 7.3964E-06   1192.229
13641.00 0.80827236 1.5410E-30            1.5625E-29 3.4489E-08 1.0284E-08 1.8505E-07 9.6431E-08 2.1954E-07 2.21E-06 4.62E-06   0.213 0.6000 7.2736E-06   1193.972
13651.00 0.81677616 1.4149E-30            1.5069E-29 3.5328E-08 1.0394E-08 1.9080E-07 9.9250E-08 2.2613E-07 2.28E-06 4.63E-06   0.202 0.6000 7.2899E-06   1196.840
13661.00 0.73076779 1.4633E-30            1.2876E-29 2.9037E-08 9.6542E-09 1.4605E-07 7.7813E-08 1.7509E-07 1.78E-06 4.68E-06   0.314 0.6000 7.3809E-06   1179.179
13671.00 0.72374707 1.3255E-30            1.2171E-29 2.6916E-08 9.4595E-09 1.3284E-07 7.1743E-08 1.5976E-07 1.65E-06 4.65E-06   0.323 0.6000 7.3220E-06   1173.434
13681.00 0.73664123 1.2772E-30            1.1815E-29 2.8657E-08 9.4922E-09 1.4307E-07 7.6011E-08 1.7173E-07 1.74E-06 4.57E-06   0.306 0.6000 7.2028E-06   1179.224
13691.00 0.69178039 1.3035E-30            1.0579E-29 2.6097E-08 9.3073E-09 1.2362E-07 6.6743E-08 1.4971E-07 1.53E-06 4.69E-06   0.368 0.6000 7.3972E-06   1170.313
13701.00 0.75492156 1.1257E-30            1.1035E-29 2.9767E-08 9.9130E-09 1.5134E-07 8.1273E-08 1.8110E-07 1.86E-06 4.67E-06   0.281 0.6000 7.3541E-06   1184.406
13711.00 0.65697771 1.0684E-30            9.1626E-30 2.2341E-08 8.5289E-09 1.0016E-07 5.5825E-08 1.2250E-07 1.28E-06 4.45E-06   0.420 0.6000 7.0258E-06   1157.919
13721.00 0.76271170 1.1232E-30            1.0133E-29 3.1199E-08 9.7282E-09 1.5857E-07 8.3711E-08 1.8977E-07 1.92E-06 4.50E-06   0.271 0.6000 7.1045E-06   1189.164
13731.00 0.73068035 1.0319E-30            9.2980E-30 2.8409E-08 9.6031E-09 1.4026E-07 7.4489E-08 1.6866E-07 1.71E-06 4.63E-06   0.314 0.6000 7.3140E-06   1181.483
13741.00 0.62432426 1.3260E-30            7.5547E-30 2.2870E-08 8.6270E-09 9.8153E-08 5.2834E-08 1.2102E-07 1.21E-06 4.65E-06   0.471 0.6000 7.3536E-06   1159.182
13751.00 0.74505544 8.5413E-31            8.6111E-30 3.0782E-08 1.0002E-08 1.5325E-07 8.0352E-08 1.8403E-07 1.84E-06 4.71E-06   0.294 0.6000 7.4416E-06   1189.093
13761.00 0.67396206 8.9845E-31            7.4449E-30 2.5910E-08 9.1983E-09 1.1883E-07 6.4188E-08 1.4474E-07 1.47E-06 4.65E-06   0.395 0.6000 7.3658E-06   1172.875
13771.00 0.71572369 7.9453E-31            7.5358E-30 2.6318E-08 9.5060E-09 1.2572E-07 6.8457E-08 1.5204E-07 1.57E-06 4.62E-06   0.334 0.6000 7.2949E-06   1177.005
13781.00 0.66554654 1.0958E-30            6.6998E-30 2.6780E-08 9.2294E-09 1.2372E-07 6.5889E-08 1.5050E-07 1.51E-06 4.66E-06   0.407 0.6000 7.3832E-06   1176.997
13791.00 0.70170784 8.2199E-31            6.7228E-30 2.7156E-08 9.5045E-09 1.2878E-07 6.9268E-08 1.5593E-07 1.59E-06 4.64E-06   0.354 0.6000 7.3406E-06   1180.184
13801.00 0.66228467 9.1992E-31            6.0686E-30 2.6422E-08 9.1799E-09 1.1884E-07 6.3860E-08 1.4526E-07 1.46E-06 4.63E-06   0.412 0.6000 7.3445E-06   1175.928
13811.00 0.69020212 7.2796E-31            6.0305E-30 2.7879E-08 9.4628E-09 1.3173E-07 6.9542E-08 1.5961E-07 1.59E-06 4.64E-06   0.371 0.6000 7.3600E-06   1183.228
13821.00 0.63857085 8.9980E-31            5.3168E-30 2.5292E-08 9.0116E-09 1.1056E-07 5.8903E-08 1.3585E-07 1.35E-06 4.67E-06   0.449 0.6000 7.4156E-06   1172.680
13831.00 0.77369374 6.6916E-31            6.1547E-30 3.3259E-08 1.0332E-08 1.6798E-07 8.7197E-08 2.0124E-07 2.00E-06 4.64E-06   0.257 0.6000 7.3440E-06   1201.208
13841.00 0.79481411 6.2185E-31            6.0331E-30 3.4304E-08 1.0274E-08 1.7590E-07 9.1268E-08 2.1021E-07 2.09E-06 4.49E-06   0.230 0.6000 7.1063E-06   1205.091
13851.00 0.79725069 5.7338E-31            5.7799E-30 3.4322E-08 1.0573E-08 1.7579E-07 9.1402E-08 2.1012E-07 2.10E-06 4.63E-06   0.227 0.6000 7.3322E-06   1205.772
13861.00 0.80047709 5.3988E-31            5.5387E-30 3.4750E-08 1.0609E-08 1.7794E-07 9.2485E-08 2.1269E-07 2.12E-06 4.62E-06   0.223 0.6000 7.3065E-06   1207.375
13871.00 0.69617099 5.5707E-31            4.6022E-30 2.6998E-08 9.1873E-09 1.2485E-07 6.6262E-08 1.5185E-07 1.52E-06 4.44E-06   0.362 0.6000 7.0523E-06   1183.939
13881.00 0.60639346 6.6218E-31            3.8221E-30 2.2897E-08 8.6133E-09 9.4552E-08 5.0779E-08 1.1745E-07 1.16E-06 4.59E-06   0.500 0.6000 7.3060E-06   1166.860
13891.00 0.63531411 6.3603E-31            3.8166E-30 2.2947E-08 8.8266E-09 9.7365E-08 5.3541E-08 1.2031E-07 1.23E-06 4.55E-06   0.454 0.6000 7.2275E-06   1169.199
13901.00 0.62064773 6.2863E-31            3.5567E-30 2.3108E-08 8.5368E-09 9.6097E-08 5.1941E-08 1.1921E-07 1.19E-06 4.45E-06   0.477 0.6000 7.0741E-06   1169.261
13911.00 0.57759970 6.4535E-31            3.1662E-30 2.2072E-08 8.1615E-09 8.7499E-08 4.6838E-08 1.0957E-07 1.07E-06 4.41E-06   0.549 0.6000 7.0323E-06   1164.220
13921.00 0.66509598 5.1133E-31            3.4728E-30 2.6015E-08 9.1008E-09 1.1503E-07 6.1144E-08 1.4104E-07 1.40E-06 4.48E-06   0.408 0.6000 7.1195E-06   1182.272
13931.00 0.63179570 4.8869E-31            3.1526E-30 2.3595E-08 8.9744E-09 1.0006E-07 5.5265E-08 1.2365E-07 1.27E-06 4.57E-06   0.459 0.6000 7.2560E-06   1173.854
13941.00 0.64389342 5.1342E-31            3.0618E-30 2.4084E-08 9.2677E-09 1.0229E-07 5.6274E-08 1.2638E-07 1.29E-06 4.65E-06   0.440 0.6000 7.3884E-06   1176.049
13951.00 0.73879921 3.4326E-31            3.3503E-30 2.8513E-08 9.7828E-09 1.3407E-07 7.0687E-08 1.6258E-07 1.62E-06 4.46E-06   0.303 0.6000 7.0864E-06   1194.384
13961.00 0.82375324 3.2879E-31            3.5689E-30 3.7395E-08 1.1007E-08 1.9102E-07 9.7697E-08 2.2842E-07 2.24E-06 4.58E-06   0.194 0.6000 7.2741E-06   1219.760
13971.00 0.83939040 3.2375E-31            3.4707E-30 3.9571E-08 1.1262E-08 2.0416E-07 1.0393E-07 2.4373E-07 2.38E-06 4.60E-06   0.175 0.6000 7.3034E-06   1225.303
13981.00 0.83304405 3.0590E-31            3.2882E-30 3.7626E-08 1.0873E-08 1.9300E-07 9.8252E-08 2.3062E-07 2.25E-06 4.47E-06   0.183 0.6000 7.1012E-06   1221.902
13991.00 0.84601974 2.9975E-31            3.1860E-30 3.9822E-08 1.1140E-08 2.0595E-07 1.0434E-07 2.4577E-07 2.39E-06 4.50E-06   0.167 0.6000 7.1508E-06   1227.359
14001.00 0.85181326 2.8970E-31            3.0617E-30 4.1841E-08 1.1560E-08 2.1673E-07 1.0955E-07 2.5857E-07 2.51E-06 4.64E-06   0.160 0.6000 7.3618E-06   1231.887
14011.00 0.85666376 2.7960E-31            2.9383E-30 4.2536E-08 1.1588E-08 2.2045E-07 1.1115E-07 2.6299E-07 2.55E-06 4.61E-06   0.155 0.6000 7.3230E-06   1233.885
14021.00 0.85118908 2.6422E-31            2.7864E-30 4.0619E-08 1.1267E-08 2.0946E-07 1.0569E-07 2.5008E-07 2.42E-06 4.51E-06   0.161 0.6000 7.1568E-06   1230.812
14031.00 0.85942489 2.5673E-31            2.6845E-30 4.2762E-08 1.1578E-08 2.2101E-07 1.1115E-07 2.6377E-07 2.55E-06 4.57E-06   0.151 0.6000 7.2644E-06   1235.547
14041.00 0.85729957 2.4450E-31            2.5558E-30 4.2496E-08 1.1555E-08 2.1921E-07 1.1043E-07 2.6170E-07 2.53E-06 4.57E-06   0.154 0.6000 7.2526E-06   1235.671
14051.00 0.85966969 2.3474E-31            2.4456E-30 4.2893E-08 1.1592E-08 2.2106E-07 1.1115E-07 2.6395E-07 2.55E-06 4.56E-06   0.151 0.6000 7.2437E-06   1237.036
14061.00 0.85491276 2.2227E-31            2.3212E-30 4.2206E-08 1.1566E-08 2.1652E-07 1.0889E-07 2.5872E-07 2.50E-06 4.57E-06   0.157 0.6000 7.2598E-06   1236.242
14071.00 0.85280973 2.1158E-31            2.2095E-30 4.2663E-08 1.1746E-08 2.1822E-07 1.0973E-07 2.6089E-07 2.52E-06 4.64E-06   0.159 0.6000 7.3793E-06   1237.590
14081.00 0.85070324 2.0132E-31            2.1033E-30 4.2347E-08 1.1747E-08 2.1600E-07 1.0862E-07 2.5835E-07 2.49E-06 4.65E-06   0.162 0.6000 7.3891E-06   1237.568
14091.00 0.85365951 1.9355E-31            2.0141E-30 4.2564E-08 1.1697E-08 2.1704E-07 1.0912E-07 2.5961E-07 2.50E-06 4.60E-06   0.158 0.6000 7.3099E-06   1238.655
14101.00 0.85011208 1.8399E-31            1.9144E-30 4.1779E-08 1.1532E-08 2.1203E-07 1.0650E-07 2.5381E-07 2.44E-06 4.54E-06   0.162 0.6000 7.2252E-06   1237.665
14111.00 0.85677797 1.7808E-31            1.8408E-30 4.2697E-08 1.1594E-08 2.1727E-07 1.0890E-07 2.5997E-07 2.50E-06 4.52E-06   0.155 0.6000 7.1951E-06   1240.195
14121.00 0.84086889 1.6504E-31            1.7246E-30 4.1435E-08 1.1721E-08 2.0842E-07 1.0501E-07 2.4986E-07 2.41E-06 4.65E-06   0.173 0.6000 7.4015E-06   1237.914
14131.00 0.84582311 1.5912E-31            1.6550E-30 4.1993E-08 1.1764E-08 2.1160E-07 1.0629E-07 2.5359E-07 2.44E-06 4.64E-06   0.167 0.6000 7.3775E-06   1239.751
14141.00 0.85155231 1.5391E-31            1.5903E-30 4.1552E-08 1.1455E-08 2.0978E-07 1.0518E-07 2.5134E-07 2.41E-06 4.47E-06   0.161 0.6000 7.1188E-06   1239.792
14151.00 0.83734101 1.4314E-31            1.4922E-30 4.0620E-08 1.1580E-08 2.0311E-07 1.0257E-07 2.4373E-07 2.35E-06 4.58E-06   0.178 0.6000 7.2975E-06   1238.192
14161.00 0.83881134 1.3717E-31            1.4265E-30 4.0781E-08 1.1601E-08 2.0401E-07 1.0306E-07 2.4479E-07 2.36E-06 4.57E-06   0.176 0.6000 7.2867E-06   1239.233
14171.00 0.83138818 1.2958E-31            1.3496E-30 4.0186E-08 1.1523E-08 1.9950E-07 1.0073E-07 2.3969E-07 2.31E-06 4.57E-06   0.185 0.6000 7.2819E-06   1238.362
14181.00 0.82713240 1.2272E-31            1.2805E-30 4.0252E-08 1.1646E-08 1.9883E-07 1.0041E-07 2.3908E-07 2.30E-06 4.63E-06   0.190 0.6000 7.3827E-06   1238.886
14191.00 0.84928048 1.2226E-31            1.2551E-30 4.3131E-08 1.1926E-08 2.1550E-07 1.0785E-07 2.5863E-07 2.47E-06 4.62E-06   0.163 0.6000 7.3659E-06   1245.545
14201.00 0.81374037 1.0992E-31            1.1480E-30 3.8859E-08 1.1362E-08 1.8975E-07 9.5982E-08 2.2861E-07 2.20E-06 4.56E-06   0.206 0.6000 7.2675E-06   1236.953
14211.00 0.85068995 1.1231E-31            1.1444E-30 4.3586E-08 1.1839E-08 2.1714E-07 1.0835E-07 2.6073E-07 2.48E-06 4.55E-06   0.162 0.6000 7.2579E-06   1247.592
14221.00 0.82807052 1.0316E-31            1.0645E-30 4.0616E-08 1.1567E-08 1.9950E-07 1.0040E-07 2.4011E-07 2.30E-06 4.55E-06   0.189 0.6000 7.2581E-06   1242.067
14231.00 0.79983687 9.3343E-32            9.7989E-31 3.6580E-08 1.1045E-08 1.7610E-07 8.9652E-08 2.1268E-07 2.06E-06 4.47E-06   0.223 0.6000 7.1422E-06   1233.699
14241.00 0.81796372 9.2103E-32            9.5680E-31 3.8573E-08 1.1352E-08 1.8791E-07 9.5119E-08 2.2648E-07 2.18E-06 4.50E-06   0.201 0.6000 7.1894E-06   1239.101
14251.00 0.80541402 8.6143E-32            8.9861E-31 3.6805E-08 1.0983E-08 1.7709E-07 8.9693E-08 2.1390E-07 2.06E-06 4.40E-06   0.216 0.6000 7.0286E-06   1235.543
14261.00 0.82096350 8.4548E-32            8.7440E-31 3.9058E-08 1.1446E-08 1.8937E-07 9.5275E-08 2.2843E-07 2.18E-06 4.52E-06   0.197 0.6000 7.2140E-06   1241.167
14271.00 0.79486489 7.6989E-32            8.0792E-31 3.5901E-08 1.1056E-08 1.7065E-07 8.6558E-08 2.0655E-07 1.99E-06 4.49E-06   0.230 0.6000 7.1715E-06   1234.363
14281.00 0.81731486 7.7088E-32            7.9289E-31 3.9340E-08 1.1405E-08 1.8978E-07 9.5206E-08 2.2912E-07 2.18E-06 4.49E-06   0.202 0.6000 7.1755E-06   1242.820
 -9999.
