T F 2    2    2    0    2    2    2    2    2    2    1    0    0   0.0000.00000
    1    1    1    0    0    0  23.00000   0.00000   0.00000   0.00000   0.00000
 -99.000 -99.000 -99.000
 -99.00000 -99.00000 -99.00000  2.922360  0.000710 ! H2O & O3 COLUMNS [GM/CM2]
   36MID-LATITUDE SUMMER 
  20.00000  10.00000 106.74603  35.00042   0.30093   0.00000    0        0.00000
    0    0  172    0
   0.00000   0.00000   0.00000  70.00331   0.00000 180.00000   0.00000   0.00000
    9091.0   14286.0      10.0      10.0NW              
    0   0    0.000  0    0.000  0    1.000
    FREQ  TOT_TRANS  PTH_THRML  THRML_SCT  SURF_EMIS   SOL_SCAT  SING_SCAT  GRND_RFLT  DRCT_RFLT  TOTAL_RAD  REF_SOL  SOL@OBS   DEPTH DIR_EM    TOA_SUN BBODY_T[K]
 9091.00 0.98753893 1.2107E-27 0.0000E+00 0.0000E+00 4.8099E-09 4.8099E-09 0.0000E+00 0.0000E+00 4.8099E-09 6.75E-06 6.90E-06   0.013 1.0000 6.9214E-06    686.923
 9101.00 0.98849916 9.4593E-28 0.0000E+00 0.0000E+00 4.7103E-09 4.7103E-09 0.0000E+00 0.0000E+00 4.7103E-09 6.59E-06 6.73E-06   0.012 1.0000 6.7529E-06    686.805
 9111.00 0.98901993 7.8363E-28 0.0000E+00 0.0000E+00 4.7396E-09 4.7396E-09 0.0000E+00 0.0000E+00 4.7396E-09 6.62E-06 6.75E-06   0.011 1.0000 6.7702E-06    687.664
 9121.00 0.98887879 7.5328E-28 0.0000E+00 0.0000E+00 4.7466E-09 4.7466E-09 0.0000E+00 0.0000E+00 4.7466E-09 6.60E-06 6.74E-06   0.011 1.0000 6.7570E-06    688.353
 9131.00 0.98866659 7.4193E-28 0.0000E+00 0.0000E+00 4.7346E-09 4.7346E-09 0.0000E+00 0.0000E+00 4.7346E-09 6.56E-06 6.70E-06   0.011 1.0000 6.7175E-06    688.897
 9141.00 0.98928213 5.9693E-28 0.0000E+00 0.0000E+00 4.5585E-09 4.5585E-09 0.0000E+00 0.0000E+00 4.5585E-09 6.30E-06 6.43E-06   0.011 1.0000 6.4440E-06    688.165
 9151.00 0.98813719 7.2663E-28 0.0000E+00 0.0000E+00 4.8686E-09 4.8686E-09 0.0000E+00 0.0000E+00 4.8686E-09 6.69E-06 6.84E-06   0.012 1.0000 6.8615E-06    691.180
 9161.00 0.98939103 5.0495E-28 0.0000E+00 0.0000E+00 4.9393E-09 4.9393E-09 0.0000E+00 0.0000E+00 4.9393E-09 6.78E-06 6.91E-06   0.011 1.0000 6.9345E-06    692.340
 9171.00 0.98872441 5.5990E-28 0.0000E+00 0.0000E+00 4.9933E-09 4.9933E-09 0.0000E+00 0.0000E+00 4.9933E-09 6.82E-06 6.97E-06   0.011 1.0000 6.9883E-06    693.373
 9181.00 0.98911870 4.7391E-28 0.0000E+00 0.0000E+00 4.9288E-09 4.9288E-09 0.0000E+00 0.0000E+00 4.9288E-09 6.72E-06 6.85E-06   0.011 1.0000 6.8738E-06    693.536
 9191.00 0.98934650 4.1433E-28 0.0000E+00 0.0000E+00 4.9311E-09 4.9311E-09 0.0000E+00 0.0000E+00 4.9311E-09 6.70E-06 6.83E-06   0.011 1.0000 6.8531E-06    694.190
 9201.00 0.98874778 4.5165E-28 0.0000E+00 0.0000E+00 4.8939E-09 4.8939E-09 0.0000E+00 0.0000E+00 4.8939E-09 6.62E-06 6.76E-06   0.011 1.0000 6.7792E-06    694.550
 9211.00 0.98867422 4.3143E-28 0.0000E+00 0.0000E+00 5.0904E-09 5.0904E-09 0.0000E+00 0.0000E+00 5.0904E-09 6.86E-06 7.01E-06   0.011 1.0000 7.0277E-06    696.624
 9221.00 0.98902249 3.6522E-28 0.0000E+00 0.0000E+00 5.0655E-09 5.0655E-09 0.0000E+00 0.0000E+00 5.0655E-09 6.81E-06 6.95E-06   0.011 1.0000 6.9689E-06    697.082
 9231.00 0.98884612 3.5656E-28 0.0000E+00 0.0000E+00 4.9558E-09 4.9558E-09 0.0000E+00 0.0000E+00 4.9558E-09 6.64E-06 6.77E-06   0.011 1.0000 6.7955E-06    696.917
 9241.00 0.98897648 3.1764E-28 0.0000E+00 0.0000E+00 4.9647E-09 4.9647E-09 0.0000E+00 0.0000E+00 4.9647E-09 6.63E-06 6.76E-06   0.011 1.0000 6.7842E-06    697.618
 9251.00 0.98870099 3.1658E-28 0.0000E+00 0.0000E+00 5.0665E-09 5.0665E-09 0.0000E+00 0.0000E+00 5.0665E-09 6.74E-06 6.88E-06   0.011 1.0000 6.9007E-06    698.999
 9261.00 0.98864019 2.9659E-28 0.0000E+00 0.0000E+00 5.1523E-09 5.1523E-09 0.0000E+00 0.0000E+00 5.1523E-09 6.83E-06 6.97E-06   0.011 1.0000 6.9947E-06    700.253
 9271.00 0.98863298 2.7189E-28 0.0000E+00 0.0000E+00 5.0820E-09 5.0820E-09 0.0000E+00 0.0000E+00 5.0820E-09 6.71E-06 6.86E-06   0.011 1.0000 6.8762E-06    700.384
 9281.00 0.98822123 2.7662E-28 0.0000E+00 0.0000E+00 5.2145E-09 5.2145E-09 0.0000E+00 0.0000E+00 5.2145E-09 6.86E-06 7.01E-06   0.012 1.0000 7.0330E-06    701.969
 9291.00 0.98817563 2.5277E-28 0.0000E+00 0.0000E+00 5.2172E-09 5.2172E-09 0.0000E+00 0.0000E+00 5.2172E-09 6.84E-06 6.99E-06   0.012 1.0000 7.0135E-06    702.625
 9301.00 0.98777580 2.5122E-28 0.0000E+00 0.0000E+00 5.1218E-09 5.1218E-09 0.0000E+00 0.0000E+00 5.1218E-09 6.69E-06 6.84E-06   0.012 1.0000 6.8637E-06    702.581
 9311.00 0.98741472 2.4375E-28 0.0000E+00 0.0000E+00 5.2284E-09 5.2284E-09 0.0000E+00 0.0000E+00 5.2284E-09 6.80E-06 6.96E-06   0.013 1.0000 6.9849E-06    703.978
 9321.00 0.98691130 2.4071E-28 0.0000E+00 0.0000E+00 5.1700E-09 5.1700E-09 0.0000E+00 0.0000E+00 5.1700E-09 6.70E-06 6.86E-06   0.013 1.0000 6.8861E-06    704.199
 9331.00 0.98629314 2.3915E-28 0.0000E+00 0.0000E+00 5.2784E-09 5.2784E-09 0.0000E+00 0.0000E+00 5.2784E-09 6.81E-06 6.99E-06   0.014 1.0000 7.0103E-06    705.604
 9341.00 0.98562425 2.3858E-28 0.0000E+00 0.0000E+00 5.2702E-09 5.2702E-09 0.0000E+00 0.0000E+00 5.2702E-09 6.77E-06 6.96E-06   0.014 1.0000 6.9794E-06    706.184
 9351.00 0.98477858 2.4107E-28 0.0000E+00 0.0000E+00 5.0774E-09 5.0774E-09 0.0000E+00 0.0000E+00 5.0774E-09 6.50E-06 6.68E-06   0.015 1.0000 6.7060E-06    705.439
 9361.00 0.98331475 2.4894E-28 0.0000E+00 0.0000E+00 5.2459E-09 5.2459E-09 0.0000E+00 0.0000E+00 5.2459E-09 6.68E-06 6.89E-06   0.017 1.0000 6.9146E-06    707.286
 9371.00 0.98312610 2.3990E-28 0.0000E+00 0.0000E+00 5.3332E-09 5.3332E-09 0.0000E+00 0.0000E+00 5.3332E-09 6.77E-06 6.98E-06   0.017 1.0000 7.0062E-06    708.536
 9381.00 0.98295271 2.2865E-28 0.0000E+00 0.0000E+00 5.3250E-09 5.3250E-09 0.0000E+00 0.0000E+00 5.3250E-09 6.73E-06 6.95E-06   0.017 1.0000 6.9727E-06    709.116
 9391.00 0.98300821 2.1470E-28 0.0000E+00 0.0000E+00 5.4349E-09 5.4349E-09 0.0000E+00 0.0000E+00 5.4349E-09 6.85E-06 7.07E-06   0.017 1.0000 7.0927E-06    710.515
 9401.00 0.98338944 1.9744E-28 0.0000E+00 0.0000E+00 5.4137E-09 5.4137E-09 0.0000E+00 0.0000E+00 5.4137E-09 6.80E-06 7.01E-06   0.017 1.0000 7.0394E-06    711.006
 9411.00 0.98393369 1.7977E-28 0.0000E+00 0.0000E+00 5.4213E-09 5.4213E-09 0.0000E+00 0.0000E+00 5.4213E-09 6.79E-06 7.00E-06   0.016 1.0000 7.0221E-06    711.695
 9421.00 0.98426455 1.6515E-28 0.0000E+00 0.0000E+00 5.4277E-09 5.4277E-09 0.0000E+00 0.0000E+00 5.4277E-09 6.78E-06 6.98E-06   0.016 1.0000 7.0055E-06    712.377
 9431.00 0.98448366 1.5289E-28 0.0000E+00 0.0000E+00 5.4173E-09 5.4173E-09 0.0000E+00 0.0000E+00 5.4173E-09 6.75E-06 6.94E-06   0.016 1.0000 6.9676E-06    712.942
 9441.00 0.98475927 1.4086E-28 0.0000E+00 0.0000E+00 5.4208E-09 5.4208E-09 0.0000E+00 0.0000E+00 5.4208E-09 6.73E-06 6.92E-06   0.015 1.0000 6.9484E-06    713.603
 9451.00 0.98517817 1.2814E-28 0.0000E+00 0.0000E+00 5.4613E-09 5.4613E-09 0.0000E+00 0.0000E+00 5.4613E-09 6.77E-06 6.95E-06   0.015 1.0000 6.9764E-06    714.519
 9461.00 0.98564488 1.1587E-28 0.0000E+00 0.0000E+00 5.5678E-09 5.5678E-09 0.0000E+00 0.0000E+00 5.5678E-09 6.88E-06 7.07E-06   0.014 1.0000 7.0891E-06    715.882
 9471.00 0.98608333 1.0486E-28 0.0000E+00 0.0000E+00 5.5871E-09 5.5871E-09 0.0000E+00 0.0000E+00 5.5871E-09 6.89E-06 7.07E-06   0.014 1.0000 7.0904E-06    716.649
 9481.00 0.98642385 9.5508E-29 0.0000E+00 0.0000E+00 5.6005E-09 5.6005E-09 0.0000E+00 0.0000E+00 5.6005E-09 6.89E-06 7.06E-06   0.014 1.0000 7.0848E-06    717.377
 9491.00 0.98663980 8.7816E-29 0.0000E+00 0.0000E+00 5.5719E-09 5.5719E-09 0.0000E+00 0.0000E+00 5.5719E-09 6.83E-06 7.00E-06   0.013 1.0000 7.0271E-06    717.821
 9501.00 0.98675680 8.1371E-29 0.0000E+00 0.0000E+00 5.6197E-09 5.6197E-09 0.0000E+00 0.0000E+00 5.6197E-09 6.87E-06 7.04E-06   0.013 1.0000 7.0663E-06    718.781
 9511.00 0.98699230 7.4893E-29 0.0000E+00 0.0000E+00 5.6424E-09 5.6424E-09 0.0000E+00 0.0000E+00 5.6424E-09 6.88E-06 7.05E-06   0.013 1.0000 7.0729E-06    719.571
 9521.00 0.98698777 7.0143E-29 0.0000E+00 0.0000E+00 5.6554E-09 5.6554E-09 0.0000E+00 0.0000E+00 5.6554E-09 6.88E-06 7.04E-06   0.013 1.0000 7.0689E-06    720.294
 9531.00 0.98699969 6.5896E-29 0.0000E+00 0.0000E+00 5.6838E-09 5.6838E-09 0.0000E+00 0.0000E+00 5.6838E-09 6.89E-06 7.06E-06   0.013 1.0000 7.0837E-06    721.122
 9541.00 0.98754817 5.9336E-29 0.0000E+00 0.0000E+00 5.7045E-09 5.7045E-09 0.0000E+00 0.0000E+00 5.7045E-09 6.90E-06 7.06E-06   0.013 1.0000 7.0847E-06    721.897
 9551.00 0.98761350 5.5447E-29 0.0000E+00 0.0000E+00 5.6679E-09 5.6679E-09 0.0000E+00 0.0000E+00 5.6679E-09 6.84E-06 6.99E-06   0.012 1.0000 7.0183E-06    722.290
 9561.00 0.98765492 5.1936E-29 0.0000E+00 0.0000E+00 5.6245E-09 5.6245E-09 0.0000E+00 0.0000E+00 5.6245E-09 6.76E-06 6.92E-06   0.012 1.0000 6.9440E-06    722.634
 9571.00 0.98770088 4.8693E-29 0.0000E+00 0.0000E+00 5.7465E-09 5.7465E-09 0.0000E+00 0.0000E+00 5.7465E-09 6.89E-06 7.05E-06   0.012 1.0000 7.0733E-06    724.087
 9581.00 0.98773396 4.5703E-29 0.0000E+00 0.0000E+00 5.7716E-09 5.7716E-09 0.0000E+00 0.0000E+00 5.7716E-09 6.90E-06 7.06E-06   0.012 1.0000 7.0833E-06    724.891
 9591.00 0.98774433 4.2987E-29 0.0000E+00 0.0000E+00 5.7502E-09 5.7502E-09 0.0000E+00 0.0000E+00 5.7502E-09 6.86E-06 7.01E-06   0.012 1.0000 7.0362E-06    725.386
 9601.00 0.98772854 4.0523E-29 0.0000E+00 0.0000E+00 5.8197E-09 5.8197E-09 0.0000E+00 0.0000E+00 5.8197E-09 6.92E-06 7.08E-06   0.012 1.0000 7.1006E-06    726.482
 9611.00 0.98768950 3.8250E-29 0.0000E+00 0.0000E+00 5.8021E-09 5.8021E-09 0.0000E+00 0.0000E+00 5.8021E-09 6.88E-06 7.03E-06   0.012 1.0000 7.0589E-06    727.003
 9621.00 0.98765957 3.6089E-29 0.0000E+00 0.0000E+00 5.8150E-09 5.8150E-09 0.0000E+00 0.0000E+00 5.8150E-09 6.87E-06 7.03E-06   0.012 1.0000 7.0542E-06    727.726
 9631.00 0.98768806 3.3904E-29 0.0000E+00 0.0000E+00 5.8283E-09 5.8283E-09 0.0000E+00 0.0000E+00 5.8283E-09 6.87E-06 7.03E-06   0.012 1.0000 7.0494E-06    728.450
 9641.00 0.98754531 3.2291E-29 0.0000E+00 0.0000E+00 5.8066E-09 5.8066E-09 0.0000E+00 0.0000E+00 5.8066E-09 6.82E-06 6.98E-06   0.013 1.0000 7.0036E-06    728.944
 9651.00 0.98768556 3.0094E-29 0.0000E+00 0.0000E+00 5.9128E-09 5.9128E-09 0.0000E+00 0.0000E+00 5.9128E-09 6.93E-06 7.09E-06   0.012 1.0000 7.1097E-06    730.276
 9661.00 0.98773241 2.8218E-29 0.0000E+00 0.0000E+00 5.8603E-09 5.8603E-09 0.0000E+00 0.0000E+00 5.8603E-09 6.85E-06 7.00E-06   0.012 1.0000 7.0258E-06    730.571
 9671.00 0.98771328 2.6630E-29 0.0000E+00 0.0000E+00 5.8788E-09 5.8788E-09 0.0000E+00 0.0000E+00 5.8788E-09 6.85E-06 7.00E-06   0.012 1.0000 7.0276E-06    731.329
 9681.00 0.98769510 2.5118E-29 0.0000E+00 0.0000E+00 5.8794E-09 5.8794E-09 0.0000E+00 0.0000E+00 5.8794E-09 6.83E-06 6.98E-06   0.012 1.0000 7.0080E-06    731.970
 9691.00 0.98766899 2.3730E-29 0.0000E+00 0.0000E+00 5.9804E-09 5.9804E-09 0.0000E+00 0.0000E+00 5.9804E-09 6.92E-06 7.08E-06   0.012 1.0000 7.1079E-06    733.263
 9701.00 0.98764503 2.2404E-29 0.0000E+00 0.0000E+00 5.9893E-09 5.9893E-09 0.0000E+00 0.0000E+00 5.9893E-09 6.91E-06 7.07E-06   0.012 1.0000 7.0980E-06    733.958
 9711.00 0.98762202 2.1138E-29 0.0000E+00 0.0000E+00 5.9936E-09 5.9936E-09 0.0000E+00 0.0000E+00 5.9936E-09 6.90E-06 7.06E-06   0.012 1.0000 7.0827E-06    734.622
 9721.00 0.98757809 2.0053E-29 0.0000E+00 0.0000E+00 6.0158E-09 6.0158E-09 0.0000E+00 0.0000E+00 6.0158E-09 6.90E-06 7.06E-06   0.012 1.0000 7.0883E-06    735.402
 9731.00 0.98752624 1.9056E-29 0.0000E+00 0.0000E+00 6.0668E-09 6.0668E-09 0.0000E+00 0.0000E+00 6.0668E-09 6.94E-06 7.10E-06   0.013 1.0000 7.1280E-06    736.367
 9741.00 0.98752618 1.7865E-29 0.0000E+00 0.0000E+00 6.0731E-09 6.0731E-09 0.0000E+00 0.0000E+00 6.0731E-09 6.93E-06 7.09E-06   0.013 1.0000 7.1148E-06    737.044
 9751.00 0.98749256 1.6891E-29 0.0000E+00 0.0000E+00 6.0998E-09 6.0998E-09 0.0000E+00 0.0000E+00 6.0998E-09 6.94E-06 7.10E-06   0.013 1.0000 7.1256E-06    737.852
 9761.00 0.98743421 1.6062E-29 0.0000E+00 0.0000E+00 6.1057E-09 6.1057E-09 0.0000E+00 0.0000E+00 6.1057E-09 6.93E-06 7.09E-06   0.013 1.0000 7.1121E-06    738.526
 9771.00 0.98734885 1.5397E-29 0.0000E+00 0.0000E+00 6.1335E-09 6.1335E-09 0.0000E+00 0.0000E+00 6.1335E-09 6.94E-06 7.10E-06   0.013 1.0000 7.1242E-06    739.340
 9781.00 0.98738974 1.4270E-29 0.0000E+00 0.0000E+00 6.0827E-09 6.0827E-09 0.0000E+00 0.0000E+00 6.0827E-09 6.86E-06 7.02E-06   0.013 1.0000 7.0450E-06    739.654
 9791.00 0.98736554 1.3452E-29 0.0000E+00 0.0000E+00 6.0947E-09 6.0947E-09 0.0000E+00 0.0000E+00 6.0947E-09 6.85E-06 7.01E-06   0.013 1.0000 7.0386E-06    740.367
 9801.00 0.98733062 1.2708E-29 0.0000E+00 0.0000E+00 6.1267E-09 6.1267E-09 0.0000E+00 0.0000E+00 6.1267E-09 6.87E-06 7.03E-06   0.013 1.0000 7.0554E-06    741.208
 9811.00 0.98722482 1.2232E-29 0.0000E+00 0.0000E+00 6.0774E-09 6.0774E-09 0.0000E+00 0.0000E+00 6.0774E-09 6.79E-06 6.95E-06   0.013 1.0000 6.9787E-06    741.530
 9821.00 0.98728758 1.1272E-29 0.0000E+00 0.0000E+00 6.1681E-09 6.1681E-09 0.0000E+00 0.0000E+00 6.1681E-09 6.87E-06 7.04E-06   0.013 1.0000 7.0623E-06    742.745
 9831.00 0.98722744 1.0722E-29 0.0000E+00 0.0000E+00 6.1982E-09 6.1982E-09 0.0000E+00 0.0000E+00 6.1982E-09 6.89E-06 7.05E-06   0.013 1.0000 7.0767E-06    743.572
 9841.00 0.98720294 1.0099E-29 0.0000E+00 0.0000E+00 6.1973E-09 6.1973E-09 0.0000E+00 0.0000E+00 6.1973E-09 6.87E-06 7.03E-06   0.013 1.0000 7.0554E-06    744.204
 9851.00 0.98713660 9.6205E-30 0.0000E+00 0.0000E+00 6.2114E-09 6.2114E-09 0.0000E+00 0.0000E+00 6.2114E-09 6.86E-06 7.03E-06   0.013 1.0000 7.0514E-06    744.930
 9861.00 0.98712778 9.0302E-30 0.0000E+00 0.0000E+00 6.2752E-09 6.2752E-09 0.0000E+00 0.0000E+00 6.2752E-09 6.91E-06 7.08E-06   0.013 1.0000 7.1034E-06    745.967
 9871.00 0.98709375 8.5243E-30 0.0000E+00 0.0000E+00 6.2994E-09 6.2994E-09 0.0000E+00 0.0000E+00 6.2994E-09 6.92E-06 7.08E-06   0.013 1.0000 7.1106E-06    746.755
 9881.00 0.98700160 8.1691E-30 0.0000E+00 0.0000E+00 6.3188E-09 6.3188E-09 0.0000E+00 0.0000E+00 6.3188E-09 6.92E-06 7.09E-06   0.013 1.0000 7.1125E-06    747.513
 9891.00 0.98701710 7.6192E-30 0.0000E+00 0.0000E+00 6.3387E-09 6.3387E-09 0.0000E+00 0.0000E+00 6.3387E-09 6.92E-06 7.09E-06   0.013 1.0000 7.1147E-06    748.274
 9901.00 0.98684818 7.4356E-30 0.0000E+00 0.0000E+00 6.3698E-09 6.3698E-09 0.0000E+00 0.0000E+00 6.3698E-09 6.93E-06 7.10E-06   0.013 1.0000 7.1297E-06    749.104
 9911.00 0.98679584 7.0552E-30 0.0000E+00 0.0000E+00 6.3701E-09 6.3701E-09 0.0000E+00 0.0000E+00 6.3701E-09 6.91E-06 7.08E-06   0.013 1.0000 7.1100E-06    749.743
 9921.00 0.98685741 6.5052E-30 0.0000E+00 0.0000E+00 6.3943E-09 6.3943E-09 0.0000E+00 0.0000E+00 6.3943E-09 6.92E-06 7.09E-06   0.013 1.0000 7.1166E-06    750.530
 9931.00 0.98686552 6.0731E-30 0.0000E+00 0.0000E+00 6.3751E-09 6.3751E-09 0.0000E+00 0.0000E+00 6.3751E-09 6.88E-06 7.05E-06   0.013 1.0000 7.0750E-06    751.048
 9941.00 0.98680532 5.7676E-30 0.0000E+00 0.0000E+00 6.1810E-09 6.1810E-09 0.0000E+00 0.0000E+00 6.1810E-09 6.65E-06 6.81E-06   0.013 1.0000 6.8405E-06    750.466
 9951.00 0.98677826 5.4365E-30 0.0000E+00 0.0000E+00 6.0684E-09 6.0684E-09 0.0000E+00 0.0000E+00 6.0684E-09 6.51E-06 6.67E-06   0.013 1.0000 6.6965E-06    750.378
 9961.00 0.98670393 5.1785E-30 0.0000E+00 0.0000E+00 6.3800E-09 6.3800E-09 0.0000E+00 0.0000E+00 6.3800E-09 6.83E-06 6.99E-06   0.013 1.0000 7.0208E-06    752.989
 9971.00 0.98667693 4.8744E-30 0.0000E+00 0.0000E+00 6.4604E-09 6.4604E-09 0.0000E+00 0.0000E+00 6.4604E-09 6.89E-06 7.06E-06   0.013 1.0000 7.0893E-06    754.122
 9981.00 0.98648375 4.7837E-30 0.0000E+00 0.0000E+00 6.5292E-09 6.5292E-09 0.0000E+00 0.0000E+00 6.5292E-09 6.94E-06 7.12E-06   0.014 1.0000 7.1451E-06    755.179
 9991.00 0.98663086 4.3113E-30 0.0000E+00 0.0000E+00 6.5419E-09 6.5419E-09 0.0000E+00 0.0000E+00 6.5419E-09 6.94E-06 7.11E-06   0.013 1.0000 7.1388E-06    755.894
10001.00 0.98654950 4.1125E-30 0.0000E+00 0.0000E+00 6.5274E-09 6.5274E-09 0.0000E+00 0.0000E+00 6.5274E-09 6.90E-06 7.08E-06   0.014 1.0000 7.1031E-06    756.443
10011.00 0.98652452 3.8634E-30 0.0000E+00 0.0000E+00 6.5566E-09 6.5566E-09 0.0000E+00 0.0000E+00 6.5566E-09 6.91E-06 7.09E-06   0.014 1.0000 7.1150E-06    757.257
10021.00 0.98647171 3.6506E-30 0.0000E+00 0.0000E+00 6.5895E-09 6.5895E-09 0.0000E+00 0.0000E+00 6.5895E-09 6.93E-06 7.10E-06   0.014 1.0000 7.1310E-06    758.094
10031.00 0.98643243 3.4365E-30 0.0000E+00 0.0000E+00 6.6084E-09 6.6084E-09 0.0000E+00 0.0000E+00 6.6084E-09 6.93E-06 7.10E-06   0.014 1.0000 7.1318E-06    758.846
10041.00 0.98636717 3.2500E-30 0.0000E+00 0.0000E+00 6.6121E-09 6.6121E-09 0.0000E+00 0.0000E+00 6.6121E-09 6.91E-06 7.09E-06   0.014 1.0000 7.1164E-06    759.505
10051.00 0.98630804 3.0689E-30 0.0000E+00 0.0000E+00 6.6326E-09 6.6326E-09 0.0000E+00 0.0000E+00 6.6326E-09 6.91E-06 7.09E-06   0.014 1.0000 7.1191E-06    760.266
10061.00 0.98624229 2.9139E-30 0.0000E+00 0.0000E+00 6.6608E-09 6.6608E-09 0.0000E+00 0.0000E+00 6.6608E-09 6.92E-06 7.10E-06   0.014 1.0000 7.1296E-06    761.073
10071.00 0.98608530 2.8311E-30 0.0000E+00 0.0000E+00 6.6722E-09 6.6722E-09 0.0000E+00 0.0000E+00 6.6722E-09 6.91E-06 7.09E-06   0.014 1.0000 7.1221E-06    761.778
10081.00 0.98610818 2.6135E-30 0.0000E+00 0.0000E+00 6.6724E-09 6.6724E-09 0.0000E+00 0.0000E+00 6.6724E-09 6.89E-06 7.07E-06   0.014 1.0000 7.1031E-06    762.416
10091.00 0.98601586 2.4981E-30 0.0000E+00 0.0000E+00 6.6734E-09 6.6734E-09 0.0000E+00 0.0000E+00 6.6734E-09 6.87E-06 7.05E-06   0.014 1.0000 7.0846E-06    763.059
10101.00 0.98597664 2.3989E-30 0.0000E+00 0.0000E+00 6.6484E-09 6.6484E-09 0.0000E+00 0.0000E+00 6.6484E-09 6.83E-06 7.01E-06   0.014 1.0000 7.0367E-06    763.545
10111.00 0.98610753 2.1964E-30 0.0000E+00 0.0000E+00 6.6519E-09 6.6519E-09 0.0000E+00 0.0000E+00 6.6519E-09 6.81E-06 6.99E-06   0.014 1.0000 7.0192E-06    764.204
10121.00 0.98594809 2.1437E-30 0.0000E+00 0.0000E+00 6.7561E-09 6.7561E-09 0.0000E+00 0.0000E+00 6.7561E-09 6.90E-06 7.08E-06   0.014 1.0000 7.1091E-06    765.465
10131.00 0.98586953 2.0527E-30 0.0000E+00 0.0000E+00 6.7433E-09 6.7433E-09 0.0000E+00 0.0000E+00 6.7433E-09 6.87E-06 7.05E-06   0.014 1.0000 7.0756E-06    766.025
10141.00 0.98594546 1.8891E-30 0.0000E+00 0.0000E+00 6.7681E-09 6.7681E-09 0.0000E+00 0.0000E+00 6.7681E-09 6.87E-06 7.05E-06   0.014 1.0000 7.0813E-06    766.810
10151.00 0.98536211 2.0195E-30 0.0000E+00 0.0000E+00 6.8163E-09 6.8163E-09 0.0000E+00 0.0000E+00 6.8163E-09 6.90E-06 7.08E-06   0.015 1.0000 7.1130E-06    767.734
10161.00 0.98557091 1.8122E-30 0.0000E+00 0.0000E+00 6.8123E-09 6.8123E-09 0.0000E+00 0.0000E+00 6.8123E-09 6.88E-06 7.06E-06   0.015 1.0000 7.0884E-06    768.347
10171.00 0.98503023 1.8980E-30 0.0000E+00 0.0000E+00 6.8305E-09 6.8305E-09 0.0000E+00 0.0000E+00 6.8305E-09 6.87E-06 7.06E-06   0.015 1.0000 7.0885E-06    769.092
10181.00 0.98498899 1.7983E-30 0.0000E+00 0.0000E+00 6.8837E-09 6.8837E-09 0.0000E+00 0.0000E+00 6.8837E-09 6.90E-06 7.10E-06   0.015 1.0000 7.1238E-06    770.043
10191.00 0.98511577 1.6368E-30 0.0000E+00 0.0000E+00 6.9134E-09 6.9134E-09 0.0000E+00 0.0000E+00 6.9134E-09 6.91E-06 7.11E-06   0.015 1.0000 7.1342E-06    770.854
10201.00 0.98322594 2.1204E-30 0.0000E+00 0.0000E+00 6.8688E-09 6.8688E-09 0.0000E+00 0.0000E+00 6.8688E-09 6.83E-06 7.04E-06   0.017 1.0000 7.0727E-06    771.229
10211.00 0.98299652 2.0660E-30 0.0000E+00 0.0000E+00 6.8508E-09 6.8508E-09 0.0000E+00 0.0000E+00 6.8508E-09 6.79E-06 7.01E-06   0.017 1.0000 7.0352E-06    771.759
10221.00 0.98250067 2.0617E-30 0.0000E+00 0.0000E+00 6.8861E-09 6.8861E-09 0.0000E+00 0.0000E+00 6.8861E-09 6.80E-06 7.02E-06   0.018 1.0000 7.0526E-06    772.604
10231.00 0.98406756 1.5328E-30 0.0000E+00 0.0000E+00 6.9418E-09 6.9418E-09 0.0000E+00 0.0000E+00 6.9418E-09 6.85E-06 7.06E-06   0.016 1.0000 7.0865E-06    773.568
10241.00 0.98130596 2.0906E-30 0.0000E+00 0.0000E+00 6.9038E-09 6.9038E-09 0.0000E+00 0.0000E+00 6.9038E-09 6.77E-06 7.00E-06   0.019 1.0000 7.0343E-06    773.982
10251.00 0.97976941 2.3005E-30 0.0000E+00 0.0000E+00 7.0012E-09 7.0012E-09 0.0000E+00 0.0000E+00 7.0012E-09 6.83E-06 7.09E-06   0.020 1.0000 7.1175E-06    775.189
10261.00 0.97974187 2.1524E-30 0.0000E+00 0.0000E+00 6.9051E-09 6.9051E-09 0.0000E+00 0.0000E+00 6.9051E-09 6.72E-06 6.97E-06   0.020 1.0000 7.0004E-06    775.263
10271.00 0.98156440 1.6994E-30 0.0000E+00 0.0000E+00 6.9534E-09 6.9534E-09 0.0000E+00 0.0000E+00 6.9534E-09 6.76E-06 7.00E-06   0.019 1.0000 7.0253E-06    776.183
10281.00 0.98241359 1.4190E-30 0.0000E+00 0.0000E+00 7.0558E-09 7.0558E-09 0.0000E+00 0.0000E+00 7.0558E-09 6.85E-06 7.08E-06   0.018 1.0000 7.1074E-06    777.417
10291.00 0.98202544 1.3977E-30 0.0000E+00 0.0000E+00 7.0868E-09 7.0868E-09 0.0000E+00 0.0000E+00 7.0868E-09 6.86E-06 7.09E-06   0.018 1.0000 7.1198E-06    778.233
10301.00 0.98278528 1.1791E-30 0.0000E+00 0.0000E+00 7.0483E-09 7.0483E-09 0.0000E+00 0.0000E+00 7.0483E-09 6.81E-06 7.03E-06   0.017 1.0000 7.0598E-06    778.647
10311.00 0.98321581 1.0518E-30 0.0000E+00 0.0000E+00 7.1156E-09 7.1156E-09 0.0000E+00 0.0000E+00 7.1156E-09 6.86E-06 7.08E-06   0.017 1.0000 7.1065E-06    779.673
10321.00 0.98277903 1.0347E-30 0.0000E+00 0.0000E+00 7.1112E-09 7.1112E-09 0.0000E+00 0.0000E+00 7.1112E-09 6.83E-06 7.05E-06   0.017 1.0000 7.0834E-06    780.285
10331.00 0.98139149 1.1706E-30 0.0000E+00 0.0000E+00 7.0848E-09 7.0848E-09 0.0000E+00 0.0000E+00 7.0848E-09 6.78E-06 7.01E-06   0.019 1.0000 7.0410E-06    780.768
10341.00 0.97803253 1.5374E-30 0.0000E+00 0.0000E+00 7.1366E-09 7.1366E-09 0.0000E+00 0.0000E+00 7.1366E-09 6.77E-06 7.05E-06   0.022 1.0000 7.0807E-06    781.704
10351.00 0.97769833 1.5056E-30 0.0000E+00 0.0000E+00 7.0213E-09 7.0213E-09 0.0000E+00 0.0000E+00 7.0213E-09 6.64E-06 6.92E-06   0.023 1.0000 6.9482E-06    781.672
10361.00 0.97843468 1.3244E-30 0.0000E+00 0.0000E+00 7.1381E-09 7.1381E-09 0.0000E+00 0.0000E+00 7.1381E-09 6.74E-06 7.01E-06   0.022 1.0000 7.0420E-06    782.986
10371.00 0.97507000 1.6082E-30 0.0000E+00 0.0000E+00 7.1335E-09 7.1335E-09 0.0000E+00 0.0000E+00 7.1335E-09 6.69E-06 6.99E-06   0.025 1.0000 7.0259E-06    783.596
10381.00 0.97872394 1.1333E-30 0.0000E+00 0.0000E+00 7.1657E-09 7.1657E-09 0.0000E+00 0.0000E+00 7.1657E-09 6.73E-06 7.00E-06   0.022 1.0000 7.0297E-06    784.419
10391.00 0.97207105 1.7259E-30 0.0000E+00 0.0000E+00 7.1551E-09 7.1551E-09 0.0000E+00 0.0000E+00 7.1551E-09 6.64E-06 6.98E-06   0.028 1.0000 7.0152E-06    784.994
10401.00 0.97825199 1.0555E-30 0.0000E+00 0.0000E+00 7.2924E-09 7.2924E-09 0.0000E+00 0.0000E+00 7.2924E-09 6.81E-06 7.08E-06   0.022 1.0000 7.1156E-06    786.415
10411.00 0.97468472 1.3004E-30 0.0000E+00 0.0000E+00 7.1939E-09 7.1939E-09 0.0000E+00 0.0000E+00 7.1939E-09 6.66E-06 6.98E-06   0.026 1.0000 7.0090E-06    786.490
10421.00 0.97086143 1.5520E-30 0.0000E+00 0.0000E+00 7.3085E-09 7.3085E-09 0.0000E+00 0.0000E+00 7.3085E-09 6.71E-06 7.08E-06   0.030 1.0000 7.1097E-06    787.780
10431.00 0.97232991 1.3439E-30 0.0000E+00 0.0000E+00 7.3513E-09 7.3513E-09 0.0000E+00 0.0000E+00 7.3513E-09 6.75E-06 7.09E-06   0.028 1.0000 7.1282E-06    788.659
10441.00 0.97570395 1.0103E-30 0.0000E+00 0.0000E+00 7.2794E-09 7.2794E-09 0.0000E+00 0.0000E+00 7.2794E-09 6.70E-06 7.00E-06   0.025 1.0000 7.0319E-06    788.888
10451.00 0.96700531 1.5419E-30 0.0000E+00 0.0000E+00 7.2888E-09 7.2888E-09 0.0000E+00 0.0000E+00 7.2888E-09 6.61E-06 7.01E-06   0.034 1.0000 7.0411E-06    789.578
10461.00 0.96855152 1.3453E-30 0.0000E+00 0.0000E+00 7.2852E-09 7.2852E-09 0.0000E+00 0.0000E+00 7.2852E-09 6.60E-06 6.98E-06   0.032 1.0000 7.0152E-06    790.194
10471.00 0.96629465 1.3592E-30 0.0000E+00 0.0000E+00 6.9179E-09 6.9179E-09 0.0000E+00 0.0000E+00 6.9179E-09 6.25E-06 6.61E-06   0.034 1.0000 6.6482E-06    788.689
10481.00 0.96849364 1.1870E-30 0.0000E+00 0.0000E+00 7.2363E-09 7.2363E-09 0.0000E+00 0.0000E+00 7.2363E-09 6.53E-06 6.89E-06   0.032 1.0000 6.9292E-06    791.187
10491.00 0.96759266 1.1538E-30 0.0000E+00 0.0000E+00 7.3869E-09 7.3869E-09 0.0000E+00 0.0000E+00 7.3869E-09 6.63E-06 7.02E-06   0.033 1.0000 7.0576E-06    792.680
10501.00 0.95123482 1.8453E-30 0.0000E+00 0.0000E+00 7.4189E-09 7.4189E-09 0.0000E+00 0.0000E+00 7.4189E-09 6.52E-06 7.07E-06   0.050 1.0000 7.1082E-06    793.496
10511.00 0.97521806 6.6642E-31 0.0000E+00 0.0000E+00 7.4760E-09 7.4760E-09 0.0000E+00 0.0000E+00 7.4760E-09 6.75E-06 7.05E-06   0.025 1.0000 7.0870E-06    794.453
10521.00 0.95503908 1.4051E-30 0.0000E+00 0.0000E+00 7.4407E-09 7.4407E-09 0.0000E+00 0.0000E+00 7.4407E-09 6.54E-06 7.04E-06   0.046 1.0000 7.0837E-06    794.892
10531.00 0.95589197 1.3332E-30 0.0000E+00 0.0000E+00 7.5168E-09 7.5168E-09 0.0000E+00 0.0000E+00 7.5168E-09 6.60E-06 7.09E-06   0.045 1.0000 7.1337E-06    795.953
10541.00 0.95732552 1.1396E-30 0.0000E+00 0.0000E+00 7.5278E-09 7.5278E-09 0.0000E+00 0.0000E+00 7.5278E-09 6.60E-06 7.08E-06   0.044 1.0000 7.1238E-06    796.651
10551.00 0.96122742 1.0098E-30 0.0000E+00 0.0000E+00 7.5474E-09 7.5474E-09 0.0000E+00 0.0000E+00 7.5474E-09 6.62E-06 7.07E-06   0.040 1.0000 7.1123E-06    797.397
10561.00 0.96205890 9.0493E-31 0.0000E+00 0.0000E+00 7.5309E-09 7.5309E-09 0.0000E+00 0.0000E+00 7.5309E-09 6.60E-06 7.04E-06   0.039 1.0000 7.0759E-06    797.942
10571.00 0.94655663 1.3394E-30 0.0000E+00 0.0000E+00 7.4982E-09 7.4982E-09 0.0000E+00 0.0000E+00 7.4982E-09 6.43E-06 7.02E-06   0.055 1.0000 7.0632E-06    798.396
10581.00 0.96336216 7.7618E-31 0.0000E+00 0.0000E+00 7.5026E-09 7.5026E-09 0.0000E+00 0.0000E+00 7.5026E-09 6.54E-06 6.97E-06   0.037 1.0000 7.0083E-06    799.057
10591.00 0.93445557 1.4756E-30 0.0000E+00 0.0000E+00 7.3570E-09 7.3570E-09 0.0000E+00 0.0000E+00 7.3570E-09 6.19E-06 6.88E-06   0.068 1.0000 6.9242E-06    798.871
10601.00 0.94178307 1.1428E-30 0.0000E+00 0.0000E+00 7.4849E-09 7.4849E-09 0.0000E+00 0.0000E+00 7.4849E-09 6.35E-06 6.96E-06   0.060 1.0000 7.0103E-06    800.230
10611.00 0.95618957 7.7879E-31 0.0000E+00 0.0000E+00 7.5345E-09 7.5345E-09 0.0000E+00 0.0000E+00 7.5345E-09 6.48E-06 6.96E-06   0.045 1.0000 7.0013E-06    801.144
10621.00 0.96738291 5.0416E-31 0.0000E+00 0.0000E+00 7.2493E-09 7.2493E-09 0.0000E+00 0.0000E+00 7.2493E-09 6.29E-06 6.65E-06   0.033 1.0000 6.6904E-06    800.160
10631.00 0.96903461 4.5236E-31 0.0000E+00 0.0000E+00 7.5301E-09 7.5301E-09 0.0000E+00 0.0000E+00 7.5301E-09 6.52E-06 6.89E-06   0.031 1.0000 6.9249E-06    802.391
10641.00 0.97405261 3.1753E-31 0.0000E+00 0.0000E+00 7.7202E-09 7.7202E-09 0.0000E+00 0.0000E+00 7.7202E-09 6.72E-06 7.03E-06   0.026 1.0000 7.0679E-06    804.079
10651.00 0.95266902 6.7883E-31 0.0000E+00 0.0000E+00 7.7036E-09 7.7036E-09 0.0000E+00 0.0000E+00 7.7036E-09 6.52E-06 7.04E-06   0.048 1.0000 7.0860E-06    804.624
10661.00 0.93252647 9.5164E-31 0.0000E+00 0.0000E+00 7.6972E-09 7.6972E-09 0.0000E+00 0.0000E+00 7.6972E-09 6.35E-06 7.06E-06   0.070 1.0000 7.1135E-06    805.226
10671.00 0.93391901 8.9934E-31 0.0000E+00 0.0000E+00 7.7160E-09 7.7160E-09 0.0000E+00 0.0000E+00 7.7160E-09 6.36E-06 7.06E-06   0.068 1.0000 7.1053E-06    805.965
10681.00 0.93622512 8.2808E-31 0.0000E+00 0.0000E+00 7.6603E-09 7.6603E-09 0.0000E+00 0.0000E+00 7.6603E-09 6.30E-06 6.98E-06   0.066 1.0000 7.0271E-06    806.295
10691.00 0.94267488 6.8795E-31 0.0000E+00 0.0000E+00 7.7217E-09 7.7217E-09 0.0000E+00 0.0000E+00 7.7217E-09 6.38E-06 7.00E-06   0.059 1.0000 7.0496E-06    807.269
10701.00 0.91793513 9.7226E-31 0.0000E+00 0.0000E+00 7.7563E-09 7.7563E-09 0.0000E+00 0.0000E+00 7.7563E-09 6.21E-06 7.07E-06   0.086 1.0000 7.1224E-06    808.095
10711.00 0.94631708 5.8764E-31 0.0000E+00 0.0000E+00 7.8671E-09 7.8671E-09 0.0000E+00 0.0000E+00 7.8671E-09 6.49E-06 7.09E-06   0.055 1.0000 7.1299E-06    809.333
10721.00 0.95192850 4.9582E-31 0.0000E+00 0.0000E+00 7.8861E-09 7.8861E-09 0.0000E+00 0.0000E+00 7.8861E-09 6.52E-06 7.07E-06   0.049 1.0000 7.1129E-06    810.072
10731.00 0.95421934 4.4117E-31 0.0000E+00 0.0000E+00 7.8764E-09 7.8764E-09 0.0000E+00 0.0000E+00 7.8764E-09 6.51E-06 7.04E-06   0.047 1.0000 7.0795E-06    810.656
10741.00 0.96763659 2.5838E-31 0.0000E+00 0.0000E+00 7.9761E-09 7.9761E-09 0.0000E+00 0.0000E+00 7.9761E-09 6.69E-06 7.08E-06   0.033 1.0000 7.1186E-06    811.829
10751.00 0.97579974 1.5059E-31 0.0000E+00 0.0000E+00 7.9868E-09 7.9868E-09 0.0000E+00 0.0000E+00 7.9868E-09 6.75E-06 7.05E-06   0.024 1.0000 7.0904E-06    812.523
10761.00 0.97948503 9.9152E-32 0.0000E+00 0.0000E+00 7.9549E-09 7.9549E-09 0.0000E+00 0.0000E+00 7.9549E-09 6.74E-06 7.00E-06   0.021 1.0000 7.0349E-06    812.989
10771.00 0.97860950 1.0109E-31 0.0000E+00 0.0000E+00 8.0821E-09 8.0821E-09 0.0000E+00 0.0000E+00 8.0821E-09 6.82E-06 7.09E-06   0.022 1.0000 7.1304E-06    814.303
10781.00 0.98075211 7.3877E-32 0.0000E+00 0.0000E+00 8.1211E-09 8.1211E-09 0.0000E+00 0.0000E+00 8.1211E-09 6.86E-06 7.11E-06   0.019 1.0000 7.1406E-06    815.146
10791.00 0.98189723 5.7919E-32 0.0000E+00 0.0000E+00 7.9842E-09 7.9842E-09 0.0000E+00 0.0000E+00 7.9842E-09 6.74E-06 6.96E-06   0.018 1.0000 6.9990E-06    815.055
10801.00 0.98150420 5.7840E-32 0.0000E+00 0.0000E+00 7.8025E-09 7.8025E-09 0.0000E+00 0.0000E+00 7.8025E-09 6.56E-06 6.79E-06   0.019 1.0000 6.8221E-06    814.707
10811.00 0.98055518 6.1954E-32 0.0000E+00 0.0000E+00 8.0067E-09 8.0067E-09 0.0000E+00 0.0000E+00 8.0067E-09 6.71E-06 6.95E-06   0.020 1.0000 6.9842E-06    816.448
10821.00 0.98107255 5.4281E-32 0.0000E+00 0.0000E+00 7.9621E-09 7.9621E-09 0.0000E+00 0.0000E+00 7.9621E-09 6.65E-06 6.89E-06   0.019 1.0000 6.9254E-06    816.845
10831.00 0.98150039 4.7639E-32 0.0000E+00 0.0000E+00 7.6753E-09 7.6753E-09 0.0000E+00 0.0000E+00 7.6753E-09 6.40E-06 6.62E-06   0.019 1.0000 6.6572E-06    815.911
10841.00 0.98141402 4.5235E-32 0.0000E+00 0.0000E+00 7.9613E-09 7.9613E-09 0.0000E+00 0.0000E+00 7.9613E-09 6.62E-06 6.85E-06   0.019 1.0000 6.8867E-06    818.113
10851.00 0.98085803 4.6164E-32 0.0000E+00 0.0000E+00 7.9299E-09 7.9299E-09 0.0000E+00 0.0000E+00 7.9299E-09 6.57E-06 6.81E-06   0.019 1.0000 6.8426E-06    818.579
10861.00 0.98195618 3.6465E-32 0.0000E+00 0.0000E+00 8.1262E-09 8.1262E-09 0.0000E+00 0.0000E+00 8.1262E-09 6.73E-06 6.96E-06   0.018 1.0000 6.9906E-06    820.266
10871.00 0.98057050 4.2345E-32 0.0000E+00 0.0000E+00 8.2612E-09 8.2612E-09 0.0000E+00 0.0000E+00 8.2612E-09 6.81E-06 7.06E-06   0.020 1.0000 7.0910E-06    821.613
10881.00 0.98033226 4.0727E-32 0.0000E+00 0.0000E+00 8.3306E-09 8.3306E-09 0.0000E+00 0.0000E+00 8.3306E-09 6.84E-06 7.10E-06   0.020 1.0000 7.1322E-06    822.611
10891.00 0.97774416 5.1448E-32 0.0000E+00 0.0000E+00 8.2928E-09 8.2928E-09 0.0000E+00 0.0000E+00 8.2928E-09 6.77E-06 7.05E-06   0.023 1.0000 7.0869E-06    823.051
10901.00 0.97776538 4.8827E-32 0.0000E+00 0.0000E+00 8.2483E-09 8.2483E-09 0.0000E+00 0.0000E+00 8.2483E-09 6.71E-06 6.99E-06   0.022 1.0000 7.0299E-06    823.455
10911.00 0.97973043 3.6250E-32 0.0000E+00 0.0000E+00 8.3776E-09 8.3776E-09 0.0000E+00 0.0000E+00 8.3776E-09 6.82E-06 7.08E-06   0.020 1.0000 7.1167E-06    824.765
10921.00 0.97446477 5.6749E-32 0.0000E+00 0.0000E+00 8.4148E-09 8.4148E-09 0.0000E+00 0.0000E+00 8.4148E-09 6.78E-06 7.10E-06   0.026 1.0000 7.1418E-06    825.593
10931.00 0.98040503 2.9407E-32 0.0000E+00 0.0000E+00 8.3550E-09 8.3550E-09 0.0000E+00 0.0000E+00 8.3550E-09 6.77E-06 7.02E-06   0.020 1.0000 7.0585E-06    825.921
10941.00 0.97495490 4.7803E-32 0.0000E+00 0.0000E+00 8.5055E-09 8.5055E-09 0.0000E+00 0.0000E+00 8.5055E-09 6.82E-06 7.14E-06   0.025 1.0000 7.1797E-06    827.333
10951.00 0.97597486 4.1802E-32 0.0000E+00 0.0000E+00 8.5750E-09 8.5750E-09 0.0000E+00 0.0000E+00 8.5750E-09 6.87E-06 7.18E-06   0.024 1.0000 7.2169E-06    828.324
10961.00 0.97706085 3.4868E-32 0.0000E+00 0.0000E+00 8.4040E-09 8.4040E-09 0.0000E+00 0.0000E+00 8.4040E-09 6.73E-06 7.01E-06   0.023 1.0000 7.0517E-06    828.085
10971.00 0.97903460 2.6871E-32 0.0000E+00 0.0000E+00 8.3324E-09 8.3324E-09 0.0000E+00 0.0000E+00 8.3324E-09 6.67E-06 6.93E-06   0.021 1.0000 6.9688E-06    828.349
10981.00 0.97660285 3.2341E-32 0.0000E+00 0.0000E+00 8.4866E-09 8.4866E-09 0.0000E+00 0.0000E+00 8.4866E-09 6.75E-06 7.05E-06   0.024 1.0000 7.0849E-06    829.783
10991.00 0.97720605 2.8799E-32 0.0000E+00 0.0000E+00 8.3570E-09 8.3570E-09 0.0000E+00 0.0000E+00 8.3570E-09 6.64E-06 6.92E-06   0.023 1.0000 6.9574E-06    829.749
11001.00 0.97540009 3.1650E-32 0.0000E+00 0.0000E+00 8.2711E-09 8.2711E-09 0.0000E+00 0.0000E+00 8.2711E-09 6.53E-06 6.83E-06   0.025 1.0000 6.8715E-06    829.936
11011.00 0.97512960 3.0347E-32 0.0000E+00 0.0000E+00 8.4623E-09 8.4623E-09 0.0000E+00 0.0000E+00 8.4623E-09 6.67E-06 6.97E-06   0.025 1.0000 7.0129E-06    831.568
11021.00 0.97325009 3.2429E-32 0.0000E+00 0.0000E+00 8.6557E-09 8.6557E-09 0.0000E+00 0.0000E+00 8.6557E-09 6.78E-06 7.12E-06   0.027 1.0000 7.1591E-06    833.192
11031.00 0.97831619 1.9697E-32 0.0000E+00 0.0000E+00 8.4938E-09 8.4938E-09 0.0000E+00 0.0000E+00 8.4938E-09 6.69E-06 6.96E-06   0.022 1.0000 6.9952E-06    833.002
11041.00 0.97964567 1.5621E-32 0.0000E+00 0.0000E+00 8.7258E-09 8.7258E-09 0.0000E+00 0.0000E+00 8.7258E-09 6.86E-06 7.12E-06   0.021 1.0000 7.1647E-06    834.819
11051.00 0.98004544 1.3806E-32 0.0000E+00 0.0000E+00 8.8078E-09 8.8078E-09 0.0000E+00 0.0000E+00 8.8078E-09 6.91E-06 7.17E-06   0.020 1.0000 7.2125E-06    835.867
11061.00 0.98038435 1.2298E-32 0.0000E+00 0.0000E+00 8.8152E-09 8.8152E-09 0.0000E+00 0.0000E+00 8.8152E-09 6.90E-06 7.16E-06   0.020 1.0000 7.1991E-06    836.541
11071.00 0.97688860 1.7283E-32 0.0000E+00 0.0000E+00 8.7440E-09 8.7440E-09 0.0000E+00 0.0000E+00 8.7440E-09 6.80E-06 7.09E-06   0.023 1.0000 7.1309E-06    836.821
11081.00 0.97254926 2.3198E-32 0.0000E+00 0.0000E+00 8.5043E-09 8.5043E-09 0.0000E+00 0.0000E+00 8.5043E-09 6.55E-06 6.89E-06   0.028 1.0000 6.9276E-06    836.237
11091.00 0.97402674 1.9625E-32 0.0000E+00 0.0000E+00 8.1775E-09 8.1775E-09 0.0000E+00 0.0000E+00 8.1775E-09 6.30E-06 6.60E-06   0.026 1.0000 6.6409E-06    835.156
11101.00 0.97442102 1.7989E-32 0.0000E+00 0.0000E+00 8.5622E-09 8.5622E-09 0.0000E+00 0.0000E+00 8.5622E-09 6.58E-06 6.89E-06   0.026 1.0000 6.9341E-06    837.806
11111.00 0.97418320 1.7205E-32 0.0000E+00 0.0000E+00 8.6474E-09 8.6474E-09 0.0000E+00 0.0000E+00 8.6474E-09 6.63E-06 6.94E-06   0.026 1.0000 6.9855E-06    838.878
11121.00 0.96956956 2.2227E-32 0.0000E+00 0.0000E+00 8.8653E-09 8.8653E-09 0.0000E+00 0.0000E+00 8.8653E-09 6.73E-06 7.11E-06   0.031 1.0000 7.1540E-06    840.612
11131.00 0.97582614 1.3343E-32 0.0000E+00 0.0000E+00 8.9045E-09 8.9045E-09 0.0000E+00 0.0000E+00 8.9045E-09 6.80E-06 7.11E-06   0.024 1.0000 7.1521E-06    841.443
11141.00 0.97730243 1.0835E-32 0.0000E+00 0.0000E+00 8.8775E-09 8.8775E-09 0.0000E+00 0.0000E+00 8.8775E-09 6.78E-06 7.06E-06   0.023 1.0000 7.1081E-06    841.946
11151.00 0.97706652 1.0481E-32 0.0000E+00 0.0000E+00 8.8970E-09 8.8970E-09 0.0000E+00 0.0000E+00 8.8970E-09 6.77E-06 7.06E-06   0.023 1.0000 7.1052E-06    842.680
11161.00 0.97884357 7.9842E-33 0.0000E+00 0.0000E+00 9.0868E-09 9.0868E-09 0.0000E+00 0.0000E+00 9.0868E-09 6.91E-06 7.19E-06   0.021 1.0000 7.2334E-06    844.252
11171.00 0.97977567 6.5916E-33 0.0000E+00 0.0000E+00 8.8791E-09 8.8791E-09 0.0000E+00 0.0000E+00 8.8791E-09 6.75E-06 7.00E-06   0.020 1.0000 7.0471E-06    843.864
11181.00 0.98052520 5.4673E-33 0.0000E+00 0.0000E+00 8.9205E-09 8.9205E-09 0.0000E+00 0.0000E+00 8.9205E-09 6.77E-06 7.02E-06   0.020 1.0000 7.0589E-06    844.706
11191.00 0.98047870 5.1540E-33 0.0000E+00 0.0000E+00 9.0425E-09 9.0425E-09 0.0000E+00 0.0000E+00 9.0425E-09 6.84E-06 7.09E-06   0.020 1.0000 7.1368E-06    845.946
11201.00 0.98069286 4.6617E-33 0.0000E+00 0.0000E+00 8.8664E-09 8.8664E-09 0.0000E+00 0.0000E+00 8.8664E-09 6.69E-06 6.94E-06   0.019 1.0000 6.9786E-06    845.709
11211.00 0.98068732 4.3653E-33 0.0000E+00 0.0000E+00 9.0756E-09 9.0756E-09 0.0000E+00 0.0000E+00 9.0756E-09 6.83E-06 7.08E-06   0.020 1.0000 7.1244E-06    847.382
11221.00 0.98079842 4.0066E-33 0.0000E+00 0.0000E+00 9.1466E-09 9.1466E-09 0.0000E+00 0.0000E+00 9.1466E-09 6.87E-06 7.12E-06   0.019 1.0000 7.1611E-06    848.366
11231.00 0.98068553 3.8242E-33 0.0000E+00 0.0000E+00 9.2351E-09 9.2351E-09 0.0000E+00 0.0000E+00 9.2351E-09 6.92E-06 7.17E-06   0.020 1.0000 7.2119E-06    849.432
11241.00 0.98065633 3.5977E-33 0.0000E+00 0.0000E+00 9.1690E-09 9.1690E-09 0.0000E+00 0.0000E+00 9.1690E-09 6.85E-06 7.10E-06   0.020 1.0000 7.1417E-06    849.748
11251.00 0.98062944 3.3818E-33 0.0000E+00 0.0000E+00 9.2162E-09 9.2162E-09 0.0000E+00 0.0000E+00 9.2162E-09 6.87E-06 7.12E-06   0.020 1.0000 7.1598E-06    850.615
11261.00 0.98050952 3.2372E-33 0.0000E+00 0.0000E+00 9.1637E-09 9.1637E-09 0.0000E+00 0.0000E+00 9.1637E-09 6.81E-06 7.06E-06   0.020 1.0000 7.1006E-06    850.996
11271.00 0.98053455 3.0173E-33 0.0000E+00 0.0000E+00 9.0203E-09 9.0203E-09 0.0000E+00 0.0000E+00 9.0203E-09 6.68E-06 6.93E-06   0.020 1.0000 6.9712E-06    850.928
11281.00 0.98043990 2.8750E-33 0.0000E+00 0.0000E+00 8.7443E-09 8.7443E-09 0.0000E+00 0.0000E+00 8.7443E-09 6.46E-06 6.70E-06   0.020 1.0000 6.7401E-06    850.178
11291.00 0.98040652 2.7119E-33 0.0000E+00 0.0000E+00 9.2720E-09 9.2720E-09 0.0000E+00 0.0000E+00 9.2720E-09 6.83E-06 7.08E-06   0.020 1.0000 7.1282E-06    853.432
11301.00 0.98043317 2.5289E-33 0.0000E+00 0.0000E+00 9.3029E-09 9.3029E-09 0.0000E+00 0.0000E+00 9.3029E-09 6.84E-06 7.09E-06   0.020 1.0000 7.1331E-06    854.218
11311.00 0.98038280 2.3918E-33 0.0000E+00 0.0000E+00 9.2011E-09 9.2011E-09 0.0000E+00 0.0000E+00 9.2011E-09 6.75E-06 6.99E-06   0.020 1.0000 7.0365E-06    854.361
11321.00 0.98034108 2.2588E-33 0.0000E+00 0.0000E+00 9.3381E-09 9.3381E-09 0.0000E+00 0.0000E+00 9.3381E-09 6.83E-06 7.08E-06   0.020 1.0000 7.1226E-06    855.661
11331.00 0.98029369 2.1341E-33 0.0000E+00 0.0000E+00 9.1682E-09 9.1682E-09 0.0000E+00 0.0000E+00 9.1682E-09 6.69E-06 6.93E-06   0.020 1.0000 6.9746E-06    855.473
11341.00 0.98025054 2.0152E-33 0.0000E+00 0.0000E+00 9.3468E-09 9.3468E-09 0.0000E+00 0.0000E+00 9.3468E-09 6.80E-06 7.05E-06   0.020 1.0000 7.0920E-06    856.976
11351.00 0.98021078 1.9008E-33 0.0000E+00 0.0000E+00 8.8595E-09 8.8595E-09 0.0000E+00 0.0000E+00 8.8595E-09 6.43E-06 6.66E-06   0.020 1.0000 6.7048E-06    855.208
11361.00 0.98016387 1.7948E-33 0.0000E+00 0.0000E+00 9.3909E-09 9.3909E-09 0.0000E+00 0.0000E+00 9.3909E-09 6.79E-06 7.05E-06   0.020 1.0000 7.0885E-06    858.462
11371.00 0.98012596 1.6913E-33 0.0000E+00 0.0000E+00 9.2903E-09 9.2903E-09 0.0000E+00 0.0000E+00 9.2903E-09 6.70E-06 6.95E-06   0.020 1.0000 6.9944E-06    858.612
11381.00 0.98007089 1.5989E-33 0.0000E+00 0.0000E+00 9.5378E-09 9.5378E-09 0.0000E+00 0.0000E+00 9.5378E-09 6.86E-06 7.12E-06   0.020 1.0000 7.1623E-06    860.436
11391.00 0.98002261 1.5091E-33 0.0000E+00 0.0000E+00 9.4809E-09 9.4809E-09 0.0000E+00 0.0000E+00 9.4809E-09 6.80E-06 7.06E-06   0.020 1.0000 7.1013E-06    860.802
11401.00 0.97996950 1.4252E-33 0.0000E+00 0.0000E+00 9.5300E-09 9.5300E-09 0.0000E+00 0.0000E+00 9.5300E-09 6.82E-06 7.08E-06   0.020 1.0000 7.1195E-06    861.672
11411.00 0.97991246 1.3465E-33 0.0000E+00 0.0000E+00 9.5152E-09 9.5152E-09 0.0000E+00 0.0000E+00 9.5152E-09 6.79E-06 7.05E-06   0.020 1.0000 7.0904E-06    862.239
11421.00 0.97985786 1.2714E-33 0.0000E+00 0.0000E+00 9.2547E-09 9.2547E-09 0.0000E+00 0.0000E+00 9.2547E-09 6.59E-06 6.84E-06   0.020 1.0000 6.8786E-06    861.619
11431.00 0.97979957 1.2010E-33 0.0000E+00 0.0000E+00 9.4278E-09 9.4278E-09 0.0000E+00 0.0000E+00 9.4278E-09 6.69E-06 6.95E-06   0.020 1.0000 6.9893E-06    863.093
11441.00 0.97973597 1.1348E-33 0.0000E+00 0.0000E+00 9.5045E-09 9.5045E-09 0.0000E+00 0.0000E+00 9.5045E-09 6.73E-06 6.99E-06   0.020 1.0000 7.0284E-06    864.097
11451.00 0.97967380 1.0717E-33 0.0000E+00 0.0000E+00 9.6068E-09 9.6068E-09 0.0000E+00 0.0000E+00 9.6068E-09 6.78E-06 7.04E-06   0.021 1.0000 7.0859E-06    865.219
11461.00 0.97960413 1.0126E-33 0.0000E+00 0.0000E+00 9.7398E-09 9.7398E-09 0.0000E+00 0.0000E+00 9.7398E-09 6.86E-06 7.12E-06   0.021 1.0000 7.1660E-06    866.482
11471.00 0.97952819 9.5702E-34 0.0000E+00 0.0000E+00 9.6012E-09 9.6012E-09 0.0000E+00 0.0000E+00 9.6012E-09 6.74E-06 7.00E-06   0.021 1.0000 7.0465E-06    866.466
11481.00 0.97944868 9.0470E-34 0.0000E+00 0.0000E+00 9.6826E-09 9.6826E-09 0.0000E+00 0.0000E+00 9.6826E-09 6.78E-06 7.04E-06   0.021 1.0000 7.0883E-06    867.487
11491.00 0.97938478 8.5447E-34 0.0000E+00 0.0000E+00 9.6970E-09 9.6970E-09 0.0000E+00 0.0000E+00 9.6970E-09 6.77E-06 7.04E-06   0.021 1.0000 7.0811E-06    868.191
11501.00 0.97928226 8.0861E-34 0.0000E+00 0.0000E+00 9.4863E-09 9.4863E-09 0.0000E+00 0.0000E+00 9.4863E-09 6.61E-06 6.87E-06   0.021 1.0000 6.9103E-06    867.826
11511.00 0.97923630 7.6319E-34 0.0000E+00 0.0000E+00 9.4510E-09 9.4510E-09 0.0000E+00 0.0000E+00 9.4510E-09 6.57E-06 6.82E-06   0.021 1.0000 6.8667E-06    868.292
11521.00 0.97917902 7.2054E-34 0.0000E+00 0.0000E+00 9.5094E-09 9.5094E-09 0.0000E+00 0.0000E+00 9.5094E-09 6.59E-06 6.85E-06   0.021 1.0000 6.8922E-06    869.209
11531.00 0.97909147 6.8128E-34 0.0000E+00 0.0000E+00 9.1770E-09 9.1770E-09 0.0000E+00 0.0000E+00 9.1770E-09 6.34E-06 6.59E-06   0.021 1.0000 6.6351E-06    868.225
11541.00 0.97900480 6.4399E-34 0.0000E+00 0.0000E+00 7.3173E-09 7.3173E-09 0.0000E+00 0.0000E+00 7.3173E-09 5.04E-06 5.24E-06   0.021 1.0000 5.2774E-06    858.685
11551.00 0.97891968 6.0857E-34 0.0000E+00 0.0000E+00 9.3274E-09 9.3274E-09 0.0000E+00 0.0000E+00 9.3274E-09 6.41E-06 6.66E-06   0.021 1.0000 6.7102E-06    870.234
11561.00 0.97884279 5.7462E-34 0.0000E+00 0.0000E+00 9.8210E-09 9.8210E-09 0.0000E+00 0.0000E+00 9.8210E-09 6.73E-06 7.00E-06   0.021 1.0000 7.0485E-06    873.227
11571.00 0.97874665 5.4309E-34 0.0000E+00 0.0000E+00 1.0025E-08 1.0025E-08 0.0000E+00 0.0000E+00 1.0025E-08 6.85E-06 7.13E-06   0.021 1.0000 7.1778E-06    874.809
11581.00 0.97862875 5.1408E-34 0.0000E+00 0.0000E+00 9.9844E-09 9.9844E-09 0.0000E+00 0.0000E+00 9.9844E-09 6.81E-06 7.08E-06   0.022 1.0000 7.1315E-06    875.257
11591.00 0.97852379 4.8631E-34 0.0000E+00 0.0000E+00 1.0012E-08 1.0012E-08 0.0000E+00 0.0000E+00 1.0012E-08 6.81E-06 7.08E-06   0.022 1.0000 7.1338E-06    876.019
11601.00 0.97844088 4.5901E-34 0.0000E+00 0.0000E+00 9.8719E-09 9.8719E-09 0.0000E+00 0.0000E+00 9.8719E-09 6.69E-06 6.97E-06   0.022 1.0000 7.0173E-06    876.009
11611.00 0.97835183 4.3368E-34 0.0000E+00 0.0000E+00 9.8817E-09 9.8817E-09 0.0000E+00 0.0000E+00 9.8817E-09 6.68E-06 6.96E-06   0.022 1.0000 7.0074E-06    876.691
11621.00 0.97825563 4.0962E-34 0.0000E+00 0.0000E+00 1.0003E-08 1.0003E-08 0.0000E+00 0.0000E+00 1.0003E-08 6.75E-06 7.02E-06   0.022 1.0000 7.0763E-06    877.887
11631.00 0.97814429 3.8752E-34 0.0000E+00 0.0000E+00 9.9554E-09 9.9554E-09 0.0000E+00 0.0000E+00 9.9554E-09 6.70E-06 6.97E-06   0.022 1.0000 7.0263E-06    878.306
11641.00 0.97803408 3.6671E-34 0.0000E+00 0.0000E+00 9.9634E-09 9.9634E-09 0.0000E+00 0.0000E+00 9.9634E-09 6.68E-06 6.96E-06   0.022 1.0000 7.0154E-06    878.979
11651.00 0.97794253 3.4630E-34 0.0000E+00 0.0000E+00 9.9876E-09 9.9876E-09 0.0000E+00 0.0000E+00 9.9876E-09 6.68E-06 6.96E-06   0.022 1.0000 7.0154E-06    879.727
11661.00 0.97782838 3.2858E-34 0.0000E+00 0.0000E+00 1.0190E-08 1.0190E-08 0.0000E+00 0.0000E+00 1.0190E-08 6.80E-06 7.08E-06   0.022 1.0000 7.1406E-06    881.292
11671.00 0.97775924 3.0957E-34 0.0000E+00 0.0000E+00 1.0231E-08 1.0231E-08 0.0000E+00 0.0000E+00 1.0231E-08 6.81E-06 7.09E-06   0.022 1.0000 7.1519E-06    882.115
11681.00 0.97765994 2.9321E-34 0.0000E+00 0.0000E+00 1.0087E-08 1.0087E-08 0.0000E+00 0.0000E+00 1.0087E-08 6.70E-06 6.98E-06   0.023 1.0000 7.0342E-06    882.095
11691.00 0.97757035 2.7746E-34 0.0000E+00 0.0000E+00 9.7970E-09 9.7970E-09 0.0000E+00 0.0000E+00 9.7970E-09 6.49E-06 6.76E-06   0.023 1.0000 6.8153E-06    881.381
11701.00 0.97748208 2.6258E-34 0.0000E+00 0.0000E+00 7.3563E-09 7.3563E-09 0.0000E+00 0.0000E+00 7.3563E-09 4.86E-06 5.06E-06   0.023 1.0000 5.1054E-06    868.972
11711.00 0.97738934 2.4905E-34 0.0000E+00 0.0000E+00 8.8102E-09 8.8102E-09 0.0000E+00 0.0000E+00 8.8102E-09 5.80E-06 6.05E-06   0.023 1.0000 6.0975E-06    877.770
11721.00 0.97736597 2.3394E-34 0.0000E+00 0.0000E+00 1.0051E-08 1.0051E-08 0.0000E+00 0.0000E+00 1.0051E-08 6.60E-06 6.88E-06   0.023 1.0000 6.9393E-06    884.470
11731.00 0.97729176 2.2207E-34 0.0000E+00 0.0000E+00 1.0236E-08 1.0236E-08 0.0000E+00 0.0000E+00 1.0236E-08 6.70E-06 6.99E-06   0.023 1.0000 7.0489E-06    885.954
11741.00 0.97721225 2.1144E-34 0.0000E+00 0.0000E+00 9.9625E-09 9.9625E-09 0.0000E+00 0.0000E+00 9.9625E-09 6.51E-06 6.79E-06   0.023 1.0000 6.8430E-06    885.333
11751.00 0.97723764 1.9841E-34 0.0000E+00 0.0000E+00 1.0335E-08 1.0335E-08 0.0000E+00 0.0000E+00 1.0335E-08 6.73E-06 7.02E-06   0.023 1.0000 7.0799E-06    887.677
11761.00 0.97727400 1.8593E-34 0.0000E+00 0.0000E+00 9.1785E-09 9.1785E-09 0.0000E+00 0.0000E+00 9.1785E-09 5.97E-06 6.22E-06   0.023 1.0000 6.2711E-06    882.813
11771.00 0.97725022 1.7591E-34 0.0000E+00 0.0000E+00 9.8706E-09 9.8706E-09 0.0000E+00 0.0000E+00 9.8706E-09 6.40E-06 6.67E-06   0.023 1.0000 6.7248E-06    886.809
11781.00 0.97722882 1.6632E-34 0.0000E+00 0.0000E+00 1.0508E-08 1.0508E-08 0.0000E+00 0.0000E+00 1.0508E-08 6.79E-06 7.08E-06   0.023 1.0000 7.1404E-06    890.360
11791.00 0.97721392 1.5701E-34 0.0000E+00 0.0000E+00 1.0530E-08 1.0530E-08 0.0000E+00 0.0000E+00 1.0530E-08 6.79E-06 7.08E-06   0.023 1.0000 7.1364E-06    891.096
11801.00 0.97725183 1.4687E-34 0.0000E+00 0.0000E+00 1.0321E-08 1.0321E-08 0.0000E+00 0.0000E+00 1.0321E-08 6.64E-06 6.92E-06   0.023 1.0000 6.9763E-06    890.794
11811.00 0.97719997 1.3921E-34 0.0000E+00 0.0000E+00 1.0384E-08 1.0384E-08 0.0000E+00 0.0000E+00 1.0384E-08 6.66E-06 6.95E-06   0.023 1.0000 7.0000E-06    891.713
11821.00 0.97715390 1.3181E-34 0.0000E+00 0.0000E+00 1.0580E-08 1.0580E-08 0.0000E+00 0.0000E+00 1.0580E-08 6.77E-06 7.06E-06   0.023 1.0000 7.1140E-06    893.228
11831.00 0.97712976 1.2425E-34 0.0000E+00 0.0000E+00 1.0588E-08 1.0588E-08 0.0000E+00 0.0000E+00 1.0588E-08 6.76E-06 7.05E-06   0.023 1.0000 7.1007E-06    893.897
11841.00 0.97703868 1.1833E-34 0.0000E+00 0.0000E+00 1.0499E-08 1.0499E-08 0.0000E+00 0.0000E+00 1.0499E-08 6.68E-06 6.97E-06   0.023 1.0000 7.0230E-06    894.139
11851.00 0.97691846 1.1309E-34 0.0000E+00 0.0000E+00 1.0402E-08 1.0402E-08 0.0000E+00 0.0000E+00 1.0402E-08 6.60E-06 6.89E-06   0.023 1.0000 6.9407E-06    894.342
11861.00 0.97693640 1.0579E-34 0.0000E+00 0.0000E+00 1.0633E-08 1.0633E-08 0.0000E+00 0.0000E+00 1.0633E-08 6.73E-06 7.02E-06   0.023 1.0000 7.0767E-06    896.009
11871.00 0.97691816 9.9369E-35 0.0000E+00 0.0000E+00 1.0577E-08 1.0577E-08 0.0000E+00 0.0000E+00 1.0577E-08 6.68E-06 6.97E-06   0.023 1.0000 7.0212E-06    896.396
11881.00 0.97674739 9.5573E-35 0.0000E+00 0.0000E+00 1.0700E-08 1.0700E-08 0.0000E+00 0.0000E+00 1.0700E-08 6.74E-06 7.03E-06   0.024 1.0000 7.0855E-06    897.578
11891.00 0.97666305 9.0736E-35 0.0000E+00 0.0000E+00 1.0818E-08 1.0818E-08 0.0000E+00 0.0000E+00 1.0818E-08 6.79E-06 7.09E-06   0.024 1.0000 7.1453E-06    898.730
11901.00 0.97671860 8.4288E-35 0.0000E+00 0.0000E+00 1.0766E-08 1.0766E-08 0.0000E+00 0.0000E+00 1.0766E-08 6.74E-06 7.04E-06   0.024 1.0000 7.0928E-06    899.138
11911.00 0.97665107 7.9744E-35 0.0000E+00 0.0000E+00 1.0743E-08 1.0743E-08 0.0000E+00 0.0000E+00 1.0743E-08 6.71E-06 7.01E-06   0.024 1.0000 7.0600E-06    899.673
11921.00 0.97649729 7.6384E-35 0.0000E+00 0.0000E+00 1.0452E-08 1.0452E-08 0.0000E+00 0.0000E+00 1.0452E-08 6.51E-06 6.80E-06   0.024 1.0000 6.8519E-06    899.015
11931.00 0.97647005 7.1781E-35 0.0000E+00 0.0000E+00 1.0846E-08 1.0846E-08 0.0000E+00 0.0000E+00 1.0846E-08 6.74E-06 7.04E-06   0.024 1.0000 7.0928E-06    901.401
11941.00 0.97633851 6.8526E-35 0.0000E+00 0.0000E+00 1.0946E-08 1.0946E-08 0.0000E+00 0.0000E+00 1.0946E-08 6.78E-06 7.09E-06   0.024 1.0000 7.1401E-06    902.469
11951.00 0.97626549 6.4778E-35 0.0000E+00 0.0000E+00 1.0825E-08 1.0825E-08 0.0000E+00 0.0000E+00 1.0825E-08 6.69E-06 6.99E-06   0.024 1.0000 7.0443E-06    902.582
11961.00 0.97605091 6.2568E-35 0.0000E+00 0.0000E+00 1.0950E-08 1.0950E-08 0.0000E+00 0.0000E+00 1.0950E-08 6.75E-06 7.05E-06   0.024 1.0000 7.1078E-06    903.759
11971.00 0.97605908 5.8467E-35 0.0000E+00 0.0000E+00 1.0950E-08 1.0950E-08 0.0000E+00 0.0000E+00 1.0950E-08 6.73E-06 7.04E-06   0.024 1.0000 7.0906E-06    904.398
11981.00 0.97594428 5.5510E-35 0.0000E+00 0.0000E+00 1.0785E-08 1.0785E-08 0.0000E+00 0.0000E+00 1.0785E-08 6.61E-06 6.91E-06   0.024 1.0000 6.9668E-06    904.315
11991.00 0.97542202 5.5933E-35 0.0000E+00 0.0000E+00 1.0831E-08 1.0831E-08 0.0000E+00 0.0000E+00 1.0831E-08 6.62E-06 6.93E-06   0.025 1.0000 6.9804E-06    905.153
12001.00 0.97540754 5.2422E-35 0.0000E+00 0.0000E+00 1.0714E-08 1.0714E-08 0.0000E+00 0.0000E+00 1.0714E-08 6.53E-06 6.84E-06   0.025 1.0000 6.8879E-06    905.272
12011.00 0.97444141 5.5235E-35 0.0000E+00 0.0000E+00 1.0902E-08 1.0902E-08 0.0000E+00 0.0000E+00 1.0902E-08 6.62E-06 6.94E-06   0.026 1.0000 6.9934E-06    906.733
12021.00 0.97407699 5.4294E-35 0.0000E+00 0.0000E+00 1.1046E-08 1.1046E-08 0.0000E+00 0.0000E+00 1.1046E-08 6.69E-06 7.01E-06   0.026 1.0000 7.0695E-06    907.994
12031.00 0.97486144 4.5786E-35 0.0000E+00 0.0000E+00 1.0884E-08 1.0884E-08 0.0000E+00 0.0000E+00 1.0884E-08 6.58E-06 6.89E-06   0.025 1.0000 6.9475E-06    907.928
12041.00 0.97363013 4.9701E-35 0.0000E+00 0.0000E+00 1.1035E-08 1.1035E-08 0.0000E+00 0.0000E+00 1.1035E-08 6.64E-06 6.97E-06   0.027 1.0000 7.0298E-06    909.222
12051.00 0.97384715 4.5268E-35 0.0000E+00 0.0000E+00 1.1082E-08 1.1082E-08 0.0000E+00 0.0000E+00 1.1082E-08 6.66E-06 6.99E-06   0.027 1.0000 7.0419E-06    910.058
12061.00 0.97232336 4.9600E-35 0.0000E+00 0.0000E+00 1.1216E-08 1.1216E-08 0.0000E+00 0.0000E+00 1.1216E-08 6.71E-06 7.06E-06   0.028 1.0000 7.1140E-06    911.272
12071.00 0.97214150 4.7133E-35 0.0000E+00 0.0000E+00 1.1315E-08 1.1315E-08 0.0000E+00 0.0000E+00 1.1315E-08 6.75E-06 7.10E-06   0.028 1.0000 7.1599E-06    912.327
12081.00 0.97130442 4.7655E-35 0.0000E+00 0.0000E+00 1.1279E-08 1.1279E-08 0.0000E+00 0.0000E+00 1.1279E-08 6.70E-06 7.06E-06   0.029 1.0000 7.1226E-06    912.813
12091.00 0.97428471 3.2397E-35 0.0000E+00 0.0000E+00 1.1337E-08 1.1337E-08 0.0000E+00 0.0000E+00 1.1337E-08 6.75E-06 7.08E-06   0.026 1.0000 7.1353E-06    913.696
12101.00 0.97317851 3.4173E-35 0.0000E+00 0.0000E+00 1.1349E-08 1.1349E-08 0.0000E+00 0.0000E+00 1.1349E-08 6.73E-06 7.07E-06   0.027 1.0000 7.1283E-06    914.380
12111.00 0.97266364 3.3919E-35 0.0000E+00 0.0000E+00 1.1303E-08 1.1303E-08 0.0000E+00 0.0000E+00 1.1303E-08 6.68E-06 7.02E-06   0.028 1.0000 7.0848E-06    914.825
12121.00 0.97391683 2.7122E-35 0.0000E+00 0.0000E+00 1.1237E-08 1.1237E-08 0.0000E+00 0.0000E+00 1.1237E-08 6.64E-06 6.96E-06   0.026 1.0000 7.0243E-06    915.180
12131.00 0.97298938 2.8350E-35 0.0000E+00 0.0000E+00 1.1330E-08 1.1330E-08 0.0000E+00 0.0000E+00 1.1330E-08 6.66E-06 7.00E-06   0.027 1.0000 7.0679E-06    916.209
12141.00 0.97002715 3.5091E-35 0.0000E+00 0.0000E+00 1.1190E-08 1.1190E-08 0.0000E+00 0.0000E+00 1.1190E-08 6.54E-06 6.91E-06   0.030 1.0000 6.9714E-06    916.249
12151.00 0.96377593 5.1030E-35 0.0000E+00 0.0000E+00 1.1296E-08 1.1296E-08 0.0000E+00 0.0000E+00 1.1296E-08 6.52E-06 6.97E-06   0.037 1.0000 7.0361E-06    917.339
12161.00 0.97215450 2.5208E-35 0.0000E+00 0.0000E+00 1.1141E-08 1.1141E-08 0.0000E+00 0.0000E+00 1.1141E-08 6.50E-06 6.84E-06   0.028 1.0000 6.9045E-06    917.308
12171.00 0.97309184 2.1029E-35 0.0000E+00 0.0000E+00 1.1218E-08 1.1218E-08 0.0000E+00 0.0000E+00 1.1218E-08 6.53E-06 6.87E-06   0.027 1.0000 6.9343E-06    918.276
12181.00 0.97374570 1.8000E-35 0.0000E+00 0.0000E+00 1.1288E-08 1.1288E-08 0.0000E+00 0.0000E+00 1.1288E-08 6.57E-06 6.89E-06   0.027 1.0000 6.9604E-06    919.214
12191.00 0.97028232 2.4255E-35 0.0000E+00 0.0000E+00 1.1203E-08 1.1203E-08 0.0000E+00 0.0000E+00 1.1203E-08 6.47E-06 6.83E-06   0.030 1.0000 6.9001E-06    919.485
12201.00 0.96883750 2.5721E-35 0.0000E+00 0.0000E+00 1.1106E-08 1.1106E-08 0.0000E+00 0.0000E+00 1.1106E-08 6.38E-06 6.76E-06   0.032 1.0000 6.8274E-06    919.699
12211.00 0.96910489 2.3654E-35 0.0000E+00 0.0000E+00 1.1348E-08 1.1348E-08 0.0000E+00 0.0000E+00 1.1348E-08 6.51E-06 6.89E-06   0.031 1.0000 6.9594E-06    921.375
12221.00 0.96805775 2.4018E-35 0.0000E+00 0.0000E+00 1.1342E-08 1.1342E-08 0.0000E+00 0.0000E+00 1.1342E-08 6.48E-06 6.87E-06   0.032 1.0000 6.9415E-06    921.985
12231.00 0.96912372 2.0769E-35 0.0000E+00 0.0000E+00 1.1668E-08 1.1668E-08 0.0000E+00 0.0000E+00 1.1668E-08 6.66E-06 7.05E-06   0.031 1.0000 7.1216E-06    923.996
12241.00 0.96765500 2.1795E-35 0.0000E+00 0.0000E+00 1.1644E-08 1.1644E-08 0.0000E+00 0.0000E+00 1.1644E-08 6.61E-06 7.02E-06   0.033 1.0000 7.0928E-06    924.530
12251.00 0.96784347 2.0381E-35 0.0000E+00 0.0000E+00 1.1651E-08 1.1651E-08 0.0000E+00 0.0000E+00 1.1651E-08 6.60E-06 7.01E-06   0.033 1.0000 7.0794E-06    925.196
12261.00 0.97003973 1.5855E-35 0.0000E+00 0.0000E+00 1.1705E-08 1.1705E-08 0.0000E+00 0.0000E+00 1.1705E-08 6.64E-06 7.02E-06   0.030 1.0000 7.0894E-06    926.057
12271.00 0.97105998 1.3462E-35 0.0000E+00 0.0000E+00 1.1748E-08 1.1748E-08 0.0000E+00 0.0000E+00 1.1748E-08 6.66E-06 7.02E-06   0.029 1.0000 7.0956E-06    926.874
12281.00 0.97172868 1.1697E-35 0.0000E+00 0.0000E+00 1.1820E-08 1.1820E-08 0.0000E+00 0.0000E+00 1.1820E-08 6.69E-06 7.05E-06   0.029 1.0000 7.1191E-06    927.805
12291.00 0.97158045 1.1164E-35 0.0000E+00 0.0000E+00 1.1877E-08 1.1877E-08 0.0000E+00 0.0000E+00 1.1877E-08 6.70E-06 7.06E-06   0.029 1.0000 7.1358E-06    928.678
12301.00 0.97282279 9.0075E-36 0.0000E+00 0.0000E+00 1.1856E-08 1.1856E-08 0.0000E+00 0.0000E+00 1.1856E-08 6.69E-06 7.03E-06   0.028 1.0000 7.1019E-06    929.226
12311.00 0.97287565 8.3929E-36 0.0000E+00 0.0000E+00 1.1889E-08 1.1889E-08 0.0000E+00 0.0000E+00 1.1889E-08 6.69E-06 7.03E-06   0.027 1.0000 7.1036E-06    930.000
12321.00 0.97287661 7.8823E-36 0.0000E+00 0.0000E+00 1.1887E-08 1.1887E-08 0.0000E+00 0.0000E+00 1.1887E-08 6.67E-06 7.01E-06   0.027 1.0000 7.0841E-06    930.628
12331.00 0.97303736 7.2567E-36 0.0000E+00 0.0000E+00 1.1949E-08 1.1949E-08 0.0000E+00 0.0000E+00 1.1949E-08 6.69E-06 7.03E-06   0.027 1.0000 7.1024E-06    931.518
12341.00 0.97308791 6.7676E-36 0.0000E+00 0.0000E+00 1.1826E-08 1.1826E-08 0.0000E+00 0.0000E+00 1.1826E-08 6.60E-06 6.94E-06   0.027 1.0000 7.0116E-06    931.650
12351.00 0.97295809 6.4749E-36 0.0000E+00 0.0000E+00 1.1710E-08 1.1710E-08 0.0000E+00 0.0000E+00 1.1710E-08 6.52E-06 6.86E-06   0.027 1.0000 6.9247E-06    931.801
12361.00 0.97305042 6.0155E-36 0.0000E+00 0.0000E+00 1.1833E-08 1.1833E-08 0.0000E+00 0.0000E+00 1.1833E-08 6.58E-06 6.91E-06   0.027 1.0000 6.9793E-06    932.948
12371.00 0.97304845 5.6619E-36 0.0000E+00 0.0000E+00 1.1941E-08 1.1941E-08 0.0000E+00 0.0000E+00 1.1941E-08 6.62E-06 6.96E-06   0.027 1.0000 7.0253E-06    934.032
12381.00 0.97307938 5.2963E-36 0.0000E+00 0.0000E+00 1.1992E-08 1.1992E-08 0.0000E+00 0.0000E+00 1.1992E-08 6.63E-06 6.97E-06   0.027 1.0000 7.0369E-06    934.874
12391.00 0.97302920 5.0112E-36 0.0000E+00 0.0000E+00 1.2103E-08 1.2103E-08 0.0000E+00 0.0000E+00 1.2103E-08 6.67E-06 7.02E-06   0.027 1.0000 7.0840E-06    935.963
12401.00 0.97301424 4.7166E-36 0.0000E+00 0.0000E+00 1.2238E-08 1.2238E-08 0.0000E+00 0.0000E+00 1.2238E-08 6.73E-06 7.08E-06   0.027 1.0000 7.1455E-06    937.148
12411.00 0.97298723 4.4390E-36 0.0000E+00 0.0000E+00 1.2178E-08 1.2178E-08 0.0000E+00 0.0000E+00 1.2178E-08 6.68E-06 7.03E-06   0.027 1.0000 7.0929E-06    937.543
12421.00 0.97286326 4.2286E-36 0.0000E+00 0.0000E+00 1.1850E-08 1.1850E-08 0.0000E+00 0.0000E+00 1.1850E-08 6.49E-06 6.82E-06   0.028 1.0000 6.8849E-06    936.835
12431.00 0.97263628 4.0907E-36 0.0000E+00 0.0000E+00 1.2159E-08 1.2159E-08 0.0000E+00 0.0000E+00 1.2159E-08 6.64E-06 6.98E-06   0.028 1.0000 7.0471E-06    938.737
12441.00 0.97257632 3.8590E-36 0.0000E+00 0.0000E+00 1.2247E-08 1.2247E-08 0.0000E+00 0.0000E+00 1.2247E-08 6.67E-06 7.01E-06   0.028 1.0000 7.0810E-06    939.729
12451.00 0.97252107 3.6415E-36 0.0000E+00 0.0000E+00 1.2126E-08 1.2126E-08 0.0000E+00 0.0000E+00 1.2126E-08 6.58E-06 6.93E-06   0.028 1.0000 6.9937E-06    939.873
12461.00 0.97236311 3.4817E-36 0.0000E+00 0.0000E+00 1.2297E-08 1.2297E-08 0.0000E+00 0.0000E+00 1.2297E-08 6.66E-06 7.01E-06   0.028 1.0000 7.0759E-06    941.204
12471.00 0.97241861 3.2311E-36 0.0000E+00 0.0000E+00 1.2390E-08 1.2390E-08 0.0000E+00 0.0000E+00 1.2390E-08 6.69E-06 7.04E-06   0.028 1.0000 7.1120E-06    942.213
12481.00 0.97218978 3.1149E-36 0.0000E+00 0.0000E+00 1.2404E-08 1.2404E-08 0.0000E+00 0.0000E+00 1.2404E-08 6.68E-06 7.04E-06   0.028 1.0000 7.1032E-06    942.904
12491.00 0.97218615 2.9157E-36 0.0000E+00 0.0000E+00 1.2325E-08 1.2325E-08 0.0000E+00 0.0000E+00 1.2325E-08 6.62E-06 6.97E-06   0.028 1.0000 7.0410E-06    943.223
12501.00 0.97215909 2.7368E-36 0.0000E+00 0.0000E+00 1.2210E-08 1.2210E-08 0.0000E+00 0.0000E+00 1.2210E-08 6.55E-06 6.89E-06   0.028 1.0000 6.9583E-06    943.395
12511.00 0.97224957 2.5267E-36 0.0000E+00 0.0000E+00 1.2517E-08 1.2517E-08 0.0000E+00 0.0000E+00 1.2517E-08 6.69E-06 7.05E-06   0.028 1.0000 7.1163E-06    945.263
12521.00 0.97204697 2.4225E-36 0.0000E+00 0.0000E+00 1.2537E-08 1.2537E-08 0.0000E+00 0.0000E+00 1.2537E-08 6.69E-06 7.04E-06   0.028 1.0000 7.1113E-06    945.979
12531.00 0.97213060 2.2393E-36 0.0000E+00 0.0000E+00 1.2543E-08 1.2543E-08 0.0000E+00 0.0000E+00 1.2543E-08 6.67E-06 7.03E-06   0.028 1.0000 7.0974E-06    946.638
12541.00 0.97189963 2.1573E-36 0.0000E+00 0.0000E+00 1.2556E-08 1.2556E-08 0.0000E+00 0.0000E+00 1.2556E-08 6.66E-06 7.02E-06   0.029 1.0000 7.0882E-06    947.326
12551.00 0.97162300 2.0888E-36 0.0000E+00 0.0000E+00 1.2604E-08 1.2604E-08 0.0000E+00 0.0000E+00 1.2604E-08 6.67E-06 7.03E-06   0.029 1.0000 7.0994E-06    948.154
12561.00 0.97137606 2.0154E-36 0.0000E+00 0.0000E+00 1.2532E-08 1.2532E-08 0.0000E+00 0.0000E+00 1.2532E-08 6.61E-06 6.97E-06   0.029 1.0000 7.0428E-06    948.506
12571.00 0.97175103 1.7956E-36 0.0000E+00 0.0000E+00 1.2591E-08 1.2591E-08 0.0000E+00 0.0000E+00 1.2591E-08 6.63E-06 6.99E-06   0.029 1.0000 7.0580E-06    949.375
12581.00 0.97171766 1.6839E-36 0.0000E+00 0.0000E+00 1.2180E-08 1.2180E-08 0.0000E+00 0.0000E+00 1.2180E-08 6.40E-06 6.74E-06   0.029 1.0000 6.8119E-06    948.359
12591.00 0.97168529 1.5768E-36 0.0000E+00 0.0000E+00 1.2249E-08 1.2249E-08 0.0000E+00 0.0000E+00 1.2249E-08 6.42E-06 6.77E-06   0.029 1.0000 6.8345E-06    949.276
12601.00 0.97150290 1.5043E-36 0.0000E+00 0.0000E+00 1.2273E-08 1.2273E-08 0.0000E+00 0.0000E+00 1.2273E-08 6.41E-06 6.76E-06   0.029 1.0000 6.8321E-06    950.006
12611.00 0.97111982 1.4735E-36 0.0000E+00 0.0000E+00 1.2625E-08 1.2625E-08 0.0000E+00 0.0000E+00 1.2625E-08 6.58E-06 6.94E-06   0.029 1.0000 7.0130E-06    952.055
12621.00 0.97101003 1.3923E-36 0.0000E+00 0.0000E+00 1.2651E-08 1.2651E-08 0.0000E+00 0.0000E+00 1.2651E-08 6.58E-06 6.94E-06   0.029 1.0000 7.0117E-06    952.794
12631.00 0.97104341 1.2829E-36 0.0000E+00 0.0000E+00 1.2496E-08 1.2496E-08 0.0000E+00 0.0000E+00 1.2496E-08 6.48E-06 6.84E-06   0.029 1.0000 6.9099E-06    952.814
12641.00 0.97078121 1.1524E-36 0.0000E+00 0.0000E+00 1.2767E-08 1.2767E-08 0.0000E+00 0.0000E+00 1.2767E-08 6.60E-06 6.97E-06   0.030 1.0000 7.0438E-06    954.521
12651.00 0.97072589 1.0563E-36 0.0000E+00 0.0000E+00 1.2890E-08 1.2890E-08 0.0000E+00 0.0000E+00 1.2890E-08 6.65E-06 7.02E-06   0.030 1.0000 7.0958E-06    955.638
12661.00 0.97049451 1.0248E-36 0.0000E+00 0.0000E+00 1.2897E-08 1.2897E-08 0.0000E+00 0.0000E+00 1.2897E-08 6.63E-06 7.01E-06   0.030 1.0000 7.0839E-06    956.303
12671.00 0.97058326 9.3432E-37 0.0000E+00 0.0000E+00 1.2994E-08 1.2994E-08 0.0000E+00 0.0000E+00 1.2994E-08 6.67E-06 7.04E-06   0.030 1.0000 7.1204E-06    957.315
12681.00 0.97063661 8.6348E-37 0.0000E+00 0.0000E+00 1.2957E-08 1.2957E-08 0.0000E+00 0.0000E+00 1.2957E-08 6.64E-06 7.01E-06   0.030 1.0000 7.0842E-06    957.809
12691.00 0.97051305 8.1831E-37 0.0000E+00 0.0000E+00 1.2921E-08 1.2921E-08 0.0000E+00 0.0000E+00 1.2921E-08 6.60E-06 6.97E-06   0.030 1.0000 7.0488E-06    958.306
12701.00 0.97046936 7.6441E-37 0.0000E+00 0.0000E+00 1.3039E-08 1.3039E-08 0.0000E+00 0.0000E+00 1.3039E-08 6.64E-06 7.02E-06   0.030 1.0000 7.0968E-06    959.398
12711.00 0.97035694 7.2281E-37 0.0000E+00 0.0000E+00 1.3148E-08 1.3148E-08 0.0000E+00 0.0000E+00 1.3148E-08 6.68E-06 7.06E-06   0.030 1.0000 7.1406E-06    960.455
12721.00 0.97032315 6.7493E-37 0.0000E+00 0.0000E+00 1.2917E-08 1.2917E-08 0.0000E+00 0.0000E+00 1.2917E-08 6.55E-06 6.92E-06   0.030 1.0000 6.9992E-06    960.196
12731.00 0.97020519 6.3771E-37 0.0000E+00 0.0000E+00 1.2921E-08 1.2921E-08 0.0000E+00 0.0000E+00 1.2921E-08 6.53E-06 6.91E-06   0.030 1.0000 6.9861E-06    960.850
12741.00 0.97006905 5.9081E-37 0.0000E+00 0.0000E+00 1.3165E-08 1.3165E-08 0.0000E+00 0.0000E+00 1.3165E-08 6.64E-06 7.02E-06   0.030 1.0000 7.1028E-06    962.430
12751.00 0.96993124 5.5762E-37 0.0000E+00 0.0000E+00 1.3161E-08 1.3161E-08 0.0000E+00 0.0000E+00 1.3161E-08 6.62E-06 7.00E-06   0.031 1.0000 7.0859E-06    963.052
12761.00 0.96979362 5.1503E-37 0.0000E+00 0.0000E+00 1.2854E-08 1.2854E-08 0.0000E+00 0.0000E+00 1.2854E-08 6.45E-06 6.82E-06   0.031 1.0000 6.9058E-06    962.495
12771.00 0.96965551 4.8656E-37 0.0000E+00 0.0000E+00 1.3125E-08 1.3125E-08 0.0000E+00 0.0000E+00 1.3125E-08 6.57E-06 6.95E-06   0.031 1.0000 7.0362E-06    964.185
12781.00 0.96950334 4.6000E-37 0.0000E+00 0.0000E+00 1.3301E-08 1.3301E-08 0.0000E+00 0.0000E+00 1.3301E-08 6.64E-06 7.03E-06   0.031 1.0000 7.1156E-06    965.495
12791.00 0.96939188 4.3434E-37 0.0000E+00 0.0000E+00 1.3336E-08 1.3336E-08 0.0000E+00 0.0000E+00 1.3336E-08 6.64E-06 7.03E-06   0.031 1.0000 7.1190E-06    966.267
12801.00 0.96927851 4.1023E-37 0.0000E+00 0.0000E+00 1.3146E-08 1.3146E-08 0.0000E+00 0.0000E+00 1.3146E-08 6.53E-06 6.91E-06   0.031 1.0000 7.0016E-06    966.172
12811.00 0.96916372 3.8765E-37 0.0000E+00 0.0000E+00 1.3332E-08 1.3332E-08 0.0000E+00 0.0000E+00 1.3332E-08 6.61E-06 6.99E-06   0.031 1.0000 7.0852E-06    967.522
12821.00 0.96905786 3.5472E-37 0.0000E+00 0.0000E+00 1.3203E-08 1.3203E-08 0.0000E+00 0.0000E+00 1.3203E-08 6.53E-06 6.91E-06   0.031 1.0000 7.0007E-06    967.663
12831.00 0.96896082 3.2367E-37 0.0000E+00 0.0000E+00 1.3395E-08 1.3395E-08 0.0000E+00 0.0000E+00 1.3395E-08 6.60E-06 6.99E-06   0.032 1.0000 7.0866E-06    969.034
12841.00 0.96889108 3.0552E-37 0.0000E+00 0.0000E+00 1.3467E-08 1.3467E-08 0.0000E+00 0.0000E+00 1.3467E-08 6.62E-06 7.02E-06   0.032 1.0000 7.1081E-06    969.945
12851.00 0.96882498 2.8851E-37 0.0000E+00 0.0000E+00 1.3486E-08 1.3486E-08 0.0000E+00 0.0000E+00 1.3486E-08 6.62E-06 7.01E-06   0.032 1.0000 7.1013E-06    970.653
12861.00 0.96876764 2.7240E-37 0.0000E+00 0.0000E+00 1.3246E-08 1.3246E-08 0.0000E+00 0.0000E+00 1.3246E-08 6.48E-06 6.87E-06   0.032 1.0000 6.9577E-06    970.373
12871.00 0.96871936 2.4584E-37 0.0000E+00 0.0000E+00 1.3576E-08 1.3576E-08 0.0000E+00 0.0000E+00 1.3576E-08 6.63E-06 7.02E-06   0.032 1.0000 7.1139E-06    972.265
12881.00 0.96867150 2.2069E-37 0.0000E+00 0.0000E+00 1.3582E-08 1.3582E-08 0.0000E+00 0.0000E+00 1.3582E-08 6.61E-06 7.01E-06   0.032 1.0000 7.0994E-06    972.921
12891.00 0.96862370 2.0846E-37 0.0000E+00 0.0000E+00 1.3605E-08 1.3605E-08 0.0000E+00 0.0000E+00 1.3605E-08 6.61E-06 7.00E-06   0.032 1.0000 7.0944E-06    973.647
12901.00 0.96858013 1.9689E-37 0.0000E+00 0.0000E+00 1.2984E-08 1.2984E-08 0.0000E+00 0.0000E+00 1.2984E-08 6.29E-06 6.67E-06   0.032 1.0000 6.7536E-06    971.899
12911.00 0.96852100 1.7477E-37 0.0000E+00 0.0000E+00 1.3316E-08 1.3316E-08 0.0000E+00 0.0000E+00 1.3316E-08 6.43E-06 6.82E-06   0.032 1.0000 6.9089E-06    973.822
12921.00 0.96846128 1.5389E-37 0.0000E+00 0.0000E+00 1.3728E-08 1.3728E-08 0.0000E+00 0.0000E+00 1.3728E-08 6.62E-06 7.02E-06   0.032 1.0000 7.1049E-06    976.015
12931.00 0.96835029 1.4622E-37 0.0000E+00 0.0000E+00 1.3683E-08 1.3683E-08 0.0000E+00 0.0000E+00 1.3683E-08 6.58E-06 6.98E-06   0.032 1.0000 7.0646E-06    976.484
12941.00 0.96818781 1.2698E-37 0.0000E+00 0.0000E+00 1.3386E-08 1.3386E-08 0.0000E+00 0.0000E+00 1.3386E-08 6.42E-06 6.81E-06   0.032 1.0000 6.8949E-06    975.995
12951.00 0.96808577 1.2081E-37 0.0000E+00 0.0000E+00 1.3599E-08 1.3599E-08 0.0000E+00 0.0000E+00 1.3599E-08 6.50E-06 6.90E-06   0.032 1.0000 6.9877E-06    977.439
12961.00 0.96794039 1.0174E-37 0.0000E+00 0.0000E+00 1.3448E-08 1.3448E-08 0.0000E+00 0.0000E+00 1.3448E-08 6.42E-06 6.81E-06   0.033 1.0000 6.8945E-06    977.505
12971.00 0.96765107 7.1976E-38 0.0000E+00 0.0000E+00 1.3737E-08 1.3737E-08 0.0000E+00 0.0000E+00 1.3737E-08 6.54E-06 6.94E-06   0.033 1.0000 7.0270E-06    979.231
12981.00 0.96641904 8.6014E-38 0.0000E+00 0.0000E+00 1.3692E-08 1.3692E-08 0.0000E+00 0.0000E+00 1.3692E-08 6.49E-06 6.91E-06   0.034 1.0000 6.9958E-06    979.697
12991.00 0.96417153 7.1829E-38 0.0000E+00 0.0000E+00 1.3641E-08 1.3641E-08 0.0000E+00 0.0000E+00 1.3641E-08 6.44E-06 6.87E-06   0.036 1.0000 6.9674E-06    980.141
13001.00 0.95961767 3.2154E-38 0.0000E+00 0.0000E+00 1.3678E-08 1.3678E-08 0.0000E+00 0.0000E+00 1.3678E-08 6.43E-06 6.89E-06   0.041 1.0000 6.9977E-06    980.917
13011.00 0.95468789 0.0000E+00 0.0000E+00 0.0000E+00 1.3788E-08 1.3788E-08 0.0000E+00 0.0000E+00 1.3788E-08 6.45E-06 6.94E-06   0.046 1.0000 7.0635E-06    981.963
13021.00 0.94390714 0.0000E+00 0.0000E+00 0.0000E+00 1.3672E-08 1.3672E-08 0.0000E+00 0.0000E+00 1.3672E-08 6.34E-06 6.90E-06   0.058 1.0000 7.0503E-06    982.164
13031.00 0.93330812 0.0000E+00 0.0000E+00 0.0000E+00 1.3645E-08 1.3645E-08 0.0000E+00 0.0000E+00 1.3645E-08 6.26E-06 6.91E-06   0.069 1.0000 7.0771E-06    982.700
13041.00 0.91124254 0.0000E+00 0.0000E+00 0.0000E+00 1.2743E-08 1.2743E-08 0.0000E+00 0.0000E+00 1.2743E-08 5.76E-06 6.52E-06   0.093 1.0000 6.7057E-06    979.822
13051.00 0.89229178 0.0000E+00 0.0000E+00 0.0000E+00 1.2401E-08 1.2401E-08 0.0000E+00 0.0000E+00 1.2401E-08 5.49E-06 6.42E-06   0.114 1.0000 6.6213E-06    979.067
13061.00 0.85043955 0.0000E+00 0.0000E+00 0.0000E+00 1.2455E-08 1.2455E-08 0.0000E+00 0.0000E+00 1.2455E-08 5.32E-06 6.62E-06   0.162 1.0000 6.8845E-06    979.919
13071.00 0.79241246 0.0000E+00 0.0000E+00 0.0000E+00 1.2208E-08 1.2208E-08 0.0000E+00 0.0000E+00 1.2208E-08 4.99E-06 6.73E-06   0.233 1.0000 7.1115E-06    979.531
13081.00 0.74392486 0.0000E+00 0.0000E+00 0.0000E+00 1.1679E-08 1.1679E-08 0.0000E+00 0.0000E+00 1.1679E-08 4.54E-06 6.67E-06   0.296 1.0000 7.1104E-06    977.906
13091.00 0.67822498 0.0000E+00 0.0000E+00 0.0000E+00 1.0944E-08 1.0944E-08 0.0000E+00 0.0000E+00 1.0944E-08 3.97E-06 6.58E-06   0.388 1.0000 7.1062E-06    975.243
13101.00 0.63741940 0.0000E+00 0.0000E+00 0.0000E+00 1.0442E-08 1.0442E-08 0.0000E+00 0.0000E+00 1.0442E-08 3.60E-06 6.50E-06   0.450 1.0000 7.1028E-06    973.508
13111.00 0.65669739 0.0000E+00 0.0000E+00 0.0000E+00 1.0572E-08 1.0572E-08 0.0000E+00 0.0000E+00 1.0572E-08 3.73E-06 6.45E-06   0.421 1.0000 7.0290E-06    974.758
13121.00 0.80702913 0.0000E+00 0.0000E+00 0.0000E+00 1.1887E-08 1.1887E-08 0.0000E+00 0.0000E+00 1.1887E-08 4.83E-06 6.46E-06   0.214 1.0000 6.7816E-06    981.331
13131.00 0.63600069 0.0000E+00 0.0000E+00 0.0000E+00 1.0331E-08 1.0331E-08 0.0000E+00 0.0000E+00 1.0331E-08 3.48E-06 6.41E-06   0.453 1.0000 6.9749E-06    974.854
13141.00 0.48003620 0.0000E+00 0.0000E+00 0.0000E+00 8.5879E-09 8.5879E-09 0.0000E+00 0.0000E+00 8.5879E-09 2.23E-06 6.19E-06   0.734 1.0000 7.0062E-06    966.268
13151.00 0.48356539 0.0000E+00 0.0000E+00 0.0000E+00 8.5994E-09 8.5994E-09 0.0000E+00 0.0000E+00 8.5994E-09 2.35E-06 6.06E-06   0.727 1.0000 6.9759E-06    966.957
13161.00 0.68798643 0.0000E+00 0.0000E+00 0.0000E+00 1.1089E-08 1.1089E-08 0.0000E+00 0.0000E+00 1.1089E-08 4.02E-06 6.41E-06   0.374 1.0000 7.0394E-06    980.316
13171.00 0.93952399 0.0000E+00 0.0000E+00 0.0000E+00 1.4065E-08 1.4065E-08 0.0000E+00 0.0000E+00 1.4065E-08 6.27E-06 6.87E-06   0.062 1.0000 7.0248E-06    993.167
13181.00 0.96654028 0.0000E+00 0.0000E+00 0.0000E+00 1.4077E-08 1.4077E-08 0.0000E+00 0.0000E+00 1.4077E-08 6.36E-06 6.77E-06   0.034 1.0000 6.8540E-06    993.846
13191.00 0.96672398 0.0000E+00 0.0000E+00 0.0000E+00 1.4446E-08 1.4446E-08 0.0000E+00 0.0000E+00 1.4446E-08 6.51E-06 6.93E-06   0.034 1.0000 7.0170E-06    995.833
13201.00 0.96662396 0.0000E+00 0.0000E+00 0.0000E+00 1.4399E-08 1.4399E-08 0.0000E+00 0.0000E+00 1.4399E-08 6.47E-06 6.89E-06   0.034 1.0000 6.9786E-06    996.296
13211.00 0.96650374 0.0000E+00 0.0000E+00 0.0000E+00 1.4428E-08 1.4428E-08 0.0000E+00 0.0000E+00 1.4428E-08 6.47E-06 6.89E-06   0.034 1.0000 6.9776E-06    997.038
13221.00 0.96637625 0.0000E+00 0.0000E+00 0.0000E+00 1.4413E-08 1.4413E-08 0.0000E+00 0.0000E+00 1.4413E-08 6.45E-06 6.86E-06   0.034 1.0000 6.9558E-06    997.621
13231.00 0.96624202 0.0000E+00 0.0000E+00 0.0000E+00 1.4366E-08 1.4366E-08 0.0000E+00 0.0000E+00 1.4366E-08 6.41E-06 6.83E-06   0.034 1.0000 6.9184E-06    998.085
13241.00 0.96610057 0.0000E+00 0.0000E+00 0.0000E+00 1.4636E-08 1.4636E-08 0.0000E+00 0.0000E+00 1.4636E-08 6.52E-06 6.94E-06   0.034 1.0000 7.0339E-06    999.697
13251.00 0.96595544 0.0000E+00 0.0000E+00 0.0000E+00 1.4709E-08 1.4709E-08 0.0000E+00 0.0000E+00 1.4709E-08 6.53E-06 6.96E-06   0.035 1.0000 7.0541E-06   1000.593
13261.00 0.96580505 0.0000E+00 0.0000E+00 0.0000E+00 1.4784E-08 1.4784E-08 0.0000E+00 0.0000E+00 1.4784E-08 6.55E-06 6.98E-06   0.035 1.0000 7.0756E-06   1001.497
13271.00 0.96564746 0.0000E+00 0.0000E+00 0.0000E+00 1.4661E-08 1.4661E-08 0.0000E+00 0.0000E+00 1.4661E-08 6.48E-06 6.90E-06   0.035 1.0000 7.0026E-06   1001.693
13281.00 0.96548355 0.0000E+00 0.0000E+00 0.0000E+00 1.4561E-08 1.4561E-08 0.0000E+00 0.0000E+00 1.4561E-08 6.42E-06 6.84E-06   0.035 1.0000 6.9412E-06   1001.972
13291.00 0.96531737 0.0000E+00 0.0000E+00 0.0000E+00 1.4539E-08 1.4539E-08 0.0000E+00 0.0000E+00 1.4539E-08 6.39E-06 6.82E-06   0.035 1.0000 6.9165E-06   1002.526
13301.00 0.96515000 0.0000E+00 0.0000E+00 0.0000E+00 1.4763E-08 1.4763E-08 0.0000E+00 0.0000E+00 1.4763E-08 6.47E-06 6.91E-06   0.035 1.0000 7.0096E-06   1003.969
13311.00 0.96498889 0.0000E+00 0.0000E+00 0.0000E+00 1.4342E-08 1.4342E-08 0.0000E+00 0.0000E+00 1.4342E-08 6.27E-06 6.70E-06   0.036 1.0000 6.7959E-06   1003.082
13321.00 0.96482062 0.0000E+00 0.0000E+00 0.0000E+00 1.4813E-08 1.4813E-08 0.0000E+00 0.0000E+00 1.4813E-08 6.46E-06 6.90E-06   0.036 1.0000 7.0050E-06   1005.417
13331.00 0.96465772 0.0000E+00 0.0000E+00 0.0000E+00 1.4706E-08 1.4706E-08 0.0000E+00 0.0000E+00 1.4706E-08 6.40E-06 6.84E-06   0.036 1.0000 6.9407E-06   1005.671
13341.00 0.96450251 0.0000E+00 0.0000E+00 0.0000E+00 1.4400E-08 1.4400E-08 0.0000E+00 0.0000E+00 1.4400E-08 6.25E-06 6.68E-06   0.036 1.0000 6.7825E-06   1005.199
13351.00 0.96435612 0.0000E+00 0.0000E+00 0.0000E+00 1.4872E-08 1.4872E-08 0.0000E+00 0.0000E+00 1.4872E-08 6.44E-06 6.88E-06   0.036 1.0000 6.9903E-06   1007.535
13361.00 0.96422929 0.0000E+00 0.0000E+00 0.0000E+00 1.4815E-08 1.4815E-08 0.0000E+00 0.0000E+00 1.4815E-08 6.40E-06 6.84E-06   0.036 1.0000 6.9490E-06   1007.970
13371.00 0.96411341 0.0000E+00 0.0000E+00 0.0000E+00 1.4834E-08 1.4834E-08 0.0000E+00 0.0000E+00 1.4834E-08 6.39E-06 6.83E-06   0.037 1.0000 6.9428E-06   1008.672
13381.00 0.96401101 0.0000E+00 0.0000E+00 0.0000E+00 1.4953E-08 1.4953E-08 0.0000E+00 0.0000E+00 1.4953E-08 6.43E-06 6.87E-06   0.037 1.0000 6.9829E-06   1009.730
13391.00 0.96391904 0.0000E+00 0.0000E+00 0.0000E+00 1.4992E-08 1.4992E-08 0.0000E+00 0.0000E+00 1.4992E-08 6.43E-06 6.87E-06   0.037 1.0000 6.9856E-06   1010.505
13401.00 0.96383977 0.0000E+00 0.0000E+00 0.0000E+00 1.4910E-08 1.4910E-08 0.0000E+00 0.0000E+00 1.4910E-08 6.38E-06 6.82E-06   0.037 1.0000 6.9311E-06   1010.848
13411.00 0.96376634 0.0000E+00 0.0000E+00 0.0000E+00 1.5087E-08 1.5087E-08 0.0000E+00 0.0000E+00 1.5087E-08 6.44E-06 6.89E-06   0.037 1.0000 6.9973E-06   1012.109
13421.00 0.96370727 0.0000E+00 0.0000E+00 0.0000E+00 1.4795E-08 1.4795E-08 0.0000E+00 0.0000E+00 1.4795E-08 6.30E-06 6.74E-06   0.037 1.0000 6.8463E-06   1011.711
13431.00 0.96364117 0.0000E+00 0.0000E+00 0.0000E+00 1.4640E-08 1.4640E-08 0.0000E+00 0.0000E+00 1.4640E-08 6.22E-06 6.65E-06   0.037 1.0000 6.7587E-06   1011.789
13441.00 0.96358043 0.0000E+00 0.0000E+00 0.0000E+00 1.5152E-08 1.5152E-08 0.0000E+00 0.0000E+00 1.5152E-08 6.42E-06 6.87E-06   0.037 1.0000 6.9782E-06   1014.246
13451.00 0.96353227 0.0000E+00 0.0000E+00 0.0000E+00 1.5192E-08 1.5192E-08 0.0000E+00 0.0000E+00 1.5192E-08 6.42E-06 6.87E-06   0.037 1.0000 6.9805E-06   1015.025
13461.00 0.96344978 0.0000E+00 0.0000E+00 0.0000E+00 1.5084E-08 1.5084E-08 0.0000E+00 0.0000E+00 1.5084E-08 6.36E-06 6.81E-06   0.037 1.0000 6.9145E-06   1015.279
13471.00 0.96338457 0.0000E+00 0.0000E+00 0.0000E+00 1.4587E-08 1.4587E-08 0.0000E+00 0.0000E+00 1.4587E-08 6.13E-06 6.57E-06   0.037 1.0000 6.6706E-06   1014.132
13481.00 0.96332204 0.0000E+00 0.0000E+00 0.0000E+00 1.4631E-08 1.4631E-08 0.0000E+00 0.0000E+00 1.4631E-08 6.14E-06 6.57E-06   0.037 1.0000 6.6756E-06   1014.930
13491.00 0.96322173 0.0000E+00 0.0000E+00 0.0000E+00 1.4629E-08 1.4629E-08 0.0000E+00 0.0000E+00 1.4629E-08 6.12E-06 6.55E-06   0.037 1.0000 6.6588E-06   1015.555
13501.00 0.96320045 0.0000E+00 0.0000E+00 0.0000E+00 1.5087E-08 1.5087E-08 0.0000E+00 0.0000E+00 1.5087E-08 6.30E-06 6.74E-06   0.037 1.0000 6.8511E-06   1017.831
13511.00 0.96306753 0.0000E+00 0.0000E+00 0.0000E+00 1.5114E-08 1.5114E-08 0.0000E+00 0.0000E+00 1.5114E-08 6.29E-06 6.74E-06   0.038 1.0000 6.8479E-06   1018.564
13521.00 0.96290547 0.0000E+00 0.0000E+00 0.0000E+00 1.5164E-08 1.5164E-08 0.0000E+00 0.0000E+00 1.5164E-08 6.30E-06 6.75E-06   0.038 1.0000 6.8549E-06   1019.374
13531.00 0.96286231 0.0000E+00 0.0000E+00 0.0000E+00 1.4711E-08 1.4711E-08 0.0000E+00 0.0000E+00 1.4711E-08 6.10E-06 6.53E-06   0.038 1.0000 6.6352E-06   1018.393
13541.00 0.96266514 0.0000E+00 0.0000E+00 0.0000E+00 1.5175E-08 1.5175E-08 0.0000E+00 0.0000E+00 1.5175E-08 6.27E-06 6.72E-06   0.038 1.0000 6.8288E-06   1020.684
13551.00 0.96269625 0.0000E+00 0.0000E+00 0.0000E+00 1.5519E-08 1.5519E-08 0.0000E+00 0.0000E+00 1.5519E-08 6.40E-06 6.86E-06   0.038 1.0000 6.9678E-06   1022.521
13561.00 0.96246302 0.0000E+00 0.0000E+00 0.0000E+00 1.5582E-08 1.5582E-08 0.0000E+00 0.0000E+00 1.5582E-08 6.41E-06 6.87E-06   0.038 1.0000 6.9805E-06   1023.372
13571.00 0.96225363 0.0000E+00 0.0000E+00 0.0000E+00 1.5501E-08 1.5501E-08 0.0000E+00 0.0000E+00 1.5501E-08 6.36E-06 6.82E-06   0.038 1.0000 6.9293E-06   1023.729
13581.00 0.96205801 0.0000E+00 0.0000E+00 0.0000E+00 1.5396E-08 1.5396E-08 0.0000E+00 0.0000E+00 1.5396E-08 6.30E-06 6.76E-06   0.039 1.0000 6.8674E-06   1024.002
13591.00 0.96213448 0.0000E+00 0.0000E+00 0.0000E+00 1.5343E-08 1.5343E-08 0.0000E+00 0.0000E+00 1.5343E-08 6.26E-06 6.72E-06   0.039 1.0000 6.8280E-06   1024.451
13601.00 0.96208209 0.0000E+00 0.0000E+00 0.0000E+00 1.5580E-08 1.5580E-08 0.0000E+00 0.0000E+00 1.5580E-08 6.34E-06 6.81E-06   0.039 1.0000 6.9178E-06   1025.910
13611.00 0.96190619 0.0000E+00 0.0000E+00 0.0000E+00 1.5763E-08 1.5763E-08 0.0000E+00 0.0000E+00 1.5763E-08 6.40E-06 6.87E-06   0.039 1.0000 6.9838E-06   1027.173
13621.00 0.96202445 0.0000E+00 0.0000E+00 0.0000E+00 1.5844E-08 1.5844E-08 0.0000E+00 0.0000E+00 1.5844E-08 6.42E-06 6.89E-06   0.039 1.0000 7.0039E-06   1028.087
13631.00 0.96152639 0.0000E+00 0.0000E+00 0.0000E+00 1.5708E-08 1.5708E-08 0.0000E+00 0.0000E+00 1.5708E-08 6.35E-06 6.82E-06   0.039 1.0000 6.9291E-06   1028.255
13641.00 0.96159261 0.0000E+00 0.0000E+00 0.0000E+00 1.5482E-08 1.5482E-08 0.0000E+00 0.0000E+00 1.5482E-08 6.24E-06 6.70E-06   0.039 1.0000 6.8141E-06   1028.110
13651.00 0.96138757 0.0000E+00 0.0000E+00 0.0000E+00 1.5549E-08 1.5549E-08 0.0000E+00 0.0000E+00 1.5549E-08 6.25E-06 6.72E-06   0.039 1.0000 6.8293E-06   1028.981
13661.00 0.96040148 0.0000E+00 0.0000E+00 0.0000E+00 1.5773E-08 1.5773E-08 0.0000E+00 0.0000E+00 1.5773E-08 6.32E-06 6.80E-06   0.040 1.0000 6.9146E-06   1030.387
13671.00 0.96024859 0.0000E+00 0.0000E+00 0.0000E+00 1.5680E-08 1.5680E-08 0.0000E+00 0.0000E+00 1.5680E-08 6.27E-06 6.75E-06   0.041 1.0000 6.8594E-06   1030.703
13681.00 0.96007502 0.0000E+00 0.0000E+00 0.0000E+00 1.5458E-08 1.5458E-08 0.0000E+00 0.0000E+00 1.5458E-08 6.16E-06 6.64E-06   0.041 1.0000 6.7477E-06   1030.568
13691.00 0.95941472 0.0000E+00 0.0000E+00 0.0000E+00 1.5906E-08 1.5906E-08 0.0000E+00 0.0000E+00 1.5906E-08 6.32E-06 6.81E-06   0.041 1.0000 6.9298E-06   1032.747
13701.00 0.96025383 0.0000E+00 0.0000E+00 0.0000E+00 1.5851E-08 1.5851E-08 0.0000E+00 0.0000E+00 1.5851E-08 6.29E-06 6.77E-06   0.041 1.0000 6.8895E-06   1033.196
13711.00 0.95818090 0.0000E+00 0.0000E+00 0.0000E+00 1.5165E-08 1.5165E-08 0.0000E+00 0.0000E+00 1.5165E-08 5.99E-06 6.47E-06   0.043 1.0000 6.5819E-06   1031.440
13721.00 0.95938414 0.0000E+00 0.0000E+00 0.0000E+00 1.5374E-08 1.5374E-08 0.0000E+00 0.0000E+00 1.5374E-08 6.07E-06 6.54E-06   0.041 1.0000 6.6556E-06   1032.812
13731.00 0.95901656 0.0000E+00 0.0000E+00 0.0000E+00 1.5858E-08 1.5858E-08 0.0000E+00 0.0000E+00 1.5858E-08 6.24E-06 6.73E-06   0.042 1.0000 6.8519E-06   1035.127
13741.00 0.95656222 0.0000E+00 0.0000E+00 0.0000E+00 1.5964E-08 1.5964E-08 0.0000E+00 0.0000E+00 1.5964E-08 6.24E-06 6.77E-06   0.044 1.0000 6.8890E-06   1036.125
13751.00 0.95862186 0.0000E+00 0.0000E+00 0.0000E+00 1.6201E-08 1.6201E-08 0.0000E+00 0.0000E+00 1.6201E-08 6.34E-06 6.85E-06   0.042 1.0000 6.9714E-06   1037.559
13761.00 0.95685190 0.0000E+00 0.0000E+00 0.0000E+00 1.6059E-08 1.6059E-08 0.0000E+00 0.0000E+00 1.6059E-08 6.26E-06 6.78E-06   0.044 1.0000 6.9003E-06   1037.718
13771.00 0.95881492 0.0000E+00 0.0000E+00 0.0000E+00 1.5950E-08 1.5950E-08 0.0000E+00 0.0000E+00 1.5950E-08 6.22E-06 6.71E-06   0.042 1.0000 6.8340E-06   1037.982
13781.00 0.95684540 0.0000E+00 0.0000E+00 0.0000E+00 1.6166E-08 1.6166E-08 0.0000E+00 0.0000E+00 1.6166E-08 6.27E-06 6.79E-06   0.044 1.0000 6.9166E-06   1039.348
13791.00 0.95774770 0.0000E+00 0.0000E+00 0.0000E+00 1.6111E-08 1.6111E-08 0.0000E+00 0.0000E+00 1.6111E-08 6.24E-06 6.75E-06   0.043 1.0000 6.8767E-06   1039.799
13801.00 0.95572180 0.0000E+00 0.0000E+00 0.0000E+00 1.6143E-08 1.6143E-08 0.0000E+00 0.0000E+00 1.6143E-08 6.22E-06 6.76E-06   0.045 1.0000 6.8804E-06   1040.541
13811.00 0.95605433 0.0000E+00 0.0000E+00 0.0000E+00 1.6212E-08 1.6212E-08 0.0000E+00 0.0000E+00 1.6212E-08 6.24E-06 6.77E-06   0.045 1.0000 6.8949E-06   1041.411
13821.00 0.95434469 0.0000E+00 0.0000E+00 0.0000E+00 1.6359E-08 1.6359E-08 0.0000E+00 0.0000E+00 1.6359E-08 6.27E-06 6.82E-06   0.047 1.0000 6.9471E-06   1042.540
13831.00 0.95813358 0.0000E+00 0.0000E+00 0.0000E+00 1.6255E-08 1.6255E-08 0.0000E+00 0.0000E+00 1.6255E-08 6.25E-06 6.75E-06   0.043 1.0000 6.8800E-06   1042.826
13841.00 0.95823389 0.0000E+00 0.0000E+00 0.0000E+00 1.5762E-08 1.5762E-08 0.0000E+00 0.0000E+00 1.5762E-08 6.04E-06 6.53E-06   0.043 1.0000 6.6572E-06   1041.781
13851.00 0.95836967 0.0000E+00 0.0000E+00 0.0000E+00 1.6297E-08 1.6297E-08 0.0000E+00 0.0000E+00 1.6297E-08 6.24E-06 6.74E-06   0.043 1.0000 6.8689E-06   1044.239
13861.00 0.95827127 0.0000E+00 0.0000E+00 0.0000E+00 1.6272E-08 1.6272E-08 0.0000E+00 0.0000E+00 1.6272E-08 6.21E-06 6.72E-06   0.043 1.0000 6.8448E-06   1044.791
13871.00 0.95469111 0.0000E+00 0.0000E+00 0.0000E+00 1.5719E-08 1.5719E-08 0.0000E+00 0.0000E+00 1.5719E-08 5.96E-06 6.48E-06   0.046 1.0000 6.6067E-06   1043.535
13881.00 0.95236605 0.0000E+00 0.0000E+00 0.0000E+00 1.6304E-08 1.6304E-08 0.0000E+00 0.0000E+00 1.6304E-08 6.14E-06 6.71E-06   0.049 1.0000 6.8443E-06   1046.168
13891.00 0.95455116 0.0000E+00 0.0000E+00 0.0000E+00 1.6173E-08 1.6173E-08 0.0000E+00 0.0000E+00 1.6173E-08 6.10E-06 6.64E-06   0.047 1.0000 6.7708E-06   1046.360
13901.00 0.95303965 0.0000E+00 0.0000E+00 0.0000E+00 1.5853E-08 1.5853E-08 0.0000E+00 0.0000E+00 1.5853E-08 5.95E-06 6.50E-06   0.048 1.0000 6.6271E-06   1045.902
13911.00 0.95144689 0.0000E+00 0.0000E+00 0.0000E+00 1.5783E-08 1.5783E-08 0.0000E+00 0.0000E+00 1.5783E-08 5.90E-06 6.46E-06   0.050 1.0000 6.5880E-06   1046.295
13921.00 0.95414430 0.0000E+00 0.0000E+00 0.0000E+00 1.6025E-08 1.6025E-08 0.0000E+00 0.0000E+00 1.6025E-08 6.00E-06 6.53E-06   0.047 1.0000 6.6696E-06   1047.761
13931.00 0.95500678 0.0000E+00 0.0000E+00 0.0000E+00 1.6370E-08 1.6370E-08 0.0000E+00 0.0000E+00 1.6370E-08 6.12E-06 6.66E-06   0.046 1.0000 6.7975E-06   1049.566
13941.00 0.95565712 0.0000E+00 0.0000E+00 0.0000E+00 1.6706E-08 1.6706E-08 0.0000E+00 0.0000E+00 1.6706E-08 6.24E-06 6.78E-06   0.045 1.0000 6.9216E-06   1051.320
13951.00 0.95670426 0.0000E+00 0.0000E+00 0.0000E+00 1.6062E-08 1.6062E-08 0.0000E+00 0.0000E+00 1.6062E-08 6.00E-06 6.50E-06   0.044 1.0000 6.6387E-06   1049.790
13961.00 0.95722252 0.0000E+00 0.0000E+00 0.0000E+00 1.6525E-08 1.6525E-08 0.0000E+00 0.0000E+00 1.6525E-08 6.16E-06 6.67E-06   0.044 1.0000 6.8145E-06   1051.988
13971.00 0.95719111 0.0000E+00 0.0000E+00 0.0000E+00 1.6625E-08 1.6625E-08 0.0000E+00 0.0000E+00 1.6625E-08 6.19E-06 6.70E-06   0.044 1.0000 6.8419E-06   1052.958
13981.00 0.95698440 0.0000E+00 0.0000E+00 0.0000E+00 1.6198E-08 1.6198E-08 0.0000E+00 0.0000E+00 1.6198E-08 6.01E-06 6.51E-06   0.044 1.0000 6.6525E-06   1052.159
13991.00 0.95693231 0.0000E+00 0.0000E+00 0.0000E+00 1.6347E-08 1.6347E-08 0.0000E+00 0.0000E+00 1.6347E-08 6.05E-06 6.56E-06   0.044 1.0000 6.6990E-06   1053.297
14001.00 0.95687461 0.0000E+00 0.0000E+00 0.0000E+00 1.6865E-08 1.6865E-08 0.0000E+00 0.0000E+00 1.6865E-08 6.23E-06 6.75E-06   0.044 1.0000 6.8966E-06   1055.654
14011.00 0.95680904 0.0000E+00 0.0000E+00 0.0000E+00 1.6812E-08 1.6812E-08 0.0000E+00 0.0000E+00 1.6812E-08 6.20E-06 6.72E-06   0.044 1.0000 6.8603E-06   1056.117
14021.00 0.95669705 0.0000E+00 0.0000E+00 0.0000E+00 1.6467E-08 1.6467E-08 0.0000E+00 0.0000E+00 1.6467E-08 6.05E-06 6.56E-06   0.044 1.0000 6.7046E-06   1055.603
14031.00 0.95665735 0.0000E+00 0.0000E+00 0.0000E+00 1.6750E-08 1.6750E-08 0.0000E+00 0.0000E+00 1.6750E-08 6.14E-06 6.66E-06   0.044 1.0000 6.8054E-06   1057.183
14041.00 0.95652521 0.0000E+00 0.0000E+00 0.0000E+00 1.6759E-08 1.6759E-08 0.0000E+00 0.0000E+00 1.6759E-08 6.13E-06 6.65E-06   0.044 1.0000 6.7943E-06   1057.847
14051.00 0.95643544 0.0000E+00 0.0000E+00 0.0000E+00 1.6774E-08 1.6774E-08 0.0000E+00 0.0000E+00 1.6774E-08 6.12E-06 6.64E-06   0.045 1.0000 6.7860E-06   1058.531
14061.00 0.95629120 0.0000E+00 0.0000E+00 0.0000E+00 1.6847E-08 1.6847E-08 0.0000E+00 0.0000E+00 1.6847E-08 6.13E-06 6.66E-06   0.045 1.0000 6.8011E-06   1059.406
14071.00 0.95615441 0.0000E+00 0.0000E+00 0.0000E+00 1.7160E-08 1.7160E-08 0.0000E+00 0.0000E+00 1.7160E-08 6.23E-06 6.76E-06   0.045 1.0000 6.9130E-06   1061.064
14081.00 0.95602608 0.0000E+00 0.0000E+00 0.0000E+00 1.7218E-08 1.7218E-08 0.0000E+00 0.0000E+00 1.7218E-08 6.24E-06 6.77E-06   0.045 1.0000 6.9222E-06   1061.889
14091.00 0.95594668 0.0000E+00 0.0000E+00 0.0000E+00 1.7069E-08 1.7069E-08 0.0000E+00 0.0000E+00 1.7069E-08 6.17E-06 6.70E-06   0.045 1.0000 6.8480E-06   1062.040
14101.00 0.95578319 0.0000E+00 0.0000E+00 0.0000E+00 1.6905E-08 1.6905E-08 0.0000E+00 0.0000E+00 1.6905E-08 6.10E-06 6.62E-06   0.045 1.0000 6.7686E-06   1062.139
14111.00 0.95569658 0.0000E+00 0.0000E+00 0.0000E+00 1.6871E-08 1.6871E-08 0.0000E+00 0.0000E+00 1.6871E-08 6.07E-06 6.59E-06   0.045 1.0000 6.7405E-06   1062.659
14121.00 0.95545417 0.0000E+00 0.0000E+00 0.0000E+00 1.7389E-08 1.7389E-08 0.0000E+00 0.0000E+00 1.7389E-08 6.24E-06 6.78E-06   0.046 1.0000 6.9338E-06   1064.982
14131.00 0.95534909 0.0000E+00 0.0000E+00 0.0000E+00 1.7368E-08 1.7368E-08 0.0000E+00 0.0000E+00 1.7368E-08 6.22E-06 6.76E-06   0.046 1.0000 6.9114E-06   1065.549
14141.00 0.95526803 0.0000E+00 0.0000E+00 0.0000E+00 1.6794E-08 1.6794E-08 0.0000E+00 0.0000E+00 1.6794E-08 6.00E-06 6.52E-06   0.046 1.0000 6.6690E-06   1064.310
14151.00 0.95504165 0.0000E+00 0.0000E+00 0.0000E+00 1.7250E-08 1.7250E-08 0.0000E+00 0.0000E+00 1.7250E-08 6.15E-06 6.68E-06   0.046 1.0000 6.8364E-06   1066.441
14161.00 0.95489073 0.0000E+00 0.0000E+00 0.0000E+00 1.7260E-08 1.7260E-08 0.0000E+00 0.0000E+00 1.7260E-08 6.13E-06 6.67E-06   0.046 1.0000 6.8263E-06   1067.107
14171.00 0.95470214 0.0000E+00 0.0000E+00 0.0000E+00 1.7284E-08 1.7284E-08 0.0000E+00 0.0000E+00 1.7284E-08 6.13E-06 6.67E-06   0.046 1.0000 6.8218E-06   1067.819
14181.00 0.95454830 0.0000E+00 0.0000E+00 0.0000E+00 1.7558E-08 1.7558E-08 0.0000E+00 0.0000E+00 1.7558E-08 6.21E-06 6.76E-06   0.047 1.0000 6.9162E-06   1069.335
14191.00 0.95459282 0.0000E+00 0.0000E+00 0.0000E+00 1.7555E-08 1.7555E-08 0.0000E+00 0.0000E+00 1.7555E-08 6.19E-06 6.74E-06   0.046 1.0000 6.9005E-06   1069.960
14201.00 0.95408773 0.0000E+00 0.0000E+00 0.0000E+00 1.7353E-08 1.7353E-08 0.0000E+00 0.0000E+00 1.7353E-08 6.11E-06 6.65E-06   0.047 1.0000 6.8083E-06   1069.948
14211.00 0.95431185 0.0000E+00 0.0000E+00 0.0000E+00 1.7367E-08 1.7367E-08 0.0000E+00 0.0000E+00 1.7367E-08 6.10E-06 6.64E-06   0.047 1.0000 6.7993E-06   1070.629
14221.00 0.95395136 0.0000E+00 0.0000E+00 0.0000E+00 1.7401E-08 1.7401E-08 0.0000E+00 0.0000E+00 1.7401E-08 6.09E-06 6.64E-06   0.047 1.0000 6.7995E-06   1071.372
14231.00 0.95347571 0.0000E+00 0.0000E+00 0.0000E+00 1.7155E-08 1.7155E-08 0.0000E+00 0.0000E+00 1.7155E-08 5.99E-06 6.53E-06   0.048 1.0000 6.6909E-06   1071.210
14241.00 0.95350116 0.0000E+00 0.0000E+00 0.0000E+00 1.7303E-08 1.7303E-08 0.0000E+00 0.0000E+00 1.7303E-08 6.03E-06 6.58E-06   0.048 1.0000 6.7352E-06   1072.327
14251.00 0.95323896 0.0000E+00 0.0000E+00 0.0000E+00 1.6950E-08 1.6950E-08 0.0000E+00 0.0000E+00 1.6950E-08 5.89E-06 6.43E-06   0.048 1.0000 6.5845E-06   1071.803
14261.00 0.95333558 0.0000E+00 0.0000E+00 0.0000E+00 1.7432E-08 1.7432E-08 0.0000E+00 0.0000E+00 1.7432E-08 6.05E-06 6.60E-06   0.048 1.0000 6.7582E-06   1074.014
14271.00 0.95278776 0.0000E+00 0.0000E+00 0.0000E+00 1.7361E-08 1.7361E-08 0.0000E+00 0.0000E+00 1.7361E-08 6.00E-06 6.56E-06   0.048 1.0000 6.7184E-06   1074.417
14281.00 0.95291382 0.0000E+00 0.0000E+00 0.0000E+00 1.7405E-08 1.7405E-08 0.0000E+00 0.0000E+00 1.7405E-08 6.01E-06 6.56E-06   0.048 1.0000 6.7221E-06   1075.196
 -9999.
