T F 2    2    2    0    2    2    2    2    2    2    1    0    0   0.0000.00000
    1    1    1    0    0    0  50.00000   0.00000   0.00000   0.00000   0.00000
 -99.000 -99.000 -99.000
 -99.00000 -99.00000 -99.00000  2.922360  0.000710 ! H2O & O3 COLUMNS [GM/CM2]
   36MID-LATITUDE SUMMER 
   5.00000   3.00000  93.41497  35.00078   0.31405   0.00000    0        0.00000
    0    0  172    0
   0.00000   0.00000   0.00000  70.02525   0.00000 180.00000   0.00000   0.00000
    9091.0   14286.0      10.0      10.0NW              
    0   0    0.000  0    0.000  0    1.000
    FREQ  TOT_TRANS  PTH_THRML  THRML_SCT  SURF_EMIS   SOL_SCAT  SING_SCAT  GRND_RFLT  DRCT_RFLT  TOTAL_RAD  REF_SOL  SOL@OBS   DEPTH DIR_EM    TOA_SUN BBODY_T[K]
 9091.00 0.57641596 6.7301E-22 0.0000E+00 0.0000E+00 4.7822E-08 4.7822E-08 0.0000E+00 0.0000E+00 4.7822E-08 3.52E-06 6.31E-06   0.551 1.0000 6.9214E-06    781.145
 9101.00 0.62229759 5.8566E-22 0.0000E+00 0.0000E+00 4.9038E-08 4.9038E-08 0.0000E+00 0.0000E+00 4.9038E-08 3.74E-06 6.25E-06   0.474 1.0000 6.7529E-06    783.024
 9111.00 0.69563955 4.5520E-22 0.0000E+00 0.0000E+00 5.2660E-08 5.2660E-08 0.0000E+00 0.0000E+00 5.2660E-08 4.28E-06 6.35E-06   0.363 1.0000 6.7702E-06    787.084
 9121.00 0.69472194 4.2924E-22 0.0000E+00 0.0000E+00 5.2612E-08 5.2612E-08 0.0000E+00 0.0000E+00 5.2612E-08 4.26E-06 6.33E-06   0.364 1.0000 6.7570E-06    787.749
 9131.00 0.67815143 4.3316E-22 0.0000E+00 0.0000E+00 5.1728E-08 5.1728E-08 0.0000E+00 0.0000E+00 5.1728E-08 4.12E-06 6.27E-06   0.388 1.0000 6.7175E-06    787.656
 9141.00 0.74880207 3.3214E-22 0.0000E+00 0.0000E+00 5.2915E-08 5.2915E-08 0.0000E+00 0.0000E+00 5.2915E-08 4.42E-06 6.10E-06   0.289 1.0000 6.4440E-06    789.437
 9151.00 0.69274700 3.6719E-22 0.0000E+00 0.0000E+00 5.3566E-08 5.3566E-08 0.0000E+00 0.0000E+00 5.3566E-08 4.33E-06 6.38E-06   0.367 1.0000 6.8615E-06    790.726
 9161.00 0.81756258 2.2154E-22 0.0000E+00 0.0000E+00 6.0442E-08 6.0442E-08 0.0000E+00 0.0000E+00 6.0442E-08 5.27E-06 6.62E-06   0.201 1.0000 6.9345E-06    797.215
 9171.00 0.73794711 2.8922E-22 0.0000E+00 0.0000E+00 5.7135E-08 5.7135E-08 0.0000E+00 0.0000E+00 5.7135E-08 4.73E-06 6.57E-06   0.304 1.0000 6.9883E-06    795.221
 9181.00 0.76631653 2.5369E-22 0.0000E+00 0.0000E+00 5.7857E-08 5.7857E-08 0.0000E+00 0.0000E+00 5.7857E-08 4.84E-06 6.52E-06   0.266 1.0000 6.8738E-06    796.534
 9191.00 0.80861551 2.0110E-22 0.0000E+00 0.0000E+00 5.9876E-08 5.9876E-08 0.0000E+00 0.0000E+00 5.9876E-08 5.14E-06 6.54E-06   0.212 1.0000 6.8531E-06    798.897
 9201.00 0.75836259 2.3415E-22 0.0000E+00 0.0000E+00 5.6958E-08 5.6958E-08 0.0000E+00 0.0000E+00 5.6958E-08 4.72E-06 6.40E-06   0.277 1.0000 6.7792E-06    797.203
 9211.00 0.76491421 2.1801E-22 0.0000E+00 0.0000E+00 5.9508E-08 5.9508E-08 0.0000E+00 0.0000E+00 5.9508E-08 4.94E-06 6.64E-06   0.268 1.0000 7.0277E-06    800.023
 9221.00 0.78772593 1.9128E-22 0.0000E+00 0.0000E+00 6.0395E-08 6.0395E-08 0.0000E+00 0.0000E+00 6.0395E-08 5.06E-06 6.63E-06   0.239 1.0000 6.9689E-06    801.449
 9231.00 0.79190767 1.7601E-22 0.0000E+00 0.0000E+00 5.9049E-08 5.9049E-08 0.0000E+00 0.0000E+00 5.9049E-08 4.97E-06 6.45E-06   0.233 1.0000 6.7955E-06    801.071
 9241.00 0.82129383 1.4649E-22 0.0000E+00 0.0000E+00 6.0598E-08 6.0598E-08 0.0000E+00 0.0000E+00 6.0598E-08 5.17E-06 6.48E-06   0.197 1.0000 6.7842E-06    803.035
 9251.00 0.79351133 1.5924E-22 0.0000E+00 0.0000E+00 6.0491E-08 6.0491E-08 0.0000E+00 0.0000E+00 6.0491E-08 5.06E-06 6.56E-06   0.231 1.0000 6.9007E-06    803.661
 9261.00 0.81062168 1.3957E-22 0.0000E+00 0.0000E+00 6.2232E-08 6.2232E-08 0.0000E+00 0.0000E+00 6.2232E-08 5.25E-06 6.66E-06   0.210 1.0000 6.9947E-06    805.752
 9271.00 0.83256984 1.1907E-22 0.0000E+00 0.0000E+00 6.2402E-08 6.2402E-08 0.0000E+00 0.0000E+00 6.2402E-08 5.32E-06 6.57E-06   0.183 1.0000 6.8762E-06    806.597
 9281.00 0.78793079 1.4104E-22 0.0000E+00 0.0000E+00 6.1811E-08 6.1811E-08 0.0000E+00 0.0000E+00 6.1811E-08 5.11E-06 6.68E-06   0.238 1.0000 7.0330E-06    806.845
 9291.00 0.83615720 1.0571E-22 0.0000E+00 0.0000E+00 6.4097E-08 6.4097E-08 0.0000E+00 0.0000E+00 6.4097E-08 5.44E-06 6.70E-06   0.179 1.0000 7.0135E-06    809.333
 9301.00 0.81485498 1.1228E-22 0.0000E+00 0.0000E+00 6.1849E-08 6.1849E-08 0.0000E+00 0.0000E+00 6.1849E-08 5.17E-06 6.53E-06   0.205 1.0000 6.8637E-06    808.299
 9311.00 0.82554585 1.0132E-22 0.0000E+00 0.0000E+00 6.3568E-08 6.3568E-08 0.0000E+00 0.0000E+00 6.3568E-08 5.33E-06 6.65E-06   0.192 1.0000 6.9849E-06    810.351
 9321.00 0.81641346 1.0186E-22 0.0000E+00 0.0000E+00 6.2372E-08 6.2372E-08 0.0000E+00 0.0000E+00 6.2372E-08 5.17E-06 6.55E-06   0.203 1.0000 6.8861E-06    810.134
 9331.00 0.81788301 9.6282E-23 0.0000E+00 0.0000E+00 6.3641E-08 6.3641E-08 0.0000E+00 0.0000E+00 6.3641E-08 5.27E-06 6.66E-06   0.201 1.0000 7.0103E-06    811.833
 9341.00 0.81575847 9.2304E-23 0.0000E+00 0.0000E+00 6.3316E-08 6.3316E-08 0.0000E+00 0.0000E+00 6.3316E-08 5.22E-06 6.62E-06   0.204 1.0000 6.9794E-06    812.294
 9351.00 0.80384940 9.3526E-23 0.0000E+00 0.0000E+00 6.0353E-08 6.0353E-08 0.0000E+00 0.0000E+00 6.0353E-08 4.92E-06 6.34E-06   0.218 1.0000 6.7060E-06    810.658
 9361.00 0.80668730 8.7417E-23 0.0000E+00 0.0000E+00 6.2290E-08 6.2290E-08 0.0000E+00 0.0000E+00 6.2290E-08 5.07E-06 6.52E-06   0.215 1.0000 6.9146E-06    812.914
 9371.00 0.80251145 8.5007E-23 0.0000E+00 0.0000E+00 6.3052E-08 6.3052E-08 0.0000E+00 0.0000E+00 6.3052E-08 5.11E-06 6.60E-06   0.220 1.0000 7.0062E-06    814.223
 9381.00 0.80498952 7.9806E-23 0.0000E+00 0.0000E+00 6.2997E-08 6.2997E-08 0.0000E+00 0.0000E+00 6.2997E-08 5.10E-06 6.56E-06   0.217 1.0000 6.9727E-06    814.892
 9391.00 0.80195105 7.7262E-23 0.0000E+00 0.0000E+00 6.4131E-08 6.4131E-08 0.0000E+00 0.0000E+00 6.4131E-08 5.16E-06 6.68E-06   0.221 1.0000 7.0927E-06    816.482
 9401.00 0.80843598 7.1095E-23 0.0000E+00 0.0000E+00 6.4179E-08 6.4179E-08 0.0000E+00 0.0000E+00 6.4179E-08 5.18E-06 6.64E-06   0.213 1.0000 7.0394E-06    817.231
 9411.00 0.80864453 6.7732E-23 0.0000E+00 0.0000E+00 6.4298E-08 6.4298E-08 0.0000E+00 0.0000E+00 6.4298E-08 5.17E-06 6.63E-06   0.212 1.0000 7.0221E-06    818.034
 9421.00 0.81424719 6.2564E-23 0.0000E+00 0.0000E+00 6.4630E-08 6.4630E-08 0.0000E+00 0.0000E+00 6.4630E-08 5.21E-06 6.62E-06   0.205 1.0000 7.0055E-06    819.001
 9431.00 0.81656581 5.8828E-23 0.0000E+00 0.0000E+00 6.4605E-08 6.4605E-08 0.0000E+00 0.0000E+00 6.4605E-08 5.20E-06 6.59E-06   0.203 1.0000 6.9676E-06    819.693
 9441.00 0.81868690 5.5388E-23 0.0000E+00 0.0000E+00 6.4742E-08 6.4742E-08 0.0000E+00 0.0000E+00 6.4742E-08 5.21E-06 6.57E-06   0.200 1.0000 6.9484E-06    820.510
 9451.00 0.82242721 5.1688E-23 0.0000E+00 0.0000E+00 6.5411E-08 6.5411E-08 0.0000E+00 0.0000E+00 6.5411E-08 5.26E-06 6.61E-06   0.195 1.0000 6.9764E-06    821.731
 9461.00 0.82698756 4.7977E-23 0.0000E+00 0.0000E+00 6.6912E-08 6.6912E-08 0.0000E+00 0.0000E+00 6.6912E-08 5.39E-06 6.73E-06   0.190 1.0000 7.0891E-06    823.572
 9471.00 0.83079386 4.4708E-23 0.0000E+00 0.0000E+00 6.7334E-08 6.7334E-08 0.0000E+00 0.0000E+00 6.7334E-08 5.43E-06 6.74E-06   0.185 1.0000 7.0904E-06    824.598
 9481.00 0.83431160 4.1698E-23 0.0000E+00 0.0000E+00 6.7659E-08 6.7659E-08 0.0000E+00 0.0000E+00 6.7659E-08 5.46E-06 6.74E-06   0.181 1.0000 7.0848E-06    825.551
 9491.00 0.83711332 3.9037E-23 0.0000E+00 0.0000E+00 6.7430E-08 6.7430E-08 0.0000E+00 0.0000E+00 6.7430E-08 5.44E-06 6.69E-06   0.178 1.0000 7.0271E-06    826.094
 9501.00 0.83872724 3.6809E-23 0.0000E+00 0.0000E+00 6.8061E-08 6.8061E-08 0.0000E+00 0.0000E+00 6.8061E-08 5.48E-06 6.73E-06   0.176 1.0000 7.0663E-06    827.273
 9511.00 0.84048933 3.4683E-23 0.0000E+00 0.0000E+00 6.8398E-08 6.8398E-08 0.0000E+00 0.0000E+00 6.8398E-08 5.50E-06 6.74E-06   0.174 1.0000 7.0729E-06    828.233
 9521.00 0.84191525 3.2715E-23 0.0000E+00 0.0000E+00 6.8579E-08 6.8579E-08 0.0000E+00 0.0000E+00 6.8579E-08 5.51E-06 6.74E-06   0.172 1.0000 7.0689E-06    829.078
 9531.00 0.84258044 3.1019E-23 0.0000E+00 0.0000E+00 6.8906E-08 6.8906E-08 0.0000E+00 0.0000E+00 6.8906E-08 5.53E-06 6.75E-06   0.171 1.0000 7.0837E-06    830.029
 9541.00 0.84459203 2.9176E-23 0.0000E+00 0.0000E+00 6.9243E-08 6.9243E-08 0.0000E+00 0.0000E+00 6.9243E-08 5.55E-06 6.76E-06   0.169 1.0000 7.0847E-06    830.988
 9551.00 0.84515101 2.7682E-23 0.0000E+00 0.0000E+00 6.8780E-08 6.8780E-08 0.0000E+00 0.0000E+00 6.8780E-08 5.51E-06 6.70E-06   0.168 1.0000 7.0183E-06    831.363
 9561.00 0.84563839 2.6270E-23 0.0000E+00 0.0000E+00 6.8228E-08 6.8228E-08 0.0000E+00 0.0000E+00 6.8228E-08 5.45E-06 6.63E-06   0.168 1.0000 6.9440E-06    831.670
 9571.00 0.84580904 2.4986E-23 0.0000E+00 0.0000E+00 6.9665E-08 6.9665E-08 0.0000E+00 0.0000E+00 6.9665E-08 5.56E-06 6.75E-06   0.167 1.0000 7.0733E-06    833.432
 9581.00 0.84636277 2.3698E-23 0.0000E+00 0.0000E+00 6.9944E-08 6.9944E-08 0.0000E+00 0.0000E+00 6.9944E-08 5.57E-06 6.76E-06   0.167 1.0000 7.0833E-06    834.347
 9591.00 0.84607077 2.2608E-23 0.0000E+00 0.0000E+00 6.9615E-08 6.9615E-08 0.0000E+00 0.0000E+00 6.9615E-08 5.53E-06 6.72E-06   0.167 1.0000 7.0362E-06    834.821
 9601.00 0.84550846 2.1605E-23 0.0000E+00 0.0000E+00 7.0372E-08 7.0372E-08 0.0000E+00 0.0000E+00 7.0372E-08 5.58E-06 6.78E-06   0.168 1.0000 7.1006E-06    836.080
 9611.00 0.84599900 2.0499E-23 0.0000E+00 0.0000E+00 7.0125E-08 7.0125E-08 0.0000E+00 0.0000E+00 7.0125E-08 5.55E-06 6.74E-06   0.167 1.0000 7.0589E-06    836.615
 9621.00 0.84586984 1.9528E-23 0.0000E+00 0.0000E+00 7.0217E-08 7.0217E-08 0.0000E+00 0.0000E+00 7.0217E-08 5.54E-06 6.74E-06   0.167 1.0000 7.0542E-06    837.393
 9631.00 0.84572768 1.8612E-23 0.0000E+00 0.0000E+00 7.0315E-08 7.0315E-08 0.0000E+00 0.0000E+00 7.0315E-08 5.54E-06 6.73E-06   0.168 1.0000 7.0494E-06    838.177
 9641.00 0.84530318 1.7763E-23 0.0000E+00 0.0000E+00 6.9966E-08 6.9966E-08 0.0000E+00 0.0000E+00 6.9966E-08 5.50E-06 6.69E-06   0.168 1.0000 7.0036E-06    838.637
 9651.00 0.84501415 1.6948E-23 0.0000E+00 0.0000E+00 7.1183E-08 7.1183E-08 0.0000E+00 0.0000E+00 7.1183E-08 5.58E-06 6.79E-06   0.168 1.0000 7.1097E-06    840.224
 9661.00 0.84608084 1.6017E-23 0.0000E+00 0.0000E+00 7.0548E-08 7.0548E-08 0.0000E+00 0.0000E+00 7.0548E-08 5.52E-06 6.71E-06   0.167 1.0000 7.0258E-06    840.481
 9671.00 0.84477276 1.5382E-23 0.0000E+00 0.0000E+00 7.0648E-08 7.0648E-08 0.0000E+00 0.0000E+00 7.0648E-08 5.51E-06 6.71E-06   0.169 1.0000 7.0276E-06    841.266
 9681.00 0.84474343 1.4652E-23 0.0000E+00 0.0000E+00 7.0595E-08 7.0595E-08 0.0000E+00 0.0000E+00 7.0595E-08 5.50E-06 6.69E-06   0.169 1.0000 7.0080E-06    841.939
 9691.00 0.84315777 1.4086E-23 0.0000E+00 0.0000E+00 7.1667E-08 7.1667E-08 0.0000E+00 0.0000E+00 7.1667E-08 5.56E-06 6.78E-06   0.171 1.0000 7.1079E-06    843.419
 9701.00 0.84194916 1.3527E-23 0.0000E+00 0.0000E+00 7.1654E-08 7.1654E-08 0.0000E+00 0.0000E+00 7.1654E-08 5.54E-06 6.77E-06   0.172 1.0000 7.0980E-06    844.122
 9711.00 0.84217054 1.2854E-23 0.0000E+00 0.0000E+00 7.1654E-08 7.1654E-08 0.0000E+00 0.0000E+00 7.1654E-08 5.53E-06 6.76E-06   0.172 1.0000 7.0827E-06    844.835
 9721.00 0.83639425 1.2701E-23 0.0000E+00 0.0000E+00 7.1566E-08 7.1566E-08 0.0000E+00 0.0000E+00 7.1566E-08 5.49E-06 6.76E-06   0.179 1.0000 7.0883E-06    845.484
 9731.00 0.83076423 1.2499E-23 0.0000E+00 0.0000E+00 7.1820E-08 7.1820E-08 0.0000E+00 0.0000E+00 7.1820E-08 5.48E-06 6.79E-06   0.185 1.0000 7.1280E-06    846.378
 9741.00 0.83752418 1.1423E-23 0.0000E+00 0.0000E+00 7.2179E-08 7.2179E-08 0.0000E+00 0.0000E+00 7.2179E-08 5.52E-06 6.79E-06   0.177 1.0000 7.1148E-06    847.345
 9751.00 0.83635712 1.0960E-23 0.0000E+00 0.0000E+00 7.2374E-08 7.2374E-08 0.0000E+00 0.0000E+00 7.2374E-08 5.52E-06 6.79E-06   0.179 1.0000 7.1256E-06    848.195
 9761.00 0.83105820 1.0731E-23 0.0000E+00 0.0000E+00 7.2098E-08 7.2098E-08 0.0000E+00 0.0000E+00 7.2098E-08 5.47E-06 6.78E-06   0.185 1.0000 7.1121E-06    848.711
 9771.00 0.81779182 1.1069E-23 0.0000E+00 0.0000E+00 7.1677E-08 7.1677E-08 0.0000E+00 0.0000E+00 7.1677E-08 5.37E-06 6.78E-06   0.201 1.0000 7.1242E-06    849.123
 9781.00 0.83443439 9.5510E-24 0.0000E+00 0.0000E+00 7.1879E-08 7.1879E-08 0.0000E+00 0.0000E+00 7.1879E-08 5.44E-06 6.71E-06   0.181 1.0000 7.0450E-06    849.979
 9791.00 0.83397889 9.1338E-24 0.0000E+00 0.0000E+00 7.1948E-08 7.1948E-08 0.0000E+00 0.0000E+00 7.1948E-08 5.43E-06 6.71E-06   0.182 1.0000 7.0386E-06    850.739
 9801.00 0.83480650 8.6331E-24 0.0000E+00 0.0000E+00 7.2298E-08 7.2298E-08 0.0000E+00 0.0000E+00 7.2298E-08 5.45E-06 6.72E-06   0.181 1.0000 7.0554E-06    851.700
 9811.00 0.82000834 8.9679E-24 0.0000E+00 0.0000E+00 7.0885E-08 7.0885E-08 0.0000E+00 0.0000E+00 7.0885E-08 5.28E-06 6.64E-06   0.198 1.0000 6.9787E-06    851.397
 9821.00 0.83899117 7.6202E-24 0.0000E+00 0.0000E+00 7.2880E-08 7.2880E-08 0.0000E+00 0.0000E+00 7.2880E-08 5.49E-06 6.73E-06   0.176 1.0000 7.0623E-06    853.536
 9831.00 0.83193570 7.5862E-24 0.0000E+00 0.0000E+00 7.2809E-08 7.2809E-08 0.0000E+00 0.0000E+00 7.2809E-08 5.44E-06 6.74E-06   0.184 1.0000 7.0767E-06    854.198
 9841.00 0.83624685 7.0173E-24 0.0000E+00 0.0000E+00 7.2951E-08 7.2951E-08 0.0000E+00 0.0000E+00 7.2951E-08 5.46E-06 6.72E-06   0.179 1.0000 7.0554E-06    855.010
 9851.00 0.82897770 6.9822E-24 0.0000E+00 0.0000E+00 7.2674E-08 7.2674E-08 0.0000E+00 0.0000E+00 7.2674E-08 5.40E-06 6.71E-06   0.188 1.0000 7.0514E-06    855.524
 9861.00 0.83281690 6.5114E-24 0.0000E+00 0.0000E+00 7.3568E-08 7.3568E-08 0.0000E+00 0.0000E+00 7.3568E-08 5.47E-06 6.77E-06   0.183 1.0000 7.1034E-06    856.868
 9871.00 0.83409226 6.1360E-24 0.0000E+00 0.0000E+00 7.3847E-08 7.3847E-08 0.0000E+00 0.0000E+00 7.3847E-08 5.48E-06 6.77E-06   0.181 1.0000 7.1106E-06    857.775
 9881.00 0.82284677 6.2418E-24 0.0000E+00 0.0000E+00 7.3404E-08 7.3404E-08 0.0000E+00 0.0000E+00 7.3404E-08 5.40E-06 6.76E-06   0.195 1.0000 7.1125E-06    858.175
 9891.00 0.83094704 5.6712E-24 0.0000E+00 0.0000E+00 7.4019E-08 7.4019E-08 0.0000E+00 0.0000E+00 7.4019E-08 5.46E-06 6.77E-06   0.185 1.0000 7.1147E-06    859.319
 9901.00 0.80682629 6.1556E-24 0.0000E+00 0.0000E+00 7.2999E-08 7.2999E-08 0.0000E+00 0.0000E+00 7.2999E-08 5.28E-06 6.77E-06   0.215 1.0000 7.1297E-06    859.310
 9911.00 0.80457729 5.9416E-24 0.0000E+00 0.0000E+00 7.2810E-08 7.2810E-08 0.0000E+00 0.0000E+00 7.2810E-08 5.25E-06 6.75E-06   0.217 1.0000 7.1100E-06    859.887
 9921.00 0.82007504 5.2068E-24 0.0000E+00 0.0000E+00 7.3887E-08 7.3887E-08 0.0000E+00 0.0000E+00 7.3887E-08 5.38E-06 6.76E-06   0.198 1.0000 7.1166E-06    861.360
 9931.00 0.82923192 4.7064E-24 0.0000E+00 0.0000E+00 7.4098E-08 7.4098E-08 0.0000E+00 0.0000E+00 7.4098E-08 5.41E-06 6.73E-06   0.187 1.0000 7.0750E-06    862.219
 9941.00 0.82505530 4.5826E-24 0.0000E+00 0.0000E+00 7.1558E-08 7.1558E-08 0.0000E+00 0.0000E+00 7.1558E-08 5.20E-06 6.51E-06   0.192 1.0000 6.8405E-06    861.118
 9951.00 0.82467169 4.3766E-24 0.0000E+00 0.0000E+00 7.0176E-08 7.0176E-08 0.0000E+00 0.0000E+00 7.0176E-08 5.09E-06 6.37E-06   0.193 1.0000 6.6965E-06    860.817
 9961.00 0.81941980 4.2923E-24 0.0000E+00 0.0000E+00 7.3435E-08 7.3435E-08 0.0000E+00 0.0000E+00 7.3435E-08 5.30E-06 6.67E-06   0.199 1.0000 7.0208E-06    863.883
 9971.00 0.82035202 4.0544E-24 0.0000E+00 0.0000E+00 7.4350E-08 7.4350E-08 0.0000E+00 0.0000E+00 7.4350E-08 5.35E-06 6.74E-06   0.198 1.0000 7.0893E-06    865.240
 9981.00 0.79230720 4.4489E-24 0.0000E+00 0.0000E+00 7.3510E-08 7.3510E-08 0.0000E+00 0.0000E+00 7.3510E-08 5.18E-06 6.76E-06   0.233 1.0000 7.1451E-06    865.358
 9991.00 0.82790905 3.5280E-24 0.0000E+00 0.0000E+00 7.5582E-08 7.5582E-08 0.0000E+00 0.0000E+00 7.5582E-08 5.45E-06 6.79E-06   0.189 1.0000 7.1388E-06    867.521
10001.00 0.81790733 3.5548E-24 0.0000E+00 0.0000E+00 7.4810E-08 7.4810E-08 0.0000E+00 0.0000E+00 7.4810E-08 5.34E-06 6.75E-06   0.201 1.0000 7.1031E-06    867.694
10011.00 0.82339370 3.2827E-24 0.0000E+00 0.0000E+00 7.5382E-08 7.5382E-08 0.0000E+00 0.0000E+00 7.5382E-08 5.39E-06 6.76E-06   0.194 1.0000 7.1150E-06    868.804
10021.00 0.82545763 3.0830E-24 0.0000E+00 0.0000E+00 7.5795E-08 7.5795E-08 0.0000E+00 0.0000E+00 7.5795E-08 5.42E-06 6.78E-06   0.192 1.0000 7.1310E-06    869.801
10031.00 0.82635546 2.9230E-24 0.0000E+00 0.0000E+00 7.6012E-08 7.6012E-08 0.0000E+00 0.0000E+00 7.6012E-08 5.43E-06 6.78E-06   0.191 1.0000 7.1318E-06    870.662
10041.00 0.82410294 2.8205E-24 0.0000E+00 0.0000E+00 7.5877E-08 7.5877E-08 0.0000E+00 0.0000E+00 7.5877E-08 5.40E-06 6.76E-06   0.193 1.0000 7.1164E-06    871.279
10051.00 0.82764381 2.6269E-24 0.0000E+00 0.0000E+00 7.6227E-08 7.6227E-08 0.0000E+00 0.0000E+00 7.6227E-08 5.43E-06 6.76E-06   0.189 1.0000 7.1191E-06    872.232
10061.00 0.81999022 2.6151E-24 0.0000E+00 0.0000E+00 7.6078E-08 7.6078E-08 0.0000E+00 0.0000E+00 7.6078E-08 5.37E-06 6.77E-06   0.198 1.0000 7.1296E-06    872.840
10071.00 0.78532779 2.9589E-24 0.0000E+00 0.0000E+00 7.4221E-08 7.4221E-08 0.0000E+00 0.0000E+00 7.4221E-08 5.10E-06 6.74E-06   0.242 1.0000 7.1221E-06    872.251
10081.00 0.81496137 2.4385E-24 0.0000E+00 0.0000E+00 7.5809E-08 7.5809E-08 0.0000E+00 0.0000E+00 7.5809E-08 5.31E-06 6.74E-06   0.205 1.0000 7.1031E-06    874.074
10091.00 0.79910737 2.5167E-24 0.0000E+00 0.0000E+00 7.4895E-08 7.4895E-08 0.0000E+00 0.0000E+00 7.4895E-08 5.18E-06 6.71E-06   0.224 1.0000 7.0846E-06    874.146
10101.00 0.76631093 2.8029E-24 0.0000E+00 0.0000E+00 7.2815E-08 7.2815E-08 0.0000E+00 0.0000E+00 7.2815E-08 4.89E-06 6.65E-06   0.266 1.0000 7.0367E-06    873.375
10111.00 0.80891633 2.1780E-24 0.0000E+00 0.0000E+00 7.5079E-08 7.5079E-08 0.0000E+00 0.0000E+00 7.5079E-08 5.20E-06 6.66E-06   0.212 1.0000 7.0192E-06    875.695
10121.00 0.77497470 2.3939E-24 0.0000E+00 0.0000E+00 7.4226E-08 7.4226E-08 0.0000E+00 0.0000E+00 7.4226E-08 5.02E-06 6.71E-06   0.255 1.0000 7.1091E-06    875.802
10131.00 0.75600404 2.4876E-24 0.0000E+00 0.0000E+00 7.2967E-08 7.2967E-08 0.0000E+00 0.0000E+00 7.2967E-08 4.85E-06 6.67E-06   0.280 1.0000 7.0756E-06    875.610
10141.00 0.78166085 2.1397E-24 0.0000E+00 0.0000E+00 7.4689E-08 7.4689E-08 0.0000E+00 0.0000E+00 7.4689E-08 5.04E-06 6.70E-06   0.246 1.0000 7.0813E-06    877.548
10151.00 0.69249278 2.7563E-24 0.0000E+00 0.0000E+00 6.9814E-08 6.9814E-08 0.0000E+00 0.0000E+00 6.9814E-08 4.41E-06 6.62E-06   0.367 1.0000 7.1130E-06    874.707
10161.00 0.71921599 2.4203E-24 0.0000E+00 0.0000E+00 7.1305E-08 7.1305E-08 0.0000E+00 0.0000E+00 7.1305E-08 4.60E-06 6.63E-06   0.330 1.0000 7.0884E-06    876.523
10171.00 0.67358106 2.5608E-24 0.0000E+00 0.0000E+00 6.8384E-08 6.8384E-08 0.0000E+00 0.0000E+00 6.8384E-08 4.28E-06 6.55E-06   0.395 1.0000 7.0885E-06    875.036
10181.00 0.65466845 2.6104E-24 0.0000E+00 0.0000E+00 6.7861E-08 6.7861E-08 0.0000E+00 0.0000E+00 6.7861E-08 4.15E-06 6.57E-06   0.424 1.0000 7.1238E-06    875.341
10191.00 0.68572700 2.3117E-24 0.0000E+00 0.0000E+00 7.0111E-08 7.0111E-08 0.0000E+00 0.0000E+00 7.0111E-08 4.37E-06 6.63E-06   0.377 1.0000 7.1342E-06    877.756
10201.00 0.58461851 2.7221E-24 0.0000E+00 0.0000E+00 6.2869E-08 6.2869E-08 0.0000E+00 0.0000E+00 6.2869E-08 3.63E-06 6.37E-06   0.537 1.0000 7.0727E-06    872.768
10211.00 0.55174279 2.7739E-24 0.0000E+00 0.0000E+00 6.0477E-08 6.0477E-08 0.0000E+00 0.0000E+00 6.0477E-08 3.37E-06 6.28E-06   0.595 1.0000 7.0352E-06    871.461
10221.00 0.56515491 2.5630E-24 0.0000E+00 0.0000E+00 6.1564E-08 6.1564E-08 0.0000E+00 0.0000E+00 6.1564E-08 3.47E-06 6.30E-06   0.571 1.0000 7.0526E-06    873.085
10231.00 0.63420790 2.1243E-24 0.0000E+00 0.0000E+00 6.6596E-08 6.6596E-08 0.0000E+00 0.0000E+00 6.6596E-08 3.98E-06 6.47E-06   0.455 1.0000 7.0865E-06    877.881
10241.00 0.47431296 2.6688E-24 0.0000E+00 0.0000E+00 5.5357E-08 5.5357E-08 0.0000E+00 0.0000E+00 5.5357E-08 2.86E-06 6.13E-06   0.746 1.0000 7.0343E-06    869.008
10251.00 0.50251979 2.4717E-24 0.0000E+00 0.0000E+00 5.8162E-08 5.8162E-08 0.0000E+00 0.0000E+00 5.8162E-08 3.07E-06 6.22E-06   0.688 1.0000 7.1175E-06    872.249
10261.00 0.49258646 2.3861E-24 0.0000E+00 0.0000E+00 5.6604E-08 5.6604E-08 0.0000E+00 0.0000E+00 5.6604E-08 2.94E-06 6.12E-06   0.708 1.0000 7.0004E-06    871.549
10271.00 0.49049205 2.2662E-24 0.0000E+00 0.0000E+00 5.6837E-08 5.6837E-08 0.0000E+00 0.0000E+00 5.6837E-08 2.96E-06 6.16E-06   0.712 1.0000 7.0253E-06    872.460
10281.00 0.56428719 1.9376E-24 0.0000E+00 0.0000E+00 6.2897E-08 6.2897E-08 0.0000E+00 0.0000E+00 6.2897E-08 3.48E-06 6.37E-06   0.572 1.0000 7.1074E-06    878.412
10291.00 0.60950422 1.6482E-24 0.0000E+00 0.0000E+00 6.5820E-08 6.5820E-08 0.0000E+00 0.0000E+00 6.5820E-08 3.82E-06 6.41E-06   0.495 1.0000 7.1198E-06    881.491
10301.00 0.62228185 1.5185E-24 0.0000E+00 0.0000E+00 6.6178E-08 6.6178E-08 0.0000E+00 0.0000E+00 6.6178E-08 3.88E-06 6.39E-06   0.474 1.0000 7.0598E-06    882.479
10311.00 0.59371448 1.5677E-24 0.0000E+00 0.0000E+00 6.5252E-08 6.5252E-08 0.0000E+00 0.0000E+00 6.5252E-08 3.70E-06 6.44E-06   0.521 1.0000 7.1065E-06    882.443
10321.00 0.57199472 1.5648E-24 0.0000E+00 0.0000E+00 6.3767E-08 6.3767E-08 0.0000E+00 0.0000E+00 6.3767E-08 3.53E-06 6.40E-06   0.559 1.0000 7.0834E-06    881.939
10331.00 0.59834051 1.3581E-24 0.0000E+00 0.0000E+00 6.4418E-08 6.4418E-08 0.0000E+00 0.0000E+00 6.4418E-08 3.70E-06 6.30E-06   0.514 1.0000 7.0410E-06    883.173
10341.00 0.39307603 1.7704E-24 0.0000E+00 0.0000E+00 5.0258E-08 5.0258E-08 0.0000E+00 0.0000E+00 5.0258E-08 2.33E-06 5.92E-06   0.934 1.0000 7.0807E-06    871.032
10351.00 0.35733935 1.7965E-24 0.0000E+00 0.0000E+00 4.7112E-08 4.7112E-08 0.0000E+00 0.0000E+00 4.7112E-08 2.03E-06 5.76E-06   1.029 1.0000 6.9482E-06    868.440
10361.00 0.36464700 1.6841E-24 0.0000E+00 0.0000E+00 4.8476E-08 4.8476E-08 0.0000E+00 0.0000E+00 4.8476E-08 2.12E-06 5.84E-06   1.009 1.0000 7.0420E-06    870.580
10371.00 0.34353313 1.5230E-24 0.0000E+00 0.0000E+00 4.5329E-08 4.5329E-08 0.0000E+00 0.0000E+00 4.5329E-08 2.03E-06 5.62E-06   1.068 1.0000 7.0259E-06    867.873
10381.00 0.39571473 1.4454E-24 0.0000E+00 0.0000E+00 5.0686E-08 5.0686E-08 0.0000E+00 0.0000E+00 5.0686E-08 2.34E-06 5.92E-06   0.927 1.0000 7.0297E-06    874.242
10391.00 0.25136054 1.5704E-24 0.0000E+00 0.0000E+00 3.9038E-08 3.9038E-08 0.0000E+00 0.0000E+00 3.9038E-08 1.40E-06 5.40E-06   1.381 1.0000 7.0152E-06    861.768
10401.00 0.35025609 1.3965E-24 0.0000E+00 0.0000E+00 4.8356E-08 4.8356E-08 0.0000E+00 0.0000E+00 4.8356E-08 2.06E-06 5.87E-06   1.049 1.0000 7.1156E-06    873.226
10411.00 0.28982079 1.3922E-24 0.0000E+00 0.0000E+00 4.2435E-08 4.2435E-08 0.0000E+00 0.0000E+00 4.2435E-08 1.63E-06 5.56E-06   1.238 1.0000 7.0090E-06    867.310
10421.00 0.18422081 1.3801E-24 0.0000E+00 0.0000E+00 3.3301E-08 3.3301E-08 0.0000E+00 0.0000E+00 3.3301E-08 9.94E-07 5.16E-06   1.692 1.0000 7.1097E-06    855.986
10431.00 0.25698328 1.2552E-24 0.0000E+00 0.0000E+00 3.9867E-08 3.9867E-08 0.0000E+00 0.0000E+00 3.9867E-08 1.46E-06 5.45E-06   1.359 1.0000 7.1282E-06    865.559
10441.00 0.34222844 1.1461E-24 0.0000E+00 0.0000E+00 4.7061E-08 4.7061E-08 0.0000E+00 0.0000E+00 4.7061E-08 1.97E-06 5.72E-06   1.072 1.0000 7.0319E-06    874.611
10451.00 0.18872727 1.1881E-24 0.0000E+00 0.0000E+00 3.3654E-08 3.3654E-08 0.0000E+00 0.0000E+00 3.3654E-08 1.01E-06 5.15E-06   1.667 1.0000 7.0411E-06    858.545
10461.00 0.19538788 1.1074E-24 0.0000E+00 0.0000E+00 3.3694E-08 3.3694E-08 0.0000E+00 0.0000E+00 3.3694E-08 1.06E-06 5.12E-06   1.633 1.0000 7.0152E-06    859.284
10471.00 0.20699529 1.0900E-24 0.0000E+00 0.0000E+00 3.4157E-08 3.4157E-08 0.0000E+00 0.0000E+00 3.4157E-08 1.05E-06 4.98E-06   1.575 1.0000 6.6482E-06    860.635
10481.00 0.23548695 1.0330E-24 0.0000E+00 0.0000E+00 3.8517E-08 3.8517E-08 0.0000E+00 0.0000E+00 3.8517E-08 1.27E-06 5.33E-06   1.446 1.0000 6.9292E-06    867.267
10491.00 0.19691530 9.7498E-25 0.0000E+00 0.0000E+00 3.4875E-08 3.4875E-08 0.0000E+00 0.0000E+00 3.4875E-08 1.06E-06 5.20E-06   1.625 1.0000 7.0576E-06    863.022
10501.00 0.09646166 9.2649E-25 0.0000E+00 0.0000E+00 2.4674E-08 2.4674E-08 0.0000E+00 0.0000E+00 2.4674E-08 4.69E-07 4.64E-06   2.339 1.0000 7.1082E-06    846.950
10511.00 0.28222808 9.0276E-25 0.0000E+00 0.0000E+00 4.4588E-08 4.4588E-08 0.0000E+00 0.0000E+00 4.4588E-08 1.55E-06 5.78E-06   1.265 1.0000 7.0870E-06    876.697
10521.00 0.14920048 8.0444E-25 0.0000E+00 0.0000E+00 2.8950E-08 2.8950E-08 0.0000E+00 0.0000E+00 2.8950E-08 7.80E-07 4.77E-06   1.902 1.0000 7.0837E-06    855.958
10531.00 0.16369450 7.7081E-25 0.0000E+00 0.0000E+00 3.1144E-08 3.1144E-08 0.0000E+00 0.0000E+00 3.1144E-08 8.81E-07 4.91E-06   1.810 1.0000 7.1337E-06    860.186
10541.00 0.18721265 7.5491E-25 0.0000E+00 0.0000E+00 3.4186E-08 3.4186E-08 0.0000E+00 0.0000E+00 3.4186E-08 9.97E-07 5.09E-06   1.676 1.0000 7.1238E-06    865.442
10551.00 0.15666831 7.0838E-25 0.0000E+00 0.0000E+00 3.0681E-08 3.0681E-08 0.0000E+00 0.0000E+00 3.0681E-08 8.23E-07 4.92E-06   1.854 1.0000 7.1123E-06    860.810
10561.00 0.15623127 6.8741E-25 0.0000E+00 0.0000E+00 3.0986E-08 3.0986E-08 0.0000E+00 0.0000E+00 3.0986E-08 8.04E-07 4.98E-06   1.856 1.0000 7.0759E-06    861.971
10571.00 0.11176727 6.3259E-25 0.0000E+00 0.0000E+00 2.5413E-08 2.5413E-08 0.0000E+00 0.0000E+00 2.5413E-08 5.52E-07 4.51E-06   2.191 1.0000 7.0632E-06    853.055
10581.00 0.17869316 6.3333E-25 0.0000E+00 0.0000E+00 3.3595E-08 3.3595E-08 0.0000E+00 0.0000E+00 3.3595E-08 9.23E-07 5.09E-06   1.722 1.0000 7.0083E-06    867.301
10591.00 0.10437997 5.5105E-25 0.0000E+00 0.0000E+00 2.3379E-08 2.3379E-08 0.0000E+00 0.0000E+00 2.3379E-08 5.18E-07 4.25E-06   2.260 1.0000 6.9242E-06    850.419
10601.00 0.14475620 5.4422E-25 0.0000E+00 0.0000E+00 2.8645E-08 2.8645E-08 0.0000E+00 0.0000E+00 2.8645E-08 7.32E-07 4.65E-06   1.933 1.0000 7.0103E-06    860.845
10611.00 0.17195298 5.5484E-25 0.0000E+00 0.0000E+00 3.3363E-08 3.3363E-08 0.0000E+00 0.0000E+00 3.3363E-08 8.59E-07 5.08E-06   1.761 1.0000 7.0013E-06    868.995
10621.00 0.19186342 5.3635E-25 0.0000E+00 0.0000E+00 3.4105E-08 3.4105E-08 0.0000E+00 0.0000E+00 3.4105E-08 9.24E-07 5.07E-06   1.651 1.0000 6.6904E-06    870.765
10631.00 0.18754952 5.1758E-25 0.0000E+00 0.0000E+00 3.5678E-08 3.5678E-08 0.0000E+00 0.0000E+00 3.5678E-08 9.47E-07 5.27E-06   1.674 1.0000 6.9249E-06    873.689
10641.00 0.30237260 4.6791E-25 0.0000E+00 0.0000E+00 4.7251E-08 4.7251E-08 0.0000E+00 0.0000E+00 4.7251E-08 1.66E-06 5.80E-06   1.196 1.0000 7.0679E-06    888.628
10651.00 0.16359290 4.2565E-25 0.0000E+00 0.0000E+00 3.1345E-08 3.1345E-08 0.0000E+00 0.0000E+00 3.1345E-08 8.56E-07 4.83E-06   1.810 1.0000 7.0860E-06    868.629
10661.00 0.06000514 3.9417E-25 0.0000E+00 0.0000E+00 1.9845E-08 1.9845E-08 0.0000E+00 0.0000E+00 1.9845E-08 2.66E-07 4.20E-06   2.813 1.0000 7.1135E-06    847.354
10671.00 0.05583209 3.6947E-25 0.0000E+00 0.0000E+00 1.9138E-08 1.9138E-08 0.0000E+00 0.0000E+00 1.9138E-08 2.49E-07 4.19E-06   2.885 1.0000 7.1053E-06    846.321
10681.00 0.06837836 3.6163E-25 0.0000E+00 0.0000E+00 2.0911E-08 2.0911E-08 0.0000E+00 0.0000E+00 2.0911E-08 3.07E-07 4.19E-06   2.683 1.0000 7.0271E-06    851.140
10691.00 0.10388619 3.4537E-25 0.0000E+00 0.0000E+00 2.4990E-08 2.4990E-08 0.0000E+00 0.0000E+00 2.4990E-08 4.96E-07 4.37E-06   2.264 1.0000 7.0496E-06    860.293
10701.00 0.03802333 2.8964E-25 0.0000E+00 0.0000E+00 1.5005E-08 1.5005E-08 0.0000E+00 0.0000E+00 1.5005E-08 1.68E-07 3.63E-06   3.270 1.0000 7.1224E-06    837.086
10711.00 0.05735057 3.0994E-25 0.0000E+00 0.0000E+00 2.0353E-08 2.0353E-08 0.0000E+00 0.0000E+00 2.0353E-08 2.60E-07 4.37E-06   2.859 1.0000 7.1299E-06    851.857
10721.00 0.07953391 3.0511E-25 0.0000E+00 0.0000E+00 2.3553E-08 2.3553E-08 0.0000E+00 0.0000E+00 2.3553E-08 3.77E-07 4.54E-06   2.532 1.0000 7.1129E-06    859.458
10731.00 0.12236623 2.8732E-25 0.0000E+00 0.0000E+00 2.7864E-08 2.7864E-08 0.0000E+00 0.0000E+00 2.7864E-08 6.21E-07 4.57E-06   2.101 1.0000 7.0795E-06    868.255
10741.00 0.21121225 2.8410E-25 0.0000E+00 0.0000E+00 3.8797E-08 3.8797E-08 0.0000E+00 0.0000E+00 3.8797E-08 1.14E-06 5.32E-06   1.555 1.0000 7.1186E-06    885.407
10751.00 0.25086445 2.6956E-25 0.0000E+00 0.0000E+00 4.3091E-08 4.3091E-08 0.0000E+00 0.0000E+00 4.3091E-08 1.39E-06 5.58E-06   1.383 1.0000 7.0904E-06    891.449
10761.00 0.33211884 2.4742E-25 0.0000E+00 0.0000E+00 5.0663E-08 5.0663E-08 0.0000E+00 0.0000E+00 5.0663E-08 1.88E-06 5.90E-06   1.102 1.0000 7.0349E-06    900.535
10771.00 0.34970474 2.3083E-25 0.0000E+00 0.0000E+00 5.2757E-08 5.2757E-08 0.0000E+00 0.0000E+00 5.2757E-08 2.03E-06 6.01E-06   1.051 1.0000 7.1304E-06    903.353
10781.00 0.47540468 1.9325E-25 0.0000E+00 0.0000E+00 6.3280E-08 6.3280E-08 0.0000E+00 0.0000E+00 6.3280E-08 2.85E-06 6.32E-06   0.744 1.0000 7.1406E-06    913.731
10791.00 0.57648557 1.5640E-25 0.0000E+00 0.0000E+00 6.9779E-08 6.9779E-08 0.0000E+00 0.0000E+00 6.9779E-08 3.47E-06 6.37E-06   0.551 1.0000 6.9990E-06    919.724
10801.00 0.57141787 1.4961E-25 0.0000E+00 0.0000E+00 6.7503E-08 6.7503E-08 0.0000E+00 0.0000E+00 6.7503E-08 3.35E-06 6.17E-06   0.560 1.0000 6.8221E-06    918.621
10811.00 0.54357338 1.4510E-25 0.0000E+00 0.0000E+00 6.6703E-08 6.6703E-08 0.0000E+00 0.0000E+00 6.6703E-08 3.26E-06 6.23E-06   0.610 1.0000 6.9842E-06    918.674
10821.00 0.51805210 1.4708E-25 0.0000E+00 0.0000E+00 6.4816E-08 6.4816E-08 0.0000E+00 0.0000E+00 6.4816E-08 3.06E-06 6.19E-06   0.658 1.0000 6.9254E-06    917.817
10831.00 0.58663571 1.2330E-25 0.0000E+00 0.0000E+00 6.7085E-08 6.7085E-08 0.0000E+00 0.0000E+00 6.7085E-08 3.39E-06 6.03E-06   0.533 1.0000 6.6572E-06    920.382
10841.00 0.63445807 1.0174E-25 0.0000E+00 0.0000E+00 7.2373E-08 7.2373E-08 0.0000E+00 0.0000E+00 7.2373E-08 3.85E-06 6.25E-06   0.455 1.0000 6.8867E-06    925.226
10851.00 0.57022148 1.1291E-25 0.0000E+00 0.0000E+00 6.7688E-08 6.7688E-08 0.0000E+00 0.0000E+00 6.7688E-08 3.37E-06 6.13E-06   0.562 1.0000 6.8426E-06    922.267
10861.00 0.65285057 9.1525E-26 0.0000E+00 0.0000E+00 7.5541E-08 7.5541E-08 0.0000E+00 0.0000E+00 7.5541E-08 4.01E-06 6.42E-06   0.426 1.0000 6.9906E-06    928.990
10871.00 0.58569843 9.1163E-26 0.0000E+00 0.0000E+00 7.0182E-08 7.0182E-08 0.0000E+00 0.0000E+00 7.0182E-08 3.64E-06 6.29E-06   0.535 1.0000 7.0910E-06    925.643
10881.00 0.56934470 9.6104E-26 0.0000E+00 0.0000E+00 7.0665E-08 7.0665E-08 0.0000E+00 0.0000E+00 7.0665E-08 3.51E-06 6.36E-06   0.563 1.0000 7.1322E-06    926.720
10891.00 0.43844137 1.1107E-25 0.0000E+00 0.0000E+00 5.9833E-08 5.9833E-08 0.0000E+00 0.0000E+00 5.9833E-08 2.61E-06 6.03E-06   0.825 1.0000 7.0869E-06    918.376
10901.00 0.40886912 1.1154E-25 0.0000E+00 0.0000E+00 5.7415E-08 5.7415E-08 0.0000E+00 0.0000E+00 5.7415E-08 2.39E-06 5.97E-06   0.894 1.0000 7.0299E-06    916.855
10911.00 0.51703542 9.1249E-26 0.0000E+00 0.0000E+00 6.6914E-08 6.6914E-08 0.0000E+00 0.0000E+00 6.6914E-08 3.14E-06 6.28E-06   0.660 1.0000 7.1167E-06    925.833
10921.00 0.35302907 1.0215E-25 0.0000E+00 0.0000E+00 5.2513E-08 5.2513E-08 0.0000E+00 0.0000E+00 5.2513E-08 2.07E-06 5.77E-06   1.041 1.0000 7.1418E-06    913.478
10931.00 0.51458222 8.6210E-26 0.0000E+00 0.0000E+00 6.7073E-08 6.7073E-08 0.0000E+00 0.0000E+00 6.7073E-08 3.07E-06 6.29E-06   0.664 1.0000 7.0585E-06    927.359
10941.00 0.40424007 8.7796E-26 0.0000E+00 0.0000E+00 5.7463E-08 5.7463E-08 0.0000E+00 0.0000E+00 5.7463E-08 2.42E-06 5.93E-06   0.906 1.0000 7.1797E-06    919.673
10951.00 0.38705099 8.7625E-26 0.0000E+00 0.0000E+00 5.7109E-08 5.7109E-08 0.0000E+00 0.0000E+00 5.7109E-08 2.31E-06 6.01E-06   0.949 1.0000 7.2169E-06    920.034
10961.00 0.50057477 7.1224E-26 0.0000E+00 0.0000E+00 6.5383E-08 6.5383E-08 0.0000E+00 0.0000E+00 6.5383E-08 3.04E-06 6.11E-06   0.692 1.0000 7.0517E-06    928.058
10971.00 0.53538132 6.4526E-26 0.0000E+00 0.0000E+00 6.7324E-08 6.7324E-08 0.0000E+00 0.0000E+00 6.7324E-08 3.21E-06 6.14E-06   0.625 1.0000 6.9688E-06    930.357
10981.00 0.45425114 6.8150E-26 0.0000E+00 0.0000E+00 6.1669E-08 6.1669E-08 0.0000E+00 0.0000E+00 6.1669E-08 2.73E-06 6.01E-06   0.789 1.0000 7.0849E-06    926.266
10991.00 0.46149725 6.5643E-26 0.0000E+00 0.0000E+00 6.1621E-08 6.1621E-08 0.0000E+00 0.0000E+00 6.1621E-08 2.70E-06 5.95E-06   0.773 1.0000 6.9574E-06    926.918
11001.00 0.46451020 6.0822E-26 0.0000E+00 0.0000E+00 6.0952E-08 6.0952E-08 0.0000E+00 0.0000E+00 6.0952E-08 2.72E-06 5.82E-06   0.767 1.0000 6.8715E-06    927.021
11011.00 0.46760374 5.5894E-26 0.0000E+00 0.0000E+00 6.1942E-08 6.1942E-08 0.0000E+00 0.0000E+00 6.1942E-08 2.82E-06 5.91E-06   0.760 1.0000 7.0129E-06    928.591
11021.00 0.46286327 5.6012E-26 0.0000E+00 0.0000E+00 6.3534E-08 6.3534E-08 0.0000E+00 0.0000E+00 6.3534E-08 2.78E-06 6.04E-06   0.770 1.0000 7.1591E-06    930.670
11031.00 0.53256452 4.9069E-26 0.0000E+00 0.0000E+00 6.8614E-08 6.8614E-08 0.0000E+00 0.0000E+00 6.8614E-08 3.20E-06 6.16E-06   0.630 1.0000 6.9952E-06    935.589
11041.00 0.63562286 3.7770E-26 0.0000E+00 0.0000E+00 7.8160E-08 7.8160E-08 0.0000E+00 0.0000E+00 7.8160E-08 3.99E-06 6.47E-06   0.453 1.0000 7.1647E-06    943.532
11051.00 0.64179981 3.5840E-26 0.0000E+00 0.0000E+00 7.9411E-08 7.9411E-08 0.0000E+00 0.0000E+00 7.9411E-08 4.06E-06 6.55E-06   0.443 1.0000 7.2125E-06    945.125
11061.00 0.66390616 3.2604E-26 0.0000E+00 0.0000E+00 8.1198E-08 8.1198E-08 0.0000E+00 0.0000E+00 8.1198E-08 4.20E-06 6.58E-06   0.410 1.0000 7.1991E-06    947.080
11071.00 0.55931360 3.7950E-26 0.0000E+00 0.0000E+00 7.2162E-08 7.2162E-08 0.0000E+00 0.0000E+00 7.2162E-08 3.43E-06 6.28E-06   0.581 1.0000 7.1309E-06    941.176
11081.00 0.46969649 4.0983E-26 0.0000E+00 0.0000E+00 6.2608E-08 6.2608E-08 0.0000E+00 0.0000E+00 6.2608E-08 2.74E-06 5.85E-06   0.756 1.0000 6.9276E-06    934.039
11091.00 0.48367047 3.8439E-26 0.0000E+00 0.0000E+00 6.1303E-08 6.1303E-08 0.0000E+00 0.0000E+00 6.1303E-08 2.71E-06 5.67E-06   0.726 1.0000 6.6409E-06    933.582
11101.00 0.43333465 3.8720E-26 0.0000E+00 0.0000E+00 5.9890E-08 5.9890E-08 0.0000E+00 0.0000E+00 5.9890E-08 2.51E-06 5.80E-06   0.836 1.0000 6.9341E-06    933.003
11111.00 0.52842933 3.1517E-26 0.0000E+00 0.0000E+00 6.7917E-08 6.7917E-08 0.0000E+00 0.0000E+00 6.7917E-08 3.17E-06 5.99E-06   0.638 1.0000 6.9855E-06    940.606
11121.00 0.33026707 3.7906E-26 0.0000E+00 0.0000E+00 5.1919E-08 5.1919E-08 0.0000E+00 0.0000E+00 5.1919E-08 1.93E-06 5.64E-06   1.108 1.0000 7.1540E-06    926.661
11131.00 0.53413272 2.8238E-26 0.0000E+00 0.0000E+00 7.0190E-08 7.0190E-08 0.0000E+00 0.0000E+00 7.0190E-08 3.29E-06 6.17E-06   0.627 1.0000 7.1521E-06    943.828
11141.00 0.50395107 2.9170E-26 0.0000E+00 0.0000E+00 6.8212E-08 6.8212E-08 0.0000E+00 0.0000E+00 6.8212E-08 3.05E-06 6.16E-06   0.685 1.0000 7.1081E-06    942.938
11151.00 0.49515826 2.7845E-26 0.0000E+00 0.0000E+00 6.7435E-08 6.7435E-08 0.0000E+00 0.0000E+00 6.7435E-08 3.00E-06 6.11E-06   0.703 1.0000 7.1052E-06    942.999
11161.00 0.57359040 2.3705E-26 0.0000E+00 0.0000E+00 7.5753E-08 7.5753E-08 0.0000E+00 0.0000E+00 7.5753E-08 3.59E-06 6.43E-06   0.556 1.0000 7.2334E-06    950.190
11171.00 0.60538709 2.1535E-26 0.0000E+00 0.0000E+00 7.6701E-08 7.6701E-08 0.0000E+00 0.0000E+00 7.6701E-08 3.71E-06 6.36E-06   0.502 1.0000 7.0471E-06    951.591
11181.00 0.68460619 1.7001E-26 0.0000E+00 0.0000E+00 8.3126E-08 8.3126E-08 0.0000E+00 0.0000E+00 8.3126E-08 4.28E-06 6.50E-06   0.379 1.0000 7.0589E-06    956.848
11191.00 0.69031262 1.5993E-26 0.0000E+00 0.0000E+00 8.4664E-08 8.4664E-08 0.0000E+00 0.0000E+00 8.4664E-08 4.35E-06 6.58E-06   0.371 1.0000 7.1368E-06    958.596
11201.00 0.74090213 1.3061E-26 0.0000E+00 0.0000E+00 8.6532E-08 8.6532E-08 0.0000E+00 0.0000E+00 8.6532E-08 4.61E-06 6.48E-06   0.300 1.0000 6.9786E-06    960.547
11211.00 0.75634664 1.1764E-26 0.0000E+00 0.0000E+00 8.9569E-08 8.9569E-08 0.0000E+00 0.0000E+00 8.9569E-08 4.81E-06 6.63E-06   0.279 1.0000 7.1244E-06    963.232
11221.00 0.78373516 9.9926E-27 0.0000E+00 0.0000E+00 9.2188E-08 9.2188E-08 0.0000E+00 0.0000E+00 9.2188E-08 5.04E-06 6.69E-06   0.244 1.0000 7.1611E-06    965.598
11231.00 0.77696759 9.7783E-27 0.0000E+00 0.0000E+00 9.2480E-08 9.2480E-08 0.0000E+00 0.0000E+00 9.2480E-08 5.02E-06 6.73E-06   0.252 1.0000 7.2119E-06    966.487
11241.00 0.78350043 9.0522E-27 0.0000E+00 0.0000E+00 9.2182E-08 9.2182E-08 0.0000E+00 0.0000E+00 9.2182E-08 5.02E-06 6.67E-06   0.244 1.0000 7.1417E-06    967.007
11251.00 0.78919572 8.3414E-27 0.0000E+00 0.0000E+00 9.2968E-08 9.2968E-08 0.0000E+00 0.0000E+00 9.2968E-08 5.08E-06 6.69E-06   0.237 1.0000 7.1598E-06    968.204
11261.00 0.77339077 8.5213E-27 0.0000E+00 0.0000E+00 9.1232E-08 9.1232E-08 0.0000E+00 0.0000E+00 9.1232E-08 4.92E-06 6.62E-06   0.257 1.0000 7.1006E-06    967.819
11271.00 0.78841507 7.5959E-27 0.0000E+00 0.0000E+00 9.0806E-08 9.0806E-08 0.0000E+00 0.0000E+00 9.0806E-08 4.94E-06 6.51E-06   0.238 1.0000 6.9712E-06    968.254
11281.00 0.77801222 7.5688E-27 0.0000E+00 0.0000E+00 8.7208E-08 8.7208E-08 0.0000E+00 0.0000E+00 8.7208E-08 4.70E-06 6.29E-06   0.251 1.0000 6.7401E-06    966.626
11291.00 0.77771091 7.2354E-27 0.0000E+00 0.0000E+00 9.2433E-08 9.2433E-08 0.0000E+00 0.0000E+00 9.2433E-08 4.97E-06 6.65E-06   0.251 1.0000 7.1282E-06    970.693
11301.00 0.79312289 6.4036E-27 0.0000E+00 0.0000E+00 9.3740E-08 9.3740E-08 0.0000E+00 0.0000E+00 9.3740E-08 5.09E-06 6.67E-06   0.232 1.0000 7.1331E-06    972.214
11311.00 0.79096872 6.1553E-27 0.0000E+00 0.0000E+00 9.2486E-08 9.2486E-08 0.0000E+00 0.0000E+00 9.2486E-08 5.00E-06 6.57E-06   0.234 1.0000 7.0365E-06    972.138
11321.00 0.78931475 5.9096E-27 0.0000E+00 0.0000E+00 9.3676E-08 9.3676E-08 0.0000E+00 0.0000E+00 9.3676E-08 5.05E-06 6.65E-06   0.237 1.0000 7.1226E-06    973.586
11331.00 0.78908235 5.6201E-27 0.0000E+00 0.0000E+00 9.1860E-08 9.1860E-08 0.0000E+00 0.0000E+00 9.1860E-08 4.94E-06 6.51E-06   0.237 1.0000 6.9746E-06    973.154
11341.00 0.78935111 5.3440E-27 0.0000E+00 0.0000E+00 9.3599E-08 9.3599E-08 0.0000E+00 0.0000E+00 9.3599E-08 5.03E-06 6.62E-06   0.237 1.0000 7.0920E-06    974.950
11351.00 0.79118085 5.0384E-27 0.0000E+00 0.0000E+00 8.8754E-08 8.8754E-08 0.0000E+00 0.0000E+00 8.8754E-08 4.76E-06 6.26E-06   0.234 1.0000 6.7048E-06    972.567
11361.00 0.79114103 4.7971E-27 0.0000E+00 0.0000E+00 9.4015E-08 9.4015E-08 0.0000E+00 0.0000E+00 9.4015E-08 5.04E-06 6.62E-06   0.234 1.0000 7.0885E-06    976.620
11371.00 0.79458702 4.4834E-27 0.0000E+00 0.0000E+00 9.3163E-08 9.3163E-08 0.0000E+00 0.0000E+00 9.3163E-08 5.00E-06 6.53E-06   0.230 1.0000 6.9944E-06    976.794
11381.00 0.79189157 4.3255E-27 0.0000E+00 0.0000E+00 9.5383E-08 9.5383E-08 0.0000E+00 0.0000E+00 9.5383E-08 5.10E-06 6.69E-06   0.233 1.0000 7.1623E-06    978.875
11391.00 0.79366773 4.0779E-27 0.0000E+00 0.0000E+00 9.4853E-08 9.4853E-08 0.0000E+00 0.0000E+00 9.4853E-08 5.06E-06 6.63E-06   0.231 1.0000 7.1013E-06    979.254
11401.00 0.79384375 3.8755E-27 0.0000E+00 0.0000E+00 9.5275E-08 9.5275E-08 0.0000E+00 0.0000E+00 9.5275E-08 5.08E-06 6.65E-06   0.231 1.0000 7.1195E-06    980.220
11411.00 0.79297024 3.7036E-27 0.0000E+00 0.0000E+00 9.4990E-08 9.4990E-08 0.0000E+00 0.0000E+00 9.4990E-08 5.05E-06 6.62E-06   0.232 1.0000 7.0904E-06    980.750
11421.00 0.79380095 3.5086E-27 0.0000E+00 0.0000E+00 9.2365E-08 9.2365E-08 0.0000E+00 0.0000E+00 9.2365E-08 4.91E-06 6.42E-06   0.231 1.0000 6.8786E-06    979.815
11431.00 0.79346365 3.3436E-27 0.0000E+00 0.0000E+00 9.3991E-08 9.3991E-08 0.0000E+00 0.0000E+00 9.3991E-08 4.98E-06 6.52E-06   0.231 1.0000 6.9893E-06    981.541
11441.00 0.79298252 3.1886E-27 0.0000E+00 0.0000E+00 9.4644E-08 9.4644E-08 0.0000E+00 0.0000E+00 9.4644E-08 5.00E-06 6.56E-06   0.232 1.0000 7.0284E-06    982.652
11451.00 0.79333872 3.0279E-27 0.0000E+00 0.0000E+00 9.5606E-08 9.5606E-08 0.0000E+00 0.0000E+00 9.5606E-08 5.05E-06 6.61E-06   0.232 1.0000 7.0859E-06    983.951
11461.00 0.79322398 2.8822E-27 0.0000E+00 0.0000E+00 9.6840E-08 9.6840E-08 0.0000E+00 0.0000E+00 9.6840E-08 5.10E-06 6.68E-06   0.232 1.0000 7.1660E-06    985.411
11471.00 0.79287690 2.7467E-27 0.0000E+00 0.0000E+00 9.5358E-08 9.5358E-08 0.0000E+00 0.0000E+00 9.5358E-08 5.01E-06 6.57E-06   0.232 1.0000 7.0465E-06    985.209
11481.00 0.79214746 2.6229E-27 0.0000E+00 0.0000E+00 9.6034E-08 9.6034E-08 0.0000E+00 0.0000E+00 9.6034E-08 5.04E-06 6.61E-06   0.233 1.0000 7.0883E-06    986.329
11491.00 0.79216868 2.4949E-27 0.0000E+00 0.0000E+00 9.6099E-08 9.6099E-08 0.0000E+00 0.0000E+00 9.6099E-08 5.03E-06 6.60E-06   0.233 1.0000 7.0811E-06    987.075
11501.00 0.79175395 2.3783E-27 0.0000E+00 0.0000E+00 9.3903E-08 9.3903E-08 0.0000E+00 0.0000E+00 9.3903E-08 4.91E-06 6.44E-06   0.234 1.0000 6.9103E-06    986.418
11511.00 0.79143262 2.2663E-27 0.0000E+00 0.0000E+00 9.3452E-08 9.3452E-08 0.0000E+00 0.0000E+00 9.3452E-08 4.87E-06 6.40E-06   0.234 1.0000 6.8667E-06    986.840
11521.00 0.79094231 2.1613E-27 0.0000E+00 0.0000E+00 9.3922E-08 9.3922E-08 0.0000E+00 0.0000E+00 9.3922E-08 4.88E-06 6.42E-06   0.235 1.0000 6.8922E-06    987.839
11531.00 0.79048294 2.0608E-27 0.0000E+00 0.0000E+00 9.0533E-08 9.0533E-08 0.0000E+00 0.0000E+00 9.0533E-08 4.70E-06 6.18E-06   0.235 1.0000 6.6351E-06    986.383
11541.00 0.79015899 1.9635E-27 0.0000E+00 0.0000E+00 7.2105E-08 7.2105E-08 0.0000E+00 0.0000E+00 7.2105E-08 3.73E-06 4.91E-06   0.236 1.0000 5.2774E-06    973.910
11551.00 0.78954881 1.8737E-27 0.0000E+00 0.0000E+00 9.1795E-08 9.1795E-08 0.0000E+00 0.0000E+00 9.1795E-08 4.74E-06 6.25E-06   0.236 1.0000 6.7102E-06    988.602
11561.00 0.78915793 1.7864E-27 0.0000E+00 0.0000E+00 9.6553E-08 9.6553E-08 0.0000E+00 0.0000E+00 9.6553E-08 4.98E-06 6.56E-06   0.237 1.0000 7.0485E-06    992.287
11571.00 0.78895992 1.7012E-27 0.0000E+00 0.0000E+00 9.8466E-08 9.8466E-08 0.0000E+00 0.0000E+00 9.8466E-08 5.07E-06 6.68E-06   0.237 1.0000 7.1778E-06    994.156
11581.00 0.78807819 1.6250E-27 0.0000E+00 0.0000E+00 9.7916E-08 9.7916E-08 0.0000E+00 0.0000E+00 9.7916E-08 5.02E-06 6.63E-06   0.238 1.0000 7.1315E-06    994.528
11591.00 0.78610539 1.5613E-27 0.0000E+00 0.0000E+00 9.7962E-08 9.7962E-08 0.0000E+00 0.0000E+00 9.7962E-08 5.01E-06 6.63E-06   0.241 1.0000 7.1338E-06    995.261
11601.00 0.78712285 1.4780E-27 0.0000E+00 0.0000E+00 9.6589E-08 9.6589E-08 0.0000E+00 0.0000E+00 9.6589E-08 4.93E-06 6.52E-06   0.239 1.0000 7.0173E-06    995.127
11611.00 0.78493530 1.4215E-27 0.0000E+00 0.0000E+00 9.6457E-08 9.6457E-08 0.0000E+00 0.0000E+00 9.6457E-08 4.91E-06 6.51E-06   0.242 1.0000 7.0074E-06    995.751
11621.00 0.78565347 1.3477E-27 0.0000E+00 0.0000E+00 9.7607E-08 9.7607E-08 0.0000E+00 0.0000E+00 9.7607E-08 4.96E-06 6.57E-06   0.241 1.0000 7.0763E-06    997.159
11631.00 0.78327227 1.2966E-27 0.0000E+00 0.0000E+00 9.6897E-08 9.6897E-08 0.0000E+00 0.0000E+00 9.6897E-08 4.91E-06 6.52E-06   0.244 1.0000 7.0263E-06    997.429
11641.00 0.78094786 1.2482E-27 0.0000E+00 0.0000E+00 9.6729E-08 9.6729E-08 0.0000E+00 0.0000E+00 9.6729E-08 4.88E-06 6.51E-06   0.247 1.0000 7.0154E-06    998.031
11651.00 0.78243810 1.1785E-27 0.0000E+00 0.0000E+00 9.6992E-08 9.6992E-08 0.0000E+00 0.0000E+00 9.6992E-08 4.89E-06 6.51E-06   0.245 1.0000 7.0154E-06    998.896
11661.00 0.77347511 1.1696E-27 0.0000E+00 0.0000E+00 9.8231E-08 9.8231E-08 0.0000E+00 0.0000E+00 9.8231E-08 4.91E-06 6.62E-06   0.257 1.0000 7.1406E-06   1000.357
11671.00 0.77998501 1.0795E-27 0.0000E+00 0.0000E+00 9.9013E-08 9.9013E-08 0.0000E+00 0.0000E+00 9.9013E-08 4.96E-06 6.63E-06   0.248 1.0000 7.1519E-06   1001.534
11681.00 0.77544618 1.0481E-27 0.0000E+00 0.0000E+00 9.7212E-08 9.7212E-08 0.0000E+00 0.0000E+00 9.7212E-08 4.85E-06 6.52E-06   0.254 1.0000 7.0342E-06   1001.143
11691.00 0.77291471 1.0091E-27 0.0000E+00 0.0000E+00 9.4151E-08 9.4151E-08 0.0000E+00 0.0000E+00 9.4151E-08 4.68E-06 6.31E-06   0.258 1.0000 6.8153E-06    999.942
11701.00 0.77038270 9.6918E-28 0.0000E+00 0.0000E+00 7.0540E-08 7.0540E-08 0.0000E+00 0.0000E+00 7.0540E-08 3.49E-06 4.73E-06   0.261 1.0000 5.1054E-06    983.762
11711.00 0.76410794 9.4937E-28 0.0000E+00 0.0000E+00 8.4026E-08 8.4026E-08 0.0000E+00 0.0000E+00 8.4026E-08 4.13E-06 5.64E-06   0.269 1.0000 6.0975E-06    994.622
11721.00 0.77227199 8.7148E-28 0.0000E+00 0.0000E+00 9.6301E-08 9.6301E-08 0.0000E+00 0.0000E+00 9.6301E-08 4.75E-06 6.42E-06   0.258 1.0000 6.9393E-06   1003.396
11731.00 0.76449335 8.5685E-28 0.0000E+00 0.0000E+00 9.7408E-08 9.7408E-08 0.0000E+00 0.0000E+00 9.7408E-08 4.77E-06 6.52E-06   0.269 1.0000 7.0489E-06   1004.782
11741.00 0.75491136 8.4728E-28 0.0000E+00 0.0000E+00 9.3988E-08 9.3988E-08 0.0000E+00 0.0000E+00 9.3988E-08 4.56E-06 6.32E-06   0.281 1.0000 6.8430E-06   1003.351
11751.00 0.76262051 7.8170E-28 0.0000E+00 0.0000E+00 9.8044E-08 9.8044E-08 0.0000E+00 0.0000E+00 9.8044E-08 4.78E-06 6.54E-06   0.271 1.0000 7.0799E-06   1006.579
11761.00 0.76843989 7.2624E-28 0.0000E+00 0.0000E+00 8.7417E-08 8.7417E-08 0.0000E+00 0.0000E+00 8.7417E-08 4.27E-06 5.80E-06   0.263 1.0000 6.2711E-06   1000.450
11771.00 0.76637131 6.9689E-28 0.0000E+00 0.0000E+00 9.3757E-08 9.3757E-08 0.0000E+00 0.0000E+00 9.3757E-08 4.56E-06 6.22E-06   0.266 1.0000 6.7248E-06   1005.310
11781.00 0.76571614 6.6394E-28 0.0000E+00 0.0000E+00 9.9661E-08 9.9661E-08 0.0000E+00 0.0000E+00 9.9661E-08 4.84E-06 6.60E-06   0.267 1.0000 7.1404E-06   1009.672
11791.00 0.76225221 6.4228E-28 0.0000E+00 0.0000E+00 9.9545E-08 9.9545E-08 0.0000E+00 0.0000E+00 9.9545E-08 4.81E-06 6.60E-06   0.271 1.0000 7.1364E-06   1010.306
11801.00 0.77435660 5.7932E-28 0.0000E+00 0.0000E+00 9.8392E-08 9.8392E-08 0.0000E+00 0.0000E+00 9.8392E-08 4.79E-06 6.46E-06   0.256 1.0000 6.9763E-06   1010.309
11811.00 0.76876974 5.6402E-28 0.0000E+00 0.0000E+00 9.8471E-08 9.8471E-08 0.0000E+00 0.0000E+00 9.8471E-08 4.77E-06 6.48E-06   0.263 1.0000 7.0000E-06   1011.060
11821.00 0.76559728 5.4446E-28 0.0000E+00 0.0000E+00 1.0001E-07 1.0001E-07 0.0000E+00 0.0000E+00 1.0001E-07 4.82E-06 6.58E-06   0.267 1.0000 7.1140E-06   1012.700
11831.00 0.76490420 5.2029E-28 0.0000E+00 0.0000E+00 9.9969E-08 9.9969E-08 0.0000E+00 0.0000E+00 9.9969E-08 4.81E-06 6.57E-06   0.268 1.0000 7.1007E-06   1013.377
11841.00 0.75354344 5.1787E-28 0.0000E+00 0.0000E+00 9.8174E-08 9.8174E-08 0.0000E+00 0.0000E+00 9.8174E-08 4.67E-06 6.49E-06   0.283 1.0000 7.0230E-06   1012.988
11851.00 0.73801351 5.2338E-28 0.0000E+00 0.0000E+00 9.6000E-08 9.6000E-08 0.0000E+00 0.0000E+00 9.6000E-08 4.50E-06 6.40E-06   0.304 1.0000 6.9407E-06   1012.343
11861.00 0.74951988 4.7770E-28 0.0000E+00 0.0000E+00 9.8942E-08 9.8942E-08 0.0000E+00 0.0000E+00 9.8942E-08 4.67E-06 6.53E-06   0.288 1.0000 7.0767E-06   1014.864
11871.00 0.75529307 4.4180E-28 0.0000E+00 0.0000E+00 9.8790E-08 9.8790E-08 0.0000E+00 0.0000E+00 9.8790E-08 4.68E-06 6.48E-06   0.281 1.0000 7.0212E-06   1015.473
11881.00 0.73110998 4.6086E-28 0.0000E+00 0.0000E+00 9.7942E-08 9.7942E-08 0.0000E+00 0.0000E+00 9.7942E-08 4.55E-06 6.52E-06   0.313 1.0000 7.0855E-06   1015.656
11891.00 0.71746212 4.6073E-28 0.0000E+00 0.0000E+00 9.7882E-08 9.7882E-08 0.0000E+00 0.0000E+00 9.7882E-08 4.48E-06 6.57E-06   0.332 1.0000 7.1453E-06   1016.321
11901.00 0.73551512 4.1259E-28 0.0000E+00 0.0000E+00 9.8823E-08 9.8823E-08 0.0000E+00 0.0000E+00 9.8823E-08 4.58E-06 6.54E-06   0.307 1.0000 7.0928E-06   1017.602
11911.00 0.73423666 3.9435E-28 0.0000E+00 0.0000E+00 9.8412E-08 9.8412E-08 0.0000E+00 0.0000E+00 9.8412E-08 4.55E-06 6.50E-06   0.309 1.0000 7.0600E-06   1018.052
11921.00 0.70706344 4.1354E-28 0.0000E+00 0.0000E+00 9.3639E-08 9.3639E-08 0.0000E+00 0.0000E+00 9.3639E-08 4.22E-06 6.29E-06   0.347 1.0000 6.8519E-06   1015.755
11931.00 0.71109724 3.8437E-28 0.0000E+00 0.0000E+00 9.7359E-08 9.7359E-08 0.0000E+00 0.0000E+00 9.7359E-08 4.41E-06 6.51E-06   0.341 1.0000 7.0928E-06   1018.806
11941.00 0.69507819 3.8482E-28 0.0000E+00 0.0000E+00 9.6873E-08 9.6873E-08 0.0000E+00 0.0000E+00 9.6873E-08 4.32E-06 6.54E-06   0.364 1.0000 7.1401E-06   1019.206
11951.00 0.70232332 3.5384E-28 0.0000E+00 0.0000E+00 9.6171E-08 9.6171E-08 0.0000E+00 0.0000E+00 9.6171E-08 4.32E-06 6.45E-06   0.353 1.0000 7.0443E-06   1019.467
11961.00 0.67548871 3.6266E-28 0.0000E+00 0.0000E+00 9.4971E-08 9.4971E-08 0.0000E+00 0.0000E+00 9.4971E-08 4.17E-06 6.47E-06   0.392 1.0000 7.1078E-06   1019.410
11971.00 0.68163353 3.4167E-28 0.0000E+00 0.0000E+00 9.5454E-08 9.5454E-08 0.0000E+00 0.0000E+00 9.5454E-08 4.20E-06 6.47E-06   0.383 1.0000 7.0906E-06   1020.417
11981.00 0.68972439 3.1746E-28 0.0000E+00 0.0000E+00 9.4562E-08 9.4562E-08 0.0000E+00 0.0000E+00 9.4562E-08 4.18E-06 6.36E-06   0.371 1.0000 6.9668E-06   1020.550
11991.00 0.62995130 3.4963E-28 0.0000E+00 0.0000E+00 8.9862E-08 8.9862E-08 0.0000E+00 0.0000E+00 8.9862E-08 3.78E-06 6.30E-06   0.462 1.0000 6.9804E-06   1018.178
12001.00 0.62768102 3.3621E-28 0.0000E+00 0.0000E+00 8.8535E-08 8.8535E-08 0.0000E+00 0.0000E+00 8.8535E-08 3.70E-06 6.21E-06   0.466 1.0000 6.8879E-06   1017.983
12011.00 0.63668579 2.9506E-28 0.0000E+00 0.0000E+00 8.9798E-08 8.9798E-08 0.0000E+00 0.0000E+00 8.9798E-08 3.85E-06 6.22E-06   0.451 1.0000 6.9934E-06   1019.532
12021.00 0.58798051 3.1940E-28 0.0000E+00 0.0000E+00 8.7112E-08 8.7112E-08 0.0000E+00 0.0000E+00 8.7112E-08 3.55E-06 6.24E-06   0.531 1.0000 7.0695E-06   1018.407
12031.00 0.64504904 2.7603E-28 0.0000E+00 0.0000E+00 9.1149E-08 9.1149E-08 0.0000E+00 0.0000E+00 9.1149E-08 3.85E-06 6.26E-06   0.438 1.0000 6.9475E-06   1021.829
12041.00 0.60754842 2.7786E-28 0.0000E+00 0.0000E+00 8.8576E-08 8.8576E-08 0.0000E+00 0.0000E+00 8.8576E-08 3.66E-06 6.22E-06   0.498 1.0000 7.0298E-06   1020.803
12051.00 0.59809607 2.6797E-28 0.0000E+00 0.0000E+00 8.8014E-08 8.8014E-08 0.0000E+00 0.0000E+00 8.8014E-08 3.61E-06 6.23E-06   0.514 1.0000 7.0419E-06   1021.118
12061.00 0.56487000 2.6869E-28 0.0000E+00 0.0000E+00 8.5596E-08 8.5596E-08 0.0000E+00 0.0000E+00 8.5596E-08 3.42E-06 6.20E-06   0.571 1.0000 7.1140E-06   1020.143
12071.00 0.57432944 2.5132E-28 0.0000E+00 0.0000E+00 8.7150E-08 8.7150E-08 0.0000E+00 0.0000E+00 8.7150E-08 3.49E-06 6.24E-06   0.555 1.0000 7.1599E-06   1021.919
12081.00 0.51773089 2.6573E-28 0.0000E+00 0.0000E+00 8.1557E-08 8.1557E-08 0.0000E+00 0.0000E+00 8.1557E-08 3.09E-06 6.11E-06   0.658 1.0000 7.1226E-06   1018.642
12091.00 0.66596979 1.9299E-28 0.0000E+00 0.0000E+00 9.6161E-08 9.6161E-08 0.0000E+00 0.0000E+00 9.6161E-08 4.10E-06 6.44E-06   0.407 1.0000 7.1353E-06   1029.271
12101.00 0.60789740 2.0716E-28 0.0000E+00 0.0000E+00 9.0762E-08 9.0762E-08 0.0000E+00 0.0000E+00 9.0762E-08 3.70E-06 6.32E-06   0.498 1.0000 7.1283E-06   1026.463
12111.00 0.60638046 1.9660E-28 0.0000E+00 0.0000E+00 9.0003E-08 9.0003E-08 0.0000E+00 0.0000E+00 9.0003E-08 3.67E-06 6.26E-06   0.500 1.0000 7.0848E-06   1026.652
12121.00 0.67670715 1.6167E-28 0.0000E+00 0.0000E+00 9.5999E-08 9.5999E-08 0.0000E+00 0.0000E+00 9.5999E-08 4.10E-06 6.35E-06   0.391 1.0000 7.0243E-06   1031.269
12131.00 0.60043854 1.8500E-28 0.0000E+00 0.0000E+00 9.0060E-08 9.0060E-08 0.0000E+00 0.0000E+00 9.0060E-08 3.60E-06 6.29E-06   0.510 1.0000 7.0679E-06   1028.086
12141.00 0.48139423 2.0662E-28 0.0000E+00 0.0000E+00 7.7261E-08 7.7261E-08 0.0000E+00 0.0000E+00 7.7261E-08 2.79E-06 5.91E-06   0.731 1.0000 6.9714E-06   1019.580
12151.00 0.31695029 2.2515E-28 0.0000E+00 0.0000E+00 5.9433E-08 5.9433E-08 0.0000E+00 0.0000E+00 5.9433E-08 1.77E-06 5.40E-06   1.149 1.0000 7.0361E-06   1004.888
12161.00 0.57972395 1.6131E-28 0.0000E+00 0.0000E+00 8.5800E-08 8.5800E-08 0.0000E+00 0.0000E+00 8.5800E-08 3.38E-06 6.05E-06   0.545 1.0000 6.9045E-06   1027.248
12171.00 0.63277996 1.4055E-28 0.0000E+00 0.0000E+00 9.1652E-08 9.1652E-08 0.0000E+00 0.0000E+00 9.1652E-08 3.75E-06 6.20E-06   0.458 1.0000 6.9343E-06   1031.941
12181.00 0.68691111 1.1785E-28 0.0000E+00 0.0000E+00 9.7090E-08 9.7090E-08 0.0000E+00 0.0000E+00 9.7090E-08 4.13E-06 6.31E-06   0.376 1.0000 6.9604E-06   1036.158
12191.00 0.54083705 1.4650E-28 0.0000E+00 0.0000E+00 8.2377E-08 8.2377E-08 0.0000E+00 0.0000E+00 8.2377E-08 3.14E-06 5.95E-06   0.615 1.0000 6.9001E-06   1026.882
12201.00 0.53771478 1.3988E-28 0.0000E+00 0.0000E+00 8.0932E-08 8.0932E-08 0.0000E+00 0.0000E+00 8.0932E-08 3.06E-06 5.83E-06   0.620 1.0000 6.8274E-06   1026.514
12211.00 0.52842146 1.3679E-28 0.0000E+00 0.0000E+00 8.2130E-08 8.2130E-08 0.0000E+00 0.0000E+00 8.2130E-08 3.06E-06 5.95E-06   0.638 1.0000 6.9594E-06   1028.090
12221.00 0.45577660 1.4214E-28 0.0000E+00 0.0000E+00 7.4602E-08 7.4602E-08 0.0000E+00 0.0000E+00 7.4602E-08 2.59E-06 5.78E-06   0.786 1.0000 6.9415E-06   1023.030
12231.00 0.52484703 1.2269E-28 0.0000E+00 0.0000E+00 8.3846E-08 8.3846E-08 0.0000E+00 0.0000E+00 8.3846E-08 3.13E-06 6.08E-06   0.645 1.0000 7.1216E-06   1030.725
12241.00 0.46472079 1.2555E-28 0.0000E+00 0.0000E+00 7.7314E-08 7.7314E-08 0.0000E+00 0.0000E+00 7.7314E-08 2.73E-06 5.91E-06   0.766 1.0000 7.0928E-06   1026.544
12251.00 0.47852042 1.1725E-28 0.0000E+00 0.0000E+00 7.8703E-08 7.8703E-08 0.0000E+00 0.0000E+00 7.8703E-08 2.81E-06 5.91E-06   0.737 1.0000 7.0794E-06   1028.303
12261.00 0.49096981 1.1308E-28 0.0000E+00 0.0000E+00 8.1019E-08 8.1019E-08 0.0000E+00 0.0000E+00 8.1019E-08 2.88E-06 6.04E-06   0.711 1.0000 7.0894E-06   1030.739
12271.00 0.48861235 1.0889E-28 0.0000E+00 0.0000E+00 8.1357E-08 8.1357E-08 0.0000E+00 0.0000E+00 8.1357E-08 2.87E-06 6.09E-06   0.716 1.0000 7.0956E-06   1031.683
12281.00 0.54897261 9.5322E-29 0.0000E+00 0.0000E+00 8.7995E-08 8.7995E-08 0.0000E+00 0.0000E+00 8.7995E-08 3.28E-06 6.23E-06   0.600 1.0000 7.1191E-06   1037.129
12291.00 0.52104282 9.4884E-29 0.0000E+00 0.0000E+00 8.5531E-08 8.5531E-08 0.0000E+00 0.0000E+00 8.5531E-08 3.10E-06 6.21E-06   0.652 1.0000 7.1358E-06   1036.099
12301.00 0.63020843 7.5195E-29 0.0000E+00 0.0000E+00 9.6126E-08 9.6126E-08 0.0000E+00 0.0000E+00 9.6126E-08 3.81E-06 6.38E-06   0.462 1.0000 7.1019E-06   1043.935
12311.00 0.63234508 7.2604E-29 0.0000E+00 0.0000E+00 9.6753E-08 9.6753E-08 0.0000E+00 0.0000E+00 9.6753E-08 3.81E-06 6.40E-06   0.458 1.0000 7.1036E-06   1045.034
12321.00 0.64860392 6.5665E-29 0.0000E+00 0.0000E+00 9.7958E-08 9.7958E-08 0.0000E+00 0.0000E+00 9.7958E-08 3.92E-06 6.39E-06   0.433 1.0000 7.0841E-06   1046.496
12331.00 0.67579269 5.8707E-29 0.0000E+00 0.0000E+00 1.0093E-07 1.0093E-07 0.0000E+00 0.0000E+00 1.0093E-07 4.12E-06 6.44E-06   0.392 1.0000 7.1024E-06   1049.046
12341.00 0.69723010 5.2520E-29 0.0000E+00 0.0000E+00 1.0165E-07 1.0165E-07 0.0000E+00 0.0000E+00 1.0165E-07 4.21E-06 6.38E-06   0.361 1.0000 7.0116E-06   1050.187
12351.00 0.69117516 5.0753E-29 0.0000E+00 0.0000E+00 9.9926E-08 9.9926E-08 0.0000E+00 0.0000E+00 9.9926E-08 4.11E-06 6.29E-06   0.369 1.0000 6.9247E-06   1049.825
12361.00 0.71130192 4.5227E-29 0.0000E+00 0.0000E+00 1.0264E-07 1.0264E-07 0.0000E+00 0.0000E+00 1.0264E-07 4.29E-06 6.36E-06   0.341 1.0000 6.9793E-06   1052.189
12371.00 0.71444046 4.2734E-29 0.0000E+00 0.0000E+00 1.0377E-07 1.0377E-07 0.0000E+00 0.0000E+00 1.0377E-07 4.34E-06 6.40E-06   0.336 1.0000 7.0253E-06   1053.574
12381.00 0.72834343 3.8594E-29 0.0000E+00 0.0000E+00 1.0525E-07 1.0525E-07 0.0000E+00 0.0000E+00 1.0525E-07 4.45E-06 6.42E-06   0.317 1.0000 7.0369E-06   1055.158
12391.00 0.72513628 3.7109E-29 0.0000E+00 0.0000E+00 1.0586E-07 1.0586E-07 0.0000E+00 0.0000E+00 1.0586E-07 4.45E-06 6.46E-06   0.321 1.0000 7.0840E-06   1056.222
12401.00 0.72506261 3.5349E-29 0.0000E+00 0.0000E+00 1.0699E-07 1.0699E-07 0.0000E+00 0.0000E+00 1.0699E-07 4.49E-06 6.52E-06   0.321 1.0000 7.1455E-06   1057.587
12411.00 0.72979152 3.3083E-29 0.0000E+00 0.0000E+00 1.0679E-07 1.0679E-07 0.0000E+00 0.0000E+00 1.0679E-07 4.49E-06 6.48E-06   0.315 1.0000 7.0929E-06   1058.168
12421.00 0.72261190 3.2100E-29 0.0000E+00 0.0000E+00 1.0315E-07 1.0315E-07 0.0000E+00 0.0000E+00 1.0315E-07 4.31E-06 6.28E-06   0.325 1.0000 6.8849E-06   1056.698
12431.00 0.68794930 3.4262E-29 0.0000E+00 0.0000E+00 1.0277E-07 1.0277E-07 0.0000E+00 0.0000E+00 1.0277E-07 4.16E-06 6.39E-06   0.374 1.0000 7.0471E-06   1057.168
12441.00 0.69068545 3.2264E-29 0.0000E+00 0.0000E+00 1.0368E-07 1.0368E-07 0.0000E+00 0.0000E+00 1.0368E-07 4.21E-06 6.42E-06   0.370 1.0000 7.0810E-06   1058.417
12451.00 0.68630821 3.1155E-29 0.0000E+00 0.0000E+00 1.0224E-07 1.0224E-07 0.0000E+00 0.0000E+00 1.0224E-07 4.12E-06 6.34E-06   0.376 1.0000 6.9937E-06   1058.245
12461.00 0.67278153 3.1005E-29 0.0000E+00 0.0000E+00 1.0238E-07 1.0238E-07 0.0000E+00 0.0000E+00 1.0238E-07 4.06E-06 6.41E-06   0.396 1.0000 7.0759E-06   1059.031
12471.00 0.69428676 2.7490E-29 0.0000E+00 0.0000E+00 1.0494E-07 1.0494E-07 0.0000E+00 0.0000E+00 1.0494E-07 4.24E-06 6.45E-06   0.365 1.0000 7.1120E-06   1061.277
12481.00 0.67993045 2.6996E-29 0.0000E+00 0.0000E+00 1.0351E-07 1.0351E-07 0.0000E+00 0.0000E+00 1.0351E-07 4.14E-06 6.42E-06   0.386 1.0000 7.1032E-06   1061.113
12491.00 0.68831909 2.5121E-29 0.0000E+00 0.0000E+00 1.0361E-07 1.0361E-07 0.0000E+00 0.0000E+00 1.0361E-07 4.17E-06 6.38E-06   0.374 1.0000 7.0410E-06   1061.877
12501.00 0.69007218 2.3977E-29 0.0000E+00 0.0000E+00 1.0284E-07 1.0284E-07 0.0000E+00 0.0000E+00 1.0284E-07 4.13E-06 6.31E-06   0.371 1.0000 6.9583E-06   1062.109
12511.00 0.71641332 2.1038E-29 0.0000E+00 0.0000E+00 1.0767E-07 1.0767E-07 0.0000E+00 0.0000E+00 1.0767E-07 4.40E-06 6.48E-06   0.333 1.0000 7.1163E-06   1065.694
12521.00 0.70068312 2.0966E-29 0.0000E+00 0.0000E+00 1.0630E-07 1.0630E-07 0.0000E+00 0.0000E+00 1.0630E-07 4.29E-06 6.45E-06   0.356 1.0000 7.1113E-06   1065.584
12531.00 0.72153294 1.8706E-29 0.0000E+00 0.0000E+00 1.0820E-07 1.0820E-07 0.0000E+00 0.0000E+00 1.0820E-07 4.42E-06 6.46E-06   0.326 1.0000 7.0974E-06   1067.403
12541.00 0.70244855 1.8840E-29 0.0000E+00 0.0000E+00 1.0643E-07 1.0643E-07 0.0000E+00 0.0000E+00 1.0643E-07 4.28E-06 6.43E-06   0.353 1.0000 7.0882E-06   1067.065
12551.00 0.67381650 1.9361E-29 0.0000E+00 0.0000E+00 1.0410E-07 1.0410E-07 0.0000E+00 0.0000E+00 1.0410E-07 4.09E-06 6.41E-06   0.395 1.0000 7.0994E-06   1066.367
12561.00 0.65839159 1.9219E-29 0.0000E+00 0.0000E+00 1.0190E-07 1.0190E-07 0.0000E+00 0.0000E+00 1.0190E-07 3.95E-06 6.33E-06   0.418 1.0000 7.0428E-06   1065.724
12571.00 0.71900600 1.5369E-29 0.0000E+00 0.0000E+00 1.0795E-07 1.0795E-07 0.0000E+00 0.0000E+00 1.0795E-07 4.38E-06 6.41E-06   0.330 1.0000 7.0580E-06   1070.062
12581.00 0.72830242 1.4168E-29 0.0000E+00 0.0000E+00 1.0510E-07 1.0510E-07 0.0000E+00 0.0000E+00 1.0510E-07 4.29E-06 6.20E-06   0.317 1.0000 6.8119E-06   1069.069
12591.00 0.73885113 1.2972E-29 0.0000E+00 0.0000E+00 1.0656E-07 1.0656E-07 0.0000E+00 0.0000E+00 1.0656E-07 4.38E-06 6.23E-06   0.303 1.0000 6.8345E-06   1070.640
12601.00 0.72767729 1.2776E-29 0.0000E+00 0.0000E+00 1.0568E-07 1.0568E-07 0.0000E+00 0.0000E+00 1.0568E-07 4.30E-06 6.21E-06   0.318 1.0000 6.8321E-06   1070.811
12611.00 0.69182295 1.3580E-29 0.0000E+00 0.0000E+00 1.0530E-07 1.0530E-07 0.0000E+00 0.0000E+00 1.0530E-07 4.16E-06 6.33E-06   0.368 1.0000 7.0130E-06   1071.282
12621.00 0.69343138 1.2796E-29 0.0000E+00 0.0000E+00 1.0553E-07 1.0553E-07 0.0000E+00 0.0000E+00 1.0553E-07 4.17E-06 6.33E-06   0.366 1.0000 7.0117E-06   1072.121
12631.00 0.70160323 1.2009E-29 0.0000E+00 0.0000E+00 1.0502E-07 1.0502E-07 0.0000E+00 0.0000E+00 1.0502E-07 4.16E-06 6.25E-06   0.354 1.0000 6.9099E-06   1072.512
12641.00 0.68544155 1.1924E-29 0.0000E+00 0.0000E+00 1.0566E-07 1.0566E-07 0.0000E+00 0.0000E+00 1.0566E-07 4.13E-06 6.35E-06   0.378 1.0000 7.0438E-06   1073.600
12651.00 0.68719375 1.1276E-29 0.0000E+00 0.0000E+00 1.0681E-07 1.0681E-07 0.0000E+00 0.0000E+00 1.0681E-07 4.18E-06 6.40E-06   0.375 1.0000 7.0958E-06   1074.983
12661.00 0.66648024 1.1339E-29 0.0000E+00 0.0000E+00 1.0484E-07 1.0484E-07 0.0000E+00 0.0000E+00 1.0484E-07 4.03E-06 6.36E-06   0.406 1.0000 7.0839E-06   1074.503
12671.00 0.68250054 1.0458E-29 0.0000E+00 0.0000E+00 1.0722E-07 1.0722E-07 0.0000E+00 0.0000E+00 1.0722E-07 4.15E-06 6.42E-06   0.382 1.0000 7.1204E-06   1076.628
12681.00 0.71295786 9.0647E-30 0.0000E+00 0.0000E+00 1.0963E-07 1.0963E-07 0.0000E+00 0.0000E+00 1.0963E-07 4.34E-06 6.42E-06   0.338 1.0000 7.0842E-06   1078.743
12691.00 0.70889026 8.7067E-30 0.0000E+00 0.0000E+00 1.0887E-07 1.0887E-07 0.0000E+00 0.0000E+00 1.0887E-07 4.29E-06 6.38E-06   0.344 1.0000 7.0488E-06   1078.999
12701.00 0.71923524 8.0262E-30 0.0000E+00 0.0000E+00 1.1075E-07 1.1075E-07 0.0000E+00 0.0000E+00 1.1075E-07 4.39E-06 6.43E-06   0.330 1.0000 7.0968E-06   1080.788
12711.00 0.71636784 7.7397E-30 0.0000E+00 0.0000E+00 1.1136E-07 1.1136E-07 0.0000E+00 0.0000E+00 1.1136E-07 4.39E-06 6.47E-06   0.334 1.0000 7.1406E-06   1081.841
12721.00 0.73867750 6.7786E-30 0.0000E+00 0.0000E+00 1.1124E-07 1.1124E-07 0.0000E+00 0.0000E+00 1.1124E-07 4.46E-06 6.35E-06   0.303 1.0000 6.9992E-06   1082.471
12731.00 0.73946297 6.4267E-30 0.0000E+00 0.0000E+00 1.1126E-07 1.1126E-07 0.0000E+00 0.0000E+00 1.1126E-07 4.46E-06 6.34E-06   0.302 1.0000 6.9861E-06   1083.183
12741.00 0.73961425 6.1072E-30 0.0000E+00 0.0000E+00 1.1328E-07 1.1328E-07 0.0000E+00 0.0000E+00 1.1328E-07 4.54E-06 6.45E-06   0.302 1.0000 7.1028E-06   1085.039
12751.00 0.74171788 5.7595E-30 0.0000E+00 0.0000E+00 1.1335E-07 1.1335E-07 0.0000E+00 0.0000E+00 1.1335E-07 4.54E-06 6.43E-06   0.299 1.0000 7.0859E-06   1085.776
12761.00 0.74440551 5.4171E-30 0.0000E+00 0.0000E+00 1.1083E-07 1.1083E-07 0.0000E+00 0.0000E+00 1.1083E-07 4.44E-06 6.26E-06   0.295 1.0000 6.9058E-06   1085.036
12771.00 0.74481285 5.1431E-30 0.0000E+00 0.0000E+00 1.1312E-07 1.1312E-07 0.0000E+00 0.0000E+00 1.1312E-07 4.53E-06 6.38E-06   0.295 1.0000 7.0362E-06   1087.045
12781.00 0.74470758 4.8931E-30 0.0000E+00 0.0000E+00 1.1453E-07 1.1453E-07 0.0000E+00 0.0000E+00 1.1453E-07 4.57E-06 6.45E-06   0.295 1.0000 7.1156E-06   1088.544
12791.00 0.74458700 4.6565E-30 0.0000E+00 0.0000E+00 1.1474E-07 1.1474E-07 0.0000E+00 0.0000E+00 1.1474E-07 4.57E-06 6.45E-06   0.295 1.0000 7.1190E-06   1089.361
12801.00 0.74475580 4.4253E-30 0.0000E+00 0.0000E+00 1.1302E-07 1.1302E-07 0.0000E+00 0.0000E+00 1.1302E-07 4.50E-06 6.34E-06   0.295 1.0000 7.0016E-06   1089.089
12811.00 0.74390811 4.2236E-30 0.0000E+00 0.0000E+00 1.1445E-07 1.1445E-07 0.0000E+00 0.0000E+00 1.1445E-07 4.54E-06 6.42E-06   0.296 1.0000 7.0852E-06   1090.602
12821.00 0.74418312 4.0124E-30 0.0000E+00 0.0000E+00 1.1328E-07 1.1328E-07 0.0000E+00 0.0000E+00 1.1328E-07 4.49E-06 6.34E-06   0.295 1.0000 7.0007E-06   1090.635
12831.00 0.74318486 3.8319E-30 0.0000E+00 0.0000E+00 1.1475E-07 1.1475E-07 0.0000E+00 0.0000E+00 1.1475E-07 4.54E-06 6.41E-06   0.297 1.0000 7.0866E-06   1092.167
12841.00 0.74344647 3.6405E-30 0.0000E+00 0.0000E+00 1.1530E-07 1.1530E-07 0.0000E+00 0.0000E+00 1.1530E-07 4.55E-06 6.43E-06   0.296 1.0000 7.1081E-06   1093.179
12851.00 0.74293417 3.4696E-30 0.0000E+00 0.0000E+00 1.1533E-07 1.1533E-07 0.0000E+00 0.0000E+00 1.1533E-07 4.54E-06 6.42E-06   0.297 1.0000 7.1013E-06   1093.893
12861.00 0.74265301 3.3038E-30 0.0000E+00 0.0000E+00 1.1315E-07 1.1315E-07 0.0000E+00 0.0000E+00 1.1315E-07 4.45E-06 6.29E-06   0.298 1.0000 6.9577E-06   1093.363
12871.00 0.74245685 3.1447E-30 0.0000E+00 0.0000E+00 1.1586E-07 1.1586E-07 0.0000E+00 0.0000E+00 1.1586E-07 4.55E-06 6.43E-06   0.298 1.0000 7.1139E-06   1095.595
12881.00 0.74191588 2.9973E-30 0.0000E+00 0.0000E+00 1.1577E-07 1.1577E-07 0.0000E+00 0.0000E+00 1.1577E-07 4.53E-06 6.42E-06   0.299 1.0000 7.0994E-06   1096.241
12891.00 0.74098283 2.8612E-30 0.0000E+00 0.0000E+00 1.1579E-07 1.1579E-07 0.0000E+00 0.0000E+00 1.1579E-07 4.52E-06 6.42E-06   0.300 1.0000 7.0944E-06   1096.955
12901.00 0.74047297 2.7265E-30 0.0000E+00 0.0000E+00 1.1037E-07 1.1037E-07 0.0000E+00 0.0000E+00 1.1037E-07 4.30E-06 6.11E-06   0.300 1.0000 6.7536E-06   1094.548
12911.00 0.73913693 2.6062E-30 0.0000E+00 0.0000E+00 1.1297E-07 1.1297E-07 0.0000E+00 0.0000E+00 1.1297E-07 4.39E-06 6.25E-06   0.302 1.0000 6.9089E-06   1096.754
12921.00 0.73831439 2.4862E-30 0.0000E+00 0.0000E+00 1.1629E-07 1.1629E-07 0.0000E+00 0.0000E+00 1.1629E-07 4.51E-06 6.42E-06   0.303 1.0000 7.1049E-06   1099.332
12931.00 0.73668665 2.3786E-30 0.0000E+00 0.0000E+00 1.1565E-07 1.1565E-07 0.0000E+00 0.0000E+00 1.1565E-07 4.47E-06 6.38E-06   0.306 1.0000 7.0646E-06   1099.676
12941.00 0.73427391 2.2820E-30 0.0000E+00 0.0000E+00 1.1280E-07 1.1280E-07 0.0000E+00 0.0000E+00 1.1280E-07 4.35E-06 6.23E-06   0.309 1.0000 6.8949E-06   1098.757
12951.00 0.73310483 2.1793E-30 0.0000E+00 0.0000E+00 1.1439E-07 1.1439E-07 0.0000E+00 0.0000E+00 1.1439E-07 4.39E-06 6.31E-06   0.310 1.0000 6.9877E-06   1100.360
12961.00 0.73170424 2.0818E-30 0.0000E+00 0.0000E+00 1.1291E-07 1.1291E-07 0.0000E+00 0.0000E+00 1.1291E-07 4.33E-06 6.22E-06   0.312 1.0000 6.8945E-06   1100.213
12971.00 0.72943282 1.9918E-30 0.0000E+00 0.0000E+00 1.1502E-07 1.1502E-07 0.0000E+00 0.0000E+00 1.1502E-07 4.40E-06 6.33E-06   0.315 1.0000 7.0270E-06   1102.117
12981.00 0.71912974 1.9520E-30 0.0000E+00 0.0000E+00 1.1348E-07 1.1348E-07 0.0000E+00 0.0000E+00 1.1348E-07 4.30E-06 6.28E-06   0.330 1.0000 6.9958E-06   1101.939
12991.00 0.70852500 1.9014E-30 0.0000E+00 0.0000E+00 1.1196E-07 1.1196E-07 0.0000E+00 0.0000E+00 1.1196E-07 4.21E-06 6.22E-06   0.345 1.0000 6.9674E-06   1101.760
13001.00 0.69110048 1.8754E-30 0.0000E+00 0.0000E+00 1.1055E-07 1.1055E-07 0.0000E+00 0.0000E+00 1.1055E-07 4.12E-06 6.19E-06   0.369 1.0000 6.9977E-06   1101.639
13011.00 0.67913282 1.8181E-30 0.0000E+00 0.0000E+00 1.1013E-07 1.1013E-07 0.0000E+00 0.0000E+00 1.1013E-07 4.07E-06 6.20E-06   0.387 1.0000 7.0635E-06   1102.088
13021.00 0.64616054 1.8305E-30 0.0000E+00 0.0000E+00 1.0565E-07 1.0565E-07 0.0000E+00 0.0000E+00 1.0565E-07 3.83E-06 6.05E-06   0.437 1.0000 7.0503E-06   1100.096
13031.00 0.60899061 1.8645E-30 0.0000E+00 0.0000E+00 1.0133E-07 1.0133E-07 0.0000E+00 0.0000E+00 1.0133E-07 3.58E-06 5.93E-06   0.496 1.0000 7.0771E-06   1098.099
13041.00 0.55381334 1.9178E-30 0.0000E+00 0.0000E+00 8.9361E-08 8.9361E-08 0.0000E+00 0.0000E+00 8.9361E-08 3.06E-06 5.39E-06   0.591 1.0000 6.7057E-06   1090.765
13051.00 0.48983967 2.0089E-30 0.0000E+00 0.0000E+00 7.9374E-08 7.9374E-08 0.0000E+00 0.0000E+00 7.9374E-08 2.56E-06 5.05E-06   0.714 1.0000 6.6213E-06   1083.988
13061.00 0.40933269 2.0457E-30 0.0000E+00 0.0000E+00 7.0488E-08 7.0488E-08 0.0000E+00 0.0000E+00 7.0488E-08 2.13E-06 4.78E-06   0.893 1.0000 6.8845E-06   1077.292
13071.00 0.32918349 2.0210E-30 0.0000E+00 0.0000E+00 5.9938E-08 5.9938E-08 0.0000E+00 0.0000E+00 5.9938E-08 1.68E-06 4.37E-06   1.111 1.0000 7.1115E-06   1068.049
13081.00 0.26435879 1.9698E-30 0.0000E+00 0.0000E+00 4.9277E-08 4.9277E-08 0.0000E+00 0.0000E+00 4.9277E-08 1.27E-06 3.86E-06   1.330 1.0000 7.1104E-06   1056.972
13091.00 0.19185758 1.8955E-30 0.0000E+00 0.0000E+00 3.7263E-08 3.7263E-08 0.0000E+00 0.0000E+00 3.7263E-08 8.33E-07 3.25E-06   1.651 1.0000 7.1062E-06   1041.303
13101.00 0.15857306 1.7956E-30 0.0000E+00 0.0000E+00 3.1162E-08 3.1162E-08 0.0000E+00 0.0000E+00 3.1162E-08 6.33E-07 2.90E-06   1.842 1.0000 7.1028E-06   1031.770
13111.00 0.17755991 1.7526E-30 0.0000E+00 0.0000E+00 3.3682E-08 3.3682E-08 0.0000E+00 0.0000E+00 3.3682E-08 6.97E-07 3.05E-06   1.728 1.0000 7.0290E-06   1036.840
13121.00 0.39616191 1.5208E-30 0.0000E+00 0.0000E+00 6.4299E-08 6.4299E-08 0.0000E+00 0.0000E+00 6.4299E-08 1.90E-06 4.36E-06   0.926 1.0000 6.7816E-06   1075.726
13131.00 0.15430619 1.5574E-30 0.0000E+00 0.0000E+00 2.9509E-08 2.9509E-08 0.0000E+00 0.0000E+00 2.9509E-08 6.09E-07 2.77E-06   1.869 1.0000 6.9749E-06   1030.669
13141.00 0.02830587 1.2850E-30 0.0000E+00 0.0000E+00 8.8173E-09 8.8173E-09 0.0000E+00 0.0000E+00 8.8173E-09 5.40E-08 1.46E-06   3.565 1.0000 7.0062E-06    967.571
13151.00 0.02621235 1.1777E-30 0.0000E+00 0.0000E+00 9.4098E-09 9.4098E-09 0.0000E+00 0.0000E+00 9.4098E-09 6.05E-08 1.52E-06   3.642 1.0000 6.9759E-06    971.427
13161.00 0.16050613 1.2561E-30 0.0000E+00 0.0000E+00 3.4850E-08 3.4850E-08 0.0000E+00 0.0000E+00 3.4850E-08 8.02E-07 3.15E-06   1.829 1.0000 7.0394E-06   1042.093
13171.00 0.64577812 8.4962E-31 0.0000E+00 0.0000E+00 1.0725E-07 1.0725E-07 0.0000E+00 0.0000E+00 1.0725E-07 3.81E-06 5.97E-06   0.437 1.0000 7.0248E-06   1111.504
13181.00 0.72663337 7.0595E-31 0.0000E+00 0.0000E+00 1.1567E-07 1.1567E-07 0.0000E+00 0.0000E+00 1.1567E-07 4.25E-06 6.16E-06   0.319 1.0000 6.8540E-06   1117.155
13191.00 0.72980130 6.6407E-31 0.0000E+00 0.0000E+00 1.1900E-07 1.1900E-07 0.0000E+00 0.0000E+00 1.1900E-07 4.37E-06 6.31E-06   0.315 1.0000 7.0170E-06   1119.722
13201.00 0.72975427 6.3172E-31 0.0000E+00 0.0000E+00 1.1851E-07 1.1851E-07 0.0000E+00 0.0000E+00 1.1851E-07 4.35E-06 6.28E-06   0.315 1.0000 6.9786E-06   1120.151
13211.00 0.72962832 6.0109E-31 0.0000E+00 0.0000E+00 1.1865E-07 1.1865E-07 0.0000E+00 0.0000E+00 1.1865E-07 4.34E-06 6.27E-06   0.315 1.0000 6.9776E-06   1120.925
13221.00 0.72914380 5.7271E-31 0.0000E+00 0.0000E+00 1.1839E-07 1.1839E-07 0.0000E+00 0.0000E+00 1.1839E-07 4.33E-06 6.25E-06   0.316 1.0000 6.9558E-06   1121.480
13231.00 0.72860420 5.4579E-31 0.0000E+00 0.0000E+00 1.1786E-07 1.1786E-07 0.0000E+00 0.0000E+00 1.1786E-07 4.30E-06 6.22E-06   0.317 1.0000 6.9184E-06   1121.881
13241.00 0.72820944 5.1985E-31 0.0000E+00 0.0000E+00 1.1995E-07 1.1995E-07 0.0000E+00 0.0000E+00 1.1995E-07 4.36E-06 6.32E-06   0.317 1.0000 7.0339E-06   1123.741
13251.00 0.72791094 4.9497E-31 0.0000E+00 0.0000E+00 1.2042E-07 1.2042E-07 0.0000E+00 0.0000E+00 1.2042E-07 4.37E-06 6.33E-06   0.318 1.0000 7.0541E-06   1124.700
13261.00 0.72713786 4.7210E-31 0.0000E+00 0.0000E+00 1.2087E-07 1.2087E-07 0.0000E+00 0.0000E+00 1.2087E-07 4.38E-06 6.35E-06   0.319 1.0000 7.0756E-06   1125.646
13271.00 0.72699630 4.4924E-31 0.0000E+00 0.0000E+00 1.1976E-07 1.1976E-07 0.0000E+00 0.0000E+00 1.1976E-07 4.33E-06 6.28E-06   0.319 1.0000 7.0026E-06   1125.731
13281.00 0.72653806 4.2798E-31 0.0000E+00 0.0000E+00 1.1881E-07 1.1881E-07 0.0000E+00 0.0000E+00 1.1881E-07 4.29E-06 6.22E-06   0.319 1.0000 6.9412E-06   1125.903
13291.00 0.72602648 4.0783E-31 0.0000E+00 0.0000E+00 1.1849E-07 1.1849E-07 0.0000E+00 0.0000E+00 1.1849E-07 4.27E-06 6.20E-06   0.320 1.0000 6.9165E-06   1126.420
13301.00 0.72524571 3.8901E-31 0.0000E+00 0.0000E+00 1.2016E-07 1.2016E-07 0.0000E+00 0.0000E+00 1.2016E-07 4.32E-06 6.28E-06   0.321 1.0000 7.0096E-06   1128.045
13311.00 0.72506577 3.7021E-31 0.0000E+00 0.0000E+00 1.1662E-07 1.1662E-07 0.0000E+00 0.0000E+00 1.1662E-07 4.18E-06 6.08E-06   0.321 1.0000 6.7959E-06   1126.761
13321.00 0.72379118 3.5379E-31 0.0000E+00 0.0000E+00 1.2024E-07 1.2024E-07 0.0000E+00 0.0000E+00 1.2024E-07 4.30E-06 6.27E-06   0.323 1.0000 7.0050E-06   1129.487
13331.00 0.72366917 3.3661E-31 0.0000E+00 0.0000E+00 1.1927E-07 1.1927E-07 0.0000E+00 0.0000E+00 1.1927E-07 4.26E-06 6.21E-06   0.323 1.0000 6.9407E-06   1129.645
13341.00 0.72334671 3.2052E-31 0.0000E+00 0.0000E+00 1.1667E-07 1.1667E-07 0.0000E+00 0.0000E+00 1.1667E-07 4.16E-06 6.06E-06   0.324 1.0000 6.7825E-06   1128.878
13351.00 0.72323531 3.0493E-31 0.0000E+00 0.0000E+00 1.2039E-07 1.2039E-07 0.0000E+00 0.0000E+00 1.2039E-07 4.28E-06 6.25E-06   0.324 1.0000 6.9903E-06   1131.662
13361.00 0.72276723 2.9050E-31 0.0000E+00 0.0000E+00 1.1979E-07 1.1979E-07 0.0000E+00 0.0000E+00 1.1979E-07 4.25E-06 6.21E-06   0.325 1.0000 6.9490E-06   1132.032
13371.00 0.72158355 2.7754E-31 0.0000E+00 0.0000E+00 1.1974E-07 1.1974E-07 0.0000E+00 0.0000E+00 1.1974E-07 4.24E-06 6.20E-06   0.326 1.0000 6.9428E-06   1132.701
13381.00 0.72086245 2.6463E-31 0.0000E+00 0.0000E+00 1.2054E-07 1.2054E-07 0.0000E+00 0.0000E+00 1.2054E-07 4.26E-06 6.23E-06   0.327 1.0000 6.9829E-06   1133.840
13391.00 0.72035354 2.5219E-31 0.0000E+00 0.0000E+00 1.2071E-07 1.2071E-07 0.0000E+00 0.0000E+00 1.2071E-07 4.25E-06 6.23E-06   0.328 1.0000 6.9856E-06   1134.632
13401.00 0.71955395 2.4052E-31 0.0000E+00 0.0000E+00 1.1988E-07 1.1988E-07 0.0000E+00 0.0000E+00 1.1988E-07 4.21E-06 6.18E-06   0.329 1.0000 6.9311E-06   1134.867
13411.00 0.71731651 2.3073E-31 0.0000E+00 0.0000E+00 1.2100E-07 1.2100E-07 0.0000E+00 0.0000E+00 1.2100E-07 4.24E-06 6.24E-06   0.332 1.0000 6.9973E-06   1136.188
13421.00 0.71834844 2.1858E-31 0.0000E+00 0.0000E+00 1.1866E-07 1.1866E-07 0.0000E+00 0.0000E+00 1.1866E-07 4.15E-06 6.11E-06   0.331 1.0000 6.8463E-06   1135.581
13431.00 0.71527952 2.1020E-31 0.0000E+00 0.0000E+00 1.1705E-07 1.1705E-07 0.0000E+00 0.0000E+00 1.1705E-07 4.08E-06 6.02E-06   0.335 1.0000 6.7587E-06   1135.365
13441.00 0.71396804 2.0099E-31 0.0000E+00 0.0000E+00 1.2093E-07 1.2093E-07 0.0000E+00 0.0000E+00 1.2093E-07 4.20E-06 6.22E-06   0.337 1.0000 6.9782E-06   1138.240
13451.00 0.71610492 1.8957E-31 0.0000E+00 0.0000E+00 1.2135E-07 1.2135E-07 0.0000E+00 0.0000E+00 1.2135E-07 4.22E-06 6.22E-06   0.334 1.0000 6.9805E-06   1139.170
13461.00 0.70539308 1.8727E-31 0.0000E+00 0.0000E+00 1.1940E-07 1.1940E-07 0.0000E+00 0.0000E+00 1.1940E-07 4.10E-06 6.16E-06   0.349 1.0000 6.9145E-06   1138.782
13471.00 0.70361847 1.7933E-31 0.0000E+00 0.0000E+00 1.1518E-07 1.1518E-07 0.0000E+00 0.0000E+00 1.1518E-07 3.94E-06 5.94E-06   0.352 1.0000 6.6706E-06   1137.077
13481.00 0.70248801 1.7110E-31 0.0000E+00 0.0000E+00 1.1537E-07 1.1537E-07 0.0000E+00 0.0000E+00 1.1537E-07 3.94E-06 5.94E-06   0.353 1.0000 6.6756E-06   1137.881
13491.00 0.69116038 1.6881E-31 0.0000E+00 0.0000E+00 1.1420E-07 1.1420E-07 0.0000E+00 0.0000E+00 1.1420E-07 3.85E-06 5.92E-06   0.369 1.0000 6.6588E-06   1137.894
13501.00 0.70040357 1.5604E-31 0.0000E+00 0.0000E+00 1.1856E-07 1.1856E-07 0.0000E+00 0.0000E+00 1.1856E-07 4.03E-06 6.09E-06   0.356 1.0000 6.8511E-06   1141.098
13511.00 0.68478286 1.5556E-31 0.0000E+00 0.0000E+00 1.1712E-07 1.1712E-07 0.0000E+00 0.0000E+00 1.1712E-07 3.92E-06 6.08E-06   0.379 1.0000 6.8479E-06   1140.974
13521.00 0.66709667 1.5564E-31 0.0000E+00 0.0000E+00 1.1562E-07 1.1562E-07 0.0000E+00 0.0000E+00 1.1562E-07 3.80E-06 6.07E-06   0.405 1.0000 6.8549E-06   1140.804
13531.00 0.67396992 1.4527E-31 0.0000E+00 0.0000E+00 1.1272E-07 1.1272E-07 0.0000E+00 0.0000E+00 1.1272E-07 3.72E-06 5.88E-06   0.395 1.0000 6.6352E-06   1139.806
13541.00 0.65211284 1.4641E-31 0.0000E+00 0.0000E+00 1.1400E-07 1.1400E-07 0.0000E+00 0.0000E+00 1.1400E-07 3.68E-06 6.03E-06   0.428 1.0000 6.8288E-06   1141.256
13551.00 0.67093539 1.3302E-31 0.0000E+00 0.0000E+00 1.1854E-07 1.1854E-07 0.0000E+00 0.0000E+00 1.1854E-07 3.89E-06 6.17E-06   0.399 1.0000 6.9678E-06   1144.564
13561.00 0.65121692 1.3246E-31 0.0000E+00 0.0000E+00 1.1678E-07 1.1678E-07 0.0000E+00 0.0000E+00 1.1678E-07 3.76E-06 6.16E-06   0.429 1.0000 6.9805E-06   1144.258
13571.00 0.62966418 1.3263E-31 0.0000E+00 0.0000E+00 1.1383E-07 1.1383E-07 0.0000E+00 0.0000E+00 1.1383E-07 3.60E-06 6.09E-06   0.463 1.0000 6.9293E-06   1143.234
13581.00 0.62027812 1.2938E-31 0.0000E+00 0.0000E+00 1.1199E-07 1.1199E-07 0.0000E+00 0.0000E+00 1.1199E-07 3.50E-06 6.02E-06   0.478 1.0000 6.8674E-06   1142.840
13591.00 0.64376938 1.1656E-31 0.0000E+00 0.0000E+00 1.1398E-07 1.1398E-07 0.0000E+00 0.0000E+00 1.1398E-07 3.63E-06 6.01E-06   0.440 1.0000 6.8280E-06   1144.716
13601.00 0.63032264 1.1396E-31 0.0000E+00 0.0000E+00 1.1421E-07 1.1421E-07 0.0000E+00 0.0000E+00 1.1421E-07 3.59E-06 6.08E-06   0.462 1.0000 6.9178E-06   1145.544
13611.00 0.63032395 1.0826E-31 0.0000E+00 0.0000E+00 1.1545E-07 1.1545E-07 0.0000E+00 0.0000E+00 1.1545E-07 3.63E-06 6.13E-06   0.462 1.0000 6.9838E-06   1146.961
13621.00 0.66666430 9.4457E-32 0.0000E+00 0.0000E+00 1.1987E-07 1.1987E-07 0.0000E+00 0.0000E+00 1.1987E-07 3.87E-06 6.19E-06   0.405 1.0000 7.0039E-06   1150.185
13631.00 0.60375655 1.0241E-31 0.0000E+00 0.0000E+00 1.1183E-07 1.1183E-07 0.0000E+00 0.0000E+00 1.1183E-07 3.43E-06 6.04E-06   0.505 1.0000 6.9291E-06   1146.211
13641.00 0.61316651 9.6727E-32 0.0000E+00 0.0000E+00 1.1138E-07 1.1138E-07 0.0000E+00 0.0000E+00 1.1138E-07 3.43E-06 5.96E-06   0.489 1.0000 6.8141E-06   1146.638
13651.00 0.62200308 8.9905E-32 0.0000E+00 0.0000E+00 1.1247E-07 1.1247E-07 0.0000E+00 0.0000E+00 1.1247E-07 3.49E-06 5.97E-06   0.475 1.0000 6.8293E-06   1147.983
13661.00 0.52313370 1.0104E-31 0.0000E+00 0.0000E+00 1.0253E-07 1.0253E-07 0.0000E+00 0.0000E+00 1.0253E-07 2.90E-06 5.90E-06   0.648 1.0000 6.9146E-06   1142.496
13671.00 0.50307280 1.0153E-31 0.0000E+00 0.0000E+00 1.0018E-07 1.0018E-07 0.0000E+00 0.0000E+00 1.0018E-07 2.74E-06 5.85E-06   0.687 1.0000 6.8594E-06   1141.647
13681.00 0.52930540 9.1117E-32 0.0000E+00 0.0000E+00 1.0101E-07 1.0101E-07 0.0000E+00 0.0000E+00 1.0101E-07 2.85E-06 5.75E-06   0.636 1.0000 6.7477E-06   1142.885
13691.00 0.47683313 9.3831E-32 0.0000E+00 0.0000E+00 9.7872E-08 9.7872E-08 0.0000E+00 0.0000E+00 9.7872E-08 2.61E-06 5.82E-06   0.741 1.0000 6.9298E-06   1141.486
13701.00 0.54426837 8.1538E-32 0.0000E+00 0.0000E+00 1.0577E-07 1.0577E-07 0.0000E+00 0.0000E+00 1.0577E-07 3.02E-06 5.93E-06   0.608 1.0000 6.8895E-06   1147.333
13711.00 0.43811619 8.8853E-32 0.0000E+00 0.0000E+00 8.8694E-08 8.8694E-08 0.0000E+00 0.0000E+00 8.8694E-08 2.25E-06 5.45E-06   0.825 1.0000 6.5819E-06   1136.380
13721.00 0.56461161 6.9449E-32 0.0000E+00 0.0000E+00 1.0396E-07 1.0396E-07 0.0000E+00 0.0000E+00 1.0396E-07 3.04E-06 5.69E-06   0.572 1.0000 6.6556E-06   1147.563
13731.00 0.51049340 7.3131E-32 0.0000E+00 0.0000E+00 1.0110E-07 1.0110E-07 0.0000E+00 0.0000E+00 1.0110E-07 2.78E-06 5.81E-06   0.672 1.0000 6.8519E-06   1146.395
13741.00 0.40093163 7.8587E-32 0.0000E+00 0.0000E+00 8.7943E-08 8.7943E-08 0.0000E+00 0.0000E+00 8.7943E-08 2.13E-06 5.60E-06   0.914 1.0000 6.8890E-06   1137.880
13751.00 0.53492695 6.3648E-32 0.0000E+00 0.0000E+00 1.0609E-07 1.0609E-07 0.0000E+00 0.0000E+00 1.0609E-07 2.98E-06 5.93E-06   0.626 1.0000 6.9714E-06   1150.992
13761.00 0.46089700 6.6090E-32 0.0000E+00 0.0000E+00 9.5792E-08 9.5792E-08 0.0000E+00 0.0000E+00 9.5792E-08 2.50E-06 5.69E-06   0.775 1.0000 6.9003E-06   1144.881
13771.00 0.49147797 6.2994E-32 0.0000E+00 0.0000E+00 9.9962E-08 9.9962E-08 0.0000E+00 0.0000E+00 9.9962E-08 2.65E-06 5.79E-06   0.710 1.0000 6.8340E-06   1148.399
13781.00 0.46059784 5.8372E-32 0.0000E+00 0.0000E+00 9.5648E-08 9.5648E-08 0.0000E+00 0.0000E+00 9.5648E-08 2.52E-06 5.69E-06   0.775 1.0000 6.9166E-06   1146.157
13791.00 0.48829538 5.5471E-32 0.0000E+00 0.0000E+00 9.9569E-08 9.9569E-08 0.0000E+00 0.0000E+00 9.9569E-08 2.66E-06 5.76E-06   0.717 1.0000 6.8767E-06   1149.514
13801.00 0.46092436 5.2867E-32 0.0000E+00 0.0000E+00 9.5511E-08 9.5511E-08 0.0000E+00 0.0000E+00 9.5511E-08 2.50E-06 5.62E-06   0.775 1.0000 6.8804E-06   1147.437
13811.00 0.48404461 4.8844E-32 0.0000E+00 0.0000E+00 9.8707E-08 9.8707E-08 0.0000E+00 0.0000E+00 9.8707E-08 2.65E-06 5.69E-06   0.726 1.0000 6.8949E-06   1150.312
13821.00 0.42748347 4.9830E-32 0.0000E+00 0.0000E+00 9.2296E-08 9.2296E-08 0.0000E+00 0.0000E+00 9.2296E-08 2.32E-06 5.62E-06   0.850 1.0000 6.9471E-06   1146.544
13831.00 0.56936646 4.0085E-32 0.0000E+00 0.0000E+00 1.0980E-07 1.0980E-07 0.0000E+00 0.0000E+00 1.0980E-07 3.15E-06 5.89E-06   0.563 1.0000 6.8800E-06   1158.828
13841.00 0.59786606 3.6058E-32 0.0000E+00 0.0000E+00 1.0973E-07 1.0973E-07 0.0000E+00 0.0000E+00 1.0973E-07 3.24E-06 5.73E-06   0.514 1.0000 6.6572E-06   1159.482
13851.00 0.59135741 3.5343E-32 0.0000E+00 0.0000E+00 1.1273E-07 1.1273E-07 0.0000E+00 0.0000E+00 1.1273E-07 3.27E-06 5.93E-06   0.525 1.0000 6.8689E-06   1161.996
13861.00 0.59776795 3.3137E-32 0.0000E+00 0.0000E+00 1.1325E-07 1.1325E-07 0.0000E+00 0.0000E+00 1.1325E-07 3.30E-06 5.91E-06   0.515 1.0000 6.8448E-06   1162.999
13871.00 0.48627838 3.6523E-32 0.0000E+00 0.0000E+00 9.5667E-08 9.5667E-08 0.0000E+00 0.0000E+00 9.5667E-08 2.53E-06 5.45E-06   0.721 1.0000 6.6067E-06   1152.355
13881.00 0.39286599 3.8157E-32 0.0000E+00 0.0000E+00 8.6948E-08 8.6948E-08 0.0000E+00 0.0000E+00 8.6948E-08 2.06E-06 5.41E-06   0.934 1.0000 6.8443E-06   1146.715
13891.00 0.41577959 3.6391E-32 0.0000E+00 0.0000E+00 9.0043E-08 9.0043E-08 0.0000E+00 0.0000E+00 9.0043E-08 2.17E-06 5.49E-06   0.878 1.0000 6.7708E-06   1149.708
13901.00 0.40764648 3.4102E-32 0.0000E+00 0.0000E+00 8.6334E-08 8.6334E-08 0.0000E+00 0.0000E+00 8.6334E-08 2.08E-06 5.32E-06   0.897 1.0000 6.6271E-06   1147.615
13911.00 0.37620443 3.2510E-32 0.0000E+00 0.0000E+00 8.1555E-08 8.1555E-08 0.0000E+00 0.0000E+00 8.1555E-08 1.92E-06 5.16E-06   0.978 1.0000 6.5880E-06   1144.560
13921.00 0.46037972 2.9184E-32 0.0000E+00 0.0000E+00 9.4045E-08 9.4045E-08 0.0000E+00 0.0000E+00 9.4045E-08 2.40E-06 5.44E-06   0.776 1.0000 6.6696E-06   1154.649
13931.00 0.42240554 2.9143E-32 0.0000E+00 0.0000E+00 9.1448E-08 9.1448E-08 0.0000E+00 0.0000E+00 9.1448E-08 2.22E-06 5.53E-06   0.862 1.0000 6.7975E-06   1153.473
13941.00 0.42668724 2.8441E-32 0.0000E+00 0.0000E+00 9.4855E-08 9.4855E-08 0.0000E+00 0.0000E+00 9.4855E-08 2.28E-06 5.70E-06   0.852 1.0000 6.9216E-06   1156.593
13951.00 0.52069205 2.4681E-32 0.0000E+00 0.0000E+00 1.0280E-07 1.0280E-07 0.0000E+00 0.0000E+00 1.0280E-07 2.71E-06 5.65E-06   0.653 1.0000 6.6387E-06   1162.672
13961.00 0.62268221 1.9351E-32 0.0000E+00 0.0000E+00 1.1740E-07 1.1740E-07 0.0000E+00 0.0000E+00 1.1740E-07 3.43E-06 5.92E-06   0.474 1.0000 6.8145E-06   1172.378
13971.00 0.64549190 1.7355E-32 0.0000E+00 0.0000E+00 1.2036E-07 1.2036E-07 0.0000E+00 0.0000E+00 1.2036E-07 3.59E-06 5.96E-06   0.438 1.0000 6.8419E-06   1174.777
13981.00 0.63307858 1.7029E-32 0.0000E+00 0.0000E+00 1.1585E-07 1.1585E-07 0.0000E+00 0.0000E+00 1.1585E-07 3.41E-06 5.78E-06   0.457 1.0000 6.6525E-06   1172.849
13991.00 0.65280187 1.5353E-32 0.0000E+00 0.0000E+00 1.1887E-07 1.1887E-07 0.0000E+00 0.0000E+00 1.1887E-07 3.56E-06 5.83E-06   0.426 1.0000 6.6990E-06   1175.305
14001.00 0.66114163 1.4279E-32 0.0000E+00 0.0000E+00 1.2339E-07 1.2339E-07 0.0000E+00 0.0000E+00 1.2339E-07 3.72E-06 6.01E-06   0.414 1.0000 6.8966E-06   1178.568
14011.00 0.66907996 1.3264E-32 0.0000E+00 0.0000E+00 1.2374E-07 1.2374E-07 0.0000E+00 0.0000E+00 1.2374E-07 3.75E-06 5.98E-06   0.402 1.0000 6.8603E-06   1179.456
14021.00 0.65924275 1.3022E-32 0.0000E+00 0.0000E+00 1.2017E-07 1.2017E-07 0.0000E+00 0.0000E+00 1.2017E-07 3.60E-06 5.84E-06   0.417 1.0000 6.7046E-06   1178.132
14031.00 0.67345279 1.1867E-32 0.0000E+00 0.0000E+00 1.2361E-07 1.2361E-07 0.0000E+00 0.0000E+00 1.2361E-07 3.75E-06 5.94E-06   0.395 1.0000 6.8054E-06   1180.773
14041.00 0.67062336 1.1349E-32 0.0000E+00 0.0000E+00 1.2324E-07 1.2324E-07 0.0000E+00 0.0000E+00 1.2324E-07 3.72E-06 5.92E-06   0.400 1.0000 6.7943E-06   1181.258
14051.00 0.67398554 1.0695E-32 0.0000E+00 0.0000E+00 1.2362E-07 1.2362E-07 0.0000E+00 0.0000E+00 1.2362E-07 3.74E-06 5.92E-06   0.395 1.0000 6.7860E-06   1182.167
14061.00 0.66510868 1.0459E-32 0.0000E+00 0.0000E+00 1.2315E-07 1.2315E-07 0.0000E+00 0.0000E+00 1.2315E-07 3.69E-06 5.92E-06   0.408 1.0000 6.8011E-06   1182.598
14071.00 0.66107994 1.0064E-32 0.0000E+00 0.0000E+00 1.2491E-07 1.2491E-07 0.0000E+00 0.0000E+00 1.2491E-07 3.72E-06 6.02E-06   0.414 1.0000 6.9130E-06   1184.274
14081.00 0.65670925 9.7039E-33 0.0000E+00 0.0000E+00 1.2479E-07 1.2479E-07 0.0000E+00 0.0000E+00 1.2479E-07 3.69E-06 6.02E-06   0.421 1.0000 6.9222E-06   1184.897
14091.00 0.66364139 9.0400E-33 0.0000E+00 0.0000E+00 1.2437E-07 1.2437E-07 0.0000E+00 0.0000E+00 1.2437E-07 3.70E-06 5.96E-06   0.410 1.0000 6.8480E-06   1185.360
14101.00 0.65786105 8.7199E-33 0.0000E+00 0.0000E+00 1.2242E-07 1.2242E-07 0.0000E+00 0.0000E+00 1.2242E-07 3.62E-06 5.88E-06   0.419 1.0000 6.7686E-06   1184.958
14111.00 0.66813028 8.0528E-33 0.0000E+00 0.0000E+00 1.2313E-07 1.2313E-07 0.0000E+00 0.0000E+00 1.2313E-07 3.67E-06 5.86E-06   0.403 1.0000 6.7405E-06   1186.051
14121.00 0.64198256 8.2378E-33 0.0000E+00 0.0000E+00 1.2401E-07 1.2401E-07 0.0000E+00 0.0000E+00 1.2401E-07 3.59E-06 6.01E-06   0.443 1.0000 6.9338E-06   1187.240
14131.00 0.64841235 7.7235E-33 0.0000E+00 0.0000E+00 1.2450E-07 1.2450E-07 0.0000E+00 0.0000E+00 1.2450E-07 3.62E-06 5.99E-06   0.433 1.0000 6.9114E-06   1188.203
14141.00 0.65855175 7.1252E-33 0.0000E+00 0.0000E+00 1.2132E-07 1.2132E-07 0.0000E+00 0.0000E+00 1.2132E-07 3.56E-06 5.79E-06   0.418 1.0000 6.6690E-06   1187.104
14151.00 0.63802058 7.1450E-33 0.0000E+00 0.0000E+00 1.2227E-07 1.2227E-07 0.0000E+00 0.0000E+00 1.2227E-07 3.52E-06 5.91E-06   0.449 1.0000 6.8364E-06   1188.340
14161.00 0.63975257 6.7554E-33 0.0000E+00 0.0000E+00 1.2241E-07 1.2241E-07 0.0000E+00 0.0000E+00 1.2241E-07 3.52E-06 5.90E-06   0.447 1.0000 6.8263E-06   1189.111
14171.00 0.62958723 6.5637E-33 0.0000E+00 0.0000E+00 1.2131E-07 1.2131E-07 0.0000E+00 0.0000E+00 1.2131E-07 3.46E-06 5.89E-06   0.463 1.0000 6.8218E-06   1189.174
14181.00 0.62293869 6.3614E-33 0.0000E+00 0.0000E+00 1.2244E-07 1.2244E-07 0.0000E+00 0.0000E+00 1.2244E-07 3.46E-06 5.96E-06   0.473 1.0000 6.9162E-06   1190.510
14191.00 0.65464330 5.5993E-33 0.0000E+00 0.0000E+00 1.2591E-07 1.2591E-07 0.0000E+00 0.0000E+00 1.2591E-07 3.65E-06 5.98E-06   0.424 1.0000 6.9005E-06   1193.149
14201.00 0.60828072 5.8653E-33 0.0000E+00 0.0000E+00 1.1894E-07 1.1894E-07 0.0000E+00 0.0000E+00 1.1894E-07 3.32E-06 5.84E-06   0.497 1.0000 6.8083E-06   1189.887
14211.00 0.66034770 4.9448E-33 0.0000E+00 0.0000E+00 1.2488E-07 1.2488E-07 0.0000E+00 0.0000E+00 1.2488E-07 3.64E-06 5.88E-06   0.415 1.0000 6.7993E-06   1193.965
14221.00 0.62833989 5.0678E-33 0.0000E+00 0.0000E+00 1.2139E-07 1.2139E-07 0.0000E+00 0.0000E+00 1.2139E-07 3.44E-06 5.85E-06   0.465 1.0000 6.7995E-06   1192.684
14231.00 0.58858001 5.2649E-33 0.0000E+00 0.0000E+00 1.1503E-07 1.1503E-07 0.0000E+00 0.0000E+00 1.1503E-07 3.14E-06 5.71E-06   0.530 1.0000 6.6909E-06   1189.644
14241.00 0.61038864 4.8099E-33 0.0000E+00 0.0000E+00 1.1868E-07 1.1868E-07 0.0000E+00 0.0000E+00 1.1868E-07 3.29E-06 5.77E-06   0.494 1.0000 6.7352E-06   1192.497
14251.00 0.59460443 4.7224E-33 0.0000E+00 0.0000E+00 1.1446E-07 1.1446E-07 0.0000E+00 0.0000E+00 1.1446E-07 3.13E-06 5.62E-06   0.520 1.0000 6.5845E-06   1190.682
14261.00 0.61167628 4.3674E-33 0.0000E+00 0.0000E+00 1.1955E-07 1.1955E-07 0.0000E+00 0.0000E+00 1.1955E-07 3.30E-06 5.80E-06   0.492 1.0000 6.7582E-06   1194.388
14271.00 0.57260489 4.4911E-33 0.0000E+00 0.0000E+00 1.1444E-07 1.1444E-07 0.0000E+00 0.0000E+00 1.1444E-07 3.04E-06 5.71E-06   0.558 1.0000 6.7184E-06   1192.049
14281.00 0.61117887 3.9054E-33 0.0000E+00 0.0000E+00 1.1889E-07 1.1889E-07 0.0000E+00 0.0000E+00 1.1889E-07 3.28E-06 5.75E-06   0.492 1.0000 6.7221E-06   1195.385
 -9999.
