T F 2    2    2    0    2    2    2    2    2    2    1    0    0   0.0000.00000
    1    1    1    0    0    0  10.00000   0.00000   0.00000   0.00000   0.00000
 -99.000 -99.000 -99.000
 -99.00000 -99.00000 -99.00000  2.922360  0.000710 ! H2O & O3 COLUMNS [GM/CM2]
   36MID-LATITUDE SUMMER 
  20.00000   3.00000 119.18890  35.00080   0.27464   0.00000    0        0.00000
    0    0  172    0
   0.00000   0.00000   0.00000  70.00331   0.00000 180.00000   0.00000   0.00000
    9091.0   14286.0      10.0      10.0NW              
    0   0    0.000  0    0.000  0    1.000
    FREQ  TOT_TRANS  PTH_THRML  THRML_SCT  SURF_EMIS   SOL_SCAT  SING_SCAT  GRND_RFLT  DRCT_RFLT  TOTAL_RAD  REF_SOL  SOL@OBS   DEPTH DIR_EM    TOA_SUN BBODY_T[K]
 9091.00 0.85154825 1.6370E-22 0.0000E+00 0.0000E+00 2.2416E-08 2.2416E-08 0.0000E+00 0.0000E+00 2.2416E-08 4.92E-06 6.90E-06   0.161 1.0000 6.9214E-06    747.329
 9101.00 0.87458324 1.3569E-22 0.0000E+00 0.0000E+00 2.2374E-08 2.2374E-08 0.0000E+00 0.0000E+00 2.2374E-08 5.00E-06 6.73E-06   0.134 1.0000 6.7529E-06    747.928
 9111.00 0.89685357 1.0589E-22 0.0000E+00 0.0000E+00 2.2991E-08 2.2991E-08 0.0000E+00 0.0000E+00 2.2991E-08 5.30E-06 6.75E-06   0.109 1.0000 6.7702E-06    749.776
 9121.00 0.89525449 1.0048E-22 0.0000E+00 0.0000E+00 2.2979E-08 2.2979E-08 0.0000E+00 0.0000E+00 2.2979E-08 5.27E-06 6.74E-06   0.111 1.0000 6.7570E-06    750.434
 9131.00 0.89076692 1.0043E-22 0.0000E+00 0.0000E+00 2.2808E-08 2.2808E-08 0.0000E+00 0.0000E+00 2.2808E-08 5.19E-06 6.70E-06   0.116 1.0000 6.7175E-06    750.795
 9141.00 0.91580111 7.3508E-23 0.0000E+00 0.0000E+00 2.2452E-08 2.2452E-08 0.0000E+00 0.0000E+00 2.2452E-08 5.24E-06 6.43E-06   0.088 1.0000 6.4440E-06    750.801
 9151.00 0.88842475 8.9563E-23 0.0000E+00 0.0000E+00 2.3409E-08 2.3409E-08 0.0000E+00 0.0000E+00 2.3409E-08 5.31E-06 6.84E-06   0.118 1.0000 6.8615E-06    753.277
 9161.00 0.93415457 4.9120E-23 0.0000E+00 0.0000E+00 2.4728E-08 2.4728E-08 0.0000E+00 0.0000E+00 2.4728E-08 5.90E-06 6.91E-06   0.068 1.0000 6.9345E-06    756.330
 9171.00 0.90552044 6.9052E-23 0.0000E+00 0.0000E+00 2.4347E-08 2.4347E-08 0.0000E+00 0.0000E+00 2.4347E-08 5.60E-06 6.97E-06   0.099 1.0000 6.9883E-06    756.340
 9181.00 0.91983509 5.6398E-23 0.0000E+00 0.0000E+00 2.4314E-08 2.4314E-08 0.0000E+00 0.0000E+00 2.4314E-08 5.65E-06 6.85E-06   0.084 1.0000 6.8738E-06    756.963
 9191.00 0.93329108 4.3698E-23 0.0000E+00 0.0000E+00 2.4616E-08 2.4616E-08 0.0000E+00 0.0000E+00 2.4616E-08 5.80E-06 6.83E-06   0.069 1.0000 6.8531E-06    758.183
 9201.00 0.91437727 5.3416E-23 0.0000E+00 0.0000E+00 2.4017E-08 2.4017E-08 0.0000E+00 0.0000E+00 2.4017E-08 5.53E-06 6.76E-06   0.090 1.0000 6.7792E-06    757.796
 9211.00 0.91559243 5.0104E-23 0.0000E+00 0.0000E+00 2.5002E-08 2.5002E-08 0.0000E+00 0.0000E+00 2.5002E-08 5.75E-06 7.01E-06   0.088 1.0000 7.0277E-06    760.226
 9221.00 0.92708939 4.1458E-23 0.0000E+00 0.0000E+00 2.5100E-08 2.5100E-08 0.0000E+00 0.0000E+00 2.5100E-08 5.82E-06 6.95E-06   0.076 1.0000 6.9689E-06    761.081
 9231.00 0.92430115 4.0817E-23 0.0000E+00 0.0000E+00 2.4489E-08 2.4489E-08 0.0000E+00 0.0000E+00 2.4489E-08 5.65E-06 6.77E-06   0.079 1.0000 6.7955E-06    760.689
 9241.00 0.93534923 3.2363E-23 0.0000E+00 0.0000E+00 2.4761E-08 2.4761E-08 0.0000E+00 0.0000E+00 2.4761E-08 5.77E-06 6.76E-06   0.067 1.0000 6.7842E-06    761.853
 9251.00 0.92599905 3.6000E-23 0.0000E+00 0.0000E+00 2.5053E-08 2.5053E-08 0.0000E+00 0.0000E+00 2.5053E-08 5.76E-06 6.88E-06   0.077 1.0000 6.9007E-06    763.047
 9261.00 0.93037486 3.1858E-23 0.0000E+00 0.0000E+00 2.5559E-08 2.5559E-08 0.0000E+00 0.0000E+00 2.5559E-08 5.89E-06 6.97E-06   0.072 1.0000 6.9947E-06    764.607
 9271.00 0.93821359 2.6271E-23 0.0000E+00 0.0000E+00 2.5361E-08 2.5361E-08 0.0000E+00 0.0000E+00 2.5361E-08 5.88E-06 6.86E-06   0.064 1.0000 6.8762E-06    764.949
 9281.00 0.92475253 3.1598E-23 0.0000E+00 0.0000E+00 2.5692E-08 2.5692E-08 0.0000E+00 0.0000E+00 2.5692E-08 5.84E-06 7.01E-06   0.078 1.0000 7.0330E-06    766.202
 9291.00 0.93846619 2.3314E-23 0.0000E+00 0.0000E+00 2.6002E-08 2.6002E-08 0.0000E+00 0.0000E+00 2.6002E-08 6.00E-06 6.99E-06   0.064 1.0000 7.0135E-06    767.414
 9301.00 0.93167990 2.5021E-23 0.0000E+00 0.0000E+00 2.5355E-08 2.5355E-08 0.0000E+00 0.0000E+00 2.5355E-08 5.79E-06 6.84E-06   0.071 1.0000 6.8637E-06    766.988
 9311.00 0.93411577 2.2551E-23 0.0000E+00 0.0000E+00 2.5915E-08 2.5915E-08 0.0000E+00 0.0000E+00 2.5915E-08 5.92E-06 6.96E-06   0.068 1.0000 6.9849E-06    768.634
 9321.00 0.93255502 2.1804E-23 0.0000E+00 0.0000E+00 2.5554E-08 2.5554E-08 0.0000E+00 0.0000E+00 2.5554E-08 5.80E-06 6.86E-06   0.070 1.0000 6.8861E-06    768.697
 9331.00 0.93210369 2.0568E-23 0.0000E+00 0.0000E+00 2.6049E-08 2.6049E-08 0.0000E+00 0.0000E+00 2.6049E-08 5.90E-06 6.99E-06   0.070 1.0000 7.0103E-06    770.228
 9341.00 0.93066931 1.9674E-23 0.0000E+00 0.0000E+00 2.5942E-08 2.5942E-08 0.0000E+00 0.0000E+00 2.5942E-08 5.85E-06 6.96E-06   0.072 1.0000 6.9794E-06    770.729
 9351.00 0.92686629 1.9691E-23 0.0000E+00 0.0000E+00 2.4873E-08 2.4873E-08 0.0000E+00 0.0000E+00 2.4873E-08 5.57E-06 6.68E-06   0.076 1.0000 6.7060E-06    769.555
 9361.00 0.92586386 1.8320E-23 0.0000E+00 0.0000E+00 2.5625E-08 2.5625E-08 0.0000E+00 0.0000E+00 2.5625E-08 5.72E-06 6.89E-06   0.077 1.0000 6.9146E-06    771.552
 9371.00 0.92456067 1.7740E-23 0.0000E+00 0.0000E+00 2.5997E-08 2.5997E-08 0.0000E+00 0.0000E+00 2.5997E-08 5.78E-06 6.98E-06   0.078 1.0000 7.0062E-06    772.872
 9381.00 0.92481434 1.6680E-23 0.0000E+00 0.0000E+00 2.5943E-08 2.5943E-08 0.0000E+00 0.0000E+00 2.5943E-08 5.76E-06 6.95E-06   0.078 1.0000 6.9727E-06    773.462
 9391.00 0.92427194 1.6086E-23 0.0000E+00 0.0000E+00 2.6453E-08 2.6453E-08 0.0000E+00 0.0000E+00 2.6453E-08 5.85E-06 7.07E-06   0.079 1.0000 7.0927E-06    775.010
 9401.00 0.92599404 1.4970E-23 0.0000E+00 0.0000E+00 2.6389E-08 2.6389E-08 0.0000E+00 0.0000E+00 2.6389E-08 5.83E-06 7.01E-06   0.077 1.0000 7.0394E-06    775.584
 9411.00 0.92669958 1.4276E-23 0.0000E+00 0.0000E+00 2.6442E-08 2.6442E-08 0.0000E+00 0.0000E+00 2.6442E-08 5.83E-06 7.00E-06   0.076 1.0000 7.0221E-06    776.356
 9421.00 0.92820555 1.3326E-23 0.0000E+00 0.0000E+00 2.6506E-08 2.6506E-08 0.0000E+00 0.0000E+00 2.6506E-08 5.83E-06 6.98E-06   0.075 1.0000 7.0055E-06    777.147
 9431.00 0.92894179 1.2595E-23 0.0000E+00 0.0000E+00 2.6467E-08 2.6467E-08 0.0000E+00 0.0000E+00 2.6467E-08 5.81E-06 6.94E-06   0.074 1.0000 6.9676E-06    777.765
 9441.00 0.92973256 1.1912E-23 0.0000E+00 0.0000E+00 2.6498E-08 2.6498E-08 0.0000E+00 0.0000E+00 2.6498E-08 5.81E-06 6.92E-06   0.073 1.0000 6.9484E-06    778.500
 9451.00 0.93104964 1.1204E-23 0.0000E+00 0.0000E+00 2.6724E-08 2.6724E-08 0.0000E+00 0.0000E+00 2.6724E-08 5.85E-06 6.95E-06   0.071 1.0000 6.9764E-06    779.563
 9461.00 0.93259847 1.0501E-23 0.0000E+00 0.0000E+00 2.7280E-08 2.7280E-08 0.0000E+00 0.0000E+00 2.7280E-08 5.97E-06 7.07E-06   0.070 1.0000 7.0891E-06    781.168
 9471.00 0.93396544 9.8708E-24 0.0000E+00 0.0000E+00 2.7405E-08 2.7405E-08 0.0000E+00 0.0000E+00 2.7405E-08 5.99E-06 7.07E-06   0.068 1.0000 7.0904E-06    782.055
 9481.00 0.93513983 9.2841E-24 0.0000E+00 0.0000E+00 2.7492E-08 2.7492E-08 0.0000E+00 0.0000E+00 2.7492E-08 6.01E-06 7.06E-06   0.067 1.0000 7.0848E-06    782.883
 9491.00 0.93601406 8.7539E-24 0.0000E+00 0.0000E+00 2.7364E-08 2.7364E-08 0.0000E+00 0.0000E+00 2.7364E-08 5.97E-06 7.00E-06   0.066 1.0000 7.0271E-06    783.356
 9501.00 0.93655682 8.2872E-24 0.0000E+00 0.0000E+00 2.7600E-08 2.7600E-08 0.0000E+00 0.0000E+00 2.7600E-08 6.01E-06 7.04E-06   0.066 1.0000 7.0663E-06    784.425
 9511.00 0.93720442 7.8491E-24 0.0000E+00 0.0000E+00 2.7716E-08 2.7716E-08 0.0000E+00 0.0000E+00 2.7716E-08 6.03E-06 7.05E-06   0.065 1.0000 7.0729E-06    785.298
 9521.00 0.93752873 7.4323E-24 0.0000E+00 0.0000E+00 2.7771E-08 2.7771E-08 0.0000E+00 0.0000E+00 2.7771E-08 6.03E-06 7.04E-06   0.065 1.0000 7.0689E-06    786.071
 9531.00 0.93768603 7.0617E-24 0.0000E+00 0.0000E+00 2.7896E-08 2.7896E-08 0.0000E+00 0.0000E+00 2.7896E-08 6.05E-06 7.06E-06   0.064 1.0000 7.0837E-06    786.958
 9541.00 0.93866920 6.6831E-24 0.0000E+00 0.0000E+00 2.8014E-08 2.8014E-08 0.0000E+00 0.0000E+00 2.8014E-08 6.06E-06 7.06E-06   0.063 1.0000 7.0847E-06    787.830
 9551.00 0.93885738 6.3543E-24 0.0000E+00 0.0000E+00 2.7822E-08 2.7822E-08 0.0000E+00 0.0000E+00 2.7822E-08 6.01E-06 6.99E-06   0.063 1.0000 7.0183E-06    788.203
 9561.00 0.93899947 6.0413E-24 0.0000E+00 0.0000E+00 2.7594E-08 2.7594E-08 0.0000E+00 0.0000E+00 2.7594E-08 5.95E-06 6.92E-06   0.063 1.0000 6.9440E-06    788.515
 9571.00 0.93907273 5.7532E-24 0.0000E+00 0.0000E+00 2.8176E-08 2.8176E-08 0.0000E+00 0.0000E+00 2.8176E-08 6.06E-06 7.05E-06   0.063 1.0000 7.0733E-06    790.143
 9581.00 0.93919951 5.4687E-24 0.0000E+00 0.0000E+00 2.8284E-08 2.8284E-08 0.0000E+00 0.0000E+00 2.8284E-08 6.07E-06 7.06E-06   0.063 1.0000 7.0833E-06    790.999
 9591.00 0.93914223 5.2159E-24 0.0000E+00 0.0000E+00 2.8157E-08 2.8157E-08 0.0000E+00 0.0000E+00 2.8157E-08 6.03E-06 7.01E-06   0.063 1.0000 7.0362E-06    791.479
 9601.00 0.93900442 4.9800E-24 0.0000E+00 0.0000E+00 2.8474E-08 2.8474E-08 0.0000E+00 0.0000E+00 2.8474E-08 6.08E-06 7.08E-06   0.063 1.0000 7.1006E-06    792.670
 9611.00 0.93903142 4.7360E-24 0.0000E+00 0.0000E+00 2.8368E-08 2.8368E-08 0.0000E+00 0.0000E+00 2.8368E-08 6.05E-06 7.03E-06   0.063 1.0000 7.0589E-06    793.185
 9621.00 0.93895805 4.5142E-24 0.0000E+00 0.0000E+00 2.8409E-08 2.8409E-08 0.0000E+00 0.0000E+00 2.8409E-08 6.04E-06 7.03E-06   0.063 1.0000 7.0542E-06    793.934
 9631.00 0.93894869 4.3024E-24 0.0000E+00 0.0000E+00 2.8454E-08 2.8454E-08 0.0000E+00 0.0000E+00 2.8454E-08 6.04E-06 7.03E-06   0.063 1.0000 7.0494E-06    794.690
 9641.00 0.93868977 4.1032E-24 0.0000E+00 0.0000E+00 2.8319E-08 2.8319E-08 0.0000E+00 0.0000E+00 2.8319E-08 5.99E-06 6.98E-06   0.063 1.0000 7.0036E-06    795.156
 9651.00 0.93875986 3.9168E-24 0.0000E+00 0.0000E+00 2.8821E-08 2.8821E-08 0.0000E+00 0.0000E+00 2.8821E-08 6.08E-06 7.09E-06   0.063 1.0000 7.1097E-06    796.640
 9661.00 0.93898481 3.7152E-24 0.0000E+00 0.0000E+00 2.8552E-08 2.8552E-08 0.0000E+00 0.0000E+00 2.8552E-08 6.02E-06 7.00E-06   0.063 1.0000 7.0258E-06    796.895
 9671.00 0.93869954 3.5575E-24 0.0000E+00 0.0000E+00 2.8614E-08 2.8614E-08 0.0000E+00 0.0000E+00 2.8614E-08 6.01E-06 7.00E-06   0.063 1.0000 7.0276E-06    797.677
 9681.00 0.93864763 3.3905E-24 0.0000E+00 0.0000E+00 2.8595E-08 2.8595E-08 0.0000E+00 0.0000E+00 2.8595E-08 6.00E-06 6.98E-06   0.063 1.0000 7.0080E-06    798.329
 9691.00 0.93827605 3.2497E-24 0.0000E+00 0.0000E+00 2.9055E-08 2.9055E-08 0.0000E+00 0.0000E+00 2.9055E-08 6.08E-06 7.08E-06   0.064 1.0000 7.1079E-06    799.743
 9701.00 0.93799925 3.1131E-24 0.0000E+00 0.0000E+00 2.9069E-08 2.9069E-08 0.0000E+00 0.0000E+00 2.9069E-08 6.06E-06 7.07E-06   0.064 1.0000 7.0980E-06    800.450
 9711.00 0.93800676 2.9608E-24 0.0000E+00 0.0000E+00 2.9069E-08 2.9069E-08 0.0000E+00 0.0000E+00 2.9069E-08 6.05E-06 7.06E-06   0.064 1.0000 7.0827E-06    801.132
 9721.00 0.93675560 2.8910E-24 0.0000E+00 0.0000E+00 2.9121E-08 2.9121E-08 0.0000E+00 0.0000E+00 2.9121E-08 6.04E-06 7.06E-06   0.065 1.0000 7.0883E-06    801.897
 9731.00 0.93539143 2.8239E-24 0.0000E+00 0.0000E+00 2.9309E-08 2.9309E-08 0.0000E+00 0.0000E+00 2.9309E-08 6.05E-06 7.10E-06   0.067 1.0000 7.1280E-06    802.876
 9741.00 0.93685496 2.6103E-24 0.0000E+00 0.0000E+00 2.9358E-08 2.9358E-08 0.0000E+00 0.0000E+00 2.9358E-08 6.06E-06 7.09E-06   0.065 1.0000 7.1148E-06    803.637
 9751.00 0.93657380 2.4973E-24 0.0000E+00 0.0000E+00 2.9458E-08 2.9458E-08 0.0000E+00 0.0000E+00 2.9458E-08 6.06E-06 7.10E-06   0.066 1.0000 7.1256E-06    804.476
 9761.00 0.93513668 2.4381E-24 0.0000E+00 0.0000E+00 2.9425E-08 2.9425E-08 0.0000E+00 0.0000E+00 2.9425E-08 6.03E-06 7.09E-06   0.067 1.0000 7.1121E-06    805.107
 9771.00 0.93220258 2.4568E-24 0.0000E+00 0.0000E+00 2.9454E-08 2.9454E-08 0.0000E+00 0.0000E+00 2.9454E-08 6.00E-06 7.10E-06   0.070 1.0000 7.1242E-06    805.836
 9781.00 0.93586004 2.1786E-24 0.0000E+00 0.0000E+00 2.9291E-08 2.9291E-08 0.0000E+00 0.0000E+00 2.9291E-08 5.99E-06 7.02E-06   0.066 1.0000 7.0450E-06    806.263
 9791.00 0.93585277 2.0755E-24 0.0000E+00 0.0000E+00 2.9328E-08 2.9328E-08 0.0000E+00 0.0000E+00 2.9328E-08 5.98E-06 7.01E-06   0.066 1.0000 7.0386E-06    807.003
 9801.00 0.93589187 1.9697E-24 0.0000E+00 0.0000E+00 2.9461E-08 2.9461E-08 0.0000E+00 0.0000E+00 2.9461E-08 5.99E-06 7.03E-06   0.066 1.0000 7.0554E-06    807.895
 9811.00 0.93251640 1.9971E-24 0.0000E+00 0.0000E+00 2.9107E-08 2.9107E-08 0.0000E+00 0.0000E+00 2.9107E-08 5.88E-06 6.95E-06   0.070 1.0000 6.9787E-06    808.018
 9821.00 0.93667853 1.7558E-24 0.0000E+00 0.0000E+00 2.9640E-08 2.9640E-08 0.0000E+00 0.0000E+00 2.9640E-08 6.01E-06 7.04E-06   0.065 1.0000 7.0623E-06    809.542
 9831.00 0.93515414 1.7222E-24 0.0000E+00 0.0000E+00 2.9720E-08 2.9720E-08 0.0000E+00 0.0000E+00 2.9720E-08 6.00E-06 7.05E-06   0.067 1.0000 7.0767E-06    810.349
 9841.00 0.93583083 1.6147E-24 0.0000E+00 0.0000E+00 2.9714E-08 2.9714E-08 0.0000E+00 0.0000E+00 2.9714E-08 5.99E-06 7.03E-06   0.066 1.0000 7.0554E-06    811.022
 9851.00 0.93418223 1.5856E-24 0.0000E+00 0.0000E+00 2.9712E-08 2.9712E-08 0.0000E+00 0.0000E+00 2.9712E-08 5.97E-06 7.03E-06   0.068 1.0000 7.0514E-06    811.702
 9861.00 0.93514514 1.4829E-24 0.0000E+00 0.0000E+00 3.0023E-08 3.0023E-08 0.0000E+00 0.0000E+00 3.0023E-08 6.02E-06 7.08E-06   0.067 1.0000 7.1034E-06    812.869
 9871.00 0.93525434 1.4056E-24 0.0000E+00 0.0000E+00 3.0120E-08 3.0120E-08 0.0000E+00 0.0000E+00 3.0120E-08 6.03E-06 7.08E-06   0.067 1.0000 7.1106E-06    813.701
 9881.00 0.93263465 1.4042E-24 0.0000E+00 0.0000E+00 3.0114E-08 3.0114E-08 0.0000E+00 0.0000E+00 3.0114E-08 5.99E-06 7.09E-06   0.070 1.0000 7.1125E-06    814.375
 9891.00 0.93453854 1.2901E-24 0.0000E+00 0.0000E+00 3.0244E-08 3.0244E-08 0.0000E+00 0.0000E+00 3.0244E-08 6.02E-06 7.09E-06   0.068 1.0000 7.1147E-06    815.258
 9901.00 0.92868298 1.3601E-24 0.0000E+00 0.0000E+00 3.0198E-08 3.0198E-08 0.0000E+00 0.0000E+00 3.0198E-08 5.95E-06 7.10E-06   0.074 1.0000 7.1297E-06    815.870
 9911.00 0.92808145 1.3095E-24 0.0000E+00 0.0000E+00 3.0159E-08 3.0159E-08 0.0000E+00 0.0000E+00 3.0159E-08 5.92E-06 7.08E-06   0.075 1.0000 7.1100E-06    816.492
 9921.00 0.93181193 1.1687E-24 0.0000E+00 0.0000E+00 3.0364E-08 3.0364E-08 0.0000E+00 0.0000E+00 3.0364E-08 5.98E-06 7.09E-06   0.071 1.0000 7.1166E-06    817.491
 9931.00 0.93395215 1.0684E-24 0.0000E+00 0.0000E+00 3.0312E-08 3.0312E-08 0.0000E+00 0.0000E+00 3.0312E-08 5.98E-06 7.05E-06   0.068 1.0000 7.0750E-06    818.094
 9941.00 0.93280429 1.0381E-24 0.0000E+00 0.0000E+00 2.9337E-08 2.9337E-08 0.0000E+00 0.0000E+00 2.9337E-08 5.77E-06 6.81E-06   0.070 1.0000 6.8405E-06    817.246
 9951.00 0.93276644 9.8967E-25 0.0000E+00 0.0000E+00 2.8780E-08 2.8780E-08 0.0000E+00 0.0000E+00 2.8780E-08 5.64E-06 6.67E-06   0.070 1.0000 6.6965E-06    817.033
 9961.00 0.93143123 9.6404E-25 0.0000E+00 0.0000E+00 3.0198E-08 3.0198E-08 0.0000E+00 0.0000E+00 3.0198E-08 5.90E-06 6.99E-06   0.071 1.0000 7.0208E-06    819.963
 9971.00 0.93161184 9.1283E-25 0.0000E+00 0.0000E+00 3.0563E-08 3.0563E-08 0.0000E+00 0.0000E+00 3.0563E-08 5.96E-06 7.06E-06   0.071 1.0000 7.0893E-06    821.209
 9981.00 0.92398208 9.8851E-25 0.0000E+00 0.0000E+00 3.0651E-08 3.0651E-08 0.0000E+00 0.0000E+00 3.0651E-08 5.90E-06 7.12E-06   0.079 1.0000 7.1451E-06    822.027
 9991.00 0.93331784 8.0160E-25 0.0000E+00 0.0000E+00 3.0954E-08 3.0954E-08 0.0000E+00 0.0000E+00 3.0954E-08 6.02E-06 7.11E-06   0.069 1.0000 7.1388E-06    823.173
10001.00 0.93103993 7.9560E-25 0.0000E+00 0.0000E+00 3.0797E-08 3.0797E-08 0.0000E+00 0.0000E+00 3.0797E-08 5.96E-06 7.08E-06   0.071 1.0000 7.1031E-06    823.614
10011.00 0.93219423 7.4131E-25 0.0000E+00 0.0000E+00 3.0947E-08 3.0947E-08 0.0000E+00 0.0000E+00 3.0947E-08 5.99E-06 7.09E-06   0.070 1.0000 7.1150E-06    824.526
10021.00 0.93245250 7.0037E-25 0.0000E+00 0.0000E+00 3.1087E-08 3.1087E-08 0.0000E+00 0.0000E+00 3.1087E-08 6.00E-06 7.10E-06   0.070 1.0000 7.1310E-06    825.421
10031.00 0.93274027 6.6358E-25 0.0000E+00 0.0000E+00 3.1164E-08 3.1164E-08 0.0000E+00 0.0000E+00 3.1164E-08 6.01E-06 7.10E-06   0.070 1.0000 7.1318E-06    826.220
10041.00 0.93227929 6.3673E-25 0.0000E+00 0.0000E+00 3.1146E-08 3.1146E-08 0.0000E+00 0.0000E+00 3.1146E-08 5.99E-06 7.09E-06   0.070 1.0000 7.1164E-06    826.875
10051.00 0.93283367 5.9836E-25 0.0000E+00 0.0000E+00 3.1235E-08 3.1235E-08 0.0000E+00 0.0000E+00 3.1235E-08 6.00E-06 7.09E-06   0.070 1.0000 7.1191E-06    827.693
10061.00 0.93123758 5.8712E-25 0.0000E+00 0.0000E+00 3.1299E-08 3.1299E-08 0.0000E+00 0.0000E+00 3.1299E-08 5.98E-06 7.10E-06   0.071 1.0000 7.1296E-06    828.472
10071.00 0.92278868 6.4853E-25 0.0000E+00 0.0000E+00 3.1092E-08 3.1092E-08 0.0000E+00 0.0000E+00 3.1092E-08 5.86E-06 7.09E-06   0.080 1.0000 7.1221E-06    828.839
10081.00 0.93001330 5.4334E-25 0.0000E+00 0.0000E+00 3.1273E-08 3.1273E-08 0.0000E+00 0.0000E+00 3.1273E-08 5.94E-06 7.07E-06   0.073 1.0000 7.1031E-06    829.797
10091.00 0.92643094 5.5079E-25 0.0000E+00 0.0000E+00 3.1153E-08 3.1153E-08 0.0000E+00 0.0000E+00 3.1153E-08 5.87E-06 7.05E-06   0.076 1.0000 7.0846E-06    830.296
10101.00 0.91961282 5.9072E-25 0.0000E+00 0.0000E+00 3.0823E-08 3.0823E-08 0.0000E+00 0.0000E+00 3.0823E-08 5.73E-06 7.01E-06   0.084 1.0000 7.0367E-06    830.472
10111.00 0.92883253 4.8028E-25 0.0000E+00 0.0000E+00 3.1079E-08 3.1079E-08 0.0000E+00 0.0000E+00 3.1079E-08 5.85E-06 6.99E-06   0.074 1.0000 7.0192E-06    831.545
10121.00 0.91826236 5.4058E-25 0.0000E+00 0.0000E+00 3.1263E-08 3.1263E-08 0.0000E+00 0.0000E+00 3.1263E-08 5.80E-06 7.08E-06   0.085 1.0000 7.1091E-06    832.508
10131.00 0.91430604 5.4901E-25 0.0000E+00 0.0000E+00 3.1060E-08 3.1060E-08 0.0000E+00 0.0000E+00 3.1060E-08 5.71E-06 7.05E-06   0.090 1.0000 7.0756E-06    832.879
10141.00 0.92233908 4.6137E-25 0.0000E+00 0.0000E+00 3.1369E-08 3.1369E-08 0.0000E+00 0.0000E+00 3.1369E-08 5.81E-06 7.05E-06   0.081 1.0000 7.0813E-06    834.032
10151.00 0.89118415 6.3740E-25 0.0000E+00 0.0000E+00 3.0756E-08 3.0756E-08 0.0000E+00 0.0000E+00 3.0756E-08 5.48E-06 7.08E-06   0.115 1.0000 7.1130E-06    833.773
10161.00 0.90106636 5.5498E-25 0.0000E+00 0.0000E+00 3.0964E-08 3.0964E-08 0.0000E+00 0.0000E+00 3.0964E-08 5.56E-06 7.06E-06   0.104 1.0000 7.0884E-06    834.774
10171.00 0.87802356 6.4543E-25 0.0000E+00 0.0000E+00 3.0452E-08 3.0452E-08 0.0000E+00 0.0000E+00 3.0452E-08 5.33E-06 7.06E-06   0.130 1.0000 7.0885E-06    834.661
10181.00 0.87597930 6.3637E-25 0.0000E+00 0.0000E+00 3.0577E-08 3.0577E-08 0.0000E+00 0.0000E+00 3.0577E-08 5.31E-06 7.10E-06   0.132 1.0000 7.1238E-06    835.536
10191.00 0.89016020 5.2996E-25 0.0000E+00 0.0000E+00 3.1035E-08 3.1035E-08 0.0000E+00 0.0000E+00 3.1035E-08 5.46E-06 7.11E-06   0.116 1.0000 7.1342E-06    836.926
10201.00 0.83940643 7.0569E-25 0.0000E+00 0.0000E+00 2.9553E-08 2.9553E-08 0.0000E+00 0.0000E+00 2.9553E-08 4.93E-06 7.04E-06   0.175 1.0000 7.0727E-06    835.273
10211.00 0.82612580 7.3149E-25 0.0000E+00 0.0000E+00 2.9095E-08 2.9095E-08 0.0000E+00 0.0000E+00 2.9095E-08 4.75E-06 7.01E-06   0.191 1.0000 7.0352E-06    835.211
10221.00 0.83026570 6.6690E-25 0.0000E+00 0.0000E+00 2.9325E-08 2.9325E-08 0.0000E+00 0.0000E+00 2.9325E-08 4.82E-06 7.02E-06   0.186 1.0000 7.0526E-06    836.263
10231.00 0.86398840 5.2358E-25 0.0000E+00 0.0000E+00 3.0388E-08 3.0388E-08 0.0000E+00 0.0000E+00 3.0388E-08 5.17E-06 7.06E-06   0.146 1.0000 7.0865E-06    838.640
10241.00 0.78785658 7.6546E-25 0.0000E+00 0.0000E+00 2.8234E-08 2.8234E-08 0.0000E+00 0.0000E+00 2.8234E-08 4.36E-06 7.00E-06   0.238 1.0000 7.0343E-06    835.819
10251.00 0.80086279 6.5272E-25 0.0000E+00 0.0000E+00 2.8958E-08 2.8958E-08 0.0000E+00 0.0000E+00 2.8958E-08 4.57E-06 7.09E-06   0.222 1.0000 7.1175E-06    837.699
10261.00 0.80002195 6.3247E-25 0.0000E+00 0.0000E+00 2.8463E-08 2.8463E-08 0.0000E+00 0.0000E+00 2.8463E-08 4.45E-06 6.97E-06   0.223 1.0000 7.0004E-06    837.556
10271.00 0.79842538 6.2756E-25 0.0000E+00 0.0000E+00 2.8630E-08 2.8630E-08 0.0000E+00 0.0000E+00 2.8630E-08 4.45E-06 7.00E-06   0.225 1.0000 7.0253E-06    838.512
10281.00 0.83556211 4.8428E-25 0.0000E+00 0.0000E+00 3.0011E-08 3.0011E-08 0.0000E+00 0.0000E+00 3.0011E-08 4.88E-06 7.08E-06   0.180 1.0000 7.1074E-06    841.439
10291.00 0.84779656 4.0881E-25 0.0000E+00 0.0000E+00 3.0473E-08 3.0473E-08 0.0000E+00 0.0000E+00 3.0473E-08 5.06E-06 7.09E-06   0.165 1.0000 7.1198E-06    842.850
10301.00 0.85423046 3.8160E-25 0.0000E+00 0.0000E+00 3.0432E-08 3.0432E-08 0.0000E+00 0.0000E+00 3.0432E-08 5.06E-06 7.03E-06   0.158 1.0000 7.0598E-06    843.464
10311.00 0.84926111 3.9659E-25 0.0000E+00 0.0000E+00 3.0575E-08 3.0575E-08 0.0000E+00 0.0000E+00 3.0575E-08 5.00E-06 7.08E-06   0.163 1.0000 7.1065E-06    844.369
10321.00 0.84291941 3.9255E-25 0.0000E+00 0.0000E+00 3.0338E-08 3.0338E-08 0.0000E+00 0.0000E+00 3.0338E-08 4.90E-06 7.05E-06   0.171 1.0000 7.0834E-06    844.673
10331.00 0.83734584 3.5917E-25 0.0000E+00 0.0000E+00 3.0086E-08 3.0086E-08 0.0000E+00 0.0000E+00 3.0086E-08 4.90E-06 7.01E-06   0.178 1.0000 7.0410E-06    844.951
10341.00 0.73281711 5.6002E-25 0.0000E+00 0.0000E+00 2.7542E-08 2.7542E-08 0.0000E+00 0.0000E+00 2.7542E-08 3.89E-06 7.05E-06   0.311 1.0000 7.0807E-06    841.405
10351.00 0.72103894 5.6952E-25 0.0000E+00 0.0000E+00 2.6712E-08 2.6712E-08 0.0000E+00 0.0000E+00 2.6712E-08 3.66E-06 6.92E-06   0.327 1.0000 6.9482E-06    840.627
10361.00 0.72050107 5.3677E-25 0.0000E+00 0.0000E+00 2.7203E-08 2.7203E-08 0.0000E+00 0.0000E+00 2.7203E-08 3.75E-06 7.01E-06   0.328 1.0000 7.0420E-06    842.166
10371.00 0.67498064 5.6808E-25 0.0000E+00 0.0000E+00 2.6144E-08 2.6144E-08 0.0000E+00 0.0000E+00 2.6144E-08 3.46E-06 6.99E-06   0.393 1.0000 7.0259E-06    840.954
10381.00 0.73586202 4.6990E-25 0.0000E+00 0.0000E+00 2.7720E-08 2.7720E-08 0.0000E+00 0.0000E+00 2.7720E-08 3.89E-06 7.00E-06   0.307 1.0000 7.0297E-06    844.413
10391.00 0.63014638 5.7153E-25 0.0000E+00 0.0000E+00 2.4972E-08 2.4972E-08 0.0000E+00 0.0000E+00 2.4972E-08 3.02E-06 6.98E-06   0.462 1.0000 7.0152E-06    840.132
10401.00 0.70736873 4.5915E-25 0.0000E+00 0.0000E+00 2.7548E-08 2.7548E-08 0.0000E+00 0.0000E+00 2.7548E-08 3.72E-06 7.08E-06   0.346 1.0000 7.1156E-06    845.468
10411.00 0.66590494 4.8322E-25 0.0000E+00 0.0000E+00 2.5904E-08 2.5904E-08 0.0000E+00 0.0000E+00 2.5904E-08 3.26E-06 6.98E-06   0.407 1.0000 7.0090E-06    843.212
10421.00 0.56636655 5.5956E-25 0.0000E+00 0.0000E+00 2.3789E-08 2.3789E-08 0.0000E+00 0.0000E+00 2.3789E-08 2.55E-06 7.08E-06   0.569 1.0000 7.1097E-06    839.858
10431.00 0.62485212 4.6772E-25 0.0000E+00 0.0000E+00 2.5467E-08 2.5467E-08 0.0000E+00 0.0000E+00 2.5467E-08 3.05E-06 7.09E-06   0.470 1.0000 7.1282E-06    843.750
10441.00 0.70106614 3.7164E-25 0.0000E+00 0.0000E+00 2.7106E-08 2.7106E-08 0.0000E+00 0.0000E+00 2.7106E-08 3.60E-06 7.00E-06   0.355 1.0000 7.0319E-06    847.393
10451.00 0.57423621 4.7056E-25 0.0000E+00 0.0000E+00 2.3929E-08 2.3929E-08 0.0000E+00 0.0000E+00 2.3929E-08 2.58E-06 7.01E-06   0.555 1.0000 7.0411E-06    842.146
10461.00 0.57075602 4.5729E-25 0.0000E+00 0.0000E+00 2.3776E-08 2.3776E-08 0.0000E+00 0.0000E+00 2.3776E-08 2.56E-06 6.98E-06   0.561 1.0000 7.0152E-06    842.514
10471.00 0.60121334 4.0525E-25 0.0000E+00 0.0000E+00 2.3316E-08 2.3316E-08 0.0000E+00 0.0000E+00 2.3316E-08 2.63E-06 6.61E-06   0.509 1.0000 6.6482E-06    842.263
10481.00 0.62992090 3.6214E-25 0.0000E+00 0.0000E+00 2.5131E-08 2.5131E-08 0.0000E+00 0.0000E+00 2.5131E-08 2.96E-06 6.89E-06   0.462 1.0000 6.9292E-06    846.479
10491.00 0.58384240 3.7958E-25 0.0000E+00 0.0000E+00 2.4358E-08 2.4358E-08 0.0000E+00 0.0000E+00 2.4358E-08 2.65E-06 7.02E-06   0.538 1.0000 7.0576E-06    845.668
10501.00 0.47447914 4.1539E-25 0.0000E+00 0.0000E+00 2.1551E-08 2.1551E-08 0.0000E+00 0.0000E+00 2.1551E-08 1.85E-06 7.07E-06   0.746 1.0000 7.1082E-06    840.573
10511.00 0.69389075 2.8347E-25 0.0000E+00 0.0000E+00 2.7449E-08 2.7449E-08 0.0000E+00 0.0000E+00 2.7449E-08 3.43E-06 7.05E-06   0.365 1.0000 7.0870E-06    852.715
10521.00 0.50666296 3.5107E-25 0.0000E+00 0.0000E+00 2.2479E-08 2.2479E-08 0.0000E+00 0.0000E+00 2.2479E-08 2.18E-06 7.04E-06   0.680 1.0000 7.0837E-06    843.885
10531.00 0.52714217 3.2431E-25 0.0000E+00 0.0000E+00 2.3288E-08 2.3288E-08 0.0000E+00 0.0000E+00 2.3288E-08 2.34E-06 7.09E-06   0.640 1.0000 7.1337E-06    846.221
10541.00 0.56688970 2.8684E-25 0.0000E+00 0.0000E+00 2.4231E-08 2.4231E-08 0.0000E+00 0.0000E+00 2.4231E-08 2.60E-06 7.08E-06   0.568 1.0000 7.1238E-06    848.772
10551.00 0.52622712 3.0463E-25 0.0000E+00 0.0000E+00 2.3282E-08 2.3282E-08 0.0000E+00 0.0000E+00 2.3282E-08 2.29E-06 7.07E-06   0.642 1.0000 7.1123E-06    847.548
10561.00 0.53822136 2.8880E-25 0.0000E+00 0.0000E+00 2.3490E-08 2.3490E-08 0.0000E+00 0.0000E+00 2.3490E-08 2.33E-06 7.04E-06   0.619 1.0000 7.0759E-06    848.636
10571.00 0.46869245 2.7976E-25 0.0000E+00 0.0000E+00 2.1531E-08 2.1531E-08 0.0000E+00 0.0000E+00 2.1531E-08 1.90E-06 7.02E-06   0.758 1.0000 7.0632E-06    845.196
10581.00 0.57357669 2.4286E-25 0.0000E+00 0.0000E+00 2.4266E-08 2.4266E-08 0.0000E+00 0.0000E+00 2.4266E-08 2.53E-06 6.97E-06   0.556 1.0000 7.0083E-06    851.521
10591.00 0.44391003 2.5451E-25 0.0000E+00 0.0000E+00 2.0411E-08 2.0411E-08 0.0000E+00 0.0000E+00 2.0411E-08 1.72E-06 6.88E-06   0.812 1.0000 6.9242E-06    844.024
10601.00 0.50919312 2.2234E-25 0.0000E+00 0.0000E+00 2.2404E-08 2.2404E-08 0.0000E+00 0.0000E+00 2.2404E-08 2.15E-06 6.96E-06   0.675 1.0000 7.0103E-06    849.070
10611.00 0.57923013 2.0428E-25 0.0000E+00 0.0000E+00 2.4344E-08 2.4344E-08 0.0000E+00 0.0000E+00 2.4344E-08 2.53E-06 6.96E-06   0.546 1.0000 7.0013E-06    853.683
10621.00 0.61398631 1.9460E-25 0.0000E+00 0.0000E+00 2.4178E-08 2.4178E-08 0.0000E+00 0.0000E+00 2.4178E-08 2.57E-06 6.65E-06   0.488 1.0000 6.6904E-06    854.024
10631.00 0.61333835 1.8781E-25 0.0000E+00 0.0000E+00 2.5177E-08 2.5177E-08 0.0000E+00 0.0000E+00 2.5177E-08 2.67E-06 6.89E-06   0.489 1.0000 6.9249E-06    856.633
10641.00 0.70673883 1.4123E-25 0.0000E+00 0.0000E+00 2.8407E-08 2.8407E-08 0.0000E+00 0.0000E+00 2.8407E-08 3.54E-06 7.03E-06   0.347 1.0000 7.0679E-06    863.137
10651.00 0.52536279 1.7421E-25 0.0000E+00 0.0000E+00 2.3446E-08 2.3446E-08 0.0000E+00 0.0000E+00 2.3446E-08 2.30E-06 7.04E-06   0.644 1.0000 7.0860E-06    854.564
10661.00 0.40552604 1.9472E-25 0.0000E+00 0.0000E+00 2.0169E-08 2.0169E-08 0.0000E+00 0.0000E+00 2.0169E-08 1.42E-06 7.06E-06   0.903 1.0000 7.1135E-06    848.112
10671.00 0.39766365 1.9191E-25 0.0000E+00 0.0000E+00 2.0013E-08 2.0013E-08 0.0000E+00 0.0000E+00 2.0013E-08 1.34E-06 7.06E-06   0.922 1.0000 7.1053E-06    848.412
10681.00 0.42012319 1.6870E-25 0.0000E+00 0.0000E+00 2.0390E-08 2.0390E-08 0.0000E+00 0.0000E+00 2.0390E-08 1.51E-06 6.98E-06   0.867 1.0000 7.0271E-06    849.951
10691.00 0.45747879 1.4857E-25 0.0000E+00 0.0000E+00 2.1603E-08 2.1603E-08 0.0000E+00 0.0000E+00 2.1603E-08 1.84E-06 7.00E-06   0.782 1.0000 7.0496E-06    853.344
10701.00 0.31617633 1.6241E-25 0.0000E+00 0.0000E+00 1.8014E-08 1.8014E-08 0.0000E+00 0.0000E+00 1.8014E-08 1.01E-06 7.07E-06   1.151 1.0000 7.1224E-06    845.489
10711.00 0.41037929 1.6261E-25 0.0000E+00 0.0000E+00 2.0934E-08 2.0934E-08 0.0000E+00 0.0000E+00 2.0934E-08 1.41E-06 7.09E-06   0.891 1.0000 7.1299E-06    853.186
10721.00 0.44727769 1.4659E-25 0.0000E+00 0.0000E+00 2.1984E-08 2.1984E-08 0.0000E+00 0.0000E+00 2.1984E-08 1.67E-06 7.07E-06   0.805 1.0000 7.1129E-06    856.169
10731.00 0.47895598 1.2319E-25 0.0000E+00 0.0000E+00 2.2793E-08 2.2793E-08 0.0000E+00 0.0000E+00 2.2793E-08 2.01E-06 7.04E-06   0.736 1.0000 7.0795E-06    858.556
10741.00 0.59964907 1.0583E-25 0.0000E+00 0.0000E+00 2.6467E-08 2.6467E-08 0.0000E+00 0.0000E+00 2.6467E-08 2.82E-06 7.08E-06   0.511 1.0000 7.1186E-06    866.421
10751.00 0.64467561 9.7406E-26 0.0000E+00 0.0000E+00 2.7740E-08 2.7740E-08 0.0000E+00 0.0000E+00 2.7740E-08 3.11E-06 7.05E-06   0.439 1.0000 7.0904E-06    869.382
10761.00 0.71810192 8.0357E-26 0.0000E+00 0.0000E+00 2.9582E-08 2.9582E-08 0.0000E+00 0.0000E+00 2.9582E-08 3.64E-06 7.00E-06   0.331 1.0000 7.0349E-06    873.209
10771.00 0.73054558 7.2226E-26 0.0000E+00 0.0000E+00 3.0264E-08 3.0264E-08 0.0000E+00 0.0000E+00 3.0264E-08 3.78E-06 7.09E-06   0.314 1.0000 7.1304E-06    875.007
10781.00 0.80841446 5.0711E-26 0.0000E+00 0.0000E+00 3.2496E-08 3.2496E-08 0.0000E+00 0.0000E+00 3.2496E-08 4.49E-06 7.11E-06   0.213 1.0000 7.1406E-06    879.215
10791.00 0.85414916 3.6534E-26 0.0000E+00 0.0000E+00 3.3268E-08 3.3268E-08 0.0000E+00 0.0000E+00 3.3268E-08 4.89E-06 6.96E-06   0.158 1.0000 6.9990E-06    881.064
10801.00 0.84910566 3.5519E-26 0.0000E+00 0.0000E+00 3.2306E-08 3.2306E-08 0.0000E+00 0.0000E+00 3.2306E-08 4.72E-06 6.79E-06   0.164 1.0000 6.8221E-06    880.275
10811.00 0.82752067 3.7549E-26 0.0000E+00 0.0000E+00 3.2508E-08 3.2508E-08 0.0000E+00 0.0000E+00 3.2508E-08 4.64E-06 6.95E-06   0.189 1.0000 6.9842E-06    881.264
10821.00 0.82437688 3.7931E-26 0.0000E+00 0.0000E+00 3.2207E-08 3.2207E-08 0.0000E+00 0.0000E+00 3.2207E-08 4.52E-06 6.89E-06   0.193 1.0000 6.9254E-06    881.475
10831.00 0.85083985 3.0206E-26 0.0000E+00 0.0000E+00 3.1767E-08 3.1767E-08 0.0000E+00 0.0000E+00 3.1767E-08 4.63E-06 6.62E-06   0.162 1.0000 6.6572E-06    881.465
10841.00 0.85730666 2.6355E-26 0.0000E+00 0.0000E+00 3.3201E-08 3.3201E-08 0.0000E+00 0.0000E+00 3.3201E-08 4.94E-06 6.85E-06   0.154 1.0000 6.8867E-06    884.349
10851.00 0.83468181 2.9608E-26 0.0000E+00 0.0000E+00 3.2390E-08 3.2390E-08 0.0000E+00 0.0000E+00 3.2390E-08 4.65E-06 6.81E-06   0.181 1.0000 6.8426E-06    883.786
10861.00 0.87497431 2.1629E-26 0.0000E+00 0.0000E+00 3.4315E-08 3.4315E-08 0.0000E+00 0.0000E+00 3.4315E-08 5.14E-06 6.96E-06   0.134 1.0000 6.9906E-06    887.362
10871.00 0.82068956 2.8290E-26 0.0000E+00 0.0000E+00 3.3338E-08 3.3338E-08 0.0000E+00 0.0000E+00 3.3338E-08 4.75E-06 7.06E-06   0.198 1.0000 7.0910E-06    886.586
10881.00 0.83087564 2.5484E-26 0.0000E+00 0.0000E+00 3.3841E-08 3.3841E-08 0.0000E+00 0.0000E+00 3.3841E-08 4.83E-06 7.10E-06   0.185 1.0000 7.1322E-06    888.017
10891.00 0.76182646 3.3023E-26 0.0000E+00 0.0000E+00 3.1625E-08 3.1625E-08 0.0000E+00 0.0000E+00 3.1625E-08 4.13E-06 7.05E-06   0.272 1.0000 7.0869E-06    885.294
10901.00 0.75486672 3.3250E-26 0.0000E+00 0.0000E+00 3.1194E-08 3.1194E-08 0.0000E+00 0.0000E+00 3.1194E-08 3.98E-06 6.99E-06   0.281 1.0000 7.0299E-06    885.282
10911.00 0.81132442 2.4840E-26 0.0000E+00 0.0000E+00 3.3305E-08 3.3305E-08 0.0000E+00 0.0000E+00 3.3305E-08 4.57E-06 7.08E-06   0.209 1.0000 7.1167E-06    889.243
10921.00 0.69765639 3.4690E-26 0.0000E+00 0.0000E+00 3.0142E-08 3.0142E-08 0.0000E+00 0.0000E+00 3.0142E-08 3.61E-06 7.10E-06   0.360 1.0000 7.1418E-06    884.918
10931.00 0.82404447 2.1820E-26 0.0000E+00 0.0000E+00 3.3493E-08 3.3493E-08 0.0000E+00 0.0000E+00 3.3493E-08 4.59E-06 7.02E-06   0.194 1.0000 7.0585E-06    890.880
10941.00 0.72947735 2.7760E-26 0.0000E+00 0.0000E+00 3.1351E-08 3.1351E-08 0.0000E+00 0.0000E+00 3.1351E-08 3.92E-06 7.14E-06   0.315 1.0000 7.1797E-06    888.232
10951.00 0.73305333 2.7577E-26 0.0000E+00 0.0000E+00 3.1670E-08 3.1670E-08 0.0000E+00 0.0000E+00 3.1670E-08 3.91E-06 7.18E-06   0.311 1.0000 7.2169E-06    889.415
10961.00 0.79153538 1.9991E-26 0.0000E+00 0.0000E+00 3.2815E-08 3.2815E-08 0.0000E+00 0.0000E+00 3.2815E-08 4.42E-06 7.01E-06   0.234 1.0000 7.0517E-06    891.877
10971.00 0.81210625 1.8031E-26 0.0000E+00 0.0000E+00 3.3065E-08 3.3065E-08 0.0000E+00 0.0000E+00 3.3065E-08 4.52E-06 6.93E-06   0.208 1.0000 6.9688E-06    892.935
10981.00 0.76133358 2.1020E-26 0.0000E+00 0.0000E+00 3.2195E-08 3.2195E-08 0.0000E+00 0.0000E+00 3.2195E-08 4.15E-06 7.05E-06   0.273 1.0000 7.0849E-06    892.265
10991.00 0.77352387 1.9195E-26 0.0000E+00 0.0000E+00 3.1972E-08 3.1972E-08 0.0000E+00 0.0000E+00 3.1972E-08 4.15E-06 6.92E-06   0.257 1.0000 6.9574E-06    892.590
11001.00 0.76312530 1.8019E-26 0.0000E+00 0.0000E+00 3.1443E-08 3.1443E-08 0.0000E+00 0.0000E+00 3.1443E-08 4.09E-06 6.83E-06   0.270 1.0000 6.8715E-06    892.423
11011.00 0.75720841 1.7629E-26 0.0000E+00 0.0000E+00 3.1948E-08 3.1948E-08 0.0000E+00 0.0000E+00 3.1948E-08 4.13E-06 6.97E-06   0.278 1.0000 7.0129E-06    893.901
11021.00 0.76616669 1.5670E-26 0.0000E+00 0.0000E+00 3.2876E-08 3.2876E-08 0.0000E+00 0.0000E+00 3.2876E-08 4.27E-06 7.12E-06   0.266 1.0000 7.1591E-06    896.023
11031.00 0.81313866 1.3135E-26 0.0000E+00 0.0000E+00 3.3647E-08 3.3647E-08 0.0000E+00 0.0000E+00 3.3647E-08 4.57E-06 6.96E-06   0.207 1.0000 6.9952E-06    897.875
11041.00 0.85625494 9.4363E-27 0.0000E+00 0.0000E+00 3.5856E-08 3.5856E-08 0.0000E+00 0.0000E+00 3.5856E-08 5.13E-06 7.12E-06   0.155 1.0000 7.1647E-06    901.793
11051.00 0.86363852 8.7527E-27 0.0000E+00 0.0000E+00 3.6355E-08 3.6355E-08 0.0000E+00 0.0000E+00 3.6355E-08 5.20E-06 7.17E-06   0.147 1.0000 7.2125E-06    903.179
11061.00 0.87405807 7.7505E-27 0.0000E+00 0.0000E+00 3.6697E-08 3.6697E-08 0.0000E+00 0.0000E+00 3.6697E-08 5.30E-06 7.16E-06   0.135 1.0000 7.1991E-06    904.338
11071.00 0.82196760 9.7351E-27 0.0000E+00 0.0000E+00 3.4781E-08 3.4781E-08 0.0000E+00 0.0000E+00 3.4781E-08 4.75E-06 7.09E-06   0.196 1.0000 7.1309E-06    902.268
11081.00 0.76894003 1.1424E-26 0.0000E+00 0.0000E+00 3.2242E-08 3.2242E-08 0.0000E+00 0.0000E+00 3.2242E-08 4.16E-06 6.89E-06   0.263 1.0000 6.9276E-06    899.085
11091.00 0.77909958 1.0794E-26 0.0000E+00 0.0000E+00 3.1267E-08 3.1267E-08 0.0000E+00 0.0000E+00 3.1267E-08 4.05E-06 6.60E-06   0.250 1.0000 6.6409E-06    898.203
11101.00 0.74759424 1.1873E-26 0.0000E+00 0.0000E+00 3.1828E-08 3.1828E-08 0.0000E+00 0.0000E+00 3.1828E-08 3.95E-06 6.89E-06   0.291 1.0000 6.9341E-06    899.777
11111.00 0.78927523 8.9330E-27 0.0000E+00 0.0000E+00 3.3427E-08 3.3427E-08 0.0000E+00 0.0000E+00 3.3427E-08 4.43E-06 6.94E-06   0.237 1.0000 6.9855E-06    902.943
11121.00 0.67373466 1.3185E-26 0.0000E+00 0.0000E+00 3.0678E-08 3.0678E-08 0.0000E+00 0.0000E+00 3.0678E-08 3.43E-06 7.11E-06   0.395 1.0000 7.1540E-06    899.259
11131.00 0.79405701 8.1949E-27 0.0000E+00 0.0000E+00 3.4492E-08 3.4492E-08 0.0000E+00 0.0000E+00 3.4492E-08 4.55E-06 7.11E-06   0.231 1.0000 7.1521E-06    905.897
11141.00 0.79153103 8.4563E-27 0.0000E+00 0.0000E+00 3.4285E-08 3.4285E-08 0.0000E+00 0.0000E+00 3.4285E-08 4.43E-06 7.06E-06   0.234 1.0000 7.1081E-06    906.264
11151.00 0.78130674 8.3074E-27 0.0000E+00 0.0000E+00 3.4093E-08 3.4093E-08 0.0000E+00 0.0000E+00 3.4093E-08 4.37E-06 7.06E-06   0.247 1.0000 7.1052E-06    906.652
11161.00 0.82802671 6.4010E-27 0.0000E+00 0.0000E+00 3.6220E-08 3.6220E-08 0.0000E+00 0.0000E+00 3.6220E-08 4.88E-06 7.19E-06   0.189 1.0000 7.2334E-06    910.440
11171.00 0.84864354 5.5861E-27 0.0000E+00 0.0000E+00 3.5967E-08 3.5967E-08 0.0000E+00 0.0000E+00 3.5967E-08 4.91E-06 7.00E-06   0.164 1.0000 7.0471E-06    910.755
11181.00 0.88161099 4.1536E-27 0.0000E+00 0.0000E+00 3.7135E-08 3.7135E-08 0.0000E+00 0.0000E+00 3.7135E-08 5.27E-06 7.02E-06   0.126 1.0000 7.0589E-06    913.086
11191.00 0.88547844 3.7657E-27 0.0000E+00 0.0000E+00 3.7712E-08 3.7712E-08 0.0000E+00 0.0000E+00 3.7712E-08 5.37E-06 7.09E-06   0.122 1.0000 7.1368E-06    914.563
11201.00 0.90216732 2.9807E-27 0.0000E+00 0.0000E+00 3.7473E-08 3.7473E-08 0.0000E+00 0.0000E+00 3.7473E-08 5.44E-06 6.94E-06   0.103 1.0000 6.9786E-06    914.911
11211.00 0.90732783 2.6256E-27 0.0000E+00 0.0000E+00 3.8478E-08 3.8478E-08 0.0000E+00 0.0000E+00 3.8478E-08 5.61E-06 7.08E-06   0.097 1.0000 7.1244E-06    916.966
11221.00 0.91447490 2.2622E-27 0.0000E+00 0.0000E+00 3.9018E-08 3.9018E-08 0.0000E+00 0.0000E+00 3.9018E-08 5.74E-06 7.12E-06   0.089 1.0000 7.1611E-06    918.372
11231.00 0.91256779 2.2024E-27 0.0000E+00 0.0000E+00 3.9291E-08 3.9291E-08 0.0000E+00 0.0000E+00 3.9291E-08 5.75E-06 7.17E-06   0.091 1.0000 7.2119E-06    919.415
11241.00 0.91405457 2.0483E-27 0.0000E+00 0.0000E+00 3.9034E-08 3.9034E-08 0.0000E+00 0.0000E+00 3.9034E-08 5.72E-06 7.10E-06   0.090 1.0000 7.1417E-06    919.751
11251.00 0.91491997 1.9173E-27 0.0000E+00 0.0000E+00 3.9245E-08 3.9245E-08 0.0000E+00 0.0000E+00 3.9245E-08 5.75E-06 7.12E-06   0.089 1.0000 7.1598E-06    920.711
11261.00 0.91065449 1.9460E-27 0.0000E+00 0.0000E+00 3.8843E-08 3.8843E-08 0.0000E+00 0.0000E+00 3.8843E-08 5.64E-06 7.06E-06   0.094 1.0000 7.1006E-06    920.851
11271.00 0.91477233 1.7387E-27 0.0000E+00 0.0000E+00 3.8353E-08 3.8353E-08 0.0000E+00 0.0000E+00 3.8353E-08 5.59E-06 6.93E-06   0.089 1.0000 6.9712E-06    920.865
11281.00 0.91209769 1.7202E-27 0.0000E+00 0.0000E+00 3.7056E-08 3.7056E-08 0.0000E+00 0.0000E+00 3.7056E-08 5.37E-06 6.70E-06   0.092 1.0000 6.7401E-06    919.746
11291.00 0.91211277 1.6399E-27 0.0000E+00 0.0000E+00 3.9273E-08 3.9273E-08 0.0000E+00 0.0000E+00 3.9273E-08 5.68E-06 7.08E-06   0.092 1.0000 7.1282E-06    923.463
11301.00 0.91568780 1.4750E-27 0.0000E+00 0.0000E+00 3.9507E-08 3.9507E-08 0.0000E+00 0.0000E+00 3.9507E-08 5.74E-06 7.09E-06   0.088 1.0000 7.1331E-06    924.453
11311.00 0.91518247 1.4125E-27 0.0000E+00 0.0000E+00 3.9028E-08 3.9028E-08 0.0000E+00 0.0000E+00 3.9028E-08 5.65E-06 6.99E-06   0.089 1.0000 7.0365E-06    924.491
11321.00 0.91475672 1.3542E-27 0.0000E+00 0.0000E+00 3.9569E-08 3.9569E-08 0.0000E+00 0.0000E+00 3.9569E-08 5.71E-06 7.08E-06   0.089 1.0000 7.1226E-06    925.893
11331.00 0.91456425 1.2899E-27 0.0000E+00 0.0000E+00 3.8814E-08 3.8814E-08 0.0000E+00 0.0000E+00 3.8814E-08 5.59E-06 6.93E-06   0.089 1.0000 6.9746E-06    925.557
11341.00 0.91451889 1.2279E-27 0.0000E+00 0.0000E+00 3.9543E-08 3.9543E-08 0.0000E+00 0.0000E+00 3.9543E-08 5.68E-06 7.05E-06   0.089 1.0000 7.0920E-06    927.214
11351.00 0.91485244 1.1607E-27 0.0000E+00 0.0000E+00 3.7466E-08 3.7466E-08 0.0000E+00 0.0000E+00 3.7466E-08 5.38E-06 6.66E-06   0.089 1.0000 6.7048E-06    925.057
11361.00 0.91479629 1.1049E-27 0.0000E+00 0.0000E+00 3.9686E-08 3.9686E-08 0.0000E+00 0.0000E+00 3.9686E-08 5.69E-06 7.05E-06   0.089 1.0000 7.0885E-06    928.762
11371.00 0.91542780 1.0394E-27 0.0000E+00 0.0000E+00 3.9257E-08 3.9257E-08 0.0000E+00 0.0000E+00 3.9257E-08 5.62E-06 6.95E-06   0.088 1.0000 6.9944E-06    928.867
11381.00 0.91482043 9.9798E-28 0.0000E+00 0.0000E+00 4.0254E-08 4.0254E-08 0.0000E+00 0.0000E+00 4.0254E-08 5.75E-06 7.12E-06   0.089 1.0000 7.1623E-06    930.869
11391.00 0.91505754 9.4510E-28 0.0000E+00 0.0000E+00 3.9996E-08 3.9996E-08 0.0000E+00 0.0000E+00 3.9996E-08 5.70E-06 7.06E-06   0.089 1.0000 7.1013E-06    931.207
11401.00 0.91499960 8.9904E-28 0.0000E+00 0.0000E+00 4.0173E-08 4.0173E-08 0.0000E+00 0.0000E+00 4.0173E-08 5.71E-06 7.08E-06   0.089 1.0000 7.1195E-06    932.119
11411.00 0.91474164 8.5817E-28 0.0000E+00 0.0000E+00 4.0075E-08 4.0075E-08 0.0000E+00 0.0000E+00 4.0075E-08 5.69E-06 7.05E-06   0.089 1.0000 7.0904E-06    932.667
11421.00 0.91481078 8.1477E-28 0.0000E+00 0.0000E+00 3.8953E-08 3.8953E-08 0.0000E+00 0.0000E+00 3.8953E-08 5.52E-06 6.84E-06   0.089 1.0000 6.8786E-06    931.843
11431.00 0.91464621 7.7647E-28 0.0000E+00 0.0000E+00 3.9649E-08 3.9649E-08 0.0000E+00 0.0000E+00 3.9649E-08 5.60E-06 6.95E-06   0.089 1.0000 6.9893E-06    933.457
11441.00 0.91445029 7.4032E-28 0.0000E+00 0.0000E+00 3.9938E-08 3.9938E-08 0.0000E+00 0.0000E+00 3.9938E-08 5.63E-06 6.99E-06   0.089 1.0000 7.0284E-06    934.520
11451.00 0.91442144 7.0393E-28 0.0000E+00 0.0000E+00 4.0340E-08 4.0340E-08 0.0000E+00 0.0000E+00 4.0340E-08 5.68E-06 7.04E-06   0.089 1.0000 7.0859E-06    935.729
11461.00 0.91429347 6.7033E-28 0.0000E+00 0.0000E+00 4.0866E-08 4.0866E-08 0.0000E+00 0.0000E+00 4.0866E-08 5.74E-06 7.12E-06   0.090 1.0000 7.1660E-06    937.097
11471.00 0.91411662 6.3880E-28 0.0000E+00 0.0000E+00 4.0251E-08 4.0251E-08 0.0000E+00 0.0000E+00 4.0251E-08 5.64E-06 7.00E-06   0.090 1.0000 7.0465E-06    936.967
11481.00 0.91385698 6.0959E-28 0.0000E+00 0.0000E+00 4.0555E-08 4.0555E-08 0.0000E+00 0.0000E+00 4.0555E-08 5.67E-06 7.04E-06   0.090 1.0000 7.0883E-06    938.046
11491.00 0.91376662 5.8017E-28 0.0000E+00 0.0000E+00 4.0585E-08 4.0585E-08 0.0000E+00 0.0000E+00 4.0585E-08 5.66E-06 7.04E-06   0.090 1.0000 7.0811E-06    938.763
11501.00 0.91354382 5.5297E-28 0.0000E+00 0.0000E+00 3.9669E-08 3.9669E-08 0.0000E+00 0.0000E+00 3.9669E-08 5.52E-06 6.87E-06   0.090 1.0000 6.9103E-06    938.224
11511.00 0.91339785 5.2696E-28 0.0000E+00 0.0000E+00 3.9489E-08 3.9489E-08 0.0000E+00 0.0000E+00 3.9489E-08 5.49E-06 6.82E-06   0.091 1.0000 6.8667E-06    938.660
11521.00 0.91321099 5.0243E-28 0.0000E+00 0.0000E+00 3.9701E-08 3.9701E-08 0.0000E+00 0.0000E+00 3.9701E-08 5.50E-06 6.85E-06   0.091 1.0000 6.8922E-06    939.621
11531.00 0.91299230 4.7896E-28 0.0000E+00 0.0000E+00 3.8280E-08 3.8280E-08 0.0000E+00 0.0000E+00 3.8280E-08 5.29E-06 6.59E-06   0.091 1.0000 6.6351E-06    938.360
11541.00 0.91280603 4.5639E-28 0.0000E+00 0.0000E+00 3.0496E-08 3.0496E-08 0.0000E+00 0.0000E+00 3.0496E-08 4.21E-06 5.24E-06   0.091 1.0000 5.2774E-06    927.118
11551.00 0.91257566 4.3531E-28 0.0000E+00 0.0000E+00 3.8839E-08 3.8839E-08 0.0000E+00 0.0000E+00 3.8839E-08 5.35E-06 6.66E-06   0.091 1.0000 6.7102E-06    940.483
11561.00 0.91241282 4.1490E-28 0.0000E+00 0.0000E+00 4.0863E-08 4.0863E-08 0.0000E+00 0.0000E+00 4.0863E-08 5.61E-06 7.00E-06   0.092 1.0000 7.0485E-06    943.871
11571.00 0.91225284 3.9517E-28 0.0000E+00 0.0000E+00 4.1680E-08 4.1680E-08 0.0000E+00 0.0000E+00 4.1680E-08 5.71E-06 7.13E-06   0.092 1.0000 7.1778E-06    945.610
11581.00 0.91191298 3.7718E-28 0.0000E+00 0.0000E+00 4.1469E-08 4.1469E-08 0.0000E+00 0.0000E+00 4.1469E-08 5.67E-06 7.08E-06   0.092 1.0000 7.1315E-06    946.016
11591.00 0.91138679 3.6132E-28 0.0000E+00 0.0000E+00 4.1535E-08 4.1535E-08 0.0000E+00 0.0000E+00 4.1535E-08 5.67E-06 7.08E-06   0.093 1.0000 7.1338E-06    946.779
11601.00 0.91149396 3.4287E-28 0.0000E+00 0.0000E+00 4.0933E-08 4.0933E-08 0.0000E+00 0.0000E+00 4.0933E-08 5.57E-06 6.97E-06   0.093 1.0000 7.0173E-06    946.672
11611.00 0.91098374 3.2856E-28 0.0000E+00 0.0000E+00 4.0928E-08 4.0928E-08 0.0000E+00 0.0000E+00 4.0928E-08 5.56E-06 6.96E-06   0.093 1.0000 7.0074E-06    947.343
11621.00 0.91100371 3.1206E-28 0.0000E+00 0.0000E+00 4.1402E-08 4.1402E-08 0.0000E+00 0.0000E+00 4.1402E-08 5.61E-06 7.02E-06   0.093 1.0000 7.0763E-06    948.639
11631.00 0.91039544 2.9927E-28 0.0000E+00 0.0000E+00 4.1157E-08 4.1157E-08 0.0000E+00 0.0000E+00 4.1157E-08 5.56E-06 6.97E-06   0.094 1.0000 7.0263E-06    948.997
11641.00 0.90979499 2.8701E-28 0.0000E+00 0.0000E+00 4.1140E-08 4.1140E-08 0.0000E+00 0.0000E+00 4.1140E-08 5.54E-06 6.96E-06   0.095 1.0000 7.0154E-06    949.652
11651.00 0.90997690 2.7183E-28 0.0000E+00 0.0000E+00 4.1220E-08 4.1220E-08 0.0000E+00 0.0000E+00 4.1220E-08 5.55E-06 6.96E-06   0.094 1.0000 7.0154E-06    950.433
11661.00 0.90803480 2.6615E-28 0.0000E+00 0.0000E+00 4.1954E-08 4.1954E-08 0.0000E+00 0.0000E+00 4.1954E-08 5.62E-06 7.08E-06   0.096 1.0000 7.1406E-06    952.063
11671.00 0.90923995 2.4828E-28 0.0000E+00 0.0000E+00 4.2141E-08 4.2141E-08 0.0000E+00 0.0000E+00 4.2141E-08 5.64E-06 7.09E-06   0.095 1.0000 7.1519E-06    952.981
11681.00 0.90814960 2.3971E-28 0.0000E+00 0.0000E+00 4.1479E-08 4.1479E-08 0.0000E+00 0.0000E+00 4.1479E-08 5.53E-06 6.98E-06   0.096 1.0000 7.0342E-06    952.802
11691.00 0.90745527 2.3021E-28 0.0000E+00 0.0000E+00 4.0232E-08 4.0232E-08 0.0000E+00 0.0000E+00 4.0232E-08 5.35E-06 6.76E-06   0.097 1.0000 6.8153E-06    951.833
11701.00 0.90666324 2.2119E-28 0.0000E+00 0.0000E+00 3.0175E-08 3.0175E-08 0.0000E+00 0.0000E+00 3.0175E-08 4.00E-06 5.06E-06   0.098 1.0000 5.1054E-06    937.254
11711.00 0.90527397 2.1457E-28 0.0000E+00 0.0000E+00 3.6065E-08 3.6065E-08 0.0000E+00 0.0000E+00 3.6065E-08 4.76E-06 6.05E-06   0.100 1.0000 6.0975E-06    947.325
11721.00 0.90708399 1.9862E-28 0.0000E+00 0.0000E+00 4.1176E-08 4.1176E-08 0.0000E+00 0.0000E+00 4.1176E-08 5.44E-06 6.88E-06   0.098 1.0000 6.9393E-06    955.113
11731.00 0.90513617 1.9405E-28 0.0000E+00 0.0000E+00 4.1831E-08 4.1831E-08 0.0000E+00 0.0000E+00 4.1831E-08 5.50E-06 6.99E-06   0.100 1.0000 7.0489E-06    956.644
11741.00 0.90265715 1.9068E-28 0.0000E+00 0.0000E+00 4.0589E-08 4.0589E-08 0.0000E+00 0.0000E+00 4.0589E-08 5.31E-06 6.79E-06   0.102 1.0000 6.8430E-06    955.688
11751.00 0.90443122 1.7723E-28 0.0000E+00 0.0000E+00 4.2153E-08 4.2153E-08 0.0000E+00 0.0000E+00 4.2153E-08 5.52E-06 7.02E-06   0.100 1.0000 7.0799E-06    958.414
11761.00 0.90597922 1.6510E-28 0.0000E+00 0.0000E+00 3.7467E-08 3.7467E-08 0.0000E+00 0.0000E+00 3.7467E-08 4.91E-06 6.22E-06   0.099 1.0000 6.2711E-06    952.728
11771.00 0.90541923 1.5808E-28 0.0000E+00 0.0000E+00 4.0239E-08 4.0239E-08 0.0000E+00 0.0000E+00 4.0239E-08 5.25E-06 6.67E-06   0.099 1.0000 6.7248E-06    957.247
11781.00 0.90499568 1.5114E-28 0.0000E+00 0.0000E+00 4.2791E-08 4.2791E-08 0.0000E+00 0.0000E+00 4.2791E-08 5.57E-06 7.08E-06   0.100 1.0000 7.1404E-06    961.263
11791.00 0.90439349 1.4508E-28 0.0000E+00 0.0000E+00 4.2830E-08 4.2830E-08 0.0000E+00 0.0000E+00 4.2830E-08 5.56E-06 7.08E-06   0.100 1.0000 7.1364E-06    961.989
11801.00 0.90702742 1.3299E-28 0.0000E+00 0.0000E+00 4.2057E-08 4.2057E-08 0.0000E+00 0.0000E+00 4.2057E-08 5.47E-06 6.92E-06   0.098 1.0000 6.9763E-06    961.674
11811.00 0.90558994 1.2895E-28 0.0000E+00 0.0000E+00 4.2226E-08 4.2226E-08 0.0000E+00 0.0000E+00 4.2226E-08 5.47E-06 6.95E-06   0.099 1.0000 7.0000E-06    962.568
11821.00 0.90470755 1.2426E-28 0.0000E+00 0.0000E+00 4.2963E-08 4.2963E-08 0.0000E+00 0.0000E+00 4.2963E-08 5.55E-06 7.06E-06   0.100 1.0000 7.1140E-06    964.190
11831.00 0.90479213 1.1801E-28 0.0000E+00 0.0000E+00 4.2967E-08 4.2967E-08 0.0000E+00 0.0000E+00 4.2967E-08 5.54E-06 7.05E-06   0.100 1.0000 7.1007E-06    964.871
11841.00 0.90182960 1.1674E-28 0.0000E+00 0.0000E+00 4.2462E-08 4.2462E-08 0.0000E+00 0.0000E+00 4.2462E-08 5.44E-06 6.97E-06   0.103 1.0000 7.0230E-06    964.902
11851.00 0.89792097 1.1668E-28 0.0000E+00 0.0000E+00 4.1889E-08 4.1889E-08 0.0000E+00 0.0000E+00 4.1889E-08 5.32E-06 6.89E-06   0.108 1.0000 6.9407E-06    964.836
11861.00 0.90097064 1.0680E-28 0.0000E+00 0.0000E+00 4.2909E-08 4.2909E-08 0.0000E+00 0.0000E+00 4.2909E-08 5.47E-06 7.02E-06   0.104 1.0000 7.0767E-06    966.828
11871.00 0.90176404 1.0040E-28 0.0000E+00 0.0000E+00 4.2697E-08 4.2697E-08 0.0000E+00 0.0000E+00 4.2697E-08 5.44E-06 6.97E-06   0.103 1.0000 7.0212E-06    967.233
11881.00 0.89547753 1.0354E-28 0.0000E+00 0.0000E+00 4.2915E-08 4.2915E-08 0.0000E+00 0.0000E+00 4.2915E-08 5.40E-06 7.03E-06   0.110 1.0000 7.0855E-06    968.188
11891.00 0.89230615 1.0260E-28 0.0000E+00 0.0000E+00 4.3233E-08 4.3233E-08 0.0000E+00 0.0000E+00 4.3233E-08 5.40E-06 7.09E-06   0.114 1.0000 7.1453E-06    969.270
11901.00 0.89729548 9.1966E-29 0.0000E+00 0.0000E+00 4.3200E-08 4.3200E-08 0.0000E+00 0.0000E+00 4.3200E-08 5.43E-06 7.04E-06   0.108 1.0000 7.0928E-06    969.905
11911.00 0.89675951 8.8037E-29 0.0000E+00 0.0000E+00 4.3056E-08 4.3056E-08 0.0000E+00 0.0000E+00 4.3056E-08 5.40E-06 7.01E-06   0.109 1.0000 7.0600E-06    970.398
11921.00 0.89076716 9.0105E-29 0.0000E+00 0.0000E+00 4.1627E-08 4.1627E-08 0.0000E+00 0.0000E+00 4.1627E-08 5.15E-06 6.80E-06   0.116 1.0000 6.8519E-06    969.223
11931.00 0.89010715 8.6366E-29 0.0000E+00 0.0000E+00 4.3170E-08 4.3170E-08 0.0000E+00 0.0000E+00 4.3170E-08 5.34E-06 7.04E-06   0.116 1.0000 7.0928E-06    971.896
11941.00 0.88507903 8.7164E-29 0.0000E+00 0.0000E+00 4.3353E-08 4.3353E-08 0.0000E+00 0.0000E+00 4.3353E-08 5.31E-06 7.09E-06   0.122 1.0000 7.1401E-06    972.805
11951.00 0.88494790 8.2473E-29 0.0000E+00 0.0000E+00 4.2858E-08 4.2858E-08 0.0000E+00 0.0000E+00 4.2858E-08 5.25E-06 6.99E-06   0.122 1.0000 7.0443E-06    972.849
11961.00 0.87533170 8.6386E-29 0.0000E+00 0.0000E+00 4.2982E-08 4.2982E-08 0.0000E+00 0.0000E+00 4.2982E-08 5.19E-06 7.05E-06   0.133 1.0000 7.1078E-06    973.684
11971.00 0.87897533 7.9632E-29 0.0000E+00 0.0000E+00 4.3071E-08 4.3071E-08 0.0000E+00 0.0000E+00 4.3071E-08 5.21E-06 7.04E-06   0.129 1.0000 7.0906E-06    974.474
11981.00 0.88154161 7.2840E-29 0.0000E+00 0.0000E+00 4.2478E-08 4.2478E-08 0.0000E+00 0.0000E+00 4.2478E-08 5.15E-06 6.91E-06   0.126 1.0000 6.9668E-06    974.384
11991.00 0.85912818 8.4664E-29 0.0000E+00 0.0000E+00 4.1844E-08 4.1844E-08 0.0000E+00 0.0000E+00 4.1844E-08 4.91E-06 6.93E-06   0.152 1.0000 6.9804E-06    974.232
12001.00 0.85848242 8.1270E-29 0.0000E+00 0.0000E+00 4.1314E-08 4.1314E-08 0.0000E+00 0.0000E+00 4.1314E-08 4.83E-06 6.84E-06   0.153 1.0000 6.8879E-06    974.206
12011.00 0.84466475 7.8582E-29 0.0000E+00 0.0000E+00 4.1602E-08 4.1602E-08 0.0000E+00 0.0000E+00 4.1602E-08 4.86E-06 6.94E-06   0.169 1.0000 6.9934E-06    975.263
12021.00 0.82958686 8.4926E-29 0.0000E+00 0.0000E+00 4.1600E-08 4.1600E-08 0.0000E+00 0.0000E+00 4.1600E-08 4.74E-06 7.01E-06   0.187 1.0000 7.0695E-06    975.935
12031.00 0.86163831 6.5863E-29 0.0000E+00 0.0000E+00 4.2035E-08 4.2035E-08 0.0000E+00 0.0000E+00 4.2035E-08 4.94E-06 6.89E-06   0.149 1.0000 6.9475E-06    977.182
12041.00 0.83719784 7.1841E-29 0.0000E+00 0.0000E+00 4.1764E-08 4.1764E-08 0.0000E+00 0.0000E+00 4.1764E-08 4.79E-06 6.97E-06   0.178 1.0000 7.0298E-06    977.500
12051.00 0.83415645 7.0494E-29 0.0000E+00 0.0000E+00 4.1791E-08 4.1791E-08 0.0000E+00 0.0000E+00 4.1791E-08 4.76E-06 6.99E-06   0.181 1.0000 7.0419E-06    978.210
12061.00 0.81461775 7.3591E-29 0.0000E+00 0.0000E+00 4.1558E-08 4.1558E-08 0.0000E+00 0.0000E+00 4.1558E-08 4.62E-06 7.06E-06   0.205 1.0000 7.1140E-06    978.576
12071.00 0.81779850 6.6885E-29 0.0000E+00 0.0000E+00 4.2014E-08 4.2014E-08 0.0000E+00 0.0000E+00 4.2014E-08 4.70E-06 7.10E-06   0.201 1.0000 7.1599E-06    979.853
12081.00 0.79369450 7.3296E-29 0.0000E+00 0.0000E+00 4.0937E-08 4.0937E-08 0.0000E+00 0.0000E+00 4.0937E-08 4.42E-06 7.06E-06   0.231 1.0000 7.1226E-06    979.093
12091.00 0.86698574 4.6097E-29 0.0000E+00 0.0000E+00 4.3793E-08 4.3793E-08 0.0000E+00 0.0000E+00 4.3793E-08 5.13E-06 7.08E-06   0.143 1.0000 7.1353E-06    983.502
12101.00 0.84115517 5.2139E-29 0.0000E+00 0.0000E+00 4.2843E-08 4.2843E-08 0.0000E+00 0.0000E+00 4.2843E-08 4.86E-06 7.07E-06   0.173 1.0000 7.1283E-06    982.958
12111.00 0.83742815 5.0374E-29 0.0000E+00 0.0000E+00 4.2521E-08 4.2521E-08 0.0000E+00 0.0000E+00 4.2521E-08 4.80E-06 7.02E-06   0.177 1.0000 7.0848E-06    983.215
12121.00 0.87193680 3.7801E-29 0.0000E+00 0.0000E+00 4.3488E-08 4.3488E-08 0.0000E+00 0.0000E+00 4.3488E-08 5.09E-06 6.96E-06   0.137 1.0000 7.0243E-06    985.138
12131.00 0.84449238 4.4976E-29 0.0000E+00 0.0000E+00 4.2785E-08 4.2785E-08 0.0000E+00 0.0000E+00 4.2785E-08 4.81E-06 7.00E-06   0.169 1.0000 7.0679E-06    984.907
12141.00 0.77522928 5.8953E-29 0.0000E+00 0.0000E+00 3.9901E-08 3.9901E-08 0.0000E+00 0.0000E+00 3.9901E-08 4.16E-06 6.91E-06   0.255 1.0000 6.9714E-06    981.716
12151.00 0.65573668 7.9777E-29 0.0000E+00 0.0000E+00 3.5974E-08 3.5974E-08 0.0000E+00 0.0000E+00 3.5974E-08 3.21E-06 6.97E-06   0.422 1.0000 7.0361E-06    976.703
12161.00 0.82559752 4.2840E-29 0.0000E+00 0.0000E+00 4.1324E-08 4.1324E-08 0.0000E+00 0.0000E+00 4.1324E-08 4.55E-06 6.84E-06   0.192 1.0000 6.9045E-06    985.000
12171.00 0.85510343 3.3965E-29 0.0000E+00 0.0000E+00 4.2629E-08 4.2629E-08 0.0000E+00 0.0000E+00 4.2629E-08 4.83E-06 6.87E-06   0.157 1.0000 6.9343E-06    987.401
12181.00 0.87711555 2.7385E-29 0.0000E+00 0.0000E+00 4.3708E-08 4.3708E-08 0.0000E+00 0.0000E+00 4.3708E-08 5.08E-06 6.89E-06   0.131 1.0000 6.9604E-06    989.469
12191.00 0.80460137 4.0054E-29 0.0000E+00 0.0000E+00 4.0712E-08 4.0712E-08 0.0000E+00 0.0000E+00 4.0712E-08 4.35E-06 6.83E-06   0.217 1.0000 6.9001E-06    986.191
12201.00 0.79811674 3.7560E-29 0.0000E+00 0.0000E+00 4.0125E-08 4.0125E-08 0.0000E+00 0.0000E+00 4.0125E-08 4.28E-06 6.76E-06   0.226 1.0000 6.8274E-06    986.058
12211.00 0.79745215 3.6532E-29 0.0000E+00 0.0000E+00 4.0955E-08 4.0955E-08 0.0000E+00 0.0000E+00 4.0955E-08 4.34E-06 6.89E-06   0.226 1.0000 6.9594E-06    987.867
12221.00 0.75714892 4.2036E-29 0.0000E+00 0.0000E+00 3.9436E-08 3.9436E-08 0.0000E+00 0.0000E+00 3.9436E-08 3.95E-06 6.87E-06   0.278 1.0000 6.9415E-06    986.442
12231.00 0.79286951 3.4378E-29 0.0000E+00 0.0000E+00 4.1937E-08 4.1937E-08 0.0000E+00 0.0000E+00 4.1937E-08 4.40E-06 7.05E-06   0.232 1.0000 7.1216E-06    990.530
12241.00 0.75741291 3.7866E-29 0.0000E+00 0.0000E+00 4.0552E-08 4.0552E-08 0.0000E+00 0.0000E+00 4.0552E-08 4.07E-06 7.02E-06   0.278 1.0000 7.0928E-06    989.333
12251.00 0.76143777 3.5068E-29 0.0000E+00 0.0000E+00 4.0766E-08 4.0766E-08 0.0000E+00 0.0000E+00 4.0766E-08 4.13E-06 7.01E-06   0.273 1.0000 7.0794E-06    990.298
12261.00 0.78183943 3.2479E-29 0.0000E+00 0.0000E+00 4.1609E-08 4.1609E-08 0.0000E+00 0.0000E+00 4.1609E-08 4.24E-06 7.02E-06   0.246 1.0000 7.0894E-06    992.111
12271.00 0.78752011 3.1630E-29 0.0000E+00 0.0000E+00 4.1911E-08 4.1911E-08 0.0000E+00 0.0000E+00 4.1911E-08 4.25E-06 7.02E-06   0.239 1.0000 7.0956E-06    993.187
12281.00 0.81653523 2.5726E-29 0.0000E+00 0.0000E+00 4.3282E-08 4.3282E-08 0.0000E+00 0.0000E+00 4.3282E-08 4.57E-06 7.05E-06   0.203 1.0000 7.1191E-06    995.663
12291.00 0.80715716 2.6051E-29 0.0000E+00 0.0000E+00 4.3040E-08 4.3040E-08 0.0000E+00 0.0000E+00 4.3040E-08 4.45E-06 7.06E-06   0.214 1.0000 7.1358E-06    996.022
12301.00 0.85931212 1.7964E-29 0.0000E+00 0.0000E+00 4.4883E-08 4.4883E-08 0.0000E+00 0.0000E+00 4.4883E-08 4.95E-06 7.03E-06   0.152 1.0000 7.1019E-06    999.054
12311.00 0.86486566 1.6386E-29 0.0000E+00 0.0000E+00 4.5142E-08 4.5142E-08 0.0000E+00 0.0000E+00 4.5142E-08 4.99E-06 7.03E-06   0.145 1.0000 7.1036E-06   1000.054
12321.00 0.86777240 1.5069E-29 0.0000E+00 0.0000E+00 4.5234E-08 4.5234E-08 0.0000E+00 0.0000E+00 4.5234E-08 5.02E-06 7.01E-06   0.142 1.0000 7.0841E-06   1000.843
12331.00 0.87748820 1.3096E-29 0.0000E+00 0.0000E+00 4.5832E-08 4.5832E-08 0.0000E+00 0.0000E+00 4.5832E-08 5.15E-06 7.03E-06   0.131 1.0000 7.1024E-06   1002.262
12341.00 0.88402921 1.1549E-29 0.0000E+00 0.0000E+00 4.5583E-08 4.5583E-08 0.0000E+00 0.0000E+00 4.5583E-08 5.17E-06 6.94E-06   0.123 1.0000 7.0116E-06   1002.628
12351.00 0.88152361 1.1220E-29 0.0000E+00 0.0000E+00 4.4983E-08 4.4983E-08 0.0000E+00 0.0000E+00 4.4983E-08 5.07E-06 6.86E-06   0.126 1.0000 6.9247E-06   1002.552
12361.00 0.88686097 1.0053E-29 0.0000E+00 0.0000E+00 4.5657E-08 4.5657E-08 0.0000E+00 0.0000E+00 4.5657E-08 5.18E-06 6.91E-06   0.120 1.0000 6.9793E-06   1004.069
12371.00 0.88794398 9.4534E-30 0.0000E+00 0.0000E+00 4.6088E-08 4.6088E-08 0.0000E+00 0.0000E+00 4.6088E-08 5.23E-06 6.96E-06   0.119 1.0000 7.0253E-06   1005.278
12381.00 0.89093822 8.6573E-30 0.0000E+00 0.0000E+00 4.6380E-08 4.6380E-08 0.0000E+00 0.0000E+00 4.6380E-08 5.28E-06 6.97E-06   0.115 1.0000 7.0369E-06   1006.311
12391.00 0.88997102 8.3249E-30 0.0000E+00 0.0000E+00 4.6738E-08 4.6738E-08 0.0000E+00 0.0000E+00 4.6738E-08 5.30E-06 7.02E-06   0.117 1.0000 7.0840E-06   1007.424
12401.00 0.88997436 7.9373E-30 0.0000E+00 0.0000E+00 4.7239E-08 4.7239E-08 0.0000E+00 0.0000E+00 4.7239E-08 5.35E-06 7.08E-06   0.117 1.0000 7.1455E-06   1008.707
12411.00 0.89126694 7.4224E-30 0.0000E+00 0.0000E+00 4.7029E-08 4.7029E-08 0.0000E+00 0.0000E+00 4.7029E-08 5.33E-06 7.03E-06   0.115 1.0000 7.0929E-06   1009.128
12421.00 0.88866609 7.2488E-30 0.0000E+00 0.0000E+00 4.5620E-08 4.5620E-08 0.0000E+00 0.0000E+00 4.5620E-08 5.14E-06 6.82E-06   0.118 1.0000 6.8849E-06   1008.070
12431.00 0.87954015 7.6515E-30 0.0000E+00 0.0000E+00 4.6391E-08 4.6391E-08 0.0000E+00 0.0000E+00 4.6391E-08 5.14E-06 6.98E-06   0.128 1.0000 7.0471E-06   1009.698
12441.00 0.88015527 7.2058E-30 0.0000E+00 0.0000E+00 4.6720E-08 4.6720E-08 0.0000E+00 0.0000E+00 4.6720E-08 5.17E-06 7.01E-06   0.128 1.0000 7.0810E-06   1010.776
12451.00 0.87923104 6.9323E-30 0.0000E+00 0.0000E+00 4.6195E-08 4.6195E-08 0.0000E+00 0.0000E+00 4.6195E-08 5.10E-06 6.93E-06   0.129 1.0000 6.9937E-06   1010.807
12461.00 0.87613940 6.8059E-30 0.0000E+00 0.0000E+00 4.6665E-08 4.6665E-08 0.0000E+00 0.0000E+00 4.6665E-08 5.11E-06 7.01E-06   0.132 1.0000 7.0759E-06   1012.059
12471.00 0.88115776 6.1257E-30 0.0000E+00 0.0000E+00 4.7218E-08 4.7218E-08 0.0000E+00 0.0000E+00 4.7218E-08 5.21E-06 7.04E-06   0.127 1.0000 7.1120E-06   1013.407
12481.00 0.87484527 6.1906E-30 0.0000E+00 0.0000E+00 4.6976E-08 4.6976E-08 0.0000E+00 0.0000E+00 4.6976E-08 5.13E-06 7.04E-06   0.134 1.0000 7.1032E-06   1013.788
12491.00 0.87767088 5.7208E-30 0.0000E+00 0.0000E+00 4.6774E-08 4.6774E-08 0.0000E+00 0.0000E+00 4.6774E-08 5.12E-06 6.97E-06   0.130 1.0000 7.0410E-06   1014.215
12501.00 0.87933922 5.3658E-30 0.0000E+00 0.0000E+00 4.6374E-08 4.6374E-08 0.0000E+00 0.0000E+00 4.6374E-08 5.07E-06 6.89E-06   0.129 1.0000 6.9583E-06   1014.399
12511.00 0.88700634 4.6884E-30 0.0000E+00 0.0000E+00 4.7834E-08 4.7834E-08 0.0000E+00 0.0000E+00 4.7834E-08 5.28E-06 7.05E-06   0.120 1.0000 7.1163E-06   1016.851
12521.00 0.88194156 4.7053E-30 0.0000E+00 0.0000E+00 4.7659E-08 4.7659E-08 0.0000E+00 0.0000E+00 4.7659E-08 5.22E-06 7.04E-06   0.126 1.0000 7.1113E-06   1017.315
12531.00 0.88807410 4.1910E-30 0.0000E+00 0.0000E+00 4.7928E-08 4.7928E-08 0.0000E+00 0.0000E+00 4.7928E-08 5.28E-06 7.03E-06   0.119 1.0000 7.0974E-06   1018.314
12541.00 0.88192368 4.2501E-30 0.0000E+00 0.0000E+00 4.7676E-08 4.7676E-08 0.0000E+00 0.0000E+00 4.7676E-08 5.20E-06 7.02E-06   0.126 1.0000 7.0882E-06   1018.684
12551.00 0.87230361 4.4413E-30 0.0000E+00 0.0000E+00 4.7432E-08 4.7432E-08 0.0000E+00 0.0000E+00 4.7432E-08 5.09E-06 7.03E-06   0.137 1.0000 7.0994E-06   1019.064
12561.00 0.86696655 4.4413E-30 0.0000E+00 0.0000E+00 4.6882E-08 4.6882E-08 0.0000E+00 0.0000E+00 4.6882E-08 4.99E-06 6.97E-06   0.143 1.0000 7.0428E-06   1019.068
12571.00 0.88618994 3.4805E-30 0.0000E+00 0.0000E+00 4.7904E-08 4.7904E-08 0.0000E+00 0.0000E+00 4.7904E-08 5.23E-06 6.99E-06   0.121 1.0000 7.0580E-06   1020.984
12581.00 0.88857383 3.2180E-30 0.0000E+00 0.0000E+00 4.6408E-08 4.6408E-08 0.0000E+00 0.0000E+00 4.6408E-08 5.08E-06 6.74E-06   0.118 1.0000 6.8119E-06   1019.831
12591.00 0.89119250 2.9637E-30 0.0000E+00 0.0000E+00 4.6761E-08 4.6761E-08 0.0000E+00 0.0000E+00 4.6761E-08 5.13E-06 6.77E-06   0.115 1.0000 6.8345E-06   1020.941
12601.00 0.88767636 2.9260E-30 0.0000E+00 0.0000E+00 4.6671E-08 4.6671E-08 0.0000E+00 0.0000E+00 4.6671E-08 5.08E-06 6.76E-06   0.119 1.0000 6.8321E-06   1021.504
12611.00 0.87628245 3.1402E-30 0.0000E+00 0.0000E+00 4.7484E-08 4.7484E-08 0.0000E+00 0.0000E+00 4.7484E-08 5.08E-06 6.94E-06   0.132 1.0000 7.0130E-06   1023.173
12621.00 0.87582439 2.9899E-30 0.0000E+00 0.0000E+00 4.7542E-08 4.7542E-08 0.0000E+00 0.0000E+00 4.7542E-08 5.07E-06 6.94E-06   0.133 1.0000 7.0117E-06   1023.917
12631.00 0.88011467 2.7372E-30 0.0000E+00 0.0000E+00 4.7102E-08 4.7102E-08 0.0000E+00 0.0000E+00 4.7102E-08 5.04E-06 6.84E-06   0.128 1.0000 6.9099E-06   1024.054
12641.00 0.87410641 2.7575E-30 0.0000E+00 0.0000E+00 4.7840E-08 4.7840E-08 0.0000E+00 0.0000E+00 4.7840E-08 5.07E-06 6.97E-06   0.135 1.0000 7.0438E-06   1025.627
12651.00 0.87465680 2.6112E-30 0.0000E+00 0.0000E+00 4.8309E-08 4.8309E-08 0.0000E+00 0.0000E+00 4.8309E-08 5.12E-06 7.02E-06   0.134 1.0000 7.0958E-06   1026.865
12661.00 0.86810625 2.6447E-30 0.0000E+00 0.0000E+00 4.8017E-08 4.8017E-08 0.0000E+00 0.0000E+00 4.8017E-08 5.02E-06 7.01E-06   0.141 1.0000 7.0839E-06   1027.188
12671.00 0.87484783 2.3736E-30 0.0000E+00 0.0000E+00 4.8643E-08 4.8643E-08 0.0000E+00 0.0000E+00 4.8643E-08 5.13E-06 7.04E-06   0.134 1.0000 7.1204E-06   1028.614
12681.00 0.88350046 2.0544E-30 0.0000E+00 0.0000E+00 4.8855E-08 4.8855E-08 0.0000E+00 0.0000E+00 4.8855E-08 5.21E-06 7.01E-06   0.124 1.0000 7.0842E-06   1029.541
12691.00 0.88173711 1.9922E-30 0.0000E+00 0.0000E+00 4.8625E-08 4.8625E-08 0.0000E+00 0.0000E+00 4.8625E-08 5.16E-06 6.97E-06   0.126 1.0000 7.0488E-06   1029.941
12701.00 0.88496739 1.8269E-30 0.0000E+00 0.0000E+00 4.9174E-08 4.9174E-08 0.0000E+00 0.0000E+00 4.9174E-08 5.23E-06 7.02E-06   0.122 1.0000 7.0968E-06   1031.268
12711.00 0.88467568 1.7443E-30 0.0000E+00 0.0000E+00 4.9539E-08 4.9539E-08 0.0000E+00 0.0000E+00 4.9539E-08 5.26E-06 7.06E-06   0.123 1.0000 7.1406E-06   1032.374
12721.00 0.88972843 1.5539E-30 0.0000E+00 0.0000E+00 4.8858E-08 4.8858E-08 0.0000E+00 0.0000E+00 4.8858E-08 5.22E-06 6.92E-06   0.117 1.0000 6.9992E-06   1032.242
12731.00 0.88975102 1.4753E-30 0.0000E+00 0.0000E+00 4.8846E-08 4.8846E-08 0.0000E+00 0.0000E+00 4.8846E-08 5.21E-06 6.91E-06   0.117 1.0000 6.9861E-06   1032.902
12741.00 0.88961500 1.4037E-30 0.0000E+00 0.0000E+00 4.9733E-08 4.9733E-08 0.0000E+00 0.0000E+00 4.9733E-08 5.30E-06 7.02E-06   0.117 1.0000 7.1028E-06   1034.625
12751.00 0.88991857 1.3273E-30 0.0000E+00 0.0000E+00 4.9703E-08 4.9703E-08 0.0000E+00 0.0000E+00 4.9703E-08 5.29E-06 7.00E-06   0.117 1.0000 7.0859E-06   1035.265
12761.00 0.89028078 1.2540E-30 0.0000E+00 0.0000E+00 4.8529E-08 4.8529E-08 0.0000E+00 0.0000E+00 4.8529E-08 5.16E-06 6.82E-06   0.116 1.0000 6.9058E-06   1034.543
12771.00 0.89020729 1.1922E-30 0.0000E+00 0.0000E+00 4.9519E-08 4.9519E-08 0.0000E+00 0.0000E+00 4.9519E-08 5.25E-06 6.95E-06   0.116 1.0000 7.0362E-06   1036.396
12781.00 0.89000571 1.1347E-30 0.0000E+00 0.0000E+00 5.0143E-08 5.0143E-08 0.0000E+00 0.0000E+00 5.0143E-08 5.31E-06 7.03E-06   0.117 1.0000 7.1156E-06   1037.803
12791.00 0.88986081 1.0801E-30 0.0000E+00 0.0000E+00 5.0239E-08 5.0239E-08 0.0000E+00 0.0000E+00 5.0239E-08 5.31E-06 7.03E-06   0.117 1.0000 7.1190E-06   1038.591
12801.00 0.88976228 1.0272E-30 0.0000E+00 0.0000E+00 4.9486E-08 4.9486E-08 0.0000E+00 0.0000E+00 4.9486E-08 5.22E-06 6.91E-06   0.117 1.0000 7.0016E-06   1038.379
12811.00 0.88945550 9.7954E-31 0.0000E+00 0.0000E+00 5.0142E-08 5.0142E-08 0.0000E+00 0.0000E+00 5.0142E-08 5.28E-06 6.99E-06   0.117 1.0000 7.0852E-06   1039.825
12821.00 0.88937712 9.3147E-31 0.0000E+00 0.0000E+00 4.9621E-08 4.9621E-08 0.0000E+00 0.0000E+00 4.9621E-08 5.21E-06 6.91E-06   0.117 1.0000 7.0007E-06   1039.887
12831.00 0.88902909 8.8899E-31 0.0000E+00 0.0000E+00 5.0298E-08 5.0298E-08 0.0000E+00 0.0000E+00 5.0298E-08 5.27E-06 6.99E-06   0.118 1.0000 7.0866E-06   1041.356
12841.00 0.88898903 8.4520E-31 0.0000E+00 0.0000E+00 5.0537E-08 5.0537E-08 0.0000E+00 0.0000E+00 5.0537E-08 5.29E-06 7.02E-06   0.118 1.0000 7.1081E-06   1042.309
12851.00 0.88877350 8.0545E-31 0.0000E+00 0.0000E+00 5.0567E-08 5.0567E-08 0.0000E+00 0.0000E+00 5.0567E-08 5.28E-06 7.01E-06   0.118 1.0000 7.1013E-06   1043.019
12861.00 0.88861394 7.6705E-31 0.0000E+00 0.0000E+00 4.9627E-08 4.9627E-08 0.0000E+00 0.0000E+00 4.9627E-08 5.17E-06 6.87E-06   0.118 1.0000 6.9577E-06   1042.589
12871.00 0.88847697 7.3026E-31 0.0000E+00 0.0000E+00 5.0827E-08 5.0827E-08 0.0000E+00 0.0000E+00 5.0827E-08 5.28E-06 7.02E-06   0.118 1.0000 7.1139E-06   1044.669
12881.00 0.88826168 6.9594E-31 0.0000E+00 0.0000E+00 5.0805E-08 5.0805E-08 0.0000E+00 0.0000E+00 5.0805E-08 5.27E-06 7.01E-06   0.118 1.0000 7.0994E-06   1045.318
12891.00 0.88795418 6.6396E-31 0.0000E+00 0.0000E+00 5.0848E-08 5.0848E-08 0.0000E+00 0.0000E+00 5.0848E-08 5.26E-06 7.00E-06   0.119 1.0000 7.0944E-06   1046.042
12901.00 0.88773322 6.3256E-31 0.0000E+00 0.0000E+00 4.8485E-08 4.8485E-08 0.0000E+00 0.0000E+00 4.8485E-08 5.01E-06 6.67E-06   0.119 1.0000 6.7536E-06   1043.914
12911.00 0.88729632 6.0404E-31 0.0000E+00 0.0000E+00 4.9672E-08 4.9672E-08 0.0000E+00 0.0000E+00 4.9672E-08 5.12E-06 6.82E-06   0.120 1.0000 6.9089E-06   1046.010
12921.00 0.88697642 5.7596E-31 0.0000E+00 0.0000E+00 5.1160E-08 5.1160E-08 0.0000E+00 0.0000E+00 5.1160E-08 5.26E-06 7.02E-06   0.120 1.0000 7.1049E-06   1048.426
12931.00 0.88641715 5.5024E-31 0.0000E+00 0.0000E+00 5.0933E-08 5.0933E-08 0.0000E+00 0.0000E+00 5.0933E-08 5.22E-06 6.98E-06   0.121 1.0000 7.0646E-06   1048.837
12941.00 0.88558185 5.2674E-31 0.0000E+00 0.0000E+00 4.9752E-08 4.9752E-08 0.0000E+00 0.0000E+00 4.9752E-08 5.08E-06 6.81E-06   0.122 1.0000 6.8949E-06   1048.125
12951.00 0.88513017 5.0270E-31 0.0000E+00 0.0000E+00 5.0488E-08 5.0488E-08 0.0000E+00 0.0000E+00 5.0488E-08 5.15E-06 6.90E-06   0.122 1.0000 6.9877E-06   1049.666
12961.00 0.88453895 4.8012E-31 0.0000E+00 0.0000E+00 4.9875E-08 4.9875E-08 0.0000E+00 0.0000E+00 4.9875E-08 5.07E-06 6.81E-06   0.123 1.0000 6.8945E-06   1049.616
12971.00 0.88339835 4.5989E-31 0.0000E+00 0.0000E+00 5.0865E-08 5.0865E-08 0.0000E+00 0.0000E+00 5.0865E-08 5.16E-06 6.94E-06   0.124 1.0000 7.0270E-06   1051.452
12981.00 0.87886494 4.4928E-31 0.0000E+00 0.0000E+00 5.0458E-08 5.0458E-08 0.0000E+00 0.0000E+00 5.0458E-08 5.09E-06 6.91E-06   0.129 1.0000 6.9958E-06   1051.651
12991.00 0.87261623 4.3920E-31 0.0000E+00 0.0000E+00 5.0023E-08 5.0023E-08 0.0000E+00 0.0000E+00 5.0023E-08 5.01E-06 6.87E-06   0.136 1.0000 6.9674E-06   1051.811
13001.00 0.86203587 4.3364E-31 0.0000E+00 0.0000E+00 4.9787E-08 4.9787E-08 0.0000E+00 0.0000E+00 4.9787E-08 4.95E-06 6.89E-06   0.148 1.0000 6.9977E-06   1052.204
13011.00 0.85320979 4.2067E-31 0.0000E+00 0.0000E+00 4.9863E-08 4.9863E-08 0.0000E+00 0.0000E+00 4.9863E-08 4.93E-06 6.94E-06   0.159 1.0000 7.0635E-06   1052.967
13021.00 0.83116180 4.2485E-31 0.0000E+00 0.0000E+00 4.8587E-08 4.8587E-08 0.0000E+00 0.0000E+00 4.8587E-08 4.72E-06 6.90E-06   0.185 1.0000 7.0503E-06   1052.105
13031.00 0.80845696 4.3060E-31 0.0000E+00 0.0000E+00 4.7511E-08 4.7511E-08 0.0000E+00 0.0000E+00 4.7511E-08 4.53E-06 6.91E-06   0.213 1.0000 7.0771E-06   1051.455
13041.00 0.76968294 4.3996E-31 0.0000E+00 0.0000E+00 4.3043E-08 4.3043E-08 0.0000E+00 0.0000E+00 4.3043E-08 4.00E-06 6.52E-06   0.262 1.0000 6.7057E-06   1046.332
13051.00 0.72887236 4.6367E-31 0.0000E+00 0.0000E+00 3.9941E-08 3.9941E-08 0.0000E+00 0.0000E+00 3.9941E-08 3.55E-06 6.42E-06   0.316 1.0000 6.6213E-06   1042.652
13061.00 0.66169816 4.7903E-31 0.0000E+00 0.0000E+00 3.7479E-08 3.7479E-08 0.0000E+00 0.0000E+00 3.7479E-08 3.14E-06 6.62E-06   0.413 1.0000 6.8845E-06   1039.646
13071.00 0.58546895 4.7622E-31 0.0000E+00 0.0000E+00 3.3966E-08 3.3966E-08 0.0000E+00 0.0000E+00 3.3966E-08 2.65E-06 6.73E-06   0.535 1.0000 7.1115E-06   1034.676
13081.00 0.51800638 4.7096E-31 0.0000E+00 0.0000E+00 2.9843E-08 2.9843E-08 0.0000E+00 0.0000E+00 2.9843E-08 2.15E-06 6.67E-06   0.658 1.0000 7.1104E-06   1028.019
13091.00 0.43733254 4.5593E-31 0.0000E+00 0.0000E+00 2.5000E-08 2.5000E-08 0.0000E+00 0.0000E+00 2.5000E-08 1.60E-06 6.58E-06   0.827 1.0000 7.1062E-06   1018.822
13101.00 0.39429629 4.3060E-31 0.0000E+00 0.0000E+00 2.2167E-08 2.2167E-08 0.0000E+00 0.0000E+00 2.2167E-08 1.30E-06 6.50E-06   0.931 1.0000 7.1028E-06   1012.887
13111.00 0.42348731 4.0782E-31 0.0000E+00 0.0000E+00 2.3261E-08 2.3261E-08 0.0000E+00 0.0000E+00 2.3261E-08 1.40E-06 6.45E-06   0.859 1.0000 7.0290E-06   1016.166
13121.00 0.63381404 3.3276E-31 0.0000E+00 0.0000E+00 3.4265E-08 3.4265E-08 0.0000E+00 0.0000E+00 3.4265E-08 2.78E-06 6.46E-06   0.456 1.0000 6.7816E-06   1038.479
13131.00 0.38949844 3.7491E-31 0.0000E+00 0.0000E+00 2.1358E-08 2.1358E-08 0.0000E+00 0.0000E+00 2.1358E-08 1.21E-06 6.41E-06   0.943 1.0000 6.9749E-06   1012.808
13141.00 0.19854419 3.5028E-31 0.0000E+00 0.0000E+00 1.1806E-08 1.1806E-08 0.0000E+00 0.0000E+00 1.1806E-08 2.87E-07 6.19E-06   1.617 1.0000 7.0062E-06    982.243
13151.00 0.19372301 3.3353E-31 0.0000E+00 0.0000E+00 1.2393E-08 1.2393E-08 0.0000E+00 0.0000E+00 1.2393E-08 3.34E-07 6.06E-06   1.641 1.0000 6.9759E-06    985.360
13161.00 0.39642236 3.6327E-31 0.0000E+00 0.0000E+00 2.4712E-08 2.4712E-08 0.0000E+00 0.0000E+00 2.4712E-08 1.49E-06 6.41E-06   0.925 1.0000 7.0394E-06   1022.745
13171.00 0.82497209 2.0181E-31 0.0000E+00 0.0000E+00 4.9309E-08 4.9309E-08 0.0000E+00 0.0000E+00 4.9309E-08 4.65E-06 6.87E-06   0.192 1.0000 7.0248E-06   1063.055
13181.00 0.88146156 1.6324E-31 0.0000E+00 0.0000E+00 5.1356E-08 5.1356E-08 0.0000E+00 0.0000E+00 5.1356E-08 4.99E-06 6.77E-06   0.126 1.0000 6.8540E-06   1066.159
13191.00 0.88245445 1.5428E-31 0.0000E+00 0.0000E+00 5.2739E-08 5.2739E-08 0.0000E+00 0.0000E+00 5.2739E-08 5.13E-06 6.93E-06   0.125 1.0000 7.0170E-06   1068.427
13201.00 0.88233864 1.4681E-31 0.0000E+00 0.0000E+00 5.2529E-08 5.2529E-08 0.0000E+00 0.0000E+00 5.2529E-08 5.10E-06 6.89E-06   0.125 1.0000 6.9786E-06   1068.860
13211.00 0.88217199 1.3973E-31 0.0000E+00 0.0000E+00 5.2596E-08 5.2596E-08 0.0000E+00 0.0000E+00 5.2596E-08 5.09E-06 6.89E-06   0.125 1.0000 6.9776E-06   1069.609
13221.00 0.88192147 1.3312E-31 0.0000E+00 0.0000E+00 5.2500E-08 5.2500E-08 0.0000E+00 0.0000E+00 5.2500E-08 5.07E-06 6.86E-06   0.126 1.0000 6.9558E-06   1070.172
13231.00 0.88165349 1.2685E-31 0.0000E+00 0.0000E+00 5.2284E-08 5.2284E-08 0.0000E+00 0.0000E+00 5.2284E-08 5.04E-06 6.83E-06   0.126 1.0000 6.9184E-06   1070.597
13241.00 0.88141584 1.2081E-31 0.0000E+00 0.0000E+00 5.3224E-08 5.3224E-08 0.0000E+00 0.0000E+00 5.3224E-08 5.12E-06 6.94E-06   0.126 1.0000 7.0339E-06   1072.345
13251.00 0.88119614 1.1504E-31 0.0000E+00 0.0000E+00 5.3446E-08 5.3446E-08 0.0000E+00 0.0000E+00 5.3446E-08 5.13E-06 6.96E-06   0.126 1.0000 7.0541E-06   1073.269
13261.00 0.88086736 1.0968E-31 0.0000E+00 0.0000E+00 5.3672E-08 5.3672E-08 0.0000E+00 0.0000E+00 5.3672E-08 5.14E-06 6.98E-06   0.127 1.0000 7.0756E-06   1074.197
13271.00 0.88067502 1.0439E-31 0.0000E+00 0.0000E+00 5.3185E-08 5.3185E-08 0.0000E+00 0.0000E+00 5.3185E-08 5.08E-06 6.90E-06   0.127 1.0000 7.0026E-06   1074.319
13281.00 0.88040638 9.9440E-32 0.0000E+00 0.0000E+00 5.2781E-08 5.2781E-08 0.0000E+00 0.0000E+00 5.2781E-08 5.04E-06 6.84E-06   0.127 1.0000 6.9412E-06   1074.531
13291.00 0.88012666 9.4739E-32 0.0000E+00 0.0000E+00 5.2655E-08 5.2655E-08 0.0000E+00 0.0000E+00 5.2655E-08 5.01E-06 6.82E-06   0.128 1.0000 6.9165E-06   1075.060
13301.00 0.87978268 9.0328E-32 0.0000E+00 0.0000E+00 5.3422E-08 5.3422E-08 0.0000E+00 0.0000E+00 5.3422E-08 5.07E-06 6.91E-06   0.128 1.0000 7.0096E-06   1076.606
13311.00 0.87958592 8.5973E-32 0.0000E+00 0.0000E+00 5.1858E-08 5.1858E-08 0.0000E+00 0.0000E+00 5.1858E-08 4.92E-06 6.70E-06   0.128 1.0000 6.7959E-06   1075.482
13321.00 0.87913162 8.2082E-32 0.0000E+00 0.0000E+00 5.3508E-08 5.3508E-08 0.0000E+00 0.0000E+00 5.3508E-08 5.06E-06 6.90E-06   0.129 1.0000 7.0050E-06   1078.049
13331.00 0.87894773 7.8116E-32 0.0000E+00 0.0000E+00 5.3082E-08 5.3082E-08 0.0000E+00 0.0000E+00 5.3082E-08 5.01E-06 6.84E-06   0.129 1.0000 6.9407E-06   1078.237
13341.00 0.87872022 7.4384E-32 0.0000E+00 0.0000E+00 5.1937E-08 5.1937E-08 0.0000E+00 0.0000E+00 5.1937E-08 4.89E-06 6.68E-06   0.129 1.0000 6.7825E-06   1077.589
13351.00 0.87853515 7.0787E-32 0.0000E+00 0.0000E+00 5.3598E-08 5.3598E-08 0.0000E+00 0.0000E+00 5.3598E-08 5.04E-06 6.88E-06   0.129 1.0000 6.9903E-06   1080.170
13361.00 0.87829286 6.7433E-32 0.0000E+00 0.0000E+00 5.3352E-08 5.3352E-08 0.0000E+00 0.0000E+00 5.3352E-08 5.00E-06 6.84E-06   0.130 1.0000 6.9490E-06   1080.563
13371.00 0.87790978 6.4359E-32 0.0000E+00 0.0000E+00 5.3370E-08 5.3370E-08 0.0000E+00 0.0000E+00 5.3370E-08 4.99E-06 6.83E-06   0.130 1.0000 6.9428E-06   1081.255
13381.00 0.87762737 6.1335E-32 0.0000E+00 0.0000E+00 5.3752E-08 5.3752E-08 0.0000E+00 0.0000E+00 5.3752E-08 5.02E-06 6.87E-06   0.131 1.0000 6.9829E-06   1082.361
13391.00 0.87739092 5.8438E-32 0.0000E+00 0.0000E+00 5.3849E-08 5.3849E-08 0.0000E+00 0.0000E+00 5.3849E-08 5.02E-06 6.87E-06   0.131 1.0000 6.9856E-06   1083.143
13401.00 0.87711406 5.5727E-32 0.0000E+00 0.0000E+00 5.3507E-08 5.3507E-08 0.0000E+00 0.0000E+00 5.3507E-08 4.97E-06 6.82E-06   0.131 1.0000 6.9311E-06   1083.428
13411.00 0.87654686 5.3324E-32 0.0000E+00 0.0000E+00 5.4083E-08 5.4083E-08 0.0000E+00 0.0000E+00 5.4083E-08 5.01E-06 6.89E-06   0.132 1.0000 6.9973E-06   1084.753
13421.00 0.87665021 5.0599E-32 0.0000E+00 0.0000E+00 5.3011E-08 5.3011E-08 0.0000E+00 0.0000E+00 5.3011E-08 4.91E-06 6.74E-06   0.132 1.0000 6.8463E-06   1084.205
13431.00 0.87590647 4.8537E-32 0.0000E+00 0.0000E+00 5.2391E-08 5.2391E-08 0.0000E+00 0.0000E+00 5.2391E-08 4.84E-06 6.65E-06   0.132 1.0000 6.7587E-06   1084.160
13441.00 0.87555122 4.6326E-32 0.0000E+00 0.0000E+00 5.4170E-08 5.4170E-08 0.0000E+00 0.0000E+00 5.4170E-08 4.99E-06 6.87E-06   0.133 1.0000 6.9782E-06   1086.869
13451.00 0.87588179 4.3831E-32 0.0000E+00 0.0000E+00 5.4298E-08 5.4298E-08 0.0000E+00 0.0000E+00 5.4298E-08 4.99E-06 6.87E-06   0.133 1.0000 6.9805E-06   1087.685
13461.00 0.87346935 4.2890E-32 0.0000E+00 0.0000E+00 5.3766E-08 5.3766E-08 0.0000E+00 0.0000E+00 5.3766E-08 4.92E-06 6.81E-06   0.135 1.0000 6.9145E-06   1087.755
13471.00 0.87292629 4.1047E-32 0.0000E+00 0.0000E+00 5.1934E-08 5.1934E-08 0.0000E+00 0.0000E+00 5.1934E-08 4.73E-06 6.57E-06   0.136 1.0000 6.6706E-06   1086.312
13481.00 0.87259841 3.9125E-32 0.0000E+00 0.0000E+00 5.2050E-08 5.2050E-08 0.0000E+00 0.0000E+00 5.2050E-08 4.73E-06 6.57E-06   0.136 1.0000 6.6756E-06   1087.118
13491.00 0.86968946 3.8438E-32 0.0000E+00 0.0000E+00 5.1875E-08 5.1875E-08 0.0000E+00 0.0000E+00 5.1875E-08 4.69E-06 6.55E-06   0.140 1.0000 6.6588E-06   1087.585
13501.00 0.87201458 3.5594E-32 0.0000E+00 0.0000E+00 5.3575E-08 5.3575E-08 0.0000E+00 0.0000E+00 5.3575E-08 4.85E-06 6.74E-06   0.137 1.0000 6.8511E-06   1090.224
13511.00 0.86787993 3.5355E-32 0.0000E+00 0.0000E+00 5.3439E-08 5.3439E-08 0.0000E+00 0.0000E+00 5.3439E-08 4.80E-06 6.74E-06   0.142 1.0000 6.8479E-06   1090.740
13521.00 0.86276704 3.5422E-32 0.0000E+00 0.0000E+00 5.3336E-08 5.3336E-08 0.0000E+00 0.0000E+00 5.3336E-08 4.74E-06 6.75E-06   0.148 1.0000 6.8549E-06   1091.294
13531.00 0.86435229 3.3177E-32 0.0000E+00 0.0000E+00 5.1789E-08 5.1789E-08 0.0000E+00 0.0000E+00 5.1789E-08 4.61E-06 6.53E-06   0.146 1.0000 6.6352E-06   1090.165
13541.00 0.85797358 3.3479E-32 0.0000E+00 0.0000E+00 5.3095E-08 5.3095E-08 0.0000E+00 0.0000E+00 5.3095E-08 4.67E-06 6.72E-06   0.153 1.0000 6.8288E-06   1092.358
13551.00 0.86405903 3.0031E-32 0.0000E+00 0.0000E+00 5.4555E-08 5.4555E-08 0.0000E+00 0.0000E+00 5.4555E-08 4.83E-06 6.86E-06   0.146 1.0000 6.9678E-06   1094.695
13561.00 0.85730630 3.0313E-32 0.0000E+00 0.0000E+00 5.4415E-08 5.4415E-08 0.0000E+00 0.0000E+00 5.4415E-08 4.76E-06 6.87E-06   0.154 1.0000 6.9805E-06   1095.208
13571.00 0.84994859 3.0880E-32 0.0000E+00 0.0000E+00 5.3768E-08 5.3768E-08 0.0000E+00 0.0000E+00 5.3768E-08 4.64E-06 6.82E-06   0.163 1.0000 6.9293E-06   1095.145
13581.00 0.84723669 2.9905E-32 0.0000E+00 0.0000E+00 5.3227E-08 5.3227E-08 0.0000E+00 0.0000E+00 5.3227E-08 4.57E-06 6.76E-06   0.166 1.0000 6.8674E-06   1095.194
13591.00 0.85494530 2.6610E-32 0.0000E+00 0.0000E+00 5.3370E-08 5.3370E-08 0.0000E+00 0.0000E+00 5.3370E-08 4.63E-06 6.72E-06   0.157 1.0000 6.8280E-06   1096.030
13601.00 0.85038000 2.6550E-32 0.0000E+00 0.0000E+00 5.3975E-08 5.3975E-08 0.0000E+00 0.0000E+00 5.3975E-08 4.64E-06 6.81E-06   0.162 1.0000 6.9178E-06   1097.394
13611.00 0.84956574 2.5297E-32 0.0000E+00 0.0000E+00 5.4530E-08 5.4530E-08 0.0000E+00 0.0000E+00 5.4530E-08 4.67E-06 6.87E-06   0.163 1.0000 6.9838E-06   1098.696
13621.00 0.86152649 2.1500E-32 0.0000E+00 0.0000E+00 5.5344E-08 5.5344E-08 0.0000E+00 0.0000E+00 5.5344E-08 4.82E-06 6.89E-06   0.149 1.0000 7.0039E-06   1100.281
13631.00 0.83709711 2.5156E-32 0.0000E+00 0.0000E+00 5.3747E-08 5.3747E-08 0.0000E+00 0.0000E+00 5.3747E-08 4.52E-06 6.82E-06   0.178 1.0000 6.9291E-06   1099.146
13641.00 0.84384567 2.2864E-32 0.0000E+00 0.0000E+00 5.3224E-08 5.3224E-08 0.0000E+00 0.0000E+00 5.3224E-08 4.50E-06 6.70E-06   0.170 1.0000 6.8141E-06   1099.214
13651.00 0.84552950 2.1197E-32 0.0000E+00 0.0000E+00 5.3457E-08 5.3457E-08 0.0000E+00 0.0000E+00 5.3457E-08 4.53E-06 6.72E-06   0.168 1.0000 6.8293E-06   1100.154
13661.00 0.80290651 2.6747E-32 0.0000E+00 0.0000E+00 5.2280E-08 5.2280E-08 0.0000E+00 0.0000E+00 5.2280E-08 4.16E-06 6.80E-06   0.220 1.0000 6.9146E-06   1099.454
13671.00 0.80131292 2.5879E-32 0.0000E+00 0.0000E+00 5.1813E-08 5.1813E-08 0.0000E+00 0.0000E+00 5.1813E-08 4.08E-06 6.75E-06   0.222 1.0000 6.8594E-06   1099.572
13681.00 0.80461127 2.3644E-32 0.0000E+00 0.0000E+00 5.1259E-08 5.1259E-08 0.0000E+00 0.0000E+00 5.1259E-08 4.08E-06 6.64E-06   0.217 1.0000 6.7477E-06   1099.580
13691.00 0.78196138 2.5462E-32 0.0000E+00 0.0000E+00 5.1707E-08 5.1707E-08 0.0000E+00 0.0000E+00 5.1707E-08 3.97E-06 6.81E-06   0.246 1.0000 6.9298E-06   1100.785
13701.00 0.81679189 2.0270E-32 0.0000E+00 0.0000E+00 5.3025E-08 5.3025E-08 0.0000E+00 0.0000E+00 5.3025E-08 4.26E-06 6.77E-06   0.202 1.0000 6.8895E-06   1103.004
13711.00 0.76093096 2.4883E-32 0.0000E+00 0.0000E+00 4.8355E-08 4.8355E-08 0.0000E+00 0.0000E+00 4.8355E-08 3.60E-06 6.47E-06   0.273 1.0000 6.5819E-06   1098.011
13721.00 0.81418115 1.7797E-32 0.0000E+00 0.0000E+00 5.1330E-08 5.1330E-08 0.0000E+00 0.0000E+00 5.1330E-08 4.15E-06 6.54E-06   0.206 1.0000 6.6556E-06   1102.341
13731.00 0.80012727 1.8711E-32 0.0000E+00 0.0000E+00 5.2111E-08 5.2111E-08 0.0000E+00 0.0000E+00 5.2111E-08 4.06E-06 6.73E-06   0.223 1.0000 6.8519E-06   1103.940
13741.00 0.73935878 2.3115E-32 0.0000E+00 0.0000E+00 4.9766E-08 4.9766E-08 0.0000E+00 0.0000E+00 4.9766E-08 3.56E-06 6.77E-06   0.302 1.0000 6.8890E-06   1101.775
13751.00 0.80629849 1.6049E-32 0.0000E+00 0.0000E+00 5.3575E-08 5.3575E-08 0.0000E+00 0.0000E+00 5.3575E-08 4.24E-06 6.85E-06   0.215 1.0000 6.9714E-06   1106.992
13761.00 0.76508403 1.8335E-32 0.0000E+00 0.0000E+00 5.1244E-08 5.1244E-08 0.0000E+00 0.0000E+00 5.1244E-08 3.84E-06 6.78E-06   0.268 1.0000 6.9003E-06   1104.912
13771.00 0.79626852 1.6050E-32 0.0000E+00 0.0000E+00 5.2178E-08 5.2178E-08 0.0000E+00 0.0000E+00 5.2178E-08 4.00E-06 6.71E-06   0.228 1.0000 6.8340E-06   1106.696
13781.00 0.75881070 1.7188E-32 0.0000E+00 0.0000E+00 5.1274E-08 5.1274E-08 0.0000E+00 0.0000E+00 5.1274E-08 3.80E-06 6.79E-06   0.276 1.0000 6.9166E-06   1106.286
13791.00 0.78362668 1.5009E-32 0.0000E+00 0.0000E+00 5.2128E-08 5.2128E-08 0.0000E+00 0.0000E+00 5.2128E-08 3.96E-06 6.75E-06   0.244 1.0000 6.8767E-06   1107.975
13801.00 0.75379342 1.5267E-32 0.0000E+00 0.0000E+00 5.1033E-08 5.1033E-08 0.0000E+00 0.0000E+00 5.1033E-08 3.79E-06 6.76E-06   0.283 1.0000 6.8804E-06   1107.332
13811.00 0.76897562 1.3721E-32 0.0000E+00 0.0000E+00 5.1807E-08 5.1807E-08 0.0000E+00 0.0000E+00 5.1807E-08 3.90E-06 6.77E-06   0.263 1.0000 6.8949E-06   1108.930
13821.00 0.74046975 1.4756E-32 0.0000E+00 0.0000E+00 5.0912E-08 5.0912E-08 0.0000E+00 0.0000E+00 5.0912E-08 3.66E-06 6.82E-06   0.300 1.0000 6.9471E-06   1108.520
13831.00 0.81918645 9.9684E-33 0.0000E+00 0.0000E+00 5.4107E-08 5.4107E-08 0.0000E+00 0.0000E+00 5.4107E-08 4.30E-06 6.75E-06   0.199 1.0000 6.8800E-06   1112.964
13841.00 0.82909161 8.8268E-33 0.0000E+00 0.0000E+00 5.2945E-08 5.2945E-08 0.0000E+00 0.0000E+00 5.2945E-08 4.27E-06 6.53E-06   0.187 1.0000 6.6572E-06   1112.284
13851.00 0.83240396 8.3489E-33 0.0000E+00 0.0000E+00 5.4748E-08 5.4748E-08 0.0000E+00 0.0000E+00 5.4748E-08 4.40E-06 6.74E-06   0.183 1.0000 6.8689E-06   1115.037
13861.00 0.83396071 7.8386E-33 0.0000E+00 0.0000E+00 5.4739E-08 5.4739E-08 0.0000E+00 0.0000E+00 5.4739E-08 4.40E-06 6.72E-06   0.182 1.0000 6.8448E-06   1115.698
13871.00 0.77229875 9.8904E-33 0.0000E+00 0.0000E+00 5.0159E-08 5.0159E-08 0.0000E+00 0.0000E+00 5.0159E-08 3.75E-06 6.48E-06   0.258 1.0000 6.6067E-06   1110.937
13881.00 0.71720910 1.1603E-32 0.0000E+00 0.0000E+00 4.9507E-08 4.9507E-08 0.0000E+00 0.0000E+00 4.9507E-08 3.42E-06 6.71E-06   0.332 1.0000 6.8443E-06   1110.795
13891.00 0.74195379 1.0643E-32 0.0000E+00 0.0000E+00 5.0149E-08 5.0149E-08 0.0000E+00 0.0000E+00 5.0149E-08 3.53E-06 6.64E-06   0.298 1.0000 6.7708E-06   1112.259
13901.00 0.73202682 1.0380E-32 0.0000E+00 0.0000E+00 4.8691E-08 4.8691E-08 0.0000E+00 0.0000E+00 4.8691E-08 3.38E-06 6.50E-06   0.312 1.0000 6.6271E-06   1111.102
13911.00 0.70164400 1.0598E-32 0.0000E+00 0.0000E+00 4.7327E-08 4.7327E-08 0.0000E+00 0.0000E+00 4.7327E-08 3.18E-06 6.46E-06   0.354 1.0000 6.5880E-06   1110.016
13921.00 0.75543022 8.3380E-33 0.0000E+00 0.0000E+00 5.0377E-08 5.0377E-08 0.0000E+00 0.0000E+00 5.0377E-08 3.65E-06 6.53E-06   0.280 1.0000 6.6696E-06   1114.542
13931.00 0.74277902 8.8983E-33 0.0000E+00 0.0000E+00 5.0787E-08 5.0787E-08 0.0000E+00 0.0000E+00 5.0787E-08 3.54E-06 6.66E-06   0.297 1.0000 6.7975E-06   1115.711
13941.00 0.75727510 8.2413E-33 0.0000E+00 0.0000E+00 5.2434E-08 5.2434E-08 0.0000E+00 0.0000E+00 5.2434E-08 3.68E-06 6.78E-06   0.278 1.0000 6.9216E-06   1118.364
13951.00 0.80895913 6.0559E-33 0.0000E+00 0.0000E+00 5.2621E-08 5.2621E-08 0.0000E+00 0.0000E+00 5.2621E-08 3.98E-06 6.50E-06   0.212 1.0000 6.6387E-06   1119.255
13961.00 0.84593987 4.3785E-33 0.0000E+00 0.0000E+00 5.5848E-08 5.5848E-08 0.0000E+00 0.0000E+00 5.5848E-08 4.47E-06 6.67E-06   0.167 1.0000 6.8145E-06   1123.651
13971.00 0.85185426 3.9328E-33 0.0000E+00 0.0000E+00 5.6443E-08 5.6443E-08 0.0000E+00 0.0000E+00 5.6443E-08 4.56E-06 6.70E-06   0.160 1.0000 6.8419E-06   1124.988
13981.00 0.84839600 3.8425E-33 0.0000E+00 0.0000E+00 5.4777E-08 5.4777E-08 0.0000E+00 0.0000E+00 5.4777E-08 4.39E-06 6.51E-06   0.164 1.0000 6.6525E-06   1123.774
13991.00 0.85304707 3.4867E-33 0.0000E+00 0.0000E+00 5.5481E-08 5.5481E-08 0.0000E+00 0.0000E+00 5.5481E-08 4.48E-06 6.56E-06   0.159 1.0000 6.6990E-06   1125.246
14001.00 0.85537928 3.2390E-33 0.0000E+00 0.0000E+00 5.7316E-08 5.7316E-08 0.0000E+00 0.0000E+00 5.7316E-08 4.64E-06 6.75E-06   0.156 1.0000 6.8966E-06   1127.967
14011.00 0.85717243 3.0224E-33 0.0000E+00 0.0000E+00 5.7197E-08 5.7197E-08 0.0000E+00 0.0000E+00 5.7197E-08 4.64E-06 6.72E-06   0.154 1.0000 6.8603E-06   1128.506
14021.00 0.85519308 2.9346E-33 0.0000E+00 0.0000E+00 5.5892E-08 5.5892E-08 0.0000E+00 0.0000E+00 5.5892E-08 4.51E-06 6.56E-06   0.156 1.0000 6.7046E-06   1127.719
14031.00 0.85833400 2.7016E-33 0.0000E+00 0.0000E+00 5.6988E-08 5.6988E-08 0.0000E+00 0.0000E+00 5.6988E-08 4.61E-06 6.66E-06   0.153 1.0000 6.8054E-06   1129.615
14041.00 0.85708547 2.5957E-33 0.0000E+00 0.0000E+00 5.6921E-08 5.6921E-08 0.0000E+00 0.0000E+00 5.6921E-08 4.59E-06 6.65E-06   0.154 1.0000 6.7943E-06   1130.210
14051.00 0.85794157 2.4456E-33 0.0000E+00 0.0000E+00 5.6983E-08 5.6983E-08 0.0000E+00 0.0000E+00 5.6983E-08 4.59E-06 6.64E-06   0.153 1.0000 6.7860E-06   1130.948
14061.00 0.85595334 2.3716E-33 0.0000E+00 0.0000E+00 5.7092E-08 5.7092E-08 0.0000E+00 0.0000E+00 5.7092E-08 4.58E-06 6.66E-06   0.156 1.0000 6.8011E-06   1131.740
14071.00 0.85479861 2.2783E-33 0.0000E+00 0.0000E+00 5.8058E-08 5.8058E-08 0.0000E+00 0.0000E+00 5.8058E-08 4.64E-06 6.76E-06   0.157 1.0000 6.9130E-06   1133.473
14081.00 0.85379934 2.1862E-33 0.0000E+00 0.0000E+00 5.8168E-08 5.8168E-08 0.0000E+00 0.0000E+00 5.8168E-08 4.63E-06 6.77E-06   0.158 1.0000 6.9222E-06   1134.263
14091.00 0.85521269 2.0514E-33 0.0000E+00 0.0000E+00 5.7716E-08 5.7716E-08 0.0000E+00 0.0000E+00 5.7716E-08 4.60E-06 6.70E-06   0.156 1.0000 6.8480E-06   1134.438
14101.00 0.85342395 1.9810E-33 0.0000E+00 0.0000E+00 5.7034E-08 5.7034E-08 0.0000E+00 0.0000E+00 5.7034E-08 4.52E-06 6.62E-06   0.158 1.0000 6.7686E-06   1134.353
14111.00 0.85569900 1.8386E-33 0.0000E+00 0.0000E+00 5.6998E-08 5.6998E-08 0.0000E+00 0.0000E+00 5.6998E-08 4.53E-06 6.59E-06   0.156 1.0000 6.7405E-06   1134.984
14121.00 0.84916526 1.8608E-33 0.0000E+00 0.0000E+00 5.8373E-08 5.8373E-08 0.0000E+00 0.0000E+00 5.8373E-08 4.58E-06 6.78E-06   0.164 1.0000 6.9338E-06   1137.167
14131.00 0.85095435 1.7387E-33 0.0000E+00 0.0000E+00 5.8360E-08 5.8360E-08 0.0000E+00 0.0000E+00 5.8360E-08 4.58E-06 6.76E-06   0.161 1.0000 6.9114E-06   1137.823
14141.00 0.85309577 1.6163E-33 0.0000E+00 0.0000E+00 5.6511E-08 5.6511E-08 0.0000E+00 0.0000E+00 5.6511E-08 4.45E-06 6.52E-06   0.159 1.0000 6.6690E-06   1136.446
14151.00 0.84708202 1.6266E-33 0.0000E+00 0.0000E+00 5.7709E-08 5.7709E-08 0.0000E+00 0.0000E+00 5.7709E-08 4.49E-06 6.68E-06   0.166 1.0000 6.8364E-06   1138.448
14161.00 0.84708321 1.5410E-33 0.0000E+00 0.0000E+00 5.7705E-08 5.7705E-08 0.0000E+00 0.0000E+00 5.7705E-08 4.49E-06 6.67E-06   0.166 1.0000 6.8263E-06   1139.114
14171.00 0.84359872 1.5089E-33 0.0000E+00 0.0000E+00 5.7575E-08 5.7575E-08 0.0000E+00 0.0000E+00 5.7575E-08 4.44E-06 6.67E-06   0.170 1.0000 6.8218E-06   1139.640
14181.00 0.84183234 1.4609E-33 0.0000E+00 0.0000E+00 5.8366E-08 5.8366E-08 0.0000E+00 0.0000E+00 5.8366E-08 4.48E-06 6.76E-06   0.172 1.0000 6.9162E-06   1141.179
14191.00 0.85123450 1.2722E-33 0.0000E+00 0.0000E+00 5.8808E-08 5.8808E-08 0.0000E+00 0.0000E+00 5.8808E-08 4.58E-06 6.74E-06   0.161 1.0000 6.9005E-06   1142.331
14201.00 0.83435470 1.3905E-33 0.0000E+00 0.0000E+00 5.7256E-08 5.7256E-08 0.0000E+00 0.0000E+00 5.7256E-08 4.34E-06 6.65E-06   0.181 1.0000 6.8083E-06   1141.293
14211.00 0.85096061 1.1497E-33 0.0000E+00 0.0000E+00 5.8117E-08 5.8117E-08 0.0000E+00 0.0000E+00 5.8117E-08 4.51E-06 6.64E-06   0.161 1.0000 6.7993E-06   1142.915
14221.00 0.84071022 1.1895E-33 0.0000E+00 0.0000E+00 5.7673E-08 5.7673E-08 0.0000E+00 0.0000E+00 5.7673E-08 4.40E-06 6.64E-06   0.174 1.0000 6.7995E-06   1143.094
14231.00 0.82711893 1.2603E-33 0.0000E+00 0.0000E+00 5.6138E-08 5.6138E-08 0.0000E+00 0.0000E+00 5.6138E-08 4.18E-06 6.53E-06   0.190 1.0000 6.6909E-06   1142.042
14241.00 0.83548051 1.1213E-33 0.0000E+00 0.0000E+00 5.7026E-08 5.7026E-08 0.0000E+00 0.0000E+00 5.7026E-08 4.30E-06 6.58E-06   0.180 1.0000 6.7352E-06   1143.712
14251.00 0.82961124 1.1166E-33 0.0000E+00 0.0000E+00 5.5564E-08 5.5564E-08 0.0000E+00 0.0000E+00 5.5564E-08 4.15E-06 6.43E-06   0.187 1.0000 6.5845E-06   1142.724
14261.00 0.83751410 1.0028E-33 0.0000E+00 0.0000E+00 5.7460E-08 5.7460E-08 0.0000E+00 0.0000E+00 5.7460E-08 4.32E-06 6.60E-06   0.177 1.0000 6.7582E-06   1145.534
14271.00 0.82406723 1.0505E-33 0.0000E+00 0.0000E+00 5.6490E-08 5.6490E-08 0.0000E+00 0.0000E+00 5.6490E-08 4.15E-06 6.56E-06   0.194 1.0000 6.7184E-06   1145.114
14281.00 0.83438194 9.2149E-34 0.0000E+00 0.0000E+00 5.7169E-08 5.7169E-08 0.0000E+00 0.0000E+00 5.7169E-08 4.28E-06 6.56E-06   0.181 1.0000 6.7221E-06   1146.546
 -9999.
