T F 2    2    2    0    2    2    2    2    2    2    1    0    0   0.0000.00000
    1    1    1    0    0    0   2.00000   0.00000   0.00000   0.00000   0.00000
 -99.000 -99.000 -99.000
 -99.00000 -99.00000 -99.00000  2.922360  0.000710 ! H2O & O3 COLUMNS [GM/CM2]
   36MID-LATITUDE SUMMER 
   3.00000   3.00000  90.00449   1.00000   0.00899   0.00000    1        0.00000
    0    0  172    0
   0.00000   0.00000   0.00000  20.00413   0.00000 180.00000   0.00000   0.00000
    9091.0   14286.0      10.0      10.0NW              
    0   0    0.000  0    0.000  0    1.000
    FREQ  TOT_TRANS  PTH_THRML  THRML_SCT  SURF_EMIS   SOL_SCAT  SING_SCAT  GRND_RFLT  DRCT_RFLT  TOTAL_RAD  REF_SOL  SOL@OBS   DEPTH DIR_EM    TOA_SUN BBODY_T[K]
 9091.00 0.95191234 1.9392E-22 0.0000E+00 0.0000E+00 5.1948E-09 5.1948E-09 0.0000E+00 0.0000E+00 5.1948E-09 6.07E-06 6.32E-06   0.049 1.0000 6.9214E-06    689.711
 9101.00 0.96303666 1.4243E-22 0.0000E+00 0.0000E+00 5.1882E-09 5.1882E-09 0.0000E+00 0.0000E+00 5.1882E-09 6.06E-06 6.27E-06   0.038 1.0000 6.7529E-06    690.303
 9111.00 0.97090513 1.0726E-22 0.0000E+00 0.0000E+00 5.3093E-09 5.3093E-09 0.0000E+00 0.0000E+00 5.3093E-09 6.21E-06 6.38E-06   0.030 1.0000 6.7702E-06    691.783
 9121.00 0.97038335 1.0278E-22 0.0000E+00 0.0000E+00 5.3070E-09 5.3070E-09 0.0000E+00 0.0000E+00 5.3070E-09 6.19E-06 6.36E-06   0.030 1.0000 6.7570E-06    692.406
 9131.00 0.96901935 1.0327E-22 0.0000E+00 0.0000E+00 5.2725E-09 5.2725E-09 0.0000E+00 0.0000E+00 5.2725E-09 6.13E-06 6.31E-06   0.031 1.0000 6.7175E-06    692.806
 9141.00 0.97764134 7.1143E-23 0.0000E+00 0.0000E+00 5.1705E-09 5.1705E-09 0.0000E+00 0.0000E+00 5.1705E-09 6.01E-06 6.14E-06   0.023 1.0000 6.4440E-06    692.732
 9151.00 0.96518493 1.0508E-22 0.0000E+00 0.0000E+00 5.3941E-09 5.3941E-09 0.0000E+00 0.0000E+00 5.3941E-09 6.23E-06 6.41E-06   0.035 1.0000 6.8615E-06    694.919
 9161.00 0.98317128 4.8636E-23 0.0000E+00 0.0000E+00 5.6713E-09 5.6713E-09 0.0000E+00 0.0000E+00 5.6713E-09 6.58E-06 6.68E-06   0.017 1.0000 6.9345E-06    697.402
 9171.00 0.97361016 7.2335E-23 0.0000E+00 0.0000E+00 5.6066E-09 5.6066E-09 0.0000E+00 0.0000E+00 5.6066E-09 6.46E-06 6.61E-06   0.027 1.0000 6.9883E-06    697.620
 9181.00 0.97928786 5.4221E-23 0.0000E+00 0.0000E+00 5.5952E-09 5.5952E-09 0.0000E+00 0.0000E+00 5.5952E-09 6.44E-06 6.57E-06   0.021 1.0000 6.8738E-06    698.184
 9191.00 0.98387802 4.0115E-23 0.0000E+00 0.0000E+00 5.6522E-09 5.6522E-09 0.0000E+00 0.0000E+00 5.6522E-09 6.50E-06 6.61E-06   0.016 1.0000 6.8531E-06    699.199
 9201.00 0.97595423 5.6719E-23 0.0000E+00 0.0000E+00 5.5202E-09 5.5202E-09 0.0000E+00 0.0000E+00 5.5202E-09 6.31E-06 6.45E-06   0.024 1.0000 6.7792E-06    698.965
 9211.00 0.97636044 5.3849E-23 0.0000E+00 0.0000E+00 5.7447E-09 5.7447E-09 0.0000E+00 0.0000E+00 5.7447E-09 6.55E-06 6.69E-06   0.024 1.0000 7.0277E-06    701.080
 9221.00 0.98189437 3.8897E-23 0.0000E+00 0.0000E+00 5.7693E-09 5.7693E-09 0.0000E+00 0.0000E+00 5.7693E-09 6.57E-06 6.69E-06   0.018 1.0000 6.9689E-06    701.879
 9231.00 0.98053139 4.0141E-23 0.0000E+00 0.0000E+00 5.6251E-09 5.6251E-09 0.0000E+00 0.0000E+00 5.6251E-09 6.39E-06 6.51E-06   0.020 1.0000 6.7955E-06    701.580
 9241.00 0.98467398 2.9890E-23 0.0000E+00 0.0000E+00 5.6820E-09 5.6820E-09 0.0000E+00 0.0000E+00 5.6820E-09 6.45E-06 6.55E-06   0.015 1.0000 6.7842E-06    702.594
 9251.00 0.98130268 3.4827E-23 0.0000E+00 0.0000E+00 5.7546E-09 5.7546E-09 0.0000E+00 0.0000E+00 5.7546E-09 6.50E-06 6.62E-06   0.019 1.0000 6.9007E-06    703.705
 9261.00 0.98286456 3.0558E-23 0.0000E+00 0.0000E+00 5.8674E-09 5.8674E-09 0.0000E+00 0.0000E+00 5.8674E-09 6.62E-06 6.73E-06   0.017 1.0000 6.9947E-06    705.068
 9271.00 0.98591399 2.3817E-23 0.0000E+00 0.0000E+00 5.8196E-09 5.8196E-09 0.0000E+00 0.0000E+00 5.8196E-09 6.55E-06 6.65E-06   0.014 1.0000 6.8762E-06    705.403
 9281.00 0.98145187 2.9934E-23 0.0000E+00 0.0000E+00 5.9099E-09 5.9099E-09 0.0000E+00 0.0000E+00 5.9099E-09 6.62E-06 6.74E-06   0.019 1.0000 7.0330E-06    706.619
 9291.00 0.98631859 2.1036E-23 0.0000E+00 0.0000E+00 5.9711E-09 5.9711E-09 0.0000E+00 0.0000E+00 5.9711E-09 6.69E-06 6.78E-06   0.014 1.0000 7.0135E-06    707.645
 9301.00 0.98407459 2.3257E-23 0.0000E+00 0.0000E+00 5.8302E-09 5.8302E-09 0.0000E+00 0.0000E+00 5.8302E-09 6.50E-06 6.61E-06   0.016 1.0000 6.8637E-06    707.391
 9311.00 0.98522526 2.0675E-23 0.0000E+00 0.0000E+00 5.9617E-09 5.9617E-09 0.0000E+00 0.0000E+00 5.9617E-09 6.64E-06 6.73E-06   0.015 1.0000 6.9849E-06    708.867
 9321.00 0.98518908 1.9670E-23 0.0000E+00 0.0000E+00 5.8883E-09 5.8883E-09 0.0000E+00 0.0000E+00 5.8883E-09 6.54E-06 6.63E-06   0.015 1.0000 6.8861E-06    709.043
 9331.00 0.98542535 1.8481E-23 0.0000E+00 0.0000E+00 6.0101E-09 6.0101E-09 0.0000E+00 0.0000E+00 6.0101E-09 6.65E-06 6.75E-06   0.015 1.0000 7.0103E-06    710.452
 9341.00 0.98538780 1.7623E-23 0.0000E+00 0.0000E+00 5.9949E-09 5.9949E-09 0.0000E+00 0.0000E+00 5.9949E-09 6.62E-06 6.72E-06   0.015 1.0000 6.9794E-06    710.997
 9351.00 0.98464417 1.7670E-23 0.0000E+00 0.0000E+00 5.7612E-09 5.7612E-09 0.0000E+00 0.0000E+00 5.7612E-09 6.34E-06 6.44E-06   0.015 1.0000 6.7060E-06    710.144
 9361.00 0.98516399 1.6253E-23 0.0000E+00 0.0000E+00 5.9542E-09 5.9542E-09 0.0000E+00 0.0000E+00 5.9542E-09 6.54E-06 6.64E-06   0.015 1.0000 6.9146E-06    712.021
 9371.00 0.98493642 1.5733E-23 0.0000E+00 0.0000E+00 6.0443E-09 6.0443E-09 0.0000E+00 0.0000E+00 6.0443E-09 6.62E-06 6.72E-06   0.015 1.0000 7.0062E-06    713.227
 9381.00 0.98517078 1.4753E-23 0.0000E+00 0.0000E+00 6.0332E-09 6.0332E-09 0.0000E+00 0.0000E+00 6.0332E-09 6.59E-06 6.69E-06   0.015 1.0000 6.9727E-06    713.798
 9391.00 0.98495173 1.4267E-23 0.0000E+00 0.0000E+00 6.1507E-09 6.1507E-09 0.0000E+00 0.0000E+00 6.1507E-09 6.70E-06 6.80E-06   0.015 1.0000 7.0927E-06    715.168
 9401.00 0.98530179 1.3276E-23 0.0000E+00 0.0000E+00 6.1277E-09 6.1277E-09 0.0000E+00 0.0000E+00 6.1277E-09 6.66E-06 6.76E-06   0.015 1.0000 7.0394E-06    715.666
 9411.00 0.98523539 1.2708E-23 0.0000E+00 0.0000E+00 6.1314E-09 6.1314E-09 0.0000E+00 0.0000E+00 6.1314E-09 6.64E-06 6.74E-06   0.015 1.0000 7.0221E-06    716.330
 9421.00 0.98551995 1.1875E-23 0.0000E+00 0.0000E+00 6.1389E-09 6.1389E-09 0.0000E+00 0.0000E+00 6.1389E-09 6.64E-06 6.73E-06   0.015 1.0000 7.0055E-06    717.016
 9431.00 0.98561096 1.1243E-23 0.0000E+00 0.0000E+00 6.1248E-09 6.1248E-09 0.0000E+00 0.0000E+00 6.1248E-09 6.60E-06 6.70E-06   0.014 1.0000 6.9676E-06    717.569
 9441.00 0.98567730 1.0662E-23 0.0000E+00 0.0000E+00 6.1260E-09 6.1260E-09 0.0000E+00 0.0000E+00 6.1260E-09 6.59E-06 6.68E-06   0.014 1.0000 6.9484E-06    718.217
 9451.00 0.98582041 1.0058E-23 0.0000E+00 0.0000E+00 6.1694E-09 6.1694E-09 0.0000E+00 0.0000E+00 6.1694E-09 6.62E-06 6.72E-06   0.014 1.0000 6.9764E-06    719.125
 9461.00 0.98600650 9.4575E-24 0.0000E+00 0.0000E+00 6.2876E-09 6.2876E-09 0.0000E+00 0.0000E+00 6.2876E-09 6.73E-06 6.83E-06   0.014 1.0000 7.0891E-06    720.488
 9471.00 0.98614556 8.9212E-24 0.0000E+00 0.0000E+00 6.3065E-09 6.3065E-09 0.0000E+00 0.0000E+00 6.3065E-09 6.74E-06 6.84E-06   0.014 1.0000 7.0904E-06    721.244
 9481.00 0.98628163 8.4164E-24 0.0000E+00 0.0000E+00 6.3186E-09 6.3186E-09 0.0000E+00 0.0000E+00 6.3186E-09 6.74E-06 6.84E-06   0.014 1.0000 7.0848E-06    721.957
 9491.00 0.98638821 7.9567E-24 0.0000E+00 0.0000E+00 6.2829E-09 6.2829E-09 0.0000E+00 0.0000E+00 6.2829E-09 6.69E-06 6.78E-06   0.014 1.0000 7.0271E-06    722.381
 9501.00 0.98643023 7.5570E-24 0.0000E+00 0.0000E+00 6.3323E-09 6.3323E-09 0.0000E+00 0.0000E+00 6.3323E-09 6.73E-06 6.82E-06   0.014 1.0000 7.0663E-06    723.321
 9511.00 0.98648542 7.1716E-24 0.0000E+00 0.0000E+00 6.3532E-09 6.3532E-09 0.0000E+00 0.0000E+00 6.3532E-09 6.74E-06 6.83E-06   0.014 1.0000 7.0729E-06    724.088
 9521.00 0.98654199 6.8036E-24 0.0000E+00 0.0000E+00 6.3633E-09 6.3633E-09 0.0000E+00 0.0000E+00 6.3633E-09 6.74E-06 6.83E-06   0.014 1.0000 7.0689E-06    724.789
 9531.00 0.98655778 6.4751E-24 0.0000E+00 0.0000E+00 6.3898E-09 6.3898E-09 0.0000E+00 0.0000E+00 6.3898E-09 6.75E-06 6.84E-06   0.014 1.0000 7.0837E-06    725.589
 9541.00 0.98662180 6.1395E-24 0.0000E+00 0.0000E+00 6.4074E-09 6.4074E-09 0.0000E+00 0.0000E+00 6.4074E-09 6.76E-06 6.85E-06   0.013 1.0000 7.0847E-06    726.336
 9551.00 0.98662901 5.8466E-24 0.0000E+00 0.0000E+00 6.3607E-09 6.3607E-09 0.0000E+00 0.0000E+00 6.3607E-09 6.69E-06 6.79E-06   0.013 1.0000 7.0183E-06    726.694
 9561.00 0.98663557 5.5673E-24 0.0000E+00 0.0000E+00 6.3063E-09 6.3063E-09 0.0000E+00 0.0000E+00 6.3063E-09 6.62E-06 6.71E-06   0.013 1.0000 6.9440E-06    727.004
 9571.00 0.98662519 5.3087E-24 0.0000E+00 0.0000E+00 6.4368E-09 6.4368E-09 0.0000E+00 0.0000E+00 6.4368E-09 6.75E-06 6.84E-06   0.013 1.0000 7.0733E-06    728.432
 9581.00 0.98664129 5.0516E-24 0.0000E+00 0.0000E+00 6.4590E-09 6.4590E-09 0.0000E+00 0.0000E+00 6.4590E-09 6.76E-06 6.85E-06   0.013 1.0000 7.0833E-06    729.205
 9591.00 0.98660636 4.8254E-24 0.0000E+00 0.0000E+00 6.4283E-09 6.4283E-09 0.0000E+00 0.0000E+00 6.4283E-09 6.71E-06 6.80E-06   0.013 1.0000 7.0362E-06    729.662
 9601.00 0.98655754 4.6141E-24 0.0000E+00 0.0000E+00 6.4992E-09 6.4992E-09 0.0000E+00 0.0000E+00 6.4992E-09 6.77E-06 6.87E-06   0.014 1.0000 7.1006E-06    730.726
 9611.00 0.98657662 4.3901E-24 0.0000E+00 0.0000E+00 6.4738E-09 6.4738E-09 0.0000E+00 0.0000E+00 6.4738E-09 6.73E-06 6.83E-06   0.014 1.0000 7.0589E-06    731.214
 9621.00 0.98655665 4.1886E-24 0.0000E+00 0.0000E+00 6.4818E-09 6.4818E-09 0.0000E+00 0.0000E+00 6.4818E-09 6.73E-06 6.82E-06   0.014 1.0000 7.0542E-06    731.902
 9631.00 0.98653126 3.9983E-24 0.0000E+00 0.0000E+00 6.4901E-09 6.4901E-09 0.0000E+00 0.0000E+00 6.4901E-09 6.72E-06 6.82E-06   0.014 1.0000 7.0494E-06    732.592
 9641.00 0.98650354 3.8172E-24 0.0000E+00 0.0000E+00 6.4596E-09 6.4596E-09 0.0000E+00 0.0000E+00 6.4596E-09 6.68E-06 6.77E-06   0.014 1.0000 7.0036E-06    733.049
 9651.00 0.98646212 3.6477E-24 0.0000E+00 0.0000E+00 6.5706E-09 6.5706E-09 0.0000E+00 0.0000E+00 6.5706E-09 6.78E-06 6.87E-06   0.014 1.0000 7.1097E-06    734.350
 9661.00 0.98651284 3.4624E-24 0.0000E+00 0.0000E+00 6.5067E-09 6.5067E-09 0.0000E+00 0.0000E+00 6.5067E-09 6.70E-06 6.79E-06   0.014 1.0000 7.0258E-06    734.611
 9671.00 0.98642159 3.3205E-24 0.0000E+00 0.0000E+00 6.5197E-09 6.5197E-09 0.0000E+00 0.0000E+00 6.5197E-09 6.70E-06 6.79E-06   0.014 1.0000 7.0276E-06    735.328
 9681.00 0.98640877 3.1675E-24 0.0000E+00 0.0000E+00 6.5140E-09 6.5140E-09 0.0000E+00 0.0000E+00 6.5140E-09 6.68E-06 6.77E-06   0.014 1.0000 7.0080E-06    735.934
 9691.00 0.98629892 3.0409E-24 0.0000E+00 0.0000E+00 6.6179E-09 6.6179E-09 0.0000E+00 0.0000E+00 6.6179E-09 6.78E-06 6.87E-06   0.014 1.0000 7.1079E-06    737.190
 9701.00 0.98621017 2.9170E-24 0.0000E+00 0.0000E+00 6.6202E-09 6.6202E-09 0.0000E+00 0.0000E+00 6.6202E-09 6.76E-06 6.86E-06   0.014 1.0000 7.0980E-06    737.843
 9711.00 0.98622525 2.7754E-24 0.0000E+00 0.0000E+00 6.6187E-09 6.6187E-09 0.0000E+00 0.0000E+00 6.6187E-09 6.75E-06 6.84E-06   0.014 1.0000 7.0827E-06    738.474
 9721.00 0.98583442 2.7195E-24 0.0000E+00 0.0000E+00 6.6311E-09 6.6311E-09 0.0000E+00 0.0000E+00 6.6311E-09 6.75E-06 6.84E-06   0.014 1.0000 7.0883E-06    739.188
 9731.00 0.98544705 2.6608E-24 0.0000E+00 0.0000E+00 6.6749E-09 6.6749E-09 0.0000E+00 0.0000E+00 6.6749E-09 6.78E-06 6.88E-06   0.015 1.0000 7.1280E-06    740.084
 9741.00 0.98590338 2.4565E-24 0.0000E+00 0.0000E+00 6.6824E-09 6.6824E-09 0.0000E+00 0.0000E+00 6.6824E-09 6.77E-06 6.87E-06   0.014 1.0000 7.1148E-06    740.768
 9751.00 0.98583925 2.3513E-24 0.0000E+00 0.0000E+00 6.7043E-09 6.7043E-09 0.0000E+00 0.0000E+00 6.7043E-09 6.78E-06 6.88E-06   0.014 1.0000 7.1256E-06    741.536
 9761.00 0.98541832 2.3027E-24 0.0000E+00 0.0000E+00 6.6977E-09 6.6977E-09 0.0000E+00 0.0000E+00 6.6977E-09 6.76E-06 6.86E-06   0.015 1.0000 7.1121E-06    742.138
 9771.00 0.98455888 2.3286E-24 0.0000E+00 0.0000E+00 6.7082E-09 6.7082E-09 0.0000E+00 0.0000E+00 6.7082E-09 6.76E-06 6.86E-06   0.016 1.0000 7.1242E-06    742.839
 9781.00 0.98566979 2.0572E-24 0.0000E+00 0.0000E+00 6.6636E-09 6.6636E-09 0.0000E+00 0.0000E+00 6.6636E-09 6.70E-06 6.80E-06   0.014 1.0000 7.0450E-06    743.217
 9791.00 0.98565191 1.9627E-24 0.0000E+00 0.0000E+00 6.6704E-09 6.6704E-09 0.0000E+00 0.0000E+00 6.6704E-09 6.70E-06 6.79E-06   0.014 1.0000 7.0386E-06    743.896
 9801.00 0.98569769 1.8625E-24 0.0000E+00 0.0000E+00 6.6994E-09 6.6994E-09 0.0000E+00 0.0000E+00 6.6994E-09 6.71E-06 6.81E-06   0.014 1.0000 7.0554E-06    744.706
 9811.00 0.98473448 1.8955E-24 0.0000E+00 0.0000E+00 6.6239E-09 6.6239E-09 0.0000E+00 0.0000E+00 6.6239E-09 6.62E-06 6.72E-06   0.015 1.0000 6.9787E-06    744.900
 9821.00 0.98593497 1.6627E-24 0.0000E+00 0.0000E+00 6.7359E-09 6.7359E-09 0.0000E+00 0.0000E+00 6.7359E-09 6.72E-06 6.82E-06   0.014 1.0000 7.0623E-06    746.199
 9831.00 0.98549634 1.6339E-24 0.0000E+00 0.0000E+00 6.7555E-09 6.7555E-09 0.0000E+00 0.0000E+00 6.7555E-09 6.73E-06 6.83E-06   0.015 1.0000 7.0767E-06    746.953
 9841.00 0.98570925 1.5332E-24 0.0000E+00 0.0000E+00 6.7514E-09 6.7514E-09 0.0000E+00 0.0000E+00 6.7514E-09 6.71E-06 6.81E-06   0.014 1.0000 7.0554E-06    747.568
 9851.00 0.98523808 1.5090E-24 0.0000E+00 0.0000E+00 6.7528E-09 6.7528E-09 0.0000E+00 0.0000E+00 6.7528E-09 6.70E-06 6.80E-06   0.015 1.0000 7.0514E-06    748.216
 9861.00 0.98553586 1.4096E-24 0.0000E+00 0.0000E+00 6.8204E-09 6.8204E-09 0.0000E+00 0.0000E+00 6.8204E-09 6.75E-06 6.85E-06   0.015 1.0000 7.1034E-06    749.249
 9871.00 0.98557246 1.3383E-24 0.0000E+00 0.0000E+00 6.8408E-09 6.8408E-09 0.0000E+00 0.0000E+00 6.8408E-09 6.76E-06 6.86E-06   0.015 1.0000 7.1106E-06    750.007
 9881.00 0.98481166 1.3426E-24 0.0000E+00 0.0000E+00 6.8431E-09 6.8431E-09 0.0000E+00 0.0000E+00 6.8431E-09 6.75E-06 6.85E-06   0.015 1.0000 7.1125E-06    750.659
 9891.00 0.98536146 1.2323E-24 0.0000E+00 0.0000E+00 6.8674E-09 6.8674E-09 0.0000E+00 0.0000E+00 6.8674E-09 6.76E-06 6.86E-06   0.015 1.0000 7.1147E-06    751.439
 9901.00 0.98367220 1.3082E-24 0.0000E+00 0.0000E+00 6.8664E-09 6.8664E-09 0.0000E+00 0.0000E+00 6.8664E-09 6.74E-06 6.85E-06   0.016 1.0000 7.1297E-06    752.073
 9911.00 0.98352683 1.2605E-24 0.0000E+00 0.0000E+00 6.8575E-09 6.8575E-09 0.0000E+00 0.0000E+00 6.8575E-09 6.72E-06 6.83E-06   0.017 1.0000 7.1100E-06    752.661
 9921.00 0.98459101 1.1221E-24 0.0000E+00 0.0000E+00 6.8952E-09 6.8952E-09 0.0000E+00 0.0000E+00 6.8952E-09 6.75E-06 6.85E-06   0.016 1.0000 7.1166E-06    753.518
 9931.00 0.98524565 1.0234E-24 0.0000E+00 0.0000E+00 6.8786E-09 6.8786E-09 0.0000E+00 0.0000E+00 6.8786E-09 6.72E-06 6.82E-06   0.015 1.0000 7.0750E-06    754.061
 9941.00 0.98491627 9.9630E-25 0.0000E+00 0.0000E+00 6.6579E-09 6.6579E-09 0.0000E+00 0.0000E+00 6.6579E-09 6.49E-06 6.59E-06   0.015 1.0000 6.8405E-06    753.403
 9951.00 0.98487806 9.5178E-25 0.0000E+00 0.0000E+00 6.5299E-09 6.5299E-09 0.0000E+00 0.0000E+00 6.5299E-09 6.35E-06 6.45E-06   0.015 1.0000 6.6965E-06    753.272
 9961.00 0.98452729 9.2847E-25 0.0000E+00 0.0000E+00 6.8530E-09 6.8530E-09 0.0000E+00 0.0000E+00 6.8530E-09 6.65E-06 6.76E-06   0.016 1.0000 7.0208E-06    755.829
 9971.00 0.98455364 8.8085E-25 0.0000E+00 0.0000E+00 6.9336E-09 6.9336E-09 0.0000E+00 0.0000E+00 6.9336E-09 6.72E-06 6.83E-06   0.016 1.0000 7.0893E-06    756.935
 9981.00 0.98208028 9.7606E-25 0.0000E+00 0.0000E+00 6.9623E-09 6.9623E-09 0.0000E+00 0.0000E+00 6.9623E-09 6.73E-06 6.85E-06   0.018 1.0000 7.1451E-06    757.738
 9991.00 0.98510075 7.7246E-25 0.0000E+00 0.0000E+00 7.0170E-09 7.0170E-09 0.0000E+00 0.0000E+00 7.0170E-09 6.78E-06 6.88E-06   0.015 1.0000 7.1388E-06    758.691
10001.00 0.98440075 7.7022E-25 0.0000E+00 0.0000E+00 6.9838E-09 6.9838E-09 0.0000E+00 0.0000E+00 6.9838E-09 6.73E-06 6.84E-06   0.016 1.0000 7.1031E-06    759.140
10011.00 0.98476797 7.1683E-25 0.0000E+00 0.0000E+00 7.0146E-09 7.0146E-09 0.0000E+00 0.0000E+00 7.0146E-09 6.75E-06 6.85E-06   0.015 1.0000 7.1150E-06    759.955
10021.00 0.98488778 6.7736E-25 0.0000E+00 0.0000E+00 7.0449E-09 7.0449E-09 0.0000E+00 0.0000E+00 7.0449E-09 6.76E-06 6.87E-06   0.015 1.0000 7.1310E-06    760.767
10031.00 0.98494714 6.4267E-25 0.0000E+00 0.0000E+00 7.0604E-09 7.0604E-09 0.0000E+00 0.0000E+00 7.0604E-09 6.77E-06 6.87E-06   0.015 1.0000 7.1318E-06    761.494
10041.00 0.98479235 6.1834E-25 0.0000E+00 0.0000E+00 7.0559E-09 7.0559E-09 0.0000E+00 0.0000E+00 7.0559E-09 6.75E-06 6.85E-06   0.015 1.0000 7.1164E-06    762.107
10051.00 0.98503262 5.7986E-25 0.0000E+00 0.0000E+00 7.0747E-09 7.0747E-09 0.0000E+00 0.0000E+00 7.0747E-09 6.76E-06 6.86E-06   0.015 1.0000 7.1191E-06    762.854
10061.00 0.98454052 5.7029E-25 0.0000E+00 0.0000E+00 7.0905E-09 7.0905E-09 0.0000E+00 0.0000E+00 7.0905E-09 6.76E-06 6.86E-06   0.016 1.0000 7.1296E-06    763.582
10071.00 0.98170775 6.4308E-25 0.0000E+00 0.0000E+00 7.0524E-09 7.0524E-09 0.0000E+00 0.0000E+00 7.0524E-09 6.70E-06 6.82E-06   0.018 1.0000 7.1221E-06    764.004
10081.00 0.98417389 5.3007E-25 0.0000E+00 0.0000E+00 7.0844E-09 7.0844E-09 0.0000E+00 0.0000E+00 7.0844E-09 6.72E-06 6.83E-06   0.016 1.0000 7.1031E-06    764.825
10091.00 0.98304784 5.4011E-25 0.0000E+00 0.0000E+00 7.0611E-09 7.0611E-09 0.0000E+00 0.0000E+00 7.0611E-09 6.69E-06 6.80E-06   0.017 1.0000 7.0846E-06    765.331
10101.00 0.98075473 5.8533E-25 0.0000E+00 0.0000E+00 6.9923E-09 6.9923E-09 0.0000E+00 0.0000E+00 6.9923E-09 6.60E-06 6.73E-06   0.019 1.0000 7.0367E-06    765.574
10111.00 0.98374301 4.7086E-25 0.0000E+00 0.0000E+00 7.0350E-09 7.0350E-09 0.0000E+00 0.0000E+00 7.0350E-09 6.64E-06 6.75E-06   0.016 1.0000 7.0192E-06    766.458
10121.00 0.97986412 5.5344E-25 0.0000E+00 0.0000E+00 7.0819E-09 7.0819E-09 0.0000E+00 0.0000E+00 7.0819E-09 6.66E-06 6.79E-06   0.020 1.0000 7.1091E-06    767.365
10131.00 0.97866160 5.6215E-25 0.0000E+00 0.0000E+00 7.0413E-09 7.0413E-09 0.0000E+00 0.0000E+00 7.0413E-09 6.60E-06 6.74E-06   0.022 1.0000 7.0756E-06    767.771
10141.00 0.98155445 4.6079E-25 0.0000E+00 0.0000E+00 7.1034E-09 7.1034E-09 0.0000E+00 0.0000E+00 7.1034E-09 6.66E-06 6.78E-06   0.019 1.0000 7.0813E-06    768.764
10151.00 0.96866858 7.4483E-25 0.0000E+00 0.0000E+00 6.9712E-09 6.9712E-09 0.0000E+00 0.0000E+00 6.9712E-09 6.49E-06 6.67E-06   0.032 1.0000 7.1130E-06    768.642
10161.00 0.97356111 6.0096E-25 0.0000E+00 0.0000E+00 7.0204E-09 7.0204E-09 0.0000E+00 0.0000E+00 7.0204E-09 6.53E-06 6.70E-06   0.027 1.0000 7.0884E-06    769.564
10171.00 0.96305037 7.9549E-25 0.0000E+00 0.0000E+00 6.8950E-09 6.8950E-09 0.0000E+00 0.0000E+00 6.8950E-09 6.38E-06 6.59E-06   0.038 1.0000 7.0885E-06    769.472
10181.00 0.96349627 7.5481E-25 0.0000E+00 0.0000E+00 6.9375E-09 6.9375E-09 0.0000E+00 0.0000E+00 6.9375E-09 6.41E-06 6.62E-06   0.037 1.0000 7.1238E-06    770.358
10191.00 0.96967977 5.9448E-25 0.0000E+00 0.0000E+00 7.0453E-09 7.0453E-09 0.0000E+00 0.0000E+00 7.0453E-09 6.51E-06 6.70E-06   0.031 1.0000 7.1342E-06    771.621
10201.00 0.94240910 1.0737E-24 0.0000E+00 0.0000E+00 6.6788E-09 6.6788E-09 0.0000E+00 0.0000E+00 6.6788E-09 6.12E-06 6.38E-06   0.059 1.0000 7.0727E-06    770.093
10211.00 0.93673611 1.1284E-24 0.0000E+00 0.0000E+00 6.5714E-09 6.5714E-09 0.0000E+00 0.0000E+00 6.5714E-09 6.00E-06 6.28E-06   0.065 1.0000 7.0352E-06    770.074
10221.00 0.93805414 1.0505E-24 0.0000E+00 0.0000E+00 6.6270E-09 6.6270E-09 0.0000E+00 0.0000E+00 6.6270E-09 6.04E-06 6.31E-06   0.064 1.0000 7.0526E-06    771.051
10231.00 0.95778096 6.8188E-25 0.0000E+00 0.0000E+00 6.8894E-09 6.8894E-09 0.0000E+00 0.0000E+00 6.8894E-09 6.30E-06 6.52E-06   0.043 1.0000 7.0865E-06    773.260
10241.00 0.92167157 1.2019E-24 0.0000E+00 0.0000E+00 6.3954E-09 6.3954E-09 0.0000E+00 0.0000E+00 6.3954E-09 5.77E-06 6.11E-06   0.082 1.0000 7.0343E-06    770.885
10251.00 0.91905046 1.1882E-24 0.0000E+00 0.0000E+00 6.5306E-09 6.5306E-09 0.0000E+00 0.0000E+00 6.5306E-09 5.90E-06 6.21E-06   0.084 1.0000 7.1175E-06    772.364
10261.00 0.92257506 1.0801E-24 0.0000E+00 0.0000E+00 6.4447E-09 6.4447E-09 0.0000E+00 0.0000E+00 6.4447E-09 5.81E-06 6.12E-06   0.081 1.0000 7.0004E-06    772.464
10271.00 0.92766452 9.6701E-25 0.0000E+00 0.0000E+00 6.4903E-09 6.4903E-09 0.0000E+00 0.0000E+00 6.4903E-09 5.83E-06 6.16E-06   0.075 1.0000 7.0253E-06    773.384
10281.00 0.94390869 7.1114E-25 0.0000E+00 0.0000E+00 6.7937E-09 6.7937E-09 0.0000E+00 0.0000E+00 6.7937E-09 6.13E-06 6.40E-06   0.058 1.0000 7.1074E-06    775.873
10291.00 0.94589835 6.5393E-25 0.0000E+00 0.0000E+00 6.8797E-09 6.8797E-09 0.0000E+00 0.0000E+00 6.8797E-09 6.21E-06 6.45E-06   0.056 1.0000 7.1198E-06    777.022
10301.00 0.95199955 5.4861E-25 0.0000E+00 0.0000E+00 6.8835E-09 6.8835E-09 0.0000E+00 0.0000E+00 6.8835E-09 6.21E-06 6.44E-06   0.049 1.0000 7.0598E-06    777.680
10311.00 0.95184857 5.3033E-25 0.0000E+00 0.0000E+00 6.9283E-09 6.9283E-09 0.0000E+00 0.0000E+00 6.9283E-09 6.23E-06 6.48E-06   0.049 1.0000 7.1065E-06    778.582
10321.00 0.94826329 5.3598E-25 0.0000E+00 0.0000E+00 6.8798E-09 6.8798E-09 0.0000E+00 0.0000E+00 6.8798E-09 6.16E-06 6.43E-06   0.053 1.0000 7.0834E-06    778.931
10331.00 0.94013286 5.9649E-25 0.0000E+00 0.0000E+00 6.7862E-09 6.7862E-09 0.0000E+00 0.0000E+00 6.7862E-09 6.07E-06 6.32E-06   0.062 1.0000 7.0410E-06    779.007
10341.00 0.89128554 1.0222E-24 0.0000E+00 0.0000E+00 6.1868E-09 6.1868E-09 0.0000E+00 0.0000E+00 6.1868E-09 5.44E-06 5.86E-06   0.115 1.0000 7.0807E-06    775.882
10351.00 0.89011580 9.9652E-25 0.0000E+00 0.0000E+00 6.0212E-09 6.0212E-09 0.0000E+00 0.0000E+00 6.0212E-09 5.26E-06 5.70E-06   0.116 1.0000 6.9482E-06    775.419
10361.00 0.88593215 9.7468E-25 0.0000E+00 0.0000E+00 6.1084E-09 6.1084E-09 0.0000E+00 0.0000E+00 6.1084E-09 5.33E-06 5.77E-06   0.121 1.0000 7.0420E-06    776.632
10371.00 0.85281551 1.2060E-24 0.0000E+00 0.0000E+00 5.7831E-09 5.7831E-09 0.0000E+00 0.0000E+00 5.7831E-09 5.01E-06 5.50E-06   0.159 1.0000 7.0259E-06    775.055
10381.00 0.89452571 8.2034E-25 0.0000E+00 0.0000E+00 6.2320E-09 6.2320E-09 0.0000E+00 0.0000E+00 6.2320E-09 5.43E-06 5.86E-06   0.111 1.0000 7.0297E-06    778.709
10391.00 0.82530689 1.2983E-24 0.0000E+00 0.0000E+00 5.4913E-09 5.4913E-09 0.0000E+00 0.0000E+00 5.4913E-09 4.70E-06 5.24E-06   0.192 1.0000 7.0152E-06    774.235
10401.00 0.87021196 9.1527E-25 0.0000E+00 0.0000E+00 6.1085E-09 6.1085E-09 0.0000E+00 0.0000E+00 6.1085E-09 5.28E-06 5.75E-06   0.139 1.0000 7.1156E-06    779.162
10411.00 0.85474032 9.8008E-25 0.0000E+00 0.0000E+00 5.7689E-09 5.7689E-09 0.0000E+00 0.0000E+00 5.7689E-09 4.95E-06 5.45E-06   0.157 1.0000 7.0090E-06    777.479
10421.00 0.78618717 1.3663E-24 0.0000E+00 0.0000E+00 5.1470E-09 5.1470E-09 0.0000E+00 0.0000E+00 5.1470E-09 4.32E-06 4.95E-06   0.241 1.0000 7.1097E-06    773.530
10431.00 0.81471753 1.1343E-24 0.0000E+00 0.0000E+00 5.5635E-09 5.5635E-09 0.0000E+00 0.0000E+00 5.5635E-09 4.73E-06 5.27E-06   0.205 1.0000 7.1282E-06    777.277
10441.00 0.86669892 7.7810E-25 0.0000E+00 0.0000E+00 6.0334E-09 6.0334E-09 0.0000E+00 0.0000E+00 6.0334E-09 5.18E-06 5.63E-06   0.143 1.0000 7.0319E-06    781.187
10451.00 0.77689081 1.2365E-24 0.0000E+00 0.0000E+00 5.1520E-09 5.1520E-09 0.0000E+00 0.0000E+00 5.1520E-09 4.31E-06 4.92E-06   0.252 1.0000 7.0411E-06    775.451
10461.00 0.78794336 1.1190E-24 0.0000E+00 0.0000E+00 5.1507E-09 5.1507E-09 0.0000E+00 0.0000E+00 5.1507E-09 4.30E-06 4.91E-06   0.238 1.0000 7.0152E-06    776.067
10471.00 0.80172420 9.9448E-25 0.0000E+00 0.0000E+00 5.0921E-09 5.0921E-09 0.0000E+00 0.0000E+00 5.0921E-09 4.27E-06 4.81E-06   0.221 1.0000 6.6482E-06    776.237
10481.00 0.81764144 8.7821E-25 0.0000E+00 0.0000E+00 5.5184E-09 5.5184E-09 0.0000E+00 0.0000E+00 5.5184E-09 4.65E-06 5.17E-06   0.201 1.0000 6.9292E-06    780.095
10491.00 0.79521924 9.2980E-25 0.0000E+00 0.0000E+00 5.3035E-09 5.3035E-09 0.0000E+00 0.0000E+00 5.3035E-09 4.42E-06 5.01E-06   0.229 1.0000 7.0576E-06    779.122
10501.00 0.70851588 1.2679E-24 0.0000E+00 0.0000E+00 4.5272E-09 4.5272E-09 0.0000E+00 0.0000E+00 4.5272E-09 3.68E-06 4.37E-06   0.345 1.0000 7.1082E-06    773.433
10511.00 0.87076497 5.4032E-25 0.0000E+00 0.0000E+00 6.1445E-09 6.1445E-09 0.0000E+00 0.0000E+00 6.1445E-09 5.19E-06 5.68E-06   0.138 1.0000 7.0870E-06    786.350
10521.00 0.73126423 1.0510E-24 0.0000E+00 0.0000E+00 4.7421E-09 4.7421E-09 0.0000E+00 0.0000E+00 4.7421E-09 3.88E-06 4.52E-06   0.313 1.0000 7.0837E-06    776.523
10531.00 0.73896921 9.8837E-25 0.0000E+00 0.0000E+00 4.9392E-09 4.9392E-09 0.0000E+00 0.0000E+00 4.9392E-09 4.05E-06 4.67E-06   0.302 1.0000 7.1337E-06    778.774
10541.00 0.77542675 7.9679E-25 0.0000E+00 0.0000E+00 5.2432E-09 5.2432E-09 0.0000E+00 0.0000E+00 5.2432E-09 4.33E-06 4.91E-06   0.254 1.0000 7.1238E-06    781.799
10551.00 0.75740820 8.2973E-25 0.0000E+00 0.0000E+00 4.9738E-09 4.9738E-09 0.0000E+00 0.0000E+00 4.9738E-09 4.05E-06 4.70E-06   0.278 1.0000 7.1123E-06    780.305
10561.00 0.76955479 7.4538E-25 0.0000E+00 0.0000E+00 5.0594E-09 5.0594E-09 0.0000E+00 0.0000E+00 5.0594E-09 4.12E-06 4.77E-06   0.262 1.0000 7.0759E-06    781.615
10571.00 0.69524592 9.4375E-25 0.0000E+00 0.0000E+00 4.4711E-09 4.4711E-09 0.0000E+00 0.0000E+00 4.4711E-09 3.60E-06 4.25E-06   0.363 1.0000 7.0632E-06    777.299
10581.00 0.78483468 6.3123E-25 0.0000E+00 0.0000E+00 5.2649E-09 5.2649E-09 0.0000E+00 0.0000E+00 5.2649E-09 4.31E-06 4.90E-06   0.242 1.0000 7.0083E-06    784.473
10591.00 0.66708261 9.3797E-25 0.0000E+00 0.0000E+00 4.1952E-09 4.1952E-09 0.0000E+00 0.0000E+00 4.1952E-09 3.35E-06 3.99E-06   0.405 1.0000 6.9242E-06    776.019
10601.00 0.71883482 7.4692E-25 0.0000E+00 0.0000E+00 4.7424E-09 4.7424E-09 0.0000E+00 0.0000E+00 4.7424E-09 3.84E-06 4.43E-06   0.330 1.0000 7.0103E-06    781.519
10611.00 0.78406596 5.5320E-25 0.0000E+00 0.0000E+00 5.3132E-09 5.3132E-09 0.0000E+00 0.0000E+00 5.3132E-09 4.33E-06 4.91E-06   0.243 1.0000 7.0013E-06    786.723
10621.00 0.82678241 4.1893E-25 0.0000E+00 0.0000E+00 5.3677E-09 5.3677E-09 0.0000E+00 0.0000E+00 5.3677E-09 4.38E-06 4.93E-06   0.190 1.0000 6.6904E-06    787.764
10631.00 0.83127022 3.9003E-25 0.0000E+00 0.0000E+00 5.6031E-09 5.6031E-09 0.0000E+00 0.0000E+00 5.6031E-09 4.57E-06 5.14E-06   0.185 1.0000 6.9249E-06    790.139
10641.00 0.87990791 2.6453E-25 0.0000E+00 0.0000E+00 6.3686E-09 6.3686E-09 0.0000E+00 0.0000E+00 6.3686E-09 5.27E-06 5.73E-06   0.128 1.0000 7.0679E-06    796.033
10651.00 0.75080770 5.1838E-25 0.0000E+00 0.0000E+00 5.0276E-09 5.0276E-09 0.0000E+00 0.0000E+00 5.0276E-09 4.04E-06 4.65E-06   0.287 1.0000 7.0860E-06    786.990
10661.00 0.65631211 6.8547E-25 0.0000E+00 0.0000E+00 4.1151E-09 4.1151E-09 0.0000E+00 0.0000E+00 4.1151E-09 3.20E-06 3.91E-06   0.421 1.0000 7.1135E-06    779.598
10671.00 0.65541244 6.5558E-25 0.0000E+00 0.0000E+00 4.0802E-09 4.0802E-09 0.0000E+00 0.0000E+00 4.0802E-09 3.15E-06 3.89E-06   0.422 1.0000 7.1053E-06    779.880
10681.00 0.65793169 6.1545E-25 0.0000E+00 0.0000E+00 4.1681E-09 4.1681E-09 0.0000E+00 0.0000E+00 4.1681E-09 3.25E-06 3.92E-06   0.419 1.0000 7.0271E-06    781.346
10691.00 0.67685550 5.5863E-25 0.0000E+00 0.0000E+00 4.4306E-09 4.4306E-09 0.0000E+00 0.0000E+00 4.4306E-09 3.49E-06 4.12E-06   0.390 1.0000 7.0496E-06    784.401
10701.00 0.55955279 7.2288E-25 0.0000E+00 0.0000E+00 3.3657E-09 3.3657E-09 0.0000E+00 0.0000E+00 3.3657E-09 2.54E-06 3.26E-06   0.581 1.0000 7.1224E-06    774.171
10711.00 0.66333556 5.2780E-25 0.0000E+00 0.0000E+00 4.2413E-09 4.2413E-09 0.0000E+00 0.0000E+00 4.2413E-09 3.25E-06 4.02E-06   0.410 1.0000 7.1299E-06    783.899
10721.00 0.68336964 4.7071E-25 0.0000E+00 0.0000E+00 4.5045E-09 4.5045E-09 0.0000E+00 0.0000E+00 4.5045E-09 3.49E-06 4.21E-06   0.381 1.0000 7.1129E-06    786.928
10731.00 0.68985462 4.4058E-25 0.0000E+00 0.0000E+00 4.6708E-09 4.6708E-09 0.0000E+00 0.0000E+00 4.6708E-09 3.67E-06 4.30E-06   0.371 1.0000 7.0795E-06    789.009
10741.00 0.78854954 2.8588E-25 0.0000E+00 0.0000E+00 5.6717E-09 5.6717E-09 0.0000E+00 0.0000E+00 5.6717E-09 4.53E-06 5.11E-06   0.238 1.0000 7.1186E-06    797.544
10751.00 0.83425391 2.1350E-25 0.0000E+00 0.0000E+00 6.0417E-09 6.0417E-09 0.0000E+00 0.0000E+00 6.0417E-09 4.84E-06 5.40E-06   0.181 1.0000 7.0904E-06    800.783
10761.00 0.88764578 1.3787E-25 0.0000E+00 0.0000E+00 6.5636E-09 6.5636E-09 0.0000E+00 0.0000E+00 6.5636E-09 5.31E-06 5.79E-06   0.119 1.0000 7.0349E-06    804.864
10771.00 0.89710367 1.2021E-25 0.0000E+00 0.0000E+00 6.7643E-09 6.7643E-09 0.0000E+00 0.0000E+00 6.7643E-09 5.48E-06 5.94E-06   0.109 1.0000 7.1304E-06    806.758
10781.00 0.93831015 6.9117E-26 0.0000E+00 0.0000E+00 7.3360E-09 7.3360E-09 0.0000E+00 0.0000E+00 7.3360E-09 6.01E-06 6.34E-06   0.064 1.0000 7.1406E-06    810.814
10791.00 0.95820111 4.4055E-26 0.0000E+00 0.0000E+00 7.4994E-09 7.4994E-09 0.0000E+00 0.0000E+00 7.4994E-09 6.18E-06 6.42E-06   0.043 1.0000 6.9990E-06    812.383
10801.00 0.95592958 4.4490E-26 0.0000E+00 0.0000E+00 7.2841E-09 7.2841E-09 0.0000E+00 0.0000E+00 7.2841E-09 5.99E-06 6.23E-06   0.045 1.0000 6.8221E-06    811.781
10811.00 0.94713932 5.0708E-26 0.0000E+00 0.0000E+00 7.3315E-09 7.3315E-09 0.0000E+00 0.0000E+00 7.3315E-09 6.00E-06 6.28E-06   0.054 1.0000 6.9842E-06    812.690
10821.00 0.94744527 4.8084E-26 0.0000E+00 0.0000E+00 7.2765E-09 7.2765E-09 0.0000E+00 0.0000E+00 7.2765E-09 5.94E-06 6.23E-06   0.054 1.0000 6.9254E-06    813.004
10831.00 0.95741689 3.7144E-26 0.0000E+00 0.0000E+00 7.1609E-09 7.1609E-09 0.0000E+00 0.0000E+00 7.1609E-09 5.86E-06 6.09E-06   0.044 1.0000 6.6572E-06    812.958
10841.00 0.95722377 3.5329E-26 0.0000E+00 0.0000E+00 7.4459E-09 7.4459E-09 0.0000E+00 0.0000E+00 7.4459E-09 6.09E-06 6.31E-06   0.044 1.0000 6.8867E-06    815.250
10851.00 0.94775796 4.1402E-26 0.0000E+00 0.0000E+00 7.2664E-09 7.2664E-09 0.0000E+00 0.0000E+00 7.2664E-09 5.91E-06 6.17E-06   0.054 1.0000 6.8426E-06    814.846
10861.00 0.96631378 2.5440E-26 0.0000E+00 0.0000E+00 7.7114E-09 7.7114E-09 0.0000E+00 0.0000E+00 7.7114E-09 6.30E-06 6.50E-06   0.034 1.0000 6.9906E-06    818.016
10871.00 0.93974996 4.2986E-26 0.0000E+00 0.0000E+00 7.4504E-09 7.4504E-09 0.0000E+00 0.0000E+00 7.4504E-09 6.03E-06 6.32E-06   0.062 1.0000 7.0910E-06    817.178
10881.00 0.94545227 3.7105E-26 0.0000E+00 0.0000E+00 7.5844E-09 7.5844E-09 0.0000E+00 0.0000E+00 7.5844E-09 6.13E-06 6.41E-06   0.056 1.0000 7.1322E-06    818.574
10891.00 0.91264719 5.6395E-26 0.0000E+00 0.0000E+00 7.0754E-09 7.0754E-09 0.0000E+00 0.0000E+00 7.0754E-09 5.66E-06 6.03E-06   0.091 1.0000 7.0869E-06    816.244
10901.00 0.91047823 5.5872E-26 0.0000E+00 0.0000E+00 6.9965E-09 6.9965E-09 0.0000E+00 0.0000E+00 6.9965E-09 5.57E-06 5.96E-06   0.094 1.0000 7.0299E-06    816.400
10911.00 0.93940359 3.5532E-26 0.0000E+00 0.0000E+00 7.4911E-09 7.4911E-09 0.0000E+00 0.0000E+00 7.4911E-09 6.01E-06 6.32E-06   0.063 1.0000 7.1167E-06    819.947
10921.00 0.87764466 6.8716E-26 0.0000E+00 0.0000E+00 6.6886E-09 6.6886E-09 0.0000E+00 0.0000E+00 6.6886E-09 5.27E-06 5.73E-06   0.131 1.0000 7.1418E-06    815.753
10931.00 0.94710982 2.8467E-26 0.0000E+00 0.0000E+00 7.5541E-09 7.5541E-09 0.0000E+00 0.0000E+00 7.5541E-09 6.04E-06 6.34E-06   0.054 1.0000 7.0585E-06    821.573
10941.00 0.89110863 5.5074E-26 0.0000E+00 0.0000E+00 6.9655E-09 6.9655E-09 0.0000E+00 0.0000E+00 6.9655E-09 5.50E-06 5.91E-06   0.115 1.0000 7.1797E-06    818.738
10951.00 0.89934456 4.9155E-26 0.0000E+00 0.0000E+00 7.0779E-09 7.0779E-09 0.0000E+00 0.0000E+00 7.0779E-09 5.57E-06 6.00E-06   0.106 1.0000 7.2169E-06    820.052
10961.00 0.92357230 3.5106E-26 0.0000E+00 0.0000E+00 7.3408E-09 7.3408E-09 0.0000E+00 0.0000E+00 7.3408E-09 5.83E-06 6.14E-06   0.080 1.0000 7.0517E-06    822.245
10971.00 0.93756920 2.7487E-26 0.0000E+00 0.0000E+00 7.4079E-09 7.4079E-09 0.0000E+00 0.0000E+00 7.4079E-09 5.88E-06 6.18E-06   0.064 1.0000 6.9688E-06    823.268
10981.00 0.91013432 3.7609E-26 0.0000E+00 0.0000E+00 7.1701E-09 7.1701E-09 0.0000E+00 0.0000E+00 7.1701E-09 5.64E-06 6.01E-06   0.094 1.0000 7.0849E-06    822.501
10991.00 0.91940641 3.2250E-26 0.0000E+00 0.0000E+00 7.1466E-09 7.1466E-09 0.0000E+00 0.0000E+00 7.1466E-09 5.62E-06 5.97E-06   0.084 1.0000 6.9574E-06    822.992
11001.00 0.90314031 3.6749E-26 0.0000E+00 0.0000E+00 6.9729E-09 6.9729E-09 0.0000E+00 0.0000E+00 6.9729E-09 5.48E-06 5.82E-06   0.102 1.0000 6.8715E-06    822.572
11011.00 0.90506393 3.4403E-26 0.0000E+00 0.0000E+00 7.1019E-09 7.1019E-09 0.0000E+00 0.0000E+00 7.1019E-09 5.57E-06 5.92E-06   0.100 1.0000 7.0129E-06    823.987
11021.00 0.90129644 3.4037E-26 0.0000E+00 0.0000E+00 7.2873E-09 7.2873E-09 0.0000E+00 0.0000E+00 7.2873E-09 5.71E-06 6.05E-06   0.104 1.0000 7.1591E-06    825.725
11031.00 0.93764812 2.0521E-26 0.0000E+00 0.0000E+00 7.5276E-09 7.5276E-09 0.0000E+00 0.0000E+00 7.5276E-09 5.92E-06 6.21E-06   0.064 1.0000 6.9952E-06    827.756
11041.00 0.95613438 1.3702E-26 0.0000E+00 0.0000E+00 8.0122E-09 8.0122E-09 0.0000E+00 0.0000E+00 8.0122E-09 6.33E-06 6.55E-06   0.045 1.0000 7.1647E-06    831.093
11051.00 0.96061403 1.1722E-26 0.0000E+00 0.0000E+00 8.1380E-09 8.1380E-09 0.0000E+00 0.0000E+00 8.1380E-09 6.42E-06 6.64E-06   0.040 1.0000 7.2125E-06    832.406
11061.00 0.96489757 9.9783E-27 0.0000E+00 0.0000E+00 8.2097E-09 8.2097E-09 0.0000E+00 0.0000E+00 8.2097E-09 6.47E-06 6.68E-06   0.036 1.0000 7.1991E-06    833.423
11071.00 0.93639904 1.7018E-26 0.0000E+00 0.0000E+00 7.7596E-09 7.7596E-09 0.0000E+00 0.0000E+00 7.7596E-09 6.07E-06 6.34E-06   0.066 1.0000 7.1309E-06    831.603
11081.00 0.90312052 2.4919E-26 0.0000E+00 0.0000E+00 7.1490E-09 7.1490E-09 0.0000E+00 0.0000E+00 7.1490E-09 5.55E-06 5.87E-06   0.102 1.0000 6.9276E-06    828.691
11091.00 0.91110402 2.1800E-26 0.0000E+00 0.0000E+00 6.9425E-09 6.9425E-09 0.0000E+00 0.0000E+00 6.9425E-09 5.38E-06 5.69E-06   0.093 1.0000 6.6409E-06    828.061
11101.00 0.89990181 2.3255E-26 0.0000E+00 0.0000E+00 7.0506E-09 7.0506E-09 0.0000E+00 0.0000E+00 7.0506E-09 5.43E-06 5.80E-06   0.105 1.0000 6.9341E-06    829.356
11111.00 0.91152978 1.9688E-26 0.0000E+00 0.0000E+00 7.3861E-09 7.3861E-09 0.0000E+00 0.0000E+00 7.3861E-09 5.72E-06 6.01E-06   0.093 1.0000 6.9855E-06    831.995
11121.00 0.85065353 3.1584E-26 0.0000E+00 0.0000E+00 6.7080E-09 6.7080E-09 0.0000E+00 0.0000E+00 6.7080E-09 5.09E-06 5.56E-06   0.162 1.0000 7.1540E-06    828.475
11131.00 0.91736835 1.6722E-26 0.0000E+00 0.0000E+00 7.6293E-09 7.6293E-09 0.0000E+00 0.0000E+00 7.6293E-09 5.89E-06 6.19E-06   0.086 1.0000 7.1521E-06    834.665
11141.00 0.92337239 1.4691E-26 0.0000E+00 0.0000E+00 7.6086E-09 7.6086E-09 0.0000E+00 0.0000E+00 7.6086E-09 5.85E-06 6.18E-06   0.080 1.0000 7.1081E-06    835.180
11151.00 0.91553432 1.5427E-26 0.0000E+00 0.0000E+00 7.5317E-09 7.5317E-09 0.0000E+00 0.0000E+00 7.5317E-09 5.77E-06 6.11E-06   0.088 1.0000 7.1052E-06    835.370
11161.00 0.94113982 1.0243E-26 0.0000E+00 0.0000E+00 8.0454E-09 8.0454E-09 0.0000E+00 0.0000E+00 8.0454E-09 6.19E-06 6.48E-06   0.061 1.0000 7.2334E-06    838.884
11171.00 0.95326263 7.7866E-27 0.0000E+00 0.0000E+00 8.0109E-09 8.0109E-09 0.0000E+00 0.0000E+00 8.0109E-09 6.17E-06 6.42E-06   0.048 1.0000 7.0471E-06    839.329
11181.00 0.96846133 4.9909E-27 0.0000E+00 0.0000E+00 8.2775E-09 8.2775E-09 0.0000E+00 0.0000E+00 8.2775E-09 6.40E-06 6.59E-06   0.032 1.0000 7.0589E-06    841.401
11191.00 0.97048968 4.4253E-27 0.0000E+00 0.0000E+00 8.4122E-09 8.4122E-09 0.0000E+00 0.0000E+00 8.4122E-09 6.49E-06 6.68E-06   0.030 1.0000 7.1368E-06    842.747
11201.00 0.97686476 3.3249E-27 0.0000E+00 0.0000E+00 8.3492E-09 8.3492E-09 0.0000E+00 0.0000E+00 8.3492E-09 6.45E-06 6.60E-06   0.023 1.0000 6.9786E-06    843.050
11211.00 0.97906435 2.8536E-27 0.0000E+00 0.0000E+00 8.5735E-09 8.5735E-09 0.0000E+00 0.0000E+00 8.5735E-09 6.62E-06 6.76E-06   0.021 1.0000 7.1244E-06    844.856
11221.00 0.98126441 2.4314E-27 0.0000E+00 0.0000E+00 8.6782E-09 8.6782E-09 0.0000E+00 0.0000E+00 8.6782E-09 6.70E-06 6.82E-06   0.019 1.0000 7.1611E-06    846.029
11231.00 0.98081833 2.3692E-27 0.0000E+00 0.0000E+00 8.7430E-09 8.7430E-09 0.0000E+00 0.0000E+00 8.7430E-09 6.73E-06 6.86E-06   0.019 1.0000 7.2119E-06    846.995
11241.00 0.98133004 2.1991E-27 0.0000E+00 0.0000E+00 8.6822E-09 8.6822E-09 0.0000E+00 0.0000E+00 8.6822E-09 6.68E-06 6.80E-06   0.019 1.0000 7.1417E-06    847.320
11251.00 0.98156351 2.0638E-27 0.0000E+00 0.0000E+00 8.7245E-09 8.7245E-09 0.0000E+00 0.0000E+00 8.7245E-09 6.70E-06 6.82E-06   0.019 1.0000 7.1598E-06    848.171
11261.00 0.98020643 2.1148E-27 0.0000E+00 0.0000E+00 8.6400E-09 8.6400E-09 0.0000E+00 0.0000E+00 8.6400E-09 6.62E-06 6.75E-06   0.020 1.0000 7.1006E-06    848.374
11271.00 0.98158365 1.8708E-27 0.0000E+00 0.0000E+00 8.5236E-09 8.5236E-09 0.0000E+00 0.0000E+00 8.5236E-09 6.52E-06 6.64E-06   0.019 1.0000 6.9712E-06    848.406
11281.00 0.98076850 1.8600E-27 0.0000E+00 0.0000E+00 8.2384E-09 8.2384E-09 0.0000E+00 0.0000E+00 8.2384E-09 6.29E-06 6.41E-06   0.019 1.0000 6.7401E-06    847.532
11291.00 0.98077792 1.7738E-27 0.0000E+00 0.0000E+00 8.7289E-09 8.7289E-09 0.0000E+00 0.0000E+00 8.7289E-09 6.65E-06 6.78E-06   0.019 1.0000 7.1282E-06    850.734
11301.00 0.98190701 1.5885E-27 0.0000E+00 0.0000E+00 8.7725E-09 8.7725E-09 0.0000E+00 0.0000E+00 8.7725E-09 6.68E-06 6.80E-06   0.018 1.0000 7.1331E-06    851.592
11311.00 0.98177832 1.5226E-27 0.0000E+00 0.0000E+00 8.6657E-09 8.6657E-09 0.0000E+00 0.0000E+00 8.6657E-09 6.59E-06 6.71E-06   0.018 1.0000 7.0365E-06    851.681
11321.00 0.98163664 1.4622E-27 0.0000E+00 0.0000E+00 8.7840E-09 8.7840E-09 0.0000E+00 0.0000E+00 8.7840E-09 6.66E-06 6.79E-06   0.019 1.0000 7.1226E-06    852.920
11331.00 0.98160082 1.3940E-27 0.0000E+00 0.0000E+00 8.6151E-09 8.6151E-09 0.0000E+00 0.0000E+00 8.6151E-09 6.52E-06 6.65E-06   0.019 1.0000 6.9746E-06    852.689
11341.00 0.98159832 1.3286E-27 0.0000E+00 0.0000E+00 8.7750E-09 8.7750E-09 0.0000E+00 0.0000E+00 8.7750E-09 6.63E-06 6.76E-06   0.019 1.0000 7.0920E-06    854.145
11351.00 0.98173296 1.2558E-27 0.0000E+00 0.0000E+00 8.3120E-09 8.3120E-09 0.0000E+00 0.0000E+00 8.3120E-09 6.27E-06 6.39E-06   0.018 1.0000 6.7048E-06    852.361
11361.00 0.98173171 1.1961E-27 0.0000E+00 0.0000E+00 8.8029E-09 8.8029E-09 0.0000E+00 0.0000E+00 8.8029E-09 6.63E-06 6.76E-06   0.018 1.0000 7.0885E-06    855.556
11371.00 0.98195082 1.1251E-27 0.0000E+00 0.0000E+00 8.7048E-09 8.7048E-09 0.0000E+00 0.0000E+00 8.7048E-09 6.55E-06 6.67E-06   0.018 1.0000 6.9944E-06    855.689
11381.00 0.98176247 1.0826E-27 0.0000E+00 0.0000E+00 8.9250E-09 8.9250E-09 0.0000E+00 0.0000E+00 8.9250E-09 6.70E-06 6.83E-06   0.018 1.0000 7.1623E-06    857.444
11391.00 0.98188251 1.0243E-27 0.0000E+00 0.0000E+00 8.8657E-09 8.8657E-09 0.0000E+00 0.0000E+00 8.8657E-09 6.65E-06 6.77E-06   0.018 1.0000 7.1013E-06    857.780
11401.00 0.98188519 9.7520E-28 0.0000E+00 0.0000E+00 8.9035E-09 8.9035E-09 0.0000E+00 0.0000E+00 8.9035E-09 6.66E-06 6.79E-06   0.018 1.0000 7.1195E-06    858.605
11411.00 0.98181868 9.3200E-28 0.0000E+00 0.0000E+00 8.8805E-09 8.8805E-09 0.0000E+00 0.0000E+00 8.8805E-09 6.63E-06 6.76E-06   0.018 1.0000 7.0904E-06    859.124
11421.00 0.98186976 8.8509E-28 0.0000E+00 0.0000E+00 8.6303E-09 8.6303E-09 0.0000E+00 0.0000E+00 8.6303E-09 6.44E-06 6.56E-06   0.018 1.0000 6.8786E-06    858.475
11431.00 0.98184150 8.4414E-28 0.0000E+00 0.0000E+00 8.7832E-09 8.7832E-09 0.0000E+00 0.0000E+00 8.7832E-09 6.54E-06 6.66E-06   0.018 1.0000 6.9893E-06    859.897
11441.00 0.98180377 8.0551E-28 0.0000E+00 0.0000E+00 8.8461E-09 8.8461E-09 0.0000E+00 0.0000E+00 8.8461E-09 6.57E-06 6.70E-06   0.018 1.0000 7.0284E-06    860.853
11451.00 0.98182124 7.6634E-28 0.0000E+00 0.0000E+00 8.9336E-09 8.9336E-09 0.0000E+00 0.0000E+00 8.9336E-09 6.63E-06 6.75E-06   0.018 1.0000 7.0859E-06    861.931
11461.00 0.98180801 7.3027E-28 0.0000E+00 0.0000E+00 9.0490E-09 9.0490E-09 0.0000E+00 0.0000E+00 9.0490E-09 6.70E-06 6.83E-06   0.018 1.0000 7.1660E-06    863.145
11471.00 0.98177892 6.9651E-28 0.0000E+00 0.0000E+00 8.9119E-09 8.9119E-09 0.0000E+00 0.0000E+00 8.9119E-09 6.59E-06 6.71E-06   0.018 1.0000 7.0465E-06    863.090
11481.00 0.98172408 6.6527E-28 0.0000E+00 0.0000E+00 8.9784E-09 8.9784E-09 0.0000E+00 0.0000E+00 8.9784E-09 6.63E-06 6.75E-06   0.018 1.0000 7.0883E-06    864.060
11491.00 0.98171991 6.3365E-28 0.0000E+00 0.0000E+00 8.9838E-09 8.9838E-09 0.0000E+00 0.0000E+00 8.9838E-09 6.62E-06 6.74E-06   0.018 1.0000 7.0811E-06    864.722
11501.00 0.98168910 6.0441E-28 0.0000E+00 0.0000E+00 8.7805E-09 8.7805E-09 0.0000E+00 0.0000E+00 8.7805E-09 6.46E-06 6.58E-06   0.018 1.0000 6.9103E-06    864.322
11511.00 0.98166049 5.7646E-28 0.0000E+00 0.0000E+00 8.7393E-09 8.7393E-09 0.0000E+00 0.0000E+00 8.7393E-09 6.42E-06 6.54E-06   0.019 1.0000 6.8667E-06    864.743
11521.00 0.98162037 5.5012E-28 0.0000E+00 0.0000E+00 8.7851E-09 8.7851E-09 0.0000E+00 0.0000E+00 8.7851E-09 6.44E-06 6.56E-06   0.019 1.0000 6.8922E-06    865.612
11531.00 0.98158610 5.2483E-28 0.0000E+00 0.0000E+00 8.4701E-09 8.4701E-09 0.0000E+00 0.0000E+00 8.4701E-09 6.20E-06 6.32E-06   0.019 1.0000 6.6351E-06    864.598
11541.00 0.98155916 5.0051E-28 0.0000E+00 0.0000E+00 6.7474E-09 6.7474E-09 0.0000E+00 0.0000E+00 6.7474E-09 4.93E-06 5.02E-06   0.019 1.0000 5.2774E-06    855.099
11551.00 0.98151082 4.7784E-28 0.0000E+00 0.0000E+00 8.5925E-09 8.5925E-09 0.0000E+00 0.0000E+00 8.5925E-09 6.27E-06 6.39E-06   0.019 1.0000 6.7102E-06    866.511
11561.00 0.98147506 4.5591E-28 0.0000E+00 0.0000E+00 9.0393E-09 9.0393E-09 0.0000E+00 0.0000E+00 9.0393E-09 6.58E-06 6.71E-06   0.019 1.0000 7.0485E-06    869.441
11571.00 0.98145592 4.3458E-28 0.0000E+00 0.0000E+00 9.2194E-09 9.2194E-09 0.0000E+00 0.0000E+00 9.2194E-09 6.70E-06 6.83E-06   0.019 1.0000 7.1778E-06    870.973
11581.00 0.98139602 4.1514E-28 0.0000E+00 0.0000E+00 9.1731E-09 9.1731E-09 0.0000E+00 0.0000E+00 9.1731E-09 6.66E-06 6.78E-06   0.019 1.0000 7.1315E-06    871.378
11591.00 0.98125803 3.9826E-28 0.0000E+00 0.0000E+00 9.1878E-09 9.1878E-09 0.0000E+00 0.0000E+00 9.1878E-09 6.66E-06 6.78E-06   0.019 1.0000 7.1338E-06    872.086
11601.00 0.98131812 3.7805E-28 0.0000E+00 0.0000E+00 9.0535E-09 9.0535E-09 0.0000E+00 0.0000E+00 9.0535E-09 6.55E-06 6.67E-06   0.019 1.0000 7.0173E-06    872.048
11611.00 0.98115617 3.6305E-28 0.0000E+00 0.0000E+00 9.0521E-09 9.0521E-09 0.0000E+00 0.0000E+00 9.0521E-09 6.54E-06 6.66E-06   0.019 1.0000 7.0074E-06    872.676
11621.00 0.98119503 3.4505E-28 0.0000E+00 0.0000E+00 9.1562E-09 9.1562E-09 0.0000E+00 0.0000E+00 9.1562E-09 6.60E-06 6.73E-06   0.019 1.0000 7.0763E-06    873.831
11631.00 0.98102987 3.3136E-28 0.0000E+00 0.0000E+00 9.1023E-09 9.1023E-09 0.0000E+00 0.0000E+00 9.1023E-09 6.55E-06 6.68E-06   0.019 1.0000 7.0263E-06    874.195
11641.00 0.98087037 3.1831E-28 0.0000E+00 0.0000E+00 9.0991E-09 9.0991E-09 0.0000E+00 0.0000E+00 9.0991E-09 6.54E-06 6.66E-06   0.019 1.0000 7.0154E-06    874.813
11651.00 0.98095673 3.0166E-28 0.0000E+00 0.0000E+00 9.1156E-09 9.1156E-09 0.0000E+00 0.0000E+00 9.1156E-09 6.54E-06 6.66E-06   0.019 1.0000 7.0154E-06    875.530
11661.00 0.98035747 2.9624E-28 0.0000E+00 0.0000E+00 9.2804E-09 9.2804E-09 0.0000E+00 0.0000E+00 9.2804E-09 6.64E-06 6.77E-06   0.020 1.0000 7.1406E-06    876.984
11671.00 0.98080254 2.7581E-28 0.0000E+00 0.0000E+00 9.3187E-09 9.3187E-09 0.0000E+00 0.0000E+00 9.3187E-09 6.66E-06 6.79E-06   0.019 1.0000 7.1519E-06    877.807
11681.00 0.98048550 2.6681E-28 0.0000E+00 0.0000E+00 9.1733E-09 9.1733E-09 0.0000E+00 0.0000E+00 9.1733E-09 6.54E-06 6.67E-06   0.020 1.0000 7.0342E-06    877.719
11691.00 0.98026860 2.5704E-28 0.0000E+00 0.0000E+00 8.8976E-09 8.8976E-09 0.0000E+00 0.0000E+00 8.8976E-09 6.34E-06 6.46E-06   0.020 1.0000 6.8153E-06    876.956
11701.00 0.98005903 2.4719E-28 0.0000E+00 0.0000E+00 6.6731E-09 6.6731E-09 0.0000E+00 0.0000E+00 6.6731E-09 4.74E-06 4.84E-06   0.020 1.0000 5.1054E-06    864.622
11711.00 0.97967619 2.4009E-28 0.0000E+00 0.0000E+00 7.9771E-09 7.9771E-09 0.0000E+00 0.0000E+00 7.9771E-09 5.66E-06 5.78E-06   0.021 1.0000 6.0975E-06    873.251
11721.00 0.98027658 2.2179E-28 0.0000E+00 0.0000E+00 9.1031E-09 9.1031E-09 0.0000E+00 0.0000E+00 9.1031E-09 6.45E-06 6.58E-06   0.020 1.0000 6.9393E-06    879.901
11731.00 0.97967339 2.1755E-28 0.0000E+00 0.0000E+00 9.2493E-09 9.2493E-09 0.0000E+00 0.0000E+00 9.2493E-09 6.54E-06 6.68E-06   0.021 1.0000 7.0489E-06    881.266
11741.00 0.97892773 2.1476E-28 0.0000E+00 0.0000E+00 8.9773E-09 8.9773E-09 0.0000E+00 0.0000E+00 8.9773E-09 6.33E-06 6.47E-06   0.021 1.0000 6.8430E-06    880.528
11751.00 0.97951275 1.9903E-28 0.0000E+00 0.0000E+00 9.3169E-09 9.3169E-09 0.0000E+00 0.0000E+00 9.3169E-09 6.57E-06 6.70E-06   0.021 1.0000 7.0799E-06    882.869
11761.00 0.97997040 1.8517E-28 0.0000E+00 0.0000E+00 8.2755E-09 8.2755E-09 0.0000E+00 0.0000E+00 8.2755E-09 5.82E-06 5.94E-06   0.020 1.0000 6.2711E-06    878.069
11771.00 0.97984970 1.7735E-28 0.0000E+00 0.0000E+00 8.8865E-09 8.8865E-09 0.0000E+00 0.0000E+00 8.8865E-09 6.24E-06 6.37E-06   0.020 1.0000 6.7248E-06    881.959
11781.00 0.97973204 1.6988E-28 0.0000E+00 0.0000E+00 9.4482E-09 9.4482E-09 0.0000E+00 0.0000E+00 9.4482E-09 6.63E-06 6.76E-06   0.020 1.0000 7.1404E-06    885.417
11791.00 0.97953099 1.6338E-28 0.0000E+00 0.0000E+00 9.4549E-09 9.4549E-09 0.0000E+00 0.0000E+00 9.4549E-09 6.62E-06 6.76E-06   0.021 1.0000 7.1364E-06    886.083
11801.00 0.98033541 1.4945E-28 0.0000E+00 0.0000E+00 9.2761E-09 9.2761E-09 0.0000E+00 0.0000E+00 9.2761E-09 6.49E-06 6.62E-06   0.020 1.0000 6.9763E-06    885.833
11811.00 0.97990322 1.4532E-28 0.0000E+00 0.0000E+00 9.3134E-09 9.3134E-09 0.0000E+00 0.0000E+00 9.3134E-09 6.50E-06 6.63E-06   0.020 1.0000 7.0000E-06    886.652
11821.00 0.97965890 1.4022E-28 0.0000E+00 0.0000E+00 9.4751E-09 9.4751E-09 0.0000E+00 0.0000E+00 9.4751E-09 6.60E-06 6.74E-06   0.021 1.0000 7.1140E-06    888.083
11831.00 0.97970259 1.3314E-28 0.0000E+00 0.0000E+00 9.4739E-09 9.4739E-09 0.0000E+00 0.0000E+00 9.4739E-09 6.59E-06 6.73E-06   0.021 1.0000 7.1007E-06    888.711
11841.00 0.97878331 1.3245E-28 0.0000E+00 0.0000E+00 9.3656E-09 9.3656E-09 0.0000E+00 0.0000E+00 9.3656E-09 6.50E-06 6.64E-06   0.021 1.0000 7.0230E-06    888.811
11851.00 0.97760123 1.3324E-28 0.0000E+00 0.0000E+00 9.2450E-09 9.2450E-09 0.0000E+00 0.0000E+00 9.2450E-09 6.40E-06 6.55E-06   0.023 1.0000 6.9407E-06    888.843
11861.00 0.97857320 1.2142E-28 0.0000E+00 0.0000E+00 9.4626E-09 9.4626E-09 0.0000E+00 0.0000E+00 9.4626E-09 6.54E-06 6.69E-06   0.022 1.0000 7.0767E-06    890.556
11871.00 0.97874439 1.1448E-28 0.0000E+00 0.0000E+00 9.4093E-09 9.4093E-09 0.0000E+00 0.0000E+00 9.4093E-09 6.50E-06 6.64E-06   0.021 1.0000 7.0212E-06    890.926
11881.00 0.97678763 1.1920E-28 0.0000E+00 0.0000E+00 9.4667E-09 9.4667E-09 0.0000E+00 0.0000E+00 9.4667E-09 6.52E-06 6.67E-06   0.023 1.0000 7.0855E-06    891.842
11891.00 0.97572935 1.1869E-28 0.0000E+00 0.0000E+00 9.5397E-09 9.5397E-09 0.0000E+00 0.0000E+00 9.5397E-09 6.56E-06 6.72E-06   0.025 1.0000 7.1453E-06    892.833
11901.00 0.97728908 1.0569E-28 0.0000E+00 0.0000E+00 9.5207E-09 9.5207E-09 0.0000E+00 0.0000E+00 9.5207E-09 6.54E-06 6.69E-06   0.023 1.0000 7.0928E-06    893.373
11911.00 0.97717351 1.0127E-28 0.0000E+00 0.0000E+00 9.4887E-09 9.4887E-09 0.0000E+00 0.0000E+00 9.4887E-09 6.50E-06 6.66E-06   0.023 1.0000 7.0600E-06    893.849
11921.00 0.97528774 1.0422E-28 0.0000E+00 0.0000E+00 9.1831E-09 9.1831E-09 0.0000E+00 0.0000E+00 9.1831E-09 6.28E-06 6.44E-06   0.025 1.0000 6.8519E-06    892.958
11931.00 0.97477102 1.0118E-28 0.0000E+00 0.0000E+00 9.5151E-09 9.5151E-09 0.0000E+00 0.0000E+00 9.5151E-09 6.49E-06 6.66E-06   0.026 1.0000 7.0928E-06    895.245
11941.00 0.97294909 1.0363E-28 0.0000E+00 0.0000E+00 9.5571E-09 9.5571E-09 0.0000E+00 0.0000E+00 9.5571E-09 6.51E-06 6.68E-06   0.027 1.0000 7.1401E-06    896.084
11951.00 0.97265458 9.9543E-29 0.0000E+00 0.0000E+00 9.4407E-09 9.4407E-09 0.0000E+00 0.0000E+00 9.4407E-09 6.42E-06 6.59E-06   0.028 1.0000 7.0443E-06    896.144
11961.00 0.96882516 1.0806E-28 0.0000E+00 0.0000E+00 9.4670E-09 9.4670E-09 0.0000E+00 0.0000E+00 9.4670E-09 6.41E-06 6.61E-06   0.032 1.0000 7.1078E-06    896.907
11971.00 0.97055930 9.7385E-29 0.0000E+00 0.0000E+00 9.4894E-09 9.4894E-09 0.0000E+00 0.0000E+00 9.4894E-09 6.42E-06 6.61E-06   0.030 1.0000 7.0906E-06    897.649
11981.00 0.97110474 9.0593E-29 0.0000E+00 0.0000E+00 9.3555E-09 9.3555E-09 0.0000E+00 0.0000E+00 9.3555E-09 6.33E-06 6.50E-06   0.029 1.0000 6.9668E-06    897.617
11991.00 0.96175396 1.1457E-28 0.0000E+00 0.0000E+00 9.2169E-09 9.2169E-09 0.0000E+00 0.0000E+00 9.2169E-09 6.20E-06 6.42E-06   0.039 1.0000 6.9804E-06    897.552
12001.00 0.96245998 1.0722E-28 0.0000E+00 0.0000E+00 9.1022E-09 9.1022E-09 0.0000E+00 0.0000E+00 9.1022E-09 6.11E-06 6.33E-06   0.038 1.0000 6.8879E-06    897.599
12011.00 0.95179856 1.2989E-28 0.0000E+00 0.0000E+00 9.1107E-09 9.1107E-09 0.0000E+00 0.0000E+00 9.1107E-09 6.10E-06 6.33E-06   0.049 1.0000 6.9934E-06    898.274
12021.00 0.94626343 1.3968E-28 0.0000E+00 0.0000E+00 9.1179E-09 9.1179E-09 0.0000E+00 0.0000E+00 9.1179E-09 6.08E-06 6.34E-06   0.055 1.0000 7.0695E-06    898.942
12031.00 0.96172208 9.3880E-29 0.0000E+00 0.0000E+00 9.2415E-09 9.2415E-09 0.0000E+00 0.0000E+00 9.2415E-09 6.18E-06 6.39E-06   0.039 1.0000 6.9475E-06    900.203
12041.00 0.94840795 1.2119E-28 0.0000E+00 0.0000E+00 9.1513E-09 9.1513E-09 0.0000E+00 0.0000E+00 9.1513E-09 6.09E-06 6.33E-06   0.053 1.0000 7.0298E-06    900.375
12051.00 0.94975716 1.1188E-28 0.0000E+00 0.0000E+00 9.1733E-09 9.1733E-09 0.0000E+00 0.0000E+00 9.1733E-09 6.09E-06 6.34E-06   0.052 1.0000 7.0419E-06    901.119
12061.00 0.93763208 1.3268E-28 0.0000E+00 0.0000E+00 9.1010E-09 9.1010E-09 0.0000E+00 0.0000E+00 9.1010E-09 6.02E-06 6.30E-06   0.064 1.0000 7.1140E-06    901.380
12071.00 0.93815207 1.2482E-28 0.0000E+00 0.0000E+00 9.1890E-09 9.1890E-09 0.0000E+00 0.0000E+00 9.1890E-09 6.08E-06 6.34E-06   0.064 1.0000 7.1599E-06    902.461
12081.00 0.92969137 1.3548E-28 0.0000E+00 0.0000E+00 8.9665E-09 8.9665E-09 0.0000E+00 0.0000E+00 8.9665E-09 5.90E-06 6.20E-06   0.073 1.0000 7.1226E-06    901.944
12091.00 0.96521348 6.4125E-29 0.0000E+00 0.0000E+00 9.6312E-09 9.6312E-09 0.0000E+00 0.0000E+00 9.6312E-09 6.39E-06 6.58E-06   0.035 1.0000 7.1353E-06    905.936
12101.00 0.95428467 7.9335E-29 0.0000E+00 0.0000E+00 9.4233E-09 9.4233E-09 0.0000E+00 0.0000E+00 9.4233E-09 6.22E-06 6.46E-06   0.047 1.0000 7.1283E-06    905.539
12111.00 0.95069939 8.2472E-29 0.0000E+00 0.0000E+00 9.3396E-09 9.3396E-09 0.0000E+00 0.0000E+00 9.3396E-09 6.15E-06 6.39E-06   0.051 1.0000 7.0848E-06    905.750
12121.00 0.96663153 5.2537E-29 0.0000E+00 0.0000E+00 9.5621E-09 9.5621E-09 0.0000E+00 0.0000E+00 9.5621E-09 6.31E-06 6.50E-06   0.034 1.0000 7.0243E-06    907.492
12131.00 0.95546371 6.7296E-29 0.0000E+00 0.0000E+00 9.4188E-09 9.4188E-09 0.0000E+00 0.0000E+00 9.4188E-09 6.18E-06 6.42E-06   0.046 1.0000 7.0679E-06    907.410
12141.00 0.91764498 1.1690E-28 0.0000E+00 0.0000E+00 8.7050E-09 8.7050E-09 0.0000E+00 0.0000E+00 8.7050E-09 5.65E-06 5.98E-06   0.086 1.0000 6.9714E-06    904.337
12151.00 0.84990358 2.0591E-28 0.0000E+00 0.0000E+00 7.6966E-09 7.6966E-09 0.0000E+00 0.0000E+00 7.6966E-09 4.90E-06 5.38E-06   0.163 1.0000 7.0361E-06    899.235
12161.00 0.94833869 6.7511E-29 0.0000E+00 0.0000E+00 9.0821E-09 9.0821E-09 0.0000E+00 0.0000E+00 9.0821E-09 5.92E-06 6.18E-06   0.053 1.0000 6.9045E-06    907.587
12171.00 0.96246809 4.6541E-29 0.0000E+00 0.0000E+00 9.3937E-09 9.3937E-09 0.0000E+00 0.0000E+00 9.3937E-09 6.14E-06 6.35E-06   0.038 1.0000 6.9343E-06    909.809
12181.00 0.97120702 3.4080E-29 0.0000E+00 0.0000E+00 9.6232E-09 9.6232E-09 0.0000E+00 0.0000E+00 9.6232E-09 6.30E-06 6.48E-06   0.029 1.0000 6.9604E-06    911.583
12191.00 0.93775129 6.9421E-29 0.0000E+00 0.0000E+00 8.9487E-09 8.9487E-09 0.0000E+00 0.0000E+00 8.9487E-09 5.79E-06 6.07E-06   0.064 1.0000 6.9001E-06    908.780
12201.00 0.92754459 7.7418E-29 0.0000E+00 0.0000E+00 8.7629E-09 8.7629E-09 0.0000E+00 0.0000E+00 8.7629E-09 5.66E-06 5.94E-06   0.075 1.0000 6.8274E-06    908.422
12211.00 0.92928606 7.2188E-29 0.0000E+00 0.0000E+00 8.9587E-09 8.9587E-09 0.0000E+00 0.0000E+00 8.9587E-09 5.78E-06 6.06E-06   0.073 1.0000 6.9594E-06    910.092
12221.00 0.91293663 8.3864E-29 0.0000E+00 0.0000E+00 8.6168E-09 8.6168E-09 0.0000E+00 0.0000E+00 8.6168E-09 5.51E-06 5.86E-06   0.091 1.0000 6.9415E-06    908.890
12231.00 0.92740947 6.7227E-29 0.0000E+00 0.0000E+00 9.1721E-09 9.1721E-09 0.0000E+00 0.0000E+00 9.1721E-09 5.89E-06 6.19E-06   0.075 1.0000 7.1216E-06    912.463
12241.00 0.90805441 8.0425E-29 0.0000E+00 0.0000E+00 8.8266E-09 8.8266E-09 0.0000E+00 0.0000E+00 8.8266E-09 5.63E-06 5.98E-06   0.096 1.0000 7.0928E-06    911.279
12251.00 0.90711802 7.8204E-29 0.0000E+00 0.0000E+00 8.8417E-09 8.8417E-09 0.0000E+00 0.0000E+00 8.8417E-09 5.64E-06 5.98E-06   0.097 1.0000 7.0794E-06    911.989
12261.00 0.92538518 5.9367E-29 0.0000E+00 0.0000E+00 9.0920E-09 9.0920E-09 0.0000E+00 0.0000E+00 9.0920E-09 5.79E-06 6.13E-06   0.078 1.0000 7.0894E-06    913.938
12271.00 0.93405807 5.0095E-29 0.0000E+00 0.0000E+00 9.2033E-09 9.2033E-09 0.0000E+00 0.0000E+00 9.2033E-09 5.85E-06 6.19E-06   0.068 1.0000 7.0956E-06    915.144
12281.00 0.94404536 4.0441E-29 0.0000E+00 0.0000E+00 9.4801E-09 9.4801E-09 0.0000E+00 0.0000E+00 9.4801E-09 6.05E-06 6.34E-06   0.058 1.0000 7.1191E-06    917.182
12291.00 0.94222546 3.9722E-29 0.0000E+00 0.0000E+00 9.4525E-09 9.4525E-09 0.0000E+00 0.0000E+00 9.4525E-09 6.01E-06 6.32E-06   0.060 1.0000 7.1358E-06    917.674
12301.00 0.96452725 2.3250E-29 0.0000E+00 0.0000E+00 9.8684E-09 9.8684E-09 0.0000E+00 0.0000E+00 9.8684E-09 6.31E-06 6.53E-06   0.036 1.0000 7.1019E-06    920.360
12311.00 0.96746284 2.0316E-29 0.0000E+00 0.0000E+00 9.9379E-09 9.9379E-09 0.0000E+00 0.0000E+00 9.9379E-09 6.35E-06 6.56E-06   0.033 1.0000 7.1036E-06    921.328
12321.00 0.96836382 1.8750E-29 0.0000E+00 0.0000E+00 9.9481E-09 9.9481E-09 0.0000E+00 0.0000E+00 9.9481E-09 6.35E-06 6.56E-06   0.032 1.0000 7.0841E-06    922.008
12331.00 0.97175294 1.5973E-29 0.0000E+00 0.0000E+00 1.0067E-08 1.0067E-08 0.0000E+00 0.0000E+00 1.0067E-08 6.43E-06 6.61E-06   0.029 1.0000 7.1024E-06    923.211
12341.00 0.97421962 1.3854E-29 0.0000E+00 0.0000E+00 1.0006E-08 1.0006E-08 0.0000E+00 0.0000E+00 1.0006E-08 6.39E-06 6.56E-06   0.026 1.0000 7.0116E-06    923.552
12351.00 0.97366422 1.3494E-29 0.0000E+00 0.0000E+00 9.8803E-09 9.8803E-09 0.0000E+00 0.0000E+00 9.8803E-09 6.30E-06 6.46E-06   0.027 1.0000 6.9247E-06    923.575
12361.00 0.97533894 1.2014E-29 0.0000E+00 0.0000E+00 1.0015E-08 1.0015E-08 0.0000E+00 0.0000E+00 1.0015E-08 6.38E-06 6.54E-06   0.025 1.0000 6.9793E-06    924.858
12371.00 0.97574741 1.1263E-29 0.0000E+00 0.0000E+00 1.0106E-08 1.0106E-08 0.0000E+00 0.0000E+00 1.0106E-08 6.43E-06 6.58E-06   0.025 1.0000 7.0253E-06    925.925
12381.00 0.97668469 1.0299E-29 0.0000E+00 0.0000E+00 1.0161E-08 1.0161E-08 0.0000E+00 0.0000E+00 1.0161E-08 6.45E-06 6.61E-06   0.024 1.0000 7.0369E-06    926.817
12391.00 0.97636932 9.9399E-30 0.0000E+00 0.0000E+00 1.0239E-08 1.0239E-08 0.0000E+00 0.0000E+00 1.0239E-08 6.49E-06 6.65E-06   0.024 1.0000 7.0840E-06    927.815
12401.00 0.97632301 9.4848E-30 0.0000E+00 0.0000E+00 1.0343E-08 1.0343E-08 0.0000E+00 0.0000E+00 1.0343E-08 6.55E-06 6.70E-06   0.024 1.0000 7.1455E-06    928.940
12411.00 0.97682154 8.8363E-30 0.0000E+00 0.0000E+00 1.0294E-08 1.0294E-08 0.0000E+00 0.0000E+00 1.0294E-08 6.51E-06 6.66E-06   0.023 1.0000 7.0929E-06    929.341
12421.00 0.97604060 8.6849E-30 0.0000E+00 0.0000E+00 9.9888E-09 9.9888E-09 0.0000E+00 0.0000E+00 9.9888E-09 6.30E-06 6.45E-06   0.024 1.0000 6.8849E-06    928.518
12431.00 0.97311556 9.2983E-30 0.0000E+00 0.0000E+00 1.0170E-08 1.0170E-08 0.0000E+00 0.0000E+00 1.0170E-08 6.40E-06 6.57E-06   0.027 1.0000 7.0471E-06    930.020
12441.00 0.97346771 8.7278E-30 0.0000E+00 0.0000E+00 1.0242E-08 1.0242E-08 0.0000E+00 0.0000E+00 1.0242E-08 6.43E-06 6.61E-06   0.027 1.0000 7.0810E-06    930.991
12451.00 0.97308993 8.4237E-30 0.0000E+00 0.0000E+00 1.0125E-08 1.0125E-08 0.0000E+00 0.0000E+00 1.0125E-08 6.35E-06 6.52E-06   0.027 1.0000 6.9937E-06    931.065
12461.00 0.97232038 8.2616E-30 0.0000E+00 0.0000E+00 1.0237E-08 1.0237E-08 0.0000E+00 0.0000E+00 1.0237E-08 6.40E-06 6.59E-06   0.028 1.0000 7.0759E-06    932.228
12471.00 0.97379827 7.4299E-30 0.0000E+00 0.0000E+00 1.0343E-08 1.0343E-08 0.0000E+00 0.0000E+00 1.0343E-08 6.47E-06 6.64E-06   0.027 1.0000 7.1120E-06    933.361
12481.00 0.97171485 7.6456E-30 0.0000E+00 0.0000E+00 1.0295E-08 1.0295E-08 0.0000E+00 0.0000E+00 1.0295E-08 6.42E-06 6.60E-06   0.029 1.0000 7.1032E-06    933.768
12491.00 0.97267860 7.0329E-30 0.0000E+00 0.0000E+00 1.0245E-08 1.0245E-08 0.0000E+00 0.0000E+00 1.0245E-08 6.38E-06 6.56E-06   0.028 1.0000 7.0410E-06    934.162
12501.00 0.97335964 6.5391E-30 0.0000E+00 0.0000E+00 1.0156E-08 1.0156E-08 0.0000E+00 0.0000E+00 1.0156E-08 6.32E-06 6.49E-06   0.027 1.0000 6.9583E-06    934.370
12511.00 0.97581935 5.6403E-30 0.0000E+00 0.0000E+00 1.0462E-08 1.0462E-08 0.0000E+00 0.0000E+00 1.0462E-08 6.50E-06 6.67E-06   0.024 1.0000 7.1163E-06    936.442
12521.00 0.97424716 5.7197E-30 0.0000E+00 0.0000E+00 1.0431E-08 1.0431E-08 0.0000E+00 0.0000E+00 1.0431E-08 6.47E-06 6.64E-06   0.026 1.0000 7.1113E-06    936.929
12531.00 0.97613668 5.0460E-30 0.0000E+00 0.0000E+00 1.0475E-08 1.0475E-08 0.0000E+00 0.0000E+00 1.0475E-08 6.49E-06 6.65E-06   0.024 1.0000 7.0974E-06    937.767
12541.00 0.97424483 5.1819E-30 0.0000E+00 0.0000E+00 1.0429E-08 1.0429E-08 0.0000E+00 0.0000E+00 1.0429E-08 6.45E-06 6.62E-06   0.026 1.0000 7.0882E-06    938.185
12551.00 0.97084981 5.5722E-30 0.0000E+00 0.0000E+00 1.0383E-08 1.0383E-08 0.0000E+00 0.0000E+00 1.0383E-08 6.40E-06 6.59E-06   0.030 1.0000 7.0994E-06    938.599
12561.00 0.96941906 5.5953E-30 0.0000E+00 0.0000E+00 1.0274E-08 1.0274E-08 0.0000E+00 0.0000E+00 1.0274E-08 6.32E-06 6.51E-06   0.031 1.0000 7.0428E-06    938.719
12571.00 0.97574449 4.2144E-30 0.0000E+00 0.0000E+00 1.0468E-08 1.0468E-08 0.0000E+00 0.0000E+00 1.0468E-08 6.45E-06 6.61E-06   0.025 1.0000 7.0580E-06    940.261
12581.00 0.97653407 3.8829E-30 0.0000E+00 0.0000E+00 1.0136E-08 1.0136E-08 0.0000E+00 0.0000E+00 1.0136E-08 6.24E-06 6.38E-06   0.024 1.0000 6.8119E-06    939.318
12591.00 0.97736859 3.5644E-30 0.0000E+00 0.0000E+00 1.0206E-08 1.0206E-08 0.0000E+00 0.0000E+00 1.0206E-08 6.27E-06 6.42E-06   0.023 1.0000 6.8345E-06    940.286
12601.00 0.97628164 3.5482E-30 0.0000E+00 0.0000E+00 1.0191E-08 1.0191E-08 0.0000E+00 0.0000E+00 1.0191E-08 6.25E-06 6.40E-06   0.024 1.0000 6.8321E-06    940.845
12611.00 0.97269958 3.8988E-30 0.0000E+00 0.0000E+00 1.0387E-08 1.0387E-08 0.0000E+00 0.0000E+00 1.0387E-08 6.35E-06 6.52E-06   0.028 1.0000 7.0130E-06    942.404
12621.00 0.97245228 3.7406E-30 0.0000E+00 0.0000E+00 1.0395E-08 1.0395E-08 0.0000E+00 0.0000E+00 1.0395E-08 6.34E-06 6.52E-06   0.028 1.0000 7.0117E-06    943.076
12631.00 0.97399247 3.3662E-30 0.0000E+00 0.0000E+00 1.0296E-08 1.0296E-08 0.0000E+00 0.0000E+00 1.0296E-08 6.28E-06 6.44E-06   0.026 1.0000 6.9099E-06    943.235
12641.00 0.97195274 3.4558E-30 0.0000E+00 0.0000E+00 1.0462E-08 1.0462E-08 0.0000E+00 0.0000E+00 1.0462E-08 6.36E-06 6.54E-06   0.028 1.0000 7.0438E-06    944.653
12651.00 0.97206426 3.2728E-30 0.0000E+00 0.0000E+00 1.0561E-08 1.0561E-08 0.0000E+00 0.0000E+00 1.0561E-08 6.41E-06 6.59E-06   0.028 1.0000 7.0958E-06    945.743
12661.00 0.96999997 3.3441E-30 0.0000E+00 0.0000E+00 1.0507E-08 1.0507E-08 0.0000E+00 0.0000E+00 1.0507E-08 6.36E-06 6.56E-06   0.030 1.0000 7.0839E-06    946.121
12671.00 0.97219133 2.9582E-30 0.0000E+00 0.0000E+00 1.0633E-08 1.0633E-08 0.0000E+00 0.0000E+00 1.0633E-08 6.44E-06 6.62E-06   0.028 1.0000 7.1204E-06    947.338
12681.00 0.97508574 2.5217E-30 0.0000E+00 0.0000E+00 1.0666E-08 1.0666E-08 0.0000E+00 0.0000E+00 1.0666E-08 6.45E-06 6.62E-06   0.025 1.0000 7.0842E-06    948.122
12691.00 0.97444296 2.4612E-30 0.0000E+00 0.0000E+00 1.0614E-08 1.0614E-08 0.0000E+00 0.0000E+00 1.0614E-08 6.41E-06 6.58E-06   0.026 1.0000 7.0488E-06    948.514
12701.00 0.97558320 2.2390E-30 0.0000E+00 0.0000E+00 1.0730E-08 1.0730E-08 0.0000E+00 0.0000E+00 1.0730E-08 6.47E-06 6.64E-06   0.025 1.0000 7.0968E-06    949.679
12711.00 0.97554374 2.1357E-30 0.0000E+00 0.0000E+00 1.0810E-08 1.0810E-08 0.0000E+00 0.0000E+00 1.0810E-08 6.51E-06 6.68E-06   0.025 1.0000 7.1406E-06    950.680
12721.00 0.97724891 1.8908E-30 0.0000E+00 0.0000E+00 1.0653E-08 1.0653E-08 0.0000E+00 0.0000E+00 1.0653E-08 6.41E-06 6.56E-06   0.023 1.0000 6.9992E-06    950.586
12731.00 0.97730523 1.7956E-30 0.0000E+00 0.0000E+00 1.0650E-08 1.0650E-08 0.0000E+00 0.0000E+00 1.0650E-08 6.40E-06 6.55E-06   0.023 1.0000 6.9861E-06    951.202
12741.00 0.97730851 1.7091E-30 0.0000E+00 0.0000E+00 1.0843E-08 1.0843E-08 0.0000E+00 0.0000E+00 1.0843E-08 6.51E-06 6.66E-06   0.023 1.0000 7.1028E-06    952.723
12751.00 0.97744328 1.6172E-30 0.0000E+00 0.0000E+00 1.0836E-08 1.0836E-08 0.0000E+00 0.0000E+00 1.0836E-08 6.49E-06 6.64E-06   0.023 1.0000 7.0859E-06    953.321
12761.00 0.97762746 1.5272E-30 0.0000E+00 0.0000E+00 1.0579E-08 1.0579E-08 0.0000E+00 0.0000E+00 1.0579E-08 6.33E-06 6.48E-06   0.023 1.0000 6.9058E-06    952.768
12771.00 0.97764790 1.4525E-30 0.0000E+00 0.0000E+00 1.0795E-08 1.0795E-08 0.0000E+00 0.0000E+00 1.0795E-08 6.45E-06 6.60E-06   0.023 1.0000 7.0362E-06    954.398
12781.00 0.97763813 1.3834E-30 0.0000E+00 0.0000E+00 1.0932E-08 1.0932E-08 0.0000E+00 0.0000E+00 1.0932E-08 6.52E-06 6.67E-06   0.023 1.0000 7.1156E-06    955.653
12791.00 0.97762251 1.3180E-30 0.0000E+00 0.0000E+00 1.0952E-08 1.0952E-08 0.0000E+00 0.0000E+00 1.0952E-08 6.52E-06 6.67E-06   0.023 1.0000 7.1190E-06    956.378
12801.00 0.97763079 1.2542E-30 0.0000E+00 0.0000E+00 1.0788E-08 1.0788E-08 0.0000E+00 0.0000E+00 1.0788E-08 6.41E-06 6.56E-06   0.023 1.0000 7.0016E-06    956.255
12811.00 0.97756302 1.1976E-30 0.0000E+00 0.0000E+00 1.0930E-08 1.0930E-08 0.0000E+00 0.0000E+00 1.0930E-08 6.49E-06 6.64E-06   0.023 1.0000 7.0852E-06    957.540
12821.00 0.97757930 1.1393E-30 0.0000E+00 0.0000E+00 1.0816E-08 1.0816E-08 0.0000E+00 0.0000E+00 1.0816E-08 6.41E-06 6.56E-06   0.023 1.0000 7.0007E-06    957.648
12831.00 0.97750223 1.0883E-30 0.0000E+00 0.0000E+00 1.0963E-08 1.0963E-08 0.0000E+00 0.0000E+00 1.0963E-08 6.49E-06 6.64E-06   0.023 1.0000 7.0866E-06    958.948
12841.00 0.97751546 1.0355E-30 0.0000E+00 0.0000E+00 1.1013E-08 1.1013E-08 0.0000E+00 0.0000E+00 1.1013E-08 6.51E-06 6.66E-06   0.023 1.0000 7.1081E-06    959.808
12851.00 0.97747296 9.8762E-31 0.0000E+00 0.0000E+00 1.1018E-08 1.1018E-08 0.0000E+00 0.0000E+00 1.1018E-08 6.50E-06 6.65E-06   0.023 1.0000 7.1013E-06    960.461
12861.00 0.97744775 9.4128E-31 0.0000E+00 0.0000E+00 1.0811E-08 1.0811E-08 0.0000E+00 0.0000E+00 1.0811E-08 6.37E-06 6.52E-06   0.023 1.0000 6.9577E-06    960.146
12871.00 0.97742903 8.9681E-31 0.0000E+00 0.0000E+00 1.1070E-08 1.1070E-08 0.0000E+00 0.0000E+00 1.1070E-08 6.51E-06 6.66E-06   0.023 1.0000 7.1139E-06    961.958
12881.00 0.97738701 8.5535E-31 0.0000E+00 0.0000E+00 1.1063E-08 1.1063E-08 0.0000E+00 0.0000E+00 1.1063E-08 6.50E-06 6.65E-06   0.023 1.0000 7.0994E-06    962.558
12891.00 0.97731882 8.1673E-31 0.0000E+00 0.0000E+00 1.1070E-08 1.1070E-08 0.0000E+00 0.0000E+00 1.1070E-08 6.49E-06 6.64E-06   0.023 1.0000 7.0944E-06    963.221
12901.00 0.97728425 7.7870E-31 0.0000E+00 0.0000E+00 1.0554E-08 1.0554E-08 0.0000E+00 0.0000E+00 1.0554E-08 6.18E-06 6.32E-06   0.023 1.0000 6.7536E-06    961.466
12911.00 0.97719711 7.4414E-31 0.0000E+00 0.0000E+00 1.0811E-08 1.0811E-08 0.0000E+00 0.0000E+00 1.0811E-08 6.32E-06 6.47E-06   0.023 1.0000 6.9089E-06    963.296
12921.00 0.97714347 7.1007E-31 0.0000E+00 0.0000E+00 1.1133E-08 1.1133E-08 0.0000E+00 0.0000E+00 1.1133E-08 6.50E-06 6.65E-06   0.023 1.0000 7.1049E-06    965.395
12931.00 0.97703987 6.7904E-31 0.0000E+00 0.0000E+00 1.1083E-08 1.1083E-08 0.0000E+00 0.0000E+00 1.1083E-08 6.46E-06 6.61E-06   0.023 1.0000 7.0646E-06    965.802
12941.00 0.97689736 6.5046E-31 0.0000E+00 0.0000E+00 1.0829E-08 1.0829E-08 0.0000E+00 0.0000E+00 1.0829E-08 6.30E-06 6.45E-06   0.023 1.0000 6.8949E-06    965.268
12951.00 0.97682297 6.2118E-31 0.0000E+00 0.0000E+00 1.0989E-08 1.0989E-08 0.0000E+00 0.0000E+00 1.0989E-08 6.38E-06 6.53E-06   0.023 1.0000 6.9877E-06    966.633
12961.00 0.97672218 5.9390E-31 0.0000E+00 0.0000E+00 1.0855E-08 1.0855E-08 0.0000E+00 0.0000E+00 1.0855E-08 6.29E-06 6.44E-06   0.024 1.0000 6.8945E-06    966.649
12971.00 0.97652364 5.7011E-31 0.0000E+00 0.0000E+00 1.1072E-08 1.1072E-08 0.0000E+00 0.0000E+00 1.1072E-08 6.41E-06 6.56E-06   0.024 1.0000 7.0270E-06    968.275
12981.00 0.97569096 5.6195E-31 0.0000E+00 0.0000E+00 1.1006E-08 1.1006E-08 0.0000E+00 0.0000E+00 1.1006E-08 6.36E-06 6.52E-06   0.025 1.0000 6.9958E-06    968.604
12991.00 0.97418374 5.6833E-31 0.0000E+00 0.0000E+00 1.0927E-08 1.0927E-08 0.0000E+00 0.0000E+00 1.0927E-08 6.30E-06 6.46E-06   0.026 1.0000 6.9674E-06    968.870
13001.00 0.97149205 5.9735E-31 0.0000E+00 0.0000E+00 1.0899E-08 1.0899E-08 0.0000E+00 0.0000E+00 1.0899E-08 6.27E-06 6.44E-06   0.029 1.0000 6.9977E-06    969.373
13011.00 0.96698427 6.5802E-31 0.0000E+00 0.0000E+00 1.0926E-08 1.0926E-08 0.0000E+00 0.0000E+00 1.0926E-08 6.27E-06 6.45E-06   0.034 1.0000 7.0635E-06    970.125
13021.00 0.95808673 7.9503E-31 0.0000E+00 0.0000E+00 1.0710E-08 1.0710E-08 0.0000E+00 0.0000E+00 1.0710E-08 6.13E-06 6.32E-06   0.043 1.0000 7.0503E-06    969.751
13031.00 0.94793105 9.4018E-31 0.0000E+00 0.0000E+00 1.0559E-08 1.0559E-08 0.0000E+00 0.0000E+00 1.0559E-08 6.03E-06 6.23E-06   0.053 1.0000 7.0771E-06    969.671
13041.00 0.93102127 1.1849E-30 0.0000E+00 0.0000E+00 9.6862E-09 9.6862E-09 0.0000E+00 0.0000E+00 9.6862E-09 5.51E-06 5.72E-06   0.071 1.0000 6.7057E-06    965.987
13051.00 0.91913950 1.3231E-30 0.0000E+00 0.0000E+00 9.2042E-09 9.2042E-09 0.0000E+00 0.0000E+00 9.2042E-09 5.22E-06 5.44E-06   0.084 1.0000 6.6213E-06    964.080
13061.00 0.89346671 1.6560E-30 0.0000E+00 0.0000E+00 8.9129E-09 8.9129E-09 0.0000E+00 0.0000E+00 8.9129E-09 5.02E-06 5.28E-06   0.113 1.0000 6.8845E-06    963.115
13071.00 0.85873348 2.0908E-30 0.0000E+00 0.0000E+00 8.3909E-09 8.3909E-09 0.0000E+00 0.0000E+00 8.3909E-09 4.70E-06 4.98E-06   0.152 1.0000 7.1115E-06    960.768
13081.00 0.83703142 2.3006E-30 0.0000E+00 0.0000E+00 7.6870E-09 7.6870E-09 0.0000E+00 0.0000E+00 7.6870E-09 4.28E-06 4.58E-06   0.178 1.0000 7.1104E-06    957.106
13091.00 0.80475110 2.6261E-30 0.0000E+00 0.0000E+00 6.7754E-09 6.7754E-09 0.0000E+00 0.0000E+00 6.7754E-09 3.75E-06 4.05E-06   0.217 1.0000 7.1062E-06    951.618
13101.00 0.78761929 2.7207E-30 0.0000E+00 0.0000E+00 6.2925E-09 6.2925E-09 0.0000E+00 0.0000E+00 6.2925E-09 3.47E-06 3.77E-06   0.239 1.0000 7.1028E-06    948.692
13111.00 0.80250323 2.4099E-30 0.0000E+00 0.0000E+00 6.5636E-09 6.5636E-09 0.0000E+00 0.0000E+00 6.5636E-09 3.62E-06 3.91E-06   0.220 1.0000 7.0290E-06    951.326
13121.00 0.89224237 1.2560E-30 0.0000E+00 0.0000E+00 8.4905E-09 8.4905E-09 0.0000E+00 0.0000E+00 8.4905E-09 4.75E-06 4.98E-06   0.114 1.0000 6.7816E-06    964.460
13131.00 0.79648155 2.2357E-30 0.0000E+00 0.0000E+00 6.1451E-09 6.1451E-09 0.0000E+00 0.0000E+00 6.1451E-09 3.37E-06 3.67E-06   0.228 1.0000 6.9749E-06    949.403
13141.00 0.69629222 3.1879E-30 0.0000E+00 0.0000E+00 3.9674E-09 3.9674E-09 0.0000E+00 0.0000E+00 3.9674E-09 2.11E-06 2.43E-06   0.362 1.0000 7.0062E-06    929.581
13151.00 0.65395105 3.4685E-30 0.0000E+00 0.0000E+00 3.8423E-09 3.8423E-09 0.0000E+00 0.0000E+00 3.8423E-09 2.03E-06 2.36E-06   0.425 1.0000 6.9759E-06    928.721
13161.00 0.76582050 2.2471E-30 0.0000E+00 0.0000E+00 6.4267E-09 6.4267E-09 0.0000E+00 0.0000E+00 6.4267E-09 3.48E-06 3.85E-06   0.267 1.0000 7.0394E-06    953.391
13171.00 0.95549560 4.1031E-31 0.0000E+00 0.0000E+00 1.0855E-08 1.0855E-08 0.0000E+00 0.0000E+00 1.0855E-08 6.07E-06 6.26E-06   0.046 1.0000 7.0248E-06    979.861
13181.00 0.97619474 2.0563E-31 0.0000E+00 0.0000E+00 1.1134E-08 1.1134E-08 0.0000E+00 0.0000E+00 1.1134E-08 6.24E-06 6.39E-06   0.024 1.0000 6.8540E-06    981.777
13191.00 0.97633076 1.9462E-31 0.0000E+00 0.0000E+00 1.1422E-08 1.1422E-08 0.0000E+00 0.0000E+00 1.1422E-08 6.39E-06 6.55E-06   0.024 1.0000 7.0170E-06    983.711
13201.00 0.97631681 1.8536E-31 0.0000E+00 0.0000E+00 1.1376E-08 1.1376E-08 0.0000E+00 0.0000E+00 1.1376E-08 6.36E-06 6.51E-06   0.024 1.0000 6.9786E-06    984.132
13211.00 0.97630155 1.7657E-31 0.0000E+00 0.0000E+00 1.1390E-08 1.1390E-08 0.0000E+00 0.0000E+00 1.1390E-08 6.36E-06 6.51E-06   0.024 1.0000 6.9776E-06    984.825
13221.00 0.97626108 1.6837E-31 0.0000E+00 0.0000E+00 1.1369E-08 1.1369E-08 0.0000E+00 0.0000E+00 1.1369E-08 6.33E-06 6.49E-06   0.024 1.0000 6.9558E-06    985.360
13231.00 0.97621691 1.6057E-31 0.0000E+00 0.0000E+00 1.1322E-08 1.1322E-08 0.0000E+00 0.0000E+00 1.1322E-08 6.30E-06 6.45E-06   0.024 1.0000 6.9184E-06    985.779
13241.00 0.97618300 1.5307E-31 0.0000E+00 0.0000E+00 1.1526E-08 1.1526E-08 0.0000E+00 0.0000E+00 1.1526E-08 6.40E-06 6.56E-06   0.024 1.0000 7.0339E-06    987.321
13251.00 0.97615623 1.4588E-31 0.0000E+00 0.0000E+00 1.1574E-08 1.1574E-08 0.0000E+00 0.0000E+00 1.1574E-08 6.42E-06 6.58E-06   0.024 1.0000 7.0541E-06    988.165
13261.00 0.97609502 1.3922E-31 0.0000E+00 0.0000E+00 1.1624E-08 1.1624E-08 0.0000E+00 0.0000E+00 1.1624E-08 6.44E-06 6.59E-06   0.024 1.0000 7.0756E-06    989.014
13271.00 0.97607958 1.3261E-31 0.0000E+00 0.0000E+00 1.1519E-08 1.1519E-08 0.0000E+00 0.0000E+00 1.1519E-08 6.37E-06 6.52E-06   0.024 1.0000 7.0026E-06    989.179
13281.00 0.97604126 1.2644E-31 0.0000E+00 0.0000E+00 1.1433E-08 1.1433E-08 0.0000E+00 0.0000E+00 1.1433E-08 6.31E-06 6.47E-06   0.024 1.0000 6.9412E-06    989.422
13291.00 0.97599870 1.2057E-31 0.0000E+00 0.0000E+00 1.1406E-08 1.1406E-08 0.0000E+00 0.0000E+00 1.1406E-08 6.29E-06 6.44E-06   0.024 1.0000 6.9165E-06    989.934
13301.00 0.97593772 1.1507E-31 0.0000E+00 0.0000E+00 1.1573E-08 1.1573E-08 0.0000E+00 0.0000E+00 1.1573E-08 6.37E-06 6.53E-06   0.024 1.0000 7.0096E-06    991.309
13311.00 0.97591966 1.0962E-31 0.0000E+00 0.0000E+00 1.1235E-08 1.1235E-08 0.0000E+00 0.0000E+00 1.1235E-08 6.17E-06 6.33E-06   0.024 1.0000 6.7959E-06    990.418
13321.00 0.97582209 1.0477E-31 0.0000E+00 0.0000E+00 1.1594E-08 1.1594E-08 0.0000E+00 0.0000E+00 1.1594E-08 6.36E-06 6.52E-06   0.024 1.0000 7.0050E-06    992.659
13331.00 0.97580749 9.9793E-32 0.0000E+00 0.0000E+00 1.1502E-08 1.1502E-08 0.0000E+00 0.0000E+00 1.1502E-08 6.30E-06 6.46E-06   0.024 1.0000 6.9407E-06    992.881
13341.00 0.97577673 9.5113E-32 0.0000E+00 0.0000E+00 1.1255E-08 1.1255E-08 0.0000E+00 0.0000E+00 1.1255E-08 6.16E-06 6.31E-06   0.025 1.0000 6.7825E-06    992.392
13351.00 0.97576529 9.0582E-32 0.0000E+00 0.0000E+00 1.1615E-08 1.1615E-08 0.0000E+00 0.0000E+00 1.1615E-08 6.34E-06 6.50E-06   0.025 1.0000 6.9903E-06    994.641
13361.00 0.97572392 8.6371E-32 0.0000E+00 0.0000E+00 1.1562E-08 1.1562E-08 0.0000E+00 0.0000E+00 1.1562E-08 6.30E-06 6.46E-06   0.025 1.0000 6.9490E-06    995.032
13371.00 0.97563106 8.2534E-32 0.0000E+00 0.0000E+00 1.1565E-08 1.1565E-08 0.0000E+00 0.0000E+00 1.1565E-08 6.30E-06 6.45E-06   0.025 1.0000 6.9428E-06    995.676
13381.00 0.97557122 7.8752E-32 0.0000E+00 0.0000E+00 1.1647E-08 1.1647E-08 0.0000E+00 0.0000E+00 1.1647E-08 6.33E-06 6.49E-06   0.025 1.0000 6.9829E-06    996.669
13391.00 0.97552943 7.5104E-32 0.0000E+00 0.0000E+00 1.1667E-08 1.1667E-08 0.0000E+00 0.0000E+00 1.1667E-08 6.33E-06 6.49E-06   0.025 1.0000 6.9856E-06    997.386
13401.00 0.97546679 7.1662E-32 0.0000E+00 0.0000E+00 1.1591E-08 1.1591E-08 0.0000E+00 0.0000E+00 1.1591E-08 6.28E-06 6.44E-06   0.025 1.0000 6.9311E-06    997.678
13411.00 0.97528851 6.8715E-32 0.0000E+00 0.0000E+00 1.1714E-08 1.1714E-08 0.0000E+00 0.0000E+00 1.1714E-08 6.34E-06 6.50E-06   0.025 1.0000 6.9973E-06    998.853
13421.00 0.97535866 6.5230E-32 0.0000E+00 0.0000E+00 1.1479E-08 1.1479E-08 0.0000E+00 0.0000E+00 1.1479E-08 6.20E-06 6.36E-06   0.025 1.0000 6.8463E-06    998.436
13431.00 0.97512686 6.2660E-32 0.0000E+00 0.0000E+00 1.1343E-08 1.1343E-08 0.0000E+00 0.0000E+00 1.1343E-08 6.12E-06 6.28E-06   0.025 1.0000 6.7587E-06    998.450
13441.00 0.97502029 5.9921E-32 0.0000E+00 0.0000E+00 1.1727E-08 1.1727E-08 0.0000E+00 0.0000E+00 1.1727E-08 6.32E-06 6.48E-06   0.025 1.0000 6.9782E-06   1000.796
13451.00 0.97517514 5.6678E-32 0.0000E+00 0.0000E+00 1.1751E-08 1.1751E-08 0.0000E+00 0.0000E+00 1.1751E-08 6.32E-06 6.48E-06   0.025 1.0000 6.9805E-06   1001.534
13461.00 0.97437429 5.5666E-32 0.0000E+00 0.0000E+00 1.1637E-08 1.1637E-08 0.0000E+00 0.0000E+00 1.1637E-08 6.25E-06 6.41E-06   0.026 1.0000 6.9145E-06   1001.655
13471.00 0.97420776 5.3375E-32 0.0000E+00 0.0000E+00 1.1238E-08 1.1238E-08 0.0000E+00 0.0000E+00 1.1238E-08 6.02E-06 6.18E-06   0.026 1.0000 6.6706E-06   1000.481
13481.00 0.97414297 5.0902E-32 0.0000E+00 0.0000E+00 1.1262E-08 1.1262E-08 0.0000E+00 0.0000E+00 1.1262E-08 6.03E-06 6.19E-06   0.026 1.0000 6.6756E-06   1001.215
13491.00 0.97317713 5.0276E-32 0.0000E+00 0.0000E+00 1.1225E-08 1.1225E-08 0.0000E+00 0.0000E+00 1.1225E-08 6.00E-06 6.16E-06   0.027 1.0000 6.6588E-06   1001.676
13501.00 0.97398847 4.6418E-32 0.0000E+00 0.0000E+00 1.1587E-08 1.1587E-08 0.0000E+00 0.0000E+00 1.1587E-08 6.18E-06 6.35E-06   0.026 1.0000 6.8511E-06   1003.948
13511.00 0.97263223 4.6424E-32 0.0000E+00 0.0000E+00 1.1562E-08 1.1562E-08 0.0000E+00 0.0000E+00 1.1562E-08 6.16E-06 6.33E-06   0.028 1.0000 6.8479E-06   1004.461
13521.00 0.97093111 4.6979E-32 0.0000E+00 0.0000E+00 1.1544E-08 1.1544E-08 0.0000E+00 0.0000E+00 1.1544E-08 6.13E-06 6.31E-06   0.029 1.0000 6.8549E-06   1005.012
13531.00 0.97144103 4.4000E-32 0.0000E+00 0.0000E+00 1.1204E-08 1.1204E-08 0.0000E+00 0.0000E+00 1.1204E-08 5.94E-06 6.12E-06   0.029 1.0000 6.6352E-06   1004.087
13541.00 0.96924728 4.5026E-32 0.0000E+00 0.0000E+00 1.1491E-08 1.1491E-08 0.0000E+00 0.0000E+00 1.1491E-08 6.08E-06 6.27E-06   0.031 1.0000 6.8288E-06   1006.025
13551.00 0.97151512 3.9737E-32 0.0000E+00 0.0000E+00 1.1801E-08 1.1801E-08 0.0000E+00 0.0000E+00 1.1801E-08 6.24E-06 6.42E-06   0.029 1.0000 6.9678E-06   1008.042
13561.00 0.96924990 4.0727E-32 0.0000E+00 0.0000E+00 1.1777E-08 1.1777E-08 0.0000E+00 0.0000E+00 1.1777E-08 6.21E-06 6.41E-06   0.031 1.0000 6.9805E-06   1008.563
13571.00 0.96657604 4.2240E-32 0.0000E+00 0.0000E+00 1.1638E-08 1.1638E-08 0.0000E+00 0.0000E+00 1.1638E-08 6.12E-06 6.33E-06   0.034 1.0000 6.9293E-06   1008.574
13581.00 0.96584463 4.1088E-32 0.0000E+00 0.0000E+00 1.1527E-08 1.1527E-08 0.0000E+00 0.0000E+00 1.1527E-08 6.05E-06 6.26E-06   0.035 1.0000 6.8674E-06   1008.700
13591.00 0.96862620 3.5947E-32 0.0000E+00 0.0000E+00 1.1550E-08 1.1550E-08 0.0000E+00 0.0000E+00 1.1550E-08 6.07E-06 6.26E-06   0.032 1.0000 6.8280E-06   1009.435
13601.00 0.96655935 3.6392E-32 0.0000E+00 0.0000E+00 1.1673E-08 1.1673E-08 0.0000E+00 0.0000E+00 1.1673E-08 6.11E-06 6.32E-06   0.034 1.0000 6.9178E-06   1010.613
13611.00 0.96657652 3.4697E-32 0.0000E+00 0.0000E+00 1.1797E-08 1.1797E-08 0.0000E+00 0.0000E+00 1.1797E-08 6.17E-06 6.38E-06   0.034 1.0000 6.9838E-06   1011.794
13621.00 0.97092462 2.8706E-32 0.0000E+00 0.0000E+00 1.1963E-08 1.1963E-08 0.0000E+00 0.0000E+00 1.1963E-08 6.26E-06 6.45E-06   0.030 1.0000 7.0039E-06   1013.151
13631.00 0.96126604 3.6336E-32 0.0000E+00 0.0000E+00 1.1614E-08 1.1614E-08 0.0000E+00 0.0000E+00 1.1614E-08 6.04E-06 6.27E-06   0.040 1.0000 6.9291E-06   1012.229
13641.00 0.96430123 3.1945E-32 0.0000E+00 0.0000E+00 1.1508E-08 1.1508E-08 0.0000E+00 0.0000E+00 1.1508E-08 5.99E-06 6.20E-06   0.036 1.0000 6.8141E-06   1012.380
13651.00 0.96535456 2.9498E-32 0.0000E+00 0.0000E+00 1.1565E-08 1.1565E-08 0.0000E+00 0.0000E+00 1.1565E-08 6.01E-06 6.22E-06   0.035 1.0000 6.8293E-06   1013.266
13661.00 0.94789308 4.2162E-32 0.0000E+00 0.0000E+00 1.1297E-08 1.1297E-08 0.0000E+00 0.0000E+00 1.1297E-08 5.82E-06 6.11E-06   0.054 1.0000 6.9146E-06   1012.666
13671.00 0.94862783 3.9547E-32 0.0000E+00 0.0000E+00 1.1222E-08 1.1222E-08 0.0000E+00 0.0000E+00 1.1222E-08 5.77E-06 6.06E-06   0.053 1.0000 6.8594E-06   1012.947
13681.00 0.94750607 3.8497E-32 0.0000E+00 0.0000E+00 1.1056E-08 1.1056E-08 0.0000E+00 0.0000E+00 1.1056E-08 5.68E-06 5.96E-06   0.054 1.0000 6.7477E-06   1012.798
13691.00 0.93808991 4.3410E-32 0.0000E+00 0.0000E+00 1.1147E-08 1.1147E-08 0.0000E+00 0.0000E+00 1.1147E-08 5.70E-06 6.02E-06   0.064 1.0000 6.9298E-06   1013.852
13701.00 0.95465827 3.0109E-32 0.0000E+00 0.0000E+00 1.1475E-08 1.1475E-08 0.0000E+00 0.0000E+00 1.1475E-08 5.89E-06 6.15E-06   0.046 1.0000 6.8895E-06   1015.992
13711.00 0.92791891 4.5535E-32 0.0000E+00 0.0000E+00 1.0411E-08 1.0411E-08 0.0000E+00 0.0000E+00 1.0411E-08 5.29E-06 5.62E-06   0.075 1.0000 6.5819E-06   1011.547
13721.00 0.94969672 3.0522E-32 0.0000E+00 0.0000E+00 1.1055E-08 1.1055E-08 0.0000E+00 0.0000E+00 1.1055E-08 5.66E-06 5.91E-06   0.052 1.0000 6.6556E-06   1015.296
13731.00 0.94742191 2.9937E-32 0.0000E+00 0.0000E+00 1.1286E-08 1.1286E-08 0.0000E+00 0.0000E+00 1.1286E-08 5.76E-06 6.04E-06   0.054 1.0000 6.8519E-06   1017.004
13741.00 0.91752911 4.5116E-32 0.0000E+00 0.0000E+00 1.0708E-08 1.0708E-08 0.0000E+00 0.0000E+00 1.0708E-08 5.40E-06 5.78E-06   0.086 1.0000 6.8890E-06   1014.883
13751.00 0.94687498 2.7702E-32 0.0000E+00 0.0000E+00 1.1556E-08 1.1556E-08 0.0000E+00 0.0000E+00 1.1556E-08 5.89E-06 6.16E-06   0.055 1.0000 6.9714E-06   1019.495
13761.00 0.92691135 3.6124E-32 0.0000E+00 0.0000E+00 1.1001E-08 1.1001E-08 0.0000E+00 0.0000E+00 1.1001E-08 5.56E-06 5.89E-06   0.076 1.0000 6.9003E-06   1017.540
13771.00 0.94719642 2.4894E-32 0.0000E+00 0.0000E+00 1.1296E-08 1.1296E-08 0.0000E+00 0.0000E+00 1.1296E-08 5.72E-06 6.02E-06   0.054 1.0000 6.8340E-06   1019.555
13781.00 0.92591977 3.3063E-32 0.0000E+00 0.0000E+00 1.1004E-08 1.1004E-08 0.0000E+00 0.0000E+00 1.1004E-08 5.54E-06 5.88E-06   0.077 1.0000 6.9166E-06   1018.808
13791.00 0.93927157 2.6035E-32 0.0000E+00 0.0000E+00 1.1242E-08 1.1242E-08 0.0000E+00 0.0000E+00 1.1242E-08 5.67E-06 5.98E-06   0.063 1.0000 6.8767E-06   1020.552
13801.00 0.91744339 3.3421E-32 0.0000E+00 0.0000E+00 1.0884E-08 1.0884E-08 0.0000E+00 0.0000E+00 1.0884E-08 5.47E-06 5.80E-06   0.086 1.0000 6.8804E-06   1019.485
13811.00 0.92851156 2.7650E-32 0.0000E+00 0.0000E+00 1.1115E-08 1.1115E-08 0.0000E+00 0.0000E+00 1.1115E-08 5.59E-06 5.90E-06   0.074 1.0000 6.8949E-06   1021.207
13821.00 0.91360366 3.1898E-32 0.0000E+00 0.0000E+00 1.0898E-08 1.0898E-08 0.0000E+00 0.0000E+00 1.0898E-08 5.44E-06 5.80E-06   0.090 1.0000 6.9471E-06   1020.802
13831.00 0.95490438 1.5819E-32 0.0000E+00 0.0000E+00 1.1682E-08 1.1682E-08 0.0000E+00 0.0000E+00 1.1682E-08 5.89E-06 6.14E-06   0.046 1.0000 6.8800E-06   1025.081
13841.00 0.95829457 1.3934E-32 0.0000E+00 0.0000E+00 1.1421E-08 1.1421E-08 0.0000E+00 0.0000E+00 1.1421E-08 5.76E-06 5.98E-06   0.043 1.0000 6.6572E-06   1024.513
13851.00 0.96144754 1.2215E-32 0.0000E+00 0.0000E+00 1.1841E-08 1.1841E-08 0.0000E+00 0.0000E+00 1.1841E-08 5.97E-06 6.19E-06   0.039 1.0000 6.8689E-06   1027.049
13861.00 0.96169925 1.1546E-32 0.0000E+00 0.0000E+00 1.1831E-08 1.1831E-08 0.0000E+00 0.0000E+00 1.1831E-08 5.95E-06 6.18E-06   0.039 1.0000 6.8448E-06   1027.630
13871.00 0.92865294 2.0394E-32 0.0000E+00 0.0000E+00 1.0761E-08 1.0761E-08 0.0000E+00 0.0000E+00 1.0761E-08 5.36E-06 5.66E-06   0.074 1.0000 6.6067E-06   1023.259
13881.00 0.90290391 2.6552E-32 0.0000E+00 0.0000E+00 1.0562E-08 1.0562E-08 0.0000E+00 0.0000E+00 1.0562E-08 5.21E-06 5.59E-06   0.102 1.0000 6.8443E-06   1022.905
13891.00 0.92138404 2.0522E-32 0.0000E+00 0.0000E+00 1.0786E-08 1.0786E-08 0.0000E+00 0.0000E+00 1.0786E-08 5.33E-06 5.69E-06   0.082 1.0000 6.7708E-06   1024.629
13901.00 0.91091526 2.2114E-32 0.0000E+00 0.0000E+00 1.0434E-08 1.0434E-08 0.0000E+00 0.0000E+00 1.0434E-08 5.14E-06 5.50E-06   0.093 1.0000 6.6271E-06   1023.515
13911.00 0.88991469 2.5914E-32 0.0000E+00 0.0000E+00 1.0034E-08 1.0034E-08 0.0000E+00 0.0000E+00 1.0034E-08 4.92E-06 5.31E-06   0.117 1.0000 6.5880E-06   1022.093
13921.00 0.91853952 1.8354E-32 0.0000E+00 0.0000E+00 1.0751E-08 1.0751E-08 0.0000E+00 0.0000E+00 1.0751E-08 5.31E-06 5.63E-06   0.085 1.0000 6.6696E-06   1026.333
13931.00 0.92162496 1.6738E-32 0.0000E+00 0.0000E+00 1.0898E-08 1.0898E-08 0.0000E+00 0.0000E+00 1.0898E-08 5.35E-06 5.72E-06   0.082 1.0000 6.7975E-06   1027.669
13941.00 0.92987329 1.4295E-32 0.0000E+00 0.0000E+00 1.1294E-08 1.1294E-08 0.0000E+00 0.0000E+00 1.1294E-08 5.54E-06 5.91E-06   0.073 1.0000 6.9216E-06   1030.181
13951.00 0.95152700 9.4335E-33 0.0000E+00 0.0000E+00 1.1367E-08 1.1367E-08 0.0000E+00 0.0000E+00 1.1367E-08 5.62E-06 5.89E-06   0.050 1.0000 6.6387E-06   1031.144
13961.00 0.96703821 6.0815E-33 0.0000E+00 0.0000E+00 1.2077E-08 1.2077E-08 0.0000E+00 0.0000E+00 1.2077E-08 6.00E-06 6.20E-06   0.034 1.0000 6.8145E-06   1034.992
13971.00 0.96914661 5.4178E-33 0.0000E+00 0.0000E+00 1.2198E-08 1.2198E-08 0.0000E+00 0.0000E+00 1.2198E-08 6.06E-06 6.25E-06   0.031 1.0000 6.8419E-06   1036.152
13981.00 0.96819121 5.3092E-33 0.0000E+00 0.0000E+00 1.1846E-08 1.1846E-08 0.0000E+00 0.0000E+00 1.1846E-08 5.87E-06 6.06E-06   0.032 1.0000 6.6525E-06   1035.216
13991.00 0.96986043 4.7939E-33 0.0000E+00 0.0000E+00 1.1992E-08 1.1992E-08 0.0000E+00 0.0000E+00 1.1992E-08 5.94E-06 6.12E-06   0.031 1.0000 6.6990E-06   1036.494
14001.00 0.97068435 4.4352E-33 0.0000E+00 0.0000E+00 1.2384E-08 1.2384E-08 0.0000E+00 0.0000E+00 1.2384E-08 6.13E-06 6.31E-06   0.030 1.0000 6.8966E-06   1038.843
14011.00 0.97130227 4.1335E-33 0.0000E+00 0.0000E+00 1.2354E-08 1.2354E-08 0.0000E+00 0.0000E+00 1.2354E-08 6.11E-06 6.29E-06   0.029 1.0000 6.8603E-06   1039.338
14021.00 0.97065943 4.0208E-33 0.0000E+00 0.0000E+00 1.2073E-08 1.2073E-08 0.0000E+00 0.0000E+00 1.2073E-08 5.96E-06 6.14E-06   0.030 1.0000 6.7046E-06   1038.735
14031.00 0.97171676 3.6909E-33 0.0000E+00 0.0000E+00 1.2302E-08 1.2302E-08 0.0000E+00 0.0000E+00 1.2302E-08 6.06E-06 6.24E-06   0.029 1.0000 6.8054E-06   1040.367
14041.00 0.97134477 3.5574E-33 0.0000E+00 0.0000E+00 1.2288E-08 1.2288E-08 0.0000E+00 0.0000E+00 1.2288E-08 6.05E-06 6.23E-06   0.029 1.0000 6.7943E-06   1040.931
14051.00 0.97167361 3.3484E-33 0.0000E+00 0.0000E+00 1.2299E-08 1.2299E-08 0.0000E+00 0.0000E+00 1.2299E-08 6.04E-06 6.22E-06   0.029 1.0000 6.7860E-06   1041.605
14061.00 0.97107631 3.2526E-33 0.0000E+00 0.0000E+00 1.2325E-08 1.2325E-08 0.0000E+00 0.0000E+00 1.2325E-08 6.05E-06 6.23E-06   0.029 1.0000 6.8011E-06   1042.348
14071.00 0.97074753 3.1322E-33 0.0000E+00 0.0000E+00 1.2535E-08 1.2535E-08 0.0000E+00 0.0000E+00 1.2535E-08 6.14E-06 6.32E-06   0.030 1.0000 6.9130E-06   1043.882
14081.00 0.97046214 3.0101E-33 0.0000E+00 0.0000E+00 1.2560E-08 1.2560E-08 0.0000E+00 0.0000E+00 1.2560E-08 6.14E-06 6.33E-06   0.030 1.0000 6.9222E-06   1044.616
14091.00 0.97087383 2.8256E-33 0.0000E+00 0.0000E+00 1.2456E-08 1.2456E-08 0.0000E+00 0.0000E+00 1.2456E-08 6.08E-06 6.27E-06   0.030 1.0000 6.8480E-06   1044.795
14101.00 0.97034711 2.7363E-33 0.0000E+00 0.0000E+00 1.2311E-08 1.2311E-08 0.0000E+00 0.0000E+00 1.2311E-08 6.00E-06 6.19E-06   0.030 1.0000 6.7686E-06   1044.794
14111.00 0.97118968 2.5328E-33 0.0000E+00 0.0000E+00 1.2300E-08 1.2300E-08 0.0000E+00 0.0000E+00 1.2300E-08 5.99E-06 6.17E-06   0.029 1.0000 6.7405E-06   1045.370
14121.00 0.96907324 2.5844E-33 0.0000E+00 0.0000E+00 1.2607E-08 1.2607E-08 0.0000E+00 0.0000E+00 1.2607E-08 6.13E-06 6.32E-06   0.031 1.0000 6.9338E-06   1047.325
14131.00 0.96973699 2.4100E-33 0.0000E+00 0.0000E+00 1.2602E-08 1.2602E-08 0.0000E+00 0.0000E+00 1.2602E-08 6.12E-06 6.31E-06   0.031 1.0000 6.9114E-06   1047.931
14141.00 0.97045112 2.2380E-33 0.0000E+00 0.0000E+00 1.2197E-08 1.2197E-08 0.0000E+00 0.0000E+00 1.2197E-08 5.91E-06 6.09E-06   0.030 1.0000 6.6690E-06   1046.797
14151.00 0.96840739 2.2780E-33 0.0000E+00 0.0000E+00 1.2461E-08 1.2461E-08 0.0000E+00 0.0000E+00 1.2461E-08 6.03E-06 6.22E-06   0.032 1.0000 6.8364E-06   1048.579
14161.00 0.96854055 2.1587E-33 0.0000E+00 0.0000E+00 1.2461E-08 1.2461E-08 0.0000E+00 0.0000E+00 1.2461E-08 6.02E-06 6.21E-06   0.032 1.0000 6.8263E-06   1049.205
14171.00 0.96738249 2.1285E-33 0.0000E+00 0.0000E+00 1.2436E-08 1.2436E-08 0.0000E+00 0.0000E+00 1.2436E-08 5.99E-06 6.19E-06   0.033 1.0000 6.8218E-06   1049.722
14181.00 0.96681833 2.0661E-33 0.0000E+00 0.0000E+00 1.2609E-08 1.2609E-08 0.0000E+00 0.0000E+00 1.2609E-08 6.07E-06 6.27E-06   0.034 1.0000 6.9162E-06   1051.094
14191.00 0.97007233 1.7712E-33 0.0000E+00 0.0000E+00 1.2692E-08 1.2692E-08 0.0000E+00 0.0000E+00 1.2692E-08 6.11E-06 6.30E-06   0.030 1.0000 6.9005E-06   1052.078
14201.00 0.96421313 2.0135E-33 0.0000E+00 0.0000E+00 1.2370E-08 1.2370E-08 0.0000E+00 0.0000E+00 1.2370E-08 5.93E-06 6.14E-06   0.036 1.0000 6.8083E-06   1051.315
14211.00 0.97000182 1.6112E-33 0.0000E+00 0.0000E+00 1.2538E-08 1.2538E-08 0.0000E+00 0.0000E+00 1.2538E-08 6.02E-06 6.20E-06   0.030 1.0000 6.7993E-06   1052.672
14221.00 0.96644902 1.7056E-33 0.0000E+00 0.0000E+00 1.2452E-08 1.2452E-08 0.0000E+00 0.0000E+00 1.2452E-08 5.96E-06 6.16E-06   0.034 1.0000 6.7995E-06   1052.923
14231.00 0.96189165 1.8534E-33 0.0000E+00 0.0000E+00 1.2137E-08 1.2137E-08 0.0000E+00 0.0000E+00 1.2137E-08 5.79E-06 6.01E-06   0.039 1.0000 6.6909E-06   1052.160
14241.00 0.96492070 1.6202E-33 0.0000E+00 0.0000E+00 1.2323E-08 1.2323E-08 0.0000E+00 0.0000E+00 1.2323E-08 5.88E-06 6.08E-06   0.036 1.0000 6.7352E-06   1053.610
14251.00 0.96276325 1.6406E-33 0.0000E+00 0.0000E+00 1.2008E-08 1.2008E-08 0.0000E+00 0.0000E+00 1.2008E-08 5.71E-06 5.92E-06   0.038 1.0000 6.5845E-06   1052.833
14261.00 0.96579278 1.4323E-33 0.0000E+00 0.0000E+00 1.2418E-08 1.2418E-08 0.0000E+00 0.0000E+00 1.2418E-08 5.90E-06 6.11E-06   0.035 1.0000 6.7582E-06   1055.276
14271.00 0.96160847 1.5295E-33 0.0000E+00 0.0000E+00 1.2232E-08 1.2232E-08 0.0000E+00 0.0000E+00 1.2232E-08 5.80E-06 6.02E-06   0.039 1.0000 6.7184E-06   1055.086
14281.00 0.96458155 1.3420E-33 0.0000E+00 0.0000E+00 1.2351E-08 1.2351E-08 0.0000E+00 0.0000E+00 1.2351E-08 5.85E-06 6.06E-06   0.036 1.0000 6.7221E-06   1056.235
 -9999.
