T F 2    2    2    0    2    2    2    2    2    2    1    0    0   0.0000.00000
    1    1    1    0    0    0  23.00000   0.00000   0.00000   0.00000   0.00000
 -99.000 -99.000 -99.000
 -99.00000 -99.00000 -99.00000  2.922360  0.000710 ! H2O & O3 COLUMNS [GM/CM2]
   36MID-LATITUDE SUMMER 
  20.00000  15.00000 180.00000   5.00000   0.00000   0.00000    0        0.00000
    0    0  172    0
   0.00000   0.00000   0.00000  20.00044   0.00000 180.00000   0.00000   0.00000
    9091.0   14286.0      10.0      10.0NW              
    0   0    0.000  0    0.000  0    1.000
    FREQ  TOT_TRANS  PTH_THRML  THRML_SCT  SURF_EMIS   SOL_SCAT  SING_SCAT  GRND_RFLT  DRCT_RFLT  TOTAL_RAD  REF_SOL  SOL@OBS   DEPTH DIR_EM    TOA_SUN BBODY_T[K]
 9091.00 0.99891150 6.2654E-30 0.0000E+00 0.0000E+00 6.7737E-10 6.7737E-10 0.0000E+00 0.0000E+00 6.7737E-10 6.90E-06 6.91E-06   0.001 1.0000 6.9214E-06    622.808
 9101.00 0.99891526 5.8664E-30 0.0000E+00 0.0000E+00 6.6324E-10 6.6324E-10 0.0000E+00 0.0000E+00 6.6324E-10 6.73E-06 6.75E-06   0.001 1.0000 6.7529E-06    622.770
 9111.00 0.99891406 5.5143E-30 0.0000E+00 0.0000E+00 6.6737E-10 6.6737E-10 0.0000E+00 0.0000E+00 6.6737E-10 6.75E-06 6.76E-06   0.001 1.0000 6.7702E-06    623.540
 9121.00 0.99890882 5.2006E-30 0.0000E+00 0.0000E+00 6.6847E-10 6.6847E-10 0.0000E+00 0.0000E+00 6.6847E-10 6.73E-06 6.75E-06   0.001 1.0000 6.7570E-06    624.176
 9131.00 0.99890167 4.9147E-30 0.0000E+00 0.0000E+00 6.6693E-10 6.6693E-10 0.0000E+00 0.0000E+00 6.6693E-10 6.70E-06 6.71E-06   0.001 1.0000 6.7175E-06    624.694
 9141.00 0.99890274 4.6112E-30 0.0000E+00 0.0000E+00 6.4210E-10 6.4210E-10 0.0000E+00 0.0000E+00 6.4210E-10 6.42E-06 6.44E-06   0.001 1.0000 6.4440E-06    624.155
 9151.00 0.99888963 4.3779E-30 0.0000E+00 0.0000E+00 6.8614E-10 6.8614E-10 0.0000E+00 0.0000E+00 6.8614E-10 6.84E-06 6.85E-06   0.001 1.0000 6.8615E-06    626.713
 9161.00 0.99889511 4.0924E-30 0.0000E+00 0.0000E+00 6.9592E-10 6.9592E-10 0.0000E+00 0.0000E+00 6.9592E-10 6.91E-06 6.93E-06   0.001 1.0000 6.9345E-06    627.723
 9171.00 0.99888599 3.8731E-30 0.0000E+00 0.0000E+00 7.0379E-10 7.0379E-10 0.0000E+00 0.0000E+00 7.0379E-10 6.96E-06 6.98E-06   0.001 1.0000 6.9883E-06    628.647
 9181.00 0.99888456 3.6413E-30 0.0000E+00 0.0000E+00 6.9472E-10 6.9472E-10 0.0000E+00 0.0000E+00 6.9472E-10 6.85E-06 6.87E-06   0.001 1.0000 6.8738E-06    628.846
 9191.00 0.99888140 3.4285E-30 0.0000E+00 0.0000E+00 6.9511E-10 6.9511E-10 0.0000E+00 0.0000E+00 6.9511E-10 6.83E-06 6.85E-06   0.001 1.0000 6.8531E-06    629.450
 9201.00 0.99887210 3.2441E-30 0.0000E+00 0.0000E+00 6.9011E-10 6.9011E-10 0.0000E+00 0.0000E+00 6.9011E-10 6.76E-06 6.77E-06   0.001 1.0000 6.7792E-06    629.820
 9211.00 0.99886638 3.0613E-30 0.0000E+00 0.0000E+00 7.1793E-10 7.1793E-10 0.0000E+00 0.0000E+00 7.1793E-10 7.00E-06 7.02E-06   0.001 1.0000 7.0277E-06    631.595
 9221.00 0.99886358 2.8810E-30 0.0000E+00 0.0000E+00 7.1447E-10 7.1447E-10 0.0000E+00 0.0000E+00 7.1447E-10 6.94E-06 6.96E-06   0.001 1.0000 6.9689E-06    632.036
 9231.00 0.99885625 2.7216E-30 0.0000E+00 0.0000E+00 6.9915E-10 6.9915E-10 0.0000E+00 0.0000E+00 6.9915E-10 6.77E-06 6.79E-06   0.001 1.0000 6.7955E-06    631.971
 9241.00 0.99885058 2.5672E-30 0.0000E+00 0.0000E+00 7.0049E-10 7.0049E-10 0.0000E+00 0.0000E+00 7.0049E-10 6.76E-06 6.78E-06   0.001 1.0000 6.7842E-06    632.616
 9251.00 0.99884099 2.4289E-30 0.0000E+00 0.0000E+00 7.1504E-10 7.1504E-10 0.0000E+00 0.0000E+00 7.1504E-10 6.88E-06 6.89E-06   0.001 1.0000 6.9007E-06    633.823
 9261.00 0.99883193 2.2970E-30 0.0000E+00 0.0000E+00 7.2730E-10 7.2730E-10 0.0000E+00 0.0000E+00 7.2730E-10 6.97E-06 6.99E-06   0.001 1.0000 6.9947E-06    634.924
 9271.00 0.99882191 2.1734E-30 0.0000E+00 0.0000E+00 7.1753E-10 7.1753E-10 0.0000E+00 0.0000E+00 7.1753E-10 6.85E-06 6.87E-06   0.001 1.0000 6.8762E-06    635.102
 9281.00 0.99880707 2.0641E-30 0.0000E+00 0.0000E+00 7.3648E-10 7.3648E-10 0.0000E+00 0.0000E+00 7.3648E-10 7.01E-06 7.03E-06   0.001 1.0000 7.0330E-06    636.479
 9291.00 0.99879205 1.9603E-30 0.0000E+00 0.0000E+00 7.3703E-10 7.3703E-10 0.0000E+00 0.0000E+00 7.3703E-10 6.99E-06 7.01E-06   0.001 1.0000 7.0135E-06    637.090
 9301.00 0.99877185 1.8681E-30 0.0000E+00 0.0000E+00 7.2384E-10 7.2384E-10 0.0000E+00 0.0000E+00 7.2384E-10 6.84E-06 6.86E-06   0.001 1.0000 6.8637E-06    637.129
 9311.00 0.99874747 1.7854E-30 0.0000E+00 0.0000E+00 7.3919E-10 7.3919E-10 0.0000E+00 0.0000E+00 7.3919E-10 6.96E-06 6.98E-06   0.001 1.0000 6.9849E-06    638.354
 9321.00 0.99871731 1.7127E-30 0.0000E+00 0.0000E+00 7.3129E-10 7.3129E-10 0.0000E+00 0.0000E+00 7.3129E-10 6.86E-06 6.88E-06   0.001 1.0000 6.8861E-06    638.614
 9331.00 0.99867874 1.6516E-30 0.0000E+00 0.0000E+00 7.4705E-10 7.4705E-10 0.0000E+00 0.0000E+00 7.4705E-10 6.98E-06 7.00E-06   0.001 1.0000 7.0103E-06    639.851
 9341.00 0.99864042 1.5912E-30 0.0000E+00 0.0000E+00 7.4634E-10 7.4634E-10 0.0000E+00 0.0000E+00 7.4634E-10 6.95E-06 6.97E-06   0.001 1.0000 6.9794E-06    640.410
 9351.00 0.99859047 1.5435E-30 0.0000E+00 0.0000E+00 7.1956E-10 7.1956E-10 0.0000E+00 0.0000E+00 7.1956E-10 6.68E-06 6.70E-06   0.001 1.0000 6.7060E-06    639.883
 9361.00 0.99847829 1.5559E-30 0.0000E+00 0.0000E+00 7.4444E-10 7.4444E-10 0.0000E+00 0.0000E+00 7.4444E-10 6.88E-06 6.91E-06   0.002 1.0000 6.9146E-06    641.507
 9371.00 0.99848193 1.4577E-30 0.0000E+00 0.0000E+00 7.5693E-10 7.5693E-10 0.0000E+00 0.0000E+00 7.5693E-10 6.98E-06 7.00E-06   0.002 1.0000 7.0062E-06    642.604
 9381.00 0.99847227 1.3757E-30 0.0000E+00 0.0000E+00 7.5597E-10 7.5597E-10 0.0000E+00 0.0000E+00 7.5597E-10 6.94E-06 6.96E-06   0.002 1.0000 6.9727E-06    643.152
 9391.00 0.99847358 1.2915E-30 0.0000E+00 0.0000E+00 7.7163E-10 7.7163E-10 0.0000E+00 0.0000E+00 7.7163E-10 7.06E-06 7.08E-06   0.002 1.0000 7.0927E-06    644.369
 9401.00 0.99849820 1.1949E-30 0.0000E+00 0.0000E+00 7.6851E-10 7.6851E-10 0.0000E+00 0.0000E+00 7.6851E-10 7.01E-06 7.03E-06   0.002 1.0000 7.0394E-06    644.833
 9411.00 0.99853683 1.0950E-30 0.0000E+00 0.0000E+00 7.6935E-10 7.6935E-10 0.0000E+00 0.0000E+00 7.6935E-10 6.99E-06 7.01E-06   0.001 1.0000 7.0221E-06    645.454
 9421.00 0.99855578 1.0160E-30 0.0000E+00 0.0000E+00 7.7018E-10 7.7018E-10 0.0000E+00 0.0000E+00 7.7018E-10 6.98E-06 7.00E-06   0.001 1.0000 7.0055E-06    646.075
 9431.00 0.99856627 9.4801E-31 0.0000E+00 0.0000E+00 7.6869E-10 7.6869E-10 0.0000E+00 0.0000E+00 7.6869E-10 6.94E-06 6.96E-06   0.001 1.0000 6.9676E-06    646.603
 9441.00 0.99857932 8.8314E-31 0.0000E+00 0.0000E+00 7.6916E-10 7.6916E-10 0.0000E+00 0.0000E+00 7.6916E-10 6.92E-06 6.94E-06   0.001 1.0000 6.9484E-06    647.209
 9451.00 0.99859983 8.1866E-31 0.0000E+00 0.0000E+00 7.7481E-10 7.7481E-10 0.0000E+00 0.0000E+00 7.7481E-10 6.95E-06 6.97E-06   0.001 1.0000 6.9764E-06    648.023
 9461.00 0.99862272 7.5771E-31 0.0000E+00 0.0000E+00 7.8981E-10 7.8981E-10 0.0000E+00 0.0000E+00 7.8981E-10 7.06E-06 7.08E-06   0.001 1.0000 7.0891E-06    649.204
 9471.00 0.99864382 7.0193E-31 0.0000E+00 0.0000E+00 7.9246E-10 7.9246E-10 0.0000E+00 0.0000E+00 7.9246E-10 7.06E-06 7.08E-06   0.001 1.0000 7.0904E-06    649.895
 9481.00 0.99865818 6.5313E-31 0.0000E+00 0.0000E+00 7.9433E-10 7.9433E-10 0.0000E+00 0.0000E+00 7.9433E-10 7.06E-06 7.08E-06   0.001 1.0000 7.0848E-06    650.556
 9491.00 0.99866402 6.1123E-31 0.0000E+00 0.0000E+00 7.9033E-10 7.9033E-10 0.0000E+00 0.0000E+00 7.9033E-10 7.00E-06 7.02E-06   0.001 1.0000 7.0271E-06    650.988
 9501.00 0.99866283 5.7474E-31 0.0000E+00 0.0000E+00 7.9722E-10 7.9722E-10 0.0000E+00 0.0000E+00 7.9722E-10 7.04E-06 7.06E-06   0.001 1.0000 7.0663E-06    651.845
 9511.00 0.99867475 5.3558E-31 0.0000E+00 0.0000E+00 8.0046E-10 8.0046E-10 0.0000E+00 0.0000E+00 8.0046E-10 7.04E-06 7.06E-06   0.001 1.0000 7.0729E-06    652.559
 9521.00 0.99866629 5.0588E-31 0.0000E+00 0.0000E+00 8.0248E-10 8.0248E-10 0.0000E+00 0.0000E+00 8.0248E-10 7.04E-06 7.06E-06   0.001 1.0000 7.0689E-06    653.226
 9531.00 0.99866188 4.7706E-31 0.0000E+00 0.0000E+00 8.0667E-10 8.0667E-10 0.0000E+00 0.0000E+00 8.0667E-10 7.06E-06 7.07E-06   0.001 1.0000 7.0837E-06    653.976
 9541.00 0.99870658 4.3391E-31 0.0000E+00 0.0000E+00 8.0938E-10 8.0938E-10 0.0000E+00 0.0000E+00 8.0938E-10 7.06E-06 7.08E-06   0.001 1.0000 7.0847E-06    654.668
 9551.00 0.99870771 4.0719E-31 0.0000E+00 0.0000E+00 8.0430E-10 8.0430E-10 0.0000E+00 0.0000E+00 8.0430E-10 6.99E-06 7.01E-06   0.001 1.0000 7.0183E-06    655.060
 9561.00 0.99870729 3.8256E-31 0.0000E+00 0.0000E+00 7.9827E-10 7.9827E-10 0.0000E+00 0.0000E+00 7.9827E-10 6.92E-06 6.94E-06   0.001 1.0000 6.9440E-06    655.412
 9571.00 0.99870950 3.5862E-31 0.0000E+00 0.0000E+00 8.1569E-10 8.1569E-10 0.0000E+00 0.0000E+00 8.1569E-10 7.05E-06 7.06E-06   0.001 1.0000 7.0733E-06    656.675
 9581.00 0.99871075 3.3640E-31 0.0000E+00 0.0000E+00 8.1937E-10 8.1937E-10 0.0000E+00 0.0000E+00 8.1937E-10 7.06E-06 7.07E-06   0.001 1.0000 7.0833E-06    657.404
 9591.00 0.99870986 3.1606E-31 0.0000E+00 0.0000E+00 8.1647E-10 8.1647E-10 0.0000E+00 0.0000E+00 8.1647E-10 7.01E-06 7.03E-06   0.001 1.0000 7.0362E-06    657.881
 9601.00 0.99870664 2.9745E-31 0.0000E+00 0.0000E+00 8.2649E-10 8.2649E-10 0.0000E+00 0.0000E+00 8.2649E-10 7.07E-06 7.09E-06   0.001 1.0000 7.1006E-06    658.852
 9611.00 0.99870116 2.8040E-31 0.0000E+00 0.0000E+00 8.2418E-10 8.2418E-10 0.0000E+00 0.0000E+00 8.2418E-10 7.03E-06 7.05E-06   0.001 1.0000 7.0589E-06    659.352
 9621.00 0.99869674 2.6413E-31 0.0000E+00 0.0000E+00 8.2618E-10 8.2618E-10 0.0000E+00 0.0000E+00 8.2618E-10 7.03E-06 7.05E-06   0.001 1.0000 7.0542E-06    660.016
 9631.00 0.99869782 2.4780E-31 0.0000E+00 0.0000E+00 8.2819E-10 8.2819E-10 0.0000E+00 0.0000E+00 8.2819E-10 7.02E-06 7.04E-06   0.001 1.0000 7.0494E-06    660.680
 9641.00 0.99868357 2.3505E-31 0.0000E+00 0.0000E+00 8.2536E-10 8.2536E-10 0.0000E+00 0.0000E+00 8.2536E-10 6.98E-06 6.99E-06   0.001 1.0000 7.0036E-06    661.161
 9651.00 0.99869537 2.1893E-31 0.0000E+00 0.0000E+00 8.4049E-10 8.4049E-10 0.0000E+00 0.0000E+00 8.4049E-10 7.08E-06 7.10E-06   0.001 1.0000 7.1097E-06    662.321
 9661.00 0.99869800 2.0512E-31 0.0000E+00 0.0000E+00 8.3314E-10 8.3314E-10 0.0000E+00 0.0000E+00 8.3314E-10 7.00E-06 7.02E-06   0.001 1.0000 7.0258E-06    662.632
 9671.00 0.99869543 1.9296E-31 0.0000E+00 0.0000E+00 8.3594E-10 8.3594E-10 0.0000E+00 0.0000E+00 8.3594E-10 7.00E-06 7.02E-06   0.001 1.0000 7.0276E-06    663.326
 9681.00 0.99869263 1.8153E-31 0.0000E+00 0.0000E+00 8.3619E-10 8.3619E-10 0.0000E+00 0.0000E+00 8.3619E-10 6.98E-06 7.00E-06   0.001 1.0000 7.0080E-06    663.923
 9691.00 0.99868965 1.7080E-31 0.0000E+00 0.0000E+00 8.5072E-10 8.5072E-10 0.0000E+00 0.0000E+00 8.5072E-10 7.08E-06 7.10E-06   0.001 1.0000 7.1079E-06    665.057
 9701.00 0.99868667 1.6071E-31 0.0000E+00 0.0000E+00 8.5215E-10 8.5215E-10 0.0000E+00 0.0000E+00 8.5215E-10 7.07E-06 7.09E-06   0.001 1.0000 7.0980E-06    665.698
 9711.00 0.99868369 1.5123E-31 0.0000E+00 0.0000E+00 8.5292E-10 8.5292E-10 0.0000E+00 0.0000E+00 8.5292E-10 7.05E-06 7.07E-06   0.001 1.0000 7.0827E-06    666.315
 9721.00 0.99868029 1.4232E-31 0.0000E+00 0.0000E+00 8.5626E-10 8.5626E-10 0.0000E+00 0.0000E+00 8.5626E-10 7.06E-06 7.08E-06   0.001 1.0000 7.0883E-06    667.027
 9731.00 0.99867707 1.3395E-31 0.0000E+00 0.0000E+00 8.6370E-10 8.6370E-10 0.0000E+00 0.0000E+00 8.6370E-10 7.10E-06 7.12E-06   0.001 1.0000 7.1280E-06    667.890
 9741.00 0.99867392 1.2604E-31 0.0000E+00 0.0000E+00 8.6475E-10 8.6475E-10 0.0000E+00 0.0000E+00 8.6475E-10 7.09E-06 7.11E-06   0.001 1.0000 7.1148E-06    668.517
 9751.00 0.99867040 1.1862E-31 0.0000E+00 0.0000E+00 8.6873E-10 8.6873E-10 0.0000E+00 0.0000E+00 8.6873E-10 7.10E-06 7.12E-06   0.001 1.0000 7.1256E-06    669.252
 9761.00 0.99866670 1.1166E-31 0.0000E+00 0.0000E+00 8.6975E-10 8.6975E-10 0.0000E+00 0.0000E+00 8.6975E-10 7.08E-06 7.10E-06   0.001 1.0000 7.1121E-06    669.878
 9771.00 0.99866277 1.0513E-31 0.0000E+00 0.0000E+00 8.7391E-10 8.7391E-10 0.0000E+00 0.0000E+00 8.7391E-10 7.10E-06 7.11E-06   0.001 1.0000 7.1242E-06    670.618
 9781.00 0.99865985 9.8911E-32 0.0000E+00 0.0000E+00 8.6682E-10 8.6682E-10 0.0000E+00 0.0000E+00 8.6682E-10 7.02E-06 7.04E-06   0.001 1.0000 7.0450E-06    670.946
 9791.00 0.99865627 9.3100E-32 0.0000E+00 0.0000E+00 8.6870E-10 8.6870E-10 0.0000E+00 0.0000E+00 8.6870E-10 7.01E-06 7.03E-06   0.001 1.0000 7.0386E-06    671.603
 9801.00 0.99865246 8.7644E-32 0.0000E+00 0.0000E+00 8.7343E-10 8.7343E-10 0.0000E+00 0.0000E+00 8.7343E-10 7.03E-06 7.05E-06   0.001 1.0000 7.0554E-06    672.365
 9811.00 0.99864811 8.2533E-32 0.0000E+00 0.0000E+00 8.6660E-10 8.6660E-10 0.0000E+00 0.0000E+00 8.6660E-10 6.95E-06 6.97E-06   0.001 1.0000 6.9787E-06    672.701
 9821.00 0.99864519 7.7647E-32 0.0000E+00 0.0000E+00 8.7969E-10 8.7969E-10 0.0000E+00 0.0000E+00 8.7969E-10 7.03E-06 7.05E-06   0.001 1.0000 7.0623E-06    673.770
 9831.00 0.99864113 7.3103E-32 0.0000E+00 0.0000E+00 8.8417E-10 8.8417E-10 0.0000E+00 0.0000E+00 8.8417E-10 7.05E-06 7.07E-06   0.001 1.0000 7.0767E-06    674.521
 9841.00 0.99863738 6.8816E-32 0.0000E+00 0.0000E+00 8.8422E-10 8.8422E-10 0.0000E+00 0.0000E+00 8.8422E-10 7.03E-06 7.05E-06   0.001 1.0000 7.0554E-06    675.110
 9851.00 0.99863338 6.4786E-32 0.0000E+00 0.0000E+00 8.8642E-10 8.8642E-10 0.0000E+00 0.0000E+00 8.8642E-10 7.02E-06 7.04E-06   0.001 1.0000 7.0514E-06    675.778
 9861.00 0.99862975 6.0976E-32 0.0000E+00 0.0000E+00 8.9569E-10 8.9569E-10 0.0000E+00 0.0000E+00 8.9569E-10 7.07E-06 7.09E-06   0.001 1.0000 7.1034E-06    676.702
 9871.00 0.99862570 5.7405E-32 0.0000E+00 0.0000E+00 8.9932E-10 8.9932E-10 0.0000E+00 0.0000E+00 8.9932E-10 7.08E-06 7.10E-06   0.001 1.0000 7.1106E-06    677.421
 9881.00 0.99862128 5.4058E-32 0.0000E+00 0.0000E+00 9.0231E-10 9.0231E-10 0.0000E+00 0.0000E+00 9.0231E-10 7.08E-06 7.10E-06   0.001 1.0000 7.1125E-06    678.116
 9891.00 0.99861801 5.0869E-32 0.0000E+00 0.0000E+00 9.0531E-10 9.0531E-10 0.0000E+00 0.0000E+00 9.0531E-10 7.08E-06 7.11E-06   0.001 1.0000 7.1147E-06    678.812
 9901.00 0.99861282 4.7922E-32 0.0000E+00 0.0000E+00 9.0998E-10 9.0998E-10 0.0000E+00 0.0000E+00 9.0998E-10 7.10E-06 7.12E-06   0.001 1.0000 7.1297E-06    679.566
 9911.00 0.99860841 4.5129E-32 0.0000E+00 0.0000E+00 9.1021E-10 9.1021E-10 0.0000E+00 0.0000E+00 9.1021E-10 7.08E-06 7.10E-06   0.001 1.0000 7.1100E-06    680.163
 9921.00 0.99860519 4.2458E-32 0.0000E+00 0.0000E+00 9.1384E-10 9.1384E-10 0.0000E+00 0.0000E+00 9.1384E-10 7.09E-06 7.11E-06   0.001 1.0000 7.1166E-06    680.880
 9931.00 0.99860120 3.9971E-32 0.0000E+00 0.0000E+00 9.1126E-10 9.1126E-10 0.0000E+00 0.0000E+00 9.1126E-10 7.04E-06 7.07E-06   0.001 1.0000 7.0750E-06    681.376
 9941.00 0.99859649 3.7646E-32 0.0000E+00 0.0000E+00 8.8371E-10 8.8371E-10 0.0000E+00 0.0000E+00 8.8371E-10 6.81E-06 6.83E-06   0.001 1.0000 6.8405E-06    680.967
 9951.00 0.99859262 3.5434E-32 0.0000E+00 0.0000E+00 8.6778E-10 8.6778E-10 0.0000E+00 0.0000E+00 8.6778E-10 6.67E-06 6.69E-06   0.001 1.0000 6.6965E-06    680.965
 9961.00 0.99858737 3.3385E-32 0.0000E+00 0.0000E+00 9.1254E-10 9.1254E-10 0.0000E+00 0.0000E+00 9.1254E-10 6.99E-06 7.01E-06   0.001 1.0000 7.0208E-06    683.185
 9971.00 0.99858308 3.1435E-32 0.0000E+00 0.0000E+00 9.2424E-10 9.2424E-10 0.0000E+00 0.0000E+00 9.2424E-10 7.06E-06 7.08E-06   0.001 1.0000 7.0893E-06    684.188
 9981.00 0.99857730 2.9628E-32 0.0000E+00 0.0000E+00 9.3432E-10 9.3432E-10 0.0000E+00 0.0000E+00 9.3432E-10 7.11E-06 7.14E-06   0.001 1.0000 7.1451E-06    685.131
 9991.00 0.99857342 2.7889E-32 0.0000E+00 0.0000E+00 9.3629E-10 9.3629E-10 0.0000E+00 0.0000E+00 9.3629E-10 7.11E-06 7.13E-06   0.001 1.0000 7.1388E-06    685.788
10001.00 0.99856800 2.6275E-32 0.0000E+00 0.0000E+00 9.3442E-10 9.3442E-10 0.0000E+00 0.0000E+00 9.3442E-10 7.07E-06 7.09E-06   0.001 1.0000 7.1031E-06    686.310
10011.00 0.99856204 2.4769E-32 0.0000E+00 0.0000E+00 9.3881E-10 9.3881E-10 0.0000E+00 0.0000E+00 9.3881E-10 7.08E-06 7.10E-06   0.001 1.0000 7.1150E-06    687.052
10021.00 0.99855524 2.3363E-32 0.0000E+00 0.0000E+00 9.4375E-10 9.4375E-10 0.0000E+00 0.0000E+00 9.4375E-10 7.10E-06 7.12E-06   0.001 1.0000 7.1310E-06    687.812
10031.00 0.99854809 2.2041E-32 0.0000E+00 0.0000E+00 9.4669E-10 9.4669E-10 0.0000E+00 0.0000E+00 9.4669E-10 7.10E-06 7.12E-06   0.001 1.0000 7.1318E-06    688.502
10041.00 0.99853951 2.0816E-32 0.0000E+00 0.0000E+00 9.4746E-10 9.4746E-10 0.0000E+00 0.0000E+00 9.4746E-10 7.08E-06 7.11E-06   0.001 1.0000 7.1164E-06    689.117
10051.00 0.99853092 1.9658E-32 0.0000E+00 0.0000E+00 9.5065E-10 9.5065E-10 0.0000E+00 0.0000E+00 9.5065E-10 7.09E-06 7.11E-06   0.001 1.0000 7.1191E-06    689.816
10061.00 0.99852520 1.8525E-32 0.0000E+00 0.0000E+00 9.5491E-10 9.5491E-10 0.0000E+00 0.0000E+00 9.5491E-10 7.10E-06 7.12E-06   0.001 1.0000 7.1296E-06    690.552
10071.00 0.99851924 1.7456E-32 0.0000E+00 0.0000E+00 9.5678E-10 9.5678E-10 0.0000E+00 0.0000E+00 9.5678E-10 7.09E-06 7.11E-06   0.001 1.0000 7.1221E-06    691.204
10081.00 0.99850941 1.6500E-32 0.0000E+00 0.0000E+00 9.5706E-10 9.5706E-10 0.0000E+00 0.0000E+00 9.5706E-10 7.07E-06 7.09E-06   0.001 1.0000 7.1031E-06    691.802
10091.00 0.99850386 1.5546E-32 0.0000E+00 0.0000E+00 9.5742E-10 9.5742E-10 0.0000E+00 0.0000E+00 9.5742E-10 7.05E-06 7.07E-06   0.001 1.0000 7.0846E-06    692.402
10101.00 0.99851215 1.4503E-32 0.0000E+00 0.0000E+00 9.5388E-10 9.5388E-10 0.0000E+00 0.0000E+00 9.5388E-10 7.00E-06 7.03E-06   0.001 1.0000 7.0367E-06    692.868
10111.00 0.99851710 1.3560E-32 0.0000E+00 0.0000E+00 9.5444E-10 9.5444E-10 0.0000E+00 0.0000E+00 9.5444E-10 6.99E-06 7.01E-06   0.001 1.0000 7.0192E-06    693.475
10121.00 0.99851531 1.2740E-32 0.0000E+00 0.0000E+00 9.6957E-10 9.6957E-10 0.0000E+00 0.0000E+00 9.6957E-10 7.08E-06 7.10E-06   0.001 1.0000 7.1091E-06    694.583
10131.00 0.99851328 1.1973E-32 0.0000E+00 0.0000E+00 9.6791E-10 9.6791E-10 0.0000E+00 0.0000E+00 9.6791E-10 7.04E-06 7.07E-06   0.001 1.0000 7.0756E-06    695.115
10141.00 0.99851185 1.1248E-32 0.0000E+00 0.0000E+00 9.7161E-10 9.7161E-10 0.0000E+00 0.0000E+00 9.7161E-10 7.05E-06 7.07E-06   0.001 1.0000 7.0813E-06    695.829
10151.00 0.99850601 1.0596E-32 0.0000E+00 0.0000E+00 9.7888E-10 9.7888E-10 0.0000E+00 0.0000E+00 9.7888E-10 7.08E-06 7.10E-06   0.001 1.0000 7.1130E-06    696.664
10161.00 0.99850464 9.9541E-33 0.0000E+00 0.0000E+00 9.7841E-10 9.7841E-10 0.0000E+00 0.0000E+00 9.7841E-10 7.06E-06 7.08E-06   0.001 1.0000 7.0884E-06    697.237
10171.00 0.99849814 9.3814E-33 0.0000E+00 0.0000E+00 9.8136E-10 9.8136E-10 0.0000E+00 0.0000E+00 9.8136E-10 7.06E-06 7.08E-06   0.002 1.0000 7.0885E-06    697.925
10181.00 0.99849433 8.8276E-33 0.0000E+00 0.0000E+00 9.8920E-10 9.8920E-10 0.0000E+00 0.0000E+00 9.8920E-10 7.09E-06 7.11E-06   0.002 1.0000 7.1238E-06    698.778
10191.00 0.99849141 8.3017E-33 0.0000E+00 0.0000E+00 9.9360E-10 9.9360E-10 0.0000E+00 0.0000E+00 9.9360E-10 7.10E-06 7.12E-06   0.002 1.0000 7.1342E-06    699.514
10201.00 0.99847388 7.8763E-33 0.0000E+00 0.0000E+00 9.8795E-10 9.8795E-10 0.0000E+00 0.0000E+00 9.8795E-10 7.04E-06 7.06E-06   0.002 1.0000 7.0727E-06    699.912
10211.00 0.99846882 7.4178E-33 0.0000E+00 0.0000E+00 9.8563E-10 9.8563E-10 0.0000E+00 0.0000E+00 9.8563E-10 7.00E-06 7.02E-06   0.002 1.0000 7.0352E-06    700.421
10221.00 0.99845988 7.0010E-33 0.0000E+00 0.0000E+00 9.9104E-10 9.9104E-10 0.0000E+00 0.0000E+00 9.9104E-10 7.02E-06 7.04E-06   0.002 1.0000 7.0526E-06    701.192
10231.00 0.99846780 6.5403E-33 0.0000E+00 0.0000E+00 9.9877E-10 9.9877E-10 0.0000E+00 0.0000E+00 9.9877E-10 7.05E-06 7.08E-06   0.002 1.0000 7.0865E-06    702.040
10241.00 0.99844193 6.2350E-33 0.0000E+00 0.0000E+00 9.9433E-10 9.9433E-10 0.0000E+00 0.0000E+00 9.9433E-10 7.00E-06 7.02E-06   0.002 1.0000 7.0343E-06    702.479
10251.00 0.99842238 5.9218E-33 0.0000E+00 0.0000E+00 1.0090E-09 1.0090E-09 0.0000E+00 0.0000E+00 1.0090E-09 7.08E-06 7.11E-06   0.002 1.0000 7.1175E-06    703.559
10261.00 0.99841565 5.5820E-33 0.0000E+00 0.0000E+00 9.9539E-10 9.9539E-10 0.0000E+00 0.0000E+00 9.9539E-10 6.97E-06 6.99E-06   0.002 1.0000 7.0004E-06    703.690
10271.00 0.99843222 5.1902E-33 0.0000E+00 0.0000E+00 1.0020E-09 1.0020E-09 0.0000E+00 0.0000E+00 1.0020E-09 6.99E-06 7.01E-06   0.002 1.0000 7.0253E-06    704.499
10281.00 0.99843299 4.8684E-33 0.0000E+00 0.0000E+00 1.0167E-09 1.0167E-09 0.0000E+00 0.0000E+00 1.0167E-09 7.07E-06 7.10E-06   0.002 1.0000 7.1074E-06    705.577
10291.00 0.99842441 4.5944E-33 0.0000E+00 0.0000E+00 1.0215E-09 1.0215E-09 0.0000E+00 0.0000E+00 1.0215E-09 7.09E-06 7.11E-06   0.002 1.0000 7.1198E-06    706.323
10301.00 0.99842680 4.3058E-33 0.0000E+00 0.0000E+00 1.0159E-09 1.0159E-09 0.0000E+00 0.0000E+00 1.0159E-09 7.03E-06 7.05E-06   0.002 1.0000 7.0598E-06    706.726
10311.00 0.99842644 4.0452E-33 0.0000E+00 0.0000E+00 1.0256E-09 1.0256E-09 0.0000E+00 0.0000E+00 1.0256E-09 7.07E-06 7.10E-06   0.002 1.0000 7.1065E-06    707.636
10321.00 0.99841750 3.8155E-33 0.0000E+00 0.0000E+00 1.0253E-09 1.0253E-09 0.0000E+00 0.0000E+00 1.0253E-09 7.05E-06 7.07E-06   0.002 1.0000 7.0834E-06    708.214
10331.00 0.99840069 3.6187E-33 0.0000E+00 0.0000E+00 1.0222E-09 1.0222E-09 0.0000E+00 0.0000E+00 1.0222E-09 7.01E-06 7.03E-06   0.002 1.0000 7.0410E-06    708.698
10341.00 0.99837029 3.4549E-33 0.0000E+00 0.0000E+00 1.0309E-09 1.0309E-09 0.0000E+00 0.0000E+00 1.0309E-09 7.05E-06 7.07E-06   0.002 1.0000 7.0807E-06    709.574
10351.00 0.99836200 3.2619E-33 0.0000E+00 0.0000E+00 1.0146E-09 1.0146E-09 0.0000E+00 0.0000E+00 1.0146E-09 6.91E-06 6.94E-06   0.002 1.0000 6.9482E-06    709.622
10361.00 0.99836850 3.0485E-33 0.0000E+00 0.0000E+00 1.0314E-09 1.0314E-09 0.0000E+00 0.0000E+00 1.0314E-09 7.01E-06 7.03E-06   0.002 1.0000 7.0420E-06    710.765
10371.00 0.99833030 2.9249E-33 0.0000E+00 0.0000E+00 1.0320E-09 1.0320E-09 0.0000E+00 0.0000E+00 1.0320E-09 6.99E-06 7.01E-06   0.002 1.0000 7.0259E-06    711.373
10381.00 0.99835783 2.7034E-33 0.0000E+00 0.0000E+00 1.0357E-09 1.0357E-09 0.0000E+00 0.0000E+00 1.0357E-09 6.99E-06 7.02E-06   0.002 1.0000 7.0297E-06    712.081
10391.00 0.99829918 2.6225E-33 0.0000E+00 0.0000E+00 1.0365E-09 1.0365E-09 0.0000E+00 0.0000E+00 1.0365E-09 6.98E-06 7.00E-06   0.002 1.0000 7.0152E-06    712.696
10401.00 0.99835056 2.3918E-33 0.0000E+00 0.0000E+00 1.0545E-09 1.0545E-09 0.0000E+00 0.0000E+00 1.0545E-09 7.08E-06 7.10E-06   0.002 1.0000 7.1156E-06    713.870
10411.00 0.99831170 2.2954E-33 0.0000E+00 0.0000E+00 1.0417E-09 1.0417E-09 0.0000E+00 0.0000E+00 1.0417E-09 6.97E-06 7.00E-06   0.002 1.0000 7.0090E-06    714.042
10421.00 0.99828589 2.1847E-33 0.0000E+00 0.0000E+00 1.0597E-09 1.0597E-09 0.0000E+00 0.0000E+00 1.0597E-09 7.07E-06 7.10E-06   0.002 1.0000 7.1097E-06    715.214
10431.00 0.99829000 2.0467E-33 0.0000E+00 0.0000E+00 1.0656E-09 1.0656E-09 0.0000E+00 0.0000E+00 1.0656E-09 7.09E-06 7.12E-06   0.002 1.0000 7.1282E-06    715.991
10441.00 0.99830705 1.9042E-33 0.0000E+00 0.0000E+00 1.0543E-09 1.0543E-09 0.0000E+00 0.0000E+00 1.0543E-09 7.00E-06 7.02E-06   0.002 1.0000 7.0319E-06    716.216
10451.00 0.99823236 1.8606E-33 0.0000E+00 0.0000E+00 1.0586E-09 1.0586E-09 0.0000E+00 0.0000E+00 1.0586E-09 7.00E-06 7.03E-06   0.002 1.0000 7.0411E-06    716.944
10461.00 0.99823666 1.7422E-33 0.0000E+00 0.0000E+00 1.0578E-09 1.0578E-09 0.0000E+00 0.0000E+00 1.0578E-09 6.98E-06 7.00E-06   0.002 1.0000 7.0152E-06    717.506
10471.00 0.99819869 1.6677E-33 0.0000E+00 0.0000E+00 1.0054E-09 1.0054E-09 0.0000E+00 0.0000E+00 1.0054E-09 6.61E-06 6.64E-06   0.002 1.0000 6.6482E-06    716.357
10481.00 0.99821919 1.5517E-33 0.0000E+00 0.0000E+00 1.0510E-09 1.0510E-09 0.0000E+00 0.0000E+00 1.0510E-09 6.89E-06 6.92E-06   0.002 1.0000 6.9292E-06    718.461
10491.00 0.99820817 1.4616E-33 0.0000E+00 0.0000E+00 1.0736E-09 1.0736E-09 0.0000E+00 0.0000E+00 1.0736E-09 7.02E-06 7.04E-06   0.002 1.0000 7.0576E-06    719.777
10501.00 0.99801672 1.5114E-33 0.0000E+00 0.0000E+00 1.0840E-09 1.0840E-09 0.0000E+00 0.0000E+00 1.0840E-09 7.06E-06 7.09E-06   0.002 1.0000 7.1082E-06    720.697
10511.00 0.99825263 1.2619E-33 0.0000E+00 0.0000E+00 1.0845E-09 1.0845E-09 0.0000E+00 0.0000E+00 1.0845E-09 7.05E-06 7.07E-06   0.002 1.0000 7.0870E-06    721.299
10521.00 0.99799347 1.3445E-33 0.0000E+00 0.0000E+00 1.0866E-09 1.0866E-09 0.0000E+00 0.0000E+00 1.0866E-09 7.04E-06 7.07E-06   0.002 1.0000 7.0837E-06    721.954
10531.00 0.99801391 1.2543E-33 0.0000E+00 0.0000E+00 1.0975E-09 1.0975E-09 0.0000E+00 0.0000E+00 1.0975E-09 7.09E-06 7.12E-06   0.002 1.0000 7.1337E-06    722.887
10541.00 0.99797934 1.1911E-33 0.0000E+00 0.0000E+00 1.0991E-09 1.0991E-09 0.0000E+00 0.0000E+00 1.0991E-09 7.08E-06 7.11E-06   0.002 1.0000 7.1238E-06    723.525
10551.00 0.99806345 1.0804E-33 0.0000E+00 0.0000E+00 1.1007E-09 1.1007E-09 0.0000E+00 0.0000E+00 1.1007E-09 7.07E-06 7.10E-06   0.002 1.0000 7.1123E-06    724.164
10561.00 0.99806690 1.0088E-33 0.0000E+00 0.0000E+00 1.0983E-09 1.0983E-09 0.0000E+00 0.0000E+00 1.0983E-09 7.03E-06 7.06E-06   0.002 1.0000 7.0759E-06    724.675
10571.00 0.99788994 1.0315E-33 0.0000E+00 0.0000E+00 1.0991E-09 1.0991E-09 0.0000E+00 0.0000E+00 1.0991E-09 7.02E-06 7.05E-06   0.002 1.0000 7.0632E-06    725.289
10581.00 0.99807680 8.8507E-34 0.0000E+00 0.0000E+00 1.0941E-09 1.0941E-09 0.0000E+00 0.0000E+00 1.0941E-09 6.97E-06 6.99E-06   0.002 1.0000 7.0083E-06    725.720
10591.00 0.99761850 1.0198E-33 0.0000E+00 0.0000E+00 1.0832E-09 1.0832E-09 0.0000E+00 0.0000E+00 1.0832E-09 6.87E-06 6.91E-06   0.002 1.0000 6.9242E-06    725.960
10601.00 0.99765456 9.3804E-34 0.0000E+00 0.0000E+00 1.1000E-09 1.1000E-09 0.0000E+00 0.0000E+00 1.1000E-09 6.96E-06 6.99E-06   0.002 1.0000 7.0103E-06    727.080
10611.00 0.99788702 8.0358E-34 0.0000E+00 0.0000E+00 1.1022E-09 1.1022E-09 0.0000E+00 0.0000E+00 1.1022E-09 6.96E-06 6.99E-06   0.002 1.0000 7.0013E-06    727.739
10621.00 0.99809140 6.8294E-34 0.0000E+00 0.0000E+00 1.0568E-09 1.0568E-09 0.0000E+00 0.0000E+00 1.0568E-09 6.65E-06 6.68E-06   0.002 1.0000 6.6904E-06    726.869
10631.00 0.99812496 6.3037E-34 0.0000E+00 0.0000E+00 1.0972E-09 1.0972E-09 0.0000E+00 0.0000E+00 1.0972E-09 6.88E-06 6.91E-06   0.002 1.0000 6.9249E-06    728.754
10641.00 0.99817199 5.7756E-34 0.0000E+00 0.0000E+00 1.1232E-09 1.1232E-09 0.0000E+00 0.0000E+00 1.1232E-09 7.03E-06 7.05E-06   0.002 1.0000 7.0679E-06    730.157
10651.00 0.99788243 6.2026E-34 0.0000E+00 0.0000E+00 1.1287E-09 1.1287E-09 0.0000E+00 0.0000E+00 1.1287E-09 7.04E-06 7.07E-06   0.002 1.0000 7.0860E-06    730.917
10661.00 0.99752623 6.7543E-34 0.0000E+00 0.0000E+00 1.1356E-09 1.1356E-09 0.0000E+00 0.0000E+00 1.1356E-09 7.06E-06 7.10E-06   0.002 1.0000 7.1135E-06    731.718
10671.00 0.99760103 6.1685E-34 0.0000E+00 0.0000E+00 1.1378E-09 1.1378E-09 0.0000E+00 0.0000E+00 1.1378E-09 7.05E-06 7.09E-06   0.002 1.0000 7.1053E-06    732.372
10681.00 0.99768353 5.5763E-34 0.0000E+00 0.0000E+00 1.1287E-09 1.1287E-09 0.0000E+00 0.0000E+00 1.1287E-09 6.98E-06 7.01E-06   0.002 1.0000 7.0271E-06    732.680
10691.00 0.99771225 5.1947E-34 0.0000E+00 0.0000E+00 1.1357E-09 1.1357E-09 0.0000E+00 0.0000E+00 1.1357E-09 7.00E-06 7.03E-06   0.002 1.0000 7.0496E-06    733.483
10701.00 0.99738437 5.5351E-34 0.0000E+00 0.0000E+00 1.1500E-09 1.1500E-09 0.0000E+00 0.0000E+00 1.1500E-09 7.07E-06 7.10E-06   0.003 1.0000 7.1224E-06    734.509
10711.00 0.99786973 4.2761E-34 0.0000E+00 0.0000E+00 1.1556E-09 1.1556E-09 0.0000E+00 0.0000E+00 1.1556E-09 7.08E-06 7.11E-06   0.002 1.0000 7.1299E-06    735.269
10721.00 0.99796736 3.8348E-34 0.0000E+00 0.0000E+00 1.1564E-09 1.1564E-09 0.0000E+00 0.0000E+00 1.1564E-09 7.07E-06 7.10E-06   0.002 1.0000 7.1129E-06    735.882
10731.00 0.99798846 3.5686E-34 0.0000E+00 0.0000E+00 1.1544E-09 1.1544E-09 0.0000E+00 0.0000E+00 1.1544E-09 7.04E-06 7.06E-06   0.002 1.0000 7.0795E-06    736.407
10741.00 0.99811304 3.1545E-34 0.0000E+00 0.0000E+00 1.1644E-09 1.1644E-09 0.0000E+00 0.0000E+00 1.1644E-09 7.08E-06 7.10E-06   0.002 1.0000 7.1186E-06    737.300
10751.00 0.99818069 2.8616E-34 0.0000E+00 0.0000E+00 1.1633E-09 1.1633E-09 0.0000E+00 0.0000E+00 1.1633E-09 7.05E-06 7.08E-06   0.002 1.0000 7.0904E-06    737.855
10761.00 0.99820060 2.6585E-34 0.0000E+00 0.0000E+00 1.1576E-09 1.1576E-09 0.0000E+00 0.0000E+00 1.1576E-09 7.00E-06 7.02E-06   0.002 1.0000 7.0349E-06    738.270
10771.00 0.99818629 2.5130E-34 0.0000E+00 0.0000E+00 1.1767E-09 1.1767E-09 0.0000E+00 0.0000E+00 1.1767E-09 7.09E-06 7.12E-06   0.002 1.0000 7.1304E-06    739.434
10781.00 0.99819684 2.3466E-34 0.0000E+00 0.0000E+00 1.1818E-09 1.1818E-09 0.0000E+00 0.0000E+00 1.1818E-09 7.10E-06 7.13E-06   0.002 1.0000 7.1406E-06    740.175
10791.00 0.99820071 2.1976E-34 0.0000E+00 0.0000E+00 1.1617E-09 1.1617E-09 0.0000E+00 0.0000E+00 1.1617E-09 6.96E-06 6.99E-06   0.002 1.0000 6.9990E-06    740.157
10801.00 0.99819297 2.0712E-34 0.0000E+00 0.0000E+00 1.1356E-09 1.1356E-09 0.0000E+00 0.0000E+00 1.1356E-09 6.78E-06 6.81E-06   0.002 1.0000 6.8221E-06    739.944
10811.00 0.99818069 1.9562E-34 0.0000E+00 0.0000E+00 1.1659E-09 1.1659E-09 0.0000E+00 0.0000E+00 1.1659E-09 6.95E-06 6.97E-06   0.002 1.0000 6.9842E-06    741.460
10821.00 0.99818116 1.8356E-34 0.0000E+00 0.0000E+00 1.1594E-09 1.1594E-09 0.0000E+00 0.0000E+00 1.1594E-09 6.89E-06 6.91E-06   0.002 1.0000 6.9254E-06    741.851
10831.00 0.99817944 1.7245E-34 0.0000E+00 0.0000E+00 1.1177E-09 1.1177E-09 0.0000E+00 0.0000E+00 1.1177E-09 6.62E-06 6.65E-06   0.002 1.0000 6.6572E-06    741.145
10841.00 0.99817437 1.6228E-34 0.0000E+00 0.0000E+00 1.1596E-09 1.1596E-09 0.0000E+00 0.0000E+00 1.1596E-09 6.85E-06 6.87E-06   0.002 1.0000 6.8867E-06    743.031
10851.00 0.99816531 1.5303E-34 0.0000E+00 0.0000E+00 1.1554E-09 1.1554E-09 0.0000E+00 0.0000E+00 1.1554E-09 6.80E-06 6.83E-06   0.002 1.0000 6.8426E-06    743.491
10861.00 0.99816936 1.4334E-34 0.0000E+00 0.0000E+00 1.1838E-09 1.1838E-09 0.0000E+00 0.0000E+00 1.1838E-09 6.95E-06 6.98E-06   0.002 1.0000 6.9906E-06    744.940
10871.00 0.99815547 1.3547E-34 0.0000E+00 0.0000E+00 1.2042E-09 1.2042E-09 0.0000E+00 0.0000E+00 1.2042E-09 7.05E-06 7.08E-06   0.002 1.0000 7.0910E-06    746.136
10881.00 0.99814695 1.2769E-34 0.0000E+00 0.0000E+00 1.2147E-09 1.2147E-09 0.0000E+00 0.0000E+00 1.2147E-09 7.09E-06 7.12E-06   0.002 1.0000 7.1322E-06    747.032
10891.00 0.99812233 1.2132E-34 0.0000E+00 0.0000E+00 1.2104E-09 1.2104E-09 0.0000E+00 0.0000E+00 1.2104E-09 7.05E-06 7.07E-06   0.002 1.0000 7.0869E-06    747.493
10901.00 0.99811769 1.1419E-34 0.0000E+00 0.0000E+00 1.2041E-09 1.2041E-09 0.0000E+00 0.0000E+00 1.2041E-09 6.99E-06 7.02E-06   0.002 1.0000 7.0299E-06    747.895
10911.00 0.99812669 1.0667E-34 0.0000E+00 0.0000E+00 1.2225E-09 1.2225E-09 0.0000E+00 0.0000E+00 1.2225E-09 7.08E-06 7.10E-06   0.002 1.0000 7.1167E-06    749.024
10921.00 0.99807936 1.0248E-34 0.0000E+00 0.0000E+00 1.2301E-09 1.2301E-09 0.0000E+00 0.0000E+00 1.2301E-09 7.10E-06 7.13E-06   0.002 1.0000 7.1418E-06    749.836
10931.00 0.99812132 9.4254E-35 0.0000E+00 0.0000E+00 1.2194E-09 1.2194E-09 0.0000E+00 0.0000E+00 1.2194E-09 7.02E-06 7.05E-06   0.002 1.0000 7.0585E-06    750.110
10941.00 0.99807119 9.0613E-35 0.0000E+00 0.0000E+00 1.2437E-09 1.2437E-09 0.0000E+00 0.0000E+00 1.2437E-09 7.14E-06 7.17E-06   0.002 1.0000 7.1797E-06    751.406
10951.00 0.99807280 8.5053E-35 0.0000E+00 0.0000E+00 1.2537E-09 1.2537E-09 0.0000E+00 0.0000E+00 1.2537E-09 7.17E-06 7.20E-06   0.002 1.0000 7.2169E-06    752.283
10961.00 0.99807274 7.9800E-35 0.0000E+00 0.0000E+00 1.2285E-09 1.2285E-09 0.0000E+00 0.0000E+00 1.2285E-09 7.01E-06 7.04E-06   0.002 1.0000 7.0517E-06    752.142
10971.00 0.99808413 7.4527E-35 0.0000E+00 0.0000E+00 1.2176E-09 1.2176E-09 0.0000E+00 0.0000E+00 1.2176E-09 6.93E-06 6.96E-06   0.002 1.0000 6.9688E-06    752.409
10981.00 0.99805790 7.0833E-35 0.0000E+00 0.0000E+00 1.2413E-09 1.2413E-09 0.0000E+00 0.0000E+00 1.2413E-09 7.04E-06 7.07E-06   0.002 1.0000 7.0849E-06    753.690
10991.00 0.99805498 6.6607E-35 0.0000E+00 0.0000E+00 1.2224E-09 1.2224E-09 0.0000E+00 0.0000E+00 1.2224E-09 6.92E-06 6.94E-06   0.002 1.0000 6.9574E-06    753.726
11001.00 0.99803430 6.3125E-35 0.0000E+00 0.0000E+00 1.2107E-09 1.2107E-09 0.0000E+00 0.0000E+00 1.2107E-09 6.83E-06 6.86E-06   0.002 1.0000 6.8715E-06    753.969
11011.00 0.99802214 5.9606E-35 0.0000E+00 0.0000E+00 1.2391E-09 1.2391E-09 0.0000E+00 0.0000E+00 1.2391E-09 6.97E-06 7.00E-06   0.002 1.0000 7.0129E-06    755.390
11021.00 0.99799359 5.6697E-35 0.0000E+00 0.0000E+00 1.2685E-09 1.2685E-09 0.0000E+00 0.0000E+00 1.2685E-09 7.11E-06 7.14E-06   0.002 1.0000 7.1591E-06    756.823
11031.00 0.99803364 5.2260E-35 0.0000E+00 0.0000E+00 1.2430E-09 1.2430E-09 0.0000E+00 0.0000E+00 1.2430E-09 6.95E-06 6.98E-06   0.002 1.0000 6.9952E-06    756.679
11041.00 0.99803591 4.9006E-35 0.0000E+00 0.0000E+00 1.2767E-09 1.2767E-09 0.0000E+00 0.0000E+00 1.2767E-09 7.12E-06 7.15E-06   0.002 1.0000 7.1647E-06    758.235
11051.00 0.99803030 4.6134E-35 0.0000E+00 0.0000E+00 1.2889E-09 1.2889E-09 0.0000E+00 0.0000E+00 1.2889E-09 7.17E-06 7.20E-06   0.002 1.0000 7.2125E-06    759.166
11061.00 0.99802458 4.3431E-35 0.0000E+00 0.0000E+00 1.2901E-09 1.2901E-09 0.0000E+00 0.0000E+00 1.2901E-09 7.15E-06 7.18E-06   0.002 1.0000 7.1991E-06    759.789
11071.00 0.99798489 4.1512E-35 0.0000E+00 0.0000E+00 1.2814E-09 1.2814E-09 0.0000E+00 0.0000E+00 1.2814E-09 7.09E-06 7.12E-06   0.002 1.0000 7.1309E-06    760.131
11081.00 0.99793577 3.9860E-35 0.0000E+00 0.0000E+00 1.2482E-09 1.2482E-09 0.0000E+00 0.0000E+00 1.2482E-09 6.88E-06 6.91E-06   0.002 1.0000 6.9276E-06    759.769
11091.00 0.99794167 3.7331E-35 0.0000E+00 0.0000E+00 1.2000E-09 1.2000E-09 0.0000E+00 0.0000E+00 1.2000E-09 6.60E-06 6.63E-06   0.002 1.0000 6.6409E-06    758.931
11101.00 0.99794394 3.4994E-35 0.0000E+00 0.0000E+00 1.2565E-09 1.2565E-09 0.0000E+00 0.0000E+00 1.2565E-09 6.89E-06 6.92E-06   0.002 1.0000 6.9341E-06    761.184
11111.00 0.99793160 3.3045E-35 0.0000E+00 0.0000E+00 1.2694E-09 1.2694E-09 0.0000E+00 0.0000E+00 1.2694E-09 6.94E-06 6.97E-06   0.002 1.0000 6.9855E-06    762.141
11121.00 0.99789071 3.1582E-35 0.0000E+00 0.0000E+00 1.3035E-09 1.3035E-09 0.0000E+00 0.0000E+00 1.3035E-09 7.11E-06 7.14E-06   0.002 1.0000 7.1540E-06    763.695
11131.00 0.99793702 2.9049E-35 0.0000E+00 0.0000E+00 1.3070E-09 1.3070E-09 0.0000E+00 0.0000E+00 1.3070E-09 7.11E-06 7.14E-06   0.002 1.0000 7.1521E-06    764.380
11141.00 0.99794596 2.7150E-35 0.0000E+00 0.0000E+00 1.3026E-09 1.3026E-09 0.0000E+00 0.0000E+00 1.3026E-09 7.06E-06 7.09E-06   0.002 1.0000 7.1081E-06    764.847
11151.00 0.99794179 2.5526E-35 0.0000E+00 0.0000E+00 1.3058E-09 1.3058E-09 0.0000E+00 0.0000E+00 1.3058E-09 7.06E-06 7.09E-06   0.002 1.0000 7.1052E-06    765.524
11161.00 0.99795234 2.3840E-35 0.0000E+00 0.0000E+00 1.3331E-09 1.3331E-09 0.0000E+00 0.0000E+00 1.3331E-09 7.19E-06 7.22E-06   0.002 1.0000 7.2334E-06    766.870
11171.00 0.99795741 2.2318E-35 0.0000E+00 0.0000E+00 1.3024E-09 1.3024E-09 0.0000E+00 0.0000E+00 1.3024E-09 7.00E-06 7.03E-06   0.002 1.0000 7.0471E-06    766.607
11181.00 0.99796051 2.0910E-35 0.0000E+00 0.0000E+00 1.3084E-09 1.3084E-09 0.0000E+00 0.0000E+00 1.3084E-09 7.01E-06 7.04E-06   0.002 1.0000 7.0589E-06    767.361
11191.00 0.99795765 1.9645E-35 0.0000E+00 0.0000E+00 1.3265E-09 1.3265E-09 0.0000E+00 0.0000E+00 1.3265E-09 7.09E-06 7.12E-06   0.002 1.0000 7.1368E-06    768.453
11201.00 0.99795598 1.8448E-35 0.0000E+00 0.0000E+00 1.3008E-09 1.3008E-09 0.0000E+00 0.0000E+00 1.3008E-09 6.93E-06 6.96E-06   0.002 1.0000 6.9786E-06    768.324
11211.00 0.99795204 1.7342E-35 0.0000E+00 0.0000E+00 1.3317E-09 1.3317E-09 0.0000E+00 0.0000E+00 1.3317E-09 7.08E-06 7.11E-06   0.002 1.0000 7.1244E-06    769.774
11221.00 0.99794811 1.6304E-35 0.0000E+00 0.0000E+00 1.3423E-09 1.3423E-09 0.0000E+00 0.0000E+00 1.3423E-09 7.12E-06 7.15E-06   0.002 1.0000 7.1611E-06    770.654
11231.00 0.99794203 1.5345E-35 0.0000E+00 0.0000E+00 1.3556E-09 1.3556E-09 0.0000E+00 0.0000E+00 1.3556E-09 7.17E-06 7.20E-06   0.002 1.0000 7.2119E-06    771.605
11241.00 0.99793661 1.4436E-35 0.0000E+00 0.0000E+00 1.3461E-09 1.3461E-09 0.0000E+00 0.0000E+00 1.3461E-09 7.10E-06 7.13E-06   0.002 1.0000 7.1417E-06    771.935
11251.00 0.99793166 1.3578E-35 0.0000E+00 0.0000E+00 1.3533E-09 1.3533E-09 0.0000E+00 0.0000E+00 1.3533E-09 7.11E-06 7.14E-06   0.002 1.0000 7.1598E-06    772.720
11261.00 0.99792653 1.2772E-35 0.0000E+00 0.0000E+00 1.3459E-09 1.3459E-09 0.0000E+00 0.0000E+00 1.3459E-09 7.05E-06 7.08E-06   0.002 1.0000 7.1006E-06    773.105
11271.00 0.99792266 1.2006E-35 0.0000E+00 0.0000E+00 1.3250E-09 1.3250E-09 0.0000E+00 0.0000E+00 1.3250E-09 6.93E-06 6.96E-06   0.002 1.0000 6.9712E-06    773.117
11281.00 0.99791807 1.1289E-35 0.0000E+00 0.0000E+00 1.2847E-09 1.2847E-09 0.0000E+00 0.0000E+00 1.2847E-09 6.70E-06 6.73E-06   0.002 1.0000 6.7401E-06    772.568
11291.00 0.99791449 1.0611E-35 0.0000E+00 0.0000E+00 1.3625E-09 1.3625E-09 0.0000E+00 0.0000E+00 1.3625E-09 7.08E-06 7.11E-06   0.002 1.0000 7.1282E-06    775.324
11301.00 0.99791169 9.9577E-36 0.0000E+00 0.0000E+00 1.3672E-09 1.3672E-09 0.0000E+00 0.0000E+00 1.3672E-09 7.09E-06 7.12E-06   0.002 1.0000 7.1331E-06    776.040
11311.00 0.99790823 9.3581E-36 0.0000E+00 0.0000E+00 1.3525E-09 1.3525E-09 0.0000E+00 0.0000E+00 1.3525E-09 6.99E-06 7.02E-06   0.002 1.0000 7.0365E-06    776.228
11321.00 0.99790448 8.7836E-36 0.0000E+00 0.0000E+00 1.3729E-09 1.3729E-09 0.0000E+00 0.0000E+00 1.3729E-09 7.08E-06 7.11E-06   0.002 1.0000 7.1226E-06    777.370
11331.00 0.99790066 8.2562E-36 0.0000E+00 0.0000E+00 1.3481E-09 1.3481E-09 0.0000E+00 0.0000E+00 1.3481E-09 6.93E-06 6.96E-06   0.002 1.0000 6.9746E-06    777.284
11341.00 0.99789667 7.7608E-36 0.0000E+00 0.0000E+00 1.3746E-09 1.3746E-09 0.0000E+00 0.0000E+00 1.3746E-09 7.05E-06 7.08E-06   0.002 1.0000 7.0920E-06    778.594
11351.00 0.99789244 7.2962E-36 0.0000E+00 0.0000E+00 1.3032E-09 1.3032E-09 0.0000E+00 0.0000E+00 1.3032E-09 6.66E-06 6.69E-06   0.002 1.0000 6.7048E-06    777.203
11361.00 0.99788779 6.8610E-36 0.0000E+00 0.0000E+00 1.3816E-09 1.3816E-09 0.0000E+00 0.0000E+00 1.3816E-09 7.04E-06 7.07E-06   0.002 1.0000 7.0885E-06    779.959
11371.00 0.99788296 6.4520E-36 0.0000E+00 0.0000E+00 1.3671E-09 1.3671E-09 0.0000E+00 0.0000E+00 1.3671E-09 6.95E-06 6.98E-06   0.002 1.0000 6.9944E-06    780.153
11381.00 0.99787807 6.0680E-36 0.0000E+00 0.0000E+00 1.4038E-09 1.4038E-09 0.0000E+00 0.0000E+00 1.4038E-09 7.12E-06 7.15E-06   0.002 1.0000 7.1623E-06    781.728
11391.00 0.99787277 5.7074E-36 0.0000E+00 0.0000E+00 1.3956E-09 1.3956E-09 0.0000E+00 0.0000E+00 1.3956E-09 7.05E-06 7.09E-06   0.002 1.0000 7.1013E-06    782.100
11401.00 0.99786723 5.3691E-36 0.0000E+00 0.0000E+00 1.4031E-09 1.4031E-09 0.0000E+00 0.0000E+00 1.4031E-09 7.07E-06 7.10E-06   0.002 1.0000 7.1195E-06    782.888
11411.00 0.99786139 5.0517E-36 0.0000E+00 0.0000E+00 1.4012E-09 1.4012E-09 0.0000E+00 0.0000E+00 1.4012E-09 7.04E-06 7.07E-06   0.002 1.0000 7.0904E-06    783.426
11421.00 0.99785525 4.7534E-36 0.0000E+00 0.0000E+00 1.3631E-09 1.3631E-09 0.0000E+00 0.0000E+00 1.3631E-09 6.83E-06 6.86E-06   0.002 1.0000 6.8786E-06    782.985
11431.00 0.99784905 4.4733E-36 0.0000E+00 0.0000E+00 1.3889E-09 1.3889E-09 0.0000E+00 0.0000E+00 1.3889E-09 6.94E-06 6.97E-06   0.002 1.0000 6.9893E-06    784.272
11441.00 0.99784213 4.2108E-36 0.0000E+00 0.0000E+00 1.4005E-09 1.4005E-09 0.0000E+00 0.0000E+00 1.4005E-09 6.98E-06 7.01E-06   0.002 1.0000 7.0284E-06    785.172
11451.00 0.99783498 3.9644E-36 0.0000E+00 0.0000E+00 1.4159E-09 1.4159E-09 0.0000E+00 0.0000E+00 1.4159E-09 7.04E-06 7.07E-06   0.002 1.0000 7.0859E-06    786.169
11461.00 0.99782687 3.7337E-36 0.0000E+00 0.0000E+00 1.4358E-09 1.4358E-09 0.0000E+00 0.0000E+00 1.4358E-09 7.12E-06 7.15E-06   0.002 1.0000 7.1660E-06    787.282
11471.00 0.99781805 3.5178E-36 0.0000E+00 0.0000E+00 1.4157E-09 1.4157E-09 0.0000E+00 0.0000E+00 1.4157E-09 7.00E-06 7.03E-06   0.002 1.0000 7.0465E-06    787.341
11481.00 0.99780893 3.3147E-36 0.0000E+00 0.0000E+00 1.4281E-09 1.4281E-09 0.0000E+00 0.0000E+00 1.4281E-09 7.04E-06 7.07E-06   0.002 1.0000 7.0883E-06    788.255
11491.00 0.99780136 3.1212E-36 0.0000E+00 0.0000E+00 1.4305E-09 1.4305E-09 0.0000E+00 0.0000E+00 1.4305E-09 7.03E-06 7.06E-06   0.002 1.0000 7.0811E-06    788.908
11501.00 0.99779034 2.9432E-36 0.0000E+00 0.0000E+00 1.3998E-09 1.3998E-09 0.0000E+00 0.0000E+00 1.3998E-09 6.86E-06 6.89E-06   0.002 1.0000 6.9103E-06    788.679
11511.00 0.99778420 2.7699E-36 0.0000E+00 0.0000E+00 1.3949E-09 1.3949E-09 0.0000E+00 0.0000E+00 1.3949E-09 6.82E-06 6.85E-06   0.002 1.0000 6.8667E-06    789.134
11521.00 0.99777681 2.6080E-36 0.0000E+00 0.0000E+00 1.4038E-09 1.4038E-09 0.0000E+00 0.0000E+00 1.4038E-09 6.84E-06 6.88E-06   0.002 1.0000 6.8922E-06    789.962
11531.00 0.99776632 2.4589E-36 0.0000E+00 0.0000E+00 1.3551E-09 1.3551E-09 0.0000E+00 0.0000E+00 1.3551E-09 6.59E-06 6.62E-06   0.002 1.0000 6.6351E-06    789.221
11541.00 0.99775553 2.3185E-36 0.0000E+00 0.0000E+00 1.0808E-09 1.0808E-09 0.0000E+00 0.0000E+00 1.0808E-09 5.24E-06 5.26E-06   0.002 1.0000 5.2774E-06    781.401
11551.00 0.99774462 2.1865E-36 0.0000E+00 0.0000E+00 1.3780E-09 1.3780E-09 0.0000E+00 0.0000E+00 1.3780E-09 6.66E-06 6.69E-06   0.002 1.0000 6.7102E-06    791.026
11561.00 0.99773377 2.0620E-36 0.0000E+00 0.0000E+00 1.4513E-09 1.4513E-09 0.0000E+00 0.0000E+00 1.4513E-09 7.00E-06 7.03E-06   0.002 1.0000 7.0485E-06    793.571
11571.00 0.99772084 1.9462E-36 0.0000E+00 0.0000E+00 1.4819E-09 1.4819E-09 0.0000E+00 0.0000E+00 1.4819E-09 7.13E-06 7.16E-06   0.002 1.0000 7.1778E-06    794.950
11581.00 0.99770635 1.8381E-36 0.0000E+00 0.0000E+00 1.4763E-09 1.4763E-09 0.0000E+00 0.0000E+00 1.4763E-09 7.08E-06 7.11E-06   0.002 1.0000 7.1315E-06    795.395
11591.00 0.99769288 1.7352E-36 0.0000E+00 0.0000E+00 1.4808E-09 1.4808E-09 0.0000E+00 0.0000E+00 1.4808E-09 7.08E-06 7.12E-06   0.002 1.0000 7.1338E-06    796.098
11601.00 0.99768060 1.6374E-36 0.0000E+00 0.0000E+00 1.4605E-09 1.4605E-09 0.0000E+00 0.0000E+00 1.4605E-09 6.97E-06 7.00E-06   0.002 1.0000 7.0173E-06    796.163
11611.00 0.99766791 1.5452E-36 0.0000E+00 0.0000E+00 1.4624E-09 1.4624E-09 0.0000E+00 0.0000E+00 1.4624E-09 6.95E-06 6.99E-06   0.002 1.0000 7.0074E-06    796.801
11621.00 0.99765408 1.4589E-36 0.0000E+00 0.0000E+00 1.4808E-09 1.4808E-09 0.0000E+00 0.0000E+00 1.4808E-09 7.02E-06 7.06E-06   0.002 1.0000 7.0763E-06    797.862
11631.00 0.99763936 1.3779E-36 0.0000E+00 0.0000E+00 1.4742E-09 1.4742E-09 0.0000E+00 0.0000E+00 1.4742E-09 6.97E-06 7.01E-06   0.002 1.0000 7.0263E-06    798.282
11641.00 0.99762517 1.3010E-36 0.0000E+00 0.0000E+00 1.4759E-09 1.4759E-09 0.0000E+00 0.0000E+00 1.4759E-09 6.96E-06 7.00E-06   0.002 1.0000 7.0154E-06    798.913
11651.00 0.99761230 1.2159E-36 0.0000E+00 0.0000E+00 1.4799E-09 1.4799E-09 0.0000E+00 0.0000E+00 1.4799E-09 6.96E-06 7.00E-06   0.002 1.0000 7.0154E-06    799.604
11661.00 0.99760044 1.1467E-36 0.0000E+00 0.0000E+00 1.5103E-09 1.5103E-09 0.0000E+00 0.0000E+00 1.5103E-09 7.08E-06 7.12E-06   0.002 1.0000 7.1406E-06    800.971
11671.00 0.99758935 1.0695E-36 0.0000E+00 0.0000E+00 1.5168E-09 1.5168E-09 0.0000E+00 0.0000E+00 1.5168E-09 7.10E-06 7.13E-06   0.002 1.0000 7.1519E-06    801.722
11681.00 0.99757868 1.0081E-36 0.0000E+00 0.0000E+00 1.4959E-09 1.4959E-09 0.0000E+00 0.0000E+00 1.4959E-09 6.98E-06 7.01E-06   0.002 1.0000 7.0342E-06    801.779
11691.00 0.99756849 9.4997E-37 0.0000E+00 0.0000E+00 1.4532E-09 1.4532E-09 0.0000E+00 0.0000E+00 1.4532E-09 6.76E-06 6.79E-06   0.002 1.0000 6.8153E-06    801.261
11701.00 0.99755913 8.9484E-37 0.0000E+00 0.0000E+00 1.0914E-09 1.0914E-09 0.0000E+00 0.0000E+00 1.0914E-09 5.06E-06 5.09E-06   0.002 1.0000 5.1054E-06    791.061
11711.00 0.99755114 8.4238E-37 0.0000E+00 0.0000E+00 1.3074E-09 1.3074E-09 0.0000E+00 0.0000E+00 1.3074E-09 6.05E-06 6.08E-06   0.002 1.0000 6.0975E-06    798.417
11721.00 0.99754584 7.9207E-37 0.0000E+00 0.0000E+00 1.4918E-09 1.4918E-09 0.0000E+00 0.0000E+00 1.4918E-09 6.88E-06 6.92E-06   0.002 1.0000 6.9393E-06    804.026
11731.00 0.99754298 7.4396E-37 0.0000E+00 0.0000E+00 1.5195E-09 1.5195E-09 0.0000E+00 0.0000E+00 1.5195E-09 6.99E-06 7.03E-06   0.002 1.0000 7.0489E-06    805.320
11741.00 0.99754250 6.9794E-37 0.0000E+00 0.0000E+00 1.4791E-09 1.4791E-09 0.0000E+00 0.0000E+00 1.4791E-09 6.79E-06 6.82E-06   0.002 1.0000 6.8430E-06    804.875
11751.00 0.99754488 6.5398E-37 0.0000E+00 0.0000E+00 1.5345E-09 1.5345E-09 0.0000E+00 0.0000E+00 1.5345E-09 7.02E-06 7.06E-06   0.002 1.0000 7.0799E-06    806.876
11761.00 0.99754846 6.1246E-37 0.0000E+00 0.0000E+00 1.3629E-09 1.3629E-09 0.0000E+00 0.0000E+00 1.3629E-09 6.22E-06 6.25E-06   0.002 1.0000 6.2711E-06    802.920
11771.00 0.99755150 5.6253E-37 0.0000E+00 0.0000E+00 1.4658E-09 1.4658E-09 0.0000E+00 0.0000E+00 1.4658E-09 6.67E-06 6.71E-06   0.002 1.0000 6.7248E-06    806.289
11781.00 0.99755430 5.1542E-37 0.0000E+00 0.0000E+00 1.5605E-09 1.5605E-09 0.0000E+00 0.0000E+00 1.5605E-09 7.08E-06 7.12E-06   0.002 1.0000 7.1404E-06    809.289
11791.00 0.99755627 4.8304E-37 0.0000E+00 0.0000E+00 1.5640E-09 1.5640E-09 0.0000E+00 0.0000E+00 1.5640E-09 7.08E-06 7.12E-06   0.002 1.0000 7.1364E-06    809.963
11801.00 0.99755788 4.5278E-37 0.0000E+00 0.0000E+00 1.5330E-09 1.5330E-09 0.0000E+00 0.0000E+00 1.5330E-09 6.92E-06 6.96E-06   0.002 1.0000 6.9763E-06    809.779
11811.00 0.99755770 4.2470E-37 0.0000E+00 0.0000E+00 1.5425E-09 1.5425E-09 0.0000E+00 0.0000E+00 1.5425E-09 6.95E-06 6.98E-06   0.002 1.0000 7.0000E-06    810.605
11821.00 0.99755698 3.9850E-37 0.0000E+00 0.0000E+00 1.5719E-09 1.5719E-09 0.0000E+00 0.0000E+00 1.5719E-09 7.06E-06 7.09E-06   0.002 1.0000 7.1140E-06    811.924
11831.00 0.99755585 3.6251E-37 0.0000E+00 0.0000E+00 1.5732E-09 1.5732E-09 0.0000E+00 0.0000E+00 1.5732E-09 7.05E-06 7.08E-06   0.002 1.0000 7.1007E-06    812.545
11841.00 0.99755377 3.2859E-37 0.0000E+00 0.0000E+00 1.5602E-09 1.5602E-09 0.0000E+00 0.0000E+00 1.5602E-09 6.97E-06 7.00E-06   0.002 1.0000 7.0230E-06    812.813
11851.00 0.99755067 3.0862E-37 0.0000E+00 0.0000E+00 1.5462E-09 1.5462E-09 0.0000E+00 0.0000E+00 1.5462E-09 6.89E-06 6.92E-06   0.002 1.0000 6.9407E-06    813.049
11861.00 0.99754751 2.8992E-37 0.0000E+00 0.0000E+00 1.5807E-09 1.5807E-09 0.0000E+00 0.0000E+00 1.5807E-09 7.02E-06 7.06E-06   0.002 1.0000 7.0767E-06    814.495
11871.00 0.99754345 2.7241E-37 0.0000E+00 0.0000E+00 1.5726E-09 1.5726E-09 0.0000E+00 0.0000E+00 1.5726E-09 6.97E-06 7.00E-06   0.002 1.0000 7.0212E-06    814.883
11881.00 0.99753809 2.4487E-37 0.0000E+00 0.0000E+00 1.5913E-09 1.5913E-09 0.0000E+00 0.0000E+00 1.5913E-09 7.03E-06 7.07E-06   0.002 1.0000 7.0855E-06    815.931
11891.00 0.99753326 2.1882E-37 0.0000E+00 0.0000E+00 1.6090E-09 1.6090E-09 0.0000E+00 0.0000E+00 1.6090E-09 7.09E-06 7.13E-06   0.002 1.0000 7.1453E-06    816.952
11901.00 0.99752903 2.0559E-37 0.0000E+00 0.0000E+00 1.6015E-09 1.6015E-09 0.0000E+00 0.0000E+00 1.6015E-09 7.04E-06 7.07E-06   0.002 1.0000 7.0928E-06    817.358
11911.00 0.99752349 1.8157E-37 0.0000E+00 0.0000E+00 1.5984E-09 1.5984E-09 0.0000E+00 0.0000E+00 1.5984E-09 7.00E-06 7.04E-06   0.002 1.0000 7.0600E-06    817.869
11921.00 0.99751693 1.5907E-37 0.0000E+00 0.0000E+00 1.5554E-09 1.5554E-09 0.0000E+00 0.0000E+00 1.5554E-09 6.80E-06 6.83E-06   0.002 1.0000 6.8519E-06    817.396
11931.00 0.99751103 1.4955E-37 0.0000E+00 0.0000E+00 1.6145E-09 1.6145E-09 0.0000E+00 0.0000E+00 1.6145E-09 7.04E-06 7.07E-06   0.002 1.0000 7.0928E-06    819.438
11941.00 0.99750382 1.4070E-37 0.0000E+00 0.0000E+00 1.6296E-09 1.6296E-09 0.0000E+00 0.0000E+00 1.6296E-09 7.08E-06 7.12E-06   0.002 1.0000 7.1401E-06    820.391
11951.00 0.99749708 1.0960E-37 0.0000E+00 0.0000E+00 1.6120E-09 1.6120E-09 0.0000E+00 0.0000E+00 1.6120E-09 6.99E-06 7.02E-06   0.003 1.0000 7.0443E-06    820.555
11961.00 0.99748909 1.0316E-37 0.0000E+00 0.0000E+00 1.6309E-09 1.6309E-09 0.0000E+00 0.0000E+00 1.6309E-09 7.05E-06 7.09E-06   0.003 1.0000 7.1078E-06    821.600
11971.00 0.99748272 8.5470E-38 0.0000E+00 0.0000E+00 1.6313E-09 1.6313E-09 0.0000E+00 0.0000E+00 1.6313E-09 7.03E-06 7.07E-06   0.003 1.0000 7.0906E-06    822.198
11981.00 0.99747509 6.9116E-38 0.0000E+00 0.0000E+00 1.6071E-09 1.6071E-09 0.0000E+00 0.0000E+00 1.6071E-09 6.91E-06 6.95E-06   0.003 1.0000 6.9668E-06    822.200
11991.00 0.99746406 6.5126E-38 0.0000E+00 0.0000E+00 1.6145E-09 1.6145E-09 0.0000E+00 0.0000E+00 1.6145E-09 6.92E-06 6.96E-06   0.003 1.0000 6.9804E-06    822.969
12001.00 0.99745572 3.8991E-38 0.0000E+00 0.0000E+00 1.5974E-09 1.5974E-09 0.0000E+00 0.0000E+00 1.5974E-09 6.83E-06 6.87E-06   0.003 1.0000 6.8879E-06    823.138
12011.00 0.99743986 3.6579E-38 0.0000E+00 0.0000E+00 1.6262E-09 1.6262E-09 0.0000E+00 0.0000E+00 1.6262E-09 6.94E-06 6.97E-06   0.003 1.0000 6.9934E-06    824.428
12021.00 0.99742848 1.2205E-38 0.0000E+00 0.0000E+00 1.6482E-09 1.6482E-09 0.0000E+00 0.0000E+00 1.6482E-09 7.01E-06 7.05E-06   0.003 1.0000 7.0695E-06    825.545
12031.00 0.99742454 0.0000E+00 0.0000E+00 0.0000E+00 1.6240E-09 1.6240E-09 0.0000E+00 0.0000E+00 1.6240E-09 6.89E-06 6.93E-06   0.003 1.0000 6.9475E-06    825.552
12041.00 0.99740446 0.0000E+00 0.0000E+00 0.0000E+00 1.6476E-09 1.6476E-09 0.0000E+00 0.0000E+00 1.6476E-09 6.97E-06 7.01E-06   0.003 1.0000 7.0298E-06    826.708
12051.00 0.99739575 0.0000E+00 0.0000E+00 0.0000E+00 1.6548E-09 1.6548E-09 0.0000E+00 0.0000E+00 1.6548E-09 6.98E-06 7.02E-06   0.003 1.0000 7.0419E-06    827.468
12061.00 0.99737108 0.0000E+00 0.0000E+00 0.0000E+00 1.6761E-09 1.6761E-09 0.0000E+00 0.0000E+00 1.6761E-09 7.05E-06 7.09E-06   0.003 1.0000 7.1140E-06    828.563
12071.00 0.99735773 0.0000E+00 0.0000E+00 0.0000E+00 1.6913E-09 1.6913E-09 0.0000E+00 0.0000E+00 1.6913E-09 7.10E-06 7.14E-06   0.003 1.0000 7.1599E-06    829.510
12081.00 0.99733835 0.0000E+00 0.0000E+00 0.0000E+00 1.6869E-09 1.6869E-09 0.0000E+00 0.0000E+00 1.6869E-09 7.06E-06 7.10E-06   0.003 1.0000 7.1226E-06    829.995
12091.00 0.99734920 0.0000E+00 0.0000E+00 0.0000E+00 1.6944E-09 1.6944E-09 0.0000E+00 0.0000E+00 1.6944E-09 7.07E-06 7.11E-06   0.003 1.0000 7.1353E-06    830.760
12101.00 0.99732548 0.0000E+00 0.0000E+00 0.0000E+00 1.6972E-09 1.6972E-09 0.0000E+00 0.0000E+00 1.6972E-09 7.07E-06 7.11E-06   0.003 1.0000 7.1283E-06    831.412
12111.00 0.99730623 0.0000E+00 0.0000E+00 0.0000E+00 1.6912E-09 1.6912E-09 0.0000E+00 0.0000E+00 1.6912E-09 7.02E-06 7.06E-06   0.003 1.0000 7.0848E-06    831.860
12121.00 0.99730074 0.0000E+00 0.0000E+00 0.0000E+00 1.6811E-09 1.6811E-09 0.0000E+00 0.0000E+00 1.6811E-09 6.96E-06 7.00E-06   0.003 1.0000 7.0243E-06    832.212
12131.00 0.99727768 0.0000E+00 0.0000E+00 0.0000E+00 1.6959E-09 1.6959E-09 0.0000E+00 0.0000E+00 1.6959E-09 7.01E-06 7.04E-06   0.003 1.0000 7.0679E-06    833.148
12141.00 0.99723870 0.0000E+00 0.0000E+00 0.0000E+00 1.6770E-09 1.6770E-09 0.0000E+00 0.0000E+00 1.6770E-09 6.91E-06 6.95E-06   0.003 1.0000 6.9714E-06    833.291
12151.00 0.99717247 0.0000E+00 0.0000E+00 0.0000E+00 1.6968E-09 1.6968E-09 0.0000E+00 0.0000E+00 1.6968E-09 6.97E-06 7.01E-06   0.003 1.0000 7.0361E-06    834.347
12161.00 0.99722219 0.0000E+00 0.0000E+00 0.0000E+00 1.6696E-09 1.6696E-09 0.0000E+00 0.0000E+00 1.6696E-09 6.84E-06 6.88E-06   0.003 1.0000 6.9045E-06    834.291
12171.00 0.99721253 0.0000E+00 0.0000E+00 0.0000E+00 1.6812E-09 1.6812E-09 0.0000E+00 0.0000E+00 1.6812E-09 6.87E-06 6.91E-06   0.003 1.0000 6.9343E-06    835.154
12181.00 0.99720150 0.0000E+00 0.0000E+00 0.0000E+00 1.6919E-09 1.6919E-09 0.0000E+00 0.0000E+00 1.6919E-09 6.90E-06 6.94E-06   0.003 1.0000 6.9604E-06    835.995
12191.00 0.99715620 0.0000E+00 0.0000E+00 0.0000E+00 1.6815E-09 1.6815E-09 0.0000E+00 0.0000E+00 1.6815E-09 6.83E-06 6.88E-06   0.003 1.0000 6.9001E-06    836.336
12201.00 0.99712926 0.0000E+00 0.0000E+00 0.0000E+00 1.6681E-09 1.6681E-09 0.0000E+00 0.0000E+00 1.6681E-09 6.76E-06 6.80E-06   0.003 1.0000 6.8274E-06    836.606
12211.00 0.99711949 0.0000E+00 0.0000E+00 0.0000E+00 1.7047E-09 1.7047E-09 0.0000E+00 0.0000E+00 1.7047E-09 6.89E-06 6.93E-06   0.003 1.0000 6.9594E-06    838.061
12221.00 0.99710119 0.0000E+00 0.0000E+00 0.0000E+00 1.7048E-09 1.7048E-09 0.0000E+00 0.0000E+00 1.7048E-09 6.87E-06 6.92E-06   0.003 1.0000 6.9415E-06    838.651
12231.00 0.99709928 0.0000E+00 0.0000E+00 0.0000E+00 1.7536E-09 1.7536E-09 0.0000E+00 0.0000E+00 1.7536E-09 7.05E-06 7.09E-06   0.003 1.0000 7.1216E-06    840.370
12241.00 0.99707991 0.0000E+00 0.0000E+00 0.0000E+00 1.7511E-09 1.7511E-09 0.0000E+00 0.0000E+00 1.7511E-09 7.02E-06 7.07E-06   0.003 1.0000 7.0928E-06    840.900
12251.00 0.99707586 0.0000E+00 0.0000E+00 0.0000E+00 1.7523E-09 1.7523E-09 0.0000E+00 0.0000E+00 1.7523E-09 7.01E-06 7.05E-06   0.003 1.0000 7.0794E-06    841.518
12261.00 0.99708933 0.0000E+00 0.0000E+00 0.0000E+00 1.7595E-09 1.7595E-09 0.0000E+00 0.0000E+00 1.7595E-09 7.02E-06 7.06E-06   0.003 1.0000 7.0894E-06    842.271
12271.00 0.99709392 0.0000E+00 0.0000E+00 0.0000E+00 1.7658E-09 1.7658E-09 0.0000E+00 0.0000E+00 1.7658E-09 7.03E-06 7.07E-06   0.003 1.0000 7.0956E-06    843.002
12281.00 0.99709654 0.0000E+00 0.0000E+00 0.0000E+00 1.7763E-09 1.7763E-09 0.0000E+00 0.0000E+00 1.7763E-09 7.05E-06 7.09E-06   0.003 1.0000 7.1191E-06    843.831
12291.00 0.99709404 0.0000E+00 0.0000E+00 0.0000E+00 1.7852E-09 1.7852E-09 0.0000E+00 0.0000E+00 1.7852E-09 7.07E-06 7.11E-06   0.003 1.0000 7.1358E-06    844.621
12301.00 0.99710244 0.0000E+00 0.0000E+00 0.0000E+00 1.7815E-09 1.7815E-09 0.0000E+00 0.0000E+00 1.7815E-09 7.03E-06 7.08E-06   0.003 1.0000 7.1019E-06    845.126
12311.00 0.99710268 0.0000E+00 0.0000E+00 0.0000E+00 1.7867E-09 1.7867E-09 0.0000E+00 0.0000E+00 1.7867E-09 7.03E-06 7.08E-06   0.003 1.0000 7.1036E-06    845.832
12321.00 0.99710280 0.0000E+00 0.0000E+00 0.0000E+00 1.7865E-09 1.7865E-09 0.0000E+00 0.0000E+00 1.7865E-09 7.02E-06 7.06E-06   0.003 1.0000 7.0841E-06    846.417
12331.00 0.99710399 0.0000E+00 0.0000E+00 0.0000E+00 1.7959E-09 1.7959E-09 0.0000E+00 0.0000E+00 1.7959E-09 7.03E-06 7.08E-06   0.003 1.0000 7.1024E-06    847.217
12341.00 0.99710429 0.0000E+00 0.0000E+00 0.0000E+00 1.7776E-09 1.7776E-09 0.0000E+00 0.0000E+00 1.7776E-09 6.94E-06 6.99E-06   0.003 1.0000 7.0116E-06    847.392
12351.00 0.99710345 0.0000E+00 0.0000E+00 0.0000E+00 1.7603E-09 1.7603E-09 0.0000E+00 0.0000E+00 1.7603E-09 6.86E-06 6.90E-06   0.003 1.0000 6.9247E-06    847.584
12361.00 0.99710524 0.0000E+00 0.0000E+00 0.0000E+00 1.7789E-09 1.7789E-09 0.0000E+00 0.0000E+00 1.7789E-09 6.91E-06 6.95E-06   0.003 1.0000 6.9793E-06    848.597
12371.00 0.99710566 0.0000E+00 0.0000E+00 0.0000E+00 1.7954E-09 1.7954E-09 0.0000E+00 0.0000E+00 1.7954E-09 6.96E-06 7.00E-06   0.003 1.0000 7.0253E-06    849.560
12381.00 0.99710578 0.0000E+00 0.0000E+00 0.0000E+00 1.8031E-09 1.8031E-09 0.0000E+00 0.0000E+00 1.8031E-09 6.97E-06 7.01E-06   0.003 1.0000 7.0369E-06    850.322
12391.00 0.99710488 0.0000E+00 0.0000E+00 0.0000E+00 1.8200E-09 1.8200E-09 0.0000E+00 0.0000E+00 1.8200E-09 7.02E-06 7.06E-06   0.003 1.0000 7.0840E-06    851.290
12401.00 0.99710298 0.0000E+00 0.0000E+00 0.0000E+00 1.8407E-09 1.8407E-09 0.0000E+00 0.0000E+00 1.8407E-09 7.08E-06 7.12E-06   0.003 1.0000 7.1455E-06    852.337
12411.00 0.99709952 0.0000E+00 0.0000E+00 0.0000E+00 1.8319E-09 1.8319E-09 0.0000E+00 0.0000E+00 1.8319E-09 7.03E-06 7.07E-06   0.003 1.0000 7.0929E-06    852.731
12421.00 0.99709469 0.0000E+00 0.0000E+00 0.0000E+00 1.7828E-09 1.7828E-09 0.0000E+00 0.0000E+00 1.7828E-09 6.82E-06 6.86E-06   0.003 1.0000 6.8849E-06    852.215
12431.00 0.99708909 0.0000E+00 0.0000E+00 0.0000E+00 1.8297E-09 1.8297E-09 0.0000E+00 0.0000E+00 1.8297E-09 6.98E-06 7.02E-06   0.003 1.0000 7.0471E-06    853.859
12441.00 0.99708349 0.0000E+00 0.0000E+00 0.0000E+00 1.8433E-09 1.8433E-09 0.0000E+00 0.0000E+00 1.8433E-09 7.01E-06 7.06E-06   0.003 1.0000 7.0810E-06    854.750
12451.00 0.99707752 0.0000E+00 0.0000E+00 0.0000E+00 1.8253E-09 1.8253E-09 0.0000E+00 0.0000E+00 1.8253E-09 6.93E-06 6.97E-06   0.003 1.0000 6.9937E-06    854.938
12461.00 0.99707013 0.0000E+00 0.0000E+00 0.0000E+00 1.8516E-09 1.8516E-09 0.0000E+00 0.0000E+00 1.8516E-09 7.01E-06 7.05E-06   0.003 1.0000 7.0759E-06    856.111
12471.00 0.99706364 0.0000E+00 0.0000E+00 0.0000E+00 1.8659E-09 1.8659E-09 0.0000E+00 0.0000E+00 1.8659E-09 7.04E-06 7.09E-06   0.003 1.0000 7.1120E-06    857.014
12481.00 0.99705529 0.0000E+00 0.0000E+00 0.0000E+00 1.8684E-09 1.8684E-09 0.0000E+00 0.0000E+00 1.8684E-09 7.04E-06 7.08E-06   0.003 1.0000 7.1032E-06    857.658
12491.00 0.99704832 0.0000E+00 0.0000E+00 0.0000E+00 1.8568E-09 1.8568E-09 0.0000E+00 0.0000E+00 1.8568E-09 6.97E-06 7.02E-06   0.003 1.0000 7.0410E-06    857.991
12501.00 0.99704027 0.0000E+00 0.0000E+00 0.0000E+00 1.8398E-09 1.8398E-09 0.0000E+00 0.0000E+00 1.8398E-09 6.89E-06 6.93E-06   0.003 1.0000 6.9583E-06    858.203
12511.00 0.99703246 0.0000E+00 0.0000E+00 0.0000E+00 1.8864E-09 1.8864E-09 0.0000E+00 0.0000E+00 1.8864E-09 7.05E-06 7.09E-06   0.003 1.0000 7.1163E-06    859.818
12521.00 0.99702126 0.0000E+00 0.0000E+00 0.0000E+00 1.8899E-09 1.8899E-09 0.0000E+00 0.0000E+00 1.8899E-09 7.04E-06 7.09E-06   0.003 1.0000 7.1113E-06    860.484
12531.00 0.99701333 0.0000E+00 0.0000E+00 0.0000E+00 1.8911E-09 1.8911E-09 0.0000E+00 0.0000E+00 1.8911E-09 7.03E-06 7.07E-06   0.003 1.0000 7.0974E-06    861.098
12541.00 0.99700367 0.0000E+00 0.0000E+00 0.0000E+00 1.8936E-09 1.8936E-09 0.0000E+00 0.0000E+00 1.8936E-09 7.02E-06 7.06E-06   0.003 1.0000 7.0882E-06    861.740
12551.00 0.99699360 0.0000E+00 0.0000E+00 0.0000E+00 1.9014E-09 1.9014E-09 0.0000E+00 0.0000E+00 1.9014E-09 7.03E-06 7.07E-06   0.003 1.0000 7.0994E-06    862.499
12561.00 0.99698299 0.0000E+00 0.0000E+00 0.0000E+00 1.8911E-09 1.8911E-09 0.0000E+00 0.0000E+00 1.8911E-09 6.97E-06 7.02E-06   0.003 1.0000 7.0428E-06    862.864
12571.00 0.99697661 0.0000E+00 0.0000E+00 0.0000E+00 1.9001E-09 1.9001E-09 0.0000E+00 0.0000E+00 1.9001E-09 6.99E-06 7.03E-06   0.003 1.0000 7.0580E-06    863.648
12581.00 0.99696660 0.0000E+00 0.0000E+00 0.0000E+00 1.8385E-09 1.8385E-09 0.0000E+00 0.0000E+00 1.8385E-09 6.74E-06 6.79E-06   0.003 1.0000 6.8119E-06    862.878
12591.00 0.99695474 0.0000E+00 0.0000E+00 0.0000E+00 1.8494E-09 1.8494E-09 0.0000E+00 0.0000E+00 1.8494E-09 6.77E-06 6.81E-06   0.003 1.0000 6.8345E-06    863.709
12601.00 0.99694139 0.0000E+00 0.0000E+00 0.0000E+00 1.8535E-09 1.8535E-09 0.0000E+00 0.0000E+00 1.8535E-09 6.76E-06 6.81E-06   0.003 1.0000 6.8321E-06    864.387
12611.00 0.99692631 0.0000E+00 0.0000E+00 0.0000E+00 1.9074E-09 1.9074E-09 0.0000E+00 0.0000E+00 1.9074E-09 6.94E-06 6.99E-06   0.003 1.0000 7.0130E-06    866.160
12621.00 0.99691325 0.0000E+00 0.0000E+00 0.0000E+00 1.9119E-09 1.9119E-09 0.0000E+00 0.0000E+00 1.9119E-09 6.94E-06 6.99E-06   0.003 1.0000 7.0117E-06    866.845
12631.00 0.99690080 0.0000E+00 0.0000E+00 0.0000E+00 1.8889E-09 1.8889E-09 0.0000E+00 0.0000E+00 1.8889E-09 6.84E-06 6.88E-06   0.003 1.0000 6.9099E-06    866.933
12641.00 0.99688524 0.0000E+00 0.0000E+00 0.0000E+00 1.9304E-09 1.9304E-09 0.0000E+00 0.0000E+00 1.9304E-09 6.97E-06 7.02E-06   0.003 1.0000 7.0438E-06    868.422
12651.00 0.99687129 0.0000E+00 0.0000E+00 0.0000E+00 1.9496E-09 1.9496E-09 0.0000E+00 0.0000E+00 1.9496E-09 7.02E-06 7.07E-06   0.003 1.0000 7.0958E-06    869.420
12661.00 0.99685717 0.0000E+00 0.0000E+00 0.0000E+00 1.9513E-09 1.9513E-09 0.0000E+00 0.0000E+00 1.9513E-09 7.01E-06 7.06E-06   0.003 1.0000 7.0839E-06    870.046
12671.00 0.99684566 0.0000E+00 0.0000E+00 0.0000E+00 1.9663E-09 1.9663E-09 0.0000E+00 0.0000E+00 1.9663E-09 7.05E-06 7.09E-06   0.003 1.0000 7.1204E-06    870.953
12681.00 0.99683136 0.0000E+00 0.0000E+00 0.0000E+00 1.9612E-09 1.9612E-09 0.0000E+00 0.0000E+00 1.9612E-09 7.01E-06 7.06E-06   0.003 1.0000 7.0842E-06    871.435
12691.00 0.99681693 0.0000E+00 0.0000E+00 0.0000E+00 1.9564E-09 1.9564E-09 0.0000E+00 0.0000E+00 1.9564E-09 6.97E-06 7.02E-06   0.003 1.0000 7.0488E-06    871.921
12701.00 0.99680245 0.0000E+00 0.0000E+00 0.0000E+00 1.9747E-09 1.9747E-09 0.0000E+00 0.0000E+00 1.9747E-09 7.02E-06 7.07E-06   0.003 1.0000 7.0968E-06    872.898
12711.00 0.99678677 0.0000E+00 0.0000E+00 0.0000E+00 1.9919E-09 1.9919E-09 0.0000E+00 0.0000E+00 1.9919E-09 7.06E-06 7.11E-06   0.003 1.0000 7.1406E-06    873.848
12721.00 0.99677217 0.0000E+00 0.0000E+00 0.0000E+00 1.9573E-09 1.9573E-09 0.0000E+00 0.0000E+00 1.9573E-09 6.92E-06 6.97E-06   0.003 1.0000 6.9992E-06    873.706
12731.00 0.99675632 0.0000E+00 0.0000E+00 0.0000E+00 1.9586E-09 1.9586E-09 0.0000E+00 0.0000E+00 1.9586E-09 6.91E-06 6.96E-06   0.003 1.0000 6.9861E-06    874.323
12741.00 0.99673712 0.0000E+00 0.0000E+00 0.0000E+00 1.9963E-09 1.9963E-09 0.0000E+00 0.0000E+00 1.9963E-09 7.02E-06 7.07E-06   0.003 1.0000 7.1028E-06    875.707
12751.00 0.99671626 0.0000E+00 0.0000E+00 0.0000E+00 1.9965E-09 1.9965E-09 0.0000E+00 0.0000E+00 1.9965E-09 7.01E-06 7.05E-06   0.003 1.0000 7.0859E-06    876.300
12761.00 0.99669641 0.0000E+00 0.0000E+00 0.0000E+00 1.9506E-09 1.9506E-09 0.0000E+00 0.0000E+00 1.9506E-09 6.83E-06 6.88E-06   0.003 1.0000 6.9058E-06    875.916
12771.00 0.99667621 0.0000E+00 0.0000E+00 0.0000E+00 1.9924E-09 1.9924E-09 0.0000E+00 0.0000E+00 1.9924E-09 6.96E-06 7.00E-06   0.003 1.0000 7.0362E-06    877.392
12781.00 0.99665546 0.0000E+00 0.0000E+00 0.0000E+00 2.0199E-09 2.0199E-09 0.0000E+00 0.0000E+00 2.0199E-09 7.03E-06 7.08E-06   0.003 1.0000 7.1156E-06    878.554
12791.00 0.99663955 0.0000E+00 0.0000E+00 0.0000E+00 2.0259E-09 2.0259E-09 0.0000E+00 0.0000E+00 2.0259E-09 7.04E-06 7.09E-06   0.003 1.0000 7.1190E-06    879.268
12801.00 0.99662429 0.0000E+00 0.0000E+00 0.0000E+00 1.9975E-09 1.9975E-09 0.0000E+00 0.0000E+00 1.9975E-09 6.92E-06 6.97E-06   0.003 1.0000 7.0016E-06    879.264
12811.00 0.99660945 0.0000E+00 0.0000E+00 0.0000E+00 2.0264E-09 2.0264E-09 0.0000E+00 0.0000E+00 2.0264E-09 7.00E-06 7.05E-06   0.003 1.0000 7.0852E-06    880.456
12821.00 0.99659568 0.0000E+00 0.0000E+00 0.0000E+00 2.0073E-09 2.0073E-09 0.0000E+00 0.0000E+00 2.0073E-09 6.92E-06 6.97E-06   0.003 1.0000 7.0007E-06    880.646
12831.00 0.99658418 0.0000E+00 0.0000E+00 0.0000E+00 2.0370E-09 2.0370E-09 0.0000E+00 0.0000E+00 2.0370E-09 7.00E-06 7.05E-06   0.003 1.0000 7.0866E-06    881.854
12841.00 0.99657685 0.0000E+00 0.0000E+00 0.0000E+00 2.0484E-09 2.0484E-09 0.0000E+00 0.0000E+00 2.0484E-09 7.02E-06 7.07E-06   0.003 1.0000 7.1081E-06    882.679
12851.00 0.99657065 0.0000E+00 0.0000E+00 0.0000E+00 2.0517E-09 2.0517E-09 0.0000E+00 0.0000E+00 2.0517E-09 7.02E-06 7.07E-06   0.003 1.0000 7.1013E-06    883.334
12861.00 0.99656600 0.0000E+00 0.0000E+00 0.0000E+00 2.0154E-09 2.0154E-09 0.0000E+00 0.0000E+00 2.0154E-09 6.88E-06 6.92E-06   0.003 1.0000 6.9577E-06    883.170
12871.00 0.99656308 0.0000E+00 0.0000E+00 0.0000E+00 2.0660E-09 2.0660E-09 0.0000E+00 0.0000E+00 2.0660E-09 7.03E-06 7.08E-06   0.003 1.0000 7.1139E-06    884.804
12881.00 0.99656075 0.0000E+00 0.0000E+00 0.0000E+00 2.0670E-09 2.0670E-09 0.0000E+00 0.0000E+00 2.0670E-09 7.02E-06 7.07E-06   0.003 1.0000 7.0994E-06    885.415
12891.00 0.99655920 0.0000E+00 0.0000E+00 0.0000E+00 2.0709E-09 2.0709E-09 0.0000E+00 0.0000E+00 2.0709E-09 7.01E-06 7.06E-06   0.003 1.0000 7.0944E-06    886.083
12901.00 0.99655890 0.0000E+00 0.0000E+00 0.0000E+00 1.9765E-09 1.9765E-09 0.0000E+00 0.0000E+00 1.9765E-09 6.67E-06 6.72E-06   0.003 1.0000 6.7536E-06    884.700
12911.00 0.99655867 0.0000E+00 0.0000E+00 0.0000E+00 2.0272E-09 2.0272E-09 0.0000E+00 0.0000E+00 2.0272E-09 6.83E-06 6.88E-06   0.003 1.0000 6.9089E-06    886.359
12921.00 0.99655807 0.0000E+00 0.0000E+00 0.0000E+00 2.0901E-09 2.0901E-09 0.0000E+00 0.0000E+00 2.0901E-09 7.02E-06 7.07E-06   0.003 1.0000 7.1049E-06    888.241
12931.00 0.99655247 0.0000E+00 0.0000E+00 0.0000E+00 2.0836E-09 2.0836E-09 0.0000E+00 0.0000E+00 2.0836E-09 6.98E-06 7.03E-06   0.003 1.0000 7.0646E-06    888.697
12941.00 0.99654198 0.0000E+00 0.0000E+00 0.0000E+00 2.0387E-09 2.0387E-09 0.0000E+00 0.0000E+00 2.0387E-09 6.81E-06 6.86E-06   0.003 1.0000 6.8949E-06    888.363
12951.00 0.99653548 0.0000E+00 0.0000E+00 0.0000E+00 2.0715E-09 2.0715E-09 0.0000E+00 0.0000E+00 2.0715E-09 6.91E-06 6.96E-06   0.003 1.0000 6.9877E-06    889.628
12961.00 0.99652505 0.0000E+00 0.0000E+00 0.0000E+00 2.0490E-09 2.0490E-09 0.0000E+00 0.0000E+00 2.0490E-09 6.81E-06 6.86E-06   0.003 1.0000 6.8945E-06    889.753
12971.00 0.99650127 0.0000E+00 0.0000E+00 0.0000E+00 2.0937E-09 2.0937E-09 0.0000E+00 0.0000E+00 2.0937E-09 6.94E-06 6.99E-06   0.004 1.0000 7.0270E-06    891.259
12981.00 0.99639297 0.0000E+00 0.0000E+00 0.0000E+00 2.0892E-09 2.0892E-09 0.0000E+00 0.0000E+00 2.0892E-09 6.91E-06 6.96E-06   0.004 1.0000 6.9958E-06    891.755
12991.00 0.99615276 0.0000E+00 0.0000E+00 0.0000E+00 2.0850E-09 2.0850E-09 0.0000E+00 0.0000E+00 2.0850E-09 6.88E-06 6.93E-06   0.004 1.0000 6.9674E-06    892.257
13001.00 0.99557823 0.0000E+00 0.0000E+00 0.0000E+00 2.0970E-09 2.0970E-09 0.0000E+00 0.0000E+00 2.0970E-09 6.90E-06 6.96E-06   0.004 1.0000 6.9977E-06    893.091
13011.00 0.99425697 0.0000E+00 0.0000E+00 0.0000E+00 2.1177E-09 2.1177E-09 0.0000E+00 0.0000E+00 2.1177E-09 6.94E-06 7.01E-06   0.006 1.0000 7.0635E-06    894.099
13021.00 0.99133992 0.0000E+00 0.0000E+00 0.0000E+00 2.1106E-09 2.1106E-09 0.0000E+00 0.0000E+00 2.1106E-09 6.89E-06 6.98E-06   0.009 1.0000 7.0503E-06    894.545
13031.00 0.98788661 0.0000E+00 0.0000E+00 0.0000E+00 2.1179E-09 2.1179E-09 0.0000E+00 0.0000E+00 2.1179E-09 6.90E-06 6.99E-06   0.012 1.0000 7.0771E-06    895.280
13041.00 0.98180401 0.0000E+00 0.0000E+00 0.0000E+00 2.0006E-09 2.0006E-09 0.0000E+00 0.0000E+00 2.0006E-09 6.48E-06 6.60E-06   0.018 1.0000 6.7057E-06    893.438
13051.00 0.97925961 0.0000E+00 0.0000E+00 0.0000E+00 1.9755E-09 1.9755E-09 0.0000E+00 0.0000E+00 1.9755E-09 6.37E-06 6.51E-06   0.021 1.0000 6.6213E-06    893.488
13061.00 0.96990120 0.0000E+00 0.0000E+00 0.0000E+00 2.0388E-09 2.0388E-09 0.0000E+00 0.0000E+00 2.0388E-09 6.52E-06 6.73E-06   0.031 1.0000 6.8845E-06    895.419
13071.00 0.95384288 0.0000E+00 0.0000E+00 0.0000E+00 2.0753E-09 2.0753E-09 0.0000E+00 0.0000E+00 2.0753E-09 6.57E-06 6.89E-06   0.047 1.0000 7.1115E-06    896.765
13081.00 0.94387358 0.0000E+00 0.0000E+00 0.0000E+00 2.0584E-09 2.0584E-09 0.0000E+00 0.0000E+00 2.0584E-09 6.45E-06 6.86E-06   0.058 1.0000 7.1104E-06    897.003
13091.00 0.92882586 0.0000E+00 0.0000E+00 0.0000E+00 2.0289E-09 2.0289E-09 0.0000E+00 0.0000E+00 2.0289E-09 6.28E-06 6.80E-06   0.074 1.0000 7.1062E-06    896.974
13101.00 0.91643399 0.0000E+00 0.0000E+00 0.0000E+00 2.0058E-09 2.0058E-09 0.0000E+00 0.0000E+00 2.0058E-09 6.14E-06 6.75E-06   0.087 1.0000 7.1028E-06    897.071
13111.00 0.91889292 0.0000E+00 0.0000E+00 0.0000E+00 1.9964E-09 1.9964E-09 0.0000E+00 0.0000E+00 1.9964E-09 6.12E-06 6.69E-06   0.085 1.0000 7.0290E-06    897.459
13121.00 0.95820475 0.0000E+00 0.0000E+00 0.0000E+00 2.0142E-09 2.0142E-09 0.0000E+00 0.0000E+00 2.0142E-09 6.30E-06 6.60E-06   0.043 1.0000 6.7816E-06    898.425
13131.00 0.92002791 0.0000E+00 0.0000E+00 0.0000E+00 1.9932E-09 1.9932E-09 0.0000E+00 0.0000E+00 1.9932E-09 6.07E-06 6.65E-06   0.083 1.0000 6.9749E-06    898.564
13141.00 0.88321918 0.0000E+00 0.0000E+00 0.0000E+00 1.9220E-09 1.9220E-09 0.0000E+00 0.0000E+00 1.9220E-09 5.68E-06 6.54E-06   0.124 1.0000 7.0062E-06    897.597
13151.00 0.87074590 0.0000E+00 0.0000E+00 0.0000E+00 1.8880E-09 1.8880E-09 0.0000E+00 0.0000E+00 1.8880E-09 5.56E-06 6.42E-06   0.138 1.0000 6.9759E-06    897.422
13161.00 0.92885780 0.0000E+00 0.0000E+00 0.0000E+00 2.0280E-09 2.0280E-09 0.0000E+00 0.0000E+00 2.0280E-09 6.20E-06 6.65E-06   0.074 1.0000 7.0394E-06    901.064
13171.00 0.99070197 0.0000E+00 0.0000E+00 0.0000E+00 2.1834E-09 2.1834E-09 0.0000E+00 0.0000E+00 2.1834E-09 6.86E-06 6.95E-06   0.009 1.0000 7.0248E-06    904.829
13181.00 0.99639368 0.0000E+00 0.0000E+00 0.0000E+00 2.1531E-09 2.1531E-09 0.0000E+00 0.0000E+00 2.1531E-09 6.77E-06 6.82E-06   0.004 1.0000 6.8540E-06    904.815
13191.00 0.99639446 0.0000E+00 0.0000E+00 0.0000E+00 2.2098E-09 2.2098E-09 0.0000E+00 0.0000E+00 2.2098E-09 6.93E-06 6.98E-06   0.004 1.0000 7.0170E-06    906.527
13201.00 0.99638027 0.0000E+00 0.0000E+00 0.0000E+00 2.2031E-09 2.2031E-09 0.0000E+00 0.0000E+00 2.2031E-09 6.89E-06 6.95E-06   0.004 1.0000 6.9786E-06    906.984
13211.00 0.99636465 0.0000E+00 0.0000E+00 0.0000E+00 2.2082E-09 2.2082E-09 0.0000E+00 0.0000E+00 2.2082E-09 6.89E-06 6.94E-06   0.004 1.0000 6.9776E-06    907.673
13221.00 0.99634773 0.0000E+00 0.0000E+00 0.0000E+00 2.2067E-09 2.2067E-09 0.0000E+00 0.0000E+00 2.2067E-09 6.87E-06 6.92E-06   0.004 1.0000 6.9558E-06    908.231
13231.00 0.99632949 0.0000E+00 0.0000E+00 0.0000E+00 2.2002E-09 2.2002E-09 0.0000E+00 0.0000E+00 2.2002E-09 6.83E-06 6.88E-06   0.004 1.0000 6.9184E-06    908.692
13241.00 0.99631006 0.0000E+00 0.0000E+00 0.0000E+00 2.2423E-09 2.2423E-09 0.0000E+00 0.0000E+00 2.2423E-09 6.95E-06 7.00E-06   0.004 1.0000 7.0339E-06    910.105
13251.00 0.99628991 0.0000E+00 0.0000E+00 0.0000E+00 2.2542E-09 2.2542E-09 0.0000E+00 0.0000E+00 2.2542E-09 6.97E-06 7.02E-06   0.004 1.0000 7.0541E-06    910.924
13261.00 0.99626905 0.0000E+00 0.0000E+00 0.0000E+00 2.2666E-09 2.2666E-09 0.0000E+00 0.0000E+00 2.2666E-09 6.99E-06 7.04E-06   0.004 1.0000 7.0756E-06    911.751
13271.00 0.99624640 0.0000E+00 0.0000E+00 0.0000E+00 2.2486E-09 2.2486E-09 0.0000E+00 0.0000E+00 2.2486E-09 6.91E-06 6.97E-06   0.004 1.0000 7.0026E-06    911.992
13281.00 0.99622297 0.0000E+00 0.0000E+00 0.0000E+00 2.2342E-09 2.2342E-09 0.0000E+00 0.0000E+00 2.2342E-09 6.85E-06 6.90E-06   0.004 1.0000 6.9412E-06    912.302
13291.00 0.99619901 0.0000E+00 0.0000E+00 0.0000E+00 2.2317E-09 2.2317E-09 0.0000E+00 0.0000E+00 2.2317E-09 6.83E-06 6.88E-06   0.004 1.0000 6.9165E-06    912.841
13301.00 0.99617547 0.0000E+00 0.0000E+00 0.0000E+00 2.2670E-09 2.2670E-09 0.0000E+00 0.0000E+00 2.2670E-09 6.92E-06 6.97E-06   0.004 1.0000 7.0096E-06    914.115
13311.00 0.99615210 0.0000E+00 0.0000E+00 0.0000E+00 2.2033E-09 2.2033E-09 0.0000E+00 0.0000E+00 2.2033E-09 6.71E-06 6.76E-06   0.004 1.0000 6.7959E-06    913.459
13321.00 0.99612838 0.0000E+00 0.0000E+00 0.0000E+00 2.2765E-09 2.2765E-09 0.0000E+00 0.0000E+00 2.2765E-09 6.91E-06 6.97E-06   0.004 1.0000 7.0050E-06    915.474
13331.00 0.99610484 0.0000E+00 0.0000E+00 0.0000E+00 2.2609E-09 2.2609E-09 0.0000E+00 0.0000E+00 2.2609E-09 6.85E-06 6.90E-06   0.004 1.0000 6.9407E-06    915.763
13341.00 0.99608272 0.0000E+00 0.0000E+00 0.0000E+00 2.2147E-09 2.2147E-09 0.0000E+00 0.0000E+00 2.2147E-09 6.69E-06 6.74E-06   0.004 1.0000 6.7825E-06    915.450
13351.00 0.99606252 0.0000E+00 0.0000E+00 0.0000E+00 2.2881E-09 2.2881E-09 0.0000E+00 0.0000E+00 2.2881E-09 6.89E-06 6.95E-06   0.004 1.0000 6.9903E-06    917.464
13361.00 0.99604553 0.0000E+00 0.0000E+00 0.0000E+00 2.2801E-09 2.2801E-09 0.0000E+00 0.0000E+00 2.2801E-09 6.85E-06 6.91E-06   0.004 1.0000 6.9490E-06    917.899
13371.00 0.99603117 0.0000E+00 0.0000E+00 0.0000E+00 2.2836E-09 2.2836E-09 0.0000E+00 0.0000E+00 2.2836E-09 6.85E-06 6.90E-06   0.004 1.0000 6.9428E-06    918.555
13381.00 0.99601930 0.0000E+00 0.0000E+00 0.0000E+00 2.3025E-09 2.3025E-09 0.0000E+00 0.0000E+00 2.3025E-09 6.89E-06 6.94E-06   0.004 1.0000 6.9829E-06    919.505
13391.00 0.99600911 0.0000E+00 0.0000E+00 0.0000E+00 2.3090E-09 2.3090E-09 0.0000E+00 0.0000E+00 2.3090E-09 6.89E-06 6.94E-06   0.004 1.0000 6.9856E-06    920.218
13401.00 0.99600095 0.0000E+00 0.0000E+00 0.0000E+00 2.2967E-09 2.2967E-09 0.0000E+00 0.0000E+00 2.2967E-09 6.83E-06 6.89E-06   0.004 1.0000 6.9311E-06    920.572
13411.00 0.99599481 0.0000E+00 0.0000E+00 0.0000E+00 2.3244E-09 2.3244E-09 0.0000E+00 0.0000E+00 2.3244E-09 6.90E-06 6.96E-06   0.004 1.0000 6.9973E-06    921.687
13421.00 0.99598992 0.0000E+00 0.0000E+00 0.0000E+00 2.2798E-09 2.2798E-09 0.0000E+00 0.0000E+00 2.2798E-09 6.75E-06 6.81E-06   0.004 1.0000 6.8463E-06    921.424
13431.00 0.99598515 0.0000E+00 0.0000E+00 0.0000E+00 2.2563E-09 2.2563E-09 0.0000E+00 0.0000E+00 2.2563E-09 6.66E-06 6.72E-06   0.004 1.0000 6.7587E-06    921.556
13441.00 0.99598092 0.0000E+00 0.0000E+00 0.0000E+00 2.3354E-09 2.3354E-09 0.0000E+00 0.0000E+00 2.3354E-09 6.88E-06 6.94E-06   0.004 1.0000 6.9782E-06    923.662
13451.00 0.99597794 0.0000E+00 0.0000E+00 0.0000E+00 2.3420E-09 2.3420E-09 0.0000E+00 0.0000E+00 2.3420E-09 6.88E-06 6.94E-06   0.004 1.0000 6.9805E-06    924.375
13461.00 0.99597406 0.0000E+00 0.0000E+00 0.0000E+00 2.3256E-09 2.3256E-09 0.0000E+00 0.0000E+00 2.3256E-09 6.82E-06 6.87E-06   0.004 1.0000 6.9145E-06    924.654
13471.00 0.99596947 0.0000E+00 0.0000E+00 0.0000E+00 2.2492E-09 2.2492E-09 0.0000E+00 0.0000E+00 2.2492E-09 6.58E-06 6.63E-06   0.004 1.0000 6.6706E-06    923.769
13481.00 0.99596518 0.0000E+00 0.0000E+00 0.0000E+00 2.2565E-09 2.2565E-09 0.0000E+00 0.0000E+00 2.2565E-09 6.58E-06 6.64E-06   0.004 1.0000 6.6756E-06    924.498
13491.00 0.99596071 0.0000E+00 0.0000E+00 0.0000E+00 2.2564E-09 2.2564E-09 0.0000E+00 0.0000E+00 2.2564E-09 6.57E-06 6.62E-06   0.004 1.0000 6.6588E-06    925.085
13501.00 0.99595654 0.0000E+00 0.0000E+00 0.0000E+00 2.3273E-09 2.3273E-09 0.0000E+00 0.0000E+00 2.3273E-09 6.75E-06 6.81E-06   0.004 1.0000 6.8511E-06    927.040
13511.00 0.99595046 0.0000E+00 0.0000E+00 0.0000E+00 2.3320E-09 2.3320E-09 0.0000E+00 0.0000E+00 2.3320E-09 6.75E-06 6.81E-06   0.004 1.0000 6.8479E-06    927.717
13521.00 0.99594331 0.0000E+00 0.0000E+00 0.0000E+00 2.3401E-09 2.3401E-09 0.0000E+00 0.0000E+00 2.3401E-09 6.76E-06 6.82E-06   0.004 1.0000 6.8549E-06    928.459
13531.00 0.99593598 0.0000E+00 0.0000E+00 0.0000E+00 2.2707E-09 2.2707E-09 0.0000E+00 0.0000E+00 2.2707E-09 6.54E-06 6.60E-06   0.004 1.0000 6.6352E-06    927.713
13541.00 0.99592745 0.0000E+00 0.0000E+00 0.0000E+00 2.3427E-09 2.3427E-09 0.0000E+00 0.0000E+00 2.3427E-09 6.73E-06 6.79E-06   0.004 1.0000 6.8288E-06    929.685
13551.00 0.99592000 0.0000E+00 0.0000E+00 0.0000E+00 2.3963E-09 2.3963E-09 0.0000E+00 0.0000E+00 2.3963E-09 6.87E-06 6.93E-06   0.004 1.0000 6.9678E-06    931.278
13561.00 0.99590951 0.0000E+00 0.0000E+00 0.0000E+00 2.4065E-09 2.4065E-09 0.0000E+00 0.0000E+00 2.4065E-09 6.88E-06 6.94E-06   0.004 1.0000 6.9805E-06    932.056
13571.00 0.99589884 0.0000E+00 0.0000E+00 0.0000E+00 2.3946E-09 2.3946E-09 0.0000E+00 0.0000E+00 2.3946E-09 6.83E-06 6.89E-06   0.004 1.0000 6.9293E-06    932.425
13581.00 0.99588829 0.0000E+00 0.0000E+00 0.0000E+00 2.3791E-09 2.3791E-09 0.0000E+00 0.0000E+00 2.3791E-09 6.77E-06 6.83E-06   0.004 1.0000 6.8674E-06    932.723
13591.00 0.99588019 0.0000E+00 0.0000E+00 0.0000E+00 2.3712E-09 2.3712E-09 0.0000E+00 0.0000E+00 2.3712E-09 6.73E-06 6.79E-06   0.004 1.0000 6.8280E-06    933.164
13601.00 0.99587125 0.0000E+00 0.0000E+00 0.0000E+00 2.4083E-09 2.4083E-09 0.0000E+00 0.0000E+00 2.4083E-09 6.82E-06 6.88E-06   0.004 1.0000 6.9178E-06    934.444
13611.00 0.99586028 0.0000E+00 0.0000E+00 0.0000E+00 2.4371E-09 2.4371E-09 0.0000E+00 0.0000E+00 2.4371E-09 6.88E-06 6.94E-06   0.004 1.0000 6.9838E-06    935.564
13621.00 0.99585104 0.0000E+00 0.0000E+00 0.0000E+00 2.4501E-09 2.4501E-09 0.0000E+00 0.0000E+00 2.4501E-09 6.90E-06 6.96E-06   0.004 1.0000 7.0039E-06    936.391
13631.00 0.99583733 0.0000E+00 0.0000E+00 0.0000E+00 2.4298E-09 2.4298E-09 0.0000E+00 0.0000E+00 2.4298E-09 6.83E-06 6.89E-06   0.004 1.0000 6.9291E-06    936.607
13641.00 0.99582720 0.0000E+00 0.0000E+00 0.0000E+00 2.3953E-09 2.3953E-09 0.0000E+00 0.0000E+00 2.3953E-09 6.72E-06 6.77E-06   0.004 1.0000 6.8141E-06    936.556
13651.00 0.99581289 0.0000E+00 0.0000E+00 0.0000E+00 2.4065E-09 2.4065E-09 0.0000E+00 0.0000E+00 2.4065E-09 6.73E-06 6.79E-06   0.004 1.0000 6.8293E-06    937.352
13661.00 0.99579334 0.0000E+00 0.0000E+00 0.0000E+00 2.4423E-09 2.4423E-09 0.0000E+00 0.0000E+00 2.4423E-09 6.81E-06 6.87E-06   0.004 1.0000 6.9146E-06    938.604
13671.00 0.99577945 0.0000E+00 0.0000E+00 0.0000E+00 2.4286E-09 2.4286E-09 0.0000E+00 0.0000E+00 2.4286E-09 6.76E-06 6.82E-06   0.004 1.0000 6.8594E-06    938.940
13681.00 0.99576521 0.0000E+00 0.0000E+00 0.0000E+00 2.3949E-09 2.3949E-09 0.0000E+00 0.0000E+00 2.3949E-09 6.65E-06 6.71E-06   0.004 1.0000 6.7477E-06    938.901
13691.00 0.99574590 0.0000E+00 0.0000E+00 0.0000E+00 2.4654E-09 2.4654E-09 0.0000E+00 0.0000E+00 2.4654E-09 6.83E-06 6.89E-06   0.004 1.0000 6.9298E-06    940.791
13701.00 0.99573684 0.0000E+00 0.0000E+00 0.0000E+00 2.4569E-09 2.4569E-09 0.0000E+00 0.0000E+00 2.4569E-09 6.79E-06 6.85E-06   0.004 1.0000 6.8895E-06    941.225
13711.00 0.99570453 0.0000E+00 0.0000E+00 0.0000E+00 2.3527E-09 2.3527E-09 0.0000E+00 0.0000E+00 2.3527E-09 6.48E-06 6.54E-06   0.004 1.0000 6.5819E-06    939.869
13721.00 0.99569649 0.0000E+00 0.0000E+00 0.0000E+00 2.3848E-09 2.3848E-09 0.0000E+00 0.0000E+00 2.3848E-09 6.56E-06 6.61E-06   0.004 1.0000 6.6556E-06    941.065
13731.00 0.99567568 0.0000E+00 0.0000E+00 0.0000E+00 2.4610E-09 2.4610E-09 0.0000E+00 0.0000E+00 2.4610E-09 6.75E-06 6.81E-06   0.004 1.0000 6.8519E-06    943.065
13741.00 0.99563903 0.0000E+00 0.0000E+00 0.0000E+00 2.4801E-09 2.4801E-09 0.0000E+00 0.0000E+00 2.4801E-09 6.78E-06 6.84E-06   0.004 1.0000 6.8890E-06    944.002
13751.00 0.99563831 0.0000E+00 0.0000E+00 0.0000E+00 2.5158E-09 2.5158E-09 0.0000E+00 0.0000E+00 2.5158E-09 6.86E-06 6.93E-06   0.004 1.0000 6.9714E-06    945.236
13761.00 0.99560791 0.0000E+00 0.0000E+00 0.0000E+00 2.4960E-09 2.4960E-09 0.0000E+00 0.0000E+00 2.4960E-09 6.79E-06 6.86E-06   0.004 1.0000 6.9003E-06    945.468
13771.00 0.99560946 0.0000E+00 0.0000E+00 0.0000E+00 2.4780E-09 2.4780E-09 0.0000E+00 0.0000E+00 2.4780E-09 6.73E-06 6.79E-06   0.004 1.0000 6.8340E-06    945.730
13781.00 0.99557644 0.0000E+00 0.0000E+00 0.0000E+00 2.5138E-09 2.5138E-09 0.0000E+00 0.0000E+00 2.5138E-09 6.81E-06 6.87E-06   0.004 1.0000 6.9166E-06    946.966
13791.00 0.99556583 0.0000E+00 0.0000E+00 0.0000E+00 2.5053E-09 2.5053E-09 0.0000E+00 0.0000E+00 2.5053E-09 6.77E-06 6.83E-06   0.004 1.0000 6.8767E-06    947.402
13801.00 0.99553269 0.0000E+00 0.0000E+00 0.0000E+00 2.5125E-09 2.5125E-09 0.0000E+00 0.0000E+00 2.5125E-09 6.77E-06 6.83E-06   0.004 1.0000 6.8804E-06    948.120
13811.00 0.99551678 0.0000E+00 0.0000E+00 0.0000E+00 2.5237E-09 2.5237E-09 0.0000E+00 0.0000E+00 2.5237E-09 6.79E-06 6.85E-06   0.004 1.0000 6.8949E-06    948.911
13821.00 0.99548298 0.0000E+00 0.0000E+00 0.0000E+00 2.5488E-09 2.5488E-09 0.0000E+00 0.0000E+00 2.5488E-09 6.84E-06 6.90E-06   0.005 1.0000 6.9471E-06    949.947
13831.00 0.99549681 0.0000E+00 0.0000E+00 0.0000E+00 2.5303E-09 2.5303E-09 0.0000E+00 0.0000E+00 2.5303E-09 6.77E-06 6.83E-06   0.005 1.0000 6.8800E-06    950.205
13841.00 0.99547917 0.0000E+00 0.0000E+00 0.0000E+00 2.4541E-09 2.4541E-09 0.0000E+00 0.0000E+00 2.4541E-09 6.55E-06 6.61E-06   0.005 1.0000 6.6572E-06    949.409
13851.00 0.99546129 0.0000E+00 0.0000E+00 0.0000E+00 2.5381E-09 2.5381E-09 0.0000E+00 0.0000E+00 2.5381E-09 6.76E-06 6.82E-06   0.005 1.0000 6.8689E-06    951.523
13861.00 0.99544019 0.0000E+00 0.0000E+00 0.0000E+00 2.5351E-09 2.5351E-09 0.0000E+00 0.0000E+00 2.5351E-09 6.73E-06 6.80E-06   0.005 1.0000 6.8448E-06    952.058
13871.00 0.99538714 0.0000E+00 0.0000E+00 0.0000E+00 2.4525E-09 2.4525E-09 0.0000E+00 0.0000E+00 2.4525E-09 6.50E-06 6.56E-06   0.005 1.0000 6.6067E-06    951.143
13881.00 0.99534649 0.0000E+00 0.0000E+00 0.0000E+00 2.5466E-09 2.5466E-09 0.0000E+00 0.0000E+00 2.5466E-09 6.73E-06 6.80E-06   0.005 1.0000 6.8443E-06    953.440
13891.00 0.99534446 0.0000E+00 0.0000E+00 0.0000E+00 2.5251E-09 2.5251E-09 0.0000E+00 0.0000E+00 2.5251E-09 6.66E-06 6.72E-06   0.005 1.0000 6.7708E-06    953.643
13901.00 0.99530762 0.0000E+00 0.0000E+00 0.0000E+00 2.4772E-09 2.4772E-09 0.0000E+00 0.0000E+00 2.4772E-09 6.51E-06 6.58E-06   0.005 1.0000 6.6271E-06    953.360
13911.00 0.99527466 0.0000E+00 0.0000E+00 0.0000E+00 2.4683E-09 2.4683E-09 0.0000E+00 0.0000E+00 2.4683E-09 6.48E-06 6.54E-06   0.005 1.0000 6.5880E-06    953.785
13921.00 0.99527621 0.0000E+00 0.0000E+00 0.0000E+00 2.5048E-09 2.5048E-09 0.0000E+00 0.0000E+00 2.5048E-09 6.56E-06 6.62E-06   0.005 1.0000 6.6696E-06    955.040
13931.00 0.99526393 0.0000E+00 0.0000E+00 0.0000E+00 2.5589E-09 2.5589E-09 0.0000E+00 0.0000E+00 2.5589E-09 6.68E-06 6.75E-06   0.005 1.0000 6.7975E-06    956.602
13941.00 0.99524969 0.0000E+00 0.0000E+00 0.0000E+00 2.6117E-09 2.6117E-09 0.0000E+00 0.0000E+00 2.6117E-09 6.80E-06 6.87E-06   0.005 1.0000 6.9216E-06    958.124
13951.00 0.99523830 0.0000E+00 0.0000E+00 0.0000E+00 2.5108E-09 2.5108E-09 0.0000E+00 0.0000E+00 2.5108E-09 6.52E-06 6.59E-06   0.005 1.0000 6.6387E-06    956.912
13961.00 0.99522430 0.0000E+00 0.0000E+00 0.0000E+00 2.5835E-09 2.5835E-09 0.0000E+00 0.0000E+00 2.5835E-09 6.70E-06 6.76E-06   0.005 1.0000 6.8145E-06    958.804
13971.00 0.99520820 0.0000E+00 0.0000E+00 0.0000E+00 2.5999E-09 2.5999E-09 0.0000E+00 0.0000E+00 2.5999E-09 6.72E-06 6.79E-06   0.005 1.0000 6.8419E-06    959.683
13981.00 0.99519289 0.0000E+00 0.0000E+00 0.0000E+00 2.5339E-09 2.5339E-09 0.0000E+00 0.0000E+00 2.5339E-09 6.54E-06 6.60E-06   0.005 1.0000 6.6525E-06    959.094
13991.00 0.99517936 0.0000E+00 0.0000E+00 0.0000E+00 2.5578E-09 2.5578E-09 0.0000E+00 0.0000E+00 2.5578E-09 6.58E-06 6.65E-06   0.005 1.0000 6.6990E-06    960.111
14001.00 0.99516666 0.0000E+00 0.0000E+00 0.0000E+00 2.6394E-09 2.6394E-09 0.0000E+00 0.0000E+00 2.6394E-09 6.77E-06 6.84E-06   0.005 1.0000 6.8966E-06    962.141
14011.00 0.99515569 0.0000E+00 0.0000E+00 0.0000E+00 2.6317E-09 2.6317E-09 0.0000E+00 0.0000E+00 2.6317E-09 6.74E-06 6.81E-06   0.005 1.0000 6.8603E-06    962.595
14021.00 0.99514526 0.0000E+00 0.0000E+00 0.0000E+00 2.5782E-09 2.5782E-09 0.0000E+00 0.0000E+00 2.5782E-09 6.59E-06 6.65E-06   0.005 1.0000 6.7046E-06    962.240
14031.00 0.99513429 0.0000E+00 0.0000E+00 0.0000E+00 2.6231E-09 2.6231E-09 0.0000E+00 0.0000E+00 2.6231E-09 6.68E-06 6.75E-06   0.005 1.0000 6.8054E-06    963.622
14041.00 0.99512172 0.0000E+00 0.0000E+00 0.0000E+00 2.6251E-09 2.6251E-09 0.0000E+00 0.0000E+00 2.6251E-09 6.67E-06 6.74E-06   0.005 1.0000 6.7943E-06    964.246
14051.00 0.99510866 0.0000E+00 0.0000E+00 0.0000E+00 2.6281E-09 2.6281E-09 0.0000E+00 0.0000E+00 2.6281E-09 6.66E-06 6.73E-06   0.005 1.0000 6.7860E-06    964.886
14061.00 0.99509495 0.0000E+00 0.0000E+00 0.0000E+00 2.6402E-09 2.6402E-09 0.0000E+00 0.0000E+00 2.6402E-09 6.68E-06 6.75E-06   0.005 1.0000 6.8011E-06    965.686
14071.00 0.99508119 0.0000E+00 0.0000E+00 0.0000E+00 2.6900E-09 2.6900E-09 0.0000E+00 0.0000E+00 2.6900E-09 6.79E-06 6.86E-06   0.005 1.0000 6.9130E-06    967.136
14081.00 0.99506742 0.0000E+00 0.0000E+00 0.0000E+00 2.6999E-09 2.6999E-09 0.0000E+00 0.0000E+00 2.6999E-09 6.80E-06 6.87E-06   0.005 1.0000 6.9222E-06    967.895
14091.00 0.99505091 0.0000E+00 0.0000E+00 0.0000E+00 2.6772E-09 2.6772E-09 0.0000E+00 0.0000E+00 2.6772E-09 6.72E-06 6.79E-06   0.005 1.0000 6.8480E-06    968.094
14101.00 0.99503350 0.0000E+00 0.0000E+00 0.0000E+00 2.6523E-09 2.6523E-09 0.0000E+00 0.0000E+00 2.6523E-09 6.65E-06 6.71E-06   0.005 1.0000 6.7686E-06    968.251
14111.00 0.99501967 0.0000E+00 0.0000E+00 0.0000E+00 2.6475E-09 2.6475E-09 0.0000E+00 0.0000E+00 2.6475E-09 6.62E-06 6.69E-06   0.005 1.0000 6.7405E-06    968.756
14121.00 0.99500227 0.0000E+00 0.0000E+00 0.0000E+00 2.7299E-09 2.7299E-09 0.0000E+00 0.0000E+00 2.7299E-09 6.81E-06 6.88E-06   0.005 1.0000 6.9338E-06    970.762
14131.00 0.99498373 0.0000E+00 0.0000E+00 0.0000E+00 2.7273E-09 2.7273E-09 0.0000E+00 0.0000E+00 2.7273E-09 6.78E-06 6.85E-06   0.005 1.0000 6.9114E-06    971.308
14141.00 0.99496847 0.0000E+00 0.0000E+00 0.0000E+00 2.6379E-09 2.6379E-09 0.0000E+00 0.0000E+00 2.6379E-09 6.55E-06 6.61E-06   0.005 1.0000 6.6690E-06    970.351
14151.00 0.99495262 0.0000E+00 0.0000E+00 0.0000E+00 2.7104E-09 2.7104E-09 0.0000E+00 0.0000E+00 2.7104E-09 6.71E-06 6.78E-06   0.005 1.0000 6.8364E-06    972.197
14161.00 0.99493647 0.0000E+00 0.0000E+00 0.0000E+00 2.7127E-09 2.7127E-09 0.0000E+00 0.0000E+00 2.7127E-09 6.70E-06 6.77E-06   0.005 1.0000 6.8263E-06    972.825
14171.00 0.99491966 0.0000E+00 0.0000E+00 0.0000E+00 2.7173E-09 2.7173E-09 0.0000E+00 0.0000E+00 2.7173E-09 6.69E-06 6.76E-06   0.005 1.0000 6.8218E-06    973.492
14181.00 0.99490112 0.0000E+00 0.0000E+00 0.0000E+00 2.7613E-09 2.7613E-09 0.0000E+00 0.0000E+00 2.7613E-09 6.79E-06 6.86E-06   0.005 1.0000 6.9162E-06    974.828
14191.00 0.99488550 0.0000E+00 0.0000E+00 0.0000E+00 2.7614E-09 2.7614E-09 0.0000E+00 0.0000E+00 2.7614E-09 6.77E-06 6.84E-06   0.005 1.0000 6.9005E-06    975.419
14201.00 0.99486542 0.0000E+00 0.0000E+00 0.0000E+00 2.7308E-09 2.7308E-09 0.0000E+00 0.0000E+00 2.7308E-09 6.68E-06 6.75E-06   0.005 1.0000 6.8083E-06    975.489
14211.00 0.99484980 0.0000E+00 0.0000E+00 0.0000E+00 2.7336E-09 2.7336E-09 0.0000E+00 0.0000E+00 2.7336E-09 6.67E-06 6.74E-06   0.005 1.0000 6.7993E-06    976.125
14221.00 0.99482918 0.0000E+00 0.0000E+00 0.0000E+00 2.7400E-09 2.7400E-09 0.0000E+00 0.0000E+00 2.7400E-09 6.67E-06 6.74E-06   0.005 1.0000 6.7995E-06    976.821
14231.00 0.99480772 0.0000E+00 0.0000E+00 0.0000E+00 2.7025E-09 2.7025E-09 0.0000E+00 0.0000E+00 2.7025E-09 6.56E-06 6.63E-06   0.005 1.0000 6.6909E-06    976.767
14241.00 0.99478811 0.0000E+00 0.0000E+00 0.0000E+00 2.7266E-09 2.7266E-09 0.0000E+00 0.0000E+00 2.7266E-09 6.60E-06 6.68E-06   0.005 1.0000 6.7352E-06    977.770
14251.00 0.99476796 0.0000E+00 0.0000E+00 0.0000E+00 2.6718E-09 2.6718E-09 0.0000E+00 0.0000E+00 2.6718E-09 6.46E-06 6.53E-06   0.005 1.0000 6.5845E-06    977.411
14261.00 0.99475074 0.0000E+00 0.0000E+00 0.0000E+00 2.7486E-09 2.7486E-09 0.0000E+00 0.0000E+00 2.7486E-09 6.63E-06 6.70E-06   0.005 1.0000 6.7582E-06    979.322
14271.00 0.99472594 0.0000E+00 0.0000E+00 0.0000E+00 2.7386E-09 2.7386E-09 0.0000E+00 0.0000E+00 2.7386E-09 6.59E-06 6.66E-06   0.005 1.0000 6.7184E-06    979.741
14281.00 0.99470586 0.0000E+00 0.0000E+00 0.0000E+00 2.7464E-09 2.7464E-09 0.0000E+00 0.0000E+00 2.7464E-09 6.59E-06 6.66E-06   0.005 1.0000 6.7221E-06    980.462
 -9999.
