T F 2    2    2    0    2    2    2    2    2    2    1    0    0   0.0000.00000
    1    1    1    0    0    0  10.00000   0.00000   0.00000   0.00000   0.00000
 -99.000 -99.000 -99.000
 -99.00000 -99.00000 -99.00000  2.922360  0.000710 ! H2O & O3 COLUMNS [GM/CM2]
   36MID-LATITUDE SUMMER 
   3.00000   3.00000  90.03926  10.00025   0.08989   0.00000    1        0.00000
    0    0  172    0
   0.00000   0.00000   0.00000  70.03094   0.00000 180.00000   0.00000   0.00000
    9091.0   14286.0      10.0      10.0NW              
    0   0    0.000  0    0.000  0    1.000
    FREQ  TOT_TRANS  PTH_THRML  THRML_SCT  SURF_EMIS   SOL_SCAT  SING_SCAT  GRND_RFLT  DRCT_RFLT  TOTAL_RAD  REF_SOL  SOL@OBS   DEPTH DIR_EM    TOA_SUN BBODY_T[K]
 9091.00 0.69249725 1.2414E-21 0.0000E+00 0.0000E+00 4.0029E-08 4.0029E-08 0.0000E+00 0.0000E+00 4.0029E-08 4.09E-06 5.56E-06   0.367 1.0000 6.9214E-06    772.935
 9101.00 0.72894597 1.0444E-21 0.0000E+00 0.0000E+00 4.1037E-08 4.1037E-08 0.0000E+00 0.0000E+00 4.1037E-08 4.25E-06 5.60E-06   0.316 1.0000 6.7529E-06    774.772
 9111.00 0.77636969 8.2410E-22 0.0000E+00 0.0000E+00 4.3848E-08 4.3848E-08 0.0000E+00 0.0000E+00 4.3848E-08 4.65E-06 5.81E-06   0.253 1.0000 6.7702E-06    778.524
 9121.00 0.77558452 7.8071E-22 0.0000E+00 0.0000E+00 4.3816E-08 4.3816E-08 0.0000E+00 0.0000E+00 4.3816E-08 4.63E-06 5.79E-06   0.254 1.0000 6.7570E-06    779.193
 9131.00 0.76569408 7.8113E-22 0.0000E+00 0.0000E+00 4.3142E-08 4.3142E-08 0.0000E+00 0.0000E+00 4.3142E-08 4.52E-06 5.71E-06   0.267 1.0000 6.7175E-06    779.177
 9141.00 0.81431532 5.9092E-22 0.0000E+00 0.0000E+00 4.3982E-08 4.3982E-08 0.0000E+00 0.0000E+00 4.3982E-08 4.70E-06 5.68E-06   0.205 1.0000 6.4440E-06    780.772
 9151.00 0.76952428 6.9701E-22 0.0000E+00 0.0000E+00 4.4514E-08 4.4514E-08 0.0000E+00 0.0000E+00 4.4514E-08 4.67E-06 5.83E-06   0.262 1.0000 6.8615E-06    782.031
 9161.00 0.85810381 4.0935E-22 0.0000E+00 0.0000E+00 5.0048E-08 5.0048E-08 0.0000E+00 0.0000E+00 5.0048E-08 5.43E-06 6.29E-06   0.153 1.0000 6.9345E-06    788.219
 9171.00 0.80230594 5.4243E-22 0.0000E+00 0.0000E+00 4.7410E-08 4.7410E-08 0.0000E+00 0.0000E+00 4.7410E-08 5.02E-06 6.08E-06   0.220 1.0000 6.9883E-06    786.379
 9181.00 0.82581764 4.5620E-22 0.0000E+00 0.0000E+00 4.8041E-08 4.8041E-08 0.0000E+00 0.0000E+00 4.8041E-08 5.10E-06 6.10E-06   0.191 1.0000 6.8738E-06    787.703
 9191.00 0.85391080 3.6393E-22 0.0000E+00 0.0000E+00 4.9616E-08 4.9616E-08 0.0000E+00 0.0000E+00 4.9616E-08 5.32E-06 6.20E-06   0.158 1.0000 6.8531E-06    789.928
 9201.00 0.81782204 4.3145E-22 0.0000E+00 0.0000E+00 4.7232E-08 4.7232E-08 0.0000E+00 0.0000E+00 4.7232E-08 4.98E-06 5.98E-06   0.201 1.0000 6.7792E-06    788.314
 9211.00 0.82200950 4.0450E-22 0.0000E+00 0.0000E+00 4.9337E-08 4.9337E-08 0.0000E+00 0.0000E+00 4.9337E-08 5.20E-06 6.21E-06   0.196 1.0000 7.0277E-06    791.072
 9221.00 0.84083980 3.4264E-22 0.0000E+00 0.0000E+00 5.0095E-08 5.0095E-08 0.0000E+00 0.0000E+00 5.0095E-08 5.29E-06 6.25E-06   0.173 1.0000 6.9689E-06    792.497
 9231.00 0.83920574 3.3151E-22 0.0000E+00 0.0000E+00 4.8859E-08 4.8859E-08 0.0000E+00 0.0000E+00 4.8859E-08 5.16E-06 6.07E-06   0.175 1.0000 6.7955E-06    792.021
 9241.00 0.86136216 2.7089E-22 0.0000E+00 0.0000E+00 5.0150E-08 5.0150E-08 0.0000E+00 0.0000E+00 5.0150E-08 5.32E-06 6.16E-06   0.149 1.0000 6.7842E-06    793.960
 9251.00 0.84185630 2.9501E-22 0.0000E+00 0.0000E+00 5.0074E-08 5.0074E-08 0.0000E+00 0.0000E+00 5.0074E-08 5.26E-06 6.18E-06   0.172 1.0000 6.9007E-06    794.594
 9261.00 0.85258508 2.6277E-22 0.0000E+00 0.0000E+00 5.1466E-08 5.1466E-08 0.0000E+00 0.0000E+00 5.1466E-08 5.42E-06 6.31E-06   0.159 1.0000 6.9947E-06    796.602
 9271.00 0.86871392 2.2223E-22 0.0000E+00 0.0000E+00 5.1604E-08 5.1604E-08 0.0000E+00 0.0000E+00 5.1604E-08 5.45E-06 6.27E-06   0.141 1.0000 6.8762E-06    797.435
 9281.00 0.83924115 2.5966E-22 0.0000E+00 0.0000E+00 5.1205E-08 5.1205E-08 0.0000E+00 0.0000E+00 5.1205E-08 5.32E-06 6.28E-06   0.175 1.0000 7.0330E-06    797.772
 9291.00 0.87171572 1.9741E-22 0.0000E+00 0.0000E+00 5.3023E-08 5.3023E-08 0.0000E+00 0.0000E+00 5.3023E-08 5.57E-06 6.39E-06   0.137 1.0000 7.0135E-06    800.145
 9301.00 0.85747027 2.0850E-22 0.0000E+00 0.0000E+00 5.1196E-08 5.1196E-08 0.0000E+00 0.0000E+00 5.1196E-08 5.34E-06 6.19E-06   0.154 1.0000 6.8637E-06    799.173
 9311.00 0.86512750 1.8874E-22 0.0000E+00 0.0000E+00 5.2624E-08 5.2624E-08 0.0000E+00 0.0000E+00 5.2624E-08 5.49E-06 6.33E-06   0.145 1.0000 6.9849E-06    801.195
 9321.00 0.86211914 1.8331E-22 0.0000E+00 0.0000E+00 5.1749E-08 5.1749E-08 0.0000E+00 0.0000E+00 5.1749E-08 5.37E-06 6.22E-06   0.148 1.0000 6.8861E-06    801.098
 9331.00 0.86389595 1.7272E-22 0.0000E+00 0.0000E+00 5.2835E-08 5.2835E-08 0.0000E+00 0.0000E+00 5.2835E-08 5.47E-06 6.33E-06   0.146 1.0000 7.0103E-06    802.800
 9341.00 0.86357522 1.6471E-22 0.0000E+00 0.0000E+00 5.2619E-08 5.2619E-08 0.0000E+00 0.0000E+00 5.2619E-08 5.43E-06 6.29E-06   0.147 1.0000 6.9794E-06    803.308
 9351.00 0.85765231 1.6394E-22 0.0000E+00 0.0000E+00 5.0250E-08 5.0250E-08 0.0000E+00 0.0000E+00 5.0250E-08 5.16E-06 6.01E-06   0.154 1.0000 6.7060E-06    801.807
 9361.00 0.86136085 1.5203E-22 0.0000E+00 0.0000E+00 5.1944E-08 5.1944E-08 0.0000E+00 0.0000E+00 5.1944E-08 5.32E-06 6.18E-06   0.149 1.0000 6.9146E-06    804.099
 9371.00 0.85939997 1.4698E-22 0.0000E+00 0.0000E+00 5.2616E-08 5.2616E-08 0.0000E+00 0.0000E+00 5.2616E-08 5.37E-06 6.25E-06   0.152 1.0000 7.0062E-06    805.423
 9381.00 0.86121780 1.3819E-22 0.0000E+00 0.0000E+00 5.2573E-08 5.2573E-08 0.0000E+00 0.0000E+00 5.2573E-08 5.36E-06 6.22E-06   0.149 1.0000 6.9727E-06    806.089
 9391.00 0.85935491 1.3346E-22 0.0000E+00 0.0000E+00 5.3520E-08 5.3520E-08 0.0000E+00 0.0000E+00 5.3520E-08 5.44E-06 6.32E-06   0.152 1.0000 7.0927E-06    807.655
 9401.00 0.86229479 1.2450E-22 0.0000E+00 0.0000E+00 5.3488E-08 5.3488E-08 0.0000E+00 0.0000E+00 5.3488E-08 5.43E-06 6.29E-06   0.148 1.0000 7.0394E-06    808.332
 9411.00 0.86173350 1.1912E-22 0.0000E+00 0.0000E+00 5.3544E-08 5.3544E-08 0.0000E+00 0.0000E+00 5.3544E-08 5.42E-06 6.29E-06   0.149 1.0000 7.0221E-06    809.088
 9421.00 0.86419374 1.1147E-22 0.0000E+00 0.0000E+00 5.3754E-08 5.3754E-08 0.0000E+00 0.0000E+00 5.3754E-08 5.43E-06 6.29E-06   0.146 1.0000 7.0055E-06    809.982
 9431.00 0.86498415 1.0559E-22 0.0000E+00 0.0000E+00 5.3690E-08 5.3690E-08 0.0000E+00 0.0000E+00 5.3690E-08 5.41E-06 6.26E-06   0.145 1.0000 6.9676E-06    810.630
 9441.00 0.86558402 1.0016E-22 0.0000E+00 0.0000E+00 5.3758E-08 5.3758E-08 0.0000E+00 0.0000E+00 5.3758E-08 5.41E-06 6.25E-06   0.144 1.0000 6.9484E-06    811.397
 9451.00 0.86683214 9.4551E-23 0.0000E+00 0.0000E+00 5.4243E-08 5.4243E-08 0.0000E+00 0.0000E+00 5.4243E-08 5.45E-06 6.29E-06   0.143 1.0000 6.9764E-06    812.538
 9461.00 0.86845887 8.8986E-23 0.0000E+00 0.0000E+00 5.5408E-08 5.5408E-08 0.0000E+00 0.0000E+00 5.5408E-08 5.56E-06 6.40E-06   0.141 1.0000 7.0891E-06    814.278
 9471.00 0.86969000 8.3990E-23 0.0000E+00 0.0000E+00 5.5683E-08 5.5683E-08 0.0000E+00 0.0000E+00 5.5683E-08 5.58E-06 6.42E-06   0.140 1.0000 7.0904E-06    815.226
 9481.00 0.87089056 7.9286E-23 0.0000E+00 0.0000E+00 5.5886E-08 5.5886E-08 0.0000E+00 0.0000E+00 5.5886E-08 5.59E-06 6.42E-06   0.138 1.0000 7.0848E-06    816.110
 9491.00 0.87181842 7.4998E-23 0.0000E+00 0.0000E+00 5.5643E-08 5.5643E-08 0.0000E+00 0.0000E+00 5.5643E-08 5.56E-06 6.38E-06   0.137 1.0000 7.0271E-06    816.603
 9501.00 0.87221181 7.1234E-23 0.0000E+00 0.0000E+00 5.6121E-08 5.6121E-08 0.0000E+00 0.0000E+00 5.6121E-08 5.60E-06 6.42E-06   0.137 1.0000 7.0663E-06    817.727
 9511.00 0.87270713 6.7612E-23 0.0000E+00 0.0000E+00 5.6356E-08 5.6356E-08 0.0000E+00 0.0000E+00 5.6356E-08 5.61E-06 6.43E-06   0.136 1.0000 7.0729E-06    818.637
 9521.00 0.87317759 6.4175E-23 0.0000E+00 0.0000E+00 5.6474E-08 5.6474E-08 0.0000E+00 0.0000E+00 5.6474E-08 5.62E-06 6.43E-06   0.136 1.0000 7.0689E-06    819.446
 9531.00 0.87334132 6.1069E-23 0.0000E+00 0.0000E+00 5.6720E-08 5.6720E-08 0.0000E+00 0.0000E+00 5.6720E-08 5.63E-06 6.45E-06   0.135 1.0000 7.0837E-06    820.366
 9541.00 0.87388706 5.7931E-23 0.0000E+00 0.0000E+00 5.6948E-08 5.6948E-08 0.0000E+00 0.0000E+00 5.6948E-08 5.64E-06 6.46E-06   0.135 1.0000 7.0847E-06    821.269
 9551.00 0.87395155 5.5168E-23 0.0000E+00 0.0000E+00 5.6544E-08 5.6544E-08 0.0000E+00 0.0000E+00 5.6544E-08 5.59E-06 6.40E-06   0.135 1.0000 7.0183E-06    821.625
 9561.00 0.87401962 5.2530E-23 0.0000E+00 0.0000E+00 5.6068E-08 5.6068E-08 0.0000E+00 0.0000E+00 5.6068E-08 5.53E-06 6.33E-06   0.135 1.0000 6.9440E-06    821.916
 9571.00 0.87391919 5.0091E-23 0.0000E+00 0.0000E+00 5.7231E-08 5.7231E-08 0.0000E+00 0.0000E+00 5.7231E-08 5.64E-06 6.45E-06   0.135 1.0000 7.0733E-06    823.631
 9581.00 0.87406170 4.7669E-23 0.0000E+00 0.0000E+00 5.7440E-08 5.7440E-08 0.0000E+00 0.0000E+00 5.7440E-08 5.65E-06 6.46E-06   0.135 1.0000 7.0833E-06    824.517
 9591.00 0.87377298 4.5520E-23 0.0000E+00 0.0000E+00 5.7156E-08 5.7156E-08 0.0000E+00 0.0000E+00 5.7156E-08 5.61E-06 6.42E-06   0.135 1.0000 7.0362E-06    824.979
 9601.00 0.87336326 4.3510E-23 0.0000E+00 0.0000E+00 5.7766E-08 5.7766E-08 0.0000E+00 0.0000E+00 5.7766E-08 5.66E-06 6.48E-06   0.135 1.0000 7.1006E-06    826.209
 9611.00 0.87352008 4.1404E-23 0.0000E+00 0.0000E+00 5.7546E-08 5.7546E-08 0.0000E+00 0.0000E+00 5.7546E-08 5.62E-06 6.44E-06   0.135 1.0000 7.0589E-06    826.727
 9621.00 0.87334055 3.9502E-23 0.0000E+00 0.0000E+00 5.7608E-08 5.7608E-08 0.0000E+00 0.0000E+00 5.7608E-08 5.62E-06 6.43E-06   0.135 1.0000 7.0542E-06    827.486
 9631.00 0.87312251 3.7700E-23 0.0000E+00 0.0000E+00 5.7675E-08 5.7675E-08 0.0000E+00 0.0000E+00 5.7675E-08 5.61E-06 6.43E-06   0.136 1.0000 7.0494E-06    828.249
 9641.00 0.87289548 3.5984E-23 0.0000E+00 0.0000E+00 5.7382E-08 5.7382E-08 0.0000E+00 0.0000E+00 5.7382E-08 5.57E-06 6.38E-06   0.136 1.0000 7.0036E-06    828.703
 9651.00 0.87252289 3.4381E-23 0.0000E+00 0.0000E+00 5.8362E-08 5.8362E-08 0.0000E+00 0.0000E+00 5.8362E-08 5.65E-06 6.48E-06   0.136 1.0000 7.1097E-06    830.247
 9661.00 0.87295341 3.2647E-23 0.0000E+00 0.0000E+00 5.7819E-08 5.7819E-08 0.0000E+00 0.0000E+00 5.7819E-08 5.59E-06 6.41E-06   0.136 1.0000 7.0258E-06    830.490
 9671.00 0.87215573 3.1294E-23 0.0000E+00 0.0000E+00 5.7896E-08 5.7896E-08 0.0000E+00 0.0000E+00 5.7896E-08 5.59E-06 6.41E-06   0.137 1.0000 7.0276E-06    831.261
 9681.00 0.87203085 2.9852E-23 0.0000E+00 0.0000E+00 5.7838E-08 5.7838E-08 0.0000E+00 0.0000E+00 5.7838E-08 5.57E-06 6.39E-06   0.137 1.0000 7.0080E-06    831.917
 9691.00 0.87111831 2.8633E-23 0.0000E+00 0.0000E+00 5.8714E-08 5.8714E-08 0.0000E+00 0.0000E+00 5.8714E-08 5.64E-06 6.47E-06   0.138 1.0000 7.1079E-06    833.370
 9701.00 0.87038898 2.7443E-23 0.0000E+00 0.0000E+00 5.8697E-08 5.8697E-08 0.0000E+00 0.0000E+00 5.8697E-08 5.63E-06 6.46E-06   0.139 1.0000 7.0980E-06    834.061
 9711.00 0.87043506 2.6131E-23 0.0000E+00 0.0000E+00 5.8684E-08 5.8684E-08 0.0000E+00 0.0000E+00 5.8684E-08 5.61E-06 6.45E-06   0.139 1.0000 7.0827E-06    834.756
 9721.00 0.86726642 2.5506E-23 0.0000E+00 0.0000E+00 5.8634E-08 5.8634E-08 0.0000E+00 0.0000E+00 5.8634E-08 5.59E-06 6.44E-06   0.142 1.0000 7.0883E-06    835.419
 9731.00 0.86406177 2.4879E-23 0.0000E+00 0.0000E+00 5.8861E-08 5.8861E-08 0.0000E+00 0.0000E+00 5.8861E-08 5.59E-06 6.46E-06   0.146 1.0000 7.1280E-06    836.317
 9741.00 0.86774868 2.3068E-23 0.0000E+00 0.0000E+00 5.9106E-08 5.9106E-08 0.0000E+00 0.0000E+00 5.9106E-08 5.61E-06 6.47E-06   0.142 1.0000 7.1148E-06    837.231
 9751.00 0.86714655 2.2081E-23 0.0000E+00 0.0000E+00 5.9265E-08 5.9265E-08 0.0000E+00 0.0000E+00 5.9265E-08 5.61E-06 6.47E-06   0.143 1.0000 7.1256E-06    838.070
 9761.00 0.86390114 2.1518E-23 0.0000E+00 0.0000E+00 5.9047E-08 5.9047E-08 0.0000E+00 0.0000E+00 5.9047E-08 5.57E-06 6.45E-06   0.146 1.0000 7.1121E-06    838.591
 9771.00 0.85676652 2.1619E-23 0.0000E+00 0.0000E+00 5.8776E-08 5.8776E-08 0.0000E+00 0.0000E+00 5.8776E-08 5.52E-06 6.43E-06   0.155 1.0000 7.1242E-06    839.066
 9781.00 0.86578101 1.9286E-23 0.0000E+00 0.0000E+00 5.8830E-08 5.8830E-08 0.0000E+00 0.0000E+00 5.8830E-08 5.54E-06 6.39E-06   0.144 1.0000 7.0450E-06    839.817
 9791.00 0.86558747 1.8404E-23 0.0000E+00 0.0000E+00 5.8880E-08 5.8880E-08 0.0000E+00 0.0000E+00 5.8880E-08 5.53E-06 6.39E-06   0.144 1.0000 7.0386E-06    840.564
 9801.00 0.86593354 1.7477E-23 0.0000E+00 0.0000E+00 5.9149E-08 5.9149E-08 0.0000E+00 0.0000E+00 5.9149E-08 5.55E-06 6.40E-06   0.144 1.0000 7.0554E-06    841.498
 9811.00 0.85801840 1.7646E-23 0.0000E+00 0.0000E+00 5.8082E-08 5.8082E-08 0.0000E+00 0.0000E+00 5.8082E-08 5.41E-06 6.30E-06   0.153 1.0000 6.9787E-06    841.289
 9821.00 0.86791301 1.5630E-23 0.0000E+00 0.0000E+00 5.9568E-08 5.9568E-08 0.0000E+00 0.0000E+00 5.9568E-08 5.57E-06 6.42E-06   0.142 1.0000 7.0623E-06    843.263
 9831.00 0.86417437 1.5316E-23 0.0000E+00 0.0000E+00 5.9547E-08 5.9547E-08 0.0000E+00 0.0000E+00 5.9547E-08 5.55E-06 6.41E-06   0.146 1.0000 7.0767E-06    843.949
 9841.00 0.86614025 1.4376E-23 0.0000E+00 0.0000E+00 5.9613E-08 5.9613E-08 0.0000E+00 0.0000E+00 5.9613E-08 5.55E-06 6.40E-06   0.144 1.0000 7.0554E-06    844.710
 9851.00 0.86223173 1.4097E-23 0.0000E+00 0.0000E+00 5.9422E-08 5.9422E-08 0.0000E+00 0.0000E+00 5.9422E-08 5.51E-06 6.38E-06   0.148 1.0000 7.0514E-06    845.253
 9861.00 0.86445338 1.3222E-23 0.0000E+00 0.0000E+00 6.0125E-08 6.0125E-08 0.0000E+00 0.0000E+00 6.0125E-08 5.57E-06 6.44E-06   0.146 1.0000 7.1034E-06    846.551
 9871.00 0.86491883 1.2543E-23 0.0000E+00 0.0000E+00 6.0326E-08 6.0326E-08 0.0000E+00 0.0000E+00 6.0326E-08 5.58E-06 6.45E-06   0.145 1.0000 7.1106E-06    847.425
 9881.00 0.85880965 1.2493E-23 0.0000E+00 0.0000E+00 6.0026E-08 6.0026E-08 0.0000E+00 0.0000E+00 6.0026E-08 5.52E-06 6.42E-06   0.152 1.0000 7.1125E-06    847.877
 9891.00 0.86318398 1.1529E-23 0.0000E+00 0.0000E+00 6.0465E-08 6.0465E-08 0.0000E+00 0.0000E+00 6.0465E-08 5.56E-06 6.44E-06   0.147 1.0000 7.1147E-06    848.951
 9901.00 0.84978980 1.2050E-23 0.0000E+00 0.0000E+00 5.9764E-08 5.9764E-08 0.0000E+00 0.0000E+00 5.9764E-08 5.45E-06 6.40E-06   0.163 1.0000 7.1297E-06    849.065
 9911.00 0.84852660 1.1600E-23 0.0000E+00 0.0000E+00 5.9614E-08 5.9614E-08 0.0000E+00 0.0000E+00 5.9614E-08 5.42E-06 6.38E-06   0.164 1.0000 7.1100E-06    849.642
 9921.00 0.85689336 1.0431E-23 0.0000E+00 0.0000E+00 6.0380E-08 6.0380E-08 0.0000E+00 0.0000E+00 6.0380E-08 5.51E-06 6.42E-06   0.154 1.0000 7.1166E-06    850.993
 9931.00 0.86202610 9.5793E-24 0.0000E+00 0.0000E+00 6.0491E-08 6.0491E-08 0.0000E+00 0.0000E+00 6.0491E-08 5.52E-06 6.40E-06   0.148 1.0000 7.0750E-06    851.791
 9941.00 0.85946035 9.2925E-24 0.0000E+00 0.0000E+00 5.8422E-08 5.8422E-08 0.0000E+00 0.0000E+00 5.8422E-08 5.31E-06 6.18E-06   0.151 1.0000 6.8405E-06    850.730
 9951.00 0.85915250 8.8738E-24 0.0000E+00 0.0000E+00 5.7281E-08 5.7281E-08 0.0000E+00 0.0000E+00 5.7281E-08 5.20E-06 6.05E-06   0.152 1.0000 6.6965E-06    850.436
 9961.00 0.85628647 8.6317E-24 0.0000E+00 0.0000E+00 5.9965E-08 5.9965E-08 0.0000E+00 0.0000E+00 5.9965E-08 5.42E-06 6.33E-06   0.155 1.0000 7.0208E-06    853.459
 9971.00 0.85660297 8.1878E-24 0.0000E+00 0.0000E+00 6.0687E-08 6.0687E-08 0.0000E+00 0.0000E+00 6.0687E-08 5.48E-06 6.39E-06   0.155 1.0000 7.0893E-06    854.772
 9981.00 0.83940917 8.7545E-24 0.0000E+00 0.0000E+00 6.0098E-08 6.0098E-08 0.0000E+00 0.0000E+00 6.0098E-08 5.37E-06 6.37E-06   0.175 1.0000 7.1451E-06    854.979
 9991.00 0.86075598 7.2263E-24 0.0000E+00 0.0000E+00 6.1626E-08 6.1626E-08 0.0000E+00 0.0000E+00 6.1626E-08 5.55E-06 6.45E-06   0.150 1.0000 7.1388E-06    856.963
10001.00 0.85516685 7.1586E-24 0.0000E+00 0.0000E+00 6.1041E-08 6.1041E-08 0.0000E+00 0.0000E+00 6.1041E-08 5.48E-06 6.40E-06   0.156 1.0000 7.1031E-06    857.181
10011.00 0.85805529 6.6863E-24 0.0000E+00 0.0000E+00 6.1458E-08 6.1458E-08 0.0000E+00 0.0000E+00 6.1458E-08 5.51E-06 6.42E-06   0.153 1.0000 7.1150E-06    858.232
10021.00 0.85910666 6.3213E-24 0.0000E+00 0.0000E+00 6.1771E-08 6.1771E-08 0.0000E+00 0.0000E+00 6.1771E-08 5.53E-06 6.44E-06   0.152 1.0000 7.1310E-06    859.196
10031.00 0.85956234 6.0018E-24 0.0000E+00 0.0000E+00 6.1928E-08 6.1928E-08 0.0000E+00 0.0000E+00 6.1928E-08 5.54E-06 6.44E-06   0.151 1.0000 7.1318E-06    860.030
10041.00 0.85828209 5.7682E-24 0.0000E+00 0.0000E+00 6.1818E-08 6.1818E-08 0.0000E+00 0.0000E+00 6.1818E-08 5.51E-06 6.42E-06   0.153 1.0000 7.1164E-06    860.643
10051.00 0.86015612 5.4231E-24 0.0000E+00 0.0000E+00 6.2071E-08 6.2071E-08 0.0000E+00 0.0000E+00 6.2071E-08 5.53E-06 6.43E-06   0.151 1.0000 7.1191E-06    861.557
10061.00 0.85595208 5.3195E-24 0.0000E+00 0.0000E+00 6.1984E-08 6.1984E-08 0.0000E+00 0.0000E+00 6.1984E-08 5.50E-06 6.42E-06   0.156 1.0000 7.1296E-06    862.189
10071.00 0.83488941 5.8106E-24 0.0000E+00 0.0000E+00 6.0595E-08 6.0595E-08 0.0000E+00 0.0000E+00 6.0595E-08 5.31E-06 6.33E-06   0.180 1.0000 7.1221E-06    861.729
10081.00 0.85302216 4.9276E-24 0.0000E+00 0.0000E+00 6.1767E-08 6.1767E-08 0.0000E+00 0.0000E+00 6.1767E-08 5.45E-06 6.38E-06   0.159 1.0000 7.1031E-06    863.415
10091.00 0.84396970 4.9773E-24 0.0000E+00 0.0000E+00 6.1095E-08 6.1095E-08 0.0000E+00 0.0000E+00 6.1095E-08 5.35E-06 6.33E-06   0.170 1.0000 7.0846E-06    863.557
10101.00 0.82536477 5.3162E-24 0.0000E+00 0.0000E+00 5.9557E-08 5.9557E-08 0.0000E+00 0.0000E+00 5.9557E-08 5.15E-06 6.23E-06   0.192 1.0000 7.0367E-06    862.952
10111.00 0.84934556 4.3676E-24 0.0000E+00 0.0000E+00 6.1158E-08 6.1158E-08 0.0000E+00 0.0000E+00 6.1158E-08 5.35E-06 6.30E-06   0.163 1.0000 7.0192E-06    865.016
10121.00 0.82578361 4.7982E-24 0.0000E+00 0.0000E+00 6.0485E-08 6.0485E-08 0.0000E+00 0.0000E+00 6.0485E-08 5.23E-06 6.29E-06   0.191 1.0000 7.1091E-06    865.150
10131.00 0.81514817 4.8703E-24 0.0000E+00 0.0000E+00 5.9556E-08 5.9556E-08 0.0000E+00 0.0000E+00 5.9556E-08 5.11E-06 6.22E-06   0.204 1.0000 7.0756E-06    865.056
10141.00 0.83311009 4.1752E-24 0.0000E+00 0.0000E+00 6.0927E-08 6.0927E-08 0.0000E+00 0.0000E+00 6.0927E-08 5.26E-06 6.29E-06   0.183 1.0000 7.0813E-06    866.929
10151.00 0.76994485 5.4779E-24 0.0000E+00 0.0000E+00 5.7022E-08 5.7022E-08 0.0000E+00 0.0000E+00 5.7022E-08 4.78E-06 6.05E-06   0.261 1.0000 7.1130E-06    864.231
10161.00 0.78832567 4.8171E-24 0.0000E+00 0.0000E+00 5.8180E-08 5.8180E-08 0.0000E+00 0.0000E+00 5.8180E-08 4.91E-06 6.11E-06   0.238 1.0000 7.0884E-06    865.961
10171.00 0.74960685 5.4058E-24 0.0000E+00 0.0000E+00 5.5662E-08 5.5662E-08 0.0000E+00 0.0000E+00 5.5662E-08 4.63E-06 5.92E-06   0.288 1.0000 7.0885E-06    864.397
10181.00 0.74030769 5.3634E-24 0.0000E+00 0.0000E+00 5.5364E-08 5.5364E-08 0.0000E+00 0.0000E+00 5.5364E-08 4.56E-06 5.92E-06   0.301 1.0000 7.1238E-06    864.822
10191.00 0.76689488 4.5813E-24 0.0000E+00 0.0000E+00 5.7311E-08 5.7311E-08 0.0000E+00 0.0000E+00 5.7311E-08 4.75E-06 6.05E-06   0.265 1.0000 7.1342E-06    867.290
10201.00 0.68475479 5.8903E-24 0.0000E+00 0.0000E+00 5.1304E-08 5.1304E-08 0.0000E+00 0.0000E+00 5.1304E-08 4.12E-06 5.59E-06   0.379 1.0000 7.0727E-06    862.344
10211.00 0.65955472 6.0743E-24 0.0000E+00 0.0000E+00 4.9333E-08 4.9333E-08 0.0000E+00 0.0000E+00 4.9333E-08 3.89E-06 5.44E-06   0.416 1.0000 7.0352E-06    861.058
10221.00 0.67090899 5.5855E-24 0.0000E+00 0.0000E+00 5.0296E-08 5.0296E-08 0.0000E+00 0.0000E+00 5.0296E-08 3.99E-06 5.50E-06   0.399 1.0000 7.0526E-06    862.731
10231.00 0.72620672 4.4289E-24 0.0000E+00 0.0000E+00 5.4429E-08 5.4429E-08 0.0000E+00 0.0000E+00 5.4429E-08 4.42E-06 5.80E-06   0.320 1.0000 7.0865E-06    867.444
10241.00 0.59670281 6.2018E-24 0.0000E+00 0.0000E+00 4.5177E-08 4.5177E-08 0.0000E+00 0.0000E+00 4.5177E-08 3.44E-06 5.12E-06   0.516 1.0000 7.0343E-06    858.716
10251.00 0.62277842 5.5452E-24 0.0000E+00 0.0000E+00 4.7577E-08 4.7577E-08 0.0000E+00 0.0000E+00 4.7577E-08 3.66E-06 5.31E-06   0.474 1.0000 7.1175E-06    862.007
10261.00 0.61855972 5.3226E-24 0.0000E+00 0.0000E+00 4.6446E-08 4.6446E-08 0.0000E+00 0.0000E+00 4.6446E-08 3.55E-06 5.20E-06   0.480 1.0000 7.0004E-06    861.490
10271.00 0.61315495 5.1663E-24 0.0000E+00 0.0000E+00 4.6484E-08 4.6484E-08 0.0000E+00 0.0000E+00 4.6484E-08 3.54E-06 5.20E-06   0.489 1.0000 7.0253E-06    862.223
10281.00 0.67506278 4.1284E-24 0.0000E+00 0.0000E+00 5.1473E-08 5.1473E-08 0.0000E+00 0.0000E+00 5.1473E-08 4.03E-06 5.57E-06   0.393 1.0000 7.1074E-06    868.079
10291.00 0.70585257 3.5550E-24 0.0000E+00 0.0000E+00 5.3792E-08 5.3792E-08 0.0000E+00 0.0000E+00 5.3792E-08 4.29E-06 5.70E-06   0.348 1.0000 7.1198E-06    871.026
10301.00 0.71467918 3.2741E-24 0.0000E+00 0.0000E+00 5.4008E-08 5.4008E-08 0.0000E+00 0.0000E+00 5.4008E-08 4.31E-06 5.70E-06   0.336 1.0000 7.0598E-06    871.929
10311.00 0.69491214 3.3518E-24 0.0000E+00 0.0000E+00 5.3223E-08 5.3223E-08 0.0000E+00 0.0000E+00 5.3223E-08 4.19E-06 5.68E-06   0.364 1.0000 7.1065E-06    871.875
10321.00 0.68089676 3.3243E-24 0.0000E+00 0.0000E+00 5.2090E-08 5.2090E-08 0.0000E+00 0.0000E+00 5.2090E-08 4.05E-06 5.60E-06   0.384 1.0000 7.0834E-06    871.470
10331.00 0.69289261 3.0613E-24 0.0000E+00 0.0000E+00 5.2523E-08 5.2523E-08 0.0000E+00 0.0000E+00 5.2523E-08 4.15E-06 5.55E-06   0.367 1.0000 7.0410E-06    872.590
10341.00 0.52119976 4.5148E-24 0.0000E+00 0.0000E+00 4.0707E-08 4.0707E-08 0.0000E+00 0.0000E+00 4.0707E-08 2.93E-06 4.72E-06   0.652 1.0000 7.0807E-06    860.415
10351.00 0.49513787 4.5681E-24 0.0000E+00 0.0000E+00 3.8143E-08 3.8143E-08 0.0000E+00 0.0000E+00 3.8143E-08 2.66E-06 4.51E-06   0.703 1.0000 6.9482E-06    857.876
10361.00 0.49805304 4.3110E-24 0.0000E+00 0.0000E+00 3.9146E-08 3.9146E-08 0.0000E+00 0.0000E+00 3.9146E-08 2.75E-06 4.59E-06   0.697 1.0000 7.0420E-06    859.846
10371.00 0.45697430 4.4477E-24 0.0000E+00 0.0000E+00 3.6166E-08 3.6166E-08 0.0000E+00 0.0000E+00 3.6166E-08 2.55E-06 4.26E-06   0.783 1.0000 7.0259E-06    856.621
10381.00 0.52141005 3.7286E-24 0.0000E+00 0.0000E+00 4.0955E-08 4.0955E-08 0.0000E+00 0.0000E+00 4.0955E-08 2.93E-06 4.71E-06   0.651 1.0000 7.0297E-06    863.468
10391.00 0.38341808 4.5867E-24 0.0000E+00 0.0000E+00 3.1001E-08 3.1001E-08 0.0000E+00 0.0000E+00 3.1001E-08 2.00E-06 3.90E-06   0.959 1.0000 7.0152E-06    850.467
10401.00 0.47974485 3.6754E-24 0.0000E+00 0.0000E+00 3.8796E-08 3.8796E-08 0.0000E+00 0.0000E+00 3.8796E-08 2.68E-06 4.56E-06   0.735 1.0000 7.1156E-06    862.145
10411.00 0.42594305 3.8728E-24 0.0000E+00 0.0000E+00 3.4012E-08 3.4012E-08 0.0000E+00 0.0000E+00 3.4012E-08 2.25E-06 4.15E-06   0.853 1.0000 7.0090E-06    856.339
10421.00 0.30942562 4.4266E-24 0.0000E+00 0.0000E+00 2.5933E-08 2.5933E-08 0.0000E+00 0.0000E+00 2.5933E-08 1.55E-06 3.46E-06   1.173 1.0000 7.1097E-06    843.938
10431.00 0.38371590 3.7753E-24 0.0000E+00 0.0000E+00 3.1634E-08 3.1634E-08 0.0000E+00 0.0000E+00 3.1634E-08 2.05E-06 3.93E-06   0.958 1.0000 7.1282E-06    854.163
10441.00 0.47664261 3.0503E-24 0.0000E+00 0.0000E+00 3.8003E-08 3.8003E-08 0.0000E+00 0.0000E+00 3.8003E-08 2.60E-06 4.45E-06   0.741 1.0000 7.0319E-06    863.859
10451.00 0.31383178 3.8080E-24 0.0000E+00 0.0000E+00 2.6250E-08 2.6250E-08 0.0000E+00 0.0000E+00 2.6250E-08 1.56E-06 3.49E-06   1.159 1.0000 7.0411E-06    846.536
10461.00 0.31809437 3.6017E-24 0.0000E+00 0.0000E+00 2.6334E-08 2.6334E-08 0.0000E+00 0.0000E+00 2.6334E-08 1.60E-06 3.44E-06   1.145 1.0000 7.0152E-06    847.360
10471.00 0.34315622 3.3043E-24 0.0000E+00 0.0000E+00 2.7033E-08 2.7033E-08 0.0000E+00 0.0000E+00 2.7033E-08 1.63E-06 3.49E-06   1.070 1.0000 6.6482E-06    849.286
10481.00 0.37595341 2.9983E-24 0.0000E+00 0.0000E+00 3.0736E-08 3.0736E-08 0.0000E+00 0.0000E+00 3.0736E-08 1.91E-06 3.86E-06   0.978 1.0000 6.9292E-06    856.155
10491.00 0.32736698 3.0652E-24 0.0000E+00 0.0000E+00 2.7410E-08 2.7410E-08 0.0000E+00 0.0000E+00 2.7410E-08 1.64E-06 3.56E-06   1.117 1.0000 7.0576E-06    851.298
10501.00 0.20867181 3.4439E-24 0.0000E+00 0.0000E+00 1.8553E-08 1.8553E-08 0.0000E+00 0.0000E+00 1.8553E-08 9.25E-07 2.77E-06   1.567 1.0000 7.1082E-06    833.626
10511.00 0.43925652 2.3307E-24 0.0000E+00 0.0000E+00 3.6126E-08 3.6126E-08 0.0000E+00 0.0000E+00 3.6126E-08 2.29E-06 4.38E-06   0.823 1.0000 7.0870E-06    866.130
10521.00 0.26375541 2.8945E-24 0.0000E+00 0.0000E+00 2.2439E-08 2.2439E-08 0.0000E+00 0.0000E+00 2.2439E-08 1.28E-06 3.03E-06   1.333 1.0000 7.0837E-06    843.803
10531.00 0.28126213 2.7121E-24 0.0000E+00 0.0000E+00 2.4234E-08 2.4234E-08 0.0000E+00 0.0000E+00 2.4234E-08 1.40E-06 3.21E-06   1.268 1.0000 7.1337E-06    848.107
10541.00 0.32023397 2.4272E-24 0.0000E+00 0.0000E+00 2.7116E-08 2.7116E-08 0.0000E+00 0.0000E+00 2.7116E-08 1.60E-06 3.49E-06   1.139 1.0000 7.1238E-06    854.149
10551.00 0.27763817 2.4656E-24 0.0000E+00 0.0000E+00 2.3838E-08 2.3838E-08 0.0000E+00 0.0000E+00 2.3838E-08 1.36E-06 3.17E-06   1.281 1.0000 7.1123E-06    848.664
10561.00 0.28364810 2.3252E-24 0.0000E+00 0.0000E+00 2.4215E-08 2.4215E-08 0.0000E+00 0.0000E+00 2.4215E-08 1.36E-06 3.23E-06   1.260 1.0000 7.0759E-06    850.081
10571.00 0.22409011 2.4018E-24 0.0000E+00 0.0000E+00 1.9516E-08 1.9516E-08 0.0000E+00 0.0000E+00 1.9516E-08 1.03E-06 2.75E-06   1.496 1.0000 7.0632E-06    840.607
10581.00 0.31499380 2.0163E-24 0.0000E+00 0.0000E+00 2.6544E-08 2.6544E-08 0.0000E+00 0.0000E+00 2.6544E-08 1.52E-06 3.45E-06   1.155 1.0000 7.0083E-06    855.815
10591.00 0.20506248 2.2366E-24 0.0000E+00 0.0000E+00 1.7708E-08 1.7708E-08 0.0000E+00 0.0000E+00 1.7708E-08 9.24E-07 2.53E-06   1.584 1.0000 6.9242E-06    837.435
10601.00 0.26607639 1.9576E-24 0.0000E+00 0.0000E+00 2.2512E-08 2.2512E-08 0.0000E+00 0.0000E+00 2.2512E-08 1.25E-06 3.01E-06   1.324 1.0000 7.0103E-06    849.296
10611.00 0.31618920 1.7448E-24 0.0000E+00 0.0000E+00 2.6550E-08 2.6550E-08 0.0000E+00 0.0000E+00 2.6550E-08 1.49E-06 3.46E-06   1.151 1.0000 7.0013E-06    857.842
10621.00 0.34381148 1.5903E-24 0.0000E+00 0.0000E+00 2.7257E-08 2.7257E-08 0.0000E+00 0.0000E+00 2.7257E-08 1.55E-06 3.51E-06   1.068 1.0000 6.6904E-06    859.784
10631.00 0.34010243 1.5257E-24 0.0000E+00 0.0000E+00 2.8362E-08 2.8362E-08 0.0000E+00 0.0000E+00 2.8362E-08 1.60E-06 3.65E-06   1.079 1.0000 6.9249E-06    862.385
10641.00 0.46119699 1.1869E-24 0.0000E+00 0.0000E+00 3.8389E-08 3.8389E-08 0.0000E+00 0.0000E+00 3.8389E-08 2.42E-06 4.47E-06   0.774 1.0000 7.0679E-06    878.043
10651.00 0.28809270 1.4871E-24 0.0000E+00 0.0000E+00 2.4686E-08 2.4686E-08 0.0000E+00 0.0000E+00 2.4686E-08 1.40E-06 3.18E-06   1.244 1.0000 7.0860E-06    857.028
10661.00 0.15700205 1.6825E-24 0.0000E+00 0.0000E+00 1.4518E-08 1.4518E-08 0.0000E+00 0.0000E+00 1.4518E-08 6.33E-07 2.28E-06   1.851 1.0000 7.1135E-06    832.972
10671.00 0.14698912 1.6222E-24 0.0000E+00 0.0000E+00 1.3745E-08 1.3745E-08 0.0000E+00 0.0000E+00 1.3745E-08 5.86E-07 2.20E-06   1.917 1.0000 7.1053E-06    831.156
10681.00 0.17070676 1.4995E-24 0.0000E+00 0.0000E+00 1.5559E-08 1.5559E-08 0.0000E+00 0.0000E+00 1.5559E-08 6.97E-07 2.37E-06   1.768 1.0000 7.0271E-06    837.428
10691.00 0.21616682 1.3532E-24 0.0000E+00 0.0000E+00 1.9221E-08 1.9221E-08 0.0000E+00 0.0000E+00 1.9221E-08 9.68E-07 2.68E-06   1.532 1.0000 7.0496E-06    847.848
10701.00 0.10409614 1.4702E-24 0.0000E+00 0.0000E+00 1.0240E-08 1.0240E-08 0.0000E+00 0.0000E+00 1.0240E-08 4.09E-07 1.72E-06   2.262 1.0000 7.1224E-06    820.050
10711.00 0.14893474 1.3332E-24 0.0000E+00 0.0000E+00 1.4435E-08 1.4435E-08 0.0000E+00 0.0000E+00 1.4435E-08 6.05E-07 2.31E-06   1.904 1.0000 7.1299E-06    835.983
10721.00 0.18246686 1.2177E-24 0.0000E+00 0.0000E+00 1.7240E-08 1.7240E-08 0.0000E+00 0.0000E+00 1.7240E-08 7.86E-07 2.58E-06   1.701 1.0000 7.1129E-06    844.772
10731.00 0.23257455 1.0905E-24 0.0000E+00 0.0000E+00 2.1187E-08 2.1187E-08 0.0000E+00 0.0000E+00 2.1187E-08 1.10E-06 2.86E-06   1.459 1.0000 7.0795E-06    855.081
10741.00 0.34345952 8.8813E-25 0.0000E+00 0.0000E+00 3.0389E-08 3.0389E-08 0.0000E+00 0.0000E+00 3.0389E-08 1.75E-06 3.73E-06   1.069 1.0000 7.1186E-06    873.187
10751.00 0.38699773 7.8930E-25 0.0000E+00 0.0000E+00 3.3869E-08 3.3869E-08 0.0000E+00 0.0000E+00 3.3869E-08 2.01E-06 4.03E-06   0.949 1.0000 7.0904E-06    879.246
10761.00 0.47207612 6.4773E-25 0.0000E+00 0.0000E+00 4.0316E-08 4.0316E-08 0.0000E+00 0.0000E+00 4.0316E-08 2.54E-06 4.54E-06   0.751 1.0000 7.0349E-06    888.726
10771.00 0.49111110 5.9488E-25 0.0000E+00 0.0000E+00 4.2263E-08 4.2263E-08 0.0000E+00 0.0000E+00 4.2263E-08 2.69E-06 4.69E-06   0.711 1.0000 7.1304E-06    891.824
10781.00 0.61057502 4.3502E-25 0.0000E+00 0.0000E+00 5.1399E-08 5.1399E-08 0.0000E+00 0.0000E+00 5.1399E-08 3.50E-06 5.33E-06   0.493 1.0000 7.1406E-06    902.674
10791.00 0.69188702 3.2570E-25 0.0000E+00 0.0000E+00 5.6699E-08 5.6699E-08 0.0000E+00 0.0000E+00 5.6699E-08 4.03E-06 5.61E-06   0.368 1.0000 6.9990E-06    908.552
10801.00 0.68716502 3.1611E-25 0.0000E+00 0.0000E+00 5.4833E-08 5.4833E-08 0.0000E+00 0.0000E+00 5.4833E-08 3.88E-06 5.42E-06   0.375 1.0000 6.8221E-06    907.470
10811.00 0.65890026 3.2743E-25 0.0000E+00 0.0000E+00 5.4042E-08 5.4042E-08 0.0000E+00 0.0000E+00 5.4042E-08 3.80E-06 5.38E-06   0.417 1.0000 6.9842E-06    907.393
10821.00 0.64292979 3.2706E-25 0.0000E+00 0.0000E+00 5.2549E-08 5.2549E-08 0.0000E+00 0.0000E+00 5.2549E-08 3.63E-06 5.30E-06   0.442 1.0000 6.9254E-06    906.604
10831.00 0.69469821 2.6659E-25 0.0000E+00 0.0000E+00 5.4325E-08 5.4325E-08 0.0000E+00 0.0000E+00 5.4325E-08 3.86E-06 5.31E-06   0.364 1.0000 6.6572E-06    909.055
10841.00 0.72054213 2.3147E-25 0.0000E+00 0.0000E+00 5.8297E-08 5.8297E-08 0.0000E+00 0.0000E+00 5.8297E-08 4.23E-06 5.57E-06   0.328 1.0000 6.8867E-06    913.506
10851.00 0.67519110 2.5717E-25 0.0000E+00 0.0000E+00 5.4612E-08 5.4612E-08 0.0000E+00 0.0000E+00 5.4612E-08 3.85E-06 5.34E-06   0.393 1.0000 6.8426E-06    910.719
10861.00 0.74135852 1.9532E-25 0.0000E+00 0.0000E+00 6.0998E-08 6.0998E-08 0.0000E+00 0.0000E+00 6.0998E-08 4.42E-06 5.78E-06   0.299 1.0000 6.9906E-06    917.328
10871.00 0.66965568 2.3622E-25 0.0000E+00 0.0000E+00 5.6261E-08 5.6261E-08 0.0000E+00 0.0000E+00 5.6261E-08 4.02E-06 5.43E-06   0.401 1.0000 7.0910E-06    913.689
10881.00 0.67294586 2.2295E-25 0.0000E+00 0.0000E+00 5.7004E-08 5.7004E-08 0.0000E+00 0.0000E+00 5.7004E-08 4.01E-06 5.54E-06   0.396 1.0000 7.1322E-06    915.083
10891.00 0.56603789 2.8137E-25 0.0000E+00 0.0000E+00 4.8250E-08 4.8250E-08 0.0000E+00 0.0000E+00 4.8250E-08 3.21E-06 4.94E-06   0.569 1.0000 7.0869E-06    906.939
10901.00 0.54560322 2.8273E-25 0.0000E+00 0.0000E+00 4.6367E-08 4.6367E-08 0.0000E+00 0.0000E+00 4.6367E-08 3.01E-06 4.83E-06   0.606 1.0000 7.0299E-06    905.542
10911.00 0.63439769 2.1530E-25 0.0000E+00 0.0000E+00 5.4027E-08 5.4027E-08 0.0000E+00 0.0000E+00 5.4027E-08 3.69E-06 5.35E-06   0.455 1.0000 7.1167E-06    914.298
10921.00 0.48120061 2.9143E-25 0.0000E+00 0.0000E+00 4.1944E-08 4.1944E-08 0.0000E+00 0.0000E+00 4.1944E-08 2.66E-06 4.47E-06   0.731 1.0000 7.1418E-06    901.697
10931.00 0.64334404 1.9146E-25 0.0000E+00 0.0000E+00 5.4417E-08 5.4417E-08 0.0000E+00 0.0000E+00 5.4417E-08 3.67E-06 5.39E-06   0.441 1.0000 7.0585E-06    916.065
10941.00 0.52861071 2.3934E-25 0.0000E+00 0.0000E+00 4.6096E-08 4.6096E-08 0.0000E+00 0.0000E+00 4.6096E-08 3.00E-06 4.75E-06   0.638 1.0000 7.1797E-06    907.981
10951.00 0.52018636 2.3386E-25 0.0000E+00 0.0000E+00 4.5855E-08 4.5855E-08 0.0000E+00 0.0000E+00 4.5855E-08 2.93E-06 4.78E-06   0.654 1.0000 7.2169E-06    908.393
10961.00 0.61641705 1.7682E-25 0.0000E+00 0.0000E+00 5.2741E-08 5.2741E-08 0.0000E+00 0.0000E+00 5.2741E-08 3.57E-06 5.18E-06   0.484 1.0000 7.0517E-06    916.470
10971.00 0.64329648 1.5707E-25 0.0000E+00 0.0000E+00 5.4154E-08 5.4154E-08 0.0000E+00 0.0000E+00 5.4154E-08 3.70E-06 5.25E-06   0.441 1.0000 6.9688E-06    918.571
10981.00 0.56981736 1.8045E-25 0.0000E+00 0.0000E+00 4.9337E-08 4.9337E-08 0.0000E+00 0.0000E+00 4.9337E-08 3.26E-06 4.94E-06   0.562 1.0000 7.0849E-06    914.307
10991.00 0.58344001 1.6649E-25 0.0000E+00 0.0000E+00 4.9507E-08 4.9507E-08 0.0000E+00 0.0000E+00 4.9507E-08 3.26E-06 4.94E-06   0.539 1.0000 6.9574E-06    915.177
11001.00 0.57968426 1.5993E-25 0.0000E+00 0.0000E+00 4.8898E-08 4.8898E-08 0.0000E+00 0.0000E+00 4.8898E-08 3.24E-06 4.84E-06   0.545 1.0000 6.8715E-06    915.209
11011.00 0.57633805 1.5356E-25 0.0000E+00 0.0000E+00 4.9601E-08 4.9601E-08 0.0000E+00 0.0000E+00 4.9601E-08 3.30E-06 4.89E-06   0.551 1.0000 7.0129E-06    916.654
11021.00 0.58505607 1.4319E-25 0.0000E+00 0.0000E+00 5.1241E-08 5.1241E-08 0.0000E+00 0.0000E+00 5.1241E-08 3.37E-06 5.05E-06   0.536 1.0000 7.1591E-06    919.071
11031.00 0.64606279 1.1644E-25 0.0000E+00 0.0000E+00 5.5293E-08 5.5293E-08 0.0000E+00 0.0000E+00 5.5293E-08 3.73E-06 5.30E-06   0.437 1.0000 6.9952E-06    923.835
11041.00 0.72326368 8.6561E-26 0.0000E+00 0.0000E+00 6.2869E-08 6.2869E-08 0.0000E+00 0.0000E+00 6.2869E-08 4.40E-06 5.79E-06   0.324 1.0000 7.1647E-06    931.487
11051.00 0.73004127 8.0413E-26 0.0000E+00 0.0000E+00 6.3878E-08 6.3878E-08 0.0000E+00 0.0000E+00 6.3878E-08 4.46E-06 5.87E-06   0.315 1.0000 7.2125E-06    933.053
11061.00 0.74713510 7.1904E-26 0.0000E+00 0.0000E+00 6.5288E-08 6.5288E-08 0.0000E+00 0.0000E+00 6.5288E-08 4.58E-06 5.95E-06   0.292 1.0000 7.1991E-06    934.946
11071.00 0.66593391 8.9893E-26 0.0000E+00 0.0000E+00 5.8133E-08 5.8133E-08 0.0000E+00 0.0000E+00 5.8133E-08 3.94E-06 5.47E-06   0.407 1.0000 7.1309E-06    929.307
11081.00 0.59018677 1.0551E-25 0.0000E+00 0.0000E+00 5.0447E-08 5.0447E-08 0.0000E+00 0.0000E+00 5.0447E-08 3.30E-06 4.91E-06   0.527 1.0000 6.9276E-06    922.369
11091.00 0.60111189 9.7767E-26 0.0000E+00 0.0000E+00 4.9265E-08 4.9265E-08 0.0000E+00 0.0000E+00 4.9265E-08 3.23E-06 4.77E-06   0.509 1.0000 6.6409E-06    921.792
11101.00 0.55417496 1.0395E-25 0.0000E+00 0.0000E+00 4.7895E-08 4.7895E-08 0.0000E+00 0.0000E+00 4.7895E-08 3.07E-06 4.73E-06   0.590 1.0000 6.9341E-06    920.979
11111.00 0.63016158 8.2349E-26 0.0000E+00 0.0000E+00 5.4468E-08 5.4468E-08 0.0000E+00 0.0000E+00 5.4468E-08 3.65E-06 5.13E-06   0.462 1.0000 6.9855E-06    928.550
11121.00 0.45414859 1.1552E-25 0.0000E+00 0.0000E+00 4.1154E-08 4.1154E-08 0.0000E+00 0.0000E+00 4.1154E-08 2.49E-06 4.30E-06   0.789 1.0000 7.1540E-06    914.356
11131.00 0.63258171 7.4253E-26 0.0000E+00 0.0000E+00 5.6107E-08 5.6107E-08 0.0000E+00 0.0000E+00 5.6107E-08 3.74E-06 5.27E-06   0.458 1.0000 7.1521E-06    931.533
11141.00 0.61203384 7.4470E-26 0.0000E+00 0.0000E+00 5.4369E-08 5.4369E-08 0.0000E+00 0.0000E+00 5.4369E-08 3.55E-06 5.19E-06   0.491 1.0000 7.1081E-06    930.522
11151.00 0.60113406 7.2933E-26 0.0000E+00 0.0000E+00 5.3619E-08 5.3619E-08 0.0000E+00 0.0000E+00 5.3619E-08 3.49E-06 5.13E-06   0.509 1.0000 7.1052E-06    930.461
11161.00 0.67031538 5.7409E-26 0.0000E+00 0.0000E+00 6.0486E-08 6.0486E-08 0.0000E+00 0.0000E+00 6.0486E-08 4.05E-06 5.60E-06   0.400 1.0000 7.2334E-06    937.703
11171.00 0.69702595 5.0381E-26 0.0000E+00 0.0000E+00 6.1220E-08 6.1220E-08 0.0000E+00 0.0000E+00 6.1220E-08 4.12E-06 5.61E-06   0.361 1.0000 7.0471E-06    939.057
11181.00 0.75651580 3.8535E-26 0.0000E+00 0.0000E+00 6.6320E-08 6.6320E-08 0.0000E+00 0.0000E+00 6.6320E-08 4.58E-06 5.90E-06   0.279 1.0000 7.0589E-06    944.164
11191.00 0.76440704 3.5376E-26 0.0000E+00 0.0000E+00 6.7714E-08 6.7714E-08 0.0000E+00 0.0000E+00 6.7714E-08 4.68E-06 5.99E-06   0.269 1.0000 7.1368E-06    946.014
11201.00 0.79979002 2.8771E-26 0.0000E+00 0.0000E+00 6.9125E-08 6.9125E-08 0.0000E+00 0.0000E+00 6.9125E-08 4.84E-06 6.01E-06   0.223 1.0000 6.9786E-06    947.858
11211.00 0.81212413 2.5637E-26 0.0000E+00 0.0000E+00 7.1597E-08 7.1597E-08 0.0000E+00 0.0000E+00 7.1597E-08 5.03E-06 6.18E-06   0.208 1.0000 7.1244E-06    950.520
11221.00 0.82808787 2.2335E-26 0.0000E+00 0.0000E+00 7.3494E-08 7.3494E-08 0.0000E+00 0.0000E+00 7.3494E-08 5.20E-06 6.28E-06   0.189 1.0000 7.1611E-06    952.685
11231.00 0.82463950 2.1685E-26 0.0000E+00 0.0000E+00 7.3789E-08 7.3789E-08 0.0000E+00 0.0000E+00 7.3789E-08 5.20E-06 6.30E-06   0.193 1.0000 7.2119E-06    953.609
11241.00 0.82851458 2.0220E-26 0.0000E+00 0.0000E+00 7.3506E-08 7.3506E-08 0.0000E+00 0.0000E+00 7.3506E-08 5.18E-06 6.25E-06   0.188 1.0000 7.1417E-06    954.092
11251.00 0.83096385 1.8948E-26 0.0000E+00 0.0000E+00 7.4042E-08 7.4042E-08 0.0000E+00 0.0000E+00 7.4042E-08 5.22E-06 6.28E-06   0.185 1.0000 7.1598E-06    955.200
11261.00 0.82124376 1.9116E-26 0.0000E+00 0.0000E+00 7.2720E-08 7.2720E-08 0.0000E+00 0.0000E+00 7.2720E-08 5.09E-06 6.19E-06   0.197 1.0000 7.1006E-06    954.883
11271.00 0.83072364 1.7217E-26 0.0000E+00 0.0000E+00 7.2307E-08 7.2307E-08 0.0000E+00 0.0000E+00 7.2307E-08 5.08E-06 6.11E-06   0.185 1.0000 6.9712E-06    955.260
11281.00 0.82457286 1.6988E-26 0.0000E+00 0.0000E+00 6.9489E-08 6.9489E-08 0.0000E+00 0.0000E+00 6.9489E-08 4.86E-06 5.88E-06   0.193 1.0000 6.7401E-06    953.726
11291.00 0.82446408 1.6213E-26 0.0000E+00 0.0000E+00 7.3638E-08 7.3638E-08 0.0000E+00 0.0000E+00 7.3638E-08 5.14E-06 6.22E-06   0.193 1.0000 7.1282E-06    957.685
11301.00 0.83314770 1.4665E-26 0.0000E+00 0.0000E+00 7.4558E-08 7.4558E-08 0.0000E+00 0.0000E+00 7.4558E-08 5.22E-06 6.26E-06   0.183 1.0000 7.1331E-06    959.085
11311.00 0.83206004 1.4050E-26 0.0000E+00 0.0000E+00 7.3570E-08 7.3570E-08 0.0000E+00 0.0000E+00 7.3570E-08 5.14E-06 6.17E-06   0.184 1.0000 7.0365E-06    959.029
11321.00 0.83092648 1.3478E-26 0.0000E+00 0.0000E+00 7.4502E-08 7.4502E-08 0.0000E+00 0.0000E+00 7.4502E-08 5.19E-06 6.24E-06   0.185 1.0000 7.1226E-06    960.439
11331.00 0.83070928 1.2842E-26 0.0000E+00 0.0000E+00 7.3045E-08 7.3045E-08 0.0000E+00 0.0000E+00 7.3045E-08 5.08E-06 6.11E-06   0.185 1.0000 6.9746E-06    960.019
11341.00 0.83074695 1.2234E-26 0.0000E+00 0.0000E+00 7.4405E-08 7.4405E-08 0.0000E+00 0.0000E+00 7.4405E-08 5.16E-06 6.21E-06   0.185 1.0000 7.0920E-06    961.762
11351.00 0.83174634 1.1580E-26 0.0000E+00 0.0000E+00 7.0529E-08 7.0529E-08 0.0000E+00 0.0000E+00 7.0529E-08 4.89E-06 5.88E-06   0.184 1.0000 6.7048E-06    959.435
11361.00 0.83170456 1.1032E-26 0.0000E+00 0.0000E+00 7.4694E-08 7.4694E-08 0.0000E+00 0.0000E+00 7.4694E-08 5.17E-06 6.21E-06   0.184 1.0000 7.0885E-06    963.378
11371.00 0.83347720 1.0392E-26 0.0000E+00 0.0000E+00 7.3972E-08 7.3972E-08 0.0000E+00 0.0000E+00 7.3972E-08 5.12E-06 6.14E-06   0.182 1.0000 6.9944E-06    963.525
11381.00 0.83196491 9.9859E-27 0.0000E+00 0.0000E+00 7.5739E-08 7.5739E-08 0.0000E+00 0.0000E+00 7.5739E-08 5.22E-06 6.28E-06   0.184 1.0000 7.1623E-06    965.564
11391.00 0.83282840 9.4620E-27 0.0000E+00 0.0000E+00 7.5287E-08 7.5287E-08 0.0000E+00 0.0000E+00 7.5287E-08 5.19E-06 6.23E-06   0.183 1.0000 7.1013E-06    965.921
11401.00 0.83286977 9.0075E-27 0.0000E+00 0.0000E+00 7.5604E-08 7.5604E-08 0.0000E+00 0.0000E+00 7.5604E-08 5.20E-06 6.24E-06   0.183 1.0000 7.1195E-06    966.859
11411.00 0.83233911 8.6044E-27 0.0000E+00 0.0000E+00 7.5368E-08 7.5368E-08 0.0000E+00 0.0000E+00 7.5368E-08 5.17E-06 6.21E-06   0.184 1.0000 7.0904E-06    967.379
11421.00 0.83270973 8.1762E-27 0.0000E+00 0.0000E+00 7.3262E-08 7.3262E-08 0.0000E+00 0.0000E+00 7.3262E-08 5.02E-06 6.03E-06   0.183 1.0000 6.8786E-06    966.463
11431.00 0.83246732 7.7970E-27 0.0000E+00 0.0000E+00 7.4538E-08 7.4538E-08 0.0000E+00 0.0000E+00 7.4538E-08 5.10E-06 6.13E-06   0.183 1.0000 6.9893E-06    968.142
11441.00 0.83215320 7.4387E-27 0.0000E+00 0.0000E+00 7.5043E-08 7.5043E-08 0.0000E+00 0.0000E+00 7.5043E-08 5.12E-06 6.16E-06   0.184 1.0000 7.0284E-06    969.226
11451.00 0.83227974 7.0785E-27 0.0000E+00 0.0000E+00 7.5786E-08 7.5786E-08 0.0000E+00 0.0000E+00 7.5786E-08 5.17E-06 6.21E-06   0.184 1.0000 7.0859E-06    970.486
11461.00 0.83214968 6.7457E-27 0.0000E+00 0.0000E+00 7.6748E-08 7.6748E-08 0.0000E+00 0.0000E+00 7.6748E-08 5.22E-06 6.28E-06   0.184 1.0000 7.1660E-06    971.906
11471.00 0.83190161 6.4331E-27 0.0000E+00 0.0000E+00 7.5560E-08 7.5560E-08 0.0000E+00 0.0000E+00 7.5560E-08 5.13E-06 6.17E-06   0.184 1.0000 7.0465E-06    971.710
11481.00 0.83145767 6.1422E-27 0.0000E+00 0.0000E+00 7.6085E-08 7.6085E-08 0.0000E+00 0.0000E+00 7.6085E-08 5.16E-06 6.20E-06   0.185 1.0000 7.0883E-06    972.804
11491.00 0.83140057 5.8509E-27 0.0000E+00 0.0000E+00 7.6120E-08 7.6120E-08 0.0000E+00 0.0000E+00 7.6120E-08 5.15E-06 6.20E-06   0.185 1.0000 7.0811E-06    973.528
11501.00 0.83114022 5.5802E-27 0.0000E+00 0.0000E+00 7.4369E-08 7.4369E-08 0.0000E+00 0.0000E+00 7.4369E-08 5.02E-06 6.04E-06   0.185 1.0000 6.9103E-06    972.892
11511.00 0.83089632 5.3214E-27 0.0000E+00 0.0000E+00 7.3998E-08 7.3998E-08 0.0000E+00 0.0000E+00 7.3998E-08 4.99E-06 6.00E-06   0.185 1.0000 6.8667E-06    973.303
11521.00 0.83056247 5.0773E-27 0.0000E+00 0.0000E+00 7.4357E-08 7.4357E-08 0.0000E+00 0.0000E+00 7.4357E-08 5.00E-06 6.02E-06   0.186 1.0000 6.8922E-06    974.277
11531.00 0.83027369 4.8431E-27 0.0000E+00 0.0000E+00 7.1663E-08 7.1663E-08 0.0000E+00 0.0000E+00 7.1663E-08 4.81E-06 5.80E-06   0.186 1.0000 6.6351E-06    972.863
11541.00 0.83004069 4.6182E-27 0.0000E+00 0.0000E+00 5.7067E-08 5.7067E-08 0.0000E+00 0.0000E+00 5.7067E-08 3.83E-06 4.61E-06   0.186 1.0000 5.2774E-06    960.730
11551.00 0.82963324 4.4081E-27 0.0000E+00 0.0000E+00 7.2636E-08 7.2636E-08 0.0000E+00 0.0000E+00 7.2636E-08 4.86E-06 5.86E-06   0.187 1.0000 6.7102E-06    975.025
11561.00 0.82934093 4.2049E-27 0.0000E+00 0.0000E+00 7.6385E-08 7.6385E-08 0.0000E+00 0.0000E+00 7.6385E-08 5.10E-06 6.15E-06   0.187 1.0000 7.0485E-06    978.609
11571.00 0.82917881 4.0078E-27 0.0000E+00 0.0000E+00 7.7883E-08 7.7883E-08 0.0000E+00 0.0000E+00 7.7883E-08 5.19E-06 6.26E-06   0.187 1.0000 7.1778E-06    980.426
11581.00 0.82869124 3.8272E-27 0.0000E+00 0.0000E+00 7.7443E-08 7.7443E-08 0.0000E+00 0.0000E+00 7.7443E-08 5.15E-06 6.22E-06   0.188 1.0000 7.1315E-06    980.796
11591.00 0.82759535 3.6678E-27 0.0000E+00 0.0000E+00 7.7481E-08 7.7481E-08 0.0000E+00 0.0000E+00 7.7481E-08 5.14E-06 6.21E-06   0.189 1.0000 7.1338E-06    981.522
11601.00 0.82803953 3.4838E-27 0.0000E+00 0.0000E+00 7.6366E-08 7.6366E-08 0.0000E+00 0.0000E+00 7.6366E-08 5.06E-06 6.11E-06   0.189 1.0000 7.0173E-06    981.382
11611.00 0.82676744 3.3415E-27 0.0000E+00 0.0000E+00 7.6259E-08 7.6259E-08 0.0000E+00 0.0000E+00 7.6259E-08 5.04E-06 6.10E-06   0.190 1.0000 7.0074E-06    981.998
11621.00 0.82706559 3.1768E-27 0.0000E+00 0.0000E+00 7.7143E-08 7.7143E-08 0.0000E+00 0.0000E+00 7.7143E-08 5.09E-06 6.16E-06   0.190 1.0000 7.0763E-06    983.361
11631.00 0.82572091 3.0478E-27 0.0000E+00 0.0000E+00 7.6584E-08 7.6584E-08 0.0000E+00 0.0000E+00 7.6584E-08 5.04E-06 6.11E-06   0.191 1.0000 7.0263E-06    983.636
11641.00 0.82444644 2.9245E-27 0.0000E+00 0.0000E+00 7.6456E-08 7.6456E-08 0.0000E+00 0.0000E+00 7.6456E-08 5.02E-06 6.09E-06   0.193 1.0000 7.0154E-06    984.236
11651.00 0.82521099 2.7721E-27 0.0000E+00 0.0000E+00 7.6635E-08 7.6635E-08 0.0000E+00 0.0000E+00 7.6635E-08 5.03E-06 6.09E-06   0.192 1.0000 7.0154E-06    985.068
11661.00 0.82033116 2.7129E-27 0.0000E+00 0.0000E+00 7.7672E-08 7.7672E-08 0.0000E+00 0.0000E+00 7.7672E-08 5.07E-06 6.18E-06   0.198 1.0000 7.1406E-06    986.544
11671.00 0.82379037 2.5345E-27 0.0000E+00 0.0000E+00 7.8219E-08 7.8219E-08 0.0000E+00 0.0000E+00 7.8219E-08 5.11E-06 6.20E-06   0.194 1.0000 7.1519E-06    987.648
11681.00 0.82124621 2.4470E-27 0.0000E+00 0.0000E+00 7.6815E-08 7.6815E-08 0.0000E+00 0.0000E+00 7.6815E-08 5.00E-06 6.09E-06   0.197 1.0000 7.0342E-06    987.293
11691.00 0.81973404 2.3510E-27 0.0000E+00 0.0000E+00 7.4396E-08 7.4396E-08 0.0000E+00 0.0000E+00 7.4396E-08 4.83E-06 5.89E-06   0.199 1.0000 6.8153E-06    986.136
11701.00 0.81810337 2.2576E-27 0.0000E+00 0.0000E+00 5.5734E-08 5.5734E-08 0.0000E+00 0.0000E+00 5.5734E-08 3.61E-06 4.41E-06   0.201 1.0000 5.1054E-06    970.403
11711.00 0.81485772 2.1896E-27 0.0000E+00 0.0000E+00 6.6427E-08 6.6427E-08 0.0000E+00 0.0000E+00 6.6427E-08 4.29E-06 5.26E-06   0.205 1.0000 6.0975E-06    981.012
11721.00 0.81943017 2.0329E-27 0.0000E+00 0.0000E+00 7.6064E-08 7.6064E-08 0.0000E+00 0.0000E+00 7.6064E-08 4.92E-06 6.00E-06   0.199 1.0000 6.9393E-06    989.507
11731.00 0.81493092 1.9833E-27 0.0000E+00 0.0000E+00 7.6975E-08 7.6975E-08 0.0000E+00 0.0000E+00 7.6975E-08 4.95E-06 6.07E-06   0.205 1.0000 7.0489E-06    990.894
11741.00 0.80943483 1.9445E-27 0.0000E+00 0.0000E+00 7.4331E-08 7.4331E-08 0.0000E+00 0.0000E+00 7.4331E-08 4.76E-06 5.87E-06   0.211 1.0000 6.8430E-06    989.560
11751.00 0.81368589 1.8119E-27 0.0000E+00 0.0000E+00 7.7455E-08 7.7455E-08 0.0000E+00 0.0000E+00 7.7455E-08 4.97E-06 6.10E-06   0.206 1.0000 7.0799E-06    992.648
11761.00 0.81701171 1.6936E-27 0.0000E+00 0.0000E+00 6.9005E-08 6.9005E-08 0.0000E+00 0.0000E+00 6.9005E-08 4.42E-06 5.41E-06   0.202 1.0000 6.2711E-06    986.654
11771.00 0.81596327 1.6217E-27 0.0000E+00 0.0000E+00 7.4019E-08 7.4019E-08 0.0000E+00 0.0000E+00 7.4019E-08 4.73E-06 5.80E-06   0.203 1.0000 6.7248E-06    991.400
11781.00 0.81526655 1.5502E-27 0.0000E+00 0.0000E+00 7.8655E-08 7.8655E-08 0.0000E+00 0.0000E+00 7.8655E-08 5.02E-06 6.15E-06   0.204 1.0000 7.1404E-06    995.634
11791.00 0.81355786 1.4899E-27 0.0000E+00 0.0000E+00 7.8586E-08 7.8586E-08 0.0000E+00 0.0000E+00 7.8586E-08 5.00E-06 6.15E-06   0.206 1.0000 7.1364E-06    996.279
11801.00 0.81996888 1.3699E-27 0.0000E+00 0.0000E+00 7.7550E-08 7.7550E-08 0.0000E+00 0.0000E+00 7.7550E-08 4.95E-06 6.03E-06   0.198 1.0000 6.9763E-06    996.198
11811.00 0.81667620 1.3273E-27 0.0000E+00 0.0000E+00 7.7632E-08 7.7632E-08 0.0000E+00 0.0000E+00 7.7632E-08 4.94E-06 6.04E-06   0.203 1.0000 7.0000E-06    996.956
11821.00 0.81479949 1.2780E-27 0.0000E+00 0.0000E+00 7.8853E-08 7.8853E-08 0.0000E+00 0.0000E+00 7.8853E-08 5.00E-06 6.13E-06   0.205 1.0000 7.1140E-06    998.565
11831.00 0.81480044 1.2162E-27 0.0000E+00 0.0000E+00 7.8829E-08 7.8829E-08 0.0000E+00 0.0000E+00 7.8829E-08 4.99E-06 6.12E-06   0.205 1.0000 7.1007E-06    999.244
11841.00 0.80801332 1.2001E-27 0.0000E+00 0.0000E+00 7.7464E-08 7.7464E-08 0.0000E+00 0.0000E+00 7.7464E-08 4.88E-06 6.03E-06   0.213 1.0000 7.0230E-06    998.915
11851.00 0.79920530 1.1958E-27 0.0000E+00 0.0000E+00 7.5854E-08 7.5854E-08 0.0000E+00 0.0000E+00 7.5854E-08 4.74E-06 5.92E-06   0.224 1.0000 6.9407E-06    998.381
11861.00 0.80612391 1.0999E-27 0.0000E+00 0.0000E+00 7.8098E-08 7.8098E-08 0.0000E+00 0.0000E+00 7.8098E-08 4.89E-06 6.06E-06   0.216 1.0000 7.0767E-06   1000.784
11871.00 0.80826461 1.0341E-27 0.0000E+00 0.0000E+00 7.7855E-08 7.7855E-08 0.0000E+00 0.0000E+00 7.7855E-08 4.88E-06 6.02E-06   0.213 1.0000 7.0212E-06   1001.296
11881.00 0.79387325 1.0597E-27 0.0000E+00 0.0000E+00 7.7323E-08 7.7323E-08 0.0000E+00 0.0000E+00 7.7323E-08 4.80E-06 6.02E-06   0.231 1.0000 7.0855E-06   1001.589
11891.00 0.78583771 1.0485E-27 0.0000E+00 0.0000E+00 7.7350E-08 7.7350E-08 0.0000E+00 0.0000E+00 7.7350E-08 4.77E-06 6.04E-06   0.241 1.0000 7.1453E-06   1002.304
11901.00 0.79680455 9.4686E-28 0.0000E+00 0.0000E+00 7.7964E-08 7.7964E-08 0.0000E+00 0.0000E+00 7.7964E-08 4.83E-06 6.04E-06   0.227 1.0000 7.0928E-06   1003.463
11911.00 0.79602641 9.0582E-28 0.0000E+00 0.0000E+00 7.7636E-08 7.7636E-08 0.0000E+00 0.0000E+00 7.7636E-08 4.80E-06 6.01E-06   0.228 1.0000 7.0600E-06   1003.910
11921.00 0.78090858 9.2517E-28 0.0000E+00 0.0000E+00 7.4074E-08 7.4074E-08 0.0000E+00 0.0000E+00 7.4074E-08 4.53E-06 5.78E-06   0.247 1.0000 6.8519E-06   1001.849
11931.00 0.78024852 8.8287E-28 0.0000E+00 0.0000E+00 7.6820E-08 7.6820E-08 0.0000E+00 0.0000E+00 7.6820E-08 4.69E-06 5.98E-06   0.248 1.0000 7.0928E-06   1004.677
11941.00 0.76920384 8.8512E-28 0.0000E+00 0.0000E+00 7.6450E-08 7.6450E-08 0.0000E+00 0.0000E+00 7.6450E-08 4.64E-06 5.97E-06   0.262 1.0000 7.1401E-06   1005.088
11951.00 0.77146024 8.3317E-28 0.0000E+00 0.0000E+00 7.5751E-08 7.5751E-08 0.0000E+00 0.0000E+00 7.5751E-08 4.60E-06 5.89E-06   0.259 1.0000 7.0443E-06   1005.242
11961.00 0.75174940 8.6178E-28 0.0000E+00 0.0000E+00 7.4779E-08 7.4779E-08 0.0000E+00 0.0000E+00 7.4779E-08 4.49E-06 5.86E-06   0.285 1.0000 7.1078E-06   1005.177
11971.00 0.75791991 8.0128E-28 0.0000E+00 0.0000E+00 7.5233E-08 7.5233E-08 0.0000E+00 0.0000E+00 7.5233E-08 4.52E-06 5.88E-06   0.277 1.0000 7.0906E-06   1006.225
11981.00 0.76466650 7.3995E-28 0.0000E+00 0.0000E+00 7.4574E-08 7.4574E-08 0.0000E+00 0.0000E+00 7.4574E-08 4.49E-06 5.80E-06   0.268 1.0000 6.9668E-06   1006.401
11991.00 0.72004855 8.3906E-28 0.0000E+00 0.0000E+00 7.0853E-08 7.0853E-08 0.0000E+00 0.0000E+00 7.0853E-08 4.17E-06 5.62E-06   0.328 1.0000 6.9804E-06   1004.095
12001.00 0.71960372 8.0155E-28 0.0000E+00 0.0000E+00 6.9841E-08 6.9841E-08 0.0000E+00 0.0000E+00 6.9841E-08 4.10E-06 5.53E-06   0.329 1.0000 6.8879E-06   1003.945
12011.00 0.71534044 7.7118E-28 0.0000E+00 0.0000E+00 7.0555E-08 7.0555E-08 0.0000E+00 0.0000E+00 7.0555E-08 4.18E-06 5.53E-06   0.335 1.0000 6.9934E-06   1005.230
12021.00 0.68169004 8.2553E-28 0.0000E+00 0.0000E+00 6.8479E-08 6.8479E-08 0.0000E+00 0.0000E+00 6.8479E-08 3.97E-06 5.46E-06   0.383 1.0000 7.0695E-06   1004.177
12031.00 0.73152900 6.6095E-28 0.0000E+00 0.0000E+00 7.1869E-08 7.1869E-08 0.0000E+00 0.0000E+00 7.1869E-08 4.23E-06 5.62E-06   0.313 1.0000 6.9475E-06   1007.692
12041.00 0.69738245 7.1079E-28 0.0000E+00 0.0000E+00 6.9672E-08 6.9672E-08 0.0000E+00 0.0000E+00 6.9672E-08 4.06E-06 5.50E-06   0.360 1.0000 7.0298E-06   1006.565
12051.00 0.69077402 6.9005E-28 0.0000E+00 0.0000E+00 6.9280E-08 6.9280E-08 0.0000E+00 0.0000E+00 6.9280E-08 4.01E-06 5.48E-06   0.370 1.0000 7.0419E-06   1006.926
12061.00 0.66191518 7.1981E-28 0.0000E+00 0.0000E+00 6.7271E-08 6.7271E-08 0.0000E+00 0.0000E+00 6.7271E-08 3.85E-06 5.38E-06   0.413 1.0000 7.1140E-06   1005.897
12071.00 0.67065448 6.6583E-28 0.0000E+00 0.0000E+00 6.8584E-08 6.8584E-08 0.0000E+00 0.0000E+00 6.8584E-08 3.93E-06 5.44E-06   0.400 1.0000 7.1599E-06   1007.714
12081.00 0.62850052 7.1664E-28 0.0000E+00 0.0000E+00 6.4243E-08 6.4243E-08 0.0000E+00 0.0000E+00 6.4243E-08 3.60E-06 5.21E-06   0.464 1.0000 7.1226E-06   1004.593
12091.00 0.74586421 4.6767E-28 0.0000E+00 0.0000E+00 7.5708E-08 7.5708E-08 0.0000E+00 0.0000E+00 7.5708E-08 4.45E-06 5.82E-06   0.293 1.0000 7.1353E-06   1014.911
12101.00 0.70215386 5.1922E-28 0.0000E+00 0.0000E+00 7.1518E-08 7.1518E-08 0.0000E+00 0.0000E+00 7.1518E-08 4.12E-06 5.59E-06   0.354 1.0000 7.1283E-06   1012.242
12111.00 0.69854283 5.0333E-28 0.0000E+00 0.0000E+00 7.0827E-08 7.0827E-08 0.0000E+00 0.0000E+00 7.0827E-08 4.07E-06 5.53E-06   0.359 1.0000 7.0848E-06   1012.361
12121.00 0.75428665 3.8858E-28 0.0000E+00 0.0000E+00 7.5557E-08 7.5557E-08 0.0000E+00 0.0000E+00 7.5557E-08 4.43E-06 5.76E-06   0.282 1.0000 7.0243E-06   1016.870
12131.00 0.70050144 4.5222E-28 0.0000E+00 0.0000E+00 7.1046E-08 7.1046E-08 0.0000E+00 0.0000E+00 7.1046E-08 4.05E-06 5.56E-06   0.356 1.0000 7.0679E-06   1013.923
12141.00 0.59691161 5.7588E-28 0.0000E+00 0.0000E+00 6.0678E-08 6.0678E-08 0.0000E+00 0.0000E+00 6.0678E-08 3.31E-06 4.96E-06   0.516 1.0000 6.9714E-06   1005.401
12151.00 0.44203454 7.6501E-28 0.0000E+00 0.0000E+00 4.6125E-08 4.6125E-08 0.0000E+00 0.0000E+00 4.6125E-08 2.32E-06 4.08E-06   0.816 1.0000 7.0361E-06    990.456
12161.00 0.67755836 4.2112E-28 0.0000E+00 0.0000E+00 6.7429E-08 6.7429E-08 0.0000E+00 0.0000E+00 6.7429E-08 3.81E-06 5.28E-06   0.389 1.0000 6.9045E-06   1012.920
12171.00 0.72370267 3.4259E-28 0.0000E+00 0.0000E+00 7.2174E-08 7.2174E-08 0.0000E+00 0.0000E+00 7.2174E-08 4.14E-06 5.54E-06   0.323 1.0000 6.9343E-06   1017.614
12181.00 0.76185787 2.8182E-28 0.0000E+00 0.0000E+00 7.6250E-08 7.6250E-08 0.0000E+00 0.0000E+00 7.6250E-08 4.44E-06 5.74E-06   0.272 1.0000 6.9604E-06   1021.564
12191.00 0.64622605 3.9627E-28 0.0000E+00 0.0000E+00 6.4720E-08 6.4720E-08 0.0000E+00 0.0000E+00 6.4720E-08 3.59E-06 5.11E-06   0.437 1.0000 6.9001E-06   1012.581
12201.00 0.64303315 3.8205E-28 0.0000E+00 0.0000E+00 6.3663E-08 6.3663E-08 0.0000E+00 0.0000E+00 6.3663E-08 3.52E-06 5.02E-06   0.442 1.0000 6.8274E-06   1012.306
12211.00 0.63866282 3.6855E-28 0.0000E+00 0.0000E+00 6.4661E-08 6.4661E-08 0.0000E+00 0.0000E+00 6.4661E-08 3.56E-06 5.11E-06   0.448 1.0000 6.9594E-06   1013.902
12221.00 0.57559639 4.1045E-28 0.0000E+00 0.0000E+00 5.8540E-08 5.8540E-08 0.0000E+00 0.0000E+00 5.8540E-08 3.12E-06 4.77E-06   0.552 1.0000 6.9415E-06   1008.799
12231.00 0.63100070 3.4158E-28 0.0000E+00 0.0000E+00 6.5779E-08 6.5779E-08 0.0000E+00 0.0000E+00 6.5779E-08 3.61E-06 5.19E-06   0.460 1.0000 7.1216E-06   1016.279
12241.00 0.57767189 3.7060E-28 0.0000E+00 0.0000E+00 6.0448E-08 6.0448E-08 0.0000E+00 0.0000E+00 6.0448E-08 3.23E-06 4.89E-06   0.549 1.0000 7.0928E-06   1012.028
12251.00 0.58717573 3.4700E-28 0.0000E+00 0.0000E+00 6.1462E-08 6.1462E-08 0.0000E+00 0.0000E+00 6.1462E-08 3.30E-06 4.92E-06   0.532 1.0000 7.0794E-06   1013.681
12261.00 0.60396963 3.1535E-28 0.0000E+00 0.0000E+00 6.3313E-08 6.3313E-08 0.0000E+00 0.0000E+00 6.3313E-08 3.39E-06 5.06E-06   0.504 1.0000 7.0894E-06   1016.099
12271.00 0.60359526 3.0121E-28 0.0000E+00 0.0000E+00 6.3522E-08 6.3522E-08 0.0000E+00 0.0000E+00 6.3522E-08 3.38E-06 5.10E-06   0.505 1.0000 7.0956E-06   1016.977
12281.00 0.65251583 2.5133E-28 0.0000E+00 0.0000E+00 6.8719E-08 6.8719E-08 0.0000E+00 0.0000E+00 6.8719E-08 3.74E-06 5.36E-06   0.427 1.0000 7.1191E-06   1022.293
12291.00 0.63352126 2.5219E-28 0.0000E+00 0.0000E+00 6.6970E-08 6.6970E-08 0.0000E+00 0.0000E+00 6.6970E-08 3.60E-06 5.28E-06   0.456 1.0000 7.1358E-06   1021.457
12301.00 0.72144973 1.8263E-28 0.0000E+00 0.0000E+00 7.5363E-08 7.5363E-08 0.0000E+00 0.0000E+00 7.5363E-08 4.21E-06 5.69E-06   0.326 1.0000 7.1019E-06   1029.162
12311.00 0.72893780 1.6936E-28 0.0000E+00 0.0000E+00 7.6105E-08 7.6105E-08 0.0000E+00 0.0000E+00 7.6105E-08 4.24E-06 5.74E-06   0.316 1.0000 7.1036E-06   1030.440
12321.00 0.73764348 1.5572E-28 0.0000E+00 0.0000E+00 7.6880E-08 7.6880E-08 0.0000E+00 0.0000E+00 7.6880E-08 4.30E-06 5.75E-06   0.304 1.0000 7.0841E-06   1031.739
12331.00 0.75726932 1.3738E-28 0.0000E+00 0.0000E+00 7.9152E-08 7.9152E-08 0.0000E+00 0.0000E+00 7.9152E-08 4.46E-06 5.85E-06   0.278 1.0000 7.1024E-06   1034.183
12341.00 0.77255315 1.2239E-28 0.0000E+00 0.0000E+00 7.9695E-08 7.9695E-08 0.0000E+00 0.0000E+00 7.9695E-08 4.52E-06 5.84E-06   0.258 1.0000 7.0116E-06   1035.288
12351.00 0.76902932 1.1847E-28 0.0000E+00 0.0000E+00 7.8397E-08 7.8397E-08 0.0000E+00 0.0000E+00 7.8397E-08 4.44E-06 5.74E-06   0.263 1.0000 6.9247E-06   1034.989
12361.00 0.78099608 1.0683E-28 0.0000E+00 0.0000E+00 8.0365E-08 8.0365E-08 0.0000E+00 0.0000E+00 8.0365E-08 4.57E-06 5.84E-06   0.247 1.0000 6.9793E-06   1037.178
12371.00 0.78347164 1.0067E-28 0.0000E+00 0.0000E+00 8.1251E-08 8.1251E-08 0.0000E+00 0.0000E+00 8.1251E-08 4.62E-06 5.89E-06   0.244 1.0000 7.0253E-06   1038.534
12381.00 0.79088634 9.2490E-29 0.0000E+00 0.0000E+00 8.2251E-08 8.2251E-08 0.0000E+00 0.0000E+00 8.2251E-08 4.69E-06 5.92E-06   0.235 1.0000 7.0369E-06   1039.968
12391.00 0.78882223 8.8940E-29 0.0000E+00 0.0000E+00 8.2727E-08 8.2727E-08 0.0000E+00 0.0000E+00 8.2727E-08 4.70E-06 5.95E-06   0.237 1.0000 7.0840E-06   1041.012
12401.00 0.78828901 8.4909E-29 0.0000E+00 0.0000E+00 8.3553E-08 8.3553E-08 0.0000E+00 0.0000E+00 8.3553E-08 4.74E-06 6.01E-06   0.238 1.0000 7.1455E-06   1042.310
12411.00 0.79151273 7.9582E-29 0.0000E+00 0.0000E+00 8.3372E-08 8.3372E-08 0.0000E+00 0.0000E+00 8.3372E-08 4.73E-06 5.97E-06   0.234 1.0000 7.0929E-06   1042.871
12421.00 0.78666949 7.7450E-29 0.0000E+00 0.0000E+00 8.0543E-08 8.0543E-08 0.0000E+00 0.0000E+00 8.0543E-08 4.55E-06 5.78E-06   0.240 1.0000 6.8849E-06   1041.464
12431.00 0.76591867 8.1049E-29 0.0000E+00 0.0000E+00 8.0468E-08 8.0468E-08 0.0000E+00 0.0000E+00 8.0468E-08 4.49E-06 5.83E-06   0.267 1.0000 7.0471E-06   1042.099
12441.00 0.76791668 7.6442E-29 0.0000E+00 0.0000E+00 8.1164E-08 8.1164E-08 0.0000E+00 0.0000E+00 8.1164E-08 4.53E-06 5.86E-06   0.264 1.0000 7.0810E-06   1043.315
12451.00 0.76528740 7.3573E-29 0.0000E+00 0.0000E+00 8.0052E-08 8.0052E-08 0.0000E+00 0.0000E+00 8.0052E-08 4.45E-06 5.78E-06   0.268 1.0000 6.9937E-06   1043.168
12461.00 0.75853062 7.2153E-29 0.0000E+00 0.0000E+00 8.0324E-08 8.0324E-08 0.0000E+00 0.0000E+00 8.0324E-08 4.43E-06 5.82E-06   0.276 1.0000 7.0759E-06   1044.066
12471.00 0.77011251 6.5290E-29 0.0000E+00 0.0000E+00 8.2091E-08 8.2091E-08 0.0000E+00 0.0000E+00 8.2091E-08 4.56E-06 5.90E-06   0.261 1.0000 7.1120E-06   1046.082
12481.00 0.75871676 6.5313E-29 0.0000E+00 0.0000E+00 8.0933E-08 8.0933E-08 0.0000E+00 0.0000E+00 8.0933E-08 4.47E-06 5.83E-06   0.276 1.0000 7.1032E-06   1045.908
12491.00 0.76456743 6.0671E-29 0.0000E+00 0.0000E+00 8.0973E-08 8.0973E-08 0.0000E+00 0.0000E+00 8.0973E-08 4.48E-06 5.81E-06   0.268 1.0000 7.0410E-06   1046.630
12501.00 0.76731896 5.7159E-29 0.0000E+00 0.0000E+00 8.0419E-08 8.0419E-08 0.0000E+00 0.0000E+00 8.0419E-08 4.44E-06 5.75E-06   0.265 1.0000 6.9583E-06   1046.903
12511.00 0.78381854 5.0491E-29 0.0000E+00 0.0000E+00 8.4021E-08 8.4021E-08 0.0000E+00 0.0000E+00 8.4021E-08 4.67E-06 5.95E-06   0.244 1.0000 7.1163E-06   1050.272
12521.00 0.77345157 5.0380E-29 0.0000E+00 0.0000E+00 8.2995E-08 8.2995E-08 0.0000E+00 0.0000E+00 8.2995E-08 4.58E-06 5.90E-06   0.257 1.0000 7.1113E-06   1050.213
12531.00 0.78622240 4.5261E-29 0.0000E+00 0.0000E+00 8.4318E-08 8.4318E-08 0.0000E+00 0.0000E+00 8.4318E-08 4.68E-06 5.95E-06   0.241 1.0000 7.0974E-06   1051.874
12541.00 0.77399647 4.5538E-29 0.0000E+00 0.0000E+00 8.3028E-08 8.3028E-08 0.0000E+00 0.0000E+00 8.3028E-08 4.57E-06 5.88E-06   0.256 1.0000 7.0882E-06   1051.621
12551.00 0.75437319 4.7041E-29 0.0000E+00 0.0000E+00 8.1279E-08 8.1279E-08 0.0000E+00 0.0000E+00 8.1279E-08 4.43E-06 5.81E-06   0.282 1.0000 7.0994E-06   1051.009
12561.00 0.74437302 4.6801E-29 0.0000E+00 0.0000E+00 7.9634E-08 7.9634E-08 0.0000E+00 0.0000E+00 7.9634E-08 4.31E-06 5.71E-06   0.295 1.0000 7.0428E-06   1050.449
12571.00 0.78403634 3.7567E-29 0.0000E+00 0.0000E+00 8.4053E-08 8.4053E-08 0.0000E+00 0.0000E+00 8.4053E-08 4.63E-06 5.89E-06   0.243 1.0000 7.0580E-06   1054.450
12581.00 0.78957075 3.4860E-29 0.0000E+00 0.0000E+00 8.1759E-08 8.1759E-08 0.0000E+00 0.0000E+00 8.1759E-08 4.51E-06 5.71E-06   0.236 1.0000 6.8119E-06   1053.442
12591.00 0.79563332 3.2226E-29 0.0000E+00 0.0000E+00 8.2789E-08 8.2789E-08 0.0000E+00 0.0000E+00 8.2789E-08 4.58E-06 5.75E-06   0.229 1.0000 6.8345E-06   1054.902
12601.00 0.78846854 3.1700E-29 0.0000E+00 0.0000E+00 8.2139E-08 8.2139E-08 0.0000E+00 0.0000E+00 8.2139E-08 4.52E-06 5.72E-06   0.238 1.0000 6.8321E-06   1055.109
12611.00 0.76529318 3.3557E-29 0.0000E+00 0.0000E+00 8.2002E-08 8.2002E-08 0.0000E+00 0.0000E+00 8.2002E-08 4.45E-06 5.77E-06   0.267 1.0000 7.0130E-06   1055.698
12621.00 0.76516271 3.1932E-29 0.0000E+00 0.0000E+00 8.2097E-08 8.2097E-08 0.0000E+00 0.0000E+00 8.2097E-08 4.45E-06 5.76E-06   0.268 1.0000 7.0117E-06   1056.460
12631.00 0.77243227 2.9486E-29 0.0000E+00 0.0000E+00 8.1733E-08 8.1733E-08 0.0000E+00 0.0000E+00 8.1733E-08 4.44E-06 5.71E-06   0.258 1.0000 6.9099E-06   1056.877
12641.00 0.76100510 2.9482E-29 0.0000E+00 0.0000E+00 8.2259E-08 8.2259E-08 0.0000E+00 0.0000E+00 8.2259E-08 4.43E-06 5.77E-06   0.273 1.0000 7.0438E-06   1057.963
12651.00 0.76175350 2.7954E-29 0.0000E+00 0.0000E+00 8.3104E-08 8.3104E-08 0.0000E+00 0.0000E+00 8.3104E-08 4.48E-06 5.82E-06   0.272 1.0000 7.0958E-06   1059.284
12661.00 0.74788237 2.8145E-29 0.0000E+00 0.0000E+00 8.1621E-08 8.1621E-08 0.0000E+00 0.0000E+00 8.1621E-08 4.36E-06 5.75E-06   0.291 1.0000 7.0839E-06   1058.865
12671.00 0.76017940 2.5537E-29 0.0000E+00 0.0000E+00 8.3462E-08 8.3462E-08 0.0000E+00 0.0000E+00 8.3462E-08 4.47E-06 5.84E-06   0.274 1.0000 7.1204E-06   1060.931
12681.00 0.77942103 2.2351E-29 0.0000E+00 0.0000E+00 8.5157E-08 8.5157E-08 0.0000E+00 0.0000E+00 8.5157E-08 4.60E-06 5.89E-06   0.249 1.0000 7.0842E-06   1062.866
12691.00 0.77577221 2.1622E-29 0.0000E+00 0.0000E+00 8.4507E-08 8.4507E-08 0.0000E+00 0.0000E+00 8.4507E-08 4.55E-06 5.84E-06   0.254 1.0000 7.0488E-06   1063.083
12701.00 0.78272963 1.9947E-29 0.0000E+00 0.0000E+00 8.5911E-08 8.5911E-08 0.0000E+00 0.0000E+00 8.5911E-08 4.64E-06 5.91E-06   0.245 1.0000 7.0968E-06   1064.795
12711.00 0.78170609 1.9086E-29 0.0000E+00 0.0000E+00 8.6428E-08 8.6428E-08 0.0000E+00 0.0000E+00 8.6428E-08 4.65E-06 5.94E-06   0.246 1.0000 7.1406E-06   1065.860
12721.00 0.79454386 1.7097E-29 0.0000E+00 0.0000E+00 8.6146E-08 8.6146E-08 0.0000E+00 0.0000E+00 8.6146E-08 4.66E-06 5.87E-06   0.230 1.0000 6.9992E-06   1066.348
12731.00 0.79495627 1.6244E-29 0.0000E+00 0.0000E+00 8.6136E-08 8.6136E-08 0.0000E+00 0.0000E+00 8.6136E-08 4.66E-06 5.86E-06   0.229 1.0000 6.9861E-06   1067.033
12741.00 0.79494572 1.5464E-29 0.0000E+00 0.0000E+00 8.7678E-08 8.7678E-08 0.0000E+00 0.0000E+00 8.7678E-08 4.73E-06 5.95E-06   0.229 1.0000 7.1028E-06   1068.829
12751.00 0.79604548 1.4641E-29 0.0000E+00 0.0000E+00 8.7689E-08 8.7689E-08 0.0000E+00 0.0000E+00 8.7689E-08 4.73E-06 5.94E-06   0.228 1.0000 7.0859E-06   1069.529
12761.00 0.79748529 1.3842E-29 0.0000E+00 0.0000E+00 8.5702E-08 8.5702E-08 0.0000E+00 0.0000E+00 8.5702E-08 4.62E-06 5.79E-06   0.226 1.0000 6.9058E-06   1068.794
12771.00 0.79762119 1.3168E-29 0.0000E+00 0.0000E+00 8.7441E-08 8.7441E-08 0.0000E+00 0.0000E+00 8.7441E-08 4.71E-06 5.90E-06   0.226 1.0000 7.0362E-06   1070.736
12781.00 0.79753226 1.2541E-29 0.0000E+00 0.0000E+00 8.8517E-08 8.8517E-08 0.0000E+00 0.0000E+00 8.8517E-08 4.76E-06 5.96E-06   0.226 1.0000 7.1156E-06   1072.192
12791.00 0.79736727 1.1950E-29 0.0000E+00 0.0000E+00 8.8655E-08 8.8655E-08 0.0000E+00 0.0000E+00 8.8655E-08 4.76E-06 5.96E-06   0.226 1.0000 7.1190E-06   1072.982
12801.00 0.79742324 1.1373E-29 0.0000E+00 0.0000E+00 8.7306E-08 8.7306E-08 0.0000E+00 0.0000E+00 8.7306E-08 4.68E-06 5.86E-06   0.226 1.0000 7.0016E-06   1072.715
12811.00 0.79691434 1.0854E-29 0.0000E+00 0.0000E+00 8.8404E-08 8.8404E-08 0.0000E+00 0.0000E+00 8.8404E-08 4.73E-06 5.93E-06   0.227 1.0000 7.0852E-06   1074.188
12821.00 0.79698813 1.0329E-29 0.0000E+00 0.0000E+00 8.7470E-08 8.7470E-08 0.0000E+00 0.0000E+00 8.7470E-08 4.67E-06 5.86E-06   0.227 1.0000 7.0007E-06   1074.215
12831.00 0.79640549 9.8616E-30 0.0000E+00 0.0000E+00 8.8596E-08 8.8596E-08 0.0000E+00 0.0000E+00 8.8596E-08 4.72E-06 5.93E-06   0.228 1.0000 7.0866E-06   1075.708
12841.00 0.79646832 9.3852E-30 0.0000E+00 0.0000E+00 8.8998E-08 8.8998E-08 0.0000E+00 0.0000E+00 8.8998E-08 4.73E-06 5.94E-06   0.228 1.0000 7.1081E-06   1076.684
12851.00 0.79612273 8.9498E-30 0.0000E+00 0.0000E+00 8.9002E-08 8.9002E-08 0.0000E+00 0.0000E+00 8.9002E-08 4.73E-06 5.94E-06   0.228 1.0000 7.1013E-06   1077.379
12861.00 0.79591161 8.5291E-30 0.0000E+00 0.0000E+00 8.7307E-08 8.7307E-08 0.0000E+00 0.0000E+00 8.7307E-08 4.63E-06 5.81E-06   0.228 1.0000 6.9577E-06   1076.864
12871.00 0.79575312 8.1259E-30 0.0000E+00 0.0000E+00 8.9382E-08 8.9382E-08 0.0000E+00 0.0000E+00 8.9382E-08 4.73E-06 5.94E-06   0.228 1.0000 7.1139E-06   1079.030
12881.00 0.79541242 7.7486E-30 0.0000E+00 0.0000E+00 8.9294E-08 8.9294E-08 0.0000E+00 0.0000E+00 8.9294E-08 4.72E-06 5.93E-06   0.229 1.0000 7.0994E-06   1079.659
12891.00 0.79487741 7.3959E-30 0.0000E+00 0.0000E+00 8.9305E-08 8.9305E-08 0.0000E+00 0.0000E+00 8.9305E-08 4.71E-06 5.92E-06   0.230 1.0000 7.0944E-06   1080.359
12901.00 0.79460102 7.0502E-30 0.0000E+00 0.0000E+00 8.5111E-08 8.5111E-08 0.0000E+00 0.0000E+00 8.5111E-08 4.48E-06 5.64E-06   0.230 1.0000 6.7536E-06   1078.031
12911.00 0.79391801 6.7339E-30 0.0000E+00 0.0000E+00 8.7123E-08 8.7123E-08 0.0000E+00 0.0000E+00 8.7123E-08 4.58E-06 5.76E-06   0.231 1.0000 6.9089E-06   1080.186
12921.00 0.79350269 6.4235E-30 0.0000E+00 0.0000E+00 8.9679E-08 8.9679E-08 0.0000E+00 0.0000E+00 8.9679E-08 4.70E-06 5.93E-06   0.231 1.0000 7.1049E-06   1082.697
12931.00 0.79271084 6.1385E-30 0.0000E+00 0.0000E+00 8.9202E-08 8.9202E-08 0.0000E+00 0.0000E+00 8.9202E-08 4.67E-06 5.89E-06   0.232 1.0000 7.0646E-06   1083.052
12941.00 0.79162532 5.8744E-30 0.0000E+00 0.0000E+00 8.7040E-08 8.7040E-08 0.0000E+00 0.0000E+00 8.7040E-08 4.54E-06 5.74E-06   0.234 1.0000 6.8949E-06   1082.198
12951.00 0.79104745 5.6076E-30 0.0000E+00 0.0000E+00 8.8266E-08 8.8266E-08 0.0000E+00 0.0000E+00 8.8266E-08 4.60E-06 5.81E-06   0.234 1.0000 6.9877E-06   1083.769
12961.00 0.79025126 5.3584E-30 0.0000E+00 0.0000E+00 8.7121E-08 8.7121E-08 0.0000E+00 0.0000E+00 8.7121E-08 4.53E-06 5.73E-06   0.235 1.0000 6.8945E-06   1083.637
12971.00 0.78883028 5.1352E-30 0.0000E+00 0.0000E+00 8.8749E-08 8.8749E-08 0.0000E+00 0.0000E+00 8.8749E-08 4.61E-06 5.83E-06   0.237 1.0000 7.0270E-06   1085.495
12981.00 0.78347456 5.0128E-30 0.0000E+00 0.0000E+00 8.7729E-08 8.7729E-08 0.0000E+00 0.0000E+00 8.7729E-08 4.53E-06 5.77E-06   0.244 1.0000 6.9958E-06   1085.456
12991.00 0.77629900 4.9311E-30 0.0000E+00 0.0000E+00 8.6661E-08 8.6661E-08 0.0000E+00 0.0000E+00 8.6661E-08 4.46E-06 5.71E-06   0.253 1.0000 6.9674E-06   1085.374
13001.00 0.76453656 4.9406E-30 0.0000E+00 0.0000E+00 8.5772E-08 8.5772E-08 0.0000E+00 0.0000E+00 8.5772E-08 4.40E-06 5.66E-06   0.268 1.0000 6.9977E-06   1085.414
13011.00 0.75496268 4.8931E-30 0.0000E+00 0.0000E+00 8.5531E-08 8.5531E-08 0.0000E+00 0.0000E+00 8.5531E-08 4.37E-06 5.65E-06   0.281 1.0000 7.0635E-06   1085.927
13021.00 0.73191369 5.0946E-30 0.0000E+00 0.0000E+00 8.2422E-08 8.2422E-08 0.0000E+00 0.0000E+00 8.2422E-08 4.17E-06 5.47E-06   0.312 1.0000 7.0503E-06   1084.287
13031.00 0.70847732 5.2738E-30 0.0000E+00 0.0000E+00 7.9576E-08 7.9576E-08 0.0000E+00 0.0000E+00 7.9576E-08 3.99E-06 5.32E-06   0.345 1.0000 7.0771E-06   1082.773
13041.00 0.67093289 5.6654E-30 0.0000E+00 0.0000E+00 7.0851E-08 7.0851E-08 0.0000E+00 0.0000E+00 7.0851E-08 3.51E-06 4.77E-06   0.399 1.0000 6.7057E-06   1076.244
13051.00 0.63129318 6.0423E-30 0.0000E+00 0.0000E+00 6.3843E-08 6.3843E-08 0.0000E+00 0.0000E+00 6.3843E-08 3.10E-06 4.37E-06   0.460 1.0000 6.6213E-06   1070.531
13061.00 0.57059622 6.6941E-30 0.0000E+00 0.0000E+00 5.7637E-08 5.7637E-08 0.0000E+00 0.0000E+00 5.7637E-08 2.73E-06 4.03E-06   0.561 1.0000 6.8845E-06   1065.004
13071.00 0.50526959 7.3406E-30 0.0000E+00 0.0000E+00 4.9931E-08 4.9931E-08 0.0000E+00 0.0000E+00 4.9931E-08 2.31E-06 3.57E-06   0.683 1.0000 7.1115E-06   1057.083
13081.00 0.44959286 7.7818E-30 0.0000E+00 0.0000E+00 4.1764E-08 4.1764E-08 0.0000E+00 0.0000E+00 4.1764E-08 1.88E-06 3.04E-06   0.799 1.0000 7.1104E-06   1047.242
13091.00 0.38186881 8.3243E-30 0.0000E+00 0.0000E+00 3.2334E-08 3.2334E-08 0.0000E+00 0.0000E+00 3.2334E-08 1.40E-06 2.44E-06   0.963 1.0000 7.1062E-06   1033.200
13101.00 0.35033882 8.3301E-30 0.0000E+00 0.0000E+00 2.7473E-08 2.7473E-08 0.0000E+00 0.0000E+00 2.7473E-08 1.16E-06 2.11E-06   1.049 1.0000 7.1028E-06   1024.703
13111.00 0.37936971 7.5821E-30 0.0000E+00 0.0000E+00 2.9653E-08 2.9653E-08 0.0000E+00 0.0000E+00 2.9653E-08 1.26E-06 2.26E-06   0.969 1.0000 7.0290E-06   1029.630
13121.00 0.56887323 5.0202E-30 0.0000E+00 0.0000E+00 5.2836E-08 5.2836E-08 0.0000E+00 0.0000E+00 5.2836E-08 2.49E-06 3.65E-06   0.564 1.0000 6.7816E-06   1063.823
13131.00 0.34825954 7.1824E-30 0.0000E+00 0.0000E+00 2.5855E-08 2.5855E-08 0.0000E+00 0.0000E+00 2.5855E-08 1.08E-06 1.99E-06   1.055 1.0000 6.9749E-06   1023.291
13141.00 0.17432359 8.6871E-30 0.0000E+00 0.0000E+00 8.2199E-09 8.2199E-09 0.0000E+00 0.0000E+00 8.2199E-09 2.53E-07 7.93E-07   1.747 1.0000 7.0062E-06    964.110
13151.00 0.15422943 8.4835E-30 0.0000E+00 0.0000E+00 8.7026E-09 8.7026E-09 0.0000E+00 0.0000E+00 8.7026E-09 2.67E-07 8.42E-07   1.869 1.0000 6.9759E-06    967.546
13161.00 0.31356156 6.5783E-30 0.0000E+00 0.0000E+00 2.9578E-08 2.9578E-08 0.0000E+00 0.0000E+00 2.9578E-08 1.23E-06 2.29E-06   1.160 1.0000 7.0394E-06   1032.771
13171.00 0.72759569 2.4919E-30 0.0000E+00 0.0000E+00 8.3207E-08 8.3207E-08 0.0000E+00 0.0000E+00 8.3207E-08 4.12E-06 5.40E-06   0.318 1.0000 7.0248E-06   1095.201
13181.00 0.78577584 1.8529E-30 0.0000E+00 0.0000E+00 8.8790E-08 8.8790E-08 0.0000E+00 0.0000E+00 8.8790E-08 4.45E-06 5.66E-06   0.241 1.0000 6.8540E-06   1100.016
13191.00 0.78686976 1.7547E-30 0.0000E+00 0.0000E+00 9.1231E-08 9.1231E-08 0.0000E+00 0.0000E+00 9.1231E-08 4.57E-06 5.81E-06   0.240 1.0000 7.0170E-06   1102.439
13201.00 0.78674078 1.6714E-30 0.0000E+00 0.0000E+00 9.0834E-08 9.0834E-08 0.0000E+00 0.0000E+00 9.0834E-08 4.54E-06 5.77E-06   0.240 1.0000 6.9786E-06   1102.850
13211.00 0.78661698 1.5920E-30 0.0000E+00 0.0000E+00 9.0917E-08 9.0917E-08 0.0000E+00 0.0000E+00 9.0917E-08 4.54E-06 5.77E-06   0.240 1.0000 6.9776E-06   1103.599
13221.00 0.78629845 1.5177E-30 0.0000E+00 0.0000E+00 9.0704E-08 9.0704E-08 0.0000E+00 0.0000E+00 9.0704E-08 4.52E-06 5.75E-06   0.240 1.0000 6.9558E-06   1104.138
13231.00 0.78595132 1.4471E-30 0.0000E+00 0.0000E+00 9.0283E-08 9.0283E-08 0.0000E+00 0.0000E+00 9.0283E-08 4.49E-06 5.72E-06   0.241 1.0000 6.9184E-06   1104.529
13241.00 0.78566241 1.3794E-30 0.0000E+00 0.0000E+00 9.1862E-08 9.1862E-08 0.0000E+00 0.0000E+00 9.1862E-08 4.56E-06 5.81E-06   0.241 1.0000 7.0339E-06   1106.332
13251.00 0.78544927 1.3144E-30 0.0000E+00 0.0000E+00 9.2206E-08 9.2206E-08 0.0000E+00 0.0000E+00 9.2206E-08 4.57E-06 5.82E-06   0.241 1.0000 7.0541E-06   1107.262
13261.00 0.78497553 1.2539E-30 0.0000E+00 0.0000E+00 9.2537E-08 9.2537E-08 0.0000E+00 0.0000E+00 9.2537E-08 4.58E-06 5.84E-06   0.242 1.0000 7.0756E-06   1108.183
13271.00 0.78483433 1.1945E-30 0.0000E+00 0.0000E+00 9.1666E-08 9.1666E-08 0.0000E+00 0.0000E+00 9.1666E-08 4.53E-06 5.77E-06   0.242 1.0000 7.0026E-06   1108.264
13281.00 0.78452975 1.1386E-30 0.0000E+00 0.0000E+00 9.0925E-08 9.0925E-08 0.0000E+00 0.0000E+00 9.0925E-08 4.49E-06 5.72E-06   0.243 1.0000 6.9412E-06   1108.431
13291.00 0.78419721 1.0856E-30 0.0000E+00 0.0000E+00 9.0662E-08 9.0662E-08 0.0000E+00 0.0000E+00 9.0662E-08 4.47E-06 5.69E-06   0.243 1.0000 6.9165E-06   1108.934
13301.00 0.78372604 1.0356E-30 0.0000E+00 0.0000E+00 9.1924E-08 9.1924E-08 0.0000E+00 0.0000E+00 9.1924E-08 4.52E-06 5.77E-06   0.244 1.0000 7.0096E-06   1110.513
13311.00 0.78356236 9.8656E-31 0.0000E+00 0.0000E+00 8.9200E-08 8.9200E-08 0.0000E+00 0.0000E+00 8.9200E-08 4.38E-06 5.59E-06   0.244 1.0000 6.7959E-06   1109.267
13321.00 0.78283042 9.4230E-31 0.0000E+00 0.0000E+00 9.1958E-08 9.1958E-08 0.0000E+00 0.0000E+00 9.1958E-08 4.50E-06 5.75E-06   0.245 1.0000 7.0050E-06   1111.917
13331.00 0.78268176 8.9763E-31 0.0000E+00 0.0000E+00 9.1194E-08 9.1194E-08 0.0000E+00 0.0000E+00 9.1194E-08 4.46E-06 5.70E-06   0.245 1.0000 6.9407E-06   1112.068
13341.00 0.78243464 8.5542E-31 0.0000E+00 0.0000E+00 8.9187E-08 8.9187E-08 0.0000E+00 0.0000E+00 8.9187E-08 4.35E-06 5.57E-06   0.245 1.0000 6.7825E-06   1111.324
13351.00 0.78232360 8.1470E-31 0.0000E+00 0.0000E+00 9.2010E-08 9.2010E-08 0.0000E+00 0.0000E+00 9.2010E-08 4.49E-06 5.73E-06   0.245 1.0000 6.9903E-06   1114.021
13361.00 0.78200316 7.7665E-31 0.0000E+00 0.0000E+00 9.1540E-08 9.1540E-08 0.0000E+00 0.0000E+00 9.1540E-08 4.46E-06 5.70E-06   0.246 1.0000 6.9490E-06   1114.380
13371.00 0.78128725 7.4175E-31 0.0000E+00 0.0000E+00 9.1491E-08 9.1491E-08 0.0000E+00 0.0000E+00 9.1491E-08 4.44E-06 5.69E-06   0.247 1.0000 6.9428E-06   1115.034
13381.00 0.78084171 7.0747E-31 0.0000E+00 0.0000E+00 9.2084E-08 9.2084E-08 0.0000E+00 0.0000E+00 9.2084E-08 4.46E-06 5.72E-06   0.247 1.0000 6.9829E-06   1116.141
13391.00 0.78050905 6.7454E-31 0.0000E+00 0.0000E+00 9.2200E-08 9.2200E-08 0.0000E+00 0.0000E+00 9.2200E-08 4.46E-06 5.72E-06   0.248 1.0000 6.9856E-06   1116.911
13401.00 0.77996999 6.4359E-31 0.0000E+00 0.0000E+00 9.1546E-08 9.1546E-08 0.0000E+00 0.0000E+00 9.1546E-08 4.42E-06 5.67E-06   0.248 1.0000 6.9311E-06   1117.139
13411.00 0.77870178 6.1620E-31 0.0000E+00 0.0000E+00 9.2404E-08 9.2404E-08 0.0000E+00 0.0000E+00 9.2404E-08 4.45E-06 5.72E-06   0.250 1.0000 6.9973E-06   1118.432
13421.00 0.77921289 5.8525E-31 0.0000E+00 0.0000E+00 9.0587E-08 9.0587E-08 0.0000E+00 0.0000E+00 9.0587E-08 4.36E-06 5.60E-06   0.249 1.0000 6.8463E-06   1117.834
13431.00 0.77739048 5.6157E-31 0.0000E+00 0.0000E+00 8.9359E-08 8.9359E-08 0.0000E+00 0.0000E+00 8.9359E-08 4.29E-06 5.52E-06   0.252 1.0000 6.7587E-06   1117.640
13441.00 0.77661955 5.3656E-31 0.0000E+00 0.0000E+00 9.2309E-08 9.2309E-08 0.0000E+00 0.0000E+00 9.2309E-08 4.42E-06 5.69E-06   0.253 1.0000 6.9782E-06   1120.432
13451.00 0.77778393 5.0803E-31 0.0000E+00 0.0000E+00 9.2592E-08 9.2592E-08 0.0000E+00 0.0000E+00 9.2592E-08 4.43E-06 5.70E-06   0.251 1.0000 6.9805E-06   1121.320
13461.00 0.77163249 4.9678E-31 0.0000E+00 0.0000E+00 9.1173E-08 9.1173E-08 0.0000E+00 0.0000E+00 9.1173E-08 4.34E-06 5.62E-06   0.259 1.0000 6.9145E-06   1121.005
13471.00 0.77045166 4.7565E-31 0.0000E+00 0.0000E+00 8.7943E-08 8.7943E-08 0.0000E+00 0.0000E+00 8.7943E-08 4.18E-06 5.42E-06   0.261 1.0000 6.6706E-06   1119.357
13481.00 0.76982969 4.5375E-31 0.0000E+00 0.0000E+00 8.8079E-08 8.8079E-08 0.0000E+00 0.0000E+00 8.8079E-08 4.18E-06 5.42E-06   0.262 1.0000 6.6756E-06   1120.143
13491.00 0.76295322 4.4491E-31 0.0000E+00 0.0000E+00 8.7237E-08 8.7237E-08 0.0000E+00 0.0000E+00 8.7237E-08 4.11E-06 5.38E-06   0.271 1.0000 6.6588E-06   1120.209
13501.00 0.76864159 4.1341E-31 0.0000E+00 0.0000E+00 9.0499E-08 9.0499E-08 0.0000E+00 0.0000E+00 9.0499E-08 4.28E-06 5.56E-06   0.263 1.0000 6.8511E-06   1123.275
13511.00 0.75907016 4.0935E-31 0.0000E+00 0.0000E+00 8.9485E-08 8.9485E-08 0.0000E+00 0.0000E+00 8.9485E-08 4.20E-06 5.52E-06   0.276 1.0000 6.8479E-06   1123.231
13521.00 0.74771756 4.0832E-31 0.0000E+00 0.0000E+00 8.8407E-08 8.8407E-08 0.0000E+00 0.0000E+00 8.8407E-08 4.11E-06 5.48E-06   0.291 1.0000 6.8549E-06   1123.132
13531.00 0.75160229 3.8314E-31 0.0000E+00 0.0000E+00 8.6110E-08 8.6110E-08 0.0000E+00 0.0000E+00 8.6110E-08 4.01E-06 5.32E-06   0.286 1.0000 6.6352E-06   1122.113
13541.00 0.73772353 3.8454E-31 0.0000E+00 0.0000E+00 8.7205E-08 8.7205E-08 0.0000E+00 0.0000E+00 8.7205E-08 4.02E-06 5.42E-06   0.304 1.0000 6.8288E-06   1123.617
13551.00 0.75102019 3.4778E-31 0.0000E+00 0.0000E+00 9.0619E-08 9.0619E-08 0.0000E+00 0.0000E+00 9.0619E-08 4.20E-06 5.58E-06   0.286 1.0000 6.9678E-06   1126.799
13561.00 0.73723203 3.4871E-31 0.0000E+00 0.0000E+00 8.9306E-08 8.9306E-08 0.0000E+00 0.0000E+00 8.9306E-08 4.11E-06 5.53E-06   0.305 1.0000 6.9805E-06   1126.536
13571.00 0.72146100 3.5245E-31 0.0000E+00 0.0000E+00 8.7028E-08 8.7028E-08 0.0000E+00 0.0000E+00 8.7028E-08 3.96E-06 5.43E-06   0.326 1.0000 6.9293E-06   1125.544
13581.00 0.71668828 3.4127E-31 0.0000E+00 0.0000E+00 8.5742E-08 8.5742E-08 0.0000E+00 0.0000E+00 8.5742E-08 3.89E-06 5.36E-06   0.333 1.0000 6.8674E-06   1125.265
13591.00 0.73307168 3.0614E-31 0.0000E+00 0.0000E+00 8.7193E-08 8.7193E-08 0.0000E+00 0.0000E+00 8.7193E-08 3.98E-06 5.39E-06   0.311 1.0000 6.8280E-06   1127.039
13601.00 0.72150612 3.0360E-31 0.0000E+00 0.0000E+00 8.7243E-08 8.7243E-08 0.0000E+00 0.0000E+00 8.7243E-08 3.95E-06 5.42E-06   0.326 1.0000 6.9178E-06   1127.762
13611.00 0.72170514 2.8921E-31 0.0000E+00 0.0000E+00 8.8189E-08 8.8189E-08 0.0000E+00 0.0000E+00 8.8189E-08 3.99E-06 5.47E-06   0.326 1.0000 6.9838E-06   1129.149
13621.00 0.74744946 2.4971E-31 0.0000E+00 0.0000E+00 9.1481E-08 9.1481E-08 0.0000E+00 0.0000E+00 9.1481E-08 4.19E-06 5.59E-06   0.291 1.0000 7.0039E-06   1132.228
13631.00 0.69888705 2.8301E-31 0.0000E+00 0.0000E+00 8.5234E-08 8.5234E-08 0.0000E+00 0.0000E+00 8.5234E-08 3.81E-06 5.32E-06   0.358 1.0000 6.9291E-06   1128.305
13641.00 0.70924044 2.6046E-31 0.0000E+00 0.0000E+00 8.5065E-08 8.5065E-08 0.0000E+00 0.0000E+00 8.5065E-08 3.81E-06 5.29E-06   0.344 1.0000 6.8141E-06   1128.861
13651.00 0.71590489 2.4229E-31 0.0000E+00 0.0000E+00 8.5910E-08 8.5910E-08 0.0000E+00 0.0000E+00 8.5910E-08 3.86E-06 5.31E-06   0.334 1.0000 6.8293E-06   1130.188
13661.00 0.63847953 2.9301E-31 0.0000E+00 0.0000E+00 7.8257E-08 7.8257E-08 0.0000E+00 0.0000E+00 7.8257E-08 3.38E-06 5.03E-06   0.449 1.0000 6.9146E-06   1124.835
13671.00 0.62997508 2.8546E-31 0.0000E+00 0.0000E+00 7.6749E-08 7.6749E-08 0.0000E+00 0.0000E+00 7.6749E-08 3.27E-06 4.97E-06   0.462 1.0000 6.8594E-06   1124.265
13681.00 0.64432168 2.6152E-31 0.0000E+00 0.0000E+00 7.7131E-08 7.7131E-08 0.0000E+00 0.0000E+00 7.7131E-08 3.33E-06 4.92E-06   0.440 1.0000 6.7477E-06   1125.265
13691.00 0.60343379 2.7796E-31 0.0000E+00 0.0000E+00 7.4715E-08 7.4715E-08 0.0000E+00 0.0000E+00 7.4715E-08 3.14E-06 4.87E-06   0.505 1.0000 6.9298E-06   1123.903
13701.00 0.65927196 2.2668E-31 0.0000E+00 0.0000E+00 8.0810E-08 8.0810E-08 0.0000E+00 0.0000E+00 8.0810E-08 3.49E-06 5.12E-06   0.417 1.0000 6.8895E-06   1129.636
13711.00 0.57165307 2.7147E-31 0.0000E+00 0.0000E+00 6.7662E-08 6.7662E-08 0.0000E+00 0.0000E+00 6.7662E-08 2.78E-06 4.48E-06   0.559 1.0000 6.5819E-06   1118.935
13721.00 0.66805935 2.0099E-31 0.0000E+00 0.0000E+00 7.9180E-08 7.9180E-08 0.0000E+00 0.0000E+00 7.9180E-08 3.45E-06 4.94E-06   0.403 1.0000 6.6556E-06   1129.683
13731.00 0.63458228 2.0905E-31 0.0000E+00 0.0000E+00 7.7443E-08 7.7443E-08 0.0000E+00 0.0000E+00 7.7443E-08 3.28E-06 4.95E-06   0.455 1.0000 6.8519E-06   1128.932
13741.00 0.54015499 2.5196E-31 0.0000E+00 0.0000E+00 6.7165E-08 6.7165E-08 0.0000E+00 0.0000E+00 6.7165E-08 2.70E-06 4.51E-06   0.616 1.0000 6.8890E-06   1120.498
13751.00 0.65027452 1.8225E-31 0.0000E+00 0.0000E+00 8.1048E-08 8.1048E-08 0.0000E+00 0.0000E+00 8.1048E-08 3.47E-06 5.10E-06   0.430 1.0000 6.9714E-06   1133.240
13761.00 0.58709377 2.0428E-31 0.0000E+00 0.0000E+00 7.2987E-08 7.2987E-08 0.0000E+00 0.0000E+00 7.2987E-08 3.03E-06 4.73E-06   0.533 1.0000 6.9003E-06   1127.160
13771.00 0.62198430 1.7840E-31 0.0000E+00 0.0000E+00 7.6470E-08 7.6470E-08 0.0000E+00 0.0000E+00 7.6470E-08 3.19E-06 4.90E-06   0.475 1.0000 6.8340E-06   1130.840
13781.00 0.57998186 1.8813E-31 0.0000E+00 0.0000E+00 7.2534E-08 7.2534E-08 0.0000E+00 0.0000E+00 7.2534E-08 3.01E-06 4.69E-06   0.545 1.0000 6.9166E-06   1128.118
13791.00 0.61088091 1.6663E-31 0.0000E+00 0.0000E+00 7.5809E-08 7.5809E-08 0.0000E+00 0.0000E+00 7.5809E-08 3.16E-06 4.84E-06   0.493 1.0000 6.8767E-06   1131.641
13801.00 0.57931620 1.7087E-31 0.0000E+00 0.0000E+00 7.2411E-08 7.2411E-08 0.0000E+00 0.0000E+00 7.2411E-08 3.00E-06 4.65E-06   0.546 1.0000 6.8804E-06   1129.367
13811.00 0.60162574 1.5420E-31 0.0000E+00 0.0000E+00 7.5070E-08 7.5070E-08 0.0000E+00 0.0000E+00 7.5070E-08 3.13E-06 4.77E-06   0.508 1.0000 6.8949E-06   1132.368
13821.00 0.55478996 1.6436E-31 0.0000E+00 0.0000E+00 7.0129E-08 7.0129E-08 0.0000E+00 0.0000E+00 7.0129E-08 2.84E-06 4.57E-06   0.589 1.0000 6.9471E-06   1128.669
13831.00 0.67544299 1.1391E-31 0.0000E+00 0.0000E+00 8.3634E-08 8.3634E-08 0.0000E+00 0.0000E+00 8.3634E-08 3.59E-06 5.13E-06   0.392 1.0000 6.8800E-06   1140.748
13841.00 0.69517088 1.0188E-31 0.0000E+00 0.0000E+00 8.3428E-08 8.3428E-08 0.0000E+00 0.0000E+00 8.3428E-08 3.62E-06 5.05E-06   0.364 1.0000 6.6572E-06   1141.270
13851.00 0.69558245 9.6644E-32 0.0000E+00 0.0000E+00 8.5937E-08 8.5937E-08 0.0000E+00 0.0000E+00 8.5937E-08 3.70E-06 5.22E-06   0.363 1.0000 6.8689E-06   1143.895
13861.00 0.69919890 9.0881E-32 0.0000E+00 0.0000E+00 8.6239E-08 8.6239E-08 0.0000E+00 0.0000E+00 8.6239E-08 3.72E-06 5.22E-06   0.358 1.0000 6.8448E-06   1144.809
13871.00 0.60637939 1.1302E-31 0.0000E+00 0.0000E+00 7.2766E-08 7.2766E-08 0.0000E+00 0.0000E+00 7.2766E-08 3.01E-06 4.58E-06   0.500 1.0000 6.6067E-06   1134.432
13881.00 0.52547336 1.2992E-31 0.0000E+00 0.0000E+00 6.5958E-08 6.5958E-08 0.0000E+00 0.0000E+00 6.5958E-08 2.61E-06 4.33E-06   0.643 1.0000 6.8443E-06   1128.807
13891.00 0.55015475 1.1743E-31 0.0000E+00 0.0000E+00 6.8340E-08 6.8340E-08 0.0000E+00 0.0000E+00 6.8340E-08 2.71E-06 4.45E-06   0.598 1.0000 6.7708E-06   1131.752
13901.00 0.53774327 1.1491E-31 0.0000E+00 0.0000E+00 6.5394E-08 6.5394E-08 0.0000E+00 0.0000E+00 6.5394E-08 2.59E-06 4.27E-06   0.620 1.0000 6.6271E-06   1129.610
13911.00 0.50227183 1.1745E-31 0.0000E+00 0.0000E+00 6.1434E-08 6.1434E-08 0.0000E+00 0.0000E+00 6.1434E-08 2.40E-06 4.06E-06   0.689 1.0000 6.5880E-06   1126.312
13921.00 0.58059043 9.4406E-32 0.0000E+00 0.0000E+00 7.1190E-08 7.1190E-08 0.0000E+00 0.0000E+00 7.1190E-08 2.89E-06 4.50E-06   0.544 1.0000 6.6696E-06   1136.410
13931.00 0.54889375 9.6473E-32 0.0000E+00 0.0000E+00 6.8932E-08 6.8932E-08 0.0000E+00 0.0000E+00 6.8932E-08 2.73E-06 4.46E-06   0.600 1.0000 6.7975E-06   1135.011
13941.00 0.55888367 8.9961E-32 0.0000E+00 0.0000E+00 7.1647E-08 7.1647E-08 0.0000E+00 0.0000E+00 7.1647E-08 2.82E-06 4.64E-06   0.582 1.0000 6.9216E-06   1138.177
13951.00 0.64372379 6.9282E-32 0.0000E+00 0.0000E+00 7.8218E-08 7.8218E-08 0.0000E+00 0.0000E+00 7.8218E-08 3.21E-06 4.84E-06   0.440 1.0000 6.6387E-06   1144.553
13961.00 0.71906799 5.1897E-32 0.0000E+00 0.0000E+00 8.9198E-08 8.9198E-08 0.0000E+00 0.0000E+00 8.9198E-08 3.82E-06 5.28E-06   0.330 1.0000 6.8145E-06   1153.874
13971.00 0.73340350 4.6870E-32 0.0000E+00 0.0000E+00 9.1284E-08 9.1284E-08 0.0000E+00 0.0000E+00 9.1284E-08 3.93E-06 5.35E-06   0.310 1.0000 6.8419E-06   1156.093
13981.00 0.72647786 4.5725E-32 0.0000E+00 0.0000E+00 8.7992E-08 8.7992E-08 0.0000E+00 0.0000E+00 8.7992E-08 3.77E-06 5.17E-06   0.320 1.0000 6.6525E-06   1154.340
13991.00 0.73844433 4.1653E-32 0.0000E+00 0.0000E+00 9.0118E-08 9.0118E-08 0.0000E+00 0.0000E+00 9.0118E-08 3.89E-06 5.25E-06   0.303 1.0000 6.6990E-06   1156.608
14001.00 0.74374956 3.8824E-32 0.0000E+00 0.0000E+00 9.3478E-08 9.3478E-08 0.0000E+00 0.0000E+00 9.3478E-08 4.04E-06 5.42E-06   0.296 1.0000 6.8966E-06   1159.731
14011.00 0.74828553 3.6305E-32 0.0000E+00 0.0000E+00 9.3644E-08 9.3644E-08 0.0000E+00 0.0000E+00 9.3644E-08 4.05E-06 5.40E-06   0.290 1.0000 6.8603E-06   1160.534
14021.00 0.74302018 3.5268E-32 0.0000E+00 0.0000E+00 9.1033E-08 9.1033E-08 0.0000E+00 0.0000E+00 9.1033E-08 3.91E-06 5.26E-06   0.297 1.0000 6.7046E-06   1159.332
14031.00 0.75087959 3.2554E-32 0.0000E+00 0.0000E+00 9.3466E-08 9.3466E-08 0.0000E+00 0.0000E+00 9.3466E-08 4.03E-06 5.37E-06   0.287 1.0000 6.8054E-06   1161.778
14041.00 0.74867618 3.1247E-32 0.0000E+00 0.0000E+00 9.3156E-08 9.3156E-08 0.0000E+00 0.0000E+00 9.3156E-08 4.01E-06 5.35E-06   0.289 1.0000 6.7943E-06   1162.240
14051.00 0.75080180 2.9497E-32 0.0000E+00 0.0000E+00 9.3407E-08 9.3407E-08 0.0000E+00 0.0000E+00 9.3407E-08 4.02E-06 5.35E-06   0.287 1.0000 6.7860E-06   1163.105
14061.00 0.74605113 2.8600E-32 0.0000E+00 0.0000E+00 9.3144E-08 9.3144E-08 0.0000E+00 0.0000E+00 9.3144E-08 3.99E-06 5.35E-06   0.293 1.0000 6.8011E-06   1163.602
14071.00 0.74376589 2.7475E-32 0.0000E+00 0.0000E+00 9.4501E-08 9.4501E-08 0.0000E+00 0.0000E+00 9.4501E-08 4.04E-06 5.42E-06   0.296 1.0000 6.9130E-06   1165.255
14081.00 0.74151903 2.6378E-32 0.0000E+00 0.0000E+00 9.4448E-08 9.4448E-08 0.0000E+00 0.0000E+00 9.4448E-08 4.02E-06 5.42E-06   0.299 1.0000 6.9222E-06   1165.902
14091.00 0.74474019 2.4798E-32 0.0000E+00 0.0000E+00 9.3983E-08 9.3983E-08 0.0000E+00 0.0000E+00 9.3983E-08 4.01E-06 5.37E-06   0.295 1.0000 6.8480E-06   1166.257
14101.00 0.74111307 2.3925E-32 0.0000E+00 0.0000E+00 9.2536E-08 9.2536E-08 0.0000E+00 0.0000E+00 9.2536E-08 3.93E-06 5.30E-06   0.300 1.0000 6.7686E-06   1165.901
14111.00 0.74719870 2.2254E-32 0.0000E+00 0.0000E+00 9.2968E-08 9.2968E-08 0.0000E+00 0.0000E+00 9.2968E-08 3.96E-06 5.29E-06   0.291 1.0000 6.7405E-06   1166.897
14121.00 0.73185796 2.2442E-32 0.0000E+00 0.0000E+00 9.3855E-08 9.3855E-08 0.0000E+00 0.0000E+00 9.3855E-08 3.95E-06 5.39E-06   0.312 1.0000 6.9338E-06   1168.219
14131.00 0.73624390 2.1033E-32 0.0000E+00 0.0000E+00 9.4183E-08 9.4183E-08 0.0000E+00 0.0000E+00 9.4183E-08 3.97E-06 5.38E-06   0.306 1.0000 6.9114E-06   1169.138
14141.00 0.74176562 1.9588E-32 0.0000E+00 0.0000E+00 9.1641E-08 9.1641E-08 0.0000E+00 0.0000E+00 9.1641E-08 3.87E-06 5.21E-06   0.299 1.0000 6.6690E-06   1167.985
14151.00 0.72834682 1.9616E-32 0.0000E+00 0.0000E+00 9.2440E-08 9.2440E-08 0.0000E+00 0.0000E+00 9.2440E-08 3.87E-06 5.29E-06   0.317 1.0000 6.8364E-06   1169.252
14161.00 0.72943538 1.8594E-32 0.0000E+00 0.0000E+00 9.2521E-08 9.2521E-08 0.0000E+00 0.0000E+00 9.2521E-08 3.87E-06 5.28E-06   0.315 1.0000 6.8263E-06   1169.994
14171.00 0.72235310 1.8148E-32 0.0000E+00 0.0000E+00 9.1706E-08 9.1706E-08 0.0000E+00 0.0000E+00 9.1706E-08 3.81E-06 5.25E-06   0.325 1.0000 6.8218E-06   1170.084
14181.00 0.71818089 1.7567E-32 0.0000E+00 0.0000E+00 9.2582E-08 9.2582E-08 0.0000E+00 0.0000E+00 9.2582E-08 3.84E-06 5.31E-06   0.331 1.0000 6.9162E-06   1171.407
14191.00 0.73902154 1.5468E-32 0.0000E+00 0.0000E+00 9.5016E-08 9.5016E-08 0.0000E+00 0.0000E+00 9.5016E-08 3.98E-06 5.37E-06   0.302 1.0000 6.9005E-06   1173.839
14201.00 0.70572096 1.6586E-32 0.0000E+00 0.0000E+00 8.9848E-08 8.9848E-08 0.0000E+00 0.0000E+00 8.9848E-08 3.69E-06 5.16E-06   0.349 1.0000 6.8083E-06   1170.760
14211.00 0.74042189 1.3955E-32 0.0000E+00 0.0000E+00 9.4042E-08 9.4042E-08 0.0000E+00 0.0000E+00 9.4042E-08 3.94E-06 5.29E-06   0.301 1.0000 6.7993E-06   1174.512
14221.00 0.71913511 1.4314E-32 0.0000E+00 0.0000E+00 9.1550E-08 9.1550E-08 0.0000E+00 0.0000E+00 9.1550E-08 3.78E-06 5.21E-06   0.330 1.0000 6.7995E-06   1173.386
14231.00 0.69226307 1.4981E-32 0.0000E+00 0.0000E+00 8.6925E-08 8.6925E-08 0.0000E+00 0.0000E+00 8.6925E-08 3.53E-06 5.01E-06   0.368 1.0000 6.6909E-06   1170.589
14241.00 0.70887321 1.3470E-32 0.0000E+00 0.0000E+00 8.9661E-08 8.9661E-08 0.0000E+00 0.0000E+00 8.9661E-08 3.67E-06 5.12E-06   0.344 1.0000 6.7352E-06   1173.350
14251.00 0.69734174 1.3346E-32 0.0000E+00 0.0000E+00 8.6484E-08 8.6484E-08 0.0000E+00 0.0000E+00 8.6484E-08 3.51E-06 4.96E-06   0.360 1.0000 6.5845E-06   1171.612
14261.00 0.71124029 1.2107E-32 0.0000E+00 0.0000E+00 9.0353E-08 9.0353E-08 0.0000E+00 0.0000E+00 9.0353E-08 3.68E-06 5.14E-06   0.341 1.0000 6.7582E-06   1175.232
14271.00 0.68553340 1.2548E-32 0.0000E+00 0.0000E+00 8.6734E-08 8.6734E-08 0.0000E+00 0.0000E+00 8.6734E-08 3.48E-06 5.00E-06   0.378 1.0000 6.7184E-06   1173.167
14281.00 0.70806569 1.1082E-32 0.0000E+00 0.0000E+00 8.9689E-08 8.9689E-08 0.0000E+00 0.0000E+00 8.9689E-08 3.65E-06 5.09E-06   0.345 1.0000 6.7221E-06   1176.100
 -9999.
