T F 2    2    2    1    2    2    2    2    2    2    1    0    0 294.200   0.40
    1    1    1    0   18    0   2.00000   0.00000   0.00000   0.00000   0.00000
   1.000  10.000   0.140
 -99.00000 -99.00000 -99.00000  2.922432  0.000710 ! H2O & O3 COLUMNS [GM/CM2]
   40MID-LATITUDE SUMMER 
   5.00000   0.00000 180.00000   5.00000   0.00000   0.00000    0        0.00000
    0    2    1    0
   0.00000   0.00000   0.00000  45.00925   0.00000 270.00000   0.00000   0.00000
    9091.0   14286.0      10.0      10.0RN              
    0   0    0.000  0    0.000  0    1.000
    FREQ  TOT_TRANS  PTH_THRML  THRML_SCT  SURF_EMIS   SOL_SCAT  SING_SCAT  GRND_RFLT  DRCT_RFLT  TOTAL_RAD  REF_SOL  SOL@OBS   DEPTH DIR_EM    TOA_SUN BBODY_T[K]
 9091.00 0.28478619 1.6476E-20            7.5164E-21 1.5116E-07 2.1653E-08 9.2678E-08 2.8591E-08 2.4384E-07 3.18E-07 5.77E-06   1.256 0.6000 7.3883E-06    865.330
 9101.00 0.29900187 1.5647E-20            7.5362E-21 1.6770E-07 2.2323E-08 1.0091E-07 3.0223E-08 2.6862E-07 3.36E-07 5.69E-06   1.207 0.6000 7.2084E-06    871.672
 9111.00 0.31567848 1.4709E-20            7.5951E-21 2.0186E-07 2.4062E-08 1.1736E-07 3.4106E-08 3.1922E-07 3.79E-07 5.74E-06   1.153 0.6000 7.2268E-06    882.578
 9121.00 0.31516677 1.4030E-20            7.2616E-21 2.0214E-07 2.4026E-08 1.1720E-07 3.3976E-08 3.1933E-07 3.77E-07 5.72E-06   1.155 0.6000 7.2128E-06    883.372
 9131.00 0.31121933 1.3458E-20            6.8411E-21 1.9403E-07 2.3552E-08 1.1294E-07 3.2766E-08 3.0698E-07 3.64E-07 5.68E-06   1.167 0.6000 7.1706E-06    881.802
 9141.00 0.32859960 1.2713E-20            6.8993E-21 2.1410E-07 2.4170E-08 1.2213E-07 3.4787E-08 3.3624E-07 3.86E-07 5.49E-06   1.113 0.6000 6.8786E-06    887.998
 9151.00 0.31090048 1.2259E-20            6.2399E-21 2.0590E-07 2.4277E-08 1.1739E-07 3.3993E-08 3.2329E-07 3.78E-07 5.78E-06   1.168 0.6000 7.3243E-06    886.424
 9161.00 0.34352803 1.1397E-20            6.5860E-21 2.6746E-07 2.7665E-08 1.4756E-07 4.1040E-08 4.1502E-07 4.56E-07 5.93E-06   1.068 0.6000 7.4023E-06    902.368
 9171.00 0.32262331 1.1075E-20            5.9113E-21 2.3093E-07 2.5931E-08 1.2988E-07 3.6888E-08 3.6081E-07 4.10E-07 5.93E-06   1.131 0.6000 7.4596E-06    894.580
 9181.00 0.33130404 1.0554E-20            5.7976E-21 2.4017E-07 2.6312E-08 1.3416E-07 3.7703E-08 3.7434E-07 4.19E-07 5.86E-06   1.105 0.6000 7.3374E-06    897.596
 9191.00 0.34107032 9.9770E-21            5.7040E-21 2.6279E-07 2.7263E-08 1.4380E-07 3.9754E-08 4.0659E-07 4.42E-07 5.86E-06   1.076 0.6000 7.3153E-06    903.447
 9201.00 0.32684425 9.6569E-21            5.2249E-21 2.3371E-07 2.5727E-08 1.2955E-07 3.6412E-08 3.6326E-07 4.04E-07 5.76E-06   1.118 0.6000 7.2365E-06    897.321
 9211.00 0.32792914 9.2080E-21            5.0012E-21 2.4683E-07 2.6859E-08 1.3602E-07 3.8015E-08 3.8285E-07 4.22E-07 5.98E-06   1.115 0.6000 7.5017E-06    901.307
 9221.00 0.33498603 8.7628E-21            4.8863E-21 2.5700E-07 2.7305E-08 1.4060E-07 3.8859E-08 3.9760E-07 4.32E-07 5.95E-06   1.094 0.6000 7.4389E-06    904.410
 9231.00 0.33338237 8.3694E-21            4.6420E-21 2.5261E-07 2.6591E-08 1.3678E-07 3.7833E-08 3.8939E-07 4.20E-07 5.80E-06   1.098 0.6000 7.2538E-06    903.905
 9241.00 0.34131566 7.9354E-21            4.5441E-21 2.6913E-07 2.7360E-08 1.4413E-07 3.9332E-08 4.1326E-07 4.37E-07 5.80E-06   1.075 0.6000 7.2418E-06    908.361
 9251.00 0.33350000 7.6529E-21            4.2408E-21 2.5775E-07 2.7163E-08 1.3920E-07 3.8332E-08 3.9696E-07 4.26E-07 5.89E-06   1.098 0.6000 7.3662E-06    906.651
 9261.00 0.33695254 7.2747E-21            4.0916E-21 2.7227E-07 2.7938E-08 1.4517E-07 3.9635E-08 4.1744E-07 4.40E-07 5.98E-06   1.088 0.6000 7.4664E-06    910.551
 9271.00 0.34258944 6.9086E-21            3.9764E-21 2.8100E-07 2.8048E-08 1.4820E-07 4.0032E-08 4.2920E-07 4.45E-07 5.89E-06   1.071 0.6000 7.3400E-06    913.065
 9281.00 0.33152995 6.6781E-21            3.6755E-21 2.6538E-07 2.7639E-08 1.4102E-07 3.8436E-08 4.0640E-07 4.27E-07 6.00E-06   1.104 0.6000 7.5074E-06    910.447
 9291.00 0.34292325 6.2984E-21            3.6322E-21 2.9147E-07 2.8767E-08 1.5222E-07 4.0851E-08 4.4369E-07 4.54E-07 6.00E-06   1.070 0.6000 7.4866E-06    916.712
 9301.00 0.33716920 6.0627E-21            3.4129E-21 2.7264E-07 2.7654E-08 1.4322E-07 3.8685E-08 4.1586E-07 4.30E-07 5.86E-06   1.087 0.6000 7.3267E-06    913.439
 9311.00 0.33965990 5.7710E-21            3.2827E-21 2.8600E-07 2.8451E-08 1.4882E-07 3.9914E-08 4.3481E-07 4.43E-07 5.97E-06   1.080 0.6000 7.4561E-06    917.009
 9321.00 0.33849514 5.5202E-21            3.1267E-21 2.7848E-07 2.7929E-08 1.4519E-07 3.8830E-08 4.2367E-07 4.31E-07 5.88E-06   1.083 0.6000 7.3505E-06    916.165
 9331.00 0.33882457 5.2694E-21            2.9892E-21 2.8600E-07 2.8514E-08 1.4844E-07 3.9568E-08 4.3444E-07 4.39E-07 5.98E-06   1.082 0.6000 7.4831E-06    918.520
 9341.00 0.33847454 5.0325E-21            2.8533E-21 2.8565E-07 2.8389E-08 1.4767E-07 3.9263E-08 4.3332E-07 4.36E-07 5.95E-06   1.083 0.6000 7.4501E-06    919.140
 9351.00 0.33611816 4.8223E-21            2.7065E-21 2.6919E-07 2.7073E-08 1.3950E-07 3.7105E-08 4.0869E-07 4.12E-07 5.71E-06   1.090 0.6000 7.1583E-06    916.255
 9361.00 0.33745036 4.5923E-21            2.5961E-21 2.8234E-07 2.8046E-08 1.4538E-07 3.8472E-08 4.2772E-07 4.27E-07 5.88E-06   1.086 0.6000 7.3810E-06    919.885
 9371.00 0.33638826 4.3925E-21            2.4721E-21 2.8483E-07 2.8363E-08 1.4639E-07 3.8683E-08 4.3122E-07 4.30E-07 5.95E-06   1.089 0.6000 7.4787E-06    921.180
 9381.00 0.33668599 4.1926E-21            2.3639E-21 2.8631E-07 2.8319E-08 1.4637E-07 3.8545E-08 4.3268E-07 4.28E-07 5.92E-06   1.089 0.6000 7.4430E-06    922.174
 9391.00 0.33553198 4.0117E-21            2.2505E-21 2.8985E-07 2.8757E-08 1.4791E-07 3.8889E-08 4.3776E-07 4.32E-07 6.03E-06   1.092 0.6000 7.5710E-06    923.692
 9401.00 0.33594388 3.8308E-21            2.1526E-21 2.9146E-07 2.8685E-08 1.4775E-07 3.8731E-08 4.3921E-07 4.30E-07 5.98E-06   1.091 0.6000 7.5142E-06    924.683
 9411.00 0.33511975 3.6648E-21            2.0513E-21 2.9063E-07 2.8625E-08 1.4688E-07 3.8430E-08 4.3751E-07 4.27E-07 5.97E-06   1.093 0.6000 7.4958E-06    925.220
 9421.00 0.33536199 3.5003E-21            1.9611E-21 2.9322E-07 2.8680E-08 1.4727E-07 3.8424E-08 4.4049E-07 4.27E-07 5.96E-06   1.093 0.6000 7.4780E-06    926.431
 9431.00 0.33505642 3.3456E-21            1.8717E-21 2.9309E-07 2.8582E-08 1.4655E-07 3.8144E-08 4.3964E-07 4.24E-07 5.93E-06   1.093 0.6000 7.4376E-06    927.090
 9441.00 0.33467385 3.1982E-21            1.7860E-21 2.9347E-07 2.8554E-08 1.4613E-07 3.7951E-08 4.3960E-07 4.21E-07 5.92E-06   1.095 0.6000 7.4170E-06    927.865
 9451.00 0.33445674 3.0571E-21            1.7051E-21 2.9643E-07 2.8747E-08 1.4690E-07 3.8067E-08 4.4334E-07 4.23E-07 5.95E-06   1.095 0.6000 7.4469E-06    929.184
 9461.00 0.33436546 2.9217E-21            1.6284E-21 3.0342E-07 2.9305E-08 1.4962E-07 3.8683E-08 4.5304E-07 4.30E-07 6.05E-06   1.096 0.6000 7.5672E-06    931.343
 9471.00 0.33413738 2.7929E-21            1.5546E-21 3.0521E-07 2.9387E-08 1.4982E-07 3.8653E-08 4.5503E-07 4.29E-07 6.05E-06   1.096 0.6000 7.5686E-06    932.406
 9481.00 0.33393836 2.6695E-21            1.4842E-21 3.0675E-07 2.9439E-08 1.4989E-07 3.8587E-08 4.5664E-07 4.29E-07 6.05E-06   1.097 0.6000 7.5627E-06    933.413
 9491.00 0.33367637 2.5515E-21            1.4167E-21 3.0574E-07 2.9260E-08 1.4876E-07 3.8215E-08 4.5450E-07 4.24E-07 6.00E-06   1.098 0.6000 7.5010E-06    933.895
 9501.00 0.33324870 2.4392E-21            1.3516E-21 3.0829E-07 2.9462E-08 1.4946E-07 3.8322E-08 4.5775E-07 4.26E-07 6.04E-06   1.099 0.6000 7.5429E-06    935.133
 9511.00 0.33286542 2.3317E-21            1.2897E-21 3.0959E-07 2.9534E-08 1.4953E-07 3.8263E-08 4.5912E-07 4.25E-07 6.05E-06   1.100 0.6000 7.5499E-06    936.106
 9521.00 0.33252490 2.2285E-21            1.2308E-21 3.1046E-07 2.9557E-08 1.4939E-07 3.8150E-08 4.5986E-07 4.24E-07 6.04E-06   1.101 0.6000 7.5456E-06    936.991
 9531.00 0.33208713 2.1302E-21            1.1742E-21 3.1182E-07 2.9648E-08 1.4954E-07 3.8112E-08 4.6136E-07 4.23E-07 6.06E-06   1.102 0.6000 7.5615E-06    937.983
 9541.00 0.33169314 2.0364E-21            1.1203E-21 3.1298E-07 2.9704E-08 1.4952E-07 3.8027E-08 4.6250E-07 4.22E-07 6.06E-06   1.104 0.6000 7.5625E-06    938.923
 9551.00 0.33121410 1.9466E-21            1.0687E-21 3.1063E-07 2.9451E-08 1.4791E-07 3.7544E-08 4.5853E-07 4.17E-07 6.00E-06   1.105 0.6000 7.4917E-06    939.152
 9561.00 0.33074972 1.8607E-21            1.0194E-21 3.0793E-07 2.9163E-08 1.4614E-07 3.7022E-08 4.5407E-07 4.11E-07 5.94E-06   1.106 0.6000 7.4123E-06    939.306
 9571.00 0.33022875 1.7788E-21            9.7228E-22 3.1406E-07 2.9725E-08 1.4859E-07 3.7572E-08 4.6265E-07 4.17E-07 6.05E-06   1.108 0.6000 7.5504E-06    941.290
 9581.00 0.32979992 1.7002E-21            9.2757E-22 3.1522E-07 2.9795E-08 1.4864E-07 3.7509E-08 4.6386E-07 4.17E-07 6.06E-06   1.109 0.6000 7.5610E-06    942.240
 9591.00 0.32923588 1.6253E-21            8.8456E-22 3.1330E-07 2.9608E-08 1.4732E-07 3.7106E-08 4.6062E-07 4.12E-07 6.02E-06   1.111 0.6000 7.5108E-06    942.570
 9601.00 0.32863647 1.5538E-21            8.4344E-22 3.1618E-07 2.9884E-08 1.4828E-07 3.7282E-08 4.6447E-07 4.14E-07 6.08E-06   1.113 0.6000 7.5795E-06    943.888
 9611.00 0.32822910 1.4851E-21            8.0469E-22 3.1507E-07 2.9736E-08 1.4727E-07 3.6951E-08 4.6234E-07 4.10E-07 6.04E-06   1.114 0.6000 7.5350E-06    944.373
 9621.00 0.32770425 1.4196E-21            7.6746E-22 3.1517E-07 2.9729E-08 1.4688E-07 3.6782E-08 4.6205E-07 4.09E-07 6.04E-06   1.116 0.6000 7.5299E-06    945.113
 9631.00 0.32715619 1.3570E-21            7.3188E-22 3.1523E-07 2.9723E-08 1.4647E-07 3.6611E-08 4.6170E-07 4.07E-07 6.03E-06   1.117 0.6000 7.5249E-06    945.846
 9641.00 0.32664695 1.2971E-21            6.9803E-22 3.1351E-07 2.9540E-08 1.4524E-07 3.6230E-08 4.5875E-07 4.02E-07 5.99E-06   1.119 0.6000 7.4759E-06    946.213
 9651.00 0.32602656 1.2401E-21            6.6552E-22 3.1828E-07 2.9996E-08 1.4705E-07 3.6616E-08 4.6533E-07 4.07E-07 6.08E-06   1.121 0.6000 7.5893E-06    947.914
 9661.00 0.32570121 1.1851E-21            6.3509E-22 3.1563E-07 2.9681E-08 1.4528E-07 3.6099E-08 4.6091E-07 4.01E-07 6.01E-06   1.122 0.6000 7.4997E-06    948.077
 9671.00 0.32498100 1.1331E-21            6.0533E-22 3.1525E-07 2.9678E-08 1.4478E-07 3.5914E-08 4.6003E-07 3.99E-07 6.01E-06   1.124 0.6000 7.5015E-06    948.735
 9681.00 0.32448405 1.0831E-21            5.7732E-22 3.1479E-07 2.9612E-08 1.4413E-07 3.5680E-08 4.5892E-07 3.96E-07 6.00E-06   1.126 0.6000 7.4807E-06    949.359
 9691.00 0.32374519 1.0355E-21            5.5025E-22 3.1874E-07 3.0019E-08 1.4562E-07 3.5990E-08 4.6437E-07 4.00E-07 6.08E-06   1.128 0.6000 7.5873E-06    950.903
 9701.00 0.32305068 9.9010E-22            5.2446E-22 3.1792E-07 2.9969E-08 1.4491E-07 3.5751E-08 4.6282E-07 3.97E-07 6.07E-06   1.130 0.6000 7.5768E-06    951.468
 9711.00 0.32261619 9.4625E-22            5.0031E-22 3.1779E-07 2.9927E-08 1.4441E-07 3.5556E-08 4.6220E-07 3.95E-07 6.06E-06   1.131 0.6000 7.5604E-06    952.160
 9721.00 0.32115281 9.0558E-22            4.7573E-22 3.1486E-07 2.9847E-08 1.4308E-07 3.5198E-08 4.5794E-07 3.91E-07 6.06E-06   1.136 0.6000 7.5664E-06    952.339
 9731.00 0.31969741 8.6655E-22            4.5238E-22 3.1367E-07 2.9913E-08 1.4248E-07 3.5026E-08 4.5615E-07 3.89E-07 6.09E-06   1.140 0.6000 7.6088E-06    952.865
 9741.00 0.32042322 8.2698E-22            4.3308E-22 3.1778E-07 3.0021E-08 1.4342E-07 3.5133E-08 4.6120E-07 3.90E-07 6.08E-06   1.138 0.6000 7.5946E-06    954.359
 9751.00 0.31980270 7.9054E-22            4.1287E-22 3.1804E-07 3.0065E-08 1.4321E-07 3.5016E-08 4.6124E-07 3.89E-07 6.09E-06   1.140 0.6000 7.6062E-06    955.145
 9761.00 0.31832424 7.5638E-22            3.9263E-22 3.1475E-07 2.9905E-08 1.4157E-07 3.4593E-08 4.5632E-07 3.84E-07 6.08E-06   1.145 0.6000 7.5918E-06    955.226
 9771.00 0.31567240 7.2488E-22            3.7182E-22 3.0777E-07 2.9699E-08 1.3894E-07 3.3969E-08 4.4670E-07 3.77E-07 6.08E-06   1.153 0.6000 7.6047E-06    954.622
 9781.00 0.31805101 6.9040E-22            3.5787E-22 3.1488E-07 2.9737E-08 1.4053E-07 3.4174E-08 4.5541E-07 3.80E-07 6.02E-06   1.146 0.6000 7.5202E-06    956.654
 9791.00 0.31752348 6.5998E-22            3.4126E-22 3.1456E-07 2.9722E-08 1.4007E-07 3.3994E-08 4.5464E-07 3.78E-07 6.02E-06   1.147 0.6000 7.5133E-06    957.322
 9801.00 0.31721249 6.3057E-22            3.2568E-22 3.1650E-07 2.9829E-08 1.4040E-07 3.3998E-08 4.5689E-07 3.78E-07 6.03E-06   1.148 0.6000 7.5312E-06    958.423
 9811.00 0.31436408 6.0421E-22            3.0826E-22 3.0587E-07 2.9226E-08 1.3595E-07 3.2927E-08 4.4182E-07 3.66E-07 5.96E-06   1.157 0.6000 7.4494E-06    957.020
 9821.00 0.31689912 5.7560E-22            2.9684E-22 3.2008E-07 2.9976E-08 1.4083E-07 3.3942E-08 4.6090E-07 3.77E-07 6.04E-06   1.149 0.6000 7.5386E-06    960.550
 9831.00 0.31530339 5.5089E-22            2.8210E-22 3.1684E-07 2.9912E-08 1.3951E-07 3.3601E-08 4.5635E-07 3.73E-07 6.05E-06   1.154 0.6000 7.5540E-06    960.680
 9841.00 0.31545138 5.2609E-22            2.6959E-22 3.1885E-07 2.9921E-08 1.3964E-07 3.3547E-08 4.5849E-07 3.73E-07 6.03E-06   1.154 0.6000 7.5312E-06    961.764
 9851.00 0.31382006 5.0349E-22            2.5618E-22 3.1466E-07 2.9774E-08 1.3792E-07 3.3117E-08 4.5259E-07 3.68E-07 6.02E-06   1.159 0.6000 7.5270E-06    961.695
 9861.00 0.31406531 4.8082E-22            2.4486E-22 3.2000E-07 3.0099E-08 1.3955E-07 3.3401E-08 4.5955E-07 3.71E-07 6.07E-06   1.158 0.6000 7.5825E-06    963.471
 9871.00 0.31376484 4.5940E-22            2.3368E-22 3.2150E-07 3.0169E-08 1.3968E-07 3.3362E-08 4.6117E-07 3.71E-07 6.08E-06   1.159 0.6000 7.5902E-06    964.480
 9881.00 0.31147948 4.3995E-22            2.2158E-22 3.1527E-07 2.9959E-08 1.3730E-07 3.2800E-08 4.5257E-07 3.64E-07 6.07E-06   1.166 0.6000 7.5923E-06    964.025
 9891.00 0.31234646 4.1988E-22            2.1224E-22 3.2055E-07 3.0158E-08 1.3868E-07 3.3010E-08 4.5923E-07 3.67E-07 6.08E-06   1.164 0.6000 7.5945E-06    965.759
 9901.00 0.30784786 4.0307E-22            1.9982E-22 3.0673E-07 2.9723E-08 1.3395E-07 3.2000E-08 4.4068E-07 3.55E-07 6.08E-06   1.178 0.6000 7.6106E-06    963.839
 9911.00 0.30705410 3.8532E-22            1.9032E-22 3.0559E-07 2.9613E-08 1.3301E-07 3.1712E-08 4.3859E-07 3.52E-07 6.06E-06   1.181 0.6000 7.5896E-06    964.306
 9921.00 0.30909377 3.6728E-22            1.8301E-22 3.1545E-07 2.9984E-08 1.3587E-07 3.2219E-08 4.5131E-07 3.58E-07 6.08E-06   1.174 0.6000 7.5966E-06    966.951
 9931.00 0.31023800 3.5038E-22            1.7546E-22 3.1958E-07 3.0028E-08 1.3670E-07 3.2286E-08 4.5628E-07 3.59E-07 6.04E-06   1.170 0.6000 7.5522E-06    968.445
 9941.00 0.30900916 3.3513E-22            1.6693E-22 3.0694E-07 2.8958E-08 1.3111E-07 3.0939E-08 4.3805E-07 3.44E-07 5.84E-06   1.174 0.6000 7.3019E-06    966.552
 9951.00 0.30843017 3.2037E-22            1.5914E-22 3.0048E-07 2.8352E-08 1.2798E-07 3.0138E-08 4.2846E-07 3.35E-07 5.72E-06   1.176 0.6000 7.1481E-06    965.881
 9961.00 0.30717930 3.0638E-22            1.5137E-22 3.1304E-07 2.9642E-08 1.3311E-07 3.1307E-08 4.4615E-07 3.48E-07 5.99E-06   1.180 0.6000 7.4944E-06    969.301
 9971.00 0.30678007 2.9283E-22            1.4443E-22 3.1624E-07 2.9960E-08 1.3419E-07 3.1511E-08 4.5043E-07 3.50E-07 6.05E-06   1.182 0.6000 7.5675E-06    970.704
 9981.00 0.30088767 2.8165E-22            1.3526E-22 3.0010E-07 2.9556E-08 1.2882E-07 3.0484E-08 4.2891E-07 3.39E-07 6.09E-06   1.201 0.6000 7.6271E-06    968.273
 9991.00 0.30719715 2.6704E-22            1.3192E-22 3.2439E-07 3.0375E-08 1.3628E-07 3.1808E-08 4.6067E-07 3.53E-07 6.10E-06   1.180 0.6000 7.6202E-06    973.736
10001.00 0.30503747 2.5571E-22            1.2512E-22 3.1685E-07 3.0024E-08 1.3336E-07 3.1130E-08 4.5020E-07 3.46E-07 6.06E-06   1.187 0.6000 7.5822E-06    972.997
10011.00 0.30545673 2.4415E-22            1.1966E-22 3.2093E-07 3.0207E-08 1.3438E-07 3.1274E-08 4.5531E-07 3.47E-07 6.07E-06   1.186 0.6000 7.5949E-06    974.516
10021.00 0.30540529 2.3317E-22            1.1427E-22 3.2384E-07 3.0339E-08 1.3497E-07 3.1330E-08 4.5881E-07 3.48E-07 6.09E-06   1.186 0.6000 7.6120E-06    975.797
10031.00 0.30504233 2.2285E-22            1.0902E-22 3.2457E-07 3.0375E-08 1.3484E-07 3.1231E-08 4.5942E-07 3.47E-07 6.09E-06   1.187 0.6000 7.6128E-06    976.661
10041.00 0.30415457 2.1312E-22            1.0382E-22 3.2238E-07 3.0274E-08 1.3378E-07 3.0941E-08 4.5616E-07 3.44E-07 6.07E-06   1.190 0.6000 7.5964E-06    976.967
10051.00 0.30438009 2.0346E-22            9.9236E-23 3.2575E-07 3.0384E-08 1.3444E-07 3.1003E-08 4.6019E-07 3.44E-07 6.08E-06   1.189 0.6000 7.5992E-06    978.324
10061.00 0.30261642 1.9474E-22            9.4238E-23 3.2152E-07 3.0280E-08 1.3284E-07 3.0619E-08 4.5436E-07 3.40E-07 6.08E-06   1.195 0.6000 7.6105E-06    978.256
10071.00 0.29538089 1.8743E-22            8.7851E-23 3.0005E-07 2.9443E-08 1.2515E-07 2.9028E-08 4.2519E-07 3.22E-07 6.07E-06   1.219 0.6000 7.6024E-06    974.662
10081.00 0.30082008 1.7805E-22            8.5452E-23 3.1769E-07 3.0088E-08 1.3083E-07 3.0070E-08 4.4853E-07 3.34E-07 6.06E-06   1.201 0.6000 7.5822E-06    978.952
10091.00 0.29758483 1.7064E-22            8.0753E-23 3.0807E-07 2.9680E-08 1.2720E-07 2.9269E-08 4.3526E-07 3.25E-07 6.04E-06   1.212 0.6000 7.5624E-06    977.746
10101.00 0.29109484 1.6419E-22            7.5423E-23 2.8627E-07 2.8769E-08 1.1944E-07 2.7631E-08 4.0572E-07 3.07E-07 5.99E-06   1.234 0.6000 7.5113E-06    973.909
10111.00 0.29822889 1.5566E-22            7.3807E-23 3.1061E-07 2.9647E-08 1.2721E-07 2.9104E-08 4.3782E-07 3.23E-07 5.99E-06   1.210 0.6000 7.4926E-06    979.677
10121.00 0.28990218 1.4984E-22            6.8559E-23 2.9291E-07 2.9166E-08 1.2090E-07 2.7979E-08 4.1381E-07 3.11E-07 6.05E-06   1.238 0.6000 7.5886E-06    976.742
10131.00 0.28622171 1.4374E-22            6.4596E-23 2.8035E-07 2.8620E-08 1.1631E-07 2.6982E-08 3.9667E-07 3.00E-07 6.01E-06   1.251 0.6000 7.5528E-06    974.747
10141.00 0.29173324 1.3664E-22            6.2921E-23 2.9701E-07 2.9332E-08 1.2194E-07 2.7934E-08 4.1895E-07 3.10E-07 6.03E-06   1.232 0.6000 7.5589E-06    979.093
10151.00 0.26993248 1.3303E-22            5.5625E-23 2.4075E-07 2.7107E-08 1.0172E-07 2.4329E-08 3.4247E-07 2.70E-07 6.01E-06   1.310 0.6000 7.5928E-06    966.791
10161.00 0.27595186 1.2609E-22            5.4266E-23 2.5991E-07 2.7734E-08 1.0796E-07 2.5244E-08 3.6787E-07 2.80E-07 6.00E-06   1.288 0.6000 7.5665E-06    972.158
10171.00 0.26186961 1.2060E-22            4.9241E-23 2.3594E-07 2.6346E-08 9.7917E-08 2.3294E-08 3.3386E-07 2.59E-07 5.96E-06   1.340 0.6000 7.5666E-06    966.688
10181.00 0.25902414 1.1604E-22            4.6454E-23 2.2480E-07 2.6114E-08 9.4147E-08 2.2590E-08 3.1895E-07 2.51E-07 5.99E-06   1.351 0.6000 7.6043E-06    964.539
10191.00 0.26826927 1.1045E-22            4.5970E-23 2.4401E-07 2.7157E-08 1.0167E-07 2.3900E-08 3.4568E-07 2.65E-07 6.02E-06   1.316 0.6000 7.6154E-06    970.442
10201.00 0.23913696 1.0526E-22            3.9168E-23 1.9259E-07 2.3946E-08 8.0474E-08 1.9655E-08 2.7307E-07 2.18E-07 5.85E-06   1.431 0.6000 7.5497E-06    956.283
10211.00 0.23012638 1.0039E-22            3.5959E-23 1.7436E-07 2.2860E-08 7.3310E-08 1.8111E-08 2.4767E-07 2.01E-07 5.79E-06   1.469 0.6000 7.5097E-06    950.991
10221.00 0.23405553 9.5863E-23            3.4951E-23 1.8291E-07 2.3386E-08 7.6532E-08 1.8746E-08 2.5944E-07 2.08E-07 5.81E-06   1.452 0.6000 7.5283E-06    954.609
10231.00 0.25303787 9.1957E-23            3.6081E-23 2.1933E-07 2.5555E-08 9.0452E-08 2.1473E-08 3.0979E-07 2.38E-07 5.92E-06   1.374 0.6000 7.5645E-06    966.486
10241.00 0.20923276 8.6152E-23            2.8528E-23 1.4988E-07 2.0754E-08 6.2264E-08 1.5368E-08 2.1214E-07 1.71E-07 5.72E-06   1.564 0.6000 7.5088E-06    943.788
10251.00 0.21700804 8.2936E-23            2.8202E-23 1.5881E-07 2.1864E-08 6.6031E-08 1.6391E-08 2.2484E-07 1.82E-07 5.77E-06   1.528 0.6000 7.5975E-06    948.062
10261.00 0.21664782 7.8898E-23            2.6939E-23 1.5821E-07 2.1396E-08 6.5533E-08 1.5964E-08 2.2374E-07 1.77E-07 5.69E-06   1.529 0.6000 7.4726E-06    948.509
10271.00 0.21439175 7.5345E-23            2.5396E-23 1.5983E-07 2.1374E-08 6.5573E-08 1.5885E-08 2.2541E-07 1.76E-07 5.73E-06   1.540 0.6000 7.4992E-06    949.707
10281.00 0.23397179 7.3013E-23            2.6493E-23 1.8757E-07 2.3776E-08 7.7095E-08 1.8427E-08 2.6467E-07 2.05E-07 5.87E-06   1.453 0.6000 7.5867E-06    960.362
10291.00 0.24357496 6.8733E-23            2.6356E-23 2.1484E-07 2.5012E-08 8.7120E-08 2.0148E-08 3.0196E-07 2.24E-07 5.88E-06   1.412 0.6000 7.6000E-06    969.410
10301.00 0.24658747 6.5943E-23            2.5512E-23 2.1943E-07 2.5152E-08 8.8337E-08 2.0397E-08 3.0776E-07 2.27E-07 5.86E-06   1.400 0.6000 7.5360E-06    971.376
10311.00 0.23921323 6.3716E-23            2.3592E-23 2.0205E-07 2.4595E-08 8.1922E-08 1.9263E-08 2.8397E-07 2.14E-07 5.91E-06   1.430 0.6000 7.5858E-06    967.035
10321.00 0.23493195 6.0832E-23            2.2169E-23 1.9225E-07 2.3999E-08 7.8199E-08 1.8398E-08 2.7045E-07 2.04E-07 5.88E-06   1.448 0.6000 7.5612E-06    964.723
10331.00 0.23803446 5.6698E-23            2.1412E-23 2.1204E-07 2.4352E-08 8.4472E-08 1.9313E-08 2.9651E-07 2.14E-07 5.79E-06   1.435 0.6000 7.5159E-06    971.278
10341.00 0.18020533 5.2882E-23            1.5557E-23 1.1933E-07 1.8317E-08 4.8068E-08 1.2045E-08 1.6740E-07 1.34E-07 5.61E-06   1.714 0.6000 7.5583E-06    937.035
10351.00 0.17183703 5.0944E-23            1.4079E-23 9.7630E-08 1.7003E-08 3.9656E-08 1.0432E-08 1.3729E-07 1.16E-07 5.49E-06   1.761 0.6000 7.4168E-06    926.205
10361.00 0.17214167 4.8356E-23            1.3513E-23 9.8834E-08 1.7424E-08 4.0623E-08 1.0729E-08 1.3946E-07 1.19E-07 5.56E-06   1.759 0.6000 7.5170E-06    927.838
10371.00 0.15635581 4.3267E-23            1.1708E-23 1.0170E-07 1.6113E-08 4.0631E-08 1.0071E-08 1.4233E-07 1.12E-07 5.42E-06   1.856 0.6000 7.4998E-06    929.747
10381.00 0.17938580 4.3871E-23            1.2845E-23 1.2175E-07 1.8345E-08 4.8636E-08 1.1836E-08 1.7039E-07 1.31E-07 5.60E-06   1.718 0.6000 7.5039E-06    941.023
10391.00 0.13125491 3.9052E-23            8.9520E-24 6.7154E-08 1.3427E-08 2.5639E-08 6.8664E-09 9.2793E-08 7.63E-08 5.27E-06   2.031 0.6000 7.4884E-06    907.036
10401.00 0.16237552 3.9651E-23            1.0611E-23 1.0025E-07 1.7008E-08 3.9350E-08 1.0016E-08 1.3960E-07 1.11E-07 5.59E-06   1.818 0.6000 7.5955E-06    930.811
10411.00 0.14664787 3.6767E-23            9.1281E-24 8.0491E-08 1.4898E-08 3.1316E-08 8.1128E-09 1.1181E-07 9.01E-08 5.38E-06   1.920 0.6000 7.4817E-06    918.852
10421.00 0.10628362 3.1916E-23            6.3475E-24 4.5269E-08 1.1083E-08 1.6639E-08 4.8024E-09 6.1909E-08 5.33E-08 5.17E-06   2.242 0.6000 7.5892E-06    887.400
10431.00 0.13076293 3.1718E-23            7.4127E-24 7.1261E-08 1.3717E-08 2.7434E-08 7.0856E-09 9.8695E-08 7.87E-08 5.32E-06   2.034 0.6000 7.6090E-06    913.306
10441.00 0.16235901 3.2522E-23            8.8066E-24 9.9351E-08 1.6721E-08 3.9052E-08 9.6875E-09 1.3840E-07 1.08E-07 5.47E-06   1.818 0.6000 7.5062E-06    933.221
10451.00 0.10626772 2.7441E-23            5.5065E-24 5.1543E-08 1.1134E-08 1.8698E-08 4.8500E-09 7.0241E-08 5.39E-08 5.10E-06   2.242 0.6000 7.5160E-06    896.195
10461.00 0.10846891 2.6328E-23            5.3762E-24 5.3003E-08 1.1297E-08 1.9410E-08 5.0953E-09 7.2413E-08 5.66E-08 5.11E-06   2.221 0.6000 7.4884E-06    898.530
10471.00 0.11645547 2.6193E-23            5.5120E-24 4.9823E-08 1.1470E-08 1.8268E-08 4.9775E-09 6.8091E-08 5.53E-08 4.90E-06   2.150 0.6000 7.0966E-06    895.944
10481.00 0.12728380 2.5656E-23            5.7280E-24 6.1563E-08 1.3100E-08 2.2878E-08 6.0237E-09 8.4441E-08 6.69E-08 5.18E-06   2.061 0.6000 7.3966E-06    908.269
10491.00 0.11145620 2.3495E-23            4.8259E-24 5.0128E-08 1.1677E-08 1.8283E-08 5.0351E-09 6.8411E-08 5.59E-08 5.16E-06   2.194 0.6000 7.5336E-06    897.600
10501.00 0.07156160 1.9314E-23            2.9420E-24 2.4024E-08 7.6968E-09 7.3675E-09 2.1863E-09 3.1391E-08 2.43E-08 4.77E-06   2.637 0.6000 7.5876E-06    858.538
10511.00 0.14895810 2.4015E-23            5.8348E-24 7.6569E-08 1.5484E-08 2.8954E-08 7.4416E-09 1.0552E-07 8.26E-08 5.53E-06   1.904 0.6000 7.5650E-06    922.780
10521.00 0.08952974 1.8105E-23            3.3961E-24 4.0609E-08 9.5271E-09 1.4388E-08 3.6971E-09 5.4996E-08 4.11E-08 4.87E-06   2.413 0.6000 7.5614E-06    888.186
10531.00 0.09475913 1.7593E-23            3.3665E-24 4.5753E-08 1.0252E-08 1.6215E-08 4.1037E-09 6.1968E-08 4.56E-08 4.95E-06   2.356 0.6000 7.6148E-06    895.149
10541.00 0.10870056 1.8059E-23            3.7427E-24 5.0397E-08 1.1506E-08 1.8079E-08 4.7084E-09 6.8476E-08 5.23E-08 5.08E-06   2.219 0.6000 7.6042E-06    901.164
10551.00 0.09398600 1.6338E-23            3.0672E-24 4.2919E-08 1.0109E-08 1.4968E-08 3.8738E-09 5.7887E-08 4.30E-08 5.01E-06   2.365 0.6000 7.5920E-06    892.955
10561.00 0.09604978 1.6030E-23            3.0050E-24 4.0999E-08 1.0230E-08 1.4129E-08 3.7715E-09 5.5128E-08 4.19E-08 5.04E-06   2.343 0.6000 7.5532E-06    891.092
10571.00 0.07599734 1.3531E-23            2.2626E-24 3.0735E-08 8.1826E-09 1.0066E-08 2.5982E-09 4.0801E-08 2.89E-08 4.66E-06   2.577 0.6000 7.5396E-06    876.324
10581.00 0.10638037 1.5198E-23            3.0373E-24 4.9491E-08 1.1203E-08 1.7260E-08 4.3640E-09 6.6751E-08 4.85E-08 5.06E-06   2.241 0.6000 7.4809E-06    902.607
10591.00 0.06946668 1.1690E-23            1.8727E-24 3.0155E-08 7.4627E-09 9.9378E-09 2.4378E-09 4.0093E-08 2.71E-08 4.41E-06   2.667 0.6000 7.3912E-06    876.811
10601.00 0.08995846 1.2406E-23            2.3500E-24 4.2235E-08 9.5075E-09 1.4562E-08 3.4658E-09 5.6797E-08 3.85E-08 4.71E-06   2.408 0.6000 7.4831E-06    895.438
10611.00 0.10705292 1.3290E-23            2.6444E-24 4.7215E-08 1.1143E-08 1.6186E-08 4.0469E-09 6.3401E-08 4.49E-08 5.02E-06   2.234 0.6000 7.4735E-06    901.958
10621.00 0.11717120 1.3436E-23            2.7790E-24 5.0607E-08 1.1542E-08 1.7635E-08 4.4226E-09 6.8242E-08 4.91E-08 4.99E-06   2.144 0.6000 7.1416E-06    906.597
10631.00 0.11585626 1.3082E-23            2.6172E-24 4.6484E-08 1.1981E-08 1.5900E-08 4.5031E-09 6.2384E-08 5.00E-08 5.19E-06   2.155 0.6000 7.3919E-06    902.495
10641.00 0.15349394 1.3394E-23            3.3117E-24 8.6080E-08 1.6399E-08 3.1386E-08 7.7447E-09 1.1747E-07 8.60E-08 5.54E-06   1.874 0.6000 7.5446E-06    938.220
10651.00 0.09696440 1.0275E-23            2.0145E-24 4.7715E-08 1.0479E-08 1.6451E-08 3.9968E-09 6.4166E-08 4.44E-08 4.90E-06   2.333 0.6000 7.5639E-06    905.395
10661.00 0.05397896 8.1628E-24            1.0632E-24 1.7210E-08 6.0695E-09 4.5639E-09 1.2683E-09 2.1774E-08 1.41E-08 4.46E-06   2.919 0.6000 7.5933E-06    851.720
10671.00 0.05060148 7.6908E-24            9.4985E-25 1.5778E-08 5.7731E-09 4.0683E-09 1.1595E-09 1.9847E-08 1.29E-08 4.47E-06   2.984 0.6000 7.5846E-06    848.022
10681.00 0.05827009 7.6156E-24            1.0529E-24 1.9030E-08 6.4390E-09 5.1838E-09 1.4063E-09 2.4214E-08 1.56E-08 4.42E-06   2.843 0.6000 7.5010E-06    858.110
10691.00 0.07176787 7.5666E-24            1.2265E-24 2.8475E-08 7.9144E-09 8.7481E-09 2.1882E-09 3.7223E-08 2.43E-08 4.53E-06   2.634 0.6000 7.5250E-06    879.902
10701.00 0.03484095 5.4517E-24            5.7430E-25 1.1425E-08 4.3026E-09 2.6824E-09 7.2328E-10 1.4107E-08 8.03E-09 4.02E-06   3.357 0.6000 7.6028E-06    834.288
10711.00 0.04989744 6.5010E-24            7.7488E-25 1.6261E-08 5.9517E-09 3.9569E-09 1.1345E-09 2.0218E-08 1.26E-08 4.61E-06   2.998 0.6000 7.6107E-06    851.545
10721.00 0.06029735 6.6097E-24            9.0224E-25 2.1971E-08 7.0418E-09 5.9399E-09 1.5961E-09 2.7911E-08 1.77E-08 4.71E-06   2.808 0.6000 7.5927E-06    867.664
10731.00 0.07546364 6.5404E-24            1.0721E-24 3.1454E-08 8.6616E-09 9.6535E-09 2.5868E-09 4.1107E-08 2.87E-08 4.69E-06   2.584 0.6000 7.5570E-06    887.666
10741.00 0.11059108 7.4457E-24            1.5046E-24 5.6170E-08 1.2563E-08 1.8736E-08 4.8112E-09 7.4906E-08 5.34E-08 5.22E-06   2.202 0.6000 7.5987E-06    920.087
10751.00 0.12468635 7.5664E-24            1.6215E-24 6.5750E-08 1.4097E-08 2.2455E-08 5.8103E-09 8.8205E-08 6.45E-08 5.42E-06   2.082 0.6000 7.5686E-06    929.836
10761.00 0.15172754 7.8118E-24            1.8836E-24 8.9828E-08 1.6979E-08 3.1468E-08 7.9322E-09 1.2130E-07 8.81E-08 5.61E-06   1.886 0.6000 7.5094E-06    948.710
10771.00 0.15931387 7.4718E-24            1.8879E-24 1.0271E-07 1.7962E-08 3.6369E-08 8.7129E-09 1.3908E-07 9.68E-08 5.70E-06   1.837 0.6000 7.6113E-06    957.456
10781.00 0.19892931 7.4229E-24            2.2478E-24 1.5979E-07 2.2380E-08 5.7278E-08 1.2702E-08 2.1707E-07 1.41E-07 5.88E-06   1.615 0.6000 7.6222E-06    985.272
10791.00 0.22356603 7.1816E-24            2.4204E-24 2.0409E-07 2.4935E-08 7.2173E-08 1.5418E-08 2.7626E-07 1.71E-07 5.84E-06   1.498 0.6000 7.4710E-06   1001.347
10801.00 0.22241949 6.8541E-24            2.2962E-24 1.9468E-07 2.4137E-08 6.9029E-08 1.4869E-08 2.6371E-07 1.65E-07 5.68E-06   1.503 0.6000 7.2822E-06    999.098
10811.00 0.21368682 6.4837E-24            2.1088E-24 1.8912E-07 2.3781E-08 6.6646E-08 1.4458E-08 2.5577E-07 1.61E-07 5.76E-06   1.543 0.6000 7.4552E-06    997.885
10821.00 0.20868781 6.2285E-24            1.9650E-24 1.7371E-07 2.3006E-08 6.1466E-08 1.3512E-08 2.3518E-07 1.50E-07 5.73E-06   1.567 0.6000 7.3925E-06    993.282
10831.00 0.22405241 5.9529E-24            2.0139E-24 2.0053E-07 2.3946E-08 6.9944E-08 1.4883E-08 2.7047E-07 1.65E-07 5.55E-06   1.496 0.6000 7.1062E-06   1002.970
10841.00 0.23036991 5.6190E-24            1.9803E-24 2.3492E-07 2.5796E-08 8.0425E-08 1.6708E-08 3.1535E-07 1.86E-07 5.74E-06   1.468 0.6000 7.3512E-06   1013.731
10851.00 0.21615887 5.4038E-24            1.7717E-24 1.9483E-07 2.3945E-08 6.7662E-08 1.4610E-08 2.6249E-07 1.62E-07 5.66E-06   1.532 0.6000 7.3041E-06   1002.532
10861.00 0.23662430 5.1848E-24            1.8516E-24 2.4651E-07 2.6951E-08 8.4211E-08 1.7355E-08 3.3072E-07 1.93E-07 5.87E-06   1.441 0.6000 7.4621E-06   1018.386
10871.00 0.21310596 4.7864E-24            1.5959E-24 2.1902E-07 2.4769E-08 7.4517E-08 1.5526E-08 2.9354E-07 1.72E-07 5.83E-06   1.546 0.6000 7.5693E-06   1011.281
10881.00 0.21466056 4.6635E-24            1.5342E-24 2.0837E-07 2.4954E-08 7.1484E-08 1.5080E-08 2.7986E-07 1.67E-07 5.88E-06   1.539 0.6000 7.6132E-06   1008.918
10891.00 0.18236415 4.3129E-24            1.2465E-24 1.5033E-07 2.0895E-08 5.1791E-08 1.1307E-08 2.0212E-07 1.26E-07 5.69E-06   1.702 0.6000 7.5649E-06    988.932
10901.00 0.17647561 4.1111E-24            1.1454E-24 1.3994E-07 1.9996E-08 4.7674E-08 1.0366E-08 1.8761E-07 1.15E-07 5.64E-06   1.735 0.6000 7.5041E-06    985.037
10911.00 0.20309439 4.0450E-24            1.2642E-24 1.8710E-07 2.3509E-08 6.3600E-08 1.3423E-08 2.5070E-07 1.49E-07 5.84E-06   1.594 0.6000 7.5967E-06   1004.047
10921.00 0.15503843 3.5820E-24            9.2087E-25 1.1633E-07 1.7972E-08 3.9298E-08 8.8038E-09 1.5563E-07 9.78E-08 5.56E-06   1.864 0.6000 7.6235E-06    975.063
10931.00 0.20597327 3.7461E-24            1.1660E-24 1.8001E-07 2.3601E-08 6.1848E-08 1.3137E-08 2.4186E-07 1.46E-07 5.83E-06   1.580 0.6000 7.5345E-06   1003.230
10941.00 0.16929138 3.3399E-24            9.1948E-25 1.3970E-07 1.9841E-08 4.7003E-08 1.0265E-08 1.8671E-07 1.14E-07 5.65E-06   1.776 0.6000 7.6639E-06    987.669
10951.00 0.16687720 3.2324E-24            8.5981E-25 1.3178E-07 1.9651E-08 4.4159E-08 9.7809E-09 1.7594E-07 1.09E-07 5.72E-06   1.790 0.6000 7.7036E-06    984.732
10961.00 0.19595204 3.1459E-24            9.6890E-25 1.8672E-07 2.2878E-08 6.2161E-08 1.2815E-08 2.4888E-07 1.42E-07 5.71E-06   1.630 0.6000 7.5273E-06   1007.294
10971.00 0.20341229 3.0460E-24            9.5887E-25 1.9597E-07 2.3495E-08 6.5155E-08 1.3392E-08 2.6112E-07 1.49E-07 5.71E-06   1.593 0.6000 7.4388E-06   1011.138
10981.00 0.18004598 2.8486E-24            8.1022E-25 1.5981E-07 2.1195E-08 5.2603E-08 1.1254E-08 2.1242E-07 1.25E-07 5.67E-06   1.715 0.6000 7.5628E-06    998.679
10991.00 0.18462622 2.7611E-24            7.9311E-25 1.5499E-07 2.1265E-08 5.1632E-08 1.1187E-08 2.0662E-07 1.24E-07 5.60E-06   1.689 0.6000 7.4267E-06    997.670
11001.00 0.18233164 2.5736E-24            7.4811E-25 1.5938E-07 2.0977E-08 5.2767E-08 1.1123E-08 2.1215E-07 1.24E-07 5.47E-06   1.702 0.6000 7.3350E-06   1000.072
11011.00 0.18154350 2.4395E-24            7.1111E-25 1.7249E-07 2.1390E-08 5.6106E-08 1.1561E-08 2.2860E-07 1.28E-07 5.58E-06   1.706 0.6000 7.4859E-06   1005.553
11021.00 0.18359925 2.3498E-24            6.8685E-25 1.6872E-07 2.1942E-08 5.5284E-08 1.1456E-08 2.2400E-07 1.27E-07 5.68E-06   1.695 0.6000 7.6420E-06   1004.996
11031.00 0.20251676 2.3350E-24            7.2312E-25 1.9423E-07 2.3848E-08 6.3672E-08 1.3158E-08 2.5790E-07 1.46E-07 5.73E-06   1.597 0.6000 7.4670E-06   1014.797
11041.00 0.22485049 2.2345E-24            7.6721E-25 2.5597E-07 2.7324E-08 8.2563E-08 1.6212E-08 3.3853E-07 1.80E-07 5.95E-06   1.492 0.6000 7.6479E-06   1033.515
11051.00 0.22689518 2.1597E-24            7.3924E-25 2.5700E-07 2.7756E-08 8.2722E-08 1.6421E-08 3.3972E-07 1.82E-07 6.01E-06   1.483 0.6000 7.6989E-06   1034.504
11061.00 0.23143464 2.0663E-24            7.1950E-25 2.7055E-07 2.8374E-08 8.6324E-08 1.6928E-08 3.5688E-07 1.88E-07 6.02E-06   1.463 0.6000 7.6847E-06   1038.586
11071.00 0.20707940 1.9328E-24            6.1630E-25 2.1332E-07 2.5040E-08 6.8947E-08 1.3870E-08 2.8227E-07 1.54E-07 5.82E-06   1.575 0.6000 7.6118E-06   1023.675
11081.00 0.18385088 1.7766E-24            5.2134E-25 1.7066E-07 2.1546E-08 5.4979E-08 1.1078E-08 2.2564E-07 1.23E-07 5.50E-06   1.694 0.6000 7.3949E-06   1009.890
11091.00 0.18670309 1.7255E-24            5.0564E-25 1.6423E-07 2.1025E-08 5.2852E-08 1.0843E-08 2.1708E-07 1.20E-07 5.31E-06   1.678 0.6000 7.0888E-06   1008.161
11101.00 0.17211129 1.6264E-24            4.4546E-25 1.4655E-07 2.0321E-08 4.7109E-08 9.9698E-09 1.9366E-07 1.11E-07 5.50E-06   1.760 0.6000 7.4018E-06   1001.673
11111.00 0.19406420 1.5489E-24            4.7874E-25 2.0369E-07 2.3317E-08 6.4278E-08 1.2554E-08 2.6797E-07 1.39E-07 5.59E-06   1.640 0.6000 7.4567E-06   1023.243
11121.00 0.14170472 1.3849E-24            3.3422E-25 1.1769E-07 1.7320E-08 3.6345E-08 7.6724E-09 1.5403E-07 8.52E-08 5.45E-06   1.954 0.6000 7.6365E-06    988.945
11131.00 0.19405924 1.4246E-24            4.3631E-25 2.0744E-07 2.3962E-08 6.5066E-08 1.2803E-08 2.7251E-07 1.42E-07 5.76E-06   1.640 0.6000 7.6345E-06   1025.834
11141.00 0.18748881 1.3952E-24            4.0310E-25 1.7859E-07 2.3026E-08 5.6352E-08 1.1716E-08 2.3494E-07 1.30E-07 5.76E-06   1.674 0.6000 7.5875E-06   1016.918
11151.00 0.18340307 1.3235E-24            3.7643E-25 1.7601E-07 2.2659E-08 5.4963E-08 1.1449E-08 2.3097E-07 1.27E-07 5.73E-06   1.696 0.6000 7.5845E-06   1016.558
11161.00 0.20416734 1.2938E-24            4.0012E-25 2.1776E-07 2.5737E-08 6.8246E-08 1.3734E-08 2.8600E-07 1.53E-07 5.95E-06   1.589 0.6000 7.7213E-06   1031.259
11171.00 0.21190409 1.2535E-24            3.9609E-25 2.2424E-07 2.6077E-08 7.0127E-08 1.4105E-08 2.9437E-07 1.57E-07 5.86E-06   1.552 0.6000 7.5224E-06   1033.918
11181.00 0.22910537 1.1959E-24            4.0909E-25 2.7654E-07 2.8450E-08 8.4780E-08 1.6244E-08 3.6132E-07 1.80E-07 5.93E-06   1.474 0.6000 7.5350E-06   1048.484
11191.00 0.23164287 1.1399E-24            3.9534E-25 2.8776E-07 2.9083E-08 8.7923E-08 1.6616E-08 3.7568E-07 1.85E-07 6.00E-06   1.463 0.6000 7.6181E-06   1051.910
11201.00 0.24154782 1.0846E-24            3.9318E-25 3.1643E-07 2.9804E-08 9.5054E-08 1.7545E-08 4.1148E-07 1.95E-07 5.89E-06   1.421 0.6000 7.4492E-06   1058.963
11211.00 0.24517272 1.0336E-24            3.8130E-25 3.3584E-07 3.0929E-08 1.0036E-07 1.8349E-08 4.3619E-07 2.04E-07 6.02E-06   1.406 0.6000 7.6049E-06   1063.798
11221.00 0.24888189 9.8537E-25            3.6959E-25 3.5596E-07 3.1753E-08 1.0514E-07 1.9059E-08 4.6110E-07 2.12E-07 6.06E-06   1.391 0.6000 7.6441E-06   1068.471
11231.00 0.24786264 9.4105E-25            3.5148E-25 3.5580E-07 3.1868E-08 1.0500E-07 1.9005E-08 4.6080E-07 2.11E-07 6.10E-06   1.395 0.6000 7.6983E-06   1069.188
11241.00 0.24855803 8.9812E-25            3.3647E-25 3.5776E-07 3.1734E-08 1.0500E-07 1.8925E-08 4.6277E-07 2.10E-07 6.05E-06   1.392 0.6000 7.6234E-06   1070.253
11251.00 0.24876723 8.5743E-25            3.2163E-25 3.6307E-07 3.1941E-08 1.0591E-07 1.9034E-08 4.6898E-07 2.11E-07 6.06E-06   1.391 0.6000 7.6427E-06   1071.962
11261.00 0.24584463 8.2022E-25            3.0340E-25 3.4958E-07 3.1312E-08 1.0218E-07 1.8401E-08 4.5175E-07 2.04E-07 6.01E-06   1.403 0.6000 7.5795E-06   1070.074
11271.00 0.24801122 7.8241E-25            2.9230E-25 3.5401E-07 3.1135E-08 1.0276E-07 1.8385E-08 4.5677E-07 2.04E-07 5.90E-06   1.394 0.6000 7.4414E-06   1071.616
11281.00 0.24607717 7.4803E-25            2.7693E-25 3.3567E-07 2.9877E-08 9.7482E-08 1.7449E-08 4.3315E-07 1.94E-07 5.70E-06   1.402 0.6000 7.1947E-06   1068.630
11291.00 0.24567838 7.1458E-25            2.6391E-25 3.5584E-07 3.1628E-08 1.0301E-07 1.8390E-08 4.5885E-07 2.04E-07 6.03E-06   1.404 0.6000 7.6089E-06   1073.464
11301.00 0.24753623 6.8156E-25            2.5392E-25 3.6724E-07 3.2019E-08 1.0541E-07 1.8709E-08 4.7265E-07 2.08E-07 6.04E-06   1.396 0.6000 7.6142E-06   1076.333
11311.00 0.24692053 6.5108E-25            2.4186E-25 3.6147E-07 3.1563E-08 1.0354E-07 1.8341E-08 4.6502E-07 2.04E-07 5.96E-06   1.399 0.6000 7.5111E-06   1075.937
11321.00 0.24622357 6.2213E-25            2.3026E-25 3.6489E-07 3.1923E-08 1.0428E-07 1.8441E-08 4.6917E-07 2.05E-07 6.03E-06   1.402 0.6000 7.6030E-06   1077.332
11331.00 0.24582201 5.9422E-25            2.1952E-25 3.5755E-07 3.1271E-08 1.0191E-07 1.7984E-08 4.5945E-07 2.00E-07 5.90E-06   1.403 0.6000 7.4450E-06   1076.605
11341.00 0.24546775 5.6758E-25            2.0927E-25 3.6441E-07 3.1824E-08 1.0352E-07 1.8227E-08 4.6793E-07 2.02E-07 6.00E-06   1.405 0.6000 7.5703E-06   1078.669
11351.00 0.24537462 5.4200E-25            1.9974E-25 3.4633E-07 3.0142E-08 9.8010E-08 1.7208E-08 4.4434E-07 1.91E-07 5.68E-06   1.405 0.6000 7.1571E-06   1075.753
11361.00 0.24500866 5.1770E-25            1.9042E-25 3.6691E-07 3.1892E-08 1.0351E-07 1.8129E-08 4.7042E-07 2.01E-07 6.00E-06   1.406 0.6000 7.5666E-06   1080.573
11371.00 0.24509917 4.9429E-25            1.8188E-25 3.6516E-07 3.1562E-08 1.0253E-07 1.7904E-08 4.6769E-07 1.99E-07 5.92E-06   1.406 0.6000 7.4662E-06   1080.920
11381.00 0.24434225 4.7228E-25            1.7312E-25 3.7228E-07 3.2278E-08 1.0437E-07 1.8195E-08 4.7665E-07 2.02E-07 6.06E-06   1.409 0.6000 7.6453E-06   1083.039
11391.00 0.24421655 4.5100E-25            1.6521E-25 3.7114E-07 3.2062E-08 1.0363E-07 1.8018E-08 4.7477E-07 2.00E-07 6.01E-06   1.410 0.6000 7.5803E-06   1083.518
11401.00 0.24387316 4.3076E-25            1.5752E-25 3.7286E-07 3.2167E-08 1.0377E-07 1.8001E-08 4.7663E-07 2.00E-07 6.03E-06   1.411 0.6000 7.5997E-06   1084.562
11411.00 0.24338141 4.1148E-25            1.5009E-25 3.7121E-07 3.2036E-08 1.0306E-07 1.7840E-08 4.7426E-07 1.98E-07 6.00E-06   1.413 0.6000 7.5687E-06   1084.968
11421.00 0.24312425 3.9298E-25            1.4315E-25 3.6131E-07 3.1114E-08 9.9962E-08 1.7261E-08 4.6127E-07 1.92E-07 5.82E-06   1.414 0.6000 7.3425E-06   1083.740
11431.00 0.24271020 3.7536E-25            1.3645E-25 3.6744E-07 3.1627E-08 1.0137E-07 1.7465E-08 4.6881E-07 1.94E-07 5.92E-06   1.416 0.6000 7.4607E-06   1085.662
11441.00 0.24227905 3.5854E-25            1.3004E-25 3.6974E-07 3.1812E-08 1.0172E-07 1.7487E-08 4.7146E-07 1.94E-07 5.95E-06   1.418 0.6000 7.5024E-06   1086.828
11451.00 0.24195665 3.4243E-25            1.2400E-25 3.7365E-07 3.2100E-08 1.0246E-07 1.7572E-08 4.7611E-07 1.95E-07 6.00E-06   1.419 0.6000 7.5639E-06   1088.294
11461.00 0.24157149 3.2707E-25            1.1820E-25 3.7837E-07 3.2478E-08 1.0344E-07 1.7700E-08 4.8181E-07 1.97E-07 6.06E-06   1.421 0.6000 7.6494E-06   1089.913
11471.00 0.24115719 3.1241E-25            1.1266E-25 3.7237E-07 3.1947E-08 1.0151E-07 1.7331E-08 4.7388E-07 1.92E-07 5.96E-06   1.422 0.6000 7.5218E-06   1089.480
11481.00 0.24069434 2.9841E-25            1.0736E-25 3.7459E-07 3.2140E-08 1.0184E-07 1.7351E-08 4.7643E-07 1.93E-07 6.00E-06   1.424 0.6000 7.5664E-06   1090.630
11491.00 0.24032600 2.8502E-25            1.0234E-25 3.7481E-07 3.2126E-08 1.0159E-07 1.7268E-08 4.7641E-07 1.92E-07 5.99E-06   1.426 0.6000 7.5587E-06   1091.387
11501.00 0.23991364 2.7223E-25            9.7545E-26 3.6607E-07 3.1361E-08 9.8943E-08 1.6781E-08 4.6501E-07 1.86E-07 5.84E-06   1.427 0.6000 7.3764E-06   1090.407
11511.00 0.23950045 2.6002E-25            9.2972E-26 3.6408E-07 3.1175E-08 9.8118E-08 1.6603E-08 4.6220E-07 1.84E-07 5.81E-06   1.429 0.6000 7.3299E-06   1090.732
11521.00 0.23906365 2.4836E-25            8.8604E-26 3.6560E-07 3.1298E-08 9.8257E-08 1.6591E-08 4.6386E-07 1.84E-07 5.83E-06   1.431 0.6000 7.3570E-06   1091.749
11531.00 0.23864824 2.3722E-25            8.4447E-26 3.5221E-07 3.0139E-08 9.4395E-08 1.5904E-08 4.4660E-07 1.77E-07 5.61E-06   1.433 0.6000 7.0826E-06   1089.788
11541.00 0.23824671 2.2657E-25            8.0491E-26 2.8037E-07 2.3979E-08 7.4926E-08 1.2596E-08 3.5530E-07 1.40E-07 4.46E-06   1.434 0.6000 5.6333E-06   1074.409
11551.00 0.23779374 2.1642E-25            7.6702E-26 3.5655E-07 3.0494E-08 9.5021E-08 1.5939E-08 4.5157E-07 1.77E-07 5.67E-06   1.436 0.6000 7.1627E-06   1092.100
11561.00 0.23736511 2.0672E-25            7.3099E-26 3.7473E-07 3.2039E-08 9.9591E-08 1.6669E-08 4.7432E-07 1.85E-07 5.96E-06   1.438 0.6000 7.5239E-06   1096.399
11571.00 0.23697598 1.9744E-25            6.9677E-26 3.8205E-07 3.2640E-08 1.0124E-07 1.6906E-08 4.8329E-07 1.88E-07 6.07E-06   1.440 0.6000 7.6619E-06   1098.516
11581.00 0.23651712 1.8858E-25            6.6395E-26 3.7955E-07 3.2430E-08 1.0031E-07 1.6715E-08 4.7986E-07 1.86E-07 6.03E-06   1.442 0.6000 7.6124E-06   1098.762
11591.00 0.23589584 1.8015E-25            6.3223E-26 3.7867E-07 3.2415E-08 9.9880E-08 1.6613E-08 4.7855E-07 1.85E-07 6.03E-06   1.444 0.6000 7.6150E-06   1099.325
11601.00 0.23565401 1.7204E-25            6.0299E-26 3.7382E-07 3.1924E-08 9.8248E-08 1.6300E-08 4.7207E-07 1.81E-07 5.93E-06   1.445 0.6000 7.4906E-06   1099.098
11611.00 0.23497638 1.6436E-25            5.7405E-26 3.7198E-07 3.1846E-08 9.7587E-08 1.6161E-08 4.6957E-07 1.79E-07 5.92E-06   1.448 0.6000 7.4800E-06   1099.474
11621.00 0.23471183 1.5693E-25            5.4744E-26 3.7679E-07 3.2191E-08 9.8513E-08 1.6274E-08 4.7531E-07 1.81E-07 5.98E-06   1.449 0.6000 7.5536E-06   1101.113
11631.00 0.23403077 1.4990E-25            5.2116E-26 3.7275E-07 3.1926E-08 9.7280E-08 1.6042E-08 4.7003E-07 1.78E-07 5.93E-06   1.452 0.6000 7.5002E-06   1101.063
11641.00 0.23338133 1.4319E-25            4.9616E-26 3.7094E-07 3.1844E-08 9.6636E-08 1.5907E-08 4.6758E-07 1.77E-07 5.92E-06   1.455 0.6000 7.4886E-06   1101.445
11651.00 0.23323555 1.3674E-25            4.7342E-26 3.7282E-07 3.1897E-08 9.6749E-08 1.5881E-08 4.6957E-07 1.76E-07 5.92E-06   1.456 0.6000 7.4886E-06   1102.512
11661.00 0.23168689 1.3069E-25            4.4900E-26 3.7286E-07 3.2284E-08 9.6910E-08 1.5904E-08 4.6977E-07 1.77E-07 6.02E-06   1.462 0.6000 7.6222E-06   1103.303
11671.00 0.23220478 1.2475E-25            4.2960E-26 3.7935E-07 3.2499E-08 9.7960E-08 1.6014E-08 4.7731E-07 1.78E-07 6.03E-06   1.460 0.6000 7.6343E-06   1105.219
11681.00 0.23124805 1.1918E-25            4.0849E-26 3.7012E-07 3.1882E-08 9.5509E-08 1.5595E-08 4.6563E-07 1.73E-07 5.93E-06   1.464 0.6000 7.5086E-06   1104.179
11691.00 0.23053546 1.1385E-25            3.8876E-26 3.5707E-07 3.0849E-08 9.1986E-08 1.4997E-08 4.4906E-07 1.67E-07 5.75E-06   1.467 0.6000 7.2750E-06   1102.315
11701.00 0.22979394 1.0875E-25            3.7000E-26 2.6696E-07 2.3090E-08 6.8599E-08 1.1165E-08 3.3556E-07 1.24E-07 4.30E-06   1.471 0.6000 5.4498E-06   1082.409
11711.00 0.22870132 1.0390E-25            3.5152E-26 3.1567E-07 2.7489E-08 8.1085E-08 1.3178E-08 3.9675E-07 1.46E-07 5.14E-06   1.475 0.6000 6.5087E-06   1094.946
11721.00 0.22948173 9.9166E-26            3.3676E-26 3.6527E-07 3.1463E-08 9.3257E-08 1.5093E-08 4.5852E-07 1.68E-07 5.85E-06   1.472 0.6000 7.4074E-06   1106.097
11731.00 0.22805595 9.4755E-26            3.1953E-26 3.6560E-07 3.1800E-08 9.3380E-08 1.5110E-08 4.5898E-07 1.68E-07 5.94E-06   1.478 0.6000 7.5244E-06   1106.928
11741.00 0.22642881 9.0534E-26            3.0289E-26 3.4865E-07 3.0673E-08 8.9108E-08 1.4424E-08 4.3776E-07 1.60E-07 5.76E-06   1.485 0.6000 7.3045E-06   1104.258
11751.00 0.22710615 8.6428E-26            2.8998E-26 3.6754E-07 3.1942E-08 9.3303E-08 1.5033E-08 4.6084E-07 1.67E-07 5.96E-06   1.482 0.6000 7.5574E-06   1108.738
11761.00 0.22753169 8.2531E-26            2.7739E-26 3.2957E-07 2.8432E-08 8.3275E-08 1.3366E-08 4.1285E-07 1.48E-07 5.29E-06   1.480 0.6000 6.6941E-06   1101.552
11771.00 0.22698824 7.8817E-26            2.6420E-26 3.5287E-07 3.0471E-08 8.8942E-08 1.4244E-08 4.4181E-07 1.58E-07 5.67E-06   1.483 0.6000 7.1784E-06   1107.192
11781.00 0.22648314 7.5275E-26            2.5167E-26 3.7453E-07 3.2350E-08 9.4149E-08 1.5054E-08 4.6868E-07 1.67E-07 6.02E-06   1.485 0.6000 7.6220E-06   1112.240
11791.00 0.22573797 7.1909E-26            2.3947E-26 3.7237E-07 3.2284E-08 9.3483E-08 1.4917E-08 4.6585E-07 1.66E-07 6.01E-06   1.488 0.6000 7.6178E-06   1112.557
11801.00 0.22688669 6.8635E-26            2.2979E-26 3.7342E-07 3.1840E-08 9.2967E-08 1.4761E-08 4.6639E-07 1.64E-07 5.88E-06   1.483 0.6000 7.4468E-06   1113.399
11811.00 0.22575752 6.5570E-26            2.1831E-26 3.7085E-07 3.1837E-08 9.2265E-08 1.4639E-08 4.6312E-07 1.63E-07 5.90E-06   1.488 0.6000 7.4721E-06   1113.642
11821.00 0.22497876 6.2632E-26            2.0766E-26 3.7512E-07 3.2306E-08 9.3165E-08 1.4760E-08 4.6828E-07 1.64E-07 5.99E-06   1.492 0.6000 7.5939E-06   1115.210
11831.00 0.22466701 5.9818E-26            1.9800E-26 3.7457E-07 3.2267E-08 9.2844E-08 1.4669E-08 4.6741E-07 1.63E-07 5.98E-06   1.493 0.6000 7.5796E-06   1115.832
11841.00 0.22271159 5.7167E-26            1.8740E-26 3.6209E-07 3.1665E-08 8.9913E-08 1.4226E-08 4.5200E-07 1.58E-07 5.91E-06   1.502 0.6000 7.4967E-06   1114.142
11851.00 0.22033916 5.4617E-26            1.7698E-26 3.4809E-07 3.0969E-08 8.6599E-08 1.3715E-08 4.3468E-07 1.52E-07 5.84E-06   1.513 0.6000 7.4088E-06   1112.058
11861.00 0.22164108 5.2132E-26            1.6994E-26 3.6376E-07 3.1868E-08 8.9879E-08 1.4151E-08 4.5364E-07 1.57E-07 5.96E-06   1.507 0.6000 7.5539E-06   1115.918
11871.00 0.22168031 4.9411E-26            1.6232E-26 3.6481E-07 3.1735E-08 8.9614E-08 1.4079E-08 4.5442E-07 1.56E-07 5.91E-06   1.507 0.6000 7.4948E-06   1116.800
11881.00 0.21792649 4.6971E-26            1.5231E-26 3.5044E-07 3.1462E-08 8.6585E-08 1.3671E-08 4.3703E-07 1.52E-07 5.96E-06   1.524 0.6000 7.5634E-06   1114.712
11891.00 0.21564025 4.4844E-26            1.4388E-26 3.4437E-07 3.1420E-08 8.5141E-08 1.3455E-08 4.2951E-07 1.49E-07 6.00E-06   1.534 0.6000 7.6272E-06   1114.207
11901.00 0.21783501 4.2886E-26            1.3877E-26 3.5392E-07 3.1651E-08 8.6925E-08 1.3646E-08 4.4084E-07 1.52E-07 5.97E-06   1.524 0.6000 7.5712E-06   1116.854
11911.00 0.21739624 4.0940E-26            1.3218E-26 3.5310E-07 3.1498E-08 8.6369E-08 1.3519E-08 4.3947E-07 1.50E-07 5.94E-06   1.526 0.6000 7.5362E-06   1117.382
11921.00 0.21349436 3.9066E-26            1.2396E-26 3.2461E-07 2.9986E-08 7.9940E-08 1.2552E-08 4.0455E-07 1.39E-07 5.75E-06   1.544 0.6000 7.3140E-06   1112.133
11931.00 0.21268941 3.7294E-26            1.1792E-26 3.3823E-07 3.1055E-08 8.2695E-08 1.2985E-08 4.2093E-07 1.44E-07 5.96E-06   1.548 0.6000 7.5712E-06   1115.755
11941.00 0.20952891 3.5589E-26            1.1083E-26 3.2806E-07 3.0843E-08 8.0375E-08 1.2682E-08 4.0843E-07 1.41E-07 5.99E-06   1.563 0.6000 7.6217E-06   1114.327
11951.00 0.20960122 3.3972E-26            1.0589E-26 3.2933E-07 3.0550E-08 7.9995E-08 1.2598E-08 4.0933E-07 1.40E-07 5.91E-06   1.563 0.6000 7.5194E-06   1115.235
11961.00 0.20408355 3.2418E-26            9.8430E-27 3.1011E-07 3.0065E-08 7.5629E-08 1.2096E-08 3.8574E-07 1.34E-07 5.94E-06   1.589 0.6000 7.5871E-06   1111.709
11971.00 0.20558162 3.0929E-26            9.4617E-27 3.1746E-07 3.0246E-08 7.7108E-08 1.2161E-08 3.9456E-07 1.35E-07 5.94E-06   1.582 0.6000 7.5688E-06   1114.086
11981.00 0.20717040 2.9551E-26            9.1086E-27 3.2047E-07 2.9993E-08 7.7387E-08 1.2093E-08 3.9786E-07 1.34E-07 5.83E-06   1.574 0.6000 7.4366E-06   1115.436
11991.00 0.19527496 2.8066E-26            8.1939E-27 2.7793E-07 2.8353E-08 6.7573E-08 1.0881E-08 3.4550E-07 1.21E-07 5.81E-06   1.633 0.6000 7.4512E-06   1106.089
12001.00 0.19494651 2.6732E-26            7.8045E-27 2.7086E-07 2.7929E-08 6.6182E-08 1.0633E-08 3.3704E-07 1.18E-07 5.73E-06   1.635 0.6000 7.3525E-06   1105.078
12011.00 0.19280349 2.4876E-26            7.3815E-27 2.9195E-07 2.8251E-08 7.0050E-08 1.0966E-08 3.6200E-07 1.22E-07 5.76E-06   1.646 0.6000 7.4651E-06   1110.899
12021.00 0.18388668 2.3912E-26            6.7060E-27 2.5357E-07 2.7281E-08 6.1481E-08 1.0074E-08 3.1505E-07 1.12E-07 5.80E-06   1.693 0.6000 7.5463E-06   1101.808
12031.00 0.19700368 2.3290E-26            6.8675E-27 2.8894E-07 2.8720E-08 6.9529E-08 1.0979E-08 3.5847E-07 1.22E-07 5.77E-06   1.625 0.6000 7.4160E-06   1111.691
12041.00 0.18747774 2.1909E-26            6.2342E-27 2.6978E-07 2.7773E-08 6.4480E-08 1.0357E-08 3.3426E-07 1.15E-07 5.78E-06   1.674 0.6000 7.5039E-06   1107.466
12051.00 0.18590347 2.0383E-26            5.9066E-27 2.7203E-07 2.7618E-08 6.4865E-08 1.0201E-08 3.3689E-07 1.13E-07 5.79E-06   1.683 0.6000 7.5169E-06   1108.765
12061.00 0.17798093 1.6626E-26            5.3937E-27 2.5324E-07 2.6752E-08 6.0086E-08 9.6088E-09 3.1332E-07 1.07E-07 5.79E-06   1.726 0.6000 7.5939E-06   1104.387
12071.00 0.17987944 1.5508E-26            5.2102E-27 2.5999E-07 2.7259E-08 6.1798E-08 9.8055E-09 3.2178E-07 1.09E-07 5.82E-06   1.715 0.6000 7.6428E-06   1107.005
12081.00 0.16932787 1.4312E-26            4.6776E-27 2.2211E-07 2.5481E-08 5.3187E-08 8.6940E-09 2.7530E-07 9.66E-08 5.75E-06   1.776 0.6000 7.6030E-06   1096.840
12091.00 0.19914259 1.5172E-26            5.2490E-27 3.1826E-07 3.0207E-08 7.4663E-08 1.1464E-08 3.9292E-07 1.27E-07 5.93E-06   1.614 0.6000 7.6166E-06   1122.777
12101.00 0.18793355 1.4013E-26            4.7373E-27 2.7927E-07 2.8460E-08 6.5916E-08 1.0336E-08 3.4518E-07 1.15E-07 5.87E-06   1.672 0.6000 7.6091E-06   1114.213
12111.00 0.18655993 1.3300E-26            4.4791E-27 2.7775E-07 2.8165E-08 6.5157E-08 1.0195E-08 3.4291E-07 1.13E-07 5.82E-06   1.679 0.6000 7.5626E-06   1114.484
12121.00 0.20037250 1.3324E-26            4.6009E-27 3.2273E-07 3.0090E-08 7.4853E-08 1.1334E-08 3.9758E-07 1.26E-07 5.84E-06   1.608 0.6000 7.4981E-06   1125.879
12131.00 0.18677355 1.2263E-26            4.0905E-27 2.7089E-07 2.8167E-08 6.3560E-08 9.9494E-09 3.3445E-07 1.10E-07 5.83E-06   1.678 0.6000 7.5446E-06   1114.193
12141.00 0.15919434 1.0566E-26            3.3406E-27 1.9865E-07 2.3882E-08 4.6603E-08 7.6559E-09 2.4526E-07 8.50E-08 5.58E-06   1.838 0.6000 7.4416E-06   1093.290
12151.00 0.11902176 8.1745E-27            2.3694E-27 1.2014E-07 1.8086E-08 2.7676E-08 4.8485E-09 1.4782E-07 5.38E-08 5.30E-06   2.128 0.6000 7.5107E-06   1060.424
12161.00 0.17980762 1.0382E-26            3.4226E-27 2.5473E-07 2.6676E-08 5.9151E-08 9.2132E-09 3.1388E-07 1.02E-07 5.65E-06   1.716 0.6000 7.3702E-06   1111.916
12171.00 0.19174701 1.0366E-26            3.4884E-27 2.8858E-07 2.8628E-08 6.6969E-08 1.0225E-08 3.5555E-07 1.14E-07 5.74E-06   1.652 0.6000 7.4020E-06   1121.540
12181.00 0.20063648 1.0192E-26            3.4824E-27 3.2554E-07 3.0253E-08 7.4442E-08 1.1144E-08 3.9998E-07 1.24E-07 5.81E-06   1.606 0.6000 7.4299E-06   1130.811
12191.00 0.17166233 8.8123E-27            2.8510E-27 2.3554E-07 2.5577E-08 5.4228E-08 8.5144E-09 2.8977E-07 9.46E-08 5.59E-06   1.762 0.6000 7.3655E-06   1108.509
12201.00 0.16975237 8.2958E-27            2.6867E-27 2.3361E-07 2.5076E-08 5.3634E-08 8.2576E-09 2.8724E-07 9.17E-08 5.48E-06   1.773 0.6000 7.2879E-06   1108.631
12211.00 0.16870181 7.9257E-27            2.5475E-27 2.3133E-07 2.5455E-08 5.3246E-08 8.2658E-09 2.8458E-07 9.18E-08 5.60E-06   1.780 0.6000 7.4288E-06   1108.716
12221.00 0.15281960 7.1155E-27            2.2088E-27 1.9182E-07 2.3013E-08 4.3866E-08 7.0049E-09 2.3569E-07 7.78E-08 5.50E-06   1.878 0.6000 7.4096E-06   1096.411
12231.00 0.16619352 7.1650E-27            2.2856E-27 2.3698E-07 2.5873E-08 5.4054E-08 8.3594E-09 2.9103E-07 9.28E-08 5.73E-06   1.795 0.6000 7.6019E-06   1111.761
12241.00 0.15220004 5.9637E-27            2.0034E-27 2.0226E-07 2.3689E-08 4.5920E-08 7.2246E-09 2.4818E-07 8.02E-08 5.62E-06   1.883 0.6000 7.5712E-06   1101.416
12251.00 0.15377635 3.9945E-27            1.9247E-27 2.0706E-07 2.4031E-08 4.6719E-08 7.3809E-09 2.5378E-07 8.20E-08 5.61E-06   1.872 0.6000 7.5568E-06   1103.686
12261.00 0.15824117 3.7323E-27            1.8966E-27 2.0510E-07 2.4721E-08 4.6335E-08 7.5196E-09 2.5144E-07 8.35E-08 5.70E-06   1.844 0.6000 7.5676E-06   1103.777
12271.00 0.15841030 3.5929E-27            1.8101E-27 2.0279E-07 2.4797E-08 4.5939E-08 7.4596E-09 2.4873E-07 8.28E-08 5.75E-06   1.843 0.6000 7.5742E-06   1103.760
12281.00 0.16964011 3.7399E-27            1.8508E-27 2.3216E-07 2.6794E-08 5.2424E-08 8.4301E-09 2.8458E-07 9.36E-08 5.82E-06   1.774 0.6000 7.5993E-06   1113.867
12291.00 0.16550657 3.5303E-27            1.7243E-27 2.2889E-07 2.6135E-08 5.1473E-08 8.0151E-09 2.8036E-07 8.90E-08 5.83E-06   1.799 0.6000 7.6171E-06   1113.554
12301.00 0.18703139 3.9867E-27            1.8596E-27 2.9563E-07 2.9501E-08 6.5816E-08 9.8161E-09 3.6145E-07 1.09E-07 5.90E-06   1.676 0.6000 7.5809E-06   1132.400
12311.00 0.18921182 3.8830E-27            1.7954E-27 3.0030E-07 2.9805E-08 6.7013E-08 9.8681E-09 3.6731E-07 1.10E-07 5.91E-06   1.665 0.6000 7.5827E-06   1134.312
12321.00 0.19082662 3.7645E-27            1.7298E-27 3.1002E-07 3.0110E-08 6.8716E-08 1.0080E-08 3.7874E-07 1.12E-07 5.90E-06   1.656 0.6000 7.5619E-06   1137.287
12331.00 0.19512297 3.7144E-27            1.6876E-27 3.2969E-07 3.0990E-08 7.2669E-08 1.0518E-08 4.0236E-07 1.17E-07 5.93E-06   1.634 0.6000 7.5814E-06   1142.466
12341.00 0.19858339 3.6516E-27            1.6402E-27 3.4480E-07 3.1227E-08 7.5303E-08 1.0739E-08 4.2010E-07 1.19E-07 5.86E-06   1.617 0.6000 7.4845E-06   1146.398
12351.00 0.19775918 3.4761E-27            1.5587E-27 3.3849E-07 3.0731E-08 7.3793E-08 1.0509E-08 4.1228E-07 1.17E-07 5.78E-06   1.621 0.6000 7.3918E-06   1145.758
12361.00 0.20009208 3.3866E-27            1.5059E-27 3.5768E-07 3.1487E-08 7.7122E-08 1.0880E-08 4.3480E-07 1.21E-07 5.84E-06   1.609 0.6000 7.4500E-06   1150.451
12371.00 0.20042017 3.2492E-27            1.4396E-27 3.6314E-07 3.1816E-08 7.8086E-08 1.0971E-08 4.4122E-07 1.22E-07 5.88E-06   1.607 0.6000 7.4992E-06   1152.293
12381.00 0.20171487 3.1410E-27            1.3833E-27 3.7467E-07 3.2190E-08 7.9875E-08 1.1160E-08 4.5454E-07 1.24E-07 5.89E-06   1.601 0.6000 7.5115E-06   1155.267
12391.00 0.20095846 2.9920E-27            1.3155E-27 3.7564E-07 3.2348E-08 7.9879E-08 1.1140E-08 4.5552E-07 1.24E-07 5.93E-06   1.605 0.6000 7.5618E-06   1156.180
12401.00 0.20044436 2.8531E-27            1.2524E-27 3.7737E-07 3.2627E-08 8.0154E-08 1.1171E-08 4.5752E-07 1.24E-07 5.98E-06   1.607 0.6000 7.6275E-06   1157.261
12411.00 0.20091711 2.7423E-27            1.1985E-27 3.8024E-07 3.2543E-08 8.0327E-08 1.1135E-08 4.6057E-07 1.24E-07 5.94E-06   1.605 0.6000 7.5712E-06   1158.511
12421.00 0.19958214 2.6023E-27            1.1367E-27 3.6465E-07 3.1420E-08 7.6888E-08 1.0661E-08 4.4154E-07 1.18E-07 5.76E-06   1.612 0.6000 7.3492E-06   1156.097
12431.00 0.19471854 2.4033E-27            1.0582E-27 3.4637E-07 3.1344E-08 7.3739E-08 1.0324E-08 4.2011E-07 1.15E-07 5.88E-06   1.636 0.6000 7.5224E-06   1153.137
12441.00 0.19498366 2.3079E-27            1.0117E-27 3.5299E-07 3.1610E-08 7.4722E-08 1.0401E-08 4.2771E-07 1.16E-07 5.91E-06   1.635 0.6000 7.5586E-06   1155.221
12451.00 0.19404416 2.1947E-27            9.6117E-28 3.4528E-07 3.1138E-08 7.3046E-08 1.0158E-08 4.1833E-07 1.13E-07 5.84E-06   1.640 0.6000 7.4655E-06   1154.317
12461.00 0.19243822 2.0755E-27            9.0962E-28 3.3961E-07 3.1231E-08 7.2114E-08 1.0040E-08 4.1172E-07 1.12E-07 5.90E-06   1.648 0.6000 7.5531E-06   1153.882
12471.00 0.19453429 2.0205E-27            8.7811E-28 3.5876E-07 3.1892E-08 7.5199E-08 1.0369E-08 4.3396E-07 1.15E-07 5.94E-06   1.637 0.6000 7.5917E-06   1158.552
12481.00 0.19168100 1.8957E-27            8.2571E-28 3.4915E-07 3.1424E-08 7.2930E-08 1.0090E-08 4.2208E-07 1.12E-07 5.92E-06   1.652 0.6000 7.5823E-06   1157.227
12491.00 0.19269118 1.8284E-27            7.9234E-28 3.5301E-07 3.1417E-08 7.3446E-08 1.0101E-08 4.2646E-07 1.12E-07 5.87E-06   1.647 0.6000 7.5158E-06   1158.745
12501.00 0.19308876 1.7544E-27            7.5767E-28 3.5113E-07 3.1181E-08 7.2932E-08 9.9849E-09 4.2406E-07 1.11E-07 5.81E-06   1.645 0.6000 7.4276E-06   1159.072
12511.00 0.19636537 1.7205E-27            7.3576E-28 3.7836E-07 3.2559E-08 7.7890E-08 1.0561E-08 4.5625E-07 1.17E-07 5.95E-06   1.628 0.6000 7.5963E-06   1165.313
12521.00 0.19382291 1.6174E-27            6.9322E-28 3.6631E-07 3.2137E-08 7.5483E-08 1.0268E-08 4.4180E-07 1.14E-07 5.94E-06   1.641 0.6000 7.5909E-06   1163.639
12531.00 0.19619472 1.5753E-27            6.6981E-28 3.8122E-07 3.2614E-08 7.7933E-08 1.0510E-08 4.5915E-07 1.17E-07 5.94E-06   1.629 0.6000 7.5761E-06   1167.292
12541.00 0.19330311 1.4770E-27            6.3001E-28 3.6666E-07 3.2100E-08 7.5101E-08 1.0176E-08 4.4177E-07 1.13E-07 5.92E-06   1.643 0.6000 7.5663E-06   1165.132
12551.00 0.18856835 1.3645E-27            5.8690E-28 3.4368E-07 3.1379E-08 7.0714E-08 9.7046E-09 4.1440E-07 1.08E-07 5.91E-06   1.668 0.6000 7.5782E-06   1161.086
12561.00 0.18629259 1.2834E-27            5.5284E-28 3.3148E-07 3.0746E-08 6.8214E-08 9.3724E-09 3.9969E-07 1.04E-07 5.85E-06   1.680 0.6000 7.5178E-06   1159.141
12571.00 0.19463605 1.3097E-27            5.5166E-28 3.8033E-07 3.2439E-08 7.6802E-08 1.0268E-08 4.5713E-07 1.14E-07 5.90E-06   1.637 0.6000 7.5341E-06   1169.960
12581.00 0.19552906 1.2623E-27            5.2897E-28 3.7477E-07 3.1535E-08 7.5202E-08 9.9986E-09 4.4997E-07 1.11E-07 5.69E-06   1.632 0.6000 7.2713E-06   1169.516
12591.00 0.19648907 1.2173E-27            5.0743E-28 3.8518E-07 3.1910E-08 7.6747E-08 1.0144E-08 4.6193E-07 1.13E-07 5.72E-06   1.627 0.6000 7.2954E-06   1172.252
12601.00 0.19466884 1.1512E-27            4.8005E-28 3.7748E-07 3.1638E-08 7.5163E-08 9.9436E-09 4.5264E-07 1.10E-07 5.71E-06   1.636 0.6000 7.2929E-06   1171.463
12611.00 0.18943834 1.0601E-27            4.4571E-28 3.6058E-07 3.1568E-08 7.2228E-08 9.6468E-09 4.3280E-07 1.07E-07 5.84E-06   1.664 0.6000 7.4861E-06   1168.828
12621.00 0.18901351 1.0115E-27            4.2460E-28 3.6030E-07 3.1575E-08 7.1979E-08 9.6148E-09 4.3227E-07 1.07E-07 5.84E-06   1.666 0.6000 7.4847E-06   1169.484
12631.00 0.19040059 9.7816E-28            4.0818E-28 3.6176E-07 3.1413E-08 7.2103E-08 9.5615E-09 4.3386E-07 1.06E-07 5.76E-06   1.659 0.6000 7.3759E-06   1170.508
12641.00 0.18759206 9.1705E-28            3.8387E-28 3.5708E-07 3.1593E-08 7.1151E-08 9.4754E-09 4.2823E-07 1.05E-07 5.86E-06   1.673 0.6000 7.5189E-06   1170.271
12651.00 0.18738873 8.7750E-28            3.6611E-28 3.6235E-07 3.1885E-08 7.1867E-08 9.5267E-09 4.3421E-07 1.06E-07 5.91E-06   1.675 0.6000 7.5744E-06   1172.063
12661.00 0.18414272 8.1945E-28            3.4347E-28 3.4508E-07 3.1291E-08 6.8629E-08 9.1665E-09 4.1371E-07 1.02E-07 5.89E-06   1.692 0.6000 7.5617E-06   1169.171
12671.00 0.18647993 7.9738E-28            3.3184E-28 3.5748E-07 3.1958E-08 7.0969E-08 9.4013E-09 4.2845E-07 1.04E-07 5.93E-06   1.679 0.6000 7.6006E-06   1172.549
12681.00 0.19032007 7.8661E-28            3.2332E-28 3.8173E-07 3.2599E-08 7.4790E-08 9.7612E-09 4.5652E-07 1.08E-07 5.91E-06   1.659 0.6000 7.5620E-06   1178.104
12691.00 0.18914793 7.4648E-28            3.0674E-28 3.7586E-07 3.2316E-08 7.3482E-08 9.6022E-09 4.4934E-07 1.07E-07 5.88E-06   1.665 0.6000 7.5242E-06   1177.648
12701.00 0.19038138 7.2173E-28            2.9469E-28 3.8841E-07 3.2836E-08 7.5452E-08 9.7789E-09 4.6386E-07 1.09E-07 5.92E-06   1.659 0.6000 7.5755E-06   1180.818
12711.00 0.18990993 6.8866E-28            2.8058E-28 3.8964E-07 3.3009E-08 7.5559E-08 9.7598E-09 4.6519E-07 1.08E-07 5.96E-06   1.661 0.6000 7.6222E-06   1181.787
12721.00 0.19235928 6.7190E-28            2.7129E-28 4.0150E-07 3.2901E-08 7.6968E-08 9.8496E-09 4.7847E-07 1.09E-07 5.85E-06   1.648 0.6000 7.4713E-06   1184.690
12731.00 0.19216783 6.4247E-28            2.5869E-28 4.0227E-07 3.2879E-08 7.6847E-08 9.8060E-09 4.7911E-07 1.09E-07 5.83E-06   1.649 0.6000 7.4573E-06   1185.543
12741.00 0.19187318 6.1387E-28            2.4655E-28 4.0981E-07 3.3447E-08 7.8033E-08 9.9317E-09 4.8784E-07 1.10E-07 5.93E-06   1.651 0.6000 7.5819E-06   1187.682
12751.00 0.19180851 5.8757E-28            2.3526E-28 4.1123E-07 3.3432E-08 7.8005E-08 9.8976E-09 4.8924E-07 1.10E-07 5.92E-06   1.651 0.6000 7.5638E-06   1188.652
12761.00 0.19183850 5.6279E-28            2.2459E-28 4.0399E-07 3.2661E-08 7.6294E-08 9.6483E-09 4.8028E-07 1.07E-07 5.77E-06   1.651 0.6000 7.3715E-06   1187.981
12771.00 0.19157222 5.3784E-28            2.1408E-28 4.1259E-07 3.3304E-08 7.7665E-08 9.7960E-09 4.9025E-07 1.09E-07 5.87E-06   1.652 0.6000 7.5108E-06   1190.314
12781.00 0.19127478 5.1388E-28            2.0403E-28 4.1789E-07 3.3695E-08 7.8431E-08 9.8672E-09 4.9632E-07 1.10E-07 5.94E-06   1.654 0.6000 7.5955E-06   1192.015
12791.00 0.19094598 4.9084E-28            1.9441E-28 4.1857E-07 3.3725E-08 7.8327E-08 9.8301E-09 4.9689E-07 1.09E-07 5.94E-06   1.656 0.6000 7.5991E-06   1192.855
12801.00 0.19067696 4.6906E-28            1.8530E-28 4.1261E-07 3.3192E-08 7.6964E-08 9.6329E-09 4.8957E-07 1.07E-07 5.84E-06   1.657 0.6000 7.4738E-06   1192.459
12811.00 0.19028677 4.4782E-28            1.7651E-28 4.1743E-07 3.3588E-08 7.7665E-08 9.6981E-09 4.9509E-07 1.08E-07 5.91E-06   1.659 0.6000 7.5630E-06   1194.077
12821.00 0.19001463 4.2792E-28            1.6824E-28 4.1335E-07 3.3212E-08 7.6664E-08 9.5483E-09 4.9001E-07 1.06E-07 5.84E-06   1.661 0.6000 7.4729E-06   1194.030
12831.00 0.18960965 4.0849E-28            1.6024E-28 4.1823E-07 3.3617E-08 7.7373E-08 9.6143E-09 4.9560E-07 1.07E-07 5.91E-06   1.663 0.6000 7.5645E-06   1195.657
12841.00 0.18933026 3.9034E-28            1.5273E-28 4.2041E-07 3.3745E-08 7.7530E-08 9.6085E-09 4.9794E-07 1.07E-07 5.93E-06   1.664 0.6000 7.5875E-06   1196.773
12851.00 0.18897091 3.7275E-28            1.4550E-28 4.2024E-07 3.3722E-08 7.7285E-08 9.5552E-09 4.9753E-07 1.06E-07 5.92E-06   1.666 0.6000 7.5802E-06   1197.460
12861.00 0.18864340 3.5603E-28            1.3864E-28 4.1225E-07 3.3056E-08 7.5589E-08 9.3219E-09 4.8784E-07 1.04E-07 5.80E-06   1.668 0.6000 7.4270E-06   1196.687
12871.00 0.18832584 3.4009E-28            1.3211E-28 4.2206E-07 3.3816E-08 7.7162E-08 9.4919E-09 4.9923E-07 1.05E-07 5.93E-06   1.670 0.6000 7.5937E-06   1199.226
12881.00 0.18797345 3.2478E-28            1.2586E-28 4.2146E-07 3.3758E-08 7.6840E-08 9.4297E-09 4.9830E-07 1.05E-07 5.92E-06   1.671 0.6000 7.5782E-06   1199.832
12891.00 0.18758136 3.1005E-28            1.1988E-28 4.2107E-07 3.3737E-08 7.6575E-08 9.3761E-09 4.9765E-07 1.04E-07 5.91E-06   1.674 0.6000 7.5729E-06   1200.481
12901.00 0.18725559 2.9613E-28            1.1423E-28 4.0127E-07 3.2131E-08 7.2765E-08 8.8879E-09 4.7404E-07 9.87E-08 5.63E-06   1.675 0.6000 7.2091E-06   1197.464
12911.00 0.18685186 2.8268E-28            1.0879E-28 4.1025E-07 3.2869E-08 7.4212E-08 9.0446E-09 4.8447E-07 1.00E-07 5.76E-06   1.677 0.6000 7.3749E-06   1199.898
12921.00 0.18649797 2.6995E-28            1.0364E-28 4.2212E-07 3.3811E-08 7.6154E-08 9.2589E-09 4.9828E-07 1.03E-07 5.92E-06   1.679 0.6000 7.5841E-06   1202.830
12931.00 0.18608117 2.5766E-28            9.8706E-29 4.1936E-07 3.3613E-08 7.5480E-08 9.1569E-09 4.9484E-07 1.02E-07 5.89E-06   1.682 0.6000 7.5411E-06   1203.042
12941.00 0.18562421 2.4586E-28            9.3981E-29 4.0849E-07 3.2787E-08 7.3368E-08 8.8832E-09 4.8186E-07 9.87E-08 5.74E-06   1.684 0.6000 7.3599E-06   1201.726
12951.00 0.18524621 2.3474E-28            8.9521E-29 4.1391E-07 3.3229E-08 7.4154E-08 8.9579E-09 4.8806E-07 9.95E-08 5.82E-06   1.686 0.6000 7.4590E-06   1203.468
12961.00 0.18483120 2.2405E-28            8.5255E-29 4.0810E-07 3.2780E-08 7.2938E-08 8.7921E-09 4.8103E-07 9.76E-08 5.74E-06   1.688 0.6000 7.3595E-06   1203.091
12971.00 0.18431835 2.1369E-28            8.1150E-29 4.1485E-07 3.3379E-08 7.3987E-08 8.9041E-09 4.8884E-07 9.89E-08 5.85E-06   1.691 0.6000 7.5010E-06   1205.091
12981.00 0.18320794 2.0286E-28            7.6989E-29 4.0620E-07 3.3035E-08 7.2556E-08 8.7453E-09 4.7875E-07 9.71E-08 5.81E-06   1.697 0.6000 7.4677E-06   1204.218
12991.00 0.18168014 1.9185E-28            7.2868E-29 3.9546E-07 3.2649E-08 7.0800E-08 8.5780E-09 4.6626E-07 9.53E-08 5.77E-06   1.706 0.6000 7.4373E-06   1202.916
13001.00 0.17933878 1.8024E-28            6.8656E-29 3.8487E-07 3.2359E-08 6.9021E-08 8.4250E-09 4.5389E-07 9.36E-08 5.75E-06   1.718 0.6000 7.4697E-06   1201.584
13011.00 0.17706577 1.6897E-28            6.4704E-29 3.7921E-07 3.2289E-08 6.7878E-08 8.3427E-09 4.4709E-07 9.27E-08 5.77E-06   1.731 0.6000 7.5399E-06   1201.165
13021.00 0.17252201 1.5554E-28            6.0178E-29 3.5839E-07 3.1267E-08 6.4195E-08 7.9716E-09 4.2258E-07 8.85E-08 5.67E-06   1.757 0.6000 7.5258E-06   1197.579
13031.00 0.16811886 1.4330E-28            5.5973E-29 3.3980E-07 3.0398E-08 6.1025E-08 7.6332E-09 4.0082E-07 8.48E-08 5.60E-06   1.783 0.6000 7.5545E-06   1194.288
13041.00 0.16100617 1.2975E-28            5.1171E-29 3.0088E-07 2.7359E-08 5.4082E-08 6.7443E-09 3.5497E-07 7.49E-08 5.16E-06   1.826 0.6000 7.1580E-06   1185.853
13051.00 0.15427311 1.1635E-28            4.6801E-29 2.5702E-07 2.5163E-08 4.6868E-08 6.0224E-09 3.0389E-07 6.69E-08 4.93E-06   1.869 0.6000 7.0679E-06   1175.054
13061.00 0.14300536 1.0139E-28            4.1429E-29 2.2738E-07 2.3368E-08 4.1801E-08 5.4030E-09 2.6918E-07 6.00E-08 4.82E-06   1.945 0.6000 7.3488E-06   1166.929
13071.00 0.13048930 8.8398E-29            3.6095E-29 2.0161E-07 2.0991E-08 3.7259E-08 4.6689E-09 2.3886E-07 5.19E-08 4.57E-06   2.036 0.6000 7.5912E-06   1159.058
13081.00 0.12009492 7.6549E-29            3.1688E-29 1.6465E-07 1.8282E-08 3.0763E-08 3.9098E-09 1.9541E-07 4.34E-08 4.23E-06   2.119 0.6000 7.5900E-06   1145.606
13091.00 0.10691253 6.2836E-29            2.6914E-29 1.2299E-07 1.5021E-08 2.3237E-08 3.0270E-09 1.4623E-07 3.36E-08 3.78E-06   2.236 0.6000 7.5855E-06   1126.447
13101.00 0.10079969 5.6194E-29            2.4214E-29 1.0581E-07 1.3369E-08 2.0047E-08 2.5974E-09 1.2585E-07 2.88E-08 3.53E-06   2.295 0.6000 7.5818E-06   1117.128
13111.00 0.10684843 5.7215E-29            2.4478E-29 1.1610E-07 1.4291E-08 2.1955E-08 2.8114E-09 1.3805E-07 3.12E-08 3.64E-06   2.236 0.6000 7.5031E-06   1123.990
13121.00 0.14209777 7.8994E-29            3.1061E-29 2.2611E-07 2.1991E-08 4.0877E-08 4.9542E-09 2.6699E-07 5.50E-08 4.52E-06   1.951 0.6000 7.2390E-06   1170.697
13131.00 0.10076789 4.6514E-29            2.1141E-29 9.3419E-08 1.2802E-08 1.7430E-08 2.4205E-09 1.1085E-07 2.69E-08 3.44E-06   2.295 0.6000 7.4454E-06   1110.876
13141.00 0.06405033 2.3451E-29            1.2801E-29 2.4026E-08 5.8278E-09 4.3620E-09 7.6276E-10 2.8388E-08 8.47E-09 2.39E-06   2.748 0.6000 7.4787E-06   1029.152
13151.00 0.05689595 2.0066E-29            1.0804E-29 2.2259E-08 5.6689E-09 3.9440E-09 7.2556E-10 2.6203E-08 8.06E-09 2.35E-06   2.867 0.6000 7.4464E-06   1025.339
13161.00 0.08954673 3.3357E-29            1.6166E-29 9.2377E-08 1.3411E-08 1.6299E-08 2.4791E-09 1.0868E-07 2.75E-08 3.67E-06   2.413 0.6000 7.5141E-06   1111.672
13171.00 0.16755906 7.8494E-29            2.8985E-29 3.7675E-07 3.1253E-08 6.3907E-08 7.4304E-09 4.4066E-07 8.25E-08 5.62E-06   1.786 0.6000 7.4986E-06   1211.959
13181.00 0.17778593 8.1512E-29            2.9410E-29 4.1551E-07 3.2895E-08 6.9656E-08 7.9353E-09 4.8517E-07 8.81E-08 5.70E-06   1.727 0.6000 7.3163E-06   1220.211
13191.00 0.17764282 7.7955E-29            2.8048E-29 4.2779E-07 3.3751E-08 7.1412E-08 8.1108E-09 4.9920E-07 9.01E-08 5.84E-06   1.728 0.6000 7.4903E-06   1223.201
13201.00 0.17733732 7.4458E-29            2.6724E-29 4.2598E-07 3.3583E-08 7.0901E-08 8.0320E-09 4.9688E-07 8.92E-08 5.80E-06   1.730 0.6000 7.4493E-06   1223.582
13211.00 0.17704126 7.1123E-29            2.5464E-29 4.2652E-07 3.3594E-08 7.0778E-08 7.9971E-09 4.9730E-07 8.88E-08 5.80E-06   1.731 0.6000 7.4483E-06   1224.396
13221.00 0.17670877 6.7916E-29            2.4258E-29 4.2543E-07 3.3496E-08 7.0402E-08 7.9349E-09 4.9583E-07 8.81E-08 5.78E-06   1.733 0.6000 7.4250E-06   1224.910
13231.00 0.17637408 6.4851E-29            2.3109E-29 4.2335E-07 3.3322E-08 6.9863E-08 7.8545E-09 4.9321E-07 8.72E-08 5.75E-06   1.735 0.6000 7.3850E-06   1225.239
13241.00 0.17605135 6.1930E-29            2.2016E-29 4.3072E-07 3.3887E-08 7.0880E-08 7.9490E-09 5.0160E-07 8.83E-08 5.84E-06   1.737 0.6000 7.5083E-06   1227.320
13251.00 0.17574020 5.9148E-29            2.0975E-29 4.3240E-07 3.3995E-08 7.0948E-08 7.9361E-09 5.0335E-07 8.81E-08 5.86E-06   1.739 0.6000 7.5299E-06   1228.342
13261.00 0.17537661 5.6466E-29            1.9978E-29 4.3367E-07 3.4099E-08 7.0968E-08 7.9191E-09 5.0464E-07 8.79E-08 5.88E-06   1.741 0.6000 7.5529E-06   1229.293
13271.00 0.17508292 5.3937E-29            1.9036E-29 4.2977E-07 3.3760E-08 7.0120E-08 7.8037E-09 4.9989E-07 8.67E-08 5.81E-06   1.742 0.6000 7.4749E-06   1229.292
13281.00 0.17475654 5.1507E-29            1.8134E-29 4.2626E-07 3.3471E-08 6.9352E-08 7.6987E-09 4.9561E-07 8.55E-08 5.76E-06   1.744 0.6000 7.4093E-06   1229.359
13291.00 0.17442380 4.9182E-29            1.7275E-29 4.2492E-07 3.3357E-08 6.8944E-08 7.6341E-09 4.9386E-07 8.48E-08 5.74E-06   1.746 0.6000 7.3830E-06   1229.827
13301.00 0.17406979 4.6953E-29            1.6454E-29 4.3065E-07 3.3805E-08 6.9684E-08 7.6972E-09 5.0034E-07 8.55E-08 5.82E-06   1.748 0.6000 7.4823E-06   1231.604
13311.00 0.17376934 4.4846E-29            1.5677E-29 4.1799E-07 3.2786E-08 6.7436E-08 7.4297E-09 4.8543E-07 8.25E-08 5.64E-06   1.750 0.6000 7.2543E-06   1229.958
13321.00 0.17336714 4.2794E-29            1.4928E-29 4.3038E-07 3.3784E-08 6.9265E-08 7.6136E-09 4.9965E-07 8.46E-08 5.81E-06   1.752 0.6000 7.4775E-06   1232.989
13331.00 0.17306915 4.0873E-29            1.4223E-29 4.2694E-07 3.3486E-08 6.8508E-08 7.5115E-09 4.9545E-07 8.34E-08 5.75E-06   1.754 0.6000 7.4089E-06   1233.066
13341.00 0.17275284 3.9033E-29            1.3550E-29 4.1751E-07 3.2732E-08 6.6806E-08 7.3059E-09 4.8432E-07 8.11E-08 5.62E-06   1.756 0.6000 7.2399E-06   1232.014
13351.00 0.17247264 3.7287E-29            1.2911E-29 4.3100E-07 3.3751E-08 6.8753E-08 7.4986E-09 4.9975E-07 8.33E-08 5.79E-06   1.758 0.6000 7.4618E-06   1235.247
13361.00 0.17213979 3.5604E-29            1.2299E-29 4.2868E-07 3.3559E-08 6.8190E-08 7.4186E-09 4.9687E-07 8.24E-08 5.76E-06   1.759 0.6000 7.4177E-06   1235.534
13371.00 0.17173274 3.3972E-29            1.1710E-29 4.2784E-07 3.3520E-08 6.7886E-08 7.3686E-09 4.9573E-07 8.18E-08 5.75E-06   1.762 0.6000 7.4110E-06   1236.097
13381.00 0.17138612 3.2435E-29            1.1154E-29 4.3030E-07 3.3718E-08 6.8103E-08 7.3739E-09 4.9840E-07 8.19E-08 5.78E-06   1.764 0.6000 7.4538E-06   1237.271
13391.00 0.17106670 3.0971E-29            1.0625E-29 4.3077E-07 3.3741E-08 6.7989E-08 7.3429E-09 4.9876E-07 8.16E-08 5.79E-06   1.766 0.6000 7.4568E-06   1238.074
13401.00 0.17068920 2.9560E-29            1.0119E-29 4.2722E-07 3.3478E-08 6.7249E-08 7.2459E-09 4.9447E-07 8.05E-08 5.74E-06   1.768 0.6000 7.3986E-06   1238.134
13411.00 0.17017880 2.8178E-29            9.6284E-30 4.2983E-07 3.3769E-08 6.7532E-08 7.2617E-09 4.9736E-07 8.06E-08 5.79E-06   1.771 0.6000 7.4693E-06   1239.344
13421.00 0.17002530 2.6945E-29            9.1809E-30 4.2237E-07 3.3084E-08 6.6124E-08 7.0888E-09 4.8849E-07 7.87E-08 5.67E-06   1.772 0.6000 7.3080E-06   1238.658
13431.00 0.16939391 2.5660E-29            8.7302E-30 4.1457E-07 3.2611E-08 6.4794E-08 6.9354E-09 4.7937E-07 7.70E-08 5.60E-06   1.776 0.6000 7.2145E-06   1237.906
13441.00 0.16898143 2.4480E-29            8.3112E-30 4.2756E-07 3.3664E-08 6.6660E-08 7.1181E-09 4.9422E-07 7.91E-08 5.78E-06   1.778 0.6000 7.4488E-06   1241.076
13451.00 0.16896394 2.3440E-29            7.9316E-30 4.3075E-07 3.3748E-08 6.6888E-08 7.1177E-09 4.9763E-07 7.90E-08 5.78E-06   1.778 0.6000 7.4513E-06   1242.370
13461.00 0.16750483 2.2160E-29            7.5053E-30 4.1718E-07 3.3202E-08 6.4863E-08 6.9075E-09 4.8204E-07 7.67E-08 5.72E-06   1.787 0.6000 7.3809E-06   1240.581
13471.00 0.16700479 2.1119E-29            7.1404E-30 4.0094E-07 3.2003E-08 6.2218E-08 6.6145E-09 4.6316E-07 7.35E-08 5.52E-06   1.790 0.6000 7.1206E-06   1238.156
13481.00 0.16664729 2.0163E-29            6.8011E-30 4.0150E-07 3.2034E-08 6.2133E-08 6.5877E-09 4.6363E-07 7.32E-08 5.52E-06   1.792 0.6000 7.1258E-06   1238.980
13491.00 0.16507336 1.9036E-29            6.4293E-30 3.9081E-07 3.1705E-08 6.0548E-08 6.4301E-09 4.5136E-07 7.14E-08 5.50E-06   1.801 0.6000 7.1079E-06   1237.603
13501.00 0.16589540 1.8360E-29            6.1663E-30 4.1117E-07 3.2869E-08 6.3322E-08 6.6819E-09 4.7449E-07 7.42E-08 5.67E-06   1.796 0.6000 7.3132E-06   1242.303
13511.00 0.16383007 1.7269E-29            5.8135E-30 3.9756E-07 3.2483E-08 6.1335E-08 6.4908E-09 4.5890E-07 7.21E-08 5.66E-06   1.809 0.6000 7.3098E-06   1240.396
13521.00 0.16142981 1.6178E-29            5.4660E-30 3.8279E-07 3.2079E-08 5.9171E-08 6.2913E-09 4.4196E-07 6.99E-08 5.65E-06   1.824 0.6000 7.3173E-06   1238.168
13531.00 0.16185760 1.5540E-29            5.2288E-30 3.7591E-07 3.1218E-08 5.7835E-08 6.1238E-09 4.3374E-07 6.80E-08 5.48E-06   1.821 0.6000 7.0827E-06   1237.431
13541.00 0.15892658 1.4496E-29            4.9018E-30 3.6892E-07 3.1597E-08 5.6905E-08 6.0595E-09 4.2583E-07 6.73E-08 5.63E-06   1.839 0.6000 7.2893E-06   1236.723
13551.00 0.16134989 1.4184E-29            4.7484E-30 3.9523E-07 3.2823E-08 6.0554E-08 6.3695E-09 4.5578E-07 7.07E-08 5.75E-06   1.824 0.6000 7.4378E-06   1242.825
13561.00 0.15845312 1.3243E-29            4.4529E-30 3.7898E-07 3.2340E-08 5.8124E-08 6.1501E-09 4.3710E-07 6.83E-08 5.75E-06   1.842 0.6000 7.4514E-06   1240.259
13571.00 0.15500726 1.2270E-29            4.1553E-30 3.5633E-07 3.1484E-08 5.4696E-08 5.8443E-09 4.1102E-07 6.49E-08 5.69E-06   1.864 0.6000 7.3967E-06   1236.166
13581.00 0.15404785 1.1626E-29            3.9409E-30 3.4497E-07 3.1029E-08 5.3136E-08 5.6959E-09 3.9811E-07 6.33E-08 5.64E-06   1.870 0.6000 7.3305E-06   1234.408
13591.00 0.15700874 1.1447E-29            3.8332E-30 3.6491E-07 3.1535E-08 5.5733E-08 5.8823E-09 4.2064E-07 6.53E-08 5.62E-06   1.851 0.6000 7.2885E-06   1239.455
13601.00 0.15415639 1.0702E-29            3.5935E-30 3.5940E-07 3.1491E-08 5.4538E-08 5.7617E-09 4.1394E-07 6.40E-08 5.69E-06   1.870 0.6000 7.3844E-06   1238.934
13611.00 0.15413858 1.0228E-29            3.4274E-30 3.6347E-07 3.1844E-08 5.5061E-08 5.8151E-09 4.1853E-07 6.46E-08 5.74E-06   1.870 0.6000 7.4548E-06   1240.538
13621.00 0.15892687 1.0242E-29            3.3733E-30 3.9844E-07 3.3007E-08 5.9805E-08 6.1804E-09 4.5824E-07 6.86E-08 5.77E-06   1.839 0.6000 7.4763E-06   1248.443
13631.00 0.14880830 8.9201E-30            3.0159E-30 3.3814E-07 3.0722E-08 5.0873E-08 5.4359E-09 3.8902E-07 6.04E-08 5.67E-06   1.905 0.6000 7.3964E-06   1236.288
13641.00 0.15085688 8.7238E-30            2.9163E-30 3.4463E-07 3.0648E-08 5.1763E-08 5.4306E-09 3.9639E-07 6.03E-08 5.59E-06   1.891 0.6000 7.2736E-06   1238.490
13651.00 0.15218906 8.4599E-30            2.8078E-30 3.5403E-07 3.0980E-08 5.3009E-08 5.5230E-09 4.0704E-07 6.13E-08 5.60E-06   1.883 0.6000 7.2899E-06   1241.301
13661.00 0.13640724 6.9564E-30            2.4035E-30 2.8091E-07 2.8248E-08 4.2189E-08 4.5944E-09 3.2310E-07 5.10E-08 5.60E-06   1.992 0.6000 7.3809E-06   1224.174
13671.00 0.13505062 6.5271E-30            2.2711E-30 2.6063E-07 2.7718E-08 3.9527E-08 4.3702E-09 3.0015E-07 4.85E-08 5.55E-06   2.002 0.6000 7.3220E-06   1219.308
13681.00 0.13695842 6.3905E-30            2.1967E-30 2.7697E-07 2.7780E-08 4.1448E-08 4.4869E-09 3.1842E-07 4.98E-08 5.46E-06   1.988 0.6000 7.2028E-06   1224.518
13691.00 0.12868632 5.5928E-30            1.9679E-30 2.4612E-07 2.6933E-08 3.6834E-08 4.0964E-09 2.8296E-07 4.55E-08 5.56E-06   2.050 0.6000 7.3972E-06   1216.312
13701.00 0.13989694 6.0108E-30            2.0449E-30 2.9065E-07 2.9088E-08 4.3529E-08 4.7097E-09 3.3418E-07 5.23E-08 5.60E-06   1.967 0.6000 7.3541E-06   1229.668
13711.00 0.12204563 4.7343E-30            1.7022E-30 2.0408E-07 2.4418E-08 3.0494E-08 3.5271E-09 2.3457E-07 3.92E-08 5.24E-06   2.103 0.6000 7.0258E-06   1203.825
13721.00 0.14063428 5.5478E-30            1.8684E-30 3.0172E-07 2.8448E-08 4.4278E-08 4.6895E-09 3.4600E-07 5.21E-08 5.38E-06   1.962 0.6000 7.1045E-06   1233.801
13731.00 0.13498783 5.0575E-30            1.7176E-30 2.7507E-07 2.7957E-08 4.0745E-08 4.3550E-09 3.1582E-07 4.84E-08 5.53E-06   2.003 0.6000 7.3140E-06   1227.530
13741.00 0.11563452 3.8943E-30            1.3994E-30 2.0515E-07 2.4334E-08 2.9940E-08 3.3512E-09 2.3509E-07 3.72E-08 5.42E-06   2.157 0.6000 7.3536E-06   1206.139
13751.00 0.13688737 4.7171E-30            1.5821E-30 2.9876E-07 2.9118E-08 4.3794E-08 4.5887E-09 3.4255E-07 5.10E-08 5.62E-06   1.989 0.6000 7.4416E-06   1235.220
13761.00 0.12394502 3.9170E-30            1.3691E-30 2.3895E-07 2.6269E-08 3.4876E-08 3.8416E-09 2.7383E-07 4.27E-08 5.47E-06   2.088 0.6000 7.3658E-06   1218.911
13771.00 0.13137993 4.0353E-30            1.3833E-30 2.5154E-07 2.7494E-08 3.7194E-08 4.0729E-09 2.8873E-07 4.52E-08 5.52E-06   2.030 0.6000 7.2949E-06   1223.626
13781.00 0.12198859 3.5447E-30            1.2280E-30 2.4584E-07 2.6113E-08 3.5329E-08 3.8186E-09 2.8117E-07 4.24E-08 5.48E-06   2.104 0.6000 7.3832E-06   1222.347
13791.00 0.12832037 3.6013E-30            1.2295E-30 2.5605E-07 2.7230E-08 3.7247E-08 4.0174E-09 2.9330E-07 4.46E-08 5.51E-06   2.053 0.6000 7.3406E-06   1226.262
13801.00 0.12083956 3.2163E-30            1.1073E-30 2.3950E-07 2.5955E-08 3.4326E-08 3.7403E-09 2.7382E-07 4.15E-08 5.41E-06   2.113 0.6000 7.3445E-06   1221.799
13811.00 0.12572266 3.3134E-30            1.0985E-30 2.6288E-07 2.6951E-08 3.7822E-08 3.9711E-09 3.0070E-07 4.41E-08 5.47E-06   2.074 0.6000 7.3600E-06   1229.603
13821.00 0.11641441 2.7788E-30            9.6933E-31 2.2707E-07 2.5255E-08 3.2299E-08 3.4885E-09 2.5937E-07 3.87E-08 5.44E-06   2.151 0.6000 7.4156E-06   1219.176
13831.00 0.14006709 3.4363E-30            1.1143E-30 3.2475E-07 2.9926E-08 4.6367E-08 4.6963E-09 3.7112E-07 5.22E-08 5.58E-06   1.966 0.6000 7.3440E-06   1247.288
13841.00 0.14346008 3.3909E-30            1.0890E-30 3.3554E-07 2.9803E-08 4.7567E-08 4.7793E-09 3.8311E-07 5.31E-08 5.41E-06   1.942 0.6000 7.1063E-06   1250.513
13851.00 0.14377239 3.2582E-30            1.0423E-30 3.3839E-07 3.0718E-08 4.8273E-08 4.8474E-09 3.8667E-07 5.38E-08 5.59E-06   1.940 0.6000 7.3322E-06   1251.973
13861.00 0.14404838 3.1261E-30            9.9671E-31 3.4192E-07 3.0787E-08 4.8552E-08 4.8606E-09 3.9047E-07 5.40E-08 5.58E-06   1.938 0.6000 7.3065E-06   1253.477
13871.00 0.12551042 2.4758E-30            8.2970E-31 2.5100E-07 2.6059E-08 3.5529E-08 3.7276E-09 2.8653E-07 4.14E-08 5.23E-06   2.075 0.6000 7.0523E-06   1230.281
13881.00 0.10962123 1.9780E-30            6.9094E-31 2.0077E-07 2.3761E-08 2.8222E-08 3.0639E-09 2.2899E-07 3.40E-08 5.29E-06   2.211 0.6000 7.3060E-06   1214.228
13891.00 0.11463112 1.9821E-30            6.8865E-31 2.0438E-07 2.4566E-08 2.8853E-08 3.1938E-09 2.3323E-07 3.55E-08 5.32E-06   2.166 0.6000 7.2275E-06   1216.299
13901.00 0.11177212 1.8456E-30            6.4057E-31 2.0194E-07 2.3527E-08 2.8017E-08 3.0369E-09 2.2996E-07 3.37E-08 5.17E-06   2.191 0.6000 7.0741E-06   1215.969
13911.00 0.10387480 1.6249E-30            5.6940E-31 1.8667E-07 2.2089E-08 2.5566E-08 2.7617E-09 2.1223E-07 3.07E-08 5.06E-06   2.265 0.6000 7.0323E-06   1210.780
13921.00 0.11891001 1.8542E-30            6.2090E-31 2.3653E-07 2.5398E-08 3.2896E-08 3.4369E-09 2.6943E-07 3.82E-08 5.25E-06   2.129 0.6000 7.1195E-06   1229.234
13931.00 0.11308645 1.6447E-30            5.6428E-31 2.0823E-07 2.4689E-08 2.8891E-08 3.1691E-09 2.3712E-07 3.52E-08 5.36E-06   2.180 0.6000 7.2560E-06   1220.388
13941.00 0.11507467 1.6002E-30            5.4722E-31 2.1456E-07 2.5606E-08 2.9656E-08 3.2384E-09 2.4422E-07 3.60E-08 5.50E-06   2.162 0.6000 7.3884E-06   1223.301
13951.00 0.13125329 1.8441E-30            5.9524E-31 2.7254E-07 2.7797E-08 3.7934E-08 3.8462E-09 3.1047E-07 4.27E-08 5.37E-06   2.031 0.6000 7.0864E-06   1242.200
13961.00 0.14560272 2.0551E-30            6.3084E-31 3.6952E-07 3.1675E-08 5.0739E-08 4.8555E-09 4.2026E-07 5.39E-08 5.57E-06   1.927 0.6000 7.2741E-06   1266.656
13971.00 0.14798626 2.0148E-30            6.1191E-31 3.9132E-07 3.2392E-08 5.3310E-08 5.0469E-09 4.4463E-07 5.61E-08 5.60E-06   1.911 0.6000 7.3034E-06   1271.912
13981.00 0.14671037 1.9063E-30            5.7910E-31 3.7230E-07 3.1243E-08 5.0746E-08 4.8023E-09 4.2304E-07 5.33E-08 5.44E-06   1.919 0.6000 7.1012E-06   1268.655
13991.00 0.14863904 1.8602E-30            5.5977E-31 3.9407E-07 3.1977E-08 5.3242E-08 4.9862E-09 4.4731E-07 5.54E-08 5.48E-06   1.906 0.6000 7.1508E-06   1273.873
14001.00 0.14935598 1.7941E-30            5.3685E-31 4.1391E-07 3.3148E-08 5.5637E-08 5.1800E-09 4.6955E-07 5.75E-08 5.65E-06   1.901 0.6000 7.3618E-06   1278.534
14011.00 0.14990197 1.7274E-30            5.1417E-31 4.2028E-07 3.3183E-08 5.6139E-08 5.1964E-09 4.7642E-07 5.77E-08 5.62E-06   1.898 0.6000 7.3230E-06   1280.454
14021.00 0.14873980 1.6347E-30            4.8691E-31 4.0165E-07 3.2240E-08 5.3760E-08 4.9777E-09 4.5541E-07 5.53E-08 5.49E-06   1.906 0.6000 7.1568E-06   1277.535
14031.00 0.14983684 1.5825E-30            4.6805E-31 4.2194E-07 3.3070E-08 5.5972E-08 5.1433E-09 4.7791E-07 5.71E-08 5.58E-06   1.898 0.6000 7.2644E-06   1282.188
14041.00 0.14923175 1.5063E-30            4.4490E-31 4.1886E-07 3.2950E-08 5.5443E-08 5.0916E-09 4.7430E-07 5.65E-08 5.56E-06   1.902 0.6000 7.2526E-06   1282.310
14051.00 0.14936924 1.4442E-30            4.2494E-31 4.2255E-07 3.3019E-08 5.5701E-08 5.0922E-09 4.7825E-07 5.66E-08 5.56E-06   1.901 0.6000 7.2437E-06   1283.725
14061.00 0.14833990 1.3688E-30            4.0277E-31 4.1597E-07 3.2918E-08 5.4872E-08 5.0140E-09 4.7084E-07 5.57E-08 5.57E-06   1.908 0.6000 7.2598E-06   1283.192
14071.00 0.14774874 1.3028E-30            3.8280E-31 4.2033E-07 3.3391E-08 5.5345E-08 5.0477E-09 4.7568E-07 5.61E-08 5.66E-06   1.912 0.6000 7.3793E-06   1284.764
14081.00 0.14715524 1.2398E-30            3.6384E-31 4.1727E-07 3.3362E-08 5.4913E-08 5.0011E-09 4.7219E-07 5.55E-08 5.66E-06   1.916 0.6000 7.3891E-06   1284.903
14091.00 0.14736959 1.1894E-30            3.4771E-31 4.1852E-07 3.3159E-08 5.4764E-08 4.9701E-09 4.7328E-07 5.52E-08 5.60E-06   1.915 0.6000 7.3099E-06   1285.831
14101.00 0.14654319 1.1303E-30            3.3000E-31 4.1041E-07 3.2646E-08 5.3541E-08 4.8489E-09 4.6395E-07 5.39E-08 5.53E-06   1.920 0.6000 7.2252E-06   1284.947
14111.00 0.14738443 1.0912E-30            3.1666E-31 4.1916E-07 3.2779E-08 5.4348E-08 4.8914E-09 4.7350E-07 5.43E-08 5.51E-06   1.915 0.6000 7.1951E-06   1287.347
14121.00 0.14454529 1.0153E-30            2.9646E-31 4.0673E-07 3.3105E-08 5.3048E-08 4.8067E-09 4.5978E-07 5.34E-08 5.66E-06   1.934 0.6000 7.4015E-06   1285.688
14131.00 0.14511275 9.7730E-31            2.8394E-31 4.1249E-07 3.3203E-08 5.3595E-08 4.8267E-09 4.6609E-07 5.36E-08 5.65E-06   1.930 0.6000 7.3775E-06   1287.535
14141.00 0.14578767 9.4251E-31            2.7226E-31 4.0759E-07 3.2278E-08 5.2602E-08 4.7104E-09 4.6019E-07 5.23E-08 5.45E-06   1.926 0.6000 7.1188E-06   1287.236
14151.00 0.14322050 8.7866E-31            2.5523E-31 3.9760E-07 3.2563E-08 5.1483E-08 4.6450E-09 4.4909E-07 5.16E-08 5.58E-06   1.943 0.6000 7.2975E-06   1285.986
14161.00 0.14322779 8.4114E-31            2.4359E-31 3.9910E-07 3.2585E-08 5.1547E-08 4.6389E-09 4.5065E-07 5.15E-08 5.57E-06   1.943 0.6000 7.2867E-06   1287.005
14171.00 0.14177817 7.9442E-31            2.3015E-31 3.9231E-07 3.2300E-08 5.0487E-08 4.5404E-09 4.4280E-07 5.04E-08 5.56E-06   1.953 0.6000 7.2819E-06   1286.314
14181.00 0.14084581 7.5282E-31            2.1805E-31 3.9270E-07 3.2600E-08 5.0450E-08 4.5318E-09 4.4315E-07 5.03E-08 5.63E-06   1.960 0.6000 7.3827E-06   1287.115
14191.00 0.14418733 7.4610E-31            2.1309E-31 4.2167E-07 3.3397E-08 5.3661E-08 4.7449E-09 4.7534E-07 5.27E-08 5.63E-06   1.937 0.6000 7.3659E-06   1293.571
14201.00 0.13818361 6.7274E-31            1.9494E-31 3.7662E-07 3.1641E-08 4.8012E-08 4.3150E-09 4.2463E-07 4.79E-08 5.53E-06   1.979 0.6000 7.2675E-06   1285.126
14211.00 0.14389932 6.8261E-31            1.9359E-31 4.2437E-07 3.3022E-08 5.3335E-08 4.6768E-09 4.7771E-07 5.19E-08 5.55E-06   1.939 0.6000 7.2579E-06   1295.456
14221.00 0.14001279 6.2887E-31            1.7998E-31 3.9413E-07 3.2175E-08 4.9794E-08 4.4172E-09 4.4392E-07 4.91E-08 5.53E-06   1.966 0.6000 7.2581E-06   1290.198
14231.00 0.13524428 5.7142E-31            1.6569E-31 3.5310E-07 3.0611E-08 4.4868E-08 4.0430E-09 3.9797E-07 4.49E-08 5.42E-06   2.001 0.6000 7.1422E-06   1282.101
14241.00 0.13794327 5.6271E-31            1.6136E-31 3.7448E-07 3.1524E-08 4.7465E-08 4.2242E-09 4.2194E-07 4.69E-08 5.47E-06   1.981 0.6000 7.1894E-06   1287.549
14251.00 0.13567281 5.2597E-31            1.5138E-31 3.5559E-07 3.0410E-08 4.4886E-08 4.0029E-09 4.0048E-07 4.45E-08 5.34E-06   1.998 0.6000 7.0286E-06   1284.069
14261.00 0.13796234 5.1620E-31            1.4694E-31 3.7947E-07 3.1736E-08 4.7771E-08 4.2075E-09 4.2724E-07 4.67E-08 5.49E-06   1.981 0.6000 7.2140E-06   1290.026
14271.00 0.13362105 4.7217E-31            1.3582E-31 3.4735E-07 3.0561E-08 4.3881E-08 3.9100E-09 3.9123E-07 4.34E-08 5.44E-06   2.013 0.6000 7.1715E-06   1283.654
14281.00 0.13688023 4.6881E-31            1.3279E-31 3.8032E-07 3.1485E-08 4.7367E-08 4.1445E-09 4.2769E-07 4.60E-08 5.45E-06   1.989 0.6000 7.1755E-06   1291.579
 -9999.
