T F 2    2    2    1    2    2    2    2    2    2    1    0    0 294.200   0.40
    1    1    1    0   18    0  10.00000   0.00000   0.00000   0.00000   0.00000
   1.000  10.000   0.140
 -99.00000 -99.00000 -99.00000  2.922432  0.000710 ! H2O & O3 COLUMNS [GM/CM2]
   40MID-LATITUDE SUMMER 
   3.00000   0.00000 180.00000   3.00000   0.00000   0.00000    0        0.00000
    0    2    1    0
   0.00000   0.00000   0.00000  45.01134   0.00000 270.00000   0.00000   0.00000
    9091.0   14286.0      10.0      10.0RN              
    0   0    0.000  0    0.000  0    1.000
    FREQ  TOT_TRANS  PTH_THRML  THRML_SCT  SURF_EMIS   SOL_SCAT  SING_SCAT  GRND_RFLT  DRCT_RFLT  TOTAL_RAD  REF_SOL  SOL@OBS   DEPTH DIR_EM    TOA_SUN BBODY_T[K]
 9091.00 0.63899130 8.0143E-21            1.6864E-20 6.1614E-08 1.0148E-08 2.9206E-07 1.8942E-07 3.5367E-07 2.10E-06 5.39E-06   0.448 0.6000 7.3883E-06    887.155
 9101.00 0.66941196 7.0686E-21            1.6873E-20 6.8177E-08 1.0481E-08 3.1371E-07 2.0036E-07 3.8188E-07 2.23E-06 5.37E-06   0.401 0.6000 7.2084E-06    892.578
 9111.00 0.70289838 6.0371E-21            1.6914E-20 8.1937E-08 1.1315E-08 3.5943E-07 2.2567E-07 4.4137E-07 2.51E-06 5.48E-06   0.353 0.6000 7.2268E-06    902.259
 9121.00 0.70263892 5.7285E-21            1.6187E-20 8.2071E-08 1.1309E-08 3.5937E-07 2.2546E-07 4.4144E-07 2.50E-06 5.46E-06   0.353 0.6000 7.2128E-06    903.055
 9131.00 0.69580626 5.6221E-21            1.5295E-20 7.8798E-08 1.1093E-08 3.4759E-07 2.1840E-07 4.2638E-07 2.43E-06 5.41E-06   0.363 0.6000 7.1706E-06    901.688
 9141.00 0.73125285 4.7480E-21            1.5354E-20 8.6881E-08 1.1401E-08 3.7267E-07 2.3175E-07 4.5955E-07 2.57E-06 5.29E-06   0.313 0.6000 6.8786E-06    907.135
 9151.00 0.69543624 5.0984E-21            1.3958E-20 8.3889E-08 1.1453E-08 3.6239E-07 2.2752E-07 4.4628E-07 2.53E-06 5.51E-06   0.363 0.6000 7.3243E-06    906.091
 9161.00 0.76217616 3.7685E-21            1.4612E-20 1.0861E-07 1.3082E-08 4.4677E-07 2.7410E-07 5.5538E-07 3.04E-06 5.78E-06   0.272 0.6000 7.4023E-06    920.732
 9171.00 0.72114313 4.2448E-21            1.3213E-20 9.3901E-08 1.2262E-08 3.9886E-07 2.4793E-07 4.9277E-07 2.75E-06 5.69E-06   0.327 0.6000 7.4596E-06    913.891
 9181.00 0.73999578 3.8032E-21            1.2950E-20 9.7618E-08 1.2458E-08 4.1079E-07 2.5401E-07 5.0841E-07 2.82E-06 5.67E-06   0.301 0.6000 7.3374E-06    916.664
 9191.00 0.76032025 3.3191E-21            1.2715E-20 1.0683E-07 1.2925E-08 4.3764E-07 2.6810E-07 5.4447E-07 2.98E-06 5.71E-06   0.274 0.6000 7.3153E-06    921.838
 9201.00 0.73204017 3.5568E-21            1.1702E-20 9.5138E-08 1.2197E-08 3.9870E-07 2.4681E-07 4.9384E-07 2.74E-06 5.56E-06   0.312 0.6000 7.2365E-06    916.397
 9211.00 0.73501194 3.3608E-21            1.1210E-20 1.0050E-07 1.2746E-08 4.1858E-07 2.5843E-07 5.1908E-07 2.87E-06 5.77E-06   0.308 0.6000 7.5017E-06    920.362
 9221.00 0.75080228 3.0187E-21            1.0951E-20 1.0459E-07 1.2975E-08 4.3132E-07 2.6480E-07 5.3591E-07 2.94E-06 5.78E-06   0.287 0.6000 7.4389E-06    923.197
 9231.00 0.74785936 2.9137E-21            1.0414E-20 1.0296E-07 1.2645E-08 4.2077E-07 2.5840E-07 5.2373E-07 2.87E-06 5.62E-06   0.291 0.6000 7.2538E-06    922.514
 9241.00 0.76496452 2.5757E-21            1.0184E-20 1.0965E-07 1.3028E-08 4.4147E-07 2.6919E-07 5.5113E-07 2.99E-06 5.66E-06   0.268 0.6000 7.2418E-06    926.586
 9251.00 0.74989927 2.6393E-21            9.5357E-21 1.0509E-07 1.2939E-08 4.2942E-07 2.6345E-07 5.3450E-07 2.93E-06 5.72E-06   0.288 0.6000 7.3662E-06    925.404
 9261.00 0.75767344 2.4312E-21            9.2007E-21 1.1107E-07 1.3323E-08 4.4711E-07 2.7300E-07 5.5818E-07 3.03E-06 5.81E-06   0.278 0.6000 7.4664E-06    928.995
 9271.00 0.77016658 2.1885E-21            8.9389E-21 1.1464E-07 1.3392E-08 4.5520E-07 2.7637E-07 5.6984E-07 3.07E-06 5.75E-06   0.261 0.6000 7.3400E-06    931.130
 9281.00 0.74877167 2.3067E-21            8.3011E-21 1.0838E-07 1.3201E-08 4.3655E-07 2.6669E-07 5.4493E-07 2.96E-06 5.82E-06   0.289 0.6000 7.5074E-06    929.026
 9291.00 0.77270007 1.9695E-21            8.1842E-21 1.1903E-07 1.3762E-08 4.6860E-07 2.8375E-07 5.8763E-07 3.15E-06 5.87E-06   0.258 0.6000 7.4866E-06    934.722
 9301.00 0.76186067 1.9838E-21            7.7115E-21 1.1140E-07 1.3236E-08 4.4342E-07 2.6977E-07 5.5483E-07 3.00E-06 5.71E-06   0.272 0.6000 7.3267E-06    931.776
 9311.00 0.76788974 1.8412E-21            7.4216E-21 1.1692E-07 1.3634E-08 4.6044E-07 2.7908E-07 5.7736E-07 3.10E-06 5.82E-06   0.264 0.6000 7.4561E-06    935.160
 9321.00 0.76673496 1.7667E-21            7.0821E-21 1.1384E-07 1.3397E-08 4.4993E-07 2.7256E-07 5.6377E-07 3.03E-06 5.73E-06   0.266 0.6000 7.3505E-06    934.400
 9331.00 0.76837528 1.6740E-21            6.7788E-21 1.1697E-07 1.3692E-08 4.6051E-07 2.7859E-07 5.7749E-07 3.09E-06 5.84E-06   0.263 0.6000 7.4831E-06    936.762
 9341.00 0.76866913 1.5939E-21            6.4797E-21 1.1689E-07 1.3647E-08 4.5883E-07 2.7733E-07 5.7572E-07 3.08E-06 5.80E-06   0.263 0.6000 7.4501E-06    937.356
 9351.00 0.76494628 1.5521E-21            6.1594E-21 1.1019E-07 1.3026E-08 4.3475E-07 2.6309E-07 5.4494E-07 2.92E-06 5.56E-06   0.268 0.6000 7.1583E-06    934.568
 9361.00 0.76879841 1.4508E-21            5.9144E-21 1.1564E-07 1.3513E-08 4.5329E-07 2.7363E-07 5.6893E-07 3.04E-06 5.73E-06   0.263 0.6000 7.3810E-06    938.166
 9371.00 0.76759773 1.3940E-21            5.6411E-21 1.1670E-07 1.3678E-08 4.5736E-07 2.7604E-07 5.7407E-07 3.07E-06 5.80E-06   0.264 0.6000 7.4787E-06    939.547
 9381.00 0.76912880 1.3200E-21            5.4000E-21 1.1737E-07 1.3671E-08 4.5778E-07 2.7589E-07 5.7514E-07 3.06E-06 5.77E-06   0.262 0.6000 7.4430E-06    940.463
 9391.00 0.76764941 1.2704E-21            5.1487E-21 1.1886E-07 1.3893E-08 4.6345E-07 2.7926E-07 5.8231E-07 3.10E-06 5.87E-06   0.264 0.6000 7.5710E-06    942.069
 9401.00 0.76922160 1.2036E-21            4.9288E-21 1.1959E-07 1.3868E-08 4.6340E-07 2.7886E-07 5.8299E-07 3.10E-06 5.83E-06   0.262 0.6000 7.5142E-06    942.938
 9411.00 0.76830667 1.1553E-21            4.7029E-21 1.1930E-07 1.3848E-08 4.6141E-07 2.7754E-07 5.8070E-07 3.08E-06 5.82E-06   0.264 0.6000 7.4958E-06    943.473
 9421.00 0.76954252 1.0965E-21            4.5000E-21 1.2042E-07 1.3885E-08 4.6313E-07 2.7824E-07 5.8356E-07 3.09E-06 5.82E-06   0.262 0.6000 7.4780E-06    944.588
 9431.00 0.76969856 1.0465E-21            4.2997E-21 1.2043E-07 1.3848E-08 4.6148E-07 2.7703E-07 5.8191E-07 3.08E-06 5.79E-06   0.262 0.6000 7.4376E-06    945.195
 9441.00 0.76967996 9.9962E-22            4.1075E-21 1.2064E-07 1.3844E-08 4.6078E-07 2.7641E-07 5.8142E-07 3.07E-06 5.77E-06   0.262 0.6000 7.4170E-06    945.933
 9451.00 0.76992285 9.5380E-22            3.9251E-21 1.2192E-07 1.3946E-08 4.6382E-07 2.7801E-07 5.8575E-07 3.09E-06 5.80E-06   0.261 0.6000 7.4469E-06    947.214
 9461.00 0.77039492 9.0895E-22            3.7519E-21 1.2487E-07 1.4225E-08 4.7295E-07 2.8323E-07 5.9782E-07 3.15E-06 5.90E-06   0.261 0.6000 7.5672E-06    949.355
 9471.00 0.77059120 8.6749E-22            3.5851E-21 1.2568E-07 1.4273E-08 4.7417E-07 2.8375E-07 5.9985E-07 3.15E-06 5.91E-06   0.261 0.6000 7.5686E-06    950.374
 9481.00 0.77085811 8.2750E-22            3.4260E-21 1.2638E-07 1.4307E-08 4.7498E-07 2.8401E-07 6.0136E-07 3.15E-06 5.91E-06   0.260 0.6000 7.5627E-06    951.334
 9491.00 0.77103513 7.8969E-22            3.2736E-21 1.2603E-07 1.4229E-08 4.7201E-07 2.8203E-07 5.9804E-07 3.13E-06 5.87E-06   0.260 0.6000 7.5010E-06    951.761
 9501.00 0.77088255 7.5488E-22            3.1266E-21 1.2715E-07 1.4336E-08 4.7491E-07 2.8360E-07 6.0206E-07 3.15E-06 5.90E-06   0.260 0.6000 7.5429E-06    952.998
 9511.00 0.77081937 7.2130E-22            2.9865E-21 1.2776E-07 1.4380E-08 4.7578E-07 2.8393E-07 6.0354E-07 3.15E-06 5.91E-06   0.260 0.6000 7.5499E-06    953.954
 9521.00 0.77087158 6.8865E-22            2.8532E-21 1.2819E-07 1.4402E-08 4.7601E-07 2.8388E-07 6.0419E-07 3.15E-06 5.91E-06   0.260 0.6000 7.5456E-06    954.819
 9531.00 0.77074915 6.5808E-22            2.7251E-21 1.2882E-07 1.4456E-08 4.7717E-07 2.8440E-07 6.0599E-07 3.16E-06 5.92E-06   0.260 0.6000 7.5615E-06    955.810
 9541.00 0.77066267 6.2887E-22            2.6029E-21 1.2936E-07 1.4493E-08 4.7775E-07 2.8456E-07 6.0712E-07 3.16E-06 5.93E-06   0.261 0.6000 7.5625E-06    956.728
 9551.00 0.77045137 6.0125E-22            2.4858E-21 1.2846E-07 1.4379E-08 4.7330E-07 2.8175E-07 6.0176E-07 3.13E-06 5.87E-06   0.261 0.6000 7.4917E-06    956.930
 9561.00 0.77027380 5.7470E-22            2.3741E-21 1.2741E-07 1.4249E-08 4.6834E-07 2.7863E-07 5.9575E-07 3.09E-06 5.81E-06   0.261 0.6000 7.4123E-06    957.053
 9571.00 0.76997888 5.4969E-22            2.2670E-21 1.3001E-07 1.4534E-08 4.7693E-07 2.8359E-07 6.0694E-07 3.15E-06 5.92E-06   0.261 0.6000 7.5504E-06    959.087
 9581.00 0.76986879 5.2523E-22            2.1653E-21 1.3056E-07 1.4578E-08 4.7777E-07 2.8392E-07 6.0833E-07 3.15E-06 5.93E-06   0.262 0.6000 7.5610E-06    960.033
 9591.00 0.76949042 5.0256E-22            2.0674E-21 1.2983E-07 1.4497E-08 4.7425E-07 2.8168E-07 6.0408E-07 3.13E-06 5.89E-06   0.262 0.6000 7.5108E-06    960.356
 9601.00 0.76903749 4.8104E-22            1.9737E-21 1.3110E-07 1.4642E-08 4.7809E-07 2.8384E-07 6.0919E-07 3.15E-06 5.94E-06   0.263 0.6000 7.5795E-06    961.712
 9611.00 0.76897633 4.5952E-22            1.8852E-21 1.3071E-07 1.4580E-08 4.7549E-07 2.8212E-07 6.0620E-07 3.13E-06 5.91E-06   0.263 0.6000 7.5350E-06    962.175
 9621.00 0.76866436 4.3950E-22            1.8001E-21 1.3082E-07 1.4588E-08 4.7495E-07 2.8165E-07 6.0577E-07 3.13E-06 5.90E-06   0.263 0.6000 7.5299E-06    962.919
 9631.00 0.76833087 4.2045E-22            1.7188E-21 1.3091E-07 1.4595E-08 4.7437E-07 2.8115E-07 6.0528E-07 3.12E-06 5.90E-06   0.264 0.6000 7.5249E-06    963.657
 9641.00 0.76808953 4.0197E-22            1.6414E-21 1.3026E-07 1.4516E-08 4.7109E-07 2.7905E-07 6.0135E-07 3.10E-06 5.86E-06   0.264 0.6000 7.4759E-06    964.013
 9651.00 0.76758164 3.8488E-22            1.5669E-21 1.3231E-07 1.4750E-08 4.7772E-07 2.8285E-07 6.1003E-07 3.14E-06 5.95E-06   0.265 0.6000 7.5893E-06    965.765
 9661.00 0.76767683 3.6736E-22            1.4969E-21 1.3127E-07 1.4606E-08 4.7264E-07 2.7964E-07 6.0391E-07 3.11E-06 5.88E-06   0.264 0.6000 7.4997E-06    965.880
 9671.00 0.76696956 3.5205E-22            1.4286E-21 1.3118E-07 1.4614E-08 4.7180E-07 2.7903E-07 6.0298E-07 3.10E-06 5.88E-06   0.265 0.6000 7.5015E-06    966.567
 9681.00 0.76672304 3.3665E-22            1.3641E-21 1.3106E-07 1.4592E-08 4.7036E-07 2.7802E-07 6.0142E-07 3.09E-06 5.86E-06   0.266 0.6000 7.4807E-06    967.184
 9691.00 0.76597750 3.2264E-22            1.3019E-21 1.3277E-07 1.4803E-08 4.7602E-07 2.8127E-07 6.0878E-07 3.12E-06 5.94E-06   0.267 0.6000 7.5873E-06    968.794
 9701.00 0.76531303 3.0921E-22            1.2424E-21 1.3249E-07 1.4788E-08 4.7444E-07 2.8023E-07 6.0693E-07 3.11E-06 5.93E-06   0.267 0.6000 7.5768E-06    969.380
 9711.00 0.76518989 2.9541E-22            1.1866E-21 1.3250E-07 1.4778E-08 4.7350E-07 2.7951E-07 6.0600E-07 3.10E-06 5.92E-06   0.268 0.6000 7.5604E-06    970.068
 9721.00 0.76295257 2.8528E-22            1.1302E-21 1.3133E-07 1.4748E-08 4.7014E-07 2.7760E-07 6.0147E-07 3.08E-06 5.92E-06   0.271 0.6000 7.5664E-06    970.353
 9731.00 0.76072943 2.7536E-22            1.0764E-21 1.3089E-07 1.4790E-08 4.6920E-07 2.7714E-07 6.0009E-07 3.08E-06 5.95E-06   0.273 0.6000 7.6088E-06    970.988
 9741.00 0.76300687 2.6004E-22            1.0313E-21 1.3269E-07 1.4856E-08 4.7261E-07 2.7868E-07 6.0530E-07 3.10E-06 5.94E-06   0.270 0.6000 7.5946E-06    972.362
 9751.00 0.76250958 2.4894E-22            9.8441E-22 1.3286E-07 1.4888E-08 4.7266E-07 2.7859E-07 6.0552E-07 3.09E-06 5.95E-06   0.271 0.6000 7.6062E-06    973.177
 9761.00 0.76020461 2.4023E-22            9.3762E-22 1.3155E-07 1.4818E-08 4.6827E-07 2.7609E-07 5.9982E-07 3.07E-06 5.93E-06   0.274 0.6000 7.5918E-06    973.328
 9771.00 0.75550592 2.3483E-22            8.8988E-22 1.2867E-07 1.4724E-08 4.6092E-07 2.7213E-07 5.8959E-07 3.02E-06 5.93E-06   0.280 0.6000 7.6047E-06    972.959
 9781.00 0.76118958 2.1812E-22            8.5648E-22 1.3174E-07 1.4757E-08 4.6602E-07 2.7428E-07 5.9776E-07 3.05E-06 5.88E-06   0.273 0.6000 7.5202E-06    974.676
 9791.00 0.76085228 2.0868E-22            8.1772E-22 1.3167E-07 1.4759E-08 4.6519E-07 2.7364E-07 5.9686E-07 3.04E-06 5.88E-06   0.273 0.6000 7.5133E-06    975.364
 9801.00 0.76098925 1.9905E-22            7.8128E-22 1.3255E-07 1.4824E-08 4.6691E-07 2.7445E-07 5.9947E-07 3.05E-06 5.89E-06   0.273 0.6000 7.5312E-06    976.447
 9811.00 0.75588447 1.9476E-22            7.4120E-22 1.2816E-07 1.4532E-08 4.5345E-07 2.6683E-07 5.8161E-07 2.96E-06 5.81E-06   0.280 0.6000 7.4494E-06    975.194
 9821.00 0.76187831 1.8074E-22            7.1365E-22 1.3420E-07 1.4919E-08 4.6958E-07 2.7555E-07 6.0378E-07 3.06E-06 5.90E-06   0.272 0.6000 7.5386E-06    978.511
 9831.00 0.75934345 1.7476E-22            6.7938E-22 1.3289E-07 1.4896E-08 4.6622E-07 2.7370E-07 5.9912E-07 3.04E-06 5.90E-06   0.275 0.6000 7.5540E-06    978.775
 9841.00 0.76041299 1.6599E-22            6.4986E-22 1.3382E-07 1.4912E-08 4.6721E-07 2.7399E-07 6.0102E-07 3.04E-06 5.89E-06   0.274 0.6000 7.5312E-06    979.779
 9851.00 0.75779235 1.6053E-22            6.1859E-22 1.3211E-07 1.4848E-08 4.6253E-07 2.7138E-07 5.9464E-07 3.01E-06 5.88E-06   0.277 0.6000 7.5270E-06    979.844
 9861.00 0.75907922 1.5238E-22            5.9182E-22 1.3443E-07 1.5022E-08 4.6842E-07 2.7446E-07 6.0285E-07 3.05E-06 5.93E-06   0.276 0.6000 7.5825E-06    981.563
 9871.00 0.75921267 1.4536E-22            5.6543E-22 1.3513E-07 1.5067E-08 4.6951E-07 2.7491E-07 6.0464E-07 3.05E-06 5.93E-06   0.275 0.6000 7.5902E-06    982.553
 9881.00 0.75521386 1.4147E-22            5.3723E-22 1.3255E-07 1.4971E-08 4.6278E-07 2.7125E-07 5.9533E-07 3.01E-06 5.92E-06   0.281 0.6000 7.5923E-06    982.287
 9891.00 0.75776851 1.3348E-22            5.1489E-22 1.3485E-07 1.5082E-08 4.6770E-07 2.7365E-07 6.0256E-07 3.04E-06 5.93E-06   0.277 0.6000 7.5945E-06    983.895
 9901.00 0.74909514 1.3267E-22            4.8622E-22 1.2905E-07 1.4870E-08 4.5377E-07 2.6642E-07 5.8282E-07 2.96E-06 5.92E-06   0.289 0.6000 7.6106E-06    982.423
 9911.00 0.74819607 1.2728E-22            4.6375E-22 1.2865E-07 1.4825E-08 4.5132E-07 2.6484E-07 5.7997E-07 2.94E-06 5.90E-06   0.290 0.6000 7.5896E-06    982.877
 9921.00 0.75320834 1.1875E-22            4.4597E-22 1.3289E-07 1.5024E-08 4.6083E-07 2.6960E-07 5.9373E-07 2.99E-06 5.92E-06   0.283 0.6000 7.5966E-06    985.255
 9931.00 0.75640655 1.1171E-22            4.2778E-22 1.3472E-07 1.5059E-08 4.6385E-07 2.7082E-07 5.9857E-07 3.01E-06 5.90E-06   0.279 0.6000 7.5522E-06    986.595
 9941.00 0.75457525 1.0757E-22            4.0762E-22 1.2945E-07 1.4532E-08 4.4581E-07 2.6033E-07 5.7526E-07 2.89E-06 5.70E-06   0.282 0.6000 7.3019E-06    984.683
 9951.00 0.75409251 1.0298E-22            3.8908E-22 1.2679E-07 1.4237E-08 4.3582E-07 2.5437E-07 5.6261E-07 2.83E-06 5.58E-06   0.282 0.6000 7.1481E-06    983.964
 9961.00 0.75224143 9.9181E-23            3.7069E-22 1.3215E-07 1.4894E-08 4.5419E-07 2.6508E-07 5.8635E-07 2.94E-06 5.84E-06   0.285 0.6000 7.4944E-06    987.552
 9971.00 0.75210983 9.4720E-23            3.5408E-22 1.3356E-07 1.5064E-08 4.5859E-07 2.6756E-07 5.9215E-07 2.97E-06 5.90E-06   0.285 0.6000 7.5675E-06    989.010
 9981.00 0.74013281 9.5596E-23            3.3272E-22 1.2677E-07 1.4861E-08 4.4300E-07 2.5999E-07 5.6977E-07 2.89E-06 5.91E-06   0.301 0.6000 7.6271E-06    987.175
 9991.00 0.75454175 8.5433E-23            3.2401E-22 1.3716E-07 1.5296E-08 4.6663E-07 2.7154E-07 6.0378E-07 3.02E-06 5.95E-06   0.282 0.6000 7.6202E-06    991.913
10001.00 0.75068957 8.3057E-23            3.0790E-22 1.3401E-07 1.5126E-08 4.5783E-07 2.6670E-07 5.9184E-07 2.96E-06 5.91E-06   0.287 0.6000 7.5822E-06    991.334
10011.00 0.75234514 7.8727E-23            2.9472E-22 1.3582E-07 1.5230E-08 4.6177E-07 2.6864E-07 5.9759E-07 2.98E-06 5.92E-06   0.285 0.6000 7.5949E-06    992.781
10021.00 0.75303543 7.4903E-23            2.8176E-22 1.3712E-07 1.5309E-08 4.6438E-07 2.6987E-07 6.0150E-07 3.00E-06 5.94E-06   0.284 0.6000 7.6120E-06    994.015
10031.00 0.75299168 7.1557E-23            2.6910E-22 1.3750E-07 1.5337E-08 4.6459E-07 2.6979E-07 6.0209E-07 3.00E-06 5.94E-06   0.284 0.6000 7.6128E-06    994.869
10041.00 0.75183105 6.8716E-23            2.5664E-22 1.3664E-07 1.5295E-08 4.6174E-07 2.6812E-07 5.9838E-07 2.98E-06 5.92E-06   0.285 0.6000 7.5964E-06    995.231
10051.00 0.75312150 6.5196E-23            2.4554E-22 1.3814E-07 1.5364E-08 4.6454E-07 2.6938E-07 6.0268E-07 2.99E-06 5.93E-06   0.284 0.6000 7.5992E-06    996.508
10061.00 0.75008774 6.3139E-23            2.3358E-22 1.3639E-07 1.5318E-08 4.6007E-07 2.6696E-07 5.9647E-07 2.96E-06 5.93E-06   0.288 0.6000 7.6105E-06    996.584
10071.00 0.73495281 6.4425E-23            2.1858E-22 1.2734E-07 1.4889E-08 4.3604E-07 2.5432E-07 5.6338E-07 2.82E-06 5.89E-06   0.308 0.6000 7.6024E-06    993.467
10081.00 0.74773693 5.8217E-23            2.1240E-22 1.3489E-07 1.5240E-08 4.5476E-07 2.6381E-07 5.8965E-07 2.93E-06 5.90E-06   0.291 0.6000 7.5822E-06    997.366
10091.00 0.74156106 5.7105E-23            2.0122E-22 1.3085E-07 1.5041E-08 4.4374E-07 2.5791E-07 5.7459E-07 2.86E-06 5.87E-06   0.299 0.6000 7.5624E-06    996.379
10101.00 0.72835946 5.7781E-23            1.8872E-22 1.2161E-07 1.4581E-08 4.1949E-07 2.4513E-07 5.4110E-07 2.72E-06 5.80E-06   0.317 0.6000 7.5113E-06    993.072
10111.00 0.74437898 5.1498E-23            1.8422E-22 1.3206E-07 1.5043E-08 4.4454E-07 2.5775E-07 5.7660E-07 2.86E-06 5.83E-06   0.295 0.6000 7.4926E-06    998.186
10121.00 0.72622782 5.2935E-23            1.7174E-22 1.2463E-07 1.4791E-08 4.2587E-07 2.4881E-07 5.5050E-07 2.76E-06 5.86E-06   0.320 0.6000 7.5886E-06    995.806
10131.00 0.71897191 5.2193E-23            1.6226E-22 1.1933E-07 1.4514E-08 4.1137E-07 2.4098E-07 5.3070E-07 2.68E-06 5.81E-06   0.330 0.6000 7.5528E-06    994.099
10141.00 0.73225433 4.7239E-23            1.5793E-22 1.2645E-07 1.4898E-08 4.2962E-07 2.4994E-07 5.5607E-07 2.78E-06 5.85E-06   0.312 0.6000 7.5589E-06    998.056
10151.00 0.68270832 5.3999E-23            1.4068E-22 1.0272E-07 1.3727E-08 3.6702E-07 2.1923E-07 4.6973E-07 2.43E-06 5.73E-06   0.382 0.6000 7.5928E-06    987.445
10161.00 0.69763863 4.8909E-23            1.3719E-22 1.1084E-07 1.4072E-08 3.8634E-07 2.2782E-07 4.9719E-07 2.53E-06 5.76E-06   0.360 0.6000 7.5665E-06    992.029
10171.00 0.66476607 5.1060E-23            1.2499E-22 1.0080E-07 1.3347E-08 3.5440E-07 2.1107E-07 4.5519E-07 2.34E-06 5.64E-06   0.408 0.6000 7.5666E-06    986.898
10181.00 0.65986860 5.0098E-23            1.1834E-22 9.6129E-08 1.3230E-08 3.4327E-07 2.0569E-07 4.3940E-07 2.28E-06 5.67E-06   0.416 0.6000 7.6043E-06    985.325
10191.00 0.68269676 4.4742E-23            1.1699E-22 1.0425E-07 1.3794E-08 3.6778E-07 2.1805E-07 4.7203E-07 2.42E-06 5.74E-06   0.382 0.6000 7.6154E-06    990.872
10201.00 0.61334503 5.0383E-23            1.0045E-22 8.2550E-08 1.2108E-08 2.9808E-07 1.8063E-07 3.8063E-07 2.01E-06 5.43E-06   0.489 0.6000 7.5497E-06    977.434
10211.00 0.59275764 5.0321E-23            9.2625E-23 7.4788E-08 1.1541E-08 2.7406E-07 1.6731E-07 3.4885E-07 1.86E-06 5.34E-06   0.523 0.6000 7.5097E-06    972.555
10221.00 0.60283482 4.6942E-23            9.0016E-23 7.8472E-08 1.1831E-08 2.8548E-07 1.7357E-07 3.6395E-07 1.93E-06 5.37E-06   0.506 0.6000 7.5283E-06    976.056
10231.00 0.64937484 4.0509E-23            9.2596E-23 9.4077E-08 1.2988E-08 3.3253E-07 1.9869E-07 4.2661E-07 2.21E-06 5.57E-06   0.432 0.6000 7.5645E-06    987.227
10241.00 0.54572898 4.7460E-23            7.4397E-23 6.4515E-08 1.0465E-08 2.3529E-07 1.4383E-07 2.9980E-07 1.60E-06 5.16E-06   0.606 0.6000 7.5088E-06    965.170
10251.00 0.56427675 4.3907E-23            7.3338E-23 6.8327E-08 1.1045E-08 2.5060E-07 1.5379E-07 3.1893E-07 1.71E-06 5.26E-06   0.572 0.6000 7.5975E-06    969.854
10261.00 0.56518251 4.1665E-23            7.0268E-23 6.8052E-08 1.0828E-08 2.4742E-07 1.5047E-07 3.1547E-07 1.67E-06 5.18E-06   0.571 0.6000 7.4726E-06    969.919
10271.00 0.56141484 4.0332E-23            6.6510E-23 6.8825E-08 1.0840E-08 2.4837E-07 1.5084E-07 3.1720E-07 1.68E-06 5.20E-06   0.577 0.6000 7.4992E-06    971.026
10281.00 0.60773772 3.5408E-23            6.8820E-23 8.0676E-08 1.2074E-08 2.8872E-07 1.7387E-07 3.6939E-07 1.93E-06 5.44E-06   0.498 0.6000 7.5867E-06    981.609
10291.00 0.63034785 3.1240E-23            6.8205E-23 9.2224E-08 1.2743E-08 3.2117E-07 1.9001E-07 4.1339E-07 2.11E-06 5.50E-06   0.461 0.6000 7.6000E-06    989.763
10301.00 0.63870209 2.9441E-23            6.6074E-23 9.4291E-08 1.2834E-08 3.2613E-07 1.9272E-07 4.2042E-07 2.14E-06 5.49E-06   0.448 0.6000 7.5360E-06    991.649
10311.00 0.62238306 2.9869E-23            6.1383E-23 8.6959E-08 1.2530E-08 3.0614E-07 1.8292E-07 3.9310E-07 2.03E-06 5.52E-06   0.474 0.6000 7.5858E-06    987.978
10321.00 0.61335933 2.9007E-23            5.7875E-23 8.2795E-08 1.2225E-08 2.9334E-07 1.7551E-07 3.7614E-07 1.95E-06 5.47E-06   0.489 0.6000 7.5612E-06    985.849
10331.00 0.61944878 2.6263E-23            5.5725E-23 9.1224E-08 1.2439E-08 3.1290E-07 1.8426E-07 4.0412E-07 2.05E-06 5.39E-06   0.479 0.6000 7.5159E-06    991.336
10341.00 0.47959545 3.2600E-23            4.1389E-23 5.1675E-08 9.2354E-09 1.8826E-07 1.1663E-07 2.3993E-07 1.30E-06 4.89E-06   0.735 0.6000 7.5583E-06    958.772
10351.00 0.46118182 3.2808E-23            3.7790E-23 4.2461E-08 8.5486E-09 1.6038E-07 1.0192E-07 2.0285E-07 1.13E-06 4.75E-06   0.774 0.6000 7.4168E-06    949.251
10361.00 0.46175298 3.0818E-23            3.6249E-23 4.3053E-08 8.7650E-09 1.6487E-07 1.0501E-07 2.0793E-07 1.17E-06 4.81E-06   0.773 0.6000 7.5170E-06    951.493
10371.00 0.41916025 2.9386E-23            3.1385E-23 4.4035E-08 8.0896E-09 1.5937E-07 9.8473E-08 2.0341E-07 1.09E-06 4.55E-06   0.870 0.6000 7.4998E-06    950.902
10381.00 0.47996700 2.7045E-23            3.4364E-23 5.2748E-08 9.2679E-09 1.8959E-07 1.1602E-07 2.4234E-07 1.29E-06 4.89E-06   0.734 0.6000 7.5039E-06    962.382
10391.00 0.35866904 2.9476E-23            2.4466E-23 2.9209E-08 6.6677E-09 1.0650E-07 6.8494E-08 1.3570E-07 7.61E-07 4.30E-06   1.025 0.6000 7.4884E-06    928.447
10401.00 0.43692926 2.6169E-23            2.8549E-23 4.3499E-08 8.5357E-09 1.5816E-07 9.9203E-08 2.0166E-07 1.10E-06 4.78E-06   0.828 0.6000 7.5955E-06    952.602
10411.00 0.39997873 2.6018E-23            2.4897E-23 3.5106E-08 7.4571E-09 1.2822E-07 8.1139E-08 1.6333E-07 9.01E-07 4.50E-06   0.916 0.6000 7.4817E-06    940.721
10421.00 0.29584366 2.6534E-23            1.7665E-23 1.9848E-08 5.4474E-09 7.3281E-08 4.8816E-08 9.3129E-08 5.42E-07 4.00E-06   1.218 0.6000 7.5892E-06    909.377
10431.00 0.35817701 2.3756E-23            2.0308E-23 3.1095E-08 6.8337E-09 1.1285E-07 7.1411E-08 1.4394E-07 7.93E-07 4.33E-06   1.027 0.6000 7.6090E-06    934.774
10441.00 0.44033080 2.1309E-23            2.3883E-23 4.3291E-08 8.4288E-09 1.5687E-07 9.7353E-08 2.0016E-07 1.08E-06 4.68E-06   0.820 0.6000 7.5062E-06    955.113
10451.00 0.29603845 2.2725E-23            1.5341E-23 2.2471E-08 5.4798E-09 7.8106E-08 4.9621E-08 1.0058E-07 5.51E-07 3.99E-06   1.217 0.6000 7.5160E-06    915.790
10461.00 0.30220541 2.1675E-23            1.4976E-23 2.3103E-08 5.5776E-09 8.1618E-08 5.2175E-08 1.0472E-07 5.79E-07 3.97E-06   1.197 0.6000 7.4884E-06    918.764
10471.00 0.32455713 2.0714E-23            1.5360E-23 2.1868E-08 5.6714E-09 7.9002E-08 5.1371E-08 1.0087E-07 5.71E-07 3.93E-06   1.125 0.6000 7.0966E-06    917.384
10481.00 0.35290432 1.9395E-23            1.5884E-23 2.7003E-08 6.5149E-09 9.7075E-08 6.2162E-08 1.2408E-07 6.90E-07 4.25E-06   1.042 0.6000 7.3966E-06    929.823
10491.00 0.31212109 1.8961E-23            1.3510E-23 2.2051E-08 5.7754E-09 7.9855E-08 5.2212E-08 1.0191E-07 5.80E-07 4.07E-06   1.164 0.6000 7.5336E-06    919.388
10501.00 0.20788896 1.8645E-23            8.5478E-24 1.0593E-08 3.6990E-09 3.4609E-08 2.3355E-08 4.5202E-08 2.59E-07 3.46E-06   1.571 0.6000 7.5876E-06    876.702
10511.00 0.41256106 1.6615E-23            1.6162E-23 3.3707E-08 7.7664E-09 1.2212E-07 7.7365E-08 1.5583E-07 8.59E-07 4.71E-06   0.885 0.6000 7.5650E-06    945.265
10521.00 0.25377366 1.5989E-23            9.6211E-24 1.7863E-08 4.6682E-09 6.1369E-08 3.8884E-08 7.9231E-08 4.32E-07 3.62E-06   1.371 0.6000 7.5614E-06    907.630
10531.00 0.26808858 1.5249E-23            9.5288E-24 2.0114E-08 5.0445E-09 6.8661E-08 4.3209E-08 8.8775E-08 4.80E-07 3.76E-06   1.316 0.6000 7.6148E-06    914.573
10541.00 0.30683231 1.4591E-23            1.0562E-23 2.2258E-08 5.7013E-09 7.8064E-08 4.9781E-08 1.0032E-07 5.53E-07 3.98E-06   1.181 0.6000 7.6042E-06    922.088
10551.00 0.26762572 1.4215E-23            8.7339E-24 1.8905E-08 4.9764E-09 6.4815E-08 4.1326E-08 8.3720E-08 4.59E-07 3.77E-06   1.318 0.6000 7.5920E-06    912.766
10561.00 0.27420324 1.3767E-23            8.5781E-24 1.8110E-08 5.0327E-09 6.2524E-08 4.0425E-08 8.0634E-08 4.49E-07 3.82E-06   1.294 0.6000 7.5532E-06    911.417
10571.00 0.21964073 1.2741E-23            6.5396E-24 1.3568E-08 3.9756E-09 4.4279E-08 2.8176E-08 5.7847E-08 3.13E-07 3.38E-06   1.516 0.6000 7.5396E-06    894.312
10581.00 0.30252081 1.2420E-23            8.6364E-24 2.1802E-08 5.5496E-09 7.4179E-08 4.6826E-08 9.5981E-08 5.20E-07 3.97E-06   1.196 0.6000 7.4809E-06    922.470
10591.00 0.20181508 1.1442E-23            5.4438E-24 1.3264E-08 3.6230E-09 4.2461E-08 2.6430E-08 5.5724E-08 2.94E-07 3.16E-06   1.600 0.6000 7.3912E-06    893.742
10601.00 0.25804409 1.0844E-23            6.7388E-24 1.8658E-08 4.6839E-09 6.1225E-08 3.7541E-08 7.9883E-08 4.17E-07 3.56E-06   1.355 0.6000 7.4831E-06    913.735
10611.00 0.30708998 1.0796E-23            7.5866E-24 2.0946E-08 5.5262E-09 7.0325E-08 4.4193E-08 9.1270E-08 4.91E-07 3.99E-06   1.181 0.6000 7.4735E-06    921.800
10621.00 0.33609080 1.0486E-23            7.9704E-24 2.2467E-08 5.7599E-09 7.6745E-08 4.8344E-08 9.9212E-08 5.37E-07 4.02E-06   1.090 0.6000 7.1416E-06    927.181
10631.00 0.33331576 1.0296E-23            7.5305E-24 2.0688E-08 5.9756E-09 7.4051E-08 4.9249E-08 9.4739E-08 5.47E-07 4.18E-06   1.099 0.6000 7.3919E-06    925.305
10641.00 0.43059492 8.9658E-24            9.2910E-24 3.7988E-08 8.3097E-09 1.3360E-07 8.3518E-08 1.7159E-07 9.28E-07 4.76E-06   0.843 0.6000 7.5446E-06    960.527
10651.00 0.27882436 8.6980E-24            5.7900E-24 2.1112E-08 5.2033E-09 7.0452E-08 4.3728E-08 9.1564E-08 4.86E-07 3.74E-06   1.277 0.6000 7.5639E-06    924.824
10661.00 0.16350259 8.5984E-24            3.2204E-24 7.6236E-09 2.8874E-09 2.2018E-08 1.4510E-08 2.9641E-08 1.61E-07 3.04E-06   1.811 0.6000 7.5933E-06    866.562
10671.00 0.15435146 8.2608E-24            2.8977E-24 6.9730E-09 2.7322E-09 1.9946E-08 1.3297E-08 2.6919E-08 1.48E-07 3.01E-06   1.869 0.6000 7.5846E-06    862.542
10681.00 0.17580147 7.7718E-24            3.1758E-24 8.4551E-09 3.0827E-09 2.4731E-08 1.6120E-08 3.3187E-08 1.79E-07 3.08E-06   1.738 0.6000 7.5010E-06    873.484
10691.00 0.21122339 7.1700E-24            3.6106E-24 1.2650E-08 3.8476E-09 3.9340E-08 2.4775E-08 5.1990E-08 2.75E-07 3.27E-06   1.555 0.6000 7.5250E-06    897.048
10701.00 0.10732815 6.5558E-24            1.7676E-24 4.9672E-09 1.9799E-09 1.2849E-08 8.3719E-09 1.7817E-08 9.30E-08 2.47E-06   2.232 0.6000 7.6028E-06    844.977
10711.00 0.15248966 6.9600E-24            2.3693E-24 7.1224E-09 2.8058E-09 1.9586E-08 1.3143E-08 2.6708E-08 1.46E-07 3.12E-06   1.881 0.6000 7.6107E-06    864.848
10721.00 0.18128407 6.6414E-24            2.7125E-24 9.6861E-09 3.3698E-09 2.8106E-08 1.8333E-08 3.7792E-08 2.04E-07 3.32E-06   1.708 0.6000 7.5927E-06    882.713
10731.00 0.22118673 6.0686E-24            3.1433E-24 1.3906E-08 4.2315E-09 4.4959E-08 2.9292E-08 5.8865E-08 3.25E-07 3.44E-06   1.509 0.6000 7.5570E-06    906.376
10741.00 0.31718653 5.8569E-24            4.3157E-24 2.4806E-08 6.2774E-09 8.4041E-08 5.3796E-08 1.0885E-07 5.97E-07 4.18E-06   1.148 0.6000 7.5987E-06    941.024
10751.00 0.35645136 5.6199E-24            4.6352E-24 2.9101E-08 7.0964E-09 1.0086E-07 6.4773E-08 1.2996E-07 7.19E-07 4.44E-06   1.032 0.6000 7.5686E-06    952.017
10761.00 0.42945153 5.2015E-24            5.3316E-24 3.9716E-08 8.6500E-09 1.3861E-07 8.7932E-08 1.7832E-07 9.77E-07 4.81E-06   0.845 0.6000 7.5094E-06    971.654
10771.00 0.45127335 4.8085E-24            5.3479E-24 4.5433E-08 9.2008E-09 1.5625E-07 9.6725E-08 2.0168E-07 1.07E-06 4.95E-06   0.796 0.6000 7.6113E-06    979.956
10781.00 0.55608398 3.9601E-24            6.2847E-24 7.0451E-08 1.1645E-08 2.3569E-07 1.4025E-07 3.0614E-07 1.56E-06 5.36E-06   0.587 0.6000 7.6222E-06   1007.271
10791.00 0.61926872 3.3342E-24            6.7038E-24 8.9808E-08 1.3073E-08 2.9103E-07 1.6963E-07 3.8083E-07 1.88E-06 5.47E-06   0.479 0.6000 7.4710E-06   1022.517
10801.00 0.61713707 3.2013E-24            6.3714E-24 8.5731E-08 1.2667E-08 2.8014E-07 1.6411E-07 3.6587E-07 1.82E-06 5.31E-06   0.483 0.6000 7.2822E-06   1020.583
10811.00 0.59530705 3.1697E-24            5.8743E-24 8.3381E-08 1.2476E-08 2.7216E-07 1.6006E-07 3.5555E-07 1.78E-06 5.33E-06   0.519 0.6000 7.4552E-06   1019.426
10821.00 0.58397847 3.1334E-24            5.4989E-24 7.6708E-08 1.2052E-08 2.5379E-07 1.5042E-07 3.3050E-07 1.67E-06 5.28E-06   0.538 0.6000 7.3925E-06   1015.323
10831.00 0.62323707 2.7336E-24            5.6024E-24 8.8414E-08 1.2610E-08 2.8411E-07 1.6542E-07 3.7252E-07 1.84E-06 5.19E-06   0.473 0.6000 7.1062E-06   1024.070
10841.00 0.63786399 2.4596E-24            5.4828E-24 1.0344E-07 1.3627E-08 3.2282E-07 1.8543E-07 4.2626E-07 2.06E-06 5.39E-06   0.450 0.6000 7.3512E-06   1033.984
10851.00 0.60271198 2.5893E-24            4.9402E-24 8.5964E-08 1.2602E-08 2.7791E-07 1.6336E-07 3.6388E-07 1.81E-06 5.24E-06   0.506 0.6000 7.3041E-06   1024.008
10861.00 0.65651757 2.1848E-24            5.1376E-24 1.0865E-07 1.4268E-08 3.3851E-07 1.9386E-07 4.4716E-07 2.15E-06 5.56E-06   0.421 0.6000 7.4621E-06   1038.807
10871.00 0.59393626 2.2926E-24            4.4473E-24 9.6544E-08 1.3068E-08 3.0167E-07 1.7398E-07 3.9822E-07 1.93E-06 5.36E-06   0.521 0.6000 7.5693E-06   1031.624
10881.00 0.60084236 2.2253E-24            4.2940E-24 9.1975E-08 1.3161E-08 2.9263E-07 1.7016E-07 3.8460E-07 1.89E-06 5.44E-06   0.509 0.6000 7.6132E-06   1030.022
10891.00 0.51793486 2.4296E-24            3.5396E-24 6.6565E-08 1.0932E-08 2.1742E-07 1.2899E-07 2.8398E-07 1.43E-06 5.06E-06   0.658 0.6000 7.5649E-06   1010.619
10901.00 0.50432807 2.3926E-24            3.2741E-24 6.2104E-08 1.0443E-08 2.0097E-07 1.1904E-07 2.6307E-07 1.32E-06 4.99E-06   0.685 0.6000 7.5041E-06   1006.404
10911.00 0.57439959 2.0479E-24            3.5751E-24 8.2863E-08 1.2383E-08 2.6320E-07 1.5332E-07 3.4606E-07 1.70E-06 5.34E-06   0.554 0.6000 7.5967E-06   1025.183
10921.00 0.44659927 2.2908E-24            2.6524E-24 5.1654E-08 9.3377E-09 1.6911E-07 1.0185E-07 2.2076E-07 1.13E-06 4.75E-06   0.806 0.6000 7.6235E-06    996.684
10931.00 0.58456147 1.8720E-24            3.3095E-24 7.9806E-08 1.2443E-08 2.5831E-07 1.5139E-07 3.3811E-07 1.68E-06 5.37E-06   0.537 0.6000 7.5345E-06   1025.139
10941.00 0.48529989 1.9828E-24            2.6353E-24 6.1990E-08 1.0380E-08 2.0000E-07 1.1896E-07 2.6199E-07 1.32E-06 4.94E-06   0.723 0.6000 7.6639E-06   1009.119
10951.00 0.48107800 1.9609E-24            2.4793E-24 5.8622E-08 1.0266E-08 1.9029E-07 1.1408E-07 2.4891E-07 1.27E-06 5.00E-06   0.732 0.6000 7.7036E-06   1006.560
10961.00 0.55763143 1.6265E-24            2.7569E-24 8.2781E-08 1.2084E-08 2.5751E-07 1.4858E-07 3.4029E-07 1.65E-06 5.19E-06   0.584 0.6000 7.5273E-06   1027.831
10971.00 0.57792062 1.5203E-24            2.7243E-24 8.6845E-08 1.2436E-08 2.6975E-07 1.5543E-07 3.5659E-07 1.73E-06 5.23E-06   0.548 0.6000 7.4388E-06   1031.731
10981.00 0.51592660 1.6085E-24            2.3218E-24 7.0947E-08 1.1149E-08 2.2325E-07 1.3150E-07 2.9420E-07 1.46E-06 5.05E-06   0.662 0.6000 7.5628E-06   1019.671
10991.00 0.52988791 1.5245E-24            2.2763E-24 6.8920E-08 1.1200E-08 2.2120E-07 1.3132E-07 2.9012E-07 1.46E-06 5.02E-06   0.635 0.6000 7.4267E-06   1019.501
11001.00 0.52253193 1.4171E-24            2.1441E-24 7.0786E-08 1.1057E-08 2.2333E-07 1.3081E-07 2.9411E-07 1.45E-06 4.90E-06   0.649 0.6000 7.3350E-06   1021.149
11011.00 0.52099800 1.3520E-24            2.0408E-24 7.6554E-08 1.1301E-08 2.3521E-07 1.3607E-07 3.1176E-07 1.51E-06 4.97E-06   0.652 0.6000 7.4859E-06   1025.754
11021.00 0.52726674 1.2802E-24            1.9725E-24 7.4948E-08 1.1579E-08 2.3348E-07 1.3574E-07 3.0843E-07 1.51E-06 5.10E-06   0.640 0.6000 7.6420E-06   1025.789
11031.00 0.57966834 1.1631E-24            2.0699E-24 8.6348E-08 1.2667E-08 2.6853E-07 1.5574E-07 3.5488E-07 1.73E-06 5.26E-06   0.545 0.6000 7.4670E-06   1035.941
11041.00 0.63828707 9.6504E-25            2.1779E-24 1.1359E-07 1.4615E-08 3.3936E-07 1.9129E-07 4.5295E-07 2.12E-06 5.59E-06   0.449 0.6000 7.6479E-06   1053.471
11051.00 0.64506906 9.2425E-25            2.1016E-24 1.1421E-07 1.4861E-08 3.4263E-07 1.9433E-07 4.5684E-07 2.16E-06 5.67E-06   0.438 0.6000 7.6989E-06   1054.833
11061.00 0.65759313 8.5688E-25            2.0445E-24 1.2025E-07 1.5219E-08 3.5634E-07 2.0079E-07 4.7659E-07 2.23E-06 5.71E-06   0.419 0.6000 7.6847E-06   1058.569
11071.00 0.59385425 9.2101E-25            1.7671E-24 9.4918E-08 1.3354E-08 2.8953E-07 1.6585E-07 3.8444E-07 1.84E-06 5.38E-06   0.521 0.6000 7.6118E-06   1044.411
11081.00 0.53180802 9.5499E-25            1.5080E-24 7.5963E-08 1.1422E-08 2.3244E-07 1.3358E-07 3.0840E-07 1.48E-06 4.95E-06   0.631 0.6000 7.3949E-06   1030.283
11091.00 0.54021716 9.1782E-25            1.4630E-24 7.3114E-08 1.1157E-08 2.2577E-07 1.3102E-07 2.9888E-07 1.46E-06 4.80E-06   0.616 0.6000 7.0888E-06   1028.948
11101.00 0.50130492 9.3504E-25            1.2974E-24 6.5322E-08 1.0738E-08 2.0516E-07 1.2115E-07 2.7048E-07 1.35E-06 4.86E-06   0.691 0.6000 7.4018E-06   1023.111
11111.00 0.55945992 7.8053E-25            1.3802E-24 9.0652E-08 1.2436E-08 2.6895E-07 1.5201E-07 3.5960E-07 1.69E-06 5.09E-06   0.581 0.6000 7.4567E-06   1042.877
11121.00 0.41880283 9.1492E-25            9.8772E-25 5.2553E-08 9.0699E-09 1.5976E-07 9.4243E-08 2.1231E-07 1.05E-06 4.60E-06   0.870 0.6000 7.6365E-06   1008.955
11131.00 0.56095028 7.1923E-25            1.2613E-24 9.2442E-08 1.2790E-08 2.7441E-07 1.5583E-07 3.6686E-07 1.73E-06 5.24E-06   0.578 0.6000 7.6345E-06   1045.749
11141.00 0.54513425 7.3951E-25            1.1720E-24 7.9726E-08 1.2248E-08 2.4504E-07 1.4340E-07 3.2477E-07 1.59E-06 5.22E-06   0.607 0.6000 7.5875E-06   1038.245
11151.00 0.53364134 7.1493E-25            1.0953E-24 7.8541E-08 1.2048E-08 2.3979E-07 1.4052E-07 3.1833E-07 1.56E-06 5.15E-06   0.628 0.6000 7.5845E-06   1037.649
11161.00 0.59115076 6.2320E-25            1.1585E-24 9.7190E-08 1.3781E-08 2.9276E-07 1.6852E-07 3.8995E-07 1.87E-06 5.50E-06   0.526 0.6000 7.7213E-06   1052.206
11171.00 0.61329645 5.7938E-25            1.1464E-24 1.0018E-07 1.3999E-08 3.0122E-07 1.7337E-07 4.0140E-07 1.93E-06 5.47E-06   0.489 0.6000 7.5224E-06   1054.964
11181.00 0.65983921 4.9116E-25            1.1783E-24 1.2348E-07 1.5368E-08 3.5628E-07 1.9945E-07 4.7976E-07 2.22E-06 5.64E-06   0.416 0.6000 7.5350E-06   1068.224
11191.00 0.66774786 4.5675E-25            1.1396E-24 1.2852E-07 1.5734E-08 3.6818E-07 2.0469E-07 4.9669E-07 2.27E-06 5.73E-06   0.404 0.6000 7.6181E-06   1071.457
11201.00 0.69444782 4.0170E-25            1.1304E-24 1.4134E-07 1.6186E-08 3.9450E-07 2.1629E-07 5.3584E-07 2.40E-06 5.67E-06   0.365 0.6000 7.4492E-06   1077.662
11211.00 0.70493704 3.6930E-25            1.0963E-24 1.5005E-07 1.6832E-08 4.1572E-07 2.2678E-07 5.6578E-07 2.52E-06 5.82E-06   0.350 0.6000 7.6049E-06   1082.365
11221.00 0.71492922 3.4001E-25            1.0617E-24 1.5910E-07 1.7310E-08 4.3466E-07 2.3589E-07 5.9375E-07 2.62E-06 5.88E-06   0.336 0.6000 7.6441E-06   1086.655
11231.00 0.71328908 3.2627E-25            1.0115E-24 1.5909E-07 1.7384E-08 4.3496E-07 2.3604E-07 5.9405E-07 2.62E-06 5.91E-06   0.338 0.6000 7.6983E-06   1087.464
11241.00 0.71583247 3.0853E-25            9.6903E-25 1.6005E-07 1.7328E-08 4.3521E-07 2.3568E-07 5.9526E-07 2.62E-06 5.86E-06   0.334 0.6000 7.6234E-06   1088.386
11251.00 0.71705580 2.9290E-25            9.2706E-25 1.6249E-07 1.7455E-08 4.3944E-07 2.3765E-07 6.0193E-07 2.64E-06 5.88E-06   0.333 0.6000 7.6427E-06   1089.976
11261.00 0.71042985 2.8680E-25            8.7675E-25 1.5652E-07 1.7109E-08 4.2553E-07 2.3066E-07 5.8205E-07 2.56E-06 5.81E-06   0.342 0.6000 7.5795E-06   1088.289
11271.00 0.71673930 2.6737E-25            8.4473E-25 1.5856E-07 1.7036E-08 4.2761E-07 2.3097E-07 5.8617E-07 2.57E-06 5.72E-06   0.333 0.6000 7.4414E-06   1089.576
11281.00 0.71263957 2.5919E-25            8.0197E-25 1.5040E-07 1.6349E-08 4.0685E-07 2.2004E-07 5.5726E-07 2.44E-06 5.52E-06   0.339 0.6000 7.1947E-06   1086.656
11291.00 0.71240008 2.4782E-25            7.6528E-25 1.5951E-07 1.7318E-08 4.3050E-07 2.3262E-07 5.9001E-07 2.58E-06 5.84E-06   0.339 0.6000 7.6089E-06   1091.599
11301.00 0.71785039 2.3165E-25            7.3637E-25 1.6469E-07 1.7555E-08 4.4035E-07 2.3716E-07 6.0504E-07 2.63E-06 5.86E-06   0.331 0.6000 7.6142E-06   1094.219
11311.00 0.71709424 2.2174E-25            7.0239E-25 1.6217E-07 1.7315E-08 4.3326E-07 2.3324E-07 5.9543E-07 2.59E-06 5.78E-06   0.333 0.6000 7.5111E-06   1093.814
11321.00 0.71608168 2.1259E-25            6.6964E-25 1.6376E-07 1.7520E-08 4.3713E-07 2.3527E-07 6.0089E-07 2.61E-06 5.85E-06   0.334 0.6000 7.6030E-06   1095.258
11331.00 0.71584713 2.0307E-25            6.3923E-25 1.6053E-07 1.7173E-08 4.2785E-07 2.3015E-07 5.8838E-07 2.56E-06 5.73E-06   0.334 0.6000 7.4450E-06   1094.482
11341.00 0.71572107 1.9399E-25            6.1017E-25 1.6368E-07 1.7488E-08 4.3526E-07 2.3397E-07 5.9894E-07 2.60E-06 5.82E-06   0.334 0.6000 7.5703E-06   1096.562
11351.00 0.71626341 1.8478E-25            5.8304E-25 1.5562E-07 1.6575E-08 4.1258E-07 2.2154E-07 5.6820E-07 2.46E-06 5.51E-06   0.334 0.6000 7.1571E-06   1093.464
11361.00 0.71610838 1.7651E-25            5.5655E-25 1.6494E-07 1.7549E-08 4.3636E-07 2.3413E-07 6.0130E-07 2.60E-06 5.82E-06   0.334 0.6000 7.5666E-06   1098.396
11371.00 0.71710426 1.6782E-25            5.3215E-25 1.6422E-07 1.7380E-08 4.3269E-07 2.3187E-07 5.9691E-07 2.58E-06 5.75E-06   0.333 0.6000 7.4662E-06   1098.628
11381.00 0.71594244 1.6094E-25            5.0726E-25 1.6748E-07 1.7783E-08 4.4123E-07 2.3640E-07 6.0872E-07 2.63E-06 5.88E-06   0.334 0.6000 7.6453E-06   1100.847
11391.00 0.71640277 1.5336E-25            4.8463E-25 1.6704E-07 1.7676E-08 4.3868E-07 2.3480E-07 6.0572E-07 2.61E-06 5.83E-06   0.334 0.6000 7.5803E-06   1101.253
11401.00 0.71630180 1.4645E-25            4.6265E-25 1.6788E-07 1.7746E-08 4.3993E-07 2.3530E-07 6.0781E-07 2.61E-06 5.85E-06   0.334 0.6000 7.5997E-06   1102.280
11411.00 0.71581590 1.4007E-25            4.4144E-25 1.6720E-07 1.7683E-08 4.3758E-07 2.3392E-07 6.0478E-07 2.60E-06 5.82E-06   0.334 0.6000 7.5687E-06   1102.682
11421.00 0.71593016 1.3365E-25            4.2154E-25 1.6281E-07 1.7186E-08 4.2502E-07 2.2702E-07 5.8783E-07 2.52E-06 5.65E-06   0.334 0.6000 7.3425E-06   1101.351
11431.00 0.71564281 1.2772E-25            4.0231E-25 1.6564E-07 1.7479E-08 4.3166E-07 2.3041E-07 5.9730E-07 2.56E-06 5.74E-06   0.335 0.6000 7.4607E-06   1103.303
11441.00 0.71531725 1.2207E-25            3.8394E-25 1.6674E-07 1.7592E-08 4.3380E-07 2.3142E-07 6.0054E-07 2.57E-06 5.77E-06   0.335 0.6000 7.5024E-06   1104.475
11451.00 0.71526754 1.1655E-25            3.6655E-25 1.6857E-07 1.7762E-08 4.3758E-07 2.3326E-07 6.0615E-07 2.59E-06 5.82E-06   0.335 0.6000 7.5639E-06   1105.936
11461.00 0.71505326 1.1135E-25            3.4987E-25 1.7077E-07 1.7982E-08 4.4244E-07 2.3569E-07 6.1321E-07 2.62E-06 5.88E-06   0.335 0.6000 7.6494E-06   1107.568
11471.00 0.71476084 1.0641E-25            3.3391E-25 1.6812E-07 1.7699E-08 4.3484E-07 2.3150E-07 6.0296E-07 2.57E-06 5.78E-06   0.336 0.6000 7.5218E-06   1107.086
11481.00 0.71434283 1.0175E-25            3.1861E-25 1.6919E-07 1.7815E-08 4.3695E-07 2.3249E-07 6.0614E-07 2.58E-06 5.82E-06   0.336 0.6000 7.5664E-06   1108.248
11491.00 0.71416962 9.7191E-26            3.0413E-25 1.6936E-07 1.7819E-08 4.3652E-07 2.3210E-07 6.0588E-07 2.58E-06 5.81E-06   0.337 0.6000 7.5587E-06   1108.987
11501.00 0.71388638 9.2877E-26            2.9025E-25 1.6548E-07 1.7405E-08 4.2577E-07 2.2624E-07 5.9125E-07 2.51E-06 5.67E-06   0.337 0.6000 7.3764E-06   1107.941
11511.00 0.71359313 8.8759E-26            2.7701E-25 1.6464E-07 1.7312E-08 4.2288E-07 2.2456E-07 5.8752E-07 2.49E-06 5.63E-06   0.337 0.6000 7.3299E-06   1108.242
11521.00 0.71323109 8.4848E-26            2.6434E-25 1.6539E-07 1.7390E-08 4.2412E-07 2.2509E-07 5.8951E-07 2.50E-06 5.65E-06   0.338 0.6000 7.3570E-06   1109.261
11531.00 0.71293020 8.1087E-26            2.5227E-25 1.5939E-07 1.6755E-08 4.0806E-07 2.1644E-07 5.6745E-07 2.40E-06 5.44E-06   0.338 0.6000 7.0826E-06   1107.206
11541.00 0.71266389 7.7482E-26            2.4077E-25 1.2693E-07 1.3339E-08 3.2440E-07 1.7195E-07 4.5133E-07 1.91E-06 4.33E-06   0.339 0.6000 5.6333E-06   1091.302
11551.00 0.71225351 7.4080E-26            2.2974E-25 1.6149E-07 1.6973E-08 4.1205E-07 2.1829E-07 5.7354E-07 2.42E-06 5.50E-06   0.339 0.6000 7.1627E-06   1109.532
11561.00 0.71190101 7.0813E-26            2.1924E-25 1.6978E-07 1.7842E-08 4.3250E-07 2.2899E-07 6.0228E-07 2.54E-06 5.78E-06   0.340 0.6000 7.5239E-06   1113.936
11571.00 0.71166658 6.7658E-26            2.0924E-25 1.7317E-07 1.8188E-08 4.4030E-07 2.3296E-07 6.1347E-07 2.59E-06 5.88E-06   0.340 0.6000 7.6619E-06   1116.081
11581.00 0.71125799 6.4683E-26            1.9966E-25 1.7210E-07 1.8081E-08 4.3697E-07 2.3107E-07 6.0908E-07 2.57E-06 5.84E-06   0.341 0.6000 7.6124E-06   1116.314
11591.00 0.71040404 6.1950E-26            1.9040E-25 1.7178E-07 1.8082E-08 4.3583E-07 2.3040E-07 6.0760E-07 2.56E-06 5.84E-06   0.342 0.6000 7.6150E-06   1116.903
11601.00 0.71054155 5.9104E-26            1.8181E-25 1.6963E-07 1.7819E-08 4.2929E-07 2.2674E-07 5.9893E-07 2.52E-06 5.74E-06   0.342 0.6000 7.4906E-06   1116.598
11611.00 0.70953023 5.6637E-26            1.7334E-25 1.6886E-07 1.7784E-08 4.2714E-07 2.2555E-07 5.9600E-07 2.51E-06 5.73E-06   0.343 0.6000 7.4800E-06   1117.001
11621.00 0.70960760 5.4029E-26            1.6551E-25 1.7111E-07 1.7988E-08 4.3179E-07 2.2781E-07 6.0290E-07 2.53E-06 5.79E-06   0.343 0.6000 7.5536E-06   1118.630
11631.00 0.70857131 5.1763E-26            1.5779E-25 1.6934E-07 1.7848E-08 4.2713E-07 2.2530E-07 5.9646E-07 2.50E-06 5.75E-06   0.345 0.6000 7.5002E-06   1118.597
11641.00 0.70763558 4.9590E-26            1.5044E-25 1.6858E-07 1.7810E-08 4.2503E-07 2.2413E-07 5.9361E-07 2.49E-06 5.73E-06   0.346 0.6000 7.4886E-06   1119.007
11651.00 0.70803624 4.7260E-26            1.4371E-25 1.6950E-07 1.7853E-08 4.2607E-07 2.2445E-07 5.9557E-07 2.49E-06 5.73E-06   0.345 0.6000 7.4886E-06   1120.023
11661.00 0.70471370 4.5669E-26            1.3657E-25 1.6957E-07 1.8070E-08 4.2785E-07 2.2561E-07 5.9742E-07 2.51E-06 5.83E-06   0.350 0.6000 7.6222E-06   1121.023
11671.00 0.70686972 4.3253E-26            1.3078E-25 1.7259E-07 1.8209E-08 4.3279E-07 2.2777E-07 6.0539E-07 2.53E-06 5.84E-06   0.347 0.6000 7.6343E-06   1122.785
11681.00 0.70510888 4.1548E-26            1.2455E-25 1.6846E-07 1.7869E-08 4.2282E-07 2.2256E-07 5.9127E-07 2.47E-06 5.74E-06   0.349 0.6000 7.5086E-06   1121.785
11691.00 0.70397866 3.9835E-26            1.1871E-25 1.6258E-07 1.7297E-08 4.0797E-07 2.1473E-07 5.7054E-07 2.38E-06 5.56E-06   0.351 0.6000 7.2750E-06   1119.886
11701.00 0.70277309 3.8181E-26            1.1315E-25 1.2159E-07 1.2952E-08 3.0475E-07 1.6035E-07 4.2634E-07 1.78E-06 4.16E-06   0.353 0.6000 5.4498E-06   1099.333
11711.00 0.70066869 3.6729E-26            1.0769E-25 1.4384E-07 1.5426E-08 3.6104E-07 1.9000E-07 5.0488E-07 2.11E-06 4.97E-06   0.356 0.6000 6.5087E-06   1112.367
11721.00 0.70352000 3.4697E-26            1.0324E-25 1.6650E-07 1.7673E-08 4.1541E-07 2.1815E-07 5.8191E-07 2.42E-06 5.66E-06   0.352 0.6000 7.4074E-06   1123.661
11731.00 0.70047432 3.3476E-26            9.8143E-26 1.6672E-07 1.7865E-08 4.1701E-07 2.1919E-07 5.8373E-07 2.43E-06 5.74E-06   0.356 0.6000 7.5244E-06   1124.661
11741.00 0.69692481 3.2353E-26            9.3223E-26 1.5905E-07 1.7234E-08 3.9906E-07 2.1001E-07 5.5811E-07 2.33E-06 5.56E-06   0.361 0.6000 7.3045E-06   1122.073
11751.00 0.69949180 3.0618E-26            8.9316E-26 1.6772E-07 1.7965E-08 4.1799E-07 2.1946E-07 5.8572E-07 2.44E-06 5.76E-06   0.357 0.6000 7.5574E-06   1126.450
11761.00 0.70136333 2.9038E-26            8.5505E-26 1.5045E-07 1.6004E-08 3.7329E-07 1.9564E-07 5.2374E-07 2.17E-06 5.11E-06   0.355 0.6000 6.6941E-06   1118.881
11771.00 0.70069635 2.7778E-26            8.1556E-26 1.6115E-07 1.7161E-08 3.9938E-07 2.0921E-07 5.6053E-07 2.32E-06 5.48E-06   0.356 0.6000 7.1784E-06   1124.692
11781.00 0.70011008 2.6571E-26            7.7795E-26 1.7110E-07 1.8229E-08 4.2348E-07 2.2176E-07 5.9458E-07 2.46E-06 5.82E-06   0.357 0.6000 7.6220E-06   1129.881
11791.00 0.69886911 2.5478E-26            7.4139E-26 1.7018E-07 1.8198E-08 4.2120E-07 2.2051E-07 5.9138E-07 2.45E-06 5.81E-06   0.358 0.6000 7.6178E-06   1130.242
11801.00 0.70268649 2.3996E-26            7.1166E-26 1.7072E-07 1.7970E-08 4.1890E-07 2.1868E-07 5.8963E-07 2.43E-06 5.69E-06   0.353 0.6000 7.4468E-06   1130.785
11811.00 0.70040703 2.3086E-26            6.7729E-26 1.6960E-07 1.7972E-08 4.1669E-07 2.1764E-07 5.8629E-07 2.42E-06 5.70E-06   0.356 0.6000 7.4721E-06   1131.125
11821.00 0.69907701 2.2149E-26            6.4528E-26 1.7162E-07 1.8245E-08 4.2156E-07 2.2017E-07 5.9318E-07 2.45E-06 5.79E-06   0.358 0.6000 7.5939E-06   1132.771
11831.00 0.69903117 2.1144E-26            6.1605E-26 1.7143E-07 1.8232E-08 4.2065E-07 2.1951E-07 5.9208E-07 2.44E-06 5.78E-06   0.358 0.6000 7.5796E-06   1133.398
11841.00 0.69448918 2.0503E-26            5.8435E-26 1.6578E-07 1.7891E-08 4.0870E-07 2.1370E-07 5.7448E-07 2.37E-06 5.71E-06   0.365 0.6000 7.4967E-06   1131.891
11851.00 0.68886048 1.9943E-26            5.5330E-26 1.5944E-07 1.7493E-08 3.9496E-07 2.0689E-07 5.5440E-07 2.30E-06 5.62E-06   0.373 0.6000 7.4088E-06   1129.985
11861.00 0.69316256 1.8767E-26            5.3149E-26 1.6667E-07 1.8023E-08 4.0980E-07 2.1400E-07 5.7647E-07 2.38E-06 5.75E-06   0.366 0.6000 7.5539E-06   1133.681
11871.00 0.69389749 1.7710E-26            5.0807E-26 1.6721E-07 1.7961E-08 4.0914E-07 2.1346E-07 5.7634E-07 2.37E-06 5.70E-06   0.365 0.6000 7.4948E-06   1134.430
11881.00 0.68439704 1.7324E-26            4.7832E-26 1.6068E-07 1.7791E-08 3.9735E-07 2.0824E-07 5.5803E-07 2.31E-06 5.73E-06   0.379 0.6000 7.5634E-06   1132.766
11891.00 0.67883676 1.6804E-26            4.5292E-26 1.5796E-07 1.7759E-08 3.9197E-07 2.0577E-07 5.4993E-07 2.29E-06 5.76E-06   0.387 0.6000 7.6272E-06   1132.433
11901.00 0.68555278 1.5759E-26            4.3671E-26 1.6238E-07 1.7917E-08 3.9976E-07 2.0911E-07 5.6214E-07 2.32E-06 5.74E-06   0.378 0.6000 7.5712E-06   1134.846
11911.00 0.68513435 1.5059E-26            4.1658E-26 1.6207E-07 1.7841E-08 3.9776E-07 2.0782E-07 5.5983E-07 2.31E-06 5.71E-06   0.378 0.6000 7.5362E-06   1135.300
11921.00 0.67520016 1.4775E-26            3.9204E-26 1.4905E-07 1.6963E-08 3.6985E-07 1.9396E-07 5.1890E-07 2.15E-06 5.52E-06   0.393 0.6000 7.3140E-06   1130.379
11931.00 0.67332053 1.4162E-26            3.7330E-26 1.5537E-07 1.7576E-08 3.8343E-07 2.0110E-07 5.3880E-07 2.23E-06 5.71E-06   0.396 0.6000 7.5712E-06   1133.952
11941.00 0.66510010 1.3836E-26            3.5182E-26 1.5075E-07 1.7443E-08 3.7454E-07 1.9722E-07 5.2529E-07 2.19E-06 5.73E-06   0.408 0.6000 7.6217E-06   1132.814
11951.00 0.66572493 1.3161E-26            3.3632E-26 1.5139E-07 1.7296E-08 3.7328E-07 1.9634E-07 5.2467E-07 2.18E-06 5.65E-06   0.407 0.6000 7.5194E-06   1133.487
11961.00 0.65046358 1.3083E-26            3.1371E-26 1.4260E-07 1.6991E-08 3.5634E-07 1.8935E-07 4.9894E-07 2.10E-06 5.65E-06   0.430 0.6000 7.5871E-06   1130.501
11971.00 0.65583277 1.2300E-26            3.0184E-26 1.4605E-07 1.7114E-08 3.6206E-07 1.9098E-07 5.0810E-07 2.12E-06 5.66E-06   0.422 0.6000 7.5688E-06   1132.613
11981.00 0.66123849 1.1561E-26            2.9071E-26 1.4749E-07 1.6996E-08 3.6278E-07 1.9045E-07 5.1028E-07 2.12E-06 5.57E-06   0.414 0.6000 7.4366E-06   1133.691
11991.00 0.62727398 1.1970E-26            2.6320E-26 1.2799E-07 1.5992E-08 3.2224E-07 1.7241E-07 4.5023E-07 1.91E-06 5.47E-06   0.466 0.6000 7.4512E-06   1125.188
12001.00 0.62713087 1.1389E-26            2.5108E-26 1.2474E-07 1.5759E-08 3.1610E-07 1.6911E-07 4.4084E-07 1.88E-06 5.40E-06   0.467 0.6000 7.3525E-06   1124.398
12011.00 0.61933744 1.0450E-26            2.3710E-26 1.3444E-07 1.5972E-08 3.3118E-07 1.7452E-07 4.6562E-07 1.94E-06 5.39E-06   0.479 0.6000 7.4651E-06   1129.172
12021.00 0.59430480 1.0827E-26            2.1674E-26 1.1683E-07 1.5359E-08 2.9788E-07 1.6137E-07 4.1471E-07 1.79E-06 5.39E-06   0.520 0.6000 7.5463E-06   1121.444
12031.00 0.63483036 9.6808E-27            2.2130E-26 1.3318E-07 1.6262E-08 3.3184E-07 1.7607E-07 4.6502E-07 1.96E-06 5.45E-06   0.454 0.6000 7.4160E-06   1130.587
12041.00 0.60630178 9.6518E-27            2.0162E-26 1.2439E-07 1.5688E-08 3.1116E-07 1.6678E-07 4.3555E-07 1.85E-06 5.39E-06   0.500 0.6000 7.5039E-06   1126.527
12051.00 0.60280806 9.0010E-27            1.9152E-26 1.2551E-07 1.5602E-08 3.1094E-07 1.6484E-07 4.3645E-07 1.83E-06 5.39E-06   0.506 0.6000 7.5169E-06   1127.432
12061.00 0.57938600 7.5137E-27            1.7559E-26 1.1687E-07 1.5075E-08 2.9128E-07 1.5598E-07 4.0815E-07 1.73E-06 5.34E-06   0.546 0.6000 7.5939E-06   1123.288
12071.00 0.58549237 6.8839E-27            1.6958E-26 1.1998E-07 1.5381E-08 2.9901E-07 1.5965E-07 4.1899E-07 1.77E-06 5.38E-06   0.535 0.6000 7.6428E-06   1125.949
12081.00 0.55528098 6.7073E-27            1.5339E-26 1.0260E-07 1.4315E-08 2.6215E-07 1.4257E-07 3.6475E-07 1.58E-06 5.24E-06   0.588 0.6000 7.6030E-06   1116.665
12091.00 0.64586961 6.2170E-27            1.7025E-26 1.4705E-07 1.7201E-08 3.5724E-07 1.8712E-07 5.0429E-07 2.08E-06 5.63E-06   0.437 0.6000 7.6166E-06   1141.157
12101.00 0.61332536 6.0405E-27            1.5459E-26 1.2912E-07 1.6142E-08 3.1962E-07 1.6971E-07 4.4874E-07 1.88E-06 5.49E-06   0.489 0.6000 7.6091E-06   1133.240
12111.00 0.60952044 5.7580E-27            1.4635E-26 1.2845E-07 1.5983E-08 3.1647E-07 1.6791E-07 4.4491E-07 1.86E-06 5.43E-06   0.495 0.6000 7.5626E-06   1133.362
12121.00 0.65182441 5.4014E-27            1.4966E-26 1.4925E-07 1.7174E-08 3.5854E-07 1.8665E-07 5.0779E-07 2.07E-06 5.56E-06   0.428 0.6000 7.4981E-06   1143.949
12131.00 0.61259902 5.3358E-27            1.3416E-26 1.2538E-07 1.5982E-08 3.1046E-07 1.6514E-07 4.3584E-07 1.83E-06 5.46E-06   0.490 0.6000 7.5446E-06   1133.349
12141.00 0.52822363 5.1514E-27            1.1082E-26 9.1965E-08 1.3405E-08 2.3436E-07 1.2841E-07 3.2632E-07 1.43E-06 5.04E-06   0.638 0.6000 7.4416E-06   1113.187
12151.00 0.40279680 4.9324E-27            8.0200E-27 5.5674E-08 9.9280E-09 1.4509E-07 8.2331E-08 2.0076E-07 9.14E-07 4.43E-06   0.909 0.6000 7.5107E-06   1080.487
12161.00 0.59293401 4.6159E-27            1.1288E-26 1.1801E-07 1.5132E-08 2.9057E-07 1.5439E-07 4.0858E-07 1.71E-06 5.24E-06   0.523 0.6000 7.3702E-06   1130.865
12171.00 0.63058960 4.3639E-27            1.1472E-26 1.3373E-07 1.6333E-08 3.2638E-07 1.7152E-07 4.6010E-07 1.90E-06 5.41E-06   0.461 0.6000 7.4020E-06   1140.367
12181.00 0.65775180 4.1125E-27            1.1417E-26 1.5086E-07 1.7335E-08 3.6006E-07 1.8697E-07 5.1092E-07 2.08E-06 5.54E-06   0.419 0.6000 7.4299E-06   1148.957
12191.00 0.57060927 4.0344E-27            9.4752E-27 1.0931E-07 1.4495E-08 2.6976E-07 1.4423E-07 3.7908E-07 1.60E-06 5.13E-06   0.561 0.6000 7.3655E-06   1127.654
12201.00 0.56385547 3.7763E-27            8.9241E-27 1.0830E-07 1.4202E-08 2.6500E-07 1.4044E-07 3.7330E-07 1.56E-06 5.02E-06   0.573 0.6000 7.2879E-06   1127.289
12211.00 0.56187081 3.6467E-27            8.4847E-27 1.0730E-07 1.4415E-08 2.6490E-07 1.4119E-07 3.7220E-07 1.57E-06 5.12E-06   0.576 0.6000 7.4288E-06   1127.820
12221.00 0.51380169 3.5187E-27            7.4251E-27 8.9062E-08 1.2940E-08 2.2232E-07 1.2045E-07 3.1138E-07 1.34E-06 4.91E-06   0.666 0.6000 7.4096E-06   1115.788
12231.00 0.55532926 3.3232E-27            7.6379E-27 1.0999E-07 1.4664E-08 2.6971E-07 1.4355E-07 3.7970E-07 1.59E-06 5.23E-06   0.588 0.6000 7.6019E-06   1130.759
12241.00 0.51203012 3.1464E-27            6.7391E-27 9.3879E-08 1.3337E-08 2.3192E-07 1.2480E-07 3.2580E-07 1.39E-06 5.02E-06   0.669 0.6000 7.5712E-06   1120.485
12251.00 0.51669002 2.3439E-27            6.4678E-27 9.6085E-08 1.3551E-08 2.3683E-07 1.2781E-07 3.3291E-07 1.42E-06 5.02E-06   0.660 0.6000 7.5568E-06   1122.768
12261.00 0.53292578 1.7118E-27            6.3870E-27 9.5266E-08 1.3950E-08 2.3858E-07 1.3067E-07 3.3385E-07 1.45E-06 5.16E-06   0.629 0.6000 7.5676E-06   1123.709
12271.00 0.53536528 1.6480E-27            6.1175E-27 9.4345E-08 1.3994E-08 2.3737E-07 1.3008E-07 3.3171E-07 1.44E-06 5.21E-06   0.625 0.6000 7.5742E-06   1123.992
12281.00 0.56982237 1.7036E-27            6.2169E-27 1.0790E-07 1.5214E-08 2.6944E-07 1.4696E-07 3.7733E-07 1.63E-06 5.36E-06   0.562 0.6000 7.5993E-06   1134.034
12291.00 0.55870312 1.6104E-27            5.8206E-27 1.0652E-07 1.4818E-08 2.6189E-07 1.4046E-07 3.6841E-07 1.56E-06 5.34E-06   0.582 0.6000 7.6171E-06   1133.041
12301.00 0.62592340 1.7966E-27            6.2234E-27 1.3756E-07 1.6915E-08 3.2801E-07 1.7160E-07 4.6557E-07 1.91E-06 5.57E-06   0.469 0.6000 7.5809E-06   1151.044
12311.00 0.63410139 1.7495E-27            6.0172E-27 1.3981E-07 1.7112E-08 3.3314E-07 1.7323E-07 4.7295E-07 1.92E-06 5.60E-06   0.456 0.6000 7.5827E-06   1152.975
12321.00 0.63938016 1.6946E-27            5.7957E-27 1.4435E-07 1.7321E-08 3.4158E-07 1.7723E-07 4.8593E-07 1.97E-06 5.60E-06   0.447 0.6000 7.5619E-06   1155.766
12331.00 0.65298706 1.6684E-27            5.6478E-27 1.5350E-07 1.7874E-08 3.5970E-07 1.8530E-07 5.1320E-07 2.06E-06 5.66E-06   0.426 0.6000 7.5814E-06   1160.652
12341.00 0.66417897 1.6380E-27            5.4856E-27 1.6060E-07 1.8059E-08 3.7115E-07 1.8956E-07 5.3174E-07 2.11E-06 5.61E-06   0.409 0.6000 7.4845E-06   1164.111
12351.00 0.66271204 1.5610E-27            5.2236E-27 1.5775E-07 1.7784E-08 3.6457E-07 1.8618E-07 5.2232E-07 2.07E-06 5.53E-06   0.411 0.6000 7.3918E-06   1163.505
12361.00 0.67020804 1.5193E-27            5.0440E-27 1.6674E-07 1.8257E-08 3.8022E-07 1.9308E-07 5.4696E-07 2.14E-06 5.60E-06   0.400 0.6000 7.4500E-06   1167.786
12371.00 0.67198044 1.4580E-27            4.8267E-27 1.6934E-07 1.8464E-08 3.8525E-07 1.9531E-07 5.5459E-07 2.17E-06 5.64E-06   0.398 0.6000 7.4992E-06   1169.608
12381.00 0.67646295 1.4089E-27            4.6389E-27 1.7477E-07 1.8708E-08 3.9398E-07 1.9907E-07 5.6875E-07 2.21E-06 5.66E-06   0.391 0.6000 7.5115E-06   1172.308
12391.00 0.67501163 1.3431E-27            4.4186E-27 1.7528E-07 1.8806E-08 3.9473E-07 1.9940E-07 5.7000E-07 2.21E-06 5.70E-06   0.393 0.6000 7.5618E-06   1173.239
12401.00 0.67417526 1.2813E-27            4.2125E-27 1.7612E-07 1.8974E-08 3.9689E-07 2.0059E-07 5.7301E-07 2.23E-06 5.75E-06   0.394 0.6000 7.6275E-06   1174.405
12411.00 0.67637813 1.2317E-27            4.0345E-27 1.7752E-07 1.8944E-08 3.9783E-07 2.0052E-07 5.7535E-07 2.23E-06 5.71E-06   0.391 0.6000 7.5712E-06   1175.481
12421.00 0.67322451 1.1702E-27            3.8340E-27 1.7031E-07 1.8293E-08 3.8187E-07 1.9266E-07 5.5218E-07 2.14E-06 5.53E-06   0.396 0.6000 7.3492E-06   1173.066
12431.00 0.65963602 1.0839E-27            3.5848E-27 1.6184E-07 1.8212E-08 3.6897E-07 1.8762E-07 5.3081E-07 2.08E-06 5.62E-06   0.416 0.6000 7.5224E-06   1170.792
12441.00 0.66128367 1.0412E-27            3.4311E-27 1.6500E-07 1.8384E-08 3.7393E-07 1.8957E-07 5.3894E-07 2.11E-06 5.65E-06   0.414 0.6000 7.5586E-06   1172.715
12451.00 0.65917534 9.9084E-28            3.2650E-27 1.6145E-07 1.8111E-08 3.6632E-07 1.8580E-07 5.2777E-07 2.06E-06 5.58E-06   0.417 0.6000 7.4655E-06   1171.865
12461.00 0.65536487 9.3833E-28            3.0978E-27 1.5887E-07 1.8160E-08 3.6291E-07 1.8447E-07 5.2178E-07 2.05E-06 5.63E-06   0.423 0.6000 7.5531E-06   1171.747
12471.00 0.66212881 9.1258E-28            2.9887E-27 1.6786E-07 1.8580E-08 3.7760E-07 1.9078E-07 5.4545E-07 2.12E-06 5.68E-06   0.412 0.6000 7.5917E-06   1175.913
12481.00 0.65421104 8.5796E-28            2.8182E-27 1.6345E-07 1.8299E-08 3.6783E-07 1.8632E-07 5.3127E-07 2.07E-06 5.65E-06   0.424 0.6000 7.5823E-06   1174.643
12491.00 0.65800864 8.2725E-28            2.7057E-27 1.6529E-07 1.8316E-08 3.7029E-07 1.8702E-07 5.3559E-07 2.08E-06 5.61E-06   0.419 0.6000 7.5158E-06   1176.021
12501.00 0.66010237 7.9395E-28            2.5903E-27 1.6447E-07 1.8192E-08 3.6794E-07 1.8552E-07 5.3240E-07 2.06E-06 5.55E-06   0.415 0.6000 7.4276E-06   1176.319
12511.00 0.67059457 7.7729E-28            2.5126E-27 1.7723E-07 1.9040E-08 3.9198E-07 1.9652E-07 5.6921E-07 2.18E-06 5.71E-06   0.400 0.6000 7.5963E-06   1182.244
12521.00 0.66375995 7.3202E-28            2.3740E-27 1.7166E-07 1.8782E-08 3.8151E-07 1.9185E-07 5.5317E-07 2.13E-06 5.68E-06   0.410 0.6000 7.5909E-06   1180.785
12531.00 0.67151529 7.1212E-28            2.2925E-27 1.7867E-07 1.9096E-08 3.9318E-07 1.9676E-07 5.7185E-07 2.19E-06 5.70E-06   0.398 0.6000 7.5761E-06   1184.120
12541.00 0.66363686 6.6904E-28            2.1629E-27 1.7193E-07 1.8782E-08 3.8080E-07 1.9133E-07 5.5273E-07 2.12E-06 5.67E-06   0.410 0.6000 7.5663E-06   1182.239
12551.00 0.64985949 6.1983E-28            2.0225E-27 1.6119E-07 1.8326E-08 3.6158E-07 1.8331E-07 5.2277E-07 2.04E-06 5.63E-06   0.431 0.6000 7.5782E-06   1178.693
12561.00 0.64393574 5.8427E-28            1.9111E-27 1.5558E-07 1.7950E-08 3.5016E-07 1.7781E-07 5.0573E-07 1.97E-06 5.56E-06   0.440 0.6000 7.5178E-06   1176.903
12571.00 0.66993248 5.9340E-28            1.8988E-27 1.7848E-07 1.9035E-08 3.9000E-07 1.9471E-07 5.6848E-07 2.16E-06 5.66E-06   0.401 0.6000 7.5341E-06   1186.694
12581.00 0.67337209 5.7186E-28            1.8217E-27 1.7592E-07 1.8526E-08 3.8187E-07 1.9009E-07 5.5779E-07 2.11E-06 5.47E-06   0.395 0.6000 7.2713E-06   1185.975
12591.00 0.67697245 5.5138E-28            1.7483E-27 1.8086E-07 1.8769E-08 3.8965E-07 1.9335E-07 5.7050E-07 2.15E-06 5.50E-06   0.390 0.6000 7.2954E-06   1188.487
12601.00 0.67223847 5.2207E-28            1.6577E-27 1.7730E-07 1.8605E-08 3.8279E-07 1.9023E-07 5.6009E-07 2.11E-06 5.48E-06   0.397 0.6000 7.2929E-06   1187.810
12611.00 0.65718812 4.8244E-28            1.5462E-27 1.6947E-07 1.8527E-08 3.7063E-07 1.8554E-07 5.4010E-07 2.06E-06 5.58E-06   0.420 0.6000 7.4861E-06   1185.744
12621.00 0.65650374 4.6053E-28            1.4747E-27 1.6937E-07 1.8540E-08 3.7019E-07 1.8545E-07 5.3956E-07 2.06E-06 5.57E-06   0.421 0.6000 7.4847E-06   1186.424
12631.00 0.66164541 4.4511E-28            1.4184E-27 1.7010E-07 1.8466E-08 3.7054E-07 1.8501E-07 5.4063E-07 2.05E-06 5.51E-06   0.413 0.6000 7.3759E-06   1187.333
12641.00 0.65370494 4.1812E-28            1.3377E-27 1.6797E-07 1.8559E-08 3.6739E-07 1.8407E-07 5.3536E-07 2.04E-06 5.59E-06   0.425 0.6000 7.5189E-06   1187.328
12651.00 0.65371674 4.0021E-28            1.2772E-27 1.7050E-07 1.8739E-08 3.7125E-07 1.8562E-07 5.4175E-07 2.06E-06 5.64E-06   0.425 0.6000 7.5744E-06   1189.004
12661.00 0.64455676 3.7462E-28            1.2022E-27 1.6244E-07 1.8368E-08 3.5676E-07 1.7939E-07 5.1920E-07 1.99E-06 5.60E-06   0.439 0.6000 7.5617E-06   1186.466
12671.00 0.65252632 3.6404E-28            1.1612E-27 1.6827E-07 1.8789E-08 3.6829E-07 1.8449E-07 5.3657E-07 2.05E-06 5.66E-06   0.427 0.6000 7.6006E-06   1189.768
12681.00 0.66505021 3.5844E-28            1.1298E-27 1.7972E-07 1.9224E-08 3.8640E-07 1.9180E-07 5.6612E-07 2.13E-06 5.67E-06   0.408 0.6000 7.5620E-06   1194.704
12691.00 0.66209620 3.4044E-28            1.0737E-27 1.7699E-07 1.9057E-08 3.8078E-07 1.8929E-07 5.5776E-07 2.10E-06 5.63E-06   0.412 0.6000 7.5242E-06   1194.298
12701.00 0.66669774 3.2905E-28            1.0320E-27 1.8296E-07 1.9389E-08 3.9056E-07 1.9329E-07 5.7352E-07 2.15E-06 5.68E-06   0.405 0.6000 7.5755E-06   1197.235
12711.00 0.66606355 3.1416E-28            9.8406E-28 1.8360E-07 1.9497E-08 3.9159E-07 1.9360E-07 5.7520E-07 2.15E-06 5.72E-06   0.406 0.6000 7.6222E-06   1198.222
12721.00 0.67432755 3.0623E-28            9.5101E-28 1.8925E-07 1.9480E-08 3.9818E-07 1.9570E-07 5.8743E-07 2.17E-06 5.62E-06   0.394 0.6000 7.4713E-06   1200.634
12731.00 0.67450398 2.9294E-28            9.0799E-28 1.8966E-07 1.9479E-08 3.9808E-07 1.9546E-07 5.8774E-07 2.17E-06 5.61E-06   0.394 0.6000 7.4573E-06   1201.433
12741.00 0.67436296 2.8004E-28            8.6653E-28 1.9327E-07 1.9825E-08 4.0480E-07 1.9859E-07 5.9807E-07 2.21E-06 5.71E-06   0.394 0.6000 7.5819E-06   1203.566
12751.00 0.67493105 2.6814E-28            8.2783E-28 1.9399E-07 1.9830E-08 4.0513E-07 1.9852E-07 5.9912E-07 2.20E-06 5.69E-06   0.393 0.6000 7.5638E-06   1204.465
12761.00 0.67580563 2.5692E-28            7.9118E-28 1.9063E-07 1.9389E-08 3.9669E-07 1.9410E-07 5.8732E-07 2.16E-06 5.55E-06   0.392 0.6000 7.3715E-06   1203.651
12771.00 0.67575473 2.4565E-28            7.5514E-28 1.9475E-07 1.9781E-08 4.0439E-07 1.9771E-07 5.9914E-07 2.20E-06 5.65E-06   0.392 0.6000 7.5108E-06   1205.984
12781.00 0.67561287 2.3482E-28            7.2064E-28 1.9731E-07 2.0024E-08 4.0896E-07 1.9979E-07 6.0628E-07 2.22E-06 5.72E-06   0.392 0.6000 7.5955E-06   1207.680
12791.00 0.67536694 2.2440E-28            6.8760E-28 1.9769E-07 2.0052E-08 4.0902E-07 1.9967E-07 6.0671E-07 2.22E-06 5.72E-06   0.392 0.6000 7.5991E-06   1208.496
12801.00 0.67530102 2.1454E-28            6.5626E-28 1.9493E-07 1.9746E-08 4.0246E-07 1.9630E-07 5.9739E-07 2.18E-06 5.62E-06   0.393 0.6000 7.4738E-06   1208.026
12811.00 0.67486036 2.0493E-28            6.2600E-28 1.9726E-07 1.9990E-08 4.0675E-07 1.9827E-07 6.0401E-07 2.20E-06 5.69E-06   0.393 0.6000 7.5630E-06   1209.659
12821.00 0.67477971 1.9592E-28            5.9744E-28 1.9539E-07 1.9777E-08 4.0207E-07 1.9583E-07 5.9746E-07 2.17E-06 5.62E-06   0.393 0.6000 7.4729E-06   1209.552
12831.00 0.67429358 1.8712E-28            5.6985E-28 1.9775E-07 2.0026E-08 4.0642E-07 1.9783E-07 6.0417E-07 2.20E-06 5.69E-06   0.394 0.6000 7.5645E-06   1211.196
12841.00 0.67419243 1.7889E-28            5.4384E-28 1.9884E-07 2.0114E-08 4.0782E-07 1.9835E-07 6.0666E-07 2.20E-06 5.70E-06   0.394 0.6000 7.5875E-06   1212.282
12851.00 0.67385143 1.7091E-28            5.1883E-28 1.9882E-07 2.0109E-08 4.0714E-07 1.9789E-07 6.0596E-07 2.20E-06 5.70E-06   0.395 0.6000 7.5802E-06   1212.948
12861.00 0.67360127 1.6333E-28            4.9504E-28 1.9509E-07 1.9722E-08 3.9879E-07 1.9369E-07 5.9388E-07 2.15E-06 5.58E-06   0.395 0.6000 7.4270E-06   1212.105
12871.00 0.67337948 1.5609E-28            4.7236E-28 1.9980E-07 2.0185E-08 4.0769E-07 1.9786E-07 6.0749E-07 2.20E-06 5.71E-06   0.395 0.6000 7.5937E-06   1214.664
12881.00 0.67304838 1.4914E-28            4.5064E-28 1.9957E-07 2.0160E-08 4.0660E-07 1.9721E-07 6.0617E-07 2.19E-06 5.70E-06   0.396 0.6000 7.5782E-06   1215.249
12891.00 0.67259288 1.4245E-28            4.2984E-28 1.9944E-07 2.0157E-08 4.0583E-07 1.9673E-07 6.0527E-07 2.18E-06 5.69E-06   0.397 0.6000 7.5729E-06   1215.889
12901.00 0.67234141 1.3612E-28            4.1012E-28 1.9012E-07 1.9207E-08 3.8621E-07 1.8709E-07 5.7633E-07 2.08E-06 5.42E-06   0.397 0.6000 7.2091E-06   1212.752
12911.00 0.67186457 1.3001E-28            3.9118E-28 1.9445E-07 1.9657E-08 3.9454E-07 1.9103E-07 5.8899E-07 2.12E-06 5.54E-06   0.398 0.6000 7.3749E-06   1215.233
12921.00 0.67154020 1.2422E-28            3.7320E-28 2.0013E-07 2.0231E-08 4.0548E-07 1.9620E-07 6.0561E-07 2.18E-06 5.70E-06   0.398 0.6000 7.5841E-06   1218.206
12931.00 0.67103374 1.1864E-28            3.5594E-28 1.9889E-07 2.0122E-08 4.0255E-07 1.9468E-07 6.0144E-07 2.16E-06 5.66E-06   0.399 0.6000 7.5411E-06   1218.412
12941.00 0.67041773 1.1327E-28            3.3943E-28 1.9380E-07 1.9637E-08 3.9199E-07 1.8952E-07 5.8579E-07 2.10E-06 5.52E-06   0.400 0.6000 7.3599E-06   1217.069
12951.00 0.67001736 1.0820E-28            3.2379E-28 1.9644E-07 1.9912E-08 3.9683E-07 1.9175E-07 5.9327E-07 2.13E-06 5.59E-06   0.400 0.6000 7.4590E-06   1218.835
12961.00 0.66950601 1.0334E-28            3.0881E-28 1.9375E-07 1.9653E-08 3.9096E-07 1.8882E-07 5.8471E-07 2.10E-06 5.52E-06   0.401 0.6000 7.3595E-06   1218.433
12971.00 0.66871578 9.8626E-29            2.9441E-28 1.9702E-07 2.0021E-08 3.9735E-07 1.9188E-07 5.9438E-07 2.13E-06 5.62E-06   0.402 0.6000 7.5010E-06   1220.496
12981.00 0.66627514 9.3756E-29            2.7998E-28 1.9307E-07 1.9826E-08 3.9103E-07 1.8920E-07 5.8411E-07 2.10E-06 5.58E-06   0.406 0.6000 7.4677E-06   1219.862
12991.00 0.66248477 8.8821E-29            2.6571E-28 1.8812E-07 1.9604E-08 3.8348E-07 1.8629E-07 5.7160E-07 2.07E-06 5.52E-06   0.412 0.6000 7.4373E-06   1218.895
13001.00 0.65625966 8.3676E-29            2.5123E-28 1.8327E-07 1.9439E-08 3.7622E-07 1.8373E-07 5.5949E-07 2.04E-06 5.50E-06   0.421 0.6000 7.4697E-06   1217.950
13011.00 0.64936405 7.8585E-29            2.3729E-28 1.8063E-07 1.9404E-08 3.7207E-07 1.8262E-07 5.5270E-07 2.03E-06 5.50E-06   0.432 0.6000 7.5399E-06   1217.735
13021.00 0.63556075 7.2649E-29            2.2168E-28 1.7094E-07 1.8799E-08 3.5483E-07 1.7539E-07 5.2578E-07 1.95E-06 5.38E-06   0.453 0.6000 7.5258E-06   1214.543
13031.00 0.62232649 6.7241E-29            2.0719E-28 1.6234E-07 1.8285E-08 3.3979E-07 1.6890E-07 5.0213E-07 1.88E-06 5.28E-06   0.474 0.6000 7.5545E-06   1211.681
13041.00 0.60034728 6.1247E-29            1.9079E-28 1.4400E-07 1.6466E-08 3.0221E-07 1.5021E-07 4.4620E-07 1.67E-06 4.83E-06   0.510 0.6000 7.1580E-06   1203.249
13051.00 0.58097988 5.5555E-29            1.7623E-28 1.2360E-07 1.5154E-08 2.6727E-07 1.3536E-07 3.9087E-07 1.50E-06 4.55E-06   0.543 0.6000 7.0679E-06   1193.859
13061.00 0.54615861 5.0550E-29            1.5820E-28 1.0986E-07 1.4081E-08 2.4098E-07 1.2270E-07 3.5083E-07 1.36E-06 4.37E-06   0.605 0.6000 7.3488E-06   1186.449
13071.00 0.50628209 5.0336E-29            1.4001E-28 9.7764E-08 1.2657E-08 2.1366E-07 1.0726E-07 3.1143E-07 1.19E-06 4.06E-06   0.681 0.6000 7.5912E-06   1178.323
13081.00 0.47478238 4.5047E-29            1.2525E-28 8.0403E-08 1.1028E-08 1.7935E-07 9.0878E-08 2.5975E-07 1.01E-06 3.67E-06   0.745 0.6000 7.5900E-06   1165.804
13091.00 0.43294382 4.1415E-29            1.0898E-28 6.0664E-08 9.0642E-09 1.3901E-07 7.1537E-08 1.9967E-07 7.95E-07 3.17E-06   0.837 0.6000 7.5855E-06   1147.829
13101.00 0.41409034 4.1707E-29            9.9468E-29 5.2495E-08 8.0731E-09 1.2088E-07 6.2116E-08 1.7338E-07 6.90E-07 2.91E-06   0.882 0.6000 7.5818E-06   1138.748
13111.00 0.43482128 3.7679E-29            9.9629E-29 5.7488E-08 8.6415E-09 1.3167E-07 6.7265E-08 1.8916E-07 7.47E-07 3.05E-06   0.833 0.6000 7.5031E-06   1145.487
13121.00 0.54876924 3.9614E-29            1.1998E-28 1.0947E-07 1.3303E-08 2.3292E-07 1.1491E-07 3.4239E-07 1.28E-06 4.08E-06   0.600 0.6000 7.2390E-06   1189.037
13131.00 0.41734675 2.7053E-29            8.7473E-29 4.6620E-08 7.7383E-09 1.0990E-07 5.8586E-08 1.5652E-07 6.51E-07 2.81E-06   0.874 0.6000 7.4454E-06   1133.879
13141.00 0.29341149 2.3564E-29            5.8611E-29 1.2913E-08 3.4980E-09 3.3951E-08 2.0207E-08 4.6865E-08 2.24E-07 1.69E-06   1.226 0.6000 7.4787E-06   1058.022
13151.00 0.26215091 2.7711E-29            4.9809E-29 1.1907E-08 3.3919E-09 3.1540E-08 1.9256E-08 4.3447E-08 2.14E-07 1.66E-06   1.339 0.6000 7.4464E-06   1054.225
13161.00 0.37300497 2.0248E-29            6.7418E-29 4.5665E-08 8.0921E-09 1.0751E-07 6.0259E-08 1.5317E-07 6.69E-07 3.00E-06   0.986 0.6000 7.5141E-06   1134.531
13171.00 0.63009137 3.6880E-29            1.0902E-28 1.8025E-07 1.8918E-08 3.5672E-07 1.7159E-07 5.3697E-07 1.91E-06 5.32E-06   0.462 0.6000 7.4986E-06   1227.477
13181.00 0.66361105 3.7990E-29            1.0978E-28 1.9840E-07 1.9921E-08 3.8538E-07 1.8307E-07 5.8378E-07 2.03E-06 5.47E-06   0.410 0.6000 7.3163E-06   1234.912
13191.00 0.66381276 3.6342E-29            1.0481E-28 2.0427E-07 2.0448E-08 3.9554E-07 1.8768E-07 5.9981E-07 2.08E-06 5.60E-06   0.410 0.6000 7.4903E-06   1237.850
13201.00 0.66357744 3.4728E-29            9.9998E-29 2.0346E-07 2.0355E-08 3.9328E-07 1.8647E-07 5.9673E-07 2.07E-06 5.57E-06   0.410 0.6000 7.4493E-06   1238.189
13211.00 0.66336888 3.3188E-29            9.5412E-29 2.0377E-07 2.0372E-08 3.9316E-07 1.8626E-07 5.9693E-07 2.07E-06 5.57E-06   0.410 0.6000 7.4483E-06   1238.970
13221.00 0.66304332 3.1707E-29            9.1020E-29 2.0330E-07 2.0322E-08 3.9164E-07 1.8542E-07 5.9494E-07 2.06E-06 5.55E-06   0.411 0.6000 7.4250E-06   1239.455
13231.00 0.66270894 3.0290E-29            8.6829E-29 2.0236E-07 2.0225E-08 3.8922E-07 1.8415E-07 5.9158E-07 2.05E-06 5.52E-06   0.411 0.6000 7.3850E-06   1239.751
13241.00 0.66241544 2.8940E-29            8.2835E-29 2.0594E-07 2.0577E-08 3.9547E-07 1.8697E-07 6.0141E-07 2.08E-06 5.61E-06   0.412 0.6000 7.5083E-06   1241.837
13251.00 0.66215628 2.7653E-29            7.9030E-29 2.0679E-07 2.0652E-08 3.9643E-07 1.8728E-07 6.0322E-07 2.08E-06 5.63E-06   0.412 0.6000 7.5299E-06   1242.835
13261.00 0.66173214 2.6413E-29            7.5380E-29 2.0745E-07 2.0724E-08 3.9714E-07 1.8750E-07 6.0460E-07 2.08E-06 5.64E-06   0.413 0.6000 7.5529E-06   1243.775
13271.00 0.66152805 2.5241E-29            7.1922E-29 2.0564E-07 2.0528E-08 3.9296E-07 1.8538E-07 5.9860E-07 2.06E-06 5.58E-06   0.413 0.6000 7.4749E-06   1243.721
13281.00 0.66121596 2.4115E-29            6.8612E-29 2.0401E-07 2.0361E-08 3.8923E-07 1.8349E-07 5.9324E-07 2.04E-06 5.53E-06   0.414 0.6000 7.4093E-06   1243.746
13291.00 0.66087049 2.3038E-29            6.5451E-29 2.0343E-07 2.0301E-08 3.8751E-07 1.8255E-07 5.9094E-07 2.03E-06 5.51E-06   0.414 0.6000 7.3830E-06   1244.186
13301.00 0.66047460 2.2005E-29            6.2431E-29 2.0622E-07 2.0582E-08 3.9226E-07 1.8467E-07 5.9848E-07 2.05E-06 5.58E-06   0.415 0.6000 7.4823E-06   1245.966
13311.00 0.66024047 2.1027E-29            5.9564E-29 2.0021E-07 1.9971E-08 3.8016E-07 1.7884E-07 5.8036E-07 1.99E-06 5.41E-06   0.415 0.6000 7.2543E-06   1244.231
13321.00 0.65966761 2.0076E-29            5.6800E-29 2.0620E-07 2.0586E-08 3.9108E-07 1.8388E-07 5.9727E-07 2.04E-06 5.57E-06   0.416 0.6000 7.4775E-06   1247.310
13331.00 0.65943187 1.9183E-29            5.4191E-29 2.0459E-07 2.0414E-08 3.8736E-07 1.8200E-07 5.9195E-07 2.02E-06 5.52E-06   0.416 0.6000 7.4089E-06   1247.337
13341.00 0.65913552 1.8328E-29            5.1698E-29 2.0012E-07 1.9963E-08 3.7829E-07 1.7761E-07 5.7842E-07 1.97E-06 5.39E-06   0.417 0.6000 7.2399E-06   1246.216
13351.00 0.65897030 1.7516E-29            4.9329E-29 2.0664E-07 2.0594E-08 3.8987E-07 1.8289E-07 5.9651E-07 2.03E-06 5.56E-06   0.417 0.6000 7.4618E-06   1249.466
13361.00 0.65862519 1.6734E-29            4.7055E-29 2.0557E-07 2.0485E-08 3.8725E-07 1.8154E-07 5.9282E-07 2.02E-06 5.52E-06   0.418 0.6000 7.4177E-06   1249.716
13371.00 0.65802884 1.5975E-29            4.4869E-29 2.0522E-07 2.0469E-08 3.8613E-07 1.8092E-07 5.9135E-07 2.01E-06 5.52E-06   0.419 0.6000 7.4110E-06   1250.267
13381.00 0.65763277 1.5260E-29            4.2799E-29 2.0646E-07 2.0598E-08 3.8796E-07 1.8166E-07 5.9442E-07 2.02E-06 5.55E-06   0.419 0.6000 7.4538E-06   1251.440
13391.00 0.65732425 1.4578E-29            4.0827E-29 2.0674E-07 2.0621E-08 3.8787E-07 1.8149E-07 5.9461E-07 2.02E-06 5.55E-06   0.420 0.6000 7.4568E-06   1252.219
13401.00 0.65679842 1.3920E-29            3.8936E-29 2.0508E-07 2.0468E-08 3.8424E-07 1.7969E-07 5.8933E-07 2.00E-06 5.50E-06   0.420 0.6000 7.3986E-06   1252.245
13411.00 0.65584320 1.3277E-29            3.7106E-29 2.0639E-07 2.0651E-08 3.8650E-07 1.8069E-07 5.9289E-07 2.01E-06 5.55E-06   0.422 0.6000 7.4693E-06   1253.489
13421.00 0.65608364 1.2701E-29            3.5426E-29 2.0285E-07 2.0244E-08 3.7891E-07 1.7695E-07 5.8176E-07 1.97E-06 5.43E-06   0.421 0.6000 7.3080E-06   1252.699
13431.00 0.65469772 1.2103E-29            3.3741E-29 1.9915E-07 1.9956E-08 3.7200E-07 1.7373E-07 5.7115E-07 1.93E-06 5.36E-06   0.424 0.6000 7.2145E-06   1251.956
13441.00 0.65406907 1.1552E-29            3.2170E-29 2.0544E-07 2.0607E-08 3.8331E-07 1.7892E-07 5.8875E-07 1.99E-06 5.53E-06   0.425 0.6000 7.4488E-06   1255.174
13451.00 0.65478164 1.1065E-29            3.0737E-29 2.0702E-07 2.0675E-08 3.8504E-07 1.7946E-07 5.9205E-07 1.99E-06 5.54E-06   0.423 0.6000 7.4513E-06   1256.383
13461.00 0.65058821 1.0473E-29            2.9150E-29 2.0054E-07 2.0326E-08 3.7447E-07 1.7487E-07 5.7501E-07 1.94E-06 5.48E-06   0.430 0.6000 7.3809E-06   1254.755
13471.00 0.64963454 9.9868E-30            2.7776E-29 1.9279E-07 1.9596E-08 3.5986E-07 1.6803E-07 5.5265E-07 1.87E-06 5.28E-06   0.431 0.6000 7.1206E-06   1252.289
13481.00 0.64918798 9.5395E-30            2.6494E-29 1.9311E-07 1.9623E-08 3.5988E-07 1.6791E-07 5.5299E-07 1.86E-06 5.28E-06   0.432 0.6000 7.1258E-06   1253.089
13491.00 0.64455491 9.0178E-30            2.5104E-29 1.8802E-07 1.9408E-08 3.5187E-07 1.6456E-07 5.3989E-07 1.83E-06 5.26E-06   0.439 0.6000 7.1079E-06   1251.899
13501.00 0.64811856 8.6951E-30            2.4090E-29 1.9785E-07 2.0148E-08 3.6790E-07 1.7147E-07 5.6575E-07 1.90E-06 5.42E-06   0.434 0.6000 7.3132E-06   1256.438
13511.00 0.64179349 8.1917E-30            2.2773E-29 1.9137E-07 1.9888E-08 3.5778E-07 1.6728E-07 5.4914E-07 1.86E-06 5.40E-06   0.443 0.6000 7.3098E-06   1254.771
13521.00 0.63428050 7.6897E-30            2.1476E-29 1.8432E-07 1.9614E-08 3.4683E-07 1.6285E-07 5.3115E-07 1.81E-06 5.38E-06   0.455 0.6000 7.3173E-06   1252.826
13531.00 0.63644892 7.3857E-30            2.0561E-29 1.8102E-07 1.9107E-08 3.3920E-07 1.5897E-07 5.2023E-07 1.77E-06 5.22E-06   0.452 0.6000 7.0827E-06   1251.898
13541.00 0.62698281 6.9054E-30            1.9338E-29 1.7772E-07 1.9303E-08 3.3556E-07 1.5805E-07 5.1328E-07 1.76E-06 5.34E-06   0.467 0.6000 7.2893E-06   1251.563
13551.00 0.63630176 6.7473E-30            1.8726E-29 1.9044E-07 2.0108E-08 3.5601E-07 1.6651E-07 5.4645E-07 1.85E-06 5.48E-06   0.452 0.6000 7.4378E-06   1257.367
13561.00 0.62692750 6.3146E-30            1.7617E-29 1.8267E-07 1.9778E-08 3.4358E-07 1.6147E-07 5.2626E-07 1.79E-06 5.46E-06   0.467 0.6000 7.4514E-06   1255.068
13571.00 0.61543453 5.8673E-30            1.6498E-29 1.7179E-07 1.9210E-08 3.2563E-07 1.5413E-07 4.9741E-07 1.71E-06 5.38E-06   0.485 0.6000 7.3967E-06   1251.278
13581.00 0.61300039 5.5660E-30            1.5682E-29 1.6637E-07 1.8930E-08 3.1763E-07 1.5086E-07 4.8400E-07 1.68E-06 5.32E-06   0.489 0.6000 7.3305E-06   1249.834
13591.00 0.62418139 5.4689E-30            1.5239E-29 1.7601E-07 1.9302E-08 3.3162E-07 1.5607E-07 5.0763E-07 1.73E-06 5.33E-06   0.471 0.6000 7.2885E-06   1254.402
13601.00 0.61439323 5.1234E-30            1.4321E-29 1.7337E-07 1.9234E-08 3.2562E-07 1.5344E-07 4.9898E-07 1.70E-06 5.38E-06   0.487 0.6000 7.3844E-06   1253.765
13611.00 0.61526084 4.8993E-30            1.3681E-29 1.7539E-07 1.9470E-08 3.2954E-07 1.5537E-07 5.0493E-07 1.73E-06 5.42E-06   0.486 0.6000 7.4548E-06   1255.462
13621.00 0.63304591 4.8892E-30            1.3437E-29 1.9230E-07 2.0275E-08 3.5530E-07 1.6535E-07 5.4759E-07 1.84E-06 5.49E-06   0.457 0.6000 7.4763E-06   1262.773
13631.00 0.59697729 4.2912E-30            1.2098E-29 1.6318E-07 1.8729E-08 3.0771E-07 1.4633E-07 4.7090E-07 1.63E-06 5.32E-06   0.516 0.6000 7.3964E-06   1251.356
13641.00 0.60554451 4.1913E-30            1.1706E-29 1.6641E-07 1.8718E-08 3.1147E-07 1.4669E-07 4.7788E-07 1.63E-06 5.27E-06   0.502 0.6000 7.2736E-06   1253.275
13651.00 0.61132067 4.0626E-30            1.1278E-29 1.7103E-07 1.8963E-08 3.1883E-07 1.4962E-07 4.8986E-07 1.66E-06 5.28E-06   0.492 0.6000 7.2899E-06   1256.004
13661.00 0.55393696 3.3836E-30            9.7594E-30 1.3573E-07 1.7073E-08 2.6005E-07 1.2555E-07 3.9578E-07 1.39E-06 5.15E-06   0.591 0.6000 7.3809E-06   1239.840
13671.00 0.55071342 3.1854E-30            9.2604E-30 1.2605E-07 1.6720E-08 2.4624E-07 1.2017E-07 3.7229E-07 1.33E-06 5.10E-06   0.597 0.6000 7.3220E-06   1235.807
13681.00 0.55700439 3.1075E-30            8.9341E-30 1.3382E-07 1.6814E-08 2.5608E-07 1.2348E-07 3.8990E-07 1.37E-06 5.02E-06   0.585 0.6000 7.2028E-06   1240.142
13691.00 0.52722228 2.7436E-30            8.0629E-30 1.1897E-07 1.6182E-08 2.3146E-07 1.1353E-07 3.5043E-07 1.26E-06 5.05E-06   0.640 0.6000 7.3972E-06   1232.589
13701.00 0.57024944 2.9208E-30            8.3346E-30 1.4056E-07 1.7661E-08 2.7004E-07 1.3034E-07 4.1060E-07 1.45E-06 5.20E-06   0.562 0.6000 7.3541E-06   1245.670
13711.00 0.50373232 2.3420E-30            7.0255E-30 9.8685E-08 1.4598E-08 1.9639E-07 9.8677E-08 2.9508E-07 1.10E-06 4.70E-06   0.686 0.6000 7.0258E-06   1220.921
13721.00 0.57286447 2.6939E-30            7.6115E-30 1.4586E-07 1.7339E-08 2.7333E-07 1.3037E-07 4.1919E-07 1.45E-06 4.99E-06   0.557 0.6000 7.1045E-06   1248.778
13731.00 0.55456173 2.4716E-30            7.0548E-30 1.3323E-07 1.6944E-08 2.5394E-07 1.2202E-07 3.8717E-07 1.36E-06 5.09E-06   0.590 0.6000 7.3140E-06   1243.266
13741.00 0.48161376 1.9420E-30            5.8293E-30 9.9279E-08 1.4495E-08 1.9201E-07 9.4947E-08 2.9129E-07 1.05E-06 4.81E-06   0.731 0.6000 7.3536E-06   1222.120
13751.00 0.56176883 2.2979E-30            6.4931E-30 1.4463E-07 1.7704E-08 2.7161E-07 1.2919E-07 4.1624E-07 1.43E-06 5.20E-06   0.577 0.6000 7.4416E-06   1250.431
13761.00 0.51308936 1.9319E-30            5.6670E-30 1.1558E-07 1.5806E-08 2.2218E-07 1.0896E-07 3.3776E-07 1.21E-06 4.93E-06   0.667 0.6000 7.3658E-06   1234.864
13771.00 0.54389691 1.9824E-30            5.7270E-30 1.2190E-07 1.6622E-08 2.3690E-07 1.1592E-07 3.5879E-07 1.29E-06 5.06E-06   0.609 0.6000 7.2949E-06   1240.266
13781.00 0.50652343 1.7507E-30            5.0983E-30 1.1897E-07 1.5723E-08 2.2425E-07 1.0883E-07 3.4323E-07 1.21E-06 4.92E-06   0.680 0.6000 7.3832E-06   1237.562
13791.00 0.53252196 1.7719E-30            5.1026E-30 1.2405E-07 1.6465E-08 2.3671E-07 1.1493E-07 3.6076E-07 1.28E-06 5.02E-06   0.630 0.6000 7.3406E-06   1242.153
13801.00 0.50208944 1.6796E-30            4.6005E-30 1.1574E-07 1.5628E-08 2.1962E-07 1.0737E-07 3.3536E-07 1.19E-06 4.85E-06   0.689 0.6000 7.3445E-06   1237.232
13811.00 0.52252132 1.7634E-30            4.5652E-30 1.2735E-07 1.6314E-08 2.3865E-07 1.1425E-07 3.6600E-07 1.27E-06 4.95E-06   0.649 0.6000 7.3600E-06   1244.740
13821.00 0.48777997 1.3825E-30            4.0620E-30 1.0992E-07 1.5158E-08 2.0747E-07 1.0111E-07 3.1739E-07 1.12E-06 4.84E-06   0.718 0.6000 7.4156E-06   1234.455
13831.00 0.57930875 1.6727E-30            4.6086E-30 1.5747E-07 1.8343E-08 2.8887E-07 1.3544E-07 4.4634E-07 1.50E-06 5.19E-06   0.546 0.6000 7.3440E-06   1261.886
13841.00 0.59235650 1.6466E-30            4.4965E-30 1.6267E-07 1.8341E-08 2.9574E-07 1.3801E-07 4.5841E-07 1.53E-06 5.07E-06   0.524 0.6000 7.1063E-06   1264.765
13851.00 0.59527135 1.5830E-30            4.3154E-30 1.6420E-07 1.8897E-08 3.0096E-07 1.4064E-07 4.6516E-07 1.56E-06 5.25E-06   0.519 0.6000 7.3322E-06   1266.679
13861.00 0.59674293 1.5184E-30            4.1288E-30 1.6588E-07 1.8956E-08 3.0294E-07 1.4140E-07 4.6882E-07 1.57E-06 5.23E-06   0.516 0.6000 7.3065E-06   1268.052
13871.00 0.52568263 1.2210E-30            3.4747E-30 1.2168E-07 1.5817E-08 2.2756E-07 1.0945E-07 3.4924E-07 1.22E-06 4.75E-06   0.643 0.6000 7.0523E-06   1245.476
13881.00 0.46494120 9.9102E-31            2.9303E-30 9.7363E-08 1.4213E-08 1.8489E-07 9.0865E-08 2.8225E-07 1.01E-06 4.64E-06   0.766 0.6000 7.3060E-06   1229.863
13891.00 0.48653394 9.9268E-31            2.9230E-30 9.9227E-08 1.4744E-08 1.9114E-07 9.4967E-08 2.9037E-07 1.05E-06 4.74E-06   0.720 0.6000 7.2275E-06   1232.736
13901.00 0.47510952 9.2631E-31            2.7231E-30 9.7836E-08 1.4101E-08 1.8420E-07 9.0524E-08 2.8204E-07 1.01E-06 4.58E-06   0.744 0.6000 7.0741E-06   1231.250
13911.00 0.44296229 8.9453E-31            2.4279E-30 9.0293E-08 1.3161E-08 1.6827E-07 8.2623E-08 2.5856E-07 9.18E-07 4.40E-06   0.814 0.6000 7.0323E-06   1225.416
13921.00 0.50242978 9.8938E-31            2.6235E-30 1.1463E-07 1.5357E-08 2.1314E-07 1.0274E-07 3.2778E-07 1.14E-06 4.71E-06   0.688 0.6000 7.1195E-06   1244.202
13931.00 0.48194256 9.0315E-31            2.4046E-30 1.0099E-07 1.4825E-08 1.9222E-07 9.5277E-08 2.9321E-07 1.06E-06 4.76E-06   0.730 0.6000 7.2560E-06   1236.372
13941.00 0.49141851 8.0241E-31            2.3369E-30 1.0418E-07 1.5378E-08 1.9771E-07 9.7785E-08 3.0188E-07 1.09E-06 4.93E-06   0.710 0.6000 7.3884E-06   1239.323
13951.00 0.55479598 9.0837E-31            2.5163E-30 1.3241E-07 1.6958E-08 2.4433E-07 1.1598E-07 3.7675E-07 1.29E-06 4.96E-06   0.589 0.6000 7.0864E-06   1257.254
13961.00 0.61017507 9.9927E-31            2.6437E-30 1.7964E-07 1.9640E-08 3.1853E-07 1.4586E-07 4.9817E-07 1.62E-06 5.27E-06   0.494 0.6000 7.2741E-06   1280.388
13971.00 0.61968958 9.7786E-31            2.5624E-30 1.9024E-07 2.0151E-08 3.3380E-07 1.5185E-07 5.2404E-07 1.69E-06 5.31E-06   0.479 0.6000 7.3034E-06   1285.276
13981.00 0.61591190 9.2658E-31            2.4311E-30 1.8109E-07 1.9424E-08 3.1866E-07 1.4511E-07 4.9974E-07 1.61E-06 5.15E-06   0.485 0.6000 7.1012E-06   1282.128
13991.00 0.62375051 9.0294E-31            2.3490E-30 1.9170E-07 1.9941E-08 3.3359E-07 1.5095E-07 5.2529E-07 1.68E-06 5.21E-06   0.472 0.6000 7.1508E-06   1286.960
14001.00 0.62712872 8.7055E-31            2.2541E-30 2.0138E-07 2.0699E-08 3.4857E-07 1.5724E-07 5.4995E-07 1.75E-06 5.37E-06   0.467 0.6000 7.3618E-06   1291.490
14011.00 0.62986398 8.3803E-31            2.1604E-30 2.0450E-07 2.0748E-08 3.5173E-07 1.5817E-07 5.5623E-07 1.76E-06 5.35E-06   0.462 0.6000 7.3230E-06   1293.177
14021.00 0.62637019 7.9386E-31            2.0505E-30 1.9550E-07 2.0143E-08 3.3776E-07 1.5216E-07 5.3326E-07 1.69E-06 5.22E-06   0.468 0.6000 7.1568E-06   1290.431
14031.00 0.63106835 7.6800E-31            1.9713E-30 2.0537E-07 2.0702E-08 3.5137E-07 1.5756E-07 5.5673E-07 1.75E-06 5.31E-06   0.460 0.6000 7.2644E-06   1294.742
14041.00 0.62958080 7.3156E-31            1.8769E-30 2.0391E-07 2.0630E-08 3.4884E-07 1.5652E-07 5.5275E-07 1.74E-06 5.30E-06   0.463 0.6000 7.2526E-06   1294.891
14051.00 0.63083237 7.0147E-31            1.7946E-30 2.0574E-07 2.0690E-08 3.5069E-07 1.5702E-07 5.5642E-07 1.74E-06 5.29E-06   0.461 0.6000 7.2437E-06   1296.186
14061.00 0.62780994 6.6551E-31            1.7046E-30 2.0260E-07 2.0616E-08 3.4633E-07 1.5524E-07 5.4893E-07 1.72E-06 5.30E-06   0.466 0.6000 7.2598E-06   1295.805
14071.00 0.62640429 6.3391E-31            1.6229E-30 2.0478E-07 2.0913E-08 3.4998E-07 1.5686E-07 5.5476E-07 1.74E-06 5.38E-06   0.468 0.6000 7.3793E-06   1297.427
14081.00 0.62497312 6.0367E-31            1.5452E-30 2.0335E-07 2.0895E-08 3.4793E-07 1.5599E-07 5.5128E-07 1.73E-06 5.38E-06   0.470 0.6000 7.3891E-06   1297.648
14091.00 0.62636536 5.7907E-31            1.4779E-30 2.0394E-07 2.0786E-08 3.4726E-07 1.5543E-07 5.5121E-07 1.73E-06 5.33E-06   0.468 0.6000 7.3099E-06   1298.382
14101.00 0.62406278 5.5084E-31            1.4053E-30 2.0004E-07 2.0460E-08 3.4019E-07 1.5221E-07 5.4023E-07 1.69E-06 5.26E-06   0.472 0.6000 7.2252E-06   1297.456
14111.00 0.62796384 5.3154E-31            1.3492E-30 2.0433E-07 2.0579E-08 3.4526E-07 1.5395E-07 5.4959E-07 1.71E-06 5.25E-06   0.465 0.6000 7.1951E-06   1299.625
14121.00 0.61817342 4.9585E-31            1.2678E-30 1.9836E-07 2.0730E-08 3.3895E-07 1.5209E-07 5.3731E-07 1.69E-06 5.37E-06   0.481 0.6000 7.4015E-06   1298.492
14131.00 0.62107849 4.7718E-31            1.2152E-30 2.0121E-07 2.0818E-08 3.4241E-07 1.5318E-07 5.4363E-07 1.70E-06 5.36E-06   0.476 0.6000 7.3775E-06   1300.206
14141.00 0.62427360 4.6000E-31            1.1658E-30 1.9882E-07 2.0269E-08 3.3605E-07 1.4986E-07 5.3487E-07 1.66E-06 5.18E-06   0.471 0.6000 7.1188E-06   1299.601
14151.00 0.61532682 4.2986E-31            1.0966E-30 1.9400E-07 2.0404E-08 3.3086E-07 1.4848E-07 5.2486E-07 1.65E-06 5.28E-06   0.486 0.6000 7.2975E-06   1298.777
14161.00 0.61612159 4.1160E-31            1.0478E-30 1.9478E-07 2.0435E-08 3.3171E-07 1.4876E-07 5.2649E-07 1.65E-06 5.28E-06   0.484 0.6000 7.2867E-06   1299.776
14171.00 0.61132091 3.8934E-31            9.9231E-31 1.9152E-07 2.0241E-08 3.2578E-07 1.4616E-07 5.1730E-07 1.62E-06 5.26E-06   0.492 0.6000 7.2819E-06   1299.059
14181.00 0.60856920 3.6939E-31            9.4218E-31 1.9175E-07 2.0419E-08 3.2632E-07 1.4646E-07 5.1807E-07 1.63E-06 5.32E-06   0.497 0.6000 7.3827E-06   1299.924
14191.00 0.62194288 3.6501E-31            9.1914E-31 2.0588E-07 2.1006E-08 3.4541E-07 1.5353E-07 5.5129E-07 1.71E-06 5.35E-06   0.475 0.6000 7.3659E-06   1305.835
14201.00 0.59965253 3.3102E-31            8.4591E-31 1.8398E-07 1.9801E-08 3.1234E-07 1.4044E-07 4.9632E-07 1.56E-06 5.20E-06   0.511 0.6000 7.2675E-06   1297.861
14211.00 0.62220120 3.3421E-31            8.3710E-31 2.0723E-07 2.0801E-08 3.4393E-07 1.5223E-07 5.5116E-07 1.69E-06 5.27E-06   0.474 0.6000 7.2579E-06   1307.302
14221.00 0.60805833 3.0896E-31            7.8153E-31 1.9254E-07 2.0197E-08 3.2361E-07 1.4453E-07 5.1615E-07 1.61E-06 5.22E-06   0.497 0.6000 7.2581E-06   1302.580
14231.00 0.59059399 2.8218E-31            7.2359E-31 1.7262E-07 1.9133E-08 2.9463E-07 1.3312E-07 4.6726E-07 1.48E-06 5.08E-06   0.527 0.6000 7.1422E-06   1295.117
14241.00 0.60177898 2.7714E-31            7.0391E-31 1.8307E-07 1.9771E-08 3.1054E-07 1.3938E-07 4.9362E-07 1.55E-06 5.15E-06   0.508 0.6000 7.1894E-06   1300.369
14251.00 0.59362793 2.5970E-31            6.6235E-31 1.7388E-07 1.9041E-08 2.9490E-07 1.3264E-07 4.6878E-07 1.47E-06 5.01E-06   0.522 0.6000 7.0286E-06   1296.859
14261.00 0.60341287 2.5434E-31            6.4268E-31 1.8560E-07 1.9919E-08 3.1289E-07 1.3980E-07 4.9848E-07 1.55E-06 5.18E-06   0.505 0.6000 7.2140E-06   1302.657
14271.00 0.58770728 2.3384E-31            5.9736E-31 1.7005E-07 1.9111E-08 2.9002E-07 1.3071E-07 4.6007E-07 1.45E-06 5.09E-06   0.532 0.6000 7.1715E-06   1296.795
14281.00 0.60039276 2.3127E-31            5.8244E-31 1.8605E-07 1.9776E-08 3.1099E-07 1.3855E-07 4.9703E-07 1.54E-06 5.13E-06   0.510 0.6000 7.1755E-06   1303.895
 -9999.
