T F 2    2    2    0    2    2    2    2    2    2    1    0    0   0.0000.00000
    1    1    1    0    0    0  23.00000   0.00000   0.00000   0.00000   0.00000
 -99.000 -99.000 -99.000
 -99.00000 -99.00000 -99.00000  2.922360  0.000710 ! H2O & O3 COLUMNS [GM/CM2]
   36MID-LATITUDE SUMMER 
   3.00000   3.00000  90.00786   2.00212   0.01800   0.00000    1        0.00000
    0    0  172    0
   0.00000   0.00000   0.00000  20.00413   0.00000 180.00000   0.00000   0.00000
    9091.0   14286.0      10.0      10.0NW              
    0   0    0.000  0    0.000  0    1.000
    FREQ  TOT_TRANS  PTH_THRML  THRML_SCT  SURF_EMIS   SOL_SCAT  SING_SCAT  GRND_RFLT  DRCT_RFLT  TOTAL_RAD  REF_SOL  SOL@OBS   DEPTH DIR_EM    TOA_SUN BBODY_T[K]
 9091.00 0.91874552 3.8100E-24 0.0000E+00 0.0000E+00 1.0248E-08 1.0248E-08 0.0000E+00 0.0000E+00 1.0248E-08 5.90E-06 6.32E-06   0.085 1.0000 6.9214E-06    715.340
 9101.00 0.93754935 2.0635E-24 0.0000E+00 0.0000E+00 1.0261E-08 1.0261E-08 0.0000E+00 0.0000E+00 1.0261E-08 5.92E-06 6.27E-06   0.064 1.0000 6.7529E-06    716.047
 9111.00 0.95252818 1.0130E-24 0.0000E+00 0.0000E+00 1.0535E-08 1.0535E-08 0.0000E+00 0.0000E+00 1.0535E-08 6.10E-06 6.38E-06   0.049 1.0000 6.7702E-06    717.739
 9121.00 0.95014638 1.1385E-24 0.0000E+00 0.0000E+00 1.0523E-08 1.0523E-08 0.0000E+00 0.0000E+00 1.0523E-08 6.07E-06 6.36E-06   0.051 1.0000 6.7570E-06    718.352
 9131.00 0.94459260 1.7466E-24 0.0000E+00 0.0000E+00 1.0437E-08 1.0437E-08 0.0000E+00 0.0000E+00 1.0437E-08 5.99E-06 6.31E-06   0.057 1.0000 6.7175E-06    718.686
 9141.00 0.96372241 5.6616E-25 0.0000E+00 0.0000E+00 1.0280E-08 1.0280E-08 0.0000E+00 0.0000E+00 1.0280E-08 5.93E-06 6.14E-06   0.037 1.0000 6.4440E-06    718.750
 9151.00 0.94046509 1.8634E-24 0.0000E+00 0.0000E+00 1.0676E-08 1.0676E-08 0.0000E+00 0.0000E+00 1.0676E-08 6.10E-06 6.41E-06   0.061 1.0000 6.8615E-06    720.896
 9161.00 0.96897119 4.2284E-25 0.0000E+00 0.0000E+00 1.1277E-08 1.1277E-08 0.0000E+00 0.0000E+00 1.1277E-08 6.49E-06 6.68E-06   0.032 1.0000 6.9345E-06    723.723
 9171.00 0.95186371 1.0314E-24 0.0000E+00 0.0000E+00 1.1112E-08 1.1112E-08 0.0000E+00 0.0000E+00 1.1112E-08 6.33E-06 6.61E-06   0.049 1.0000 6.9883E-06    723.797
 9181.00 0.96345890 3.6213E-25 0.0000E+00 0.0000E+00 1.1115E-08 1.1115E-08 0.0000E+00 0.0000E+00 1.1115E-08 6.34E-06 6.57E-06   0.037 1.0000 6.8738E-06    724.467
 9191.00 0.97098678 1.9026E-25 0.0000E+00 0.0000E+00 1.1244E-08 1.1244E-08 0.0000E+00 0.0000E+00 1.1244E-08 6.42E-06 6.61E-06   0.029 1.0000 6.8531E-06    725.584
 9201.00 0.96104383 5.1405E-25 0.0000E+00 0.0000E+00 1.0974E-08 1.0974E-08 0.0000E+00 0.0000E+00 1.0974E-08 6.23E-06 6.45E-06   0.040 1.0000 6.7792E-06    725.278
 9211.00 0.96066117 5.3842E-25 0.0000E+00 0.0000E+00 1.1417E-08 1.1417E-08 0.0000E+00 0.0000E+00 1.1417E-08 6.46E-06 6.69E-06   0.040 1.0000 7.0277E-06    727.514
 9221.00 0.96846062 2.1097E-25 0.0000E+00 0.0000E+00 1.1474E-08 1.1474E-08 0.0000E+00 0.0000E+00 1.1474E-08 6.49E-06 6.69E-06   0.032 1.0000 6.9689E-06    728.372
 9231.00 0.96696210 2.5066E-25 0.0000E+00 0.0000E+00 1.1187E-08 1.1187E-08 0.0000E+00 0.0000E+00 1.1187E-08 6.30E-06 6.51E-06   0.034 1.0000 6.7955E-06    728.021
 9241.00 0.97154486 1.4037E-25 0.0000E+00 0.0000E+00 1.1301E-08 1.1301E-08 0.0000E+00 0.0000E+00 1.1301E-08 6.36E-06 6.55E-06   0.029 1.0000 6.7842E-06    729.084
 9251.00 0.96932149 1.6658E-25 0.0000E+00 0.0000E+00 1.1452E-08 1.1452E-08 0.0000E+00 0.0000E+00 1.1452E-08 6.42E-06 6.62E-06   0.031 1.0000 6.9007E-06    730.274
 9261.00 0.97106868 1.4461E-25 0.0000E+00 0.0000E+00 1.1678E-08 1.1678E-08 0.0000E+00 0.0000E+00 1.1678E-08 6.54E-06 6.73E-06   0.029 1.0000 6.9947E-06    731.717
 9271.00 0.97374696 9.9603E-26 0.0000E+00 0.0000E+00 1.1580E-08 1.1580E-08 0.0000E+00 0.0000E+00 1.1580E-08 6.47E-06 6.65E-06   0.027 1.0000 6.8762E-06    732.040
 9281.00 0.97055286 1.2824E-25 0.0000E+00 0.0000E+00 1.1767E-08 1.1767E-08 0.0000E+00 0.0000E+00 1.1767E-08 6.55E-06 6.74E-06   0.030 1.0000 7.0330E-06    733.342
 9291.00 0.97373986 9.0409E-26 0.0000E+00 0.0000E+00 1.1879E-08 1.1879E-08 0.0000E+00 0.0000E+00 1.1879E-08 6.60E-06 6.78E-06   0.027 1.0000 7.0135E-06    734.386
 9301.00 0.97276765 9.3228E-26 0.0000E+00 0.0000E+00 1.1605E-08 1.1605E-08 0.0000E+00 0.0000E+00 1.1605E-08 6.43E-06 6.61E-06   0.028 1.0000 6.8637E-06    734.106
 9311.00 0.97298598 8.7340E-26 0.0000E+00 0.0000E+00 1.1862E-08 1.1862E-08 0.0000E+00 0.0000E+00 1.1862E-08 6.55E-06 6.73E-06   0.027 1.0000 6.9849E-06    735.648
 9321.00 0.97251457 8.5790E-26 0.0000E+00 0.0000E+00 1.1714E-08 1.1714E-08 0.0000E+00 0.0000E+00 1.1714E-08 6.45E-06 6.63E-06   0.028 1.0000 6.8861E-06    735.800
 9331.00 0.97249627 8.1659E-26 0.0000E+00 0.0000E+00 1.1955E-08 1.1955E-08 0.0000E+00 0.0000E+00 1.1955E-08 6.57E-06 6.75E-06   0.028 1.0000 7.0103E-06    737.282
 9341.00 0.97224194 7.9170E-26 0.0000E+00 0.0000E+00 1.1923E-08 1.1923E-08 0.0000E+00 0.0000E+00 1.1923E-08 6.53E-06 6.72E-06   0.028 1.0000 6.9794E-06    737.834
 9351.00 0.97161037 7.8953E-26 0.0000E+00 0.0000E+00 1.1459E-08 1.1459E-08 0.0000E+00 0.0000E+00 1.1459E-08 6.26E-06 6.44E-06   0.029 1.0000 6.7060E-06    736.888
 9361.00 0.97102135 7.8399E-26 0.0000E+00 0.0000E+00 1.1836E-08 1.1836E-08 0.0000E+00 0.0000E+00 1.1836E-08 6.44E-06 6.64E-06   0.029 1.0000 6.9146E-06    738.857
 9371.00 0.97074080 7.6181E-26 0.0000E+00 0.0000E+00 1.2015E-08 1.2015E-08 0.0000E+00 0.0000E+00 1.2015E-08 6.52E-06 6.72E-06   0.030 1.0000 7.0062E-06    740.125
 9381.00 0.97058380 7.3370E-26 0.0000E+00 0.0000E+00 1.1990E-08 1.1990E-08 0.0000E+00 0.0000E+00 1.1990E-08 6.49E-06 6.69E-06   0.030 1.0000 6.9727E-06    740.702
 9391.00 0.97028893 7.1426E-26 0.0000E+00 0.0000E+00 1.2223E-08 1.2223E-08 0.0000E+00 0.0000E+00 1.2223E-08 6.60E-06 6.80E-06   0.030 1.0000 7.0927E-06    742.146
 9401.00 0.97082222 6.5550E-26 0.0000E+00 0.0000E+00 1.2179E-08 1.2179E-08 0.0000E+00 0.0000E+00 1.2179E-08 6.56E-06 6.76E-06   0.030 1.0000 7.0394E-06    742.657
 9411.00 0.97095925 6.1855E-26 0.0000E+00 0.0000E+00 1.2187E-08 1.2187E-08 0.0000E+00 0.0000E+00 1.2187E-08 6.55E-06 6.74E-06   0.029 1.0000 7.0221E-06    743.346
 9421.00 0.97123802 5.7790E-26 0.0000E+00 0.0000E+00 1.2202E-08 1.2202E-08 0.0000E+00 0.0000E+00 1.2202E-08 6.54E-06 6.73E-06   0.029 1.0000 7.0055E-06    744.055
 9431.00 0.97137833 5.4517E-26 0.0000E+00 0.0000E+00 1.2175E-08 1.2175E-08 0.0000E+00 0.0000E+00 1.2175E-08 6.51E-06 6.70E-06   0.029 1.0000 6.9676E-06    744.621
 9441.00 0.97153550 5.1371E-26 0.0000E+00 0.0000E+00 1.2178E-08 1.2178E-08 0.0000E+00 0.0000E+00 1.2178E-08 6.49E-06 6.68E-06   0.029 1.0000 6.9484E-06    745.291
 9451.00 0.97182184 4.7959E-26 0.0000E+00 0.0000E+00 1.2265E-08 1.2265E-08 0.0000E+00 0.0000E+00 1.2265E-08 6.53E-06 6.72E-06   0.029 1.0000 6.9764E-06    746.242
 9461.00 0.97214586 4.4640E-26 0.0000E+00 0.0000E+00 1.2501E-08 1.2501E-08 0.0000E+00 0.0000E+00 1.2501E-08 6.64E-06 6.83E-06   0.028 1.0000 7.0891E-06    747.683
 9471.00 0.97244793 4.1604E-26 0.0000E+00 0.0000E+00 1.2539E-08 1.2539E-08 0.0000E+00 0.0000E+00 1.2539E-08 6.65E-06 6.84E-06   0.028 1.0000 7.0904E-06    748.470
 9481.00 0.97269332 3.8927E-26 0.0000E+00 0.0000E+00 1.2564E-08 1.2564E-08 0.0000E+00 0.0000E+00 1.2564E-08 6.65E-06 6.84E-06   0.028 1.0000 7.0848E-06    749.212
 9491.00 0.97289222 3.6544E-26 0.0000E+00 0.0000E+00 1.2494E-08 1.2494E-08 0.0000E+00 0.0000E+00 1.2494E-08 6.60E-06 6.78E-06   0.027 1.0000 7.0271E-06    749.640
 9501.00 0.97300553 3.4523E-26 0.0000E+00 0.0000E+00 1.2592E-08 1.2592E-08 0.0000E+00 0.0000E+00 1.2592E-08 6.64E-06 6.82E-06   0.027 1.0000 7.0663E-06    750.624
 9511.00 0.97312301 3.2606E-26 0.0000E+00 0.0000E+00 1.2634E-08 1.2634E-08 0.0000E+00 0.0000E+00 1.2634E-08 6.65E-06 6.83E-06   0.027 1.0000 7.0729E-06    751.422
 9521.00 0.97318238 3.0923E-26 0.0000E+00 0.0000E+00 1.2654E-08 1.2654E-08 0.0000E+00 0.0000E+00 1.2654E-08 6.65E-06 6.83E-06   0.027 1.0000 7.0689E-06    752.147
 9531.00 0.97324276 2.9334E-26 0.0000E+00 0.0000E+00 1.2707E-08 1.2707E-08 0.0000E+00 0.0000E+00 1.2707E-08 6.66E-06 6.84E-06   0.027 1.0000 7.0837E-06    752.979
 9541.00 0.97337943 2.7657E-26 0.0000E+00 0.0000E+00 1.2743E-08 1.2743E-08 0.0000E+00 0.0000E+00 1.2743E-08 6.67E-06 6.85E-06   0.027 1.0000 7.0847E-06    753.755
 9551.00 0.97340572 2.6298E-26 0.0000E+00 0.0000E+00 1.2650E-08 1.2650E-08 0.0000E+00 0.0000E+00 1.2650E-08 6.60E-06 6.79E-06   0.027 1.0000 7.0183E-06    754.112
 9561.00 0.97341514 2.5037E-26 0.0000E+00 0.0000E+00 1.2542E-08 1.2542E-08 0.0000E+00 0.0000E+00 1.2542E-08 6.54E-06 6.71E-06   0.027 1.0000 6.9440E-06    754.416
 9571.00 0.97341841 2.3849E-26 0.0000E+00 0.0000E+00 1.2801E-08 1.2801E-08 0.0000E+00 0.0000E+00 1.2801E-08 6.66E-06 6.84E-06   0.027 1.0000 7.0733E-06    755.924
 9581.00 0.97342110 2.2717E-26 0.0000E+00 0.0000E+00 1.2846E-08 1.2846E-08 0.0000E+00 0.0000E+00 1.2846E-08 6.67E-06 6.85E-06   0.027 1.0000 7.0833E-06    756.727
 9591.00 0.97338963 2.1695E-26 0.0000E+00 0.0000E+00 1.2785E-08 1.2785E-08 0.0000E+00 0.0000E+00 1.2785E-08 6.62E-06 6.80E-06   0.027 1.0000 7.0362E-06    757.189
 9601.00 0.97333407 2.0757E-26 0.0000E+00 0.0000E+00 1.2925E-08 1.2925E-08 0.0000E+00 0.0000E+00 1.2925E-08 6.68E-06 6.87E-06   0.027 1.0000 7.1006E-06    758.304
 9611.00 0.97332305 1.9794E-26 0.0000E+00 0.0000E+00 1.2875E-08 1.2875E-08 0.0000E+00 0.0000E+00 1.2875E-08 6.64E-06 6.83E-06   0.027 1.0000 7.0589E-06    758.800
 9621.00 0.97328484 1.8912E-26 0.0000E+00 0.0000E+00 1.2891E-08 1.2891E-08 0.0000E+00 0.0000E+00 1.2891E-08 6.64E-06 6.82E-06   0.027 1.0000 7.0542E-06    759.511
 9631.00 0.97325569 1.8058E-26 0.0000E+00 0.0000E+00 1.2907E-08 1.2907E-08 0.0000E+00 0.0000E+00 1.2907E-08 6.63E-06 6.82E-06   0.027 1.0000 7.0494E-06    760.223
 9641.00 0.97316003 1.7332E-26 0.0000E+00 0.0000E+00 1.2846E-08 1.2846E-08 0.0000E+00 0.0000E+00 1.2846E-08 6.59E-06 6.77E-06   0.027 1.0000 7.0036E-06    760.685
 9651.00 0.97320759 1.6451E-26 0.0000E+00 0.0000E+00 1.3067E-08 1.3067E-08 0.0000E+00 0.0000E+00 1.3067E-08 6.69E-06 6.87E-06   0.027 1.0000 7.1097E-06    762.057
 9661.00 0.97319221 1.5691E-26 0.0000E+00 0.0000E+00 1.2940E-08 1.2940E-08 0.0000E+00 0.0000E+00 1.2940E-08 6.61E-06 6.79E-06   0.027 1.0000 7.0258E-06    762.307
 9671.00 0.97313434 1.5015E-26 0.0000E+00 0.0000E+00 1.2966E-08 1.2966E-08 0.0000E+00 0.0000E+00 1.2966E-08 6.61E-06 6.79E-06   0.027 1.0000 7.0276E-06    763.050
 9681.00 0.97312129 1.4321E-26 0.0000E+00 0.0000E+00 1.2954E-08 1.2954E-08 0.0000E+00 0.0000E+00 1.2954E-08 6.59E-06 6.77E-06   0.027 1.0000 7.0080E-06    763.673
 9691.00 0.97295213 1.3817E-26 0.0000E+00 0.0000E+00 1.3161E-08 1.3161E-08 0.0000E+00 0.0000E+00 1.3161E-08 6.68E-06 6.87E-06   0.027 1.0000 7.1079E-06    764.994
 9701.00 0.97292542 1.3194E-26 0.0000E+00 0.0000E+00 1.3166E-08 1.3166E-08 0.0000E+00 0.0000E+00 1.3166E-08 6.67E-06 6.86E-06   0.027 1.0000 7.0980E-06    765.669
 9711.00 0.97288120 1.2608E-26 0.0000E+00 0.0000E+00 1.3162E-08 1.3162E-08 0.0000E+00 0.0000E+00 1.3162E-08 6.66E-06 6.84E-06   0.027 1.0000 7.0827E-06    766.318
 9721.00 0.97246271 1.2412E-26 0.0000E+00 0.0000E+00 1.3187E-08 1.3187E-08 0.0000E+00 0.0000E+00 1.3187E-08 6.66E-06 6.84E-06   0.028 1.0000 7.0883E-06    767.055
 9731.00 0.97173291 1.2536E-26 0.0000E+00 0.0000E+00 1.3271E-08 1.3271E-08 0.0000E+00 0.0000E+00 1.3271E-08 6.68E-06 6.88E-06   0.029 1.0000 7.1280E-06    767.984
 9741.00 0.97226417 1.1444E-26 0.0000E+00 0.0000E+00 1.3287E-08 1.3287E-08 0.0000E+00 0.0000E+00 1.3287E-08 6.68E-06 6.87E-06   0.028 1.0000 7.1148E-06    768.693
 9751.00 0.97199202 1.1126E-26 0.0000E+00 0.0000E+00 1.3329E-08 1.3329E-08 0.0000E+00 0.0000E+00 1.3329E-08 6.69E-06 6.88E-06   0.028 1.0000 7.1256E-06    769.485
 9761.00 0.97099900 1.1645E-26 0.0000E+00 0.0000E+00 1.3312E-08 1.3312E-08 0.0000E+00 0.0000E+00 1.3312E-08 6.66E-06 6.86E-06   0.029 1.0000 7.1121E-06    770.091
 9771.00 0.96944815 1.2502E-26 0.0000E+00 0.0000E+00 1.3328E-08 1.3328E-08 0.0000E+00 0.0000E+00 1.3328E-08 6.65E-06 6.86E-06   0.031 1.0000 7.1242E-06    770.802
 9781.00 0.97127295 1.0278E-26 0.0000E+00 0.0000E+00 1.3244E-08 1.3244E-08 0.0000E+00 0.0000E+00 1.3244E-08 6.60E-06 6.80E-06   0.029 1.0000 7.0450E-06    771.194
 9791.00 0.97153127 9.5741E-27 0.0000E+00 0.0000E+00 1.3260E-08 1.3260E-08 0.0000E+00 0.0000E+00 1.3260E-08 6.60E-06 6.79E-06   0.029 1.0000 7.0386E-06    771.902
 9801.00 0.97130197 9.2625E-27 0.0000E+00 0.0000E+00 1.3316E-08 1.3316E-08 0.0000E+00 0.0000E+00 1.3316E-08 6.61E-06 6.81E-06   0.029 1.0000 7.0554E-06    772.738
 9811.00 0.96871817 1.1028E-26 0.0000E+00 0.0000E+00 1.3155E-08 1.3155E-08 0.0000E+00 0.0000E+00 1.3155E-08 6.51E-06 6.72E-06   0.032 1.0000 6.9787E-06    772.883
 9821.00 0.97202796 7.9003E-27 0.0000E+00 0.0000E+00 1.3391E-08 1.3391E-08 0.0000E+00 0.0000E+00 1.3391E-08 6.63E-06 6.82E-06   0.028 1.0000 7.0623E-06    774.297
 9831.00 0.97124475 7.9922E-27 0.0000E+00 0.0000E+00 1.3428E-08 1.3428E-08 0.0000E+00 0.0000E+00 1.3428E-08 6.63E-06 6.83E-06   0.029 1.0000 7.0767E-06    775.071
 9841.00 0.97125500 7.6812E-27 0.0000E+00 0.0000E+00 1.3419E-08 1.3419E-08 0.0000E+00 0.0000E+00 1.3419E-08 6.61E-06 6.81E-06   0.029 1.0000 7.0554E-06    775.700
 9851.00 0.97019386 7.9565E-27 0.0000E+00 0.0000E+00 1.3417E-08 1.3417E-08 0.0000E+00 0.0000E+00 1.3417E-08 6.60E-06 6.80E-06   0.030 1.0000 7.0514E-06    776.355
 9861.00 0.97096777 7.0639E-27 0.0000E+00 0.0000E+00 1.3555E-08 1.3555E-08 0.0000E+00 0.0000E+00 1.3555E-08 6.65E-06 6.85E-06   0.029 1.0000 7.1034E-06    777.448
 9871.00 0.97090840 6.7984E-27 0.0000E+00 0.0000E+00 1.3595E-08 1.3595E-08 0.0000E+00 0.0000E+00 1.3595E-08 6.66E-06 6.86E-06   0.030 1.0000 7.1106E-06    778.232
 9881.00 0.96893024 7.7229E-27 0.0000E+00 0.0000E+00 1.3591E-08 1.3591E-08 0.0000E+00 0.0000E+00 1.3591E-08 6.64E-06 6.85E-06   0.032 1.0000 7.1125E-06    778.879
 9891.00 0.97077692 6.1708E-27 0.0000E+00 0.0000E+00 1.3648E-08 1.3648E-08 0.0000E+00 0.0000E+00 1.3648E-08 6.66E-06 6.86E-06   0.030 1.0000 7.1147E-06    779.716
 9901.00 0.96629381 8.1125E-27 0.0000E+00 0.0000E+00 1.3627E-08 1.3627E-08 0.0000E+00 0.0000E+00 1.3627E-08 6.62E-06 6.85E-06   0.034 1.0000 7.1297E-06    780.310
 9911.00 0.96562296 8.3197E-27 0.0000E+00 0.0000E+00 1.3606E-08 1.3606E-08 0.0000E+00 0.0000E+00 1.3606E-08 6.60E-06 6.83E-06   0.035 1.0000 7.1100E-06    780.902
 9921.00 0.96920675 6.1785E-27 0.0000E+00 0.0000E+00 1.3698E-08 1.3698E-08 0.0000E+00 0.0000E+00 1.3698E-08 6.64E-06 6.85E-06   0.031 1.0000 7.1166E-06    781.849
 9931.00 0.97056079 5.1671E-27 0.0000E+00 0.0000E+00 1.3670E-08 1.3670E-08 0.0000E+00 0.0000E+00 1.3670E-08 6.62E-06 6.82E-06   0.030 1.0000 7.0750E-06    782.418
 9941.00 0.97009063 5.1222E-27 0.0000E+00 0.0000E+00 1.3230E-08 1.3230E-08 0.0000E+00 0.0000E+00 1.3230E-08 6.39E-06 6.59E-06   0.030 1.0000 6.8405E-06    781.678
 9951.00 0.97056794 4.7123E-27 0.0000E+00 0.0000E+00 1.2979E-08 1.2979E-08 0.0000E+00 0.0000E+00 1.2979E-08 6.26E-06 6.45E-06   0.030 1.0000 6.6965E-06    781.517
 9961.00 0.96939653 4.9636E-27 0.0000E+00 0.0000E+00 1.3616E-08 1.3616E-08 0.0000E+00 0.0000E+00 1.3616E-08 6.55E-06 6.76E-06   0.031 1.0000 7.0208E-06    784.224
 9971.00 0.96995193 4.4612E-27 0.0000E+00 0.0000E+00 1.3780E-08 1.3780E-08 0.0000E+00 0.0000E+00 1.3780E-08 6.62E-06 6.83E-06   0.031 1.0000 7.0893E-06    785.395
 9981.00 0.96634579 5.5004E-27 0.0000E+00 0.0000E+00 1.3829E-08 1.3829E-08 0.0000E+00 0.0000E+00 1.3829E-08 6.62E-06 6.85E-06   0.034 1.0000 7.1451E-06    786.209
 9991.00 0.97099698 3.7275E-27 0.0000E+00 0.0000E+00 1.3949E-08 1.3949E-08 0.0000E+00 0.0000E+00 1.3949E-08 6.68E-06 6.88E-06   0.029 1.0000 7.1388E-06    787.238
10001.00 0.96997100 3.8500E-27 0.0000E+00 0.0000E+00 1.3880E-08 1.3880E-08 0.0000E+00 0.0000E+00 1.3880E-08 6.63E-06 6.84E-06   0.030 1.0000 7.1031E-06    787.684
10011.00 0.97060275 3.4949E-27 0.0000E+00 0.0000E+00 1.3943E-08 1.3943E-08 0.0000E+00 0.0000E+00 1.3943E-08 6.65E-06 6.85E-06   0.030 1.0000 7.1150E-06    788.538
10021.00 0.97051471 3.3510E-27 0.0000E+00 0.0000E+00 1.4002E-08 1.4002E-08 0.0000E+00 0.0000E+00 1.4002E-08 6.67E-06 6.87E-06   0.030 1.0000 7.1310E-06    789.378
10031.00 0.97105414 3.0520E-27 0.0000E+00 0.0000E+00 1.4036E-08 1.4036E-08 0.0000E+00 0.0000E+00 1.4036E-08 6.67E-06 6.87E-06   0.029 1.0000 7.1318E-06    790.142
10041.00 0.97098124 2.9190E-27 0.0000E+00 0.0000E+00 1.4028E-08 1.4028E-08 0.0000E+00 0.0000E+00 1.4028E-08 6.65E-06 6.85E-06   0.029 1.0000 7.1164E-06    790.774
10051.00 0.97099394 2.7795E-27 0.0000E+00 0.0000E+00 1.4064E-08 1.4064E-08 0.0000E+00 0.0000E+00 1.4064E-08 6.66E-06 6.86E-06   0.029 1.0000 7.1191E-06    791.543
10061.00 0.97065794 2.7114E-27 0.0000E+00 0.0000E+00 1.4096E-08 1.4096E-08 0.0000E+00 0.0000E+00 1.4096E-08 6.66E-06 6.86E-06   0.030 1.0000 7.1296E-06    792.301
10071.00 0.96887439 2.9762E-27 0.0000E+00 0.0000E+00 1.4028E-08 1.4028E-08 0.0000E+00 0.0000E+00 1.4028E-08 6.61E-06 6.82E-06   0.032 1.0000 7.1221E-06    792.748
10081.00 0.97013158 2.5593E-27 0.0000E+00 0.0000E+00 1.4083E-08 1.4083E-08 0.0000E+00 0.0000E+00 1.4083E-08 6.63E-06 6.83E-06   0.030 1.0000 7.1031E-06    793.576
10091.00 0.96945965 2.5532E-27 0.0000E+00 0.0000E+00 1.4040E-08 1.4040E-08 0.0000E+00 0.0000E+00 1.4040E-08 6.59E-06 6.80E-06   0.031 1.0000 7.0846E-06    794.101
10101.00 0.96850795 2.5950E-27 0.0000E+00 0.0000E+00 1.3912E-08 1.3912E-08 0.0000E+00 0.0000E+00 1.3912E-08 6.52E-06 6.73E-06   0.032 1.0000 7.0367E-06    794.363
10111.00 0.97038233 2.1669E-27 0.0000E+00 0.0000E+00 1.3990E-08 1.3990E-08 0.0000E+00 0.0000E+00 1.3990E-08 6.55E-06 6.75E-06   0.030 1.0000 7.0192E-06    795.261
10121.00 0.96860957 2.3505E-27 0.0000E+00 0.0000E+00 1.4096E-08 1.4096E-08 0.0000E+00 0.0000E+00 1.4096E-08 6.58E-06 6.79E-06   0.032 1.0000 7.1091E-06    796.246
10131.00 0.96767569 2.3976E-27 0.0000E+00 0.0000E+00 1.4017E-08 1.4017E-08 0.0000E+00 0.0000E+00 1.4017E-08 6.53E-06 6.74E-06   0.033 1.0000 7.0756E-06    796.660
10141.00 0.96858025 2.1258E-27 0.0000E+00 0.0000E+00 1.4128E-08 1.4128E-08 0.0000E+00 0.0000E+00 1.4128E-08 6.57E-06 6.78E-06   0.032 1.0000 7.0813E-06    797.662
10151.00 0.96125942 3.1682E-27 0.0000E+00 0.0000E+00 1.3894E-08 1.3894E-08 0.0000E+00 0.0000E+00 1.3894E-08 6.43E-06 6.67E-06   0.040 1.0000 7.1130E-06    797.591
10161.00 0.96426541 2.6026E-27 0.0000E+00 0.0000E+00 1.3984E-08 1.3984E-08 0.0000E+00 0.0000E+00 1.3984E-08 6.47E-06 6.70E-06   0.036 1.0000 7.0884E-06    798.530
10171.00 0.95729661 4.2601E-27 0.0000E+00 0.0000E+00 1.3755E-08 1.3755E-08 0.0000E+00 0.0000E+00 1.3755E-08 6.34E-06 6.59E-06   0.044 1.0000 7.0885E-06    798.466
10181.00 0.95513833 4.3013E-27 0.0000E+00 0.0000E+00 1.3825E-08 1.3825E-08 0.0000E+00 0.0000E+00 1.3825E-08 6.35E-06 6.62E-06   0.046 1.0000 7.1238E-06    799.343
10191.00 0.95486689 4.1394E-27 0.0000E+00 0.0000E+00 1.3999E-08 1.3999E-08 0.0000E+00 0.0000E+00 1.3999E-08 6.41E-06 6.70E-06   0.046 1.0000 7.1342E-06    800.547
10201.00 0.93162972 1.2119E-26 0.0000E+00 0.0000E+00 1.3296E-08 1.3296E-08 0.0000E+00 0.0000E+00 1.3296E-08 6.05E-06 6.38E-06   0.071 1.0000 7.0727E-06    798.958
10211.00 0.92555940 1.6233E-26 0.0000E+00 0.0000E+00 1.3088E-08 1.3088E-08 0.0000E+00 0.0000E+00 1.3088E-08 5.93E-06 6.28E-06   0.077 1.0000 7.0352E-06    798.928
10221.00 0.91706127 2.0098E-26 0.0000E+00 0.0000E+00 1.3145E-08 1.3145E-08 0.0000E+00 0.0000E+00 1.3145E-08 5.93E-06 6.31E-06   0.087 1.0000 7.0526E-06    799.769
10231.00 0.93424112 9.8040E-27 0.0000E+00 0.0000E+00 1.3641E-08 1.3641E-08 0.0000E+00 0.0000E+00 1.3641E-08 6.16E-06 6.52E-06   0.068 1.0000 7.0865E-06    802.039
10241.00 0.89614457 3.1749E-26 0.0000E+00 0.0000E+00 1.2665E-08 1.2665E-08 0.0000E+00 0.0000E+00 1.2665E-08 5.65E-06 6.11E-06   0.110 1.0000 7.0343E-06    799.463
10251.00 0.88510215 3.9425E-26 0.0000E+00 0.0000E+00 1.2883E-08 1.2883E-08 0.0000E+00 0.0000E+00 1.2883E-08 5.73E-06 6.21E-06   0.122 1.0000 7.1175E-06    800.857
10261.00 0.87884188 4.1879E-26 0.0000E+00 0.0000E+00 1.2649E-08 1.2649E-08 0.0000E+00 0.0000E+00 1.2649E-08 5.59E-06 6.12E-06   0.129 1.0000 7.0004E-06    800.713
10271.00 0.89163238 3.0450E-26 0.0000E+00 0.0000E+00 1.2801E-08 1.2801E-08 0.0000E+00 0.0000E+00 1.2801E-08 5.67E-06 6.16E-06   0.115 1.0000 7.0253E-06    801.887
10281.00 0.90347326 2.6274E-26 0.0000E+00 0.0000E+00 1.3374E-08 1.3374E-08 0.0000E+00 0.0000E+00 1.3374E-08 5.94E-06 6.40E-06   0.102 1.0000 7.1074E-06    804.453
10291.00 0.90549594 3.5270E-26 0.0000E+00 0.0000E+00 1.3541E-08 1.3541E-08 0.0000E+00 0.0000E+00 1.3541E-08 6.01E-06 6.45E-06   0.099 1.0000 7.1198E-06    805.651
10301.00 0.91519064 2.7282E-26 0.0000E+00 0.0000E+00 1.3559E-08 1.3559E-08 0.0000E+00 0.0000E+00 1.3559E-08 6.02E-06 6.44E-06   0.089 1.0000 7.0598E-06    806.363
10311.00 0.92334771 1.9467E-26 0.0000E+00 0.0000E+00 1.3690E-08 1.3690E-08 0.0000E+00 0.0000E+00 1.3690E-08 6.07E-06 6.48E-06   0.080 1.0000 7.1065E-06    807.443
10321.00 0.92351055 1.5942E-26 0.0000E+00 0.0000E+00 1.3619E-08 1.3619E-08 0.0000E+00 0.0000E+00 1.3619E-08 6.03E-06 6.43E-06   0.080 1.0000 7.0834E-06    807.870
10331.00 0.90221643 3.1184E-26 0.0000E+00 0.0000E+00 1.3364E-08 1.3364E-08 0.0000E+00 0.0000E+00 1.3364E-08 5.88E-06 6.32E-06   0.103 1.0000 7.0410E-06    807.692
10341.00 0.84494311 5.4045E-26 0.0000E+00 0.0000E+00 1.2133E-08 1.2133E-08 0.0000E+00 0.0000E+00 1.2133E-08 5.23E-06 5.86E-06   0.168 1.0000 7.0807E-06    804.125
10351.00 0.83251101 4.7681E-26 0.0000E+00 0.0000E+00 1.1761E-08 1.1761E-08 0.0000E+00 0.0000E+00 1.1761E-08 5.03E-06 5.70E-06   0.183 1.0000 6.9482E-06    803.424
10361.00 0.86103922 3.6559E-26 0.0000E+00 0.0000E+00 1.2091E-08 1.2091E-08 0.0000E+00 0.0000E+00 1.2091E-08 5.22E-06 5.77E-06   0.150 1.0000 7.0420E-06    805.276
10371.00 0.84031892 5.8894E-26 0.0000E+00 0.0000E+00 1.1486E-08 1.1486E-08 0.0000E+00 0.0000E+00 1.1486E-08 4.93E-06 5.50E-06   0.174 1.0000 7.0259E-06    803.701
10381.00 0.87224185 3.1031E-26 0.0000E+00 0.0000E+00 1.2343E-08 1.2343E-08 0.0000E+00 0.0000E+00 1.2343E-08 5.32E-06 5.86E-06   0.137 1.0000 7.0297E-06    807.481
10391.00 0.78807914 7.2035E-26 0.0000E+00 0.0000E+00 1.0774E-08 1.0774E-08 0.0000E+00 0.0000E+00 1.0774E-08 4.53E-06 5.24E-06   0.238 1.0000 7.0152E-06    802.236
10401.00 0.88040900 2.1795E-26 0.0000E+00 0.0000E+00 1.2228E-08 1.2228E-08 0.0000E+00 0.0000E+00 1.2228E-08 5.28E-06 5.75E-06   0.127 1.0000 7.1156E-06    808.372
10411.00 0.80488265 5.0422E-26 0.0000E+00 0.0000E+00 1.1296E-08 1.1296E-08 0.0000E+00 0.0000E+00 1.1296E-08 4.74E-06 5.45E-06   0.217 1.0000 7.0090E-06    805.575
10421.00 0.77441370 5.1738E-26 0.0000E+00 0.0000E+00 1.0221E-08 1.0221E-08 0.0000E+00 0.0000E+00 1.0221E-08 4.26E-06 4.95E-06   0.256 1.0000 7.1097E-06    801.912
10431.00 0.81863958 4.1060E-26 0.0000E+00 0.0000E+00 1.1115E-08 1.1115E-08 0.0000E+00 0.0000E+00 1.1115E-08 4.71E-06 5.27E-06   0.200 1.0000 7.1282E-06    806.174
10441.00 0.84277910 3.0282E-26 0.0000E+00 0.0000E+00 1.1942E-08 1.1942E-08 0.0000E+00 0.0000E+00 1.1942E-08 5.07E-06 5.63E-06   0.171 1.0000 7.0319E-06    809.943
10451.00 0.79158181 3.9792E-26 0.0000E+00 0.0000E+00 1.0363E-08 1.0363E-08 0.0000E+00 0.0000E+00 1.0363E-08 4.35E-06 4.92E-06   0.234 1.0000 7.0411E-06    804.442
10461.00 0.76726848 4.1765E-26 0.0000E+00 0.0000E+00 1.0203E-08 1.0203E-08 0.0000E+00 0.0000E+00 1.0203E-08 4.21E-06 4.91E-06   0.265 1.0000 7.0152E-06    804.419
10471.00 0.78843600 5.5858E-26 0.0000E+00 0.0000E+00 1.0121E-08 1.0121E-08 0.0000E+00 0.0000E+00 1.0121E-08 4.21E-06 4.81E-06   0.238 1.0000 6.6482E-06    804.716
10481.00 0.80082381 4.6406E-26 0.0000E+00 0.0000E+00 1.0953E-08 1.0953E-08 0.0000E+00 0.0000E+00 1.0953E-08 4.57E-06 5.17E-06   0.222 1.0000 6.9292E-06    808.777
10491.00 0.76445621 5.0849E-26 0.0000E+00 0.0000E+00 1.0463E-08 1.0463E-08 0.0000E+00 0.0000E+00 1.0463E-08 4.29E-06 5.01E-06   0.269 1.0000 7.0576E-06    807.440
10501.00 0.66728151 1.1547E-25 0.0000E+00 0.0000E+00 8.8786E-09 8.8786E-09 0.0000E+00 0.0000E+00 8.8786E-09 3.53E-06 4.37E-06   0.405 1.0000 7.1082E-06    801.053
10511.00 0.84001869 2.4183E-26 0.0000E+00 0.0000E+00 1.2132E-08 1.2132E-08 0.0000E+00 0.0000E+00 1.2132E-08 5.05E-06 5.68E-06   0.174 1.0000 7.0870E-06    815.185
10521.00 0.69823742 1.0641E-25 0.0000E+00 0.0000E+00 9.3053E-09 9.3053E-09 0.0000E+00 0.0000E+00 9.3053E-09 3.73E-06 4.52E-06   0.359 1.0000 7.0837E-06    804.337
10531.00 0.70795828 9.3398E-26 0.0000E+00 0.0000E+00 9.6938E-09 9.6938E-09 0.0000E+00 0.0000E+00 9.6938E-09 3.90E-06 4.67E-06   0.345 1.0000 7.1337E-06    806.732
10541.00 0.70060641 1.0987E-25 0.0000E+00 0.0000E+00 1.0126E-08 1.0126E-08 0.0000E+00 0.0000E+00 1.0126E-08 4.05E-06 4.91E-06   0.356 1.0000 7.1238E-06    809.255
10551.00 0.70455557 7.1112E-26 0.0000E+00 0.0000E+00 9.6839E-09 9.6839E-09 0.0000E+00 0.0000E+00 9.6839E-09 3.84E-06 4.70E-06   0.350 1.0000 7.1123E-06    807.976
10561.00 0.70515347 6.5657E-26 0.0000E+00 0.0000E+00 9.6570E-09 9.6570E-09 0.0000E+00 0.0000E+00 9.6570E-09 3.78E-06 4.77E-06   0.349 1.0000 7.0759E-06    808.500
10571.00 0.61684966 1.1577E-25 0.0000E+00 0.0000E+00 8.5339E-09 8.5339E-09 0.0000E+00 0.0000E+00 8.5339E-09 3.29E-06 4.25E-06   0.483 1.0000 7.0632E-06    803.856
10581.00 0.72383803 5.5690E-26 0.0000E+00 0.0000E+00 1.0193E-08 1.0193E-08 0.0000E+00 0.0000E+00 1.0193E-08 4.04E-06 4.90E-06   0.323 1.0000 7.0083E-06    812.119
10591.00 0.58249229 1.6571E-25 0.0000E+00 0.0000E+00 7.9332E-09 7.9332E-09 0.0000E+00 0.0000E+00 7.9332E-09 3.01E-06 3.99E-06   0.540 1.0000 6.9242E-06    802.042
10601.00 0.61498952 1.3450E-25 0.0000E+00 0.0000E+00 8.9614E-09 8.9614E-09 0.0000E+00 0.0000E+00 8.9614E-09 3.44E-06 4.43E-06   0.486 1.0000 7.0103E-06    807.861
10611.00 0.69104046 7.6677E-26 0.0000E+00 0.0000E+00 1.0128E-08 1.0128E-08 0.0000E+00 0.0000E+00 1.0128E-08 3.94E-06 4.91E-06   0.370 1.0000 7.0013E-06    813.777
10621.00 0.73213518 3.3107E-26 0.0000E+00 0.0000E+00 1.0251E-08 1.0251E-08 0.0000E+00 0.0000E+00 1.0251E-08 4.00E-06 4.93E-06   0.312 1.0000 6.6904E-06    814.943
10631.00 0.72703725 2.5424E-26 0.0000E+00 0.0000E+00 1.0634E-08 1.0634E-08 0.0000E+00 0.0000E+00 1.0634E-08 4.11E-06 5.14E-06   0.319 1.0000 6.9249E-06    817.187
10641.00 0.79670078 1.7546E-26 0.0000E+00 0.0000E+00 1.2262E-08 1.2262E-08 0.0000E+00 0.0000E+00 1.2262E-08 4.88E-06 5.73E-06   0.227 1.0000 7.0679E-06    824.102
10651.00 0.63199854 8.0947E-26 0.0000E+00 0.0000E+00 9.4250E-09 9.4250E-09 0.0000E+00 0.0000E+00 9.4250E-09 3.57E-06 4.65E-06   0.459 1.0000 7.0860E-06    813.236
10661.00 0.51710653 1.2387E-25 0.0000E+00 0.0000E+00 7.5292E-09 7.5292E-09 0.0000E+00 0.0000E+00 7.5292E-09 2.68E-06 3.91E-06   0.660 1.0000 7.1135E-06    804.294
10671.00 0.52467680 1.1086E-25 0.0000E+00 0.0000E+00 7.5120E-09 7.5120E-09 0.0000E+00 0.0000E+00 7.5120E-09 2.67E-06 3.89E-06   0.645 1.0000 7.1053E-06    804.833
10681.00 0.56340677 9.5222E-26 0.0000E+00 0.0000E+00 7.8977E-09 7.8977E-09 0.0000E+00 0.0000E+00 7.8977E-09 2.93E-06 3.92E-06   0.574 1.0000 7.0271E-06    807.588
10691.00 0.61470866 9.0797E-26 0.0000E+00 0.0000E+00 8.5771E-09 8.5771E-09 0.0000E+00 0.0000E+00 8.5771E-09 3.28E-06 4.12E-06   0.487 1.0000 7.0496E-06    811.744
10701.00 0.49851313 1.0828E-25 0.0000E+00 0.0000E+00 6.4815E-09 6.4815E-09 0.0000E+00 0.0000E+00 6.4815E-09 2.35E-06 3.26E-06   0.696 1.0000 7.1224E-06    800.550
10711.00 0.63401574 4.0007E-26 0.0000E+00 0.0000E+00 8.3349E-09 8.3349E-09 0.0000E+00 0.0000E+00 8.3349E-09 3.13E-06 4.02E-06   0.456 1.0000 7.1299E-06    811.796
10721.00 0.67972976 2.5688E-26 0.0000E+00 0.0000E+00 8.9732E-09 8.9732E-09 0.0000E+00 0.0000E+00 8.9732E-09 3.45E-06 4.21E-06   0.386 1.0000 7.1129E-06    815.604
10731.00 0.70217806 2.9206E-26 0.0000E+00 0.0000E+00 9.3174E-09 9.3174E-09 0.0000E+00 0.0000E+00 9.3174E-09 3.66E-06 4.30E-06   0.354 1.0000 7.0795E-06    817.871
10741.00 0.81085694 1.0059E-26 0.0000E+00 0.0000E+00 1.1404E-08 1.1404E-08 0.0000E+00 0.0000E+00 1.1404E-08 4.57E-06 5.11E-06   0.210 1.0000 7.1186E-06    827.370
10751.00 0.87305212 2.7172E-27 0.0000E+00 0.0000E+00 1.2212E-08 1.2212E-08 0.0000E+00 0.0000E+00 1.2212E-08 4.93E-06 5.40E-06   0.136 1.0000 7.0904E-06    831.059
10761.00 0.91010255 1.1689E-27 0.0000E+00 0.0000E+00 1.3219E-08 1.3219E-08 0.0000E+00 0.0000E+00 1.3219E-08 5.37E-06 5.79E-06   0.094 1.0000 7.0349E-06    835.262
10771.00 0.88696855 2.8610E-27 0.0000E+00 0.0000E+00 1.3469E-08 1.3469E-08 0.0000E+00 0.0000E+00 1.3469E-08 5.42E-06 5.94E-06   0.120 1.0000 7.1304E-06    836.759
10781.00 0.91520154 1.4410E-27 0.0000E+00 0.0000E+00 1.4524E-08 1.4524E-08 0.0000E+00 0.0000E+00 1.4524E-08 5.88E-06 6.34E-06   0.089 1.0000 7.1406E-06    840.832
10791.00 0.93513840 5.8832E-28 0.0000E+00 0.0000E+00 1.4855E-08 1.4855E-08 0.0000E+00 0.0000E+00 1.4855E-08 6.05E-06 6.42E-06   0.067 1.0000 6.9990E-06    842.515
10801.00 0.92842430 7.0446E-28 0.0000E+00 0.0000E+00 1.4398E-08 1.4398E-08 0.0000E+00 0.0000E+00 1.4398E-08 5.84E-06 6.23E-06   0.074 1.0000 6.8221E-06    841.742
10811.00 0.90420699 1.3993E-27 0.0000E+00 0.0000E+00 1.4396E-08 1.4396E-08 0.0000E+00 0.0000E+00 1.4396E-08 5.78E-06 6.28E-06   0.101 1.0000 6.9842E-06    842.388
10821.00 0.91987854 7.3294E-28 0.0000E+00 0.0000E+00 1.4373E-08 1.4373E-08 0.0000E+00 0.0000E+00 1.4373E-08 5.78E-06 6.23E-06   0.084 1.0000 6.9254E-06    842.967
10831.00 0.92891902 5.2880E-28 0.0000E+00 0.0000E+00 1.4139E-08 1.4139E-08 0.0000E+00 0.0000E+00 1.4139E-08 5.70E-06 6.09E-06   0.074 1.0000 6.6572E-06    842.873
10841.00 0.93209231 5.2485E-28 0.0000E+00 0.0000E+00 1.4722E-08 1.4722E-08 0.0000E+00 0.0000E+00 1.4722E-08 5.94E-06 6.31E-06   0.070 1.0000 6.8867E-06    845.370
10851.00 0.92400217 7.2201E-28 0.0000E+00 0.0000E+00 1.4379E-08 1.4379E-08 0.0000E+00 0.0000E+00 1.4379E-08 5.78E-06 6.17E-06   0.079 1.0000 6.8426E-06    844.945
10861.00 0.94633412 2.2720E-28 0.0000E+00 0.0000E+00 1.5287E-08 1.5287E-08 0.0000E+00 0.0000E+00 1.5287E-08 6.17E-06 6.50E-06   0.055 1.0000 6.9906E-06    848.408
10871.00 0.93040597 5.1795E-28 0.0000E+00 0.0000E+00 1.4833E-08 1.4833E-08 0.0000E+00 0.0000E+00 1.4833E-08 5.96E-06 6.32E-06   0.072 1.0000 7.0910E-06    847.673
10881.00 0.91529423 9.0900E-28 0.0000E+00 0.0000E+00 1.4972E-08 1.4972E-08 0.0000E+00 0.0000E+00 1.4972E-08 5.97E-06 6.41E-06   0.089 1.0000 7.1322E-06    848.757
10891.00 0.86742789 1.9064E-27 0.0000E+00 0.0000E+00 1.3876E-08 1.3876E-08 0.0000E+00 0.0000E+00 1.3876E-08 5.43E-06 6.03E-06   0.142 1.0000 7.0869E-06    845.924
10901.00 0.87199610 1.7517E-27 0.0000E+00 0.0000E+00 1.3761E-08 1.3761E-08 0.0000E+00 0.0000E+00 1.3761E-08 5.38E-06 5.96E-06   0.137 1.0000 7.0299E-06    846.193
10911.00 0.90179598 1.0081E-27 0.0000E+00 0.0000E+00 1.4736E-08 1.4736E-08 0.0000E+00 0.0000E+00 1.4736E-08 5.80E-06 6.32E-06   0.103 1.0000 7.1167E-06    849.985
10921.00 0.82047939 3.1819E-27 0.0000E+00 0.0000E+00 1.3056E-08 1.3056E-08 0.0000E+00 0.0000E+00 1.3056E-08 5.02E-06 5.73E-06   0.198 1.0000 7.1418E-06    845.098
10931.00 0.91729563 5.1812E-28 0.0000E+00 0.0000E+00 1.4910E-08 1.4910E-08 0.0000E+00 0.0000E+00 1.4910E-08 5.88E-06 6.34E-06   0.086 1.0000 7.0585E-06    851.830
10941.00 0.83180541 2.7985E-27 0.0000E+00 0.0000E+00 1.3601E-08 1.3601E-08 0.0000E+00 0.0000E+00 1.3601E-08 5.24E-06 5.91E-06   0.184 1.0000 7.1797E-06    848.261
10951.00 0.84086490 2.3046E-27 0.0000E+00 0.0000E+00 1.3763E-08 1.3763E-08 0.0000E+00 0.0000E+00 1.3763E-08 5.28E-06 6.00E-06   0.173 1.0000 7.2169E-06    849.452
10961.00 0.86895615 1.9386E-27 0.0000E+00 0.0000E+00 1.4343E-08 1.4343E-08 0.0000E+00 0.0000E+00 1.4343E-08 5.56E-06 6.14E-06   0.140 1.0000 7.0517E-06    851.999
10971.00 0.89816284 9.5947E-28 0.0000E+00 0.0000E+00 1.4570E-08 1.4570E-08 0.0000E+00 0.0000E+00 1.4570E-08 5.68E-06 6.18E-06   0.107 1.0000 6.9688E-06    853.373
10981.00 0.86282521 1.6438E-27 0.0000E+00 0.0000E+00 1.4062E-08 1.4062E-08 0.0000E+00 0.0000E+00 1.4062E-08 5.43E-06 6.01E-06   0.148 1.0000 7.0849E-06    852.390
10991.00 0.86041683 1.5717E-27 0.0000E+00 0.0000E+00 1.3944E-08 1.3944E-08 0.0000E+00 0.0000E+00 1.3944E-08 5.35E-06 5.97E-06   0.150 1.0000 6.9574E-06    852.655
11001.00 0.86139423 1.9547E-27 0.0000E+00 0.0000E+00 1.3710E-08 1.3710E-08 0.0000E+00 0.0000E+00 1.3710E-08 5.29E-06 5.82E-06   0.149 1.0000 6.8715E-06    852.525
11011.00 0.83780408 1.9815E-27 0.0000E+00 0.0000E+00 1.3811E-08 1.3811E-08 0.0000E+00 0.0000E+00 1.3811E-08 5.26E-06 5.92E-06   0.177 1.0000 7.0129E-06    853.512
11021.00 0.83624983 2.3161E-27 0.0000E+00 0.0000E+00 1.4175E-08 1.4175E-08 0.0000E+00 0.0000E+00 1.4175E-08 5.40E-06 6.05E-06   0.179 1.0000 7.1591E-06    855.360
11031.00 0.88909698 7.4060E-28 0.0000E+00 0.0000E+00 1.4751E-08 1.4751E-08 0.0000E+00 0.0000E+00 1.4751E-08 5.68E-06 6.21E-06   0.118 1.0000 6.9952E-06    857.855
11041.00 0.91441345 5.9874E-28 0.0000E+00 0.0000E+00 1.5752E-08 1.5752E-08 0.0000E+00 0.0000E+00 1.5752E-08 6.11E-06 6.55E-06   0.089 1.0000 7.1647E-06    861.564
11051.00 0.92507529 3.0389E-28 0.0000E+00 0.0000E+00 1.6028E-08 1.6028E-08 0.0000E+00 0.0000E+00 1.6028E-08 6.22E-06 6.64E-06   0.078 1.0000 7.2125E-06    863.028
11061.00 0.93499464 1.9800E-28 0.0000E+00 0.0000E+00 1.6207E-08 1.6207E-08 0.0000E+00 0.0000E+00 1.6207E-08 6.30E-06 6.68E-06   0.067 1.0000 7.1991E-06    864.204
11071.00 0.88341999 1.1021E-27 0.0000E+00 0.0000E+00 1.5175E-08 1.5175E-08 0.0000E+00 0.0000E+00 1.5175E-08 5.80E-06 6.34E-06   0.124 1.0000 7.1309E-06    861.779
11081.00 0.83069777 2.1227E-27 0.0000E+00 0.0000E+00 1.3853E-08 1.3853E-08 0.0000E+00 0.0000E+00 1.3853E-08 5.21E-06 5.87E-06   0.185 1.0000 6.9276E-06    858.200
11091.00 0.85300076 1.1218E-27 0.0000E+00 0.0000E+00 1.3537E-08 1.3537E-08 0.0000E+00 0.0000E+00 1.3537E-08 5.11E-06 5.69E-06   0.159 1.0000 6.6409E-06    857.783
11101.00 0.84554988 1.0207E-27 0.0000E+00 0.0000E+00 1.3788E-08 1.3788E-08 0.0000E+00 0.0000E+00 1.3788E-08 5.19E-06 5.80E-06   0.168 1.0000 6.9341E-06    859.282
11111.00 0.86630392 1.1589E-27 0.0000E+00 0.0000E+00 1.4506E-08 1.4506E-08 0.0000E+00 0.0000E+00 1.4506E-08 5.51E-06 6.01E-06   0.144 1.0000 6.9855E-06    862.285
11121.00 0.80303931 1.5724E-27 0.0000E+00 0.0000E+00 1.3163E-08 1.3163E-08 0.0000E+00 0.0000E+00 1.3163E-08 4.89E-06 5.56E-06   0.219 1.0000 7.1540E-06    858.438
11131.00 0.88531679 6.4153E-28 0.0000E+00 0.0000E+00 1.5059E-08 1.5059E-08 0.0000E+00 0.0000E+00 1.5059E-08 5.72E-06 6.19E-06   0.122 1.0000 7.1521E-06    865.331
11141.00 0.90317011 2.8513E-28 0.0000E+00 0.0000E+00 1.5096E-08 1.5096E-08 0.0000E+00 0.0000E+00 1.5096E-08 5.74E-06 6.18E-06   0.102 1.0000 7.1081E-06    866.097
11151.00 0.90478230 2.3428E-28 0.0000E+00 0.0000E+00 1.4993E-08 1.4993E-08 0.0000E+00 0.0000E+00 1.4993E-08 5.70E-06 6.11E-06   0.100 1.0000 7.1052E-06    866.428
11161.00 0.93023962 1.1087E-28 0.0000E+00 0.0000E+00 1.6007E-08 1.6007E-08 0.0000E+00 0.0000E+00 1.6007E-08 6.12E-06 6.48E-06   0.072 1.0000 7.2334E-06    870.153
11171.00 0.94762611 5.3612E-29 0.0000E+00 0.0000E+00 1.5976E-08 1.5976E-08 0.0000E+00 0.0000E+00 1.5976E-08 6.12E-06 6.42E-06   0.054 1.0000 7.0471E-06    870.716
11181.00 0.95892924 2.3879E-29 0.0000E+00 0.0000E+00 1.6483E-08 1.6483E-08 0.0000E+00 0.0000E+00 1.6483E-08 6.33E-06 6.59E-06   0.042 1.0000 7.0589E-06    872.846
11191.00 0.95561522 2.9905E-29 0.0000E+00 0.0000E+00 1.6711E-08 1.6711E-08 0.0000E+00 0.0000E+00 1.6711E-08 6.39E-06 6.68E-06   0.045 1.0000 7.1368E-06    874.151
11201.00 0.95981425 2.3225E-29 0.0000E+00 0.0000E+00 1.6571E-08 1.6571E-08 0.0000E+00 0.0000E+00 1.6571E-08 6.34E-06 6.60E-06   0.041 1.0000 6.9786E-06    874.406
11211.00 0.95938736 2.1076E-29 0.0000E+00 0.0000E+00 1.6994E-08 1.6994E-08 0.0000E+00 0.0000E+00 1.6994E-08 6.49E-06 6.76E-06   0.041 1.0000 7.1244E-06    876.259
11221.00 0.96464199 1.3920E-29 0.0000E+00 0.0000E+00 1.7228E-08 1.7228E-08 0.0000E+00 0.0000E+00 1.7228E-08 6.58E-06 6.82E-06   0.036 1.0000 7.1611E-06    877.564
11231.00 0.96278447 1.4824E-29 0.0000E+00 0.0000E+00 1.7345E-08 1.7345E-08 0.0000E+00 0.0000E+00 1.7345E-08 6.61E-06 6.86E-06   0.038 1.0000 7.2119E-06    878.540
11241.00 0.96313936 1.3792E-29 0.0000E+00 0.0000E+00 1.7222E-08 1.7222E-08 0.0000E+00 0.0000E+00 1.7222E-08 6.55E-06 6.80E-06   0.038 1.0000 7.1417E-06    878.857
11251.00 0.96393669 1.2580E-29 0.0000E+00 0.0000E+00 1.7311E-08 1.7311E-08 0.0000E+00 0.0000E+00 1.7311E-08 6.58E-06 6.82E-06   0.037 1.0000 7.1598E-06    879.757
11261.00 0.96232641 1.3408E-29 0.0000E+00 0.0000E+00 1.7142E-08 1.7142E-08 0.0000E+00 0.0000E+00 1.7142E-08 6.50E-06 6.75E-06   0.038 1.0000 7.1006E-06    879.940
11271.00 0.96376938 1.1469E-29 0.0000E+00 0.0000E+00 1.6911E-08 1.6911E-08 0.0000E+00 0.0000E+00 1.6911E-08 6.40E-06 6.64E-06   0.037 1.0000 6.9712E-06    879.948
11281.00 0.96259600 1.1718E-29 0.0000E+00 0.0000E+00 1.6342E-08 1.6342E-08 0.0000E+00 0.0000E+00 1.6342E-08 6.17E-06 6.41E-06   0.038 1.0000 6.7401E-06    878.968
11291.00 0.96301961 1.0913E-29 0.0000E+00 0.0000E+00 1.7318E-08 1.7318E-08 0.0000E+00 0.0000E+00 1.7318E-08 6.53E-06 6.78E-06   0.038 1.0000 7.1282E-06    882.394
11301.00 0.96452171 9.4639E-30 0.0000E+00 0.0000E+00 1.7409E-08 1.7409E-08 0.0000E+00 0.0000E+00 1.7409E-08 6.56E-06 6.80E-06   0.036 1.0000 7.1331E-06    883.297
11311.00 0.96419716 9.1665E-30 0.0000E+00 0.0000E+00 1.7195E-08 1.7195E-08 0.0000E+00 0.0000E+00 1.7195E-08 6.47E-06 6.71E-06   0.036 1.0000 7.0365E-06    883.359
11321.00 0.96433234 8.6707E-30 0.0000E+00 0.0000E+00 1.7432E-08 1.7432E-08 0.0000E+00 0.0000E+00 1.7432E-08 6.55E-06 6.79E-06   0.036 1.0000 7.1226E-06    884.670
11331.00 0.96416509 8.3380E-30 0.0000E+00 0.0000E+00 1.7096E-08 1.7096E-08 0.0000E+00 0.0000E+00 1.7096E-08 6.41E-06 6.65E-06   0.036 1.0000 6.9746E-06    884.389
11341.00 0.96414798 7.9536E-30 0.0000E+00 0.0000E+00 1.7413E-08 1.7413E-08 0.0000E+00 0.0000E+00 1.7413E-08 6.52E-06 6.76E-06   0.037 1.0000 7.0920E-06    885.925
11351.00 0.96421438 7.5428E-30 0.0000E+00 0.0000E+00 1.6494E-08 1.6494E-08 0.0000E+00 0.0000E+00 1.6494E-08 6.16E-06 6.39E-06   0.036 1.0000 6.7048E-06    883.976
11361.00 0.96420896 7.1862E-30 0.0000E+00 0.0000E+00 1.7468E-08 1.7468E-08 0.0000E+00 0.0000E+00 1.7468E-08 6.51E-06 6.76E-06   0.036 1.0000 7.0885E-06    887.384
11371.00 0.96437770 6.7739E-30 0.0000E+00 0.0000E+00 1.7273E-08 1.7273E-08 0.0000E+00 0.0000E+00 1.7273E-08 6.43E-06 6.67E-06   0.036 1.0000 6.9944E-06    887.497
11381.00 0.96428156 6.4860E-30 0.0000E+00 0.0000E+00 1.7710E-08 1.7710E-08 0.0000E+00 0.0000E+00 1.7710E-08 6.58E-06 6.83E-06   0.036 1.0000 7.1623E-06    889.357
11391.00 0.96426678 6.1820E-30 0.0000E+00 0.0000E+00 1.7592E-08 1.7592E-08 0.0000E+00 0.0000E+00 1.7592E-08 6.53E-06 6.77E-06   0.036 1.0000 7.1013E-06    889.687
11401.00 0.96421504 5.9041E-30 0.0000E+00 0.0000E+00 1.7666E-08 1.7666E-08 0.0000E+00 0.0000E+00 1.7666E-08 6.54E-06 6.79E-06   0.036 1.0000 7.1195E-06    890.544
11411.00 0.96415347 5.6418E-30 0.0000E+00 0.0000E+00 1.7620E-08 1.7620E-08 0.0000E+00 0.0000E+00 1.7620E-08 6.51E-06 6.76E-06   0.037 1.0000 7.0904E-06    891.073
11421.00 0.96413469 5.3784E-30 0.0000E+00 0.0000E+00 1.7123E-08 1.7123E-08 0.0000E+00 0.0000E+00 1.7123E-08 6.32E-06 6.56E-06   0.037 1.0000 6.8786E-06    890.345
11431.00 0.96406853 5.1408E-30 0.0000E+00 0.0000E+00 1.7426E-08 1.7426E-08 0.0000E+00 0.0000E+00 1.7426E-08 6.42E-06 6.66E-06   0.037 1.0000 6.9893E-06    891.845
11441.00 0.96399975 4.9144E-30 0.0000E+00 0.0000E+00 1.7551E-08 1.7551E-08 0.0000E+00 0.0000E+00 1.7551E-08 6.46E-06 6.70E-06   0.037 1.0000 7.0284E-06    892.843
11451.00 0.96396834 4.6881E-30 0.0000E+00 0.0000E+00 1.7724E-08 1.7724E-08 0.0000E+00 0.0000E+00 1.7724E-08 6.51E-06 6.75E-06   0.037 1.0000 7.0859E-06    893.972
11461.00 0.96391302 4.4782E-30 0.0000E+00 0.0000E+00 1.7953E-08 1.7953E-08 0.0000E+00 0.0000E+00 1.7953E-08 6.58E-06 6.83E-06   0.037 1.0000 7.1660E-06    895.248
11471.00 0.96385962 4.2772E-30 0.0000E+00 0.0000E+00 1.7680E-08 1.7680E-08 0.0000E+00 0.0000E+00 1.7680E-08 6.47E-06 6.71E-06   0.037 1.0000 7.0465E-06    895.159
11481.00 0.96378672 4.0898E-30 0.0000E+00 0.0000E+00 1.7812E-08 1.7812E-08 0.0000E+00 0.0000E+00 1.7812E-08 6.51E-06 6.75E-06   0.037 1.0000 7.0883E-06    896.173
11491.00 0.96374422 3.9037E-30 0.0000E+00 0.0000E+00 1.7822E-08 1.7822E-08 0.0000E+00 0.0000E+00 1.7822E-08 6.50E-06 6.74E-06   0.037 1.0000 7.0811E-06    896.856
11501.00 0.96368468 3.7297E-30 0.0000E+00 0.0000E+00 1.7419E-08 1.7419E-08 0.0000E+00 0.0000E+00 1.7419E-08 6.34E-06 6.58E-06   0.037 1.0000 6.9103E-06    896.395
11511.00 0.96363479 3.5616E-30 0.0000E+00 0.0000E+00 1.7337E-08 1.7337E-08 0.0000E+00 0.0000E+00 1.7337E-08 6.30E-06 6.54E-06   0.037 1.0000 6.8667E-06    896.819
11521.00 0.96358210 3.4015E-30 0.0000E+00 0.0000E+00 1.7428E-08 1.7428E-08 0.0000E+00 0.0000E+00 1.7428E-08 6.32E-06 6.56E-06   0.037 1.0000 6.8922E-06    897.725
11531.00 0.96352410 3.2495E-30 0.0000E+00 0.0000E+00 1.6803E-08 1.6803E-08 0.0000E+00 0.0000E+00 1.6803E-08 6.09E-06 6.32E-06   0.037 1.0000 6.6351E-06    896.605
11541.00 0.96346366 3.1047E-30 0.0000E+00 0.0000E+00 1.3385E-08 1.3385E-08 0.0000E+00 0.0000E+00 1.3385E-08 4.84E-06 5.02E-06   0.037 1.0000 5.2774E-06    886.364
11551.00 0.96339911 2.9671E-30 0.0000E+00 0.0000E+00 1.7045E-08 1.7045E-08 0.0000E+00 0.0000E+00 1.7045E-08 6.15E-06 6.39E-06   0.037 1.0000 6.7102E-06    898.603
11561.00 0.96333182 2.8359E-30 0.0000E+00 0.0000E+00 1.7931E-08 1.7931E-08 0.0000E+00 0.0000E+00 1.7931E-08 6.46E-06 6.71E-06   0.037 1.0000 7.0485E-06    901.725
11571.00 0.96328652 2.7072E-30 0.0000E+00 0.0000E+00 1.8288E-08 1.8288E-08 0.0000E+00 0.0000E+00 1.8288E-08 6.58E-06 6.83E-06   0.037 1.0000 7.1778E-06    903.343
11581.00 0.96321124 2.5886E-30 0.0000E+00 0.0000E+00 1.8196E-08 1.8196E-08 0.0000E+00 0.0000E+00 1.8196E-08 6.53E-06 6.78E-06   0.037 1.0000 7.1315E-06    903.749
11591.00 0.96310449 2.4796E-30 0.0000E+00 0.0000E+00 1.8225E-08 1.8225E-08 0.0000E+00 0.0000E+00 1.8225E-08 6.53E-06 6.78E-06   0.038 1.0000 7.1338E-06    904.482
11601.00 0.96308994 2.3631E-30 0.0000E+00 0.0000E+00 1.7958E-08 1.7958E-08 0.0000E+00 0.0000E+00 1.7958E-08 6.43E-06 6.67E-06   0.038 1.0000 7.0173E-06    904.411
11611.00 0.96297491 2.2643E-30 0.0000E+00 0.0000E+00 1.7956E-08 1.7956E-08 0.0000E+00 0.0000E+00 1.7956E-08 6.41E-06 6.66E-06   0.038 1.0000 7.0074E-06    905.058
11621.00 0.96290535 2.1645E-30 0.0000E+00 0.0000E+00 1.8161E-08 1.8161E-08 0.0000E+00 0.0000E+00 1.8161E-08 6.48E-06 6.73E-06   0.038 1.0000 7.0763E-06    906.269
11631.00 0.96274394 2.0791E-30 0.0000E+00 0.0000E+00 1.8055E-08 1.8055E-08 0.0000E+00 0.0000E+00 1.8055E-08 6.43E-06 6.68E-06   0.038 1.0000 7.0263E-06    906.632
11641.00 0.96252978 2.0036E-30 0.0000E+00 0.0000E+00 1.8048E-08 1.8048E-08 0.0000E+00 0.0000E+00 1.8048E-08 6.41E-06 6.66E-06   0.038 1.0000 7.0154E-06    907.266
11651.00 0.96250522 1.9101E-30 0.0000E+00 0.0000E+00 1.8079E-08 1.8079E-08 0.0000E+00 0.0000E+00 1.8079E-08 6.41E-06 6.66E-06   0.038 1.0000 7.0154E-06    908.005
11661.00 0.96206021 1.8574E-30 0.0000E+00 0.0000E+00 1.8408E-08 1.8408E-08 0.0000E+00 0.0000E+00 1.8408E-08 6.52E-06 6.77E-06   0.039 1.0000 7.1406E-06    909.544
11671.00 0.96218467 1.7571E-30 0.0000E+00 0.0000E+00 1.8481E-08 1.8481E-08 0.0000E+00 0.0000E+00 1.8481E-08 6.53E-06 6.79E-06   0.039 1.0000 7.1519E-06    910.393
11681.00 0.96180564 1.7089E-30 0.0000E+00 0.0000E+00 1.8192E-08 1.8192E-08 0.0000E+00 0.0000E+00 1.8192E-08 6.42E-06 6.67E-06   0.039 1.0000 7.0342E-06    910.268
11691.00 0.96155423 1.6455E-30 0.0000E+00 0.0000E+00 1.7644E-08 1.7644E-08 0.0000E+00 0.0000E+00 1.7644E-08 6.21E-06 6.46E-06   0.039 1.0000 6.8153E-06    909.416
11701.00 0.96127230 1.5963E-30 0.0000E+00 0.0000E+00 1.3233E-08 1.3233E-08 0.0000E+00 0.0000E+00 1.3233E-08 4.65E-06 4.84E-06   0.039 1.0000 5.1054E-06    896.130
11711.00 0.96044803 1.5903E-30 0.0000E+00 0.0000E+00 1.5815E-08 1.5815E-08 0.0000E+00 0.0000E+00 1.5815E-08 5.55E-06 5.78E-06   0.040 1.0000 6.0975E-06    905.363
11721.00 0.96103853 1.4706E-30 0.0000E+00 0.0000E+00 1.8047E-08 1.8047E-08 0.0000E+00 0.0000E+00 1.8047E-08 6.32E-06 6.58E-06   0.040 1.0000 6.9393E-06    912.485
11731.00 0.96010989 1.4730E-30 0.0000E+00 0.0000E+00 1.8334E-08 1.8334E-08 0.0000E+00 0.0000E+00 1.8334E-08 6.41E-06 6.68E-06   0.041 1.0000 7.0489E-06    913.915
11741.00 0.95817703 1.5635E-30 0.0000E+00 0.0000E+00 1.7784E-08 1.7784E-08 0.0000E+00 0.0000E+00 1.7784E-08 6.20E-06 6.47E-06   0.043 1.0000 6.8430E-06    913.062
11751.00 0.95920163 1.4153E-30 0.0000E+00 0.0000E+00 1.8461E-08 1.8461E-08 0.0000E+00 0.0000E+00 1.8461E-08 6.43E-06 6.70E-06   0.042 1.0000 7.0799E-06    915.563
11761.00 0.96060622 1.2351E-30 0.0000E+00 0.0000E+00 1.6405E-08 1.6405E-08 0.0000E+00 0.0000E+00 1.6405E-08 5.71E-06 5.94E-06   0.040 1.0000 6.2711E-06    910.396
11771.00 0.95975912 1.2348E-30 0.0000E+00 0.0000E+00 1.7610E-08 1.7610E-08 0.0000E+00 0.0000E+00 1.7610E-08 6.11E-06 6.37E-06   0.041 1.0000 6.7248E-06    914.532
11781.00 0.95916671 1.2226E-30 0.0000E+00 0.0000E+00 1.8719E-08 1.8719E-08 0.0000E+00 0.0000E+00 1.8719E-08 6.49E-06 6.76E-06   0.042 1.0000 7.1404E-06    918.210
11791.00 0.95926708 1.1497E-30 0.0000E+00 0.0000E+00 1.8735E-08 1.8735E-08 0.0000E+00 0.0000E+00 1.8735E-08 6.48E-06 6.76E-06   0.042 1.0000 7.1364E-06    918.905
11801.00 0.96095914 9.9872E-31 0.0000E+00 0.0000E+00 1.8389E-08 1.8389E-08 0.0000E+00 0.0000E+00 1.8389E-08 6.36E-06 6.62E-06   0.040 1.0000 6.9763E-06    918.630
11811.00 0.96002543 1.0013E-30 0.0000E+00 0.0000E+00 1.8458E-08 1.8458E-08 0.0000E+00 0.0000E+00 1.8458E-08 6.37E-06 6.63E-06   0.041 1.0000 7.0000E-06    919.468
11821.00 0.95933074 1.0025E-30 0.0000E+00 0.0000E+00 1.8774E-08 1.8774E-08 0.0000E+00 0.0000E+00 1.8774E-08 6.46E-06 6.74E-06   0.042 1.0000 7.1140E-06    920.967
11831.00 0.95946878 9.2258E-31 0.0000E+00 0.0000E+00 1.8773E-08 1.8773E-08 0.0000E+00 0.0000E+00 1.8773E-08 6.45E-06 6.73E-06   0.041 1.0000 7.1007E-06    921.615
11841.00 0.95785600 9.5612E-31 0.0000E+00 0.0000E+00 1.8552E-08 1.8552E-08 0.0000E+00 0.0000E+00 1.8552E-08 6.36E-06 6.64E-06   0.043 1.0000 7.0230E-06    921.677
11851.00 0.95503861 1.0939E-30 0.0000E+00 0.0000E+00 1.8297E-08 1.8297E-08 0.0000E+00 0.0000E+00 1.8297E-08 6.26E-06 6.55E-06   0.046 1.0000 6.9407E-06    921.641
11861.00 0.95679158 9.4284E-31 0.0000E+00 0.0000E+00 1.8735E-08 1.8735E-08 0.0000E+00 0.0000E+00 1.8735E-08 6.40E-06 6.69E-06   0.044 1.0000 7.0767E-06    923.472
11871.00 0.95803827 8.2991E-31 0.0000E+00 0.0000E+00 1.8641E-08 1.8641E-08 0.0000E+00 0.0000E+00 1.8641E-08 6.36E-06 6.64E-06   0.043 1.0000 7.0212E-06    923.872
11881.00 0.95439863 9.8290E-31 0.0000E+00 0.0000E+00 1.8739E-08 1.8739E-08 0.0000E+00 0.0000E+00 1.8739E-08 6.37E-06 6.67E-06   0.047 1.0000 7.0855E-06    924.786
11891.00 0.95466250 9.0438E-31 0.0000E+00 0.0000E+00 1.8895E-08 1.8895E-08 0.0000E+00 0.0000E+00 1.8895E-08 6.42E-06 6.72E-06   0.046 1.0000 7.1453E-06    925.854
11901.00 0.95740515 7.3739E-31 0.0000E+00 0.0000E+00 1.8868E-08 1.8868E-08 0.0000E+00 0.0000E+00 1.8868E-08 6.40E-06 6.69E-06   0.044 1.0000 7.0928E-06    926.435
11911.00 0.95734221 6.9524E-31 0.0000E+00 0.0000E+00 1.8805E-08 1.8805E-08 0.0000E+00 0.0000E+00 1.8805E-08 6.37E-06 6.66E-06   0.044 1.0000 7.0600E-06    926.920
11921.00 0.95491672 7.5159E-31 0.0000E+00 0.0000E+00 1.8195E-08 1.8195E-08 0.0000E+00 0.0000E+00 1.8195E-08 6.15E-06 6.44E-06   0.046 1.0000 6.8519E-06    925.919
11931.00 0.95724106 6.4021E-31 0.0000E+00 0.0000E+00 1.8879E-08 1.8879E-08 0.0000E+00 0.0000E+00 1.8879E-08 6.38E-06 6.66E-06   0.044 1.0000 7.0928E-06    928.419
11941.00 0.95615661 6.4472E-31 0.0000E+00 0.0000E+00 1.8969E-08 1.8969E-08 0.0000E+00 0.0000E+00 1.8969E-08 6.39E-06 6.68E-06   0.045 1.0000 7.1401E-06    929.310
11951.00 0.95622379 6.1701E-31 0.0000E+00 0.0000E+00 1.8739E-08 1.8739E-08 0.0000E+00 0.0000E+00 1.8739E-08 6.31E-06 6.59E-06   0.045 1.0000 7.0443E-06    929.351
11961.00 0.95462370 6.2177E-31 0.0000E+00 0.0000E+00 1.8809E-08 1.8809E-08 0.0000E+00 0.0000E+00 1.8809E-08 6.32E-06 6.61E-06   0.046 1.0000 7.1078E-06    930.190
11971.00 0.95543325 5.7042E-31 0.0000E+00 0.0000E+00 1.8848E-08 1.8848E-08 0.0000E+00 0.0000E+00 1.8848E-08 6.32E-06 6.61E-06   0.046 1.0000 7.0906E-06    930.943
11981.00 0.95423502 5.9030E-31 0.0000E+00 0.0000E+00 1.8566E-08 1.8566E-08 0.0000E+00 0.0000E+00 1.8566E-08 6.21E-06 6.50E-06   0.047 1.0000 6.9668E-06    930.837
11991.00 0.94804150 7.5722E-31 0.0000E+00 0.0000E+00 1.8316E-08 1.8316E-08 0.0000E+00 0.0000E+00 1.8316E-08 6.11E-06 6.42E-06   0.053 1.0000 6.9804E-06    930.807
12001.00 0.94722170 7.7145E-31 0.0000E+00 0.0000E+00 1.8077E-08 1.8077E-08 0.0000E+00 0.0000E+00 1.8077E-08 6.01E-06 6.33E-06   0.054 1.0000 6.8879E-06    930.799
12011.00 0.93203938 2.5305E-30 0.0000E+00 0.0000E+00 1.8062E-08 1.8062E-08 0.0000E+00 0.0000E+00 1.8062E-08 5.98E-06 6.33E-06   0.070 1.0000 6.9934E-06    931.408
12021.00 0.92702514 2.1255E-30 0.0000E+00 0.0000E+00 1.8084E-08 1.8084E-08 0.0000E+00 0.0000E+00 1.8084E-08 5.97E-06 6.34E-06   0.076 1.0000 7.0695E-06    932.117
12031.00 0.94075102 1.1025E-30 0.0000E+00 0.0000E+00 1.8311E-08 1.8311E-08 0.0000E+00 0.0000E+00 1.8311E-08 6.05E-06 6.39E-06   0.061 1.0000 6.9475E-06    933.396
12041.00 0.92073381 2.2443E-30 0.0000E+00 0.0000E+00 1.8091E-08 1.8091E-08 0.0000E+00 0.0000E+00 1.8091E-08 5.94E-06 6.33E-06   0.083 1.0000 7.0298E-06    933.437
12051.00 0.92193878 2.6091E-30 0.0000E+00 0.0000E+00 1.8136E-08 1.8136E-08 0.0000E+00 0.0000E+00 1.8136E-08 5.94E-06 6.34E-06   0.081 1.0000 7.0419E-06    934.211
12061.00 0.90138143 3.8257E-30 0.0000E+00 0.0000E+00 1.7924E-08 1.7924E-08 0.0000E+00 0.0000E+00 1.7924E-08 5.83E-06 6.30E-06   0.104 1.0000 7.1140E-06    934.269
12071.00 0.89448929 5.1672E-30 0.0000E+00 0.0000E+00 1.8054E-08 1.8054E-08 0.0000E+00 0.0000E+00 1.8054E-08 5.86E-06 6.34E-06   0.112 1.0000 7.1599E-06    935.284
12081.00 0.87369215 6.0151E-30 0.0000E+00 0.0000E+00 1.7520E-08 1.7520E-08 0.0000E+00 0.0000E+00 1.7520E-08 5.63E-06 6.20E-06   0.135 1.0000 7.1226E-06    934.423
12091.00 0.93253118 1.4584E-30 0.0000E+00 0.0000E+00 1.8990E-08 1.8990E-08 0.0000E+00 0.0000E+00 1.8990E-08 6.20E-06 6.58E-06   0.070 1.0000 7.1353E-06    939.137
12101.00 0.90850228 2.7299E-30 0.0000E+00 0.0000E+00 1.8479E-08 1.8479E-08 0.0000E+00 0.0000E+00 1.8479E-08 5.97E-06 6.46E-06   0.096 1.0000 7.1283E-06    938.406
12111.00 0.90521961 3.1809E-30 0.0000E+00 0.0000E+00 1.8316E-08 1.8316E-08 0.0000E+00 0.0000E+00 1.8316E-08 5.91E-06 6.39E-06   0.100 1.0000 7.0848E-06    938.608
12121.00 0.93645132 1.1477E-30 0.0000E+00 0.0000E+00 1.8868E-08 1.8868E-08 0.0000E+00 0.0000E+00 1.8868E-08 6.14E-06 6.50E-06   0.066 1.0000 7.0243E-06    940.763
12131.00 0.91815215 1.7463E-30 0.0000E+00 0.0000E+00 1.8525E-08 1.8525E-08 0.0000E+00 0.0000E+00 1.8525E-08 5.97E-06 6.42E-06   0.085 1.0000 7.0679E-06    940.484
12141.00 0.88078082 4.2328E-30 0.0000E+00 0.0000E+00 1.7155E-08 1.7155E-08 0.0000E+00 0.0000E+00 1.7155E-08 5.48E-06 5.98E-06   0.127 1.0000 6.9714E-06    937.254
12151.00 0.78275549 1.2045E-29 0.0000E+00 0.0000E+00 1.4954E-08 1.4954E-08 0.0000E+00 0.0000E+00 1.4954E-08 4.63E-06 5.38E-06   0.245 1.0000 7.0361E-06    931.044
12161.00 0.90151483 2.4323E-30 0.0000E+00 0.0000E+00 1.7800E-08 1.7800E-08 0.0000E+00 0.0000E+00 1.7800E-08 5.68E-06 6.18E-06   0.104 1.0000 6.9045E-06    940.410
12171.00 0.91947168 1.4004E-30 0.0000E+00 0.0000E+00 1.8430E-08 1.8430E-08 0.0000E+00 0.0000E+00 1.8430E-08 5.90E-06 6.35E-06   0.084 1.0000 6.9343E-06    942.822
12181.00 0.94058675 5.4400E-31 0.0000E+00 0.0000E+00 1.8980E-08 1.8980E-08 0.0000E+00 0.0000E+00 1.8980E-08 6.11E-06 6.48E-06   0.061 1.0000 6.9604E-06    944.966
12191.00 0.87110984 4.2355E-30 0.0000E+00 0.0000E+00 1.7382E-08 1.7382E-08 0.0000E+00 0.0000E+00 1.7382E-08 5.47E-06 6.07E-06   0.138 1.0000 6.9001E-06    941.155
12201.00 0.86380464 5.8233E-30 0.0000E+00 0.0000E+00 1.7058E-08 1.7058E-08 0.0000E+00 0.0000E+00 1.7058E-08 5.37E-06 5.94E-06   0.146 1.0000 6.8274E-06    940.853
12211.00 0.86725008 4.5162E-30 0.0000E+00 0.0000E+00 1.7450E-08 1.7450E-08 0.0000E+00 0.0000E+00 1.7450E-08 5.48E-06 6.06E-06   0.142 1.0000 6.9594E-06    942.649
12221.00 0.84062952 4.6679E-30 0.0000E+00 0.0000E+00 1.6708E-08 1.6708E-08 0.0000E+00 0.0000E+00 1.6708E-08 5.18E-06 5.86E-06   0.174 1.0000 6.9415E-06    941.103
12231.00 0.87639290 3.3808E-30 0.0000E+00 0.0000E+00 1.7950E-08 1.7950E-08 0.0000E+00 0.0000E+00 1.7950E-08 5.64E-06 6.19E-06   0.132 1.0000 7.1216E-06    945.376
12241.00 0.85976094 3.6848E-30 0.0000E+00 0.0000E+00 1.7301E-08 1.7301E-08 0.0000E+00 0.0000E+00 1.7301E-08 5.40E-06 5.98E-06   0.151 1.0000 7.0928E-06    944.158
12251.00 0.86669254 3.2184E-30 0.0000E+00 0.0000E+00 1.7402E-08 1.7402E-08 0.0000E+00 0.0000E+00 1.7402E-08 5.45E-06 5.98E-06   0.143 1.0000 7.0794E-06    945.099
12261.00 0.89459664 1.1629E-30 0.0000E+00 0.0000E+00 1.7943E-08 1.7943E-08 0.0000E+00 0.0000E+00 1.7943E-08 5.63E-06 6.13E-06   0.111 1.0000 7.0894E-06    947.301
12271.00 0.91060454 7.0468E-31 0.0000E+00 0.0000E+00 1.8215E-08 1.8215E-08 0.0000E+00 0.0000E+00 1.8215E-08 5.72E-06 6.19E-06   0.094 1.0000 7.0956E-06    948.716
12281.00 0.92969722 3.9665E-31 0.0000E+00 0.0000E+00 1.8838E-08 1.8838E-08 0.0000E+00 0.0000E+00 1.8838E-08 5.96E-06 6.34E-06   0.073 1.0000 7.1191E-06    951.082
12291.00 0.92541432 4.6197E-31 0.0000E+00 0.0000E+00 1.8761E-08 1.8761E-08 0.0000E+00 0.0000E+00 1.8761E-08 5.90E-06 6.32E-06   0.078 1.0000 7.1358E-06    951.522
12301.00 0.94891220 1.5710E-31 0.0000E+00 0.0000E+00 1.9594E-08 1.9594E-08 0.0000E+00 0.0000E+00 1.9594E-08 6.21E-06 6.53E-06   0.052 1.0000 7.1019E-06    954.401
12311.00 0.94825560 1.4962E-31 0.0000E+00 0.0000E+00 1.9700E-08 1.9700E-08 0.0000E+00 0.0000E+00 1.9700E-08 6.23E-06 6.56E-06   0.053 1.0000 7.1036E-06    955.329
12321.00 0.94788295 1.4580E-31 0.0000E+00 0.0000E+00 1.9708E-08 1.9708E-08 0.0000E+00 0.0000E+00 1.9708E-08 6.22E-06 6.56E-06   0.054 1.0000 7.0841E-06    956.001
12331.00 0.95290869 1.0954E-31 0.0000E+00 0.0000E+00 1.9960E-08 1.9960E-08 0.0000E+00 0.0000E+00 1.9960E-08 6.30E-06 6.61E-06   0.048 1.0000 7.1024E-06    957.307
12341.00 0.95326018 1.0179E-31 0.0000E+00 0.0000E+00 1.9820E-08 1.9820E-08 0.0000E+00 0.0000E+00 1.9820E-08 6.25E-06 6.56E-06   0.048 1.0000 7.0116E-06    957.594
12351.00 0.94833416 1.2407E-31 0.0000E+00 0.0000E+00 1.9527E-08 1.9527E-08 0.0000E+00 0.0000E+00 1.9527E-08 6.13E-06 6.46E-06   0.053 1.0000 6.9247E-06    957.476
12361.00 0.95260561 9.6336E-32 0.0000E+00 0.0000E+00 1.9820E-08 1.9820E-08 0.0000E+00 0.0000E+00 1.9820E-08 6.23E-06 6.54E-06   0.049 1.0000 6.9793E-06    958.894
12371.00 0.95319861 8.8392E-32 0.0000E+00 0.0000E+00 2.0001E-08 2.0001E-08 0.0000E+00 0.0000E+00 2.0001E-08 6.28E-06 6.58E-06   0.048 1.0000 7.0253E-06    960.017
12381.00 0.95476288 7.9944E-32 0.0000E+00 0.0000E+00 2.0116E-08 2.0116E-08 0.0000E+00 0.0000E+00 2.0116E-08 6.31E-06 6.61E-06   0.046 1.0000 7.0369E-06    960.963
12391.00 0.95411152 7.9838E-32 0.0000E+00 0.0000E+00 2.0266E-08 2.0266E-08 0.0000E+00 0.0000E+00 2.0266E-08 6.34E-06 6.65E-06   0.047 1.0000 7.0840E-06    962.000
12401.00 0.95609027 6.6530E-32 0.0000E+00 0.0000E+00 2.0495E-08 2.0495E-08 0.0000E+00 0.0000E+00 2.0495E-08 6.41E-06 6.70E-06   0.045 1.0000 7.1455E-06    963.234
12411.00 0.95632291 6.2313E-32 0.0000E+00 0.0000E+00 2.0395E-08 2.0395E-08 0.0000E+00 0.0000E+00 2.0395E-08 6.37E-06 6.66E-06   0.045 1.0000 7.0929E-06    963.629
12421.00 0.95313871 7.2211E-32 0.0000E+00 0.0000E+00 1.9766E-08 1.9766E-08 0.0000E+00 0.0000E+00 1.9766E-08 6.15E-06 6.45E-06   0.048 1.0000 6.8849E-06    962.654
12431.00 0.94885731 8.2472E-32 0.0000E+00 0.0000E+00 2.0112E-08 2.0112E-08 0.0000E+00 0.0000E+00 2.0112E-08 6.24E-06 6.57E-06   0.052 1.0000 7.0471E-06    964.204
12441.00 0.94770902 8.2191E-32 0.0000E+00 0.0000E+00 2.0238E-08 2.0238E-08 0.0000E+00 0.0000E+00 2.0238E-08 6.26E-06 6.61E-06   0.054 1.0000 7.0810E-06    965.180
12451.00 0.94916773 7.2567E-32 0.0000E+00 0.0000E+00 2.0024E-08 2.0024E-08 0.0000E+00 0.0000E+00 2.0024E-08 6.19E-06 6.52E-06   0.052 1.0000 6.9937E-06    965.278
12461.00 0.94511050 8.1009E-32 0.0000E+00 0.0000E+00 2.0211E-08 2.0211E-08 0.0000E+00 0.0000E+00 2.0211E-08 6.23E-06 6.59E-06   0.056 1.0000 7.0759E-06    966.410
12471.00 0.94933748 6.6091E-32 0.0000E+00 0.0000E+00 2.0450E-08 2.0450E-08 0.0000E+00 0.0000E+00 2.0450E-08 6.30E-06 6.64E-06   0.052 1.0000 7.1120E-06    967.674
12481.00 0.94445533 8.3209E-32 0.0000E+00 0.0000E+00 2.0329E-08 2.0329E-08 0.0000E+00 0.0000E+00 2.0329E-08 6.24E-06 6.60E-06   0.057 1.0000 7.1032E-06    968.015
12491.00 0.94589591 7.6112E-32 0.0000E+00 0.0000E+00 2.0236E-08 2.0236E-08 0.0000E+00 0.0000E+00 2.0236E-08 6.21E-06 6.56E-06   0.056 1.0000 7.0410E-06    968.425
12501.00 0.94648296 6.9833E-32 0.0000E+00 0.0000E+00 2.0059E-08 2.0059E-08 0.0000E+00 0.0000E+00 2.0059E-08 6.15E-06 6.49E-06   0.055 1.0000 6.9583E-06    968.616
12511.00 0.95219004 4.6752E-32 0.0000E+00 0.0000E+00 2.0693E-08 2.0693E-08 0.0000E+00 0.0000E+00 2.0693E-08 6.35E-06 6.67E-06   0.049 1.0000 7.1163E-06    970.893
12521.00 0.94775367 5.7647E-32 0.0000E+00 0.0000E+00 2.0603E-08 2.0603E-08 0.0000E+00 0.0000E+00 2.0603E-08 6.30E-06 6.64E-06   0.054 1.0000 7.1113E-06    971.314
12531.00 0.95403332 3.8544E-32 0.0000E+00 0.0000E+00 2.0736E-08 2.0736E-08 0.0000E+00 0.0000E+00 2.0736E-08 6.35E-06 6.65E-06   0.047 1.0000 7.0974E-06    972.302
12541.00 0.94816357 5.1379E-32 0.0000E+00 0.0000E+00 2.0604E-08 2.0604E-08 0.0000E+00 0.0000E+00 2.0604E-08 6.28E-06 6.62E-06   0.053 1.0000 7.0882E-06    972.619
12551.00 0.94417930 5.5432E-32 0.0000E+00 0.0000E+00 2.0508E-08 2.0508E-08 0.0000E+00 0.0000E+00 2.0508E-08 6.23E-06 6.59E-06   0.057 1.0000 7.0994E-06    973.023
12561.00 0.93641150 7.4657E-32 0.0000E+00 0.0000E+00 2.0230E-08 2.0230E-08 0.0000E+00 0.0000E+00 2.0230E-08 6.11E-06 6.51E-06   0.066 1.0000 7.0428E-06    972.959
12571.00 0.95103920 3.7357E-32 0.0000E+00 0.0000E+00 2.0695E-08 2.0695E-08 0.0000E+00 0.0000E+00 2.0695E-08 6.29E-06 6.61E-06   0.050 1.0000 7.0580E-06    974.800
12581.00 0.95255655 3.2844E-32 0.0000E+00 0.0000E+00 2.0045E-08 2.0045E-08 0.0000E+00 0.0000E+00 2.0045E-08 6.08E-06 6.38E-06   0.049 1.0000 6.8119E-06    973.775
12591.00 0.95451701 2.8179E-32 0.0000E+00 0.0000E+00 2.0196E-08 2.0196E-08 0.0000E+00 0.0000E+00 2.0196E-08 6.12E-06 6.42E-06   0.047 1.0000 6.8345E-06    974.818
12601.00 0.95172125 3.3155E-32 0.0000E+00 0.0000E+00 2.0150E-08 2.0150E-08 0.0000E+00 0.0000E+00 2.0150E-08 6.09E-06 6.40E-06   0.049 1.0000 6.8321E-06    975.347
12611.00 0.94138688 5.4771E-32 0.0000E+00 0.0000E+00 2.0469E-08 2.0469E-08 0.0000E+00 0.0000E+00 2.0469E-08 6.15E-06 6.52E-06   0.060 1.0000 7.0130E-06    976.823
12621.00 0.94138211 5.0521E-32 0.0000E+00 0.0000E+00 2.0490E-08 2.0490E-08 0.0000E+00 0.0000E+00 2.0490E-08 6.15E-06 6.52E-06   0.060 1.0000 7.0117E-06    977.525
12631.00 0.94661021 3.4797E-32 0.0000E+00 0.0000E+00 2.0328E-08 2.0328E-08 0.0000E+00 0.0000E+00 2.0328E-08 6.10E-06 6.44E-06   0.055 1.0000 6.9099E-06    977.756
12641.00 0.94233567 4.1496E-32 0.0000E+00 0.0000E+00 2.0636E-08 2.0636E-08 0.0000E+00 0.0000E+00 2.0636E-08 6.17E-06 6.54E-06   0.059 1.0000 7.0438E-06    979.199
12651.00 0.94565755 3.3745E-32 0.0000E+00 0.0000E+00 2.0863E-08 2.0863E-08 0.0000E+00 0.0000E+00 2.0863E-08 6.24E-06 6.59E-06   0.056 1.0000 7.0958E-06    980.425
12661.00 0.94176877 3.6798E-32 0.0000E+00 0.0000E+00 2.0737E-08 2.0737E-08 0.0000E+00 0.0000E+00 2.0737E-08 6.18E-06 6.56E-06   0.060 1.0000 7.0839E-06    980.755
12671.00 0.94871950 2.4854E-32 0.0000E+00 0.0000E+00 2.1034E-08 2.1034E-08 0.0000E+00 0.0000E+00 2.1034E-08 6.28E-06 6.62E-06   0.053 1.0000 7.1204E-06    982.155
12681.00 0.95301586 1.9393E-32 0.0000E+00 0.0000E+00 2.1113E-08 2.1113E-08 0.0000E+00 0.0000E+00 2.1113E-08 6.31E-06 6.62E-06   0.048 1.0000 7.0842E-06    983.004
12691.00 0.95310628 1.8363E-32 0.0000E+00 0.0000E+00 2.1019E-08 2.1019E-08 0.0000E+00 0.0000E+00 2.1019E-08 6.27E-06 6.58E-06   0.048 1.0000 7.0488E-06    983.418
12701.00 0.95450658 1.6181E-32 0.0000E+00 0.0000E+00 2.1251E-08 2.1251E-08 0.0000E+00 0.0000E+00 2.1251E-08 6.33E-06 6.64E-06   0.047 1.0000 7.0968E-06    984.648
12711.00 0.95462066 1.5318E-32 0.0000E+00 0.0000E+00 2.1412E-08 2.1412E-08 0.0000E+00 0.0000E+00 2.1412E-08 6.37E-06 6.68E-06   0.046 1.0000 7.1406E-06    985.699
12721.00 0.95592237 1.3668E-32 0.0000E+00 0.0000E+00 2.1096E-08 2.1096E-08 0.0000E+00 0.0000E+00 2.1096E-08 6.27E-06 6.56E-06   0.045 1.0000 6.9992E-06    985.559
12731.00 0.95584780 1.3165E-32 0.0000E+00 0.0000E+00 2.1088E-08 2.1088E-08 0.0000E+00 0.0000E+00 2.1088E-08 6.26E-06 6.55E-06   0.045 1.0000 6.9861E-06    986.190
12741.00 0.95580059 1.2466E-32 0.0000E+00 0.0000E+00 2.1470E-08 2.1470E-08 0.0000E+00 0.0000E+00 2.1470E-08 6.36E-06 6.66E-06   0.045 1.0000 7.1028E-06    987.794
12751.00 0.95595145 1.1741E-32 0.0000E+00 0.0000E+00 2.1456E-08 2.1456E-08 0.0000E+00 0.0000E+00 2.1456E-08 6.35E-06 6.64E-06   0.045 1.0000 7.0859E-06    988.410
12761.00 0.95587480 1.1373E-32 0.0000E+00 0.0000E+00 2.0946E-08 2.0946E-08 0.0000E+00 0.0000E+00 2.0946E-08 6.19E-06 6.48E-06   0.045 1.0000 6.9058E-06    987.779
12771.00 0.95591617 1.0852E-32 0.0000E+00 0.0000E+00 2.1374E-08 2.1374E-08 0.0000E+00 0.0000E+00 2.1374E-08 6.31E-06 6.60E-06   0.045 1.0000 7.0362E-06    989.504
12781.00 0.95581204 1.0285E-32 0.0000E+00 0.0000E+00 2.1643E-08 2.1643E-08 0.0000E+00 0.0000E+00 2.1643E-08 6.38E-06 6.67E-06   0.045 1.0000 7.1156E-06    990.822
12791.00 0.95579046 9.7680E-33 0.0000E+00 0.0000E+00 2.1684E-08 2.1684E-08 0.0000E+00 0.0000E+00 2.1684E-08 6.38E-06 6.67E-06   0.045 1.0000 7.1190E-06    991.572
12801.00 0.95576018 9.1804E-33 0.0000E+00 0.0000E+00 2.1357E-08 2.1357E-08 0.0000E+00 0.0000E+00 2.1357E-08 6.27E-06 6.56E-06   0.045 1.0000 7.0016E-06    991.411
12811.00 0.95564157 8.7232E-33 0.0000E+00 0.0000E+00 2.1639E-08 2.1639E-08 0.0000E+00 0.0000E+00 2.1639E-08 6.34E-06 6.64E-06   0.045 1.0000 7.0852E-06    992.762
12821.00 0.95562464 8.4725E-33 0.0000E+00 0.0000E+00 2.1412E-08 2.1412E-08 0.0000E+00 0.0000E+00 2.1412E-08 6.27E-06 6.56E-06   0.045 1.0000 7.0007E-06    992.848
12831.00 0.95549375 8.0891E-33 0.0000E+00 0.0000E+00 2.1702E-08 2.1702E-08 0.0000E+00 0.0000E+00 2.1702E-08 6.34E-06 6.64E-06   0.046 1.0000 7.0866E-06    994.217
12841.00 0.95550728 7.7381E-33 0.0000E+00 0.0000E+00 2.1802E-08 2.1802E-08 0.0000E+00 0.0000E+00 2.1802E-08 6.36E-06 6.66E-06   0.046 1.0000 7.1081E-06    995.112
12851.00 0.95543838 7.4583E-33 0.0000E+00 0.0000E+00 2.1811E-08 2.1811E-08 0.0000E+00 0.0000E+00 2.1811E-08 6.35E-06 6.65E-06   0.046 1.0000 7.1013E-06    995.784
12861.00 0.95537925 7.0592E-33 0.0000E+00 0.0000E+00 2.1401E-08 2.1401E-08 0.0000E+00 0.0000E+00 2.1401E-08 6.22E-06 6.52E-06   0.046 1.0000 6.9577E-06    995.417
12871.00 0.95533556 6.7478E-33 0.0000E+00 0.0000E+00 2.1914E-08 2.1914E-08 0.0000E+00 0.0000E+00 2.1914E-08 6.36E-06 6.66E-06   0.046 1.0000 7.1139E-06    997.336
12881.00 0.95527107 6.4372E-33 0.0000E+00 0.0000E+00 2.1900E-08 2.1900E-08 0.0000E+00 0.0000E+00 2.1900E-08 6.35E-06 6.65E-06   0.046 1.0000 7.0994E-06    997.951
12891.00 0.95519608 6.1580E-33 0.0000E+00 0.0000E+00 2.1914E-08 2.1914E-08 0.0000E+00 0.0000E+00 2.1914E-08 6.34E-06 6.64E-06   0.046 1.0000 7.0944E-06    998.635
12901.00 0.95514232 5.8442E-33 0.0000E+00 0.0000E+00 2.0891E-08 2.0891E-08 0.0000E+00 0.0000E+00 2.0891E-08 6.04E-06 6.32E-06   0.046 1.0000 6.7536E-06    996.719
12911.00 0.95506662 5.6039E-33 0.0000E+00 0.0000E+00 2.1400E-08 2.1400E-08 0.0000E+00 0.0000E+00 2.1400E-08 6.18E-06 6.47E-06   0.046 1.0000 6.9089E-06    998.658
12921.00 0.95501566 5.3240E-33 0.0000E+00 0.0000E+00 2.2037E-08 2.2037E-08 0.0000E+00 0.0000E+00 2.2037E-08 6.35E-06 6.65E-06   0.046 1.0000 7.1049E-06   1000.886
12931.00 0.95494777 5.0356E-33 0.0000E+00 0.0000E+00 2.1940E-08 2.1940E-08 0.0000E+00 0.0000E+00 2.1940E-08 6.31E-06 6.61E-06   0.046 1.0000 7.0646E-06   1001.296
12941.00 0.95487857 4.8549E-33 0.0000E+00 0.0000E+00 2.1436E-08 2.1436E-08 0.0000E+00 0.0000E+00 2.1436E-08 6.16E-06 6.45E-06   0.046 1.0000 6.8949E-06   1000.695
12951.00 0.95481813 4.6618E-33 0.0000E+00 0.0000E+00 2.1753E-08 2.1753E-08 0.0000E+00 0.0000E+00 2.1753E-08 6.24E-06 6.53E-06   0.046 1.0000 6.9877E-06   1002.134
12961.00 0.95475191 4.4593E-33 0.0000E+00 0.0000E+00 2.1489E-08 2.1489E-08 0.0000E+00 0.0000E+00 2.1489E-08 6.15E-06 6.44E-06   0.046 1.0000 6.8945E-06   1002.124
12971.00 0.95468110 4.2705E-33 0.0000E+00 0.0000E+00 2.1920E-08 2.1920E-08 0.0000E+00 0.0000E+00 2.1920E-08 6.27E-06 6.56E-06   0.046 1.0000 7.0270E-06   1003.845
12981.00 0.95457828 4.0298E-33 0.0000E+00 0.0000E+00 2.1796E-08 2.1796E-08 0.0000E+00 0.0000E+00 2.1796E-08 6.22E-06 6.52E-06   0.046 1.0000 6.9958E-06   1004.187
12991.00 0.95440656 3.8978E-33 0.0000E+00 0.0000E+00 2.1647E-08 2.1647E-08 0.0000E+00 0.0000E+00 2.1647E-08 6.17E-06 6.46E-06   0.047 1.0000 6.9674E-06   1004.466
13001.00 0.95401496 3.7665E-33 0.0000E+00 0.0000E+00 2.1605E-08 2.1605E-08 0.0000E+00 0.0000E+00 2.1605E-08 6.15E-06 6.44E-06   0.047 1.0000 6.9977E-06   1005.009
13011.00 0.95283979 3.8495E-33 0.0000E+00 0.0000E+00 2.1665E-08 2.1665E-08 0.0000E+00 0.0000E+00 2.1665E-08 6.15E-06 6.45E-06   0.048 1.0000 7.0635E-06   1005.806
13021.00 0.94956535 4.3489E-33 0.0000E+00 0.0000E+00 2.1256E-08 2.1256E-08 0.0000E+00 0.0000E+00 2.1256E-08 6.03E-06 6.32E-06   0.052 1.0000 7.0503E-06   1005.426
13031.00 0.94277030 5.9789E-33 0.0000E+00 0.0000E+00 2.0972E-08 2.0972E-08 0.0000E+00 0.0000E+00 2.0972E-08 5.93E-06 6.23E-06   0.059 1.0000 7.0771E-06   1005.347
13041.00 0.92880410 1.1527E-32 0.0000E+00 0.0000E+00 1.9248E-08 1.9248E-08 0.0000E+00 0.0000E+00 1.9248E-08 5.43E-06 5.72E-06   0.074 1.0000 6.7057E-06   1001.391
13051.00 0.91494459 1.8164E-32 0.0000E+00 0.0000E+00 1.8299E-08 1.8299E-08 0.0000E+00 0.0000E+00 1.8299E-08 5.14E-06 5.44E-06   0.089 1.0000 6.6213E-06    999.339
13061.00 0.88594162 4.1918E-32 0.0000E+00 0.0000E+00 1.7711E-08 1.7711E-08 0.0000E+00 0.0000E+00 1.7711E-08 4.95E-06 5.28E-06   0.121 1.0000 6.8845E-06    998.246
13071.00 0.83998162 9.5317E-32 0.0000E+00 0.0000E+00 1.6626E-08 1.6626E-08 0.0000E+00 0.0000E+00 1.6626E-08 4.61E-06 4.98E-06   0.174 1.0000 7.1115E-06    995.547
13081.00 0.80101258 1.4621E-31 0.0000E+00 0.0000E+00 1.5148E-08 1.5148E-08 0.0000E+00 0.0000E+00 1.5148E-08 4.15E-06 4.58E-06   0.222 1.0000 7.1104E-06    991.303
13091.00 0.74244970 2.1466E-31 0.0000E+00 0.0000E+00 1.3228E-08 1.3228E-08 0.0000E+00 0.0000E+00 1.3228E-08 3.56E-06 4.05E-06   0.298 1.0000 7.1062E-06    984.913
13101.00 0.70097178 2.7577E-31 0.0000E+00 0.0000E+00 1.2156E-08 1.2156E-08 0.0000E+00 0.0000E+00 1.2156E-08 3.23E-06 3.77E-06   0.355 1.0000 7.1028E-06    981.211
13111.00 0.70654863 2.5464E-31 0.0000E+00 0.0000E+00 1.2637E-08 1.2637E-08 0.0000E+00 0.0000E+00 1.2637E-08 3.35E-06 3.91E-06   0.347 1.0000 7.0290E-06    983.829
13121.00 0.82713079 1.0916E-31 0.0000E+00 0.0000E+00 1.6576E-08 1.6576E-08 0.0000E+00 0.0000E+00 1.6576E-08 4.51E-06 4.98E-06   0.190 1.0000 6.7816E-06    998.589
13131.00 0.69010872 1.9712E-31 0.0000E+00 0.0000E+00 1.1761E-08 1.1761E-08 0.0000E+00 0.0000E+00 1.1761E-08 3.08E-06 3.67E-06   0.371 1.0000 6.9749E-06    981.419
13141.00 0.58264410 2.9523E-31 0.0000E+00 0.0000E+00 7.4912E-09 7.4912E-09 0.0000E+00 0.0000E+00 7.4912E-09 1.87E-06 2.43E-06   0.540 1.0000 7.0062E-06    959.568
13151.00 0.60692954 2.5553E-31 0.0000E+00 0.0000E+00 7.5184E-09 7.5184E-09 0.0000E+00 0.0000E+00 7.5184E-09 1.94E-06 2.36E-06   0.499 1.0000 6.9759E-06    960.363
13161.00 0.81147790 5.8288E-32 0.0000E+00 0.0000E+00 1.2962E-08 1.2962E-08 0.0000E+00 0.0000E+00 1.2962E-08 3.53E-06 3.85E-06   0.209 1.0000 7.0394E-06    988.301
13171.00 0.94585258 2.7504E-33 0.0000E+00 0.0000E+00 2.1530E-08 2.1530E-08 0.0000E+00 0.0000E+00 2.1530E-08 5.96E-06 6.26E-06   0.056 1.0000 7.0248E-06   1015.832
13181.00 0.95317662 1.6165E-33 0.0000E+00 0.0000E+00 2.2028E-08 2.2028E-08 0.0000E+00 0.0000E+00 2.2028E-08 6.09E-06 6.39E-06   0.048 1.0000 6.8540E-06   1017.729
13191.00 0.95319510 1.5358E-33 0.0000E+00 0.0000E+00 2.2599E-08 2.2599E-08 0.0000E+00 0.0000E+00 2.2599E-08 6.24E-06 6.55E-06   0.048 1.0000 7.0170E-06   1019.775
13201.00 0.95317036 1.4638E-33 0.0000E+00 0.0000E+00 2.2506E-08 2.2506E-08 0.0000E+00 0.0000E+00 2.2506E-08 6.21E-06 6.51E-06   0.048 1.0000 6.9786E-06   1020.199
13211.00 0.95313054 1.3858E-33 0.0000E+00 0.0000E+00 2.2534E-08 2.2534E-08 0.0000E+00 0.0000E+00 2.2534E-08 6.20E-06 6.51E-06   0.048 1.0000 6.9776E-06   1020.914
13221.00 0.95305204 1.3232E-33 0.0000E+00 0.0000E+00 2.2492E-08 2.2492E-08 0.0000E+00 0.0000E+00 2.2492E-08 6.18E-06 6.49E-06   0.048 1.0000 6.9558E-06   1021.461
13231.00 0.95295566 1.2643E-33 0.0000E+00 0.0000E+00 2.2399E-08 2.2399E-08 0.0000E+00 0.0000E+00 2.2399E-08 6.15E-06 6.45E-06   0.048 1.0000 6.9184E-06   1021.881
13241.00 0.95289642 1.2124E-33 0.0000E+00 0.0000E+00 2.2802E-08 2.2802E-08 0.0000E+00 0.0000E+00 2.2802E-08 6.25E-06 6.56E-06   0.048 1.0000 7.0339E-06   1023.509
13251.00 0.95283633 1.1533E-33 0.0000E+00 0.0000E+00 2.2897E-08 2.2897E-08 0.0000E+00 0.0000E+00 2.2897E-08 6.27E-06 6.58E-06   0.048 1.0000 7.0541E-06   1024.386
13261.00 0.95273226 1.1152E-33 0.0000E+00 0.0000E+00 2.2995E-08 2.2995E-08 0.0000E+00 0.0000E+00 2.2995E-08 6.28E-06 6.59E-06   0.048 1.0000 7.0756E-06   1025.269
13271.00 0.95268756 1.0565E-33 0.0000E+00 0.0000E+00 2.2787E-08 2.2787E-08 0.0000E+00 0.0000E+00 2.2787E-08 6.22E-06 6.52E-06   0.048 1.0000 7.0026E-06   1025.418
13281.00 0.95260781 9.9975E-34 0.0000E+00 0.0000E+00 2.2615E-08 2.2615E-08 0.0000E+00 0.0000E+00 2.2615E-08 6.16E-06 6.47E-06   0.049 1.0000 6.9412E-06   1025.649
13291.00 0.95254773 9.6867E-34 0.0000E+00 0.0000E+00 2.2563E-08 2.2563E-08 0.0000E+00 0.0000E+00 2.2563E-08 6.14E-06 6.44E-06   0.049 1.0000 6.9165E-06   1026.170
13301.00 0.95240790 9.2825E-34 0.0000E+00 0.0000E+00 2.2893E-08 2.2893E-08 0.0000E+00 0.0000E+00 2.2893E-08 6.22E-06 6.53E-06   0.049 1.0000 7.0096E-06   1027.617
13311.00 0.95240068 8.7854E-34 0.0000E+00 0.0000E+00 2.2224E-08 2.2224E-08 0.0000E+00 0.0000E+00 2.2224E-08 6.03E-06 6.33E-06   0.049 1.0000 6.7959E-06   1026.632
13321.00 0.95223361 8.4549E-34 0.0000E+00 0.0000E+00 2.2933E-08 2.2933E-08 0.0000E+00 0.0000E+00 2.2933E-08 6.21E-06 6.52E-06   0.049 1.0000 7.0050E-06   1029.010
13331.00 0.95223129 8.0115E-34 0.0000E+00 0.0000E+00 2.2752E-08 2.2752E-08 0.0000E+00 0.0000E+00 2.2752E-08 6.15E-06 6.46E-06   0.049 1.0000 6.9407E-06   1029.220
13341.00 0.95221806 7.6648E-34 0.0000E+00 0.0000E+00 2.2262E-08 2.2262E-08 0.0000E+00 0.0000E+00 2.2262E-08 6.01E-06 6.31E-06   0.049 1.0000 6.7825E-06   1028.667
13351.00 0.95213366 7.3040E-34 0.0000E+00 0.0000E+00 2.2974E-08 2.2974E-08 0.0000E+00 0.0000E+00 2.2974E-08 6.19E-06 6.50E-06   0.049 1.0000 6.9903E-06   1031.053
13361.00 0.95208359 6.9791E-34 0.0000E+00 0.0000E+00 2.2868E-08 2.2868E-08 0.0000E+00 0.0000E+00 2.2868E-08 6.15E-06 6.46E-06   0.049 1.0000 6.9490E-06   1031.445
13371.00 0.95198250 6.6398E-34 0.0000E+00 0.0000E+00 2.2874E-08 2.2874E-08 0.0000E+00 0.0000E+00 2.2874E-08 6.14E-06 6.45E-06   0.049 1.0000 6.9428E-06   1032.109
13381.00 0.95188659 6.3327E-34 0.0000E+00 0.0000E+00 2.3036E-08 2.3036E-08 0.0000E+00 0.0000E+00 2.3036E-08 6.18E-06 6.49E-06   0.049 1.0000 6.9829E-06   1033.146
13391.00 0.95175707 6.0417E-34 0.0000E+00 0.0000E+00 2.3074E-08 2.3074E-08 0.0000E+00 0.0000E+00 2.3074E-08 6.18E-06 6.49E-06   0.049 1.0000 6.9856E-06   1033.886
13401.00 0.95176280 5.8188E-34 0.0000E+00 0.0000E+00 2.2925E-08 2.2925E-08 0.0000E+00 0.0000E+00 2.2925E-08 6.13E-06 6.44E-06   0.049 1.0000 6.9311E-06   1034.174
13411.00 0.95162481 5.6022E-34 0.0000E+00 0.0000E+00 2.3169E-08 2.3169E-08 0.0000E+00 0.0000E+00 2.3169E-08 6.18E-06 6.50E-06   0.050 1.0000 6.9973E-06   1035.409
13421.00 0.95160830 5.3275E-34 0.0000E+00 0.0000E+00 2.2704E-08 2.2704E-08 0.0000E+00 0.0000E+00 2.2704E-08 6.05E-06 6.36E-06   0.050 1.0000 6.8463E-06   1034.930
13431.00 0.95151722 5.0606E-34 0.0000E+00 0.0000E+00 2.2436E-08 2.2436E-08 0.0000E+00 0.0000E+00 2.2436E-08 5.97E-06 6.28E-06   0.050 1.0000 6.7587E-06   1034.920
13441.00 0.95142031 4.8022E-34 0.0000E+00 0.0000E+00 2.3194E-08 2.3194E-08 0.0000E+00 0.0000E+00 2.3194E-08 6.16E-06 6.48E-06   0.050 1.0000 6.9782E-06   1037.412
13451.00 0.95138812 4.5786E-34 0.0000E+00 0.0000E+00 2.3241E-08 2.3241E-08 0.0000E+00 0.0000E+00 2.3241E-08 6.17E-06 6.48E-06   0.050 1.0000 6.9805E-06   1038.173
13461.00 0.95098847 4.4757E-34 0.0000E+00 0.0000E+00 2.3019E-08 2.3019E-08 0.0000E+00 0.0000E+00 2.3019E-08 6.10E-06 6.41E-06   0.050 1.0000 6.9145E-06   1038.286
13471.00 0.95084238 4.3278E-34 0.0000E+00 0.0000E+00 2.2231E-08 2.2231E-08 0.0000E+00 0.0000E+00 2.2231E-08 5.88E-06 6.18E-06   0.050 1.0000 6.6706E-06   1036.997
13481.00 0.95071363 4.0975E-34 0.0000E+00 0.0000E+00 2.2276E-08 2.2276E-08 0.0000E+00 0.0000E+00 2.2276E-08 5.88E-06 6.19E-06   0.051 1.0000 6.6756E-06   1037.755
13491.00 0.94996405 4.0249E-34 0.0000E+00 0.0000E+00 2.2206E-08 2.2206E-08 0.0000E+00 0.0000E+00 2.2206E-08 5.85E-06 6.16E-06   0.051 1.0000 6.6588E-06   1038.228
13501.00 0.95039910 3.7726E-34 0.0000E+00 0.0000E+00 2.2918E-08 2.2918E-08 0.0000E+00 0.0000E+00 2.2918E-08 6.03E-06 6.35E-06   0.051 1.0000 6.8511E-06   1040.630
13511.00 0.94904041 3.8052E-34 0.0000E+00 0.0000E+00 2.2868E-08 2.2868E-08 0.0000E+00 0.0000E+00 2.2868E-08 6.01E-06 6.33E-06   0.052 1.0000 6.8479E-06   1041.154
13521.00 0.94713938 3.9310E-34 0.0000E+00 0.0000E+00 2.2831E-08 2.2831E-08 0.0000E+00 0.0000E+00 2.2831E-08 5.98E-06 6.31E-06   0.054 1.0000 6.8549E-06   1041.710
13531.00 0.94768643 3.6752E-34 0.0000E+00 0.0000E+00 2.2158E-08 2.2158E-08 0.0000E+00 0.0000E+00 2.2158E-08 5.80E-06 6.12E-06   0.054 1.0000 6.6352E-06   1040.690
13541.00 0.94479150 3.9614E-34 0.0000E+00 0.0000E+00 2.2718E-08 2.2718E-08 0.0000E+00 0.0000E+00 2.2718E-08 5.93E-06 6.27E-06   0.057 1.0000 6.8288E-06   1042.727
13551.00 0.94707072 3.3731E-34 0.0000E+00 0.0000E+00 2.3331E-08 2.3331E-08 0.0000E+00 0.0000E+00 2.3331E-08 6.09E-06 6.42E-06   0.054 1.0000 6.9678E-06   1044.863
13561.00 0.94270164 3.9350E-34 0.0000E+00 0.0000E+00 2.3260E-08 2.3260E-08 0.0000E+00 0.0000E+00 2.3260E-08 6.05E-06 6.41E-06   0.059 1.0000 6.9805E-06   1045.339
13571.00 0.93992496 4.2998E-34 0.0000E+00 0.0000E+00 2.2987E-08 2.2987E-08 0.0000E+00 0.0000E+00 2.2987E-08 5.96E-06 6.33E-06   0.062 1.0000 6.9293E-06   1045.324
13581.00 0.93568856 4.6669E-34 0.0000E+00 0.0000E+00 2.2727E-08 2.2727E-08 0.0000E+00 0.0000E+00 2.2727E-08 5.87E-06 6.26E-06   0.066 1.0000 6.8674E-06   1045.333
13591.00 0.93997538 3.7419E-34 0.0000E+00 0.0000E+00 2.2789E-08 2.2789E-08 0.0000E+00 0.0000E+00 2.2789E-08 5.89E-06 6.26E-06   0.062 1.0000 6.8280E-06   1046.132
13601.00 0.94331521 3.1203E-34 0.0000E+00 0.0000E+00 2.3090E-08 2.3090E-08 0.0000E+00 0.0000E+00 2.3090E-08 5.97E-06 6.32E-06   0.058 1.0000 6.9178E-06   1047.514
13611.00 0.93921494 3.6929E-34 0.0000E+00 0.0000E+00 2.3288E-08 2.3288E-08 0.0000E+00 0.0000E+00 2.3288E-08 6.00E-06 6.38E-06   0.063 1.0000 6.9838E-06   1048.640
13621.00 0.94425118 2.8292E-34 0.0000E+00 0.0000E+00 2.3625E-08 2.3625E-08 0.0000E+00 0.0000E+00 2.3625E-08 6.09E-06 6.45E-06   0.057 1.0000 7.0039E-06   1050.094
13631.00 0.93751109 3.5422E-34 0.0000E+00 0.0000E+00 2.2963E-08 2.2963E-08 0.0000E+00 0.0000E+00 2.2963E-08 5.89E-06 6.27E-06   0.065 1.0000 6.9291E-06   1049.144
13641.00 0.94177508 2.7468E-34 0.0000E+00 0.0000E+00 2.2770E-08 2.2770E-08 0.0000E+00 0.0000E+00 2.2770E-08 5.85E-06 6.20E-06   0.060 1.0000 6.8141E-06   1049.315
13651.00 0.93460923 3.7590E-34 0.0000E+00 0.0000E+00 2.2791E-08 2.2791E-08 0.0000E+00 0.0000E+00 2.2791E-08 5.82E-06 6.22E-06   0.068 1.0000 6.8293E-06   1050.014
13661.00 0.91891420 5.5369E-34 0.0000E+00 0.0000E+00 2.2277E-08 2.2277E-08 0.0000E+00 0.0000E+00 2.2277E-08 5.65E-06 6.11E-06   0.085 1.0000 6.9146E-06   1049.381
13671.00 0.91559279 5.5106E-34 0.0000E+00 0.0000E+00 2.2089E-08 2.2089E-08 0.0000E+00 0.0000E+00 2.2089E-08 5.58E-06 6.06E-06   0.088 1.0000 6.8594E-06   1049.550
13681.00 0.91812289 5.4838E-34 0.0000E+00 0.0000E+00 2.1810E-08 2.1810E-08 0.0000E+00 0.0000E+00 2.1810E-08 5.52E-06 5.96E-06   0.085 1.0000 6.7477E-06   1049.483
13691.00 0.90715533 6.8527E-34 0.0000E+00 0.0000E+00 2.1973E-08 2.1973E-08 0.0000E+00 0.0000E+00 2.1973E-08 5.53E-06 6.02E-06   0.097 1.0000 6.9298E-06   1050.545
13701.00 0.92147183 4.0577E-34 0.0000E+00 0.0000E+00 2.2587E-08 2.2587E-08 0.0000E+00 0.0000E+00 2.2587E-08 5.70E-06 6.15E-06   0.082 1.0000 6.8895E-06   1052.736
13711.00 0.88285589 1.0988E-33 0.0000E+00 0.0000E+00 2.0385E-08 2.0385E-08 0.0000E+00 0.0000E+00 2.0385E-08 5.07E-06 5.62E-06   0.125 1.0000 6.5819E-06   1047.645
13721.00 0.91265136 6.0570E-34 0.0000E+00 0.0000E+00 2.1741E-08 2.1741E-08 0.0000E+00 0.0000E+00 2.1741E-08 5.46E-06 5.91E-06   0.091 1.0000 6.6556E-06   1051.883
13731.00 0.90079862 6.7445E-34 0.0000E+00 0.0000E+00 2.2076E-08 2.2076E-08 0.0000E+00 0.0000E+00 2.2076E-08 5.50E-06 6.04E-06   0.104 1.0000 6.8519E-06   1053.386
13741.00 0.85774142 1.5868E-33 0.0000E+00 0.0000E+00 2.0838E-08 2.0838E-08 0.0000E+00 0.0000E+00 2.0838E-08 5.11E-06 5.78E-06   0.153 1.0000 6.8890E-06   1050.797
13751.00 0.90507233 8.2375E-34 0.0000E+00 0.0000E+00 2.2679E-08 2.2679E-08 0.0000E+00 0.0000E+00 2.2679E-08 5.66E-06 6.16E-06   0.100 1.0000 6.9714E-06   1056.191
13761.00 0.87205803 1.4350E-33 0.0000E+00 0.0000E+00 2.1478E-08 2.1478E-08 0.0000E+00 0.0000E+00 2.1478E-08 5.30E-06 5.89E-06   0.137 1.0000 6.9003E-06   1053.776
13771.00 0.90918070 4.3082E-34 0.0000E+00 0.0000E+00 2.2186E-08 2.2186E-08 0.0000E+00 0.0000E+00 2.2186E-08 5.51E-06 6.02E-06   0.095 1.0000 6.8340E-06   1056.243
13781.00 0.87296474 1.1998E-33 0.0000E+00 0.0000E+00 2.1494E-08 2.1494E-08 0.0000E+00 0.0000E+00 2.1494E-08 5.28E-06 5.88E-06   0.136 1.0000 6.9166E-06   1055.104
13791.00 0.89422953 7.5187E-34 0.0000E+00 0.0000E+00 2.2029E-08 2.2029E-08 0.0000E+00 0.0000E+00 2.2029E-08 5.44E-06 5.98E-06   0.112 1.0000 6.8767E-06   1057.130
13801.00 0.87020379 1.3982E-33 0.0000E+00 0.0000E+00 2.1344E-08 2.1344E-08 0.0000E+00 0.0000E+00 2.1344E-08 5.25E-06 5.80E-06   0.139 1.0000 6.8804E-06   1055.998
13811.00 0.86907279 1.6370E-33 0.0000E+00 0.0000E+00 2.1668E-08 2.1668E-08 0.0000E+00 0.0000E+00 2.1668E-08 5.31E-06 5.90E-06   0.140 1.0000 6.8949E-06   1057.488
13821.00 0.84373480 1.7099E-33 0.0000E+00 0.0000E+00 2.1128E-08 2.1128E-08 0.0000E+00 0.0000E+00 2.1128E-08 5.12E-06 5.80E-06   0.170 1.0000 6.9471E-06   1056.711
13831.00 0.91034091 4.7713E-34 0.0000E+00 0.0000E+00 2.2899E-08 2.2899E-08 0.0000E+00 0.0000E+00 2.2899E-08 5.65E-06 6.14E-06   0.094 1.0000 6.8800E-06   1061.897
13841.00 0.91770762 3.4437E-34 0.0000E+00 0.0000E+00 2.2434E-08 2.2434E-08 0.0000E+00 0.0000E+00 2.2434E-08 5.55E-06 5.98E-06   0.086 1.0000 6.6572E-06   1061.380
13851.00 0.91986966 2.6871E-34 0.0000E+00 0.0000E+00 2.3226E-08 2.3226E-08 0.0000E+00 0.0000E+00 2.3226E-08 5.73E-06 6.19E-06   0.084 1.0000 6.8689E-06   1063.990
13861.00 0.92269802 2.2908E-34 0.0000E+00 0.0000E+00 2.3237E-08 2.3237E-08 0.0000E+00 0.0000E+00 2.3237E-08 5.73E-06 6.18E-06   0.080 1.0000 6.8448E-06   1064.662
13871.00 0.86013907 1.1732E-33 0.0000E+00 0.0000E+00 2.0876E-08 2.0876E-08 0.0000E+00 0.0000E+00 2.0876E-08 5.05E-06 5.66E-06   0.151 1.0000 6.6067E-06   1059.249
13881.00 0.81365842 1.8115E-33 0.0000E+00 0.0000E+00 2.0305E-08 2.0305E-08 0.0000E+00 0.0000E+00 2.0305E-08 4.82E-06 5.59E-06   0.206 1.0000 6.8443E-06   1058.334
13891.00 0.84950107 9.0720E-34 0.0000E+00 0.0000E+00 2.0876E-08 2.0876E-08 0.0000E+00 0.0000E+00 2.0876E-08 4.99E-06 5.69E-06   0.163 1.0000 6.7708E-06   1060.533
13901.00 0.84855503 8.7094E-34 0.0000E+00 0.0000E+00 2.0262E-08 2.0262E-08 0.0000E+00 0.0000E+00 2.0262E-08 4.84E-06 5.50E-06   0.164 1.0000 6.6271E-06   1059.496
13911.00 0.83380824 1.0994E-33 0.0000E+00 0.0000E+00 1.9590E-08 1.9590E-08 0.0000E+00 0.0000E+00 1.9590E-08 4.68E-06 5.31E-06   0.182 1.0000 6.5880E-06   1058.247
13921.00 0.87961984 6.2419E-34 0.0000E+00 0.0000E+00 2.1148E-08 2.1148E-08 0.0000E+00 0.0000E+00 2.1148E-08 5.12E-06 5.63E-06   0.128 1.0000 6.6696E-06   1063.191
13931.00 0.88930082 3.0233E-34 0.0000E+00 0.0000E+00 2.1471E-08 2.1471E-08 0.0000E+00 0.0000E+00 2.1471E-08 5.18E-06 5.72E-06   0.117 1.0000 6.7975E-06   1064.688
13941.00 0.90970367 1.7040E-34 0.0000E+00 0.0000E+00 2.2372E-08 2.2372E-08 0.0000E+00 0.0000E+00 2.2372E-08 5.42E-06 5.91E-06   0.095 1.0000 6.9216E-06   1067.662
13951.00 0.93122059 8.9085E-35 0.0000E+00 0.0000E+00 2.2510E-08 2.2510E-08 0.0000E+00 0.0000E+00 2.2510E-08 5.50E-06 5.89E-06   0.071 1.0000 6.6387E-06   1068.656
13961.00 0.94141644 5.4978E-35 0.0000E+00 0.0000E+00 2.3860E-08 2.3860E-08 0.0000E+00 0.0000E+00 2.3860E-08 5.84E-06 6.20E-06   0.060 1.0000 6.8145E-06   1072.623
13971.00 0.94372946 4.7935E-35 0.0000E+00 0.0000E+00 2.4102E-08 2.4102E-08 0.0000E+00 0.0000E+00 2.4102E-08 5.90E-06 6.25E-06   0.058 1.0000 6.8419E-06   1073.849
13981.00 0.94108731 5.0925E-35 0.0000E+00 0.0000E+00 2.3388E-08 2.3388E-08 0.0000E+00 0.0000E+00 2.3388E-08 5.71E-06 6.06E-06   0.061 1.0000 6.6525E-06   1072.770
13991.00 0.94154394 4.8490E-35 0.0000E+00 0.0000E+00 2.3662E-08 2.3662E-08 0.0000E+00 0.0000E+00 2.3662E-08 5.77E-06 6.12E-06   0.060 1.0000 6.6990E-06   1074.082
14001.00 0.94336647 4.2166E-35 0.0000E+00 0.0000E+00 2.4447E-08 2.4447E-08 0.0000E+00 0.0000E+00 2.4447E-08 5.96E-06 6.31E-06   0.058 1.0000 6.8966E-06   1076.601
14011.00 0.94416457 3.8943E-35 0.0000E+00 0.0000E+00 2.4389E-08 2.4389E-08 0.0000E+00 0.0000E+00 2.4389E-08 5.94E-06 6.29E-06   0.057 1.0000 6.8603E-06   1077.110
14021.00 0.94414842 3.6620E-35 0.0000E+00 0.0000E+00 2.3842E-08 2.3842E-08 0.0000E+00 0.0000E+00 2.3842E-08 5.79E-06 6.14E-06   0.057 1.0000 6.7046E-06   1076.451
14031.00 0.94562441 3.3150E-35 0.0000E+00 0.0000E+00 2.4301E-08 2.4301E-08 0.0000E+00 0.0000E+00 2.4301E-08 5.90E-06 6.24E-06   0.056 1.0000 6.8054E-06   1078.192
14041.00 0.94505513 3.2249E-35 0.0000E+00 0.0000E+00 2.4269E-08 2.4269E-08 0.0000E+00 0.0000E+00 2.4269E-08 5.88E-06 6.23E-06   0.057 1.0000 6.7943E-06   1078.763
14051.00 0.94553101 3.0228E-35 0.0000E+00 0.0000E+00 2.4293E-08 2.4293E-08 0.0000E+00 0.0000E+00 2.4293E-08 5.88E-06 6.22E-06   0.056 1.0000 6.7860E-06   1079.463
14061.00 0.94453865 2.9816E-35 0.0000E+00 0.0000E+00 2.4340E-08 2.4340E-08 0.0000E+00 0.0000E+00 2.4340E-08 5.88E-06 6.23E-06   0.057 1.0000 6.8011E-06   1080.221
14071.00 0.94390893 2.9104E-35 0.0000E+00 0.0000E+00 2.4750E-08 2.4750E-08 0.0000E+00 0.0000E+00 2.4750E-08 5.97E-06 6.32E-06   0.058 1.0000 6.9130E-06   1081.831
14081.00 0.94358885 2.7862E-35 0.0000E+00 0.0000E+00 2.4799E-08 2.4799E-08 0.0000E+00 0.0000E+00 2.4799E-08 5.97E-06 6.33E-06   0.058 1.0000 6.9222E-06   1082.590
14091.00 0.94507265 2.5002E-35 0.0000E+00 0.0000E+00 2.4607E-08 2.4607E-08 0.0000E+00 0.0000E+00 2.4607E-08 5.92E-06 6.27E-06   0.056 1.0000 6.8480E-06   1082.787
14101.00 0.94429886 2.4649E-35 0.0000E+00 0.0000E+00 2.4319E-08 2.4319E-08 0.0000E+00 0.0000E+00 2.4319E-08 5.84E-06 6.19E-06   0.057 1.0000 6.7686E-06   1082.750
14111.00 0.94444460 2.3342E-35 0.0000E+00 0.0000E+00 2.4288E-08 2.4288E-08 0.0000E+00 0.0000E+00 2.4288E-08 5.83E-06 6.17E-06   0.057 1.0000 6.7405E-06   1083.321
14121.00 0.94171977 2.4604E-35 0.0000E+00 0.0000E+00 2.4885E-08 2.4885E-08 0.0000E+00 0.0000E+00 2.4885E-08 5.95E-06 6.32E-06   0.060 1.0000 6.9338E-06   1085.373
14131.00 0.94251782 2.2790E-35 0.0000E+00 0.0000E+00 2.4877E-08 2.4877E-08 0.0000E+00 0.0000E+00 2.4877E-08 5.94E-06 6.31E-06   0.059 1.0000 6.9114E-06   1086.000
14141.00 0.94351417 2.0827E-35 0.0000E+00 0.0000E+00 2.4082E-08 2.4082E-08 0.0000E+00 0.0000E+00 2.4082E-08 5.75E-06 6.09E-06   0.058 1.0000 6.6690E-06   1084.764
14151.00 0.94158906 2.1292E-35 0.0000E+00 0.0000E+00 2.4604E-08 2.4604E-08 0.0000E+00 0.0000E+00 2.4604E-08 5.86E-06 6.22E-06   0.060 1.0000 6.8364E-06   1086.651
14161.00 0.93985999 2.1605E-35 0.0000E+00 0.0000E+00 2.4581E-08 2.4581E-08 0.0000E+00 0.0000E+00 2.4581E-08 5.84E-06 6.21E-06   0.062 1.0000 6.8263E-06   1087.240
14171.00 0.93860948 2.1593E-35 0.0000E+00 0.0000E+00 2.4530E-08 2.4530E-08 0.0000E+00 0.0000E+00 2.4530E-08 5.82E-06 6.19E-06   0.063 1.0000 6.8218E-06   1087.765
14181.00 0.93866807 2.0665E-35 0.0000E+00 0.0000E+00 2.4879E-08 2.4879E-08 0.0000E+00 0.0000E+00 2.4879E-08 5.89E-06 6.27E-06   0.063 1.0000 6.9162E-06   1089.230
14191.00 0.94245714 1.6926E-35 0.0000E+00 0.0000E+00 2.5050E-08 2.5050E-08 0.0000E+00 0.0000E+00 2.5050E-08 5.93E-06 6.30E-06   0.059 1.0000 6.9005E-06   1090.275
14201.00 0.93272388 2.4612E-35 0.0000E+00 0.0000E+00 2.4371E-08 2.4371E-08 0.0000E+00 0.0000E+00 2.4371E-08 5.74E-06 6.14E-06   0.070 1.0000 6.8083E-06   1089.321
14211.00 0.94213265 1.6211E-35 0.0000E+00 0.0000E+00 2.4745E-08 2.4745E-08 0.0000E+00 0.0000E+00 2.4745E-08 5.85E-06 6.20E-06   0.060 1.0000 6.7993E-06   1090.853
14221.00 0.93630838 1.9767E-35 0.0000E+00 0.0000E+00 2.4549E-08 2.4549E-08 0.0000E+00 0.0000E+00 2.4549E-08 5.78E-06 6.16E-06   0.066 1.0000 6.7995E-06   1091.033
14231.00 0.92592263 2.6863E-35 0.0000E+00 0.0000E+00 2.3858E-08 2.3858E-08 0.0000E+00 0.0000E+00 2.3858E-08 5.58E-06 6.01E-06   0.077 1.0000 6.6909E-06   1090.019
14241.00 0.93047738 2.1980E-35 0.0000E+00 0.0000E+00 2.4244E-08 2.4244E-08 0.0000E+00 0.0000E+00 2.4244E-08 5.67E-06 6.08E-06   0.072 1.0000 6.7352E-06   1091.595
14251.00 0.92728525 2.4269E-35 0.0000E+00 0.0000E+00 2.3616E-08 2.3616E-08 0.0000E+00 0.0000E+00 2.3616E-08 5.51E-06 5.92E-06   0.075 1.0000 6.5845E-06   1090.713
14261.00 0.93494469 1.5750E-35 0.0000E+00 0.0000E+00 2.4467E-08 2.4467E-08 0.0000E+00 0.0000E+00 2.4467E-08 5.72E-06 6.11E-06   0.067 1.0000 6.7582E-06   1093.415
14271.00 0.91999483 2.5808E-35 0.0000E+00 0.0000E+00 2.3974E-08 2.3974E-08 0.0000E+00 0.0000E+00 2.3974E-08 5.55E-06 6.02E-06   0.083 1.0000 6.7184E-06   1092.874
14281.00 0.93252963 1.6992E-35 0.0000E+00 0.0000E+00 2.4325E-08 2.4325E-08 0.0000E+00 0.0000E+00 2.4325E-08 5.66E-06 6.06E-06   0.070 1.0000 6.7221E-06   1094.365
 -9999.
